3810.510986 8.870638e-15
3812.816661 9.009420e-15
3817.428011 9.007629e-15
3819.733686 8.834397e-15
3822.039361 8.834933e-15
3824.345035 8.846754e-15
3826.650710 8.818018e-15
3828.956385 8.691881e-15
3831.262060 8.716047e-15
3833.567735 8.608190e-15
3835.873410 8.649958e-15
3838.179084 8.781824e-15
3840.484759 8.686626e-15
3842.790434 8.669887e-15
3845.096109 8.724239e-15
3847.401784 8.826193e-15
3849.707459 8.946160e-15
3852.013133 8.909625e-15
3854.318808 8.791577e-15
3856.624483 8.655842e-15
3858.930158 8.761140e-15
3861.235833 8.621034e-15
3863.541508 8.439522e-15
3865.847182 8.455165e-15
3868.152857 8.449928e-15
3870.458532 8.484286e-15
3872.764207 8.370455e-15
3875.069882 8.320748e-15
3877.375557 8.497539e-15
3879.681231 8.506166e-15
3881.986906 8.482369e-15
3884.292581 8.519107e-15
3886.598256 8.563020e-15
3888.903931 8.523478e-15
3891.209606 8.523304e-15
3893.515280 8.571465e-15
3895.820955 8.594579e-15
3898.126630 8.554578e-15
3900.432305 8.554539e-15
3902.737980 8.709120e-15
3905.043655 8.654095e-15
3907.349329 8.787105e-15
3909.655004 8.733972e-15
3911.960679 8.687451e-15
3914.266354 8.640651e-15
3916.572029 8.600637e-15
3918.877704 8.595772e-15
3921.183379 8.666891e-15
3923.489053 8.493581e-15
3925.794728 8.492817e-15
3928.100403 8.404455e-15
3930.406078 8.367338e-15
3932.711753 8.415281e-15
3935.017428 8.589866e-15
3937.323102 8.666387e-15
3939.628777 8.664929e-15
3941.934452 8.691973e-15
3944.240127 8.570679e-15
3946.545802 8.236001e-15
3948.851477 7.879073e-15
3951.157151 7.977485e-15
3953.462826 8.258241e-15
3955.768501 8.449890e-15
3958.074176 8.545582e-15
3960.379851 8.553050e-15
3962.685526 8.438647e-15
3964.991200 8.316694e-15
3967.296875 8.354340e-15
3969.602550 8.337440e-15
3971.908225 8.330200e-15
3974.213900 8.275142e-15
3976.519575 8.320161e-15
3978.825249 8.341951e-15
3981.130924 8.134764e-15
3983.436599 7.930376e-15
3985.742274 7.987956e-15
3988.047949 8.171342e-15
3990.353624 8.300431e-15
3992.659298 8.359001e-15
3994.964973 8.315873e-15
3997.270648 8.315427e-15
3999.576323 8.225746e-15
4001.881998 8.118533e-15
4004.187673 8.072081e-15
4006.493348 8.157887e-15
4008.799022 8.252631e-15
4011.104697 8.257400e-15
4013.410372 8.214184e-15
4015.716047 8.143826e-15
4018.021722 8.188831e-15
4020.327397 8.219086e-15
4022.633071 8.273061e-15
4024.938746 8.393913e-15
4027.244421 8.453465e-15
4029.550096 8.484883e-15
4031.855771 8.472271e-15
4034.161446 8.336082e-15
4036.467120 8.337079e-15
4038.772795 8.389750e-15
4041.078470 8.424068e-15
4043.384145 8.533659e-15
4045.689820 8.502104e-15
4047.995495 8.391143e-15
4050.301169 8.477879e-15
4052.606844 8.568277e-15
4054.912519 8.508741e-15
4057.218194 8.580754e-15
4059.523869 8.558912e-15
4061.829544 8.493107e-15
4064.135218 8.540247e-15
4066.440893 8.578987e-15
4068.746568 8.641500e-15
4071.052243 8.648805e-15
4073.357918 8.642453e-15
4075.663593 8.592302e-15
4077.969267 8.618194e-15
4080.274942 8.678815e-15
4082.580617 8.633612e-15
4084.886292 8.600637e-15
4087.191967 8.629409e-15
4089.497642 8.587923e-15
4091.803316 8.612631e-15
4094.108991 8.658981e-15
4096.414666 8.631866e-15
4098.720341 8.533808e-15
4101.026016 8.549206e-15
4103.331691 8.602153e-15
4105.637366 8.589019e-15
4107.943040 8.579110e-15
4110.248715 8.593393e-15
4112.554390 8.634774e-15
4114.860065 8.664935e-15
4117.165740 8.639190e-15
4119.471415 8.624578e-15
4121.777089 8.594077e-15
4124.082764 8.527146e-15
4126.388439 8.519963e-15
4128.694114 8.505142e-15
4130.999789 8.628998e-15
4133.305464 8.660451e-15
4135.611138 8.420982e-15
4137.916813 8.380058e-15
4140.222488 8.496166e-15
4142.528163 8.519318e-15
4144.833838 8.408603e-15
4147.139513 8.353619e-15
4149.445187 8.412975e-15
4151.750862 8.437233e-15
4154.056537 8.315786e-15
4156.362212 8.295738e-15
4158.667887 8.412683e-15
4160.973562 8.359889e-15
4163.279236 8.231968e-15
4165.584911 8.284582e-15
4167.890586 8.272398e-15
4170.196261 8.205174e-15
4172.501936 8.203014e-15
4174.807611 8.249166e-15
4177.113285 8.317496e-15
4179.418960 8.195734e-15
4181.724635 8.108972e-15
4184.030310 8.156918e-15
4186.335985 8.206725e-15
4188.641660 8.243067e-15
4190.947335 8.164818e-15
4193.253009 8.116526e-15
4195.558684 8.066921e-15
4197.864359 8.050579e-15
4200.170034 8.048341e-15
4202.475709 8.018112e-15
4204.781384 7.914901e-15
4207.087058 7.866616e-15
4209.392733 7.832693e-15
4211.698408 7.875268e-15
4214.004083 7.898387e-15
4216.309758 7.797795e-15
4218.615433 7.752378e-15
4220.921107 7.685550e-15
4223.226782 7.617303e-15
4225.532457 7.580938e-15
4227.838132 7.542078e-15
4230.143807 7.513267e-15
4232.449482 7.520069e-15
4234.755156 7.507743e-15
4237.060831 7.429065e-15
4239.366506 7.449993e-15
4241.672181 7.528240e-15
4243.977856 7.591668e-15
4246.283531 7.603526e-15
4248.589205 7.595163e-15
4250.894880 7.636514e-15
4253.200555 7.603694e-15
4255.506230 7.568531e-15
4257.811905 7.632904e-15
4260.117580 7.647728e-15
4262.423254 7.614459e-15
4264.728929 7.637462e-15
4267.034604 7.683130e-15
4269.340279 7.627663e-15
4271.645954 7.626768e-15
4273.951629 7.692045e-15
4276.257303 7.689157e-15
4278.562978 7.732625e-15
4280.868653 7.740984e-15
4283.174328 7.741500e-15
4285.480003 7.727216e-15
4287.785678 7.810256e-15
4290.091353 7.848304e-15
4292.397027 7.860025e-15
4294.702702 7.909681e-15
4297.008377 7.848107e-15
4299.314052 7.828716e-15
4301.619727 7.832072e-15
4303.925402 7.858479e-15
4306.231076 7.925652e-15
4308.536751 7.923701e-15
4310.842426 7.897713e-15
4313.148101 7.868836e-15
4315.453776 7.847677e-15
4317.759451 7.860768e-15
4320.065125 7.865020e-15
4322.370800 7.910551e-15
4324.676475 8.005756e-15
4326.982150 8.094928e-15
4329.287825 7.993918e-15
4331.593500 7.947725e-15
4333.899174 7.908417e-15
4336.204849 7.853873e-15
4338.510524 7.853129e-15
4340.816199 7.847153e-15
4343.121874 7.750904e-15
4345.427549 7.810521e-15
4347.733223 7.776617e-15
4350.038898 7.676768e-15
4352.344573 7.585620e-15
4354.650248 7.481967e-15
4356.955923 7.507999e-15
4359.261598 7.529925e-15
4361.567272 7.506129e-15
4363.872947 7.556957e-15
4366.178622 7.575749e-15
4368.484297 7.542549e-15
4370.789972 7.565230e-15
4373.095647 7.605238e-15
4375.401321 7.619931e-15
4377.706996 7.619914e-15
4380.012671 7.670510e-15
4382.318346 7.683727e-15
4384.624021 7.674301e-15
4386.929696 7.622908e-15
4389.235371 7.629205e-15
4391.541045 7.665414e-15
4393.846720 7.621644e-15
4396.152395 7.602124e-15
4398.458070 7.582391e-15
4400.763745 7.640359e-15
4403.069420 7.717804e-15
4405.375094 7.708787e-15
4407.680769 7.634886e-15
4409.986444 7.564099e-15
4412.292119 7.573579e-15
4414.597794 7.653754e-15
4416.903469 7.601577e-15
4419.209143 7.546153e-15
4421.514818 7.643692e-15
4423.820493 7.547417e-15
4426.126168 7.429985e-15
4428.431843 7.427722e-15
4430.737518 7.369652e-15
4433.043192 7.341460e-15
4435.348867 7.347224e-15
4437.654542 7.225151e-15
4439.960217 7.191730e-15
4442.265892 7.241156e-15
4444.571567 7.101624e-15
4446.877241 6.971523e-15
4449.182916 7.039420e-15
4451.488591 7.053859e-15
4453.794266 7.028243e-15
4456.099941 7.133439e-15
4458.405616 7.201666e-15
4460.711290 7.245146e-15
4463.016965 7.333936e-15
4465.322640 7.442130e-15
4467.628315 7.395802e-15
4469.933990 7.364246e-15
4472.239665 7.321999e-15
4474.545340 7.293702e-15
4476.851014 7.402454e-15
4479.156689 7.409999e-15
4481.462364 7.345988e-15
4483.768039 7.389412e-15
4486.073714 7.503838e-15
4488.379389 7.457541e-15
4490.685063 7.477049e-15
4492.990738 7.427762e-15
4495.296413 7.476172e-15
4497.602088 7.474008e-15
4499.907763 7.449083e-15
4502.213438 7.509065e-15
4504.519112 7.503754e-15
4506.824787 7.439400e-15
4509.130462 7.450568e-15
4511.436137 7.492823e-15
4513.741812 7.581497e-15
4516.047487 7.617070e-15
4518.353161 7.486970e-15
4520.658836 7.397082e-15
4522.964511 7.418970e-15
4525.270186 7.422793e-15
4527.575861 7.410922e-15
4529.881536 7.462592e-15
4532.187210 7.487740e-15
4534.492885 7.424708e-15
4536.798560 7.424175e-15
4539.104235 7.397474e-15
4541.409910 7.367391e-15
4543.715585 7.331558e-15
4546.021259 7.425253e-15
4548.326934 7.554057e-15
4550.632609 7.518690e-15
4552.938284 7.471066e-15
4555.243959 7.435103e-15
4557.549634 7.390074e-15
4559.855308 7.385514e-15
4562.160983 7.448658e-15
4564.466658 7.401578e-15
4566.772333 7.369524e-15
4569.078008 7.490803e-15
4571.383683 7.512452e-15
4573.689358 7.379343e-15
4575.995032 7.349684e-15
4578.300707 7.436084e-15
4580.606382 7.415464e-15
4582.912057 7.292298e-15
4585.217732 7.347106e-15
4587.523407 7.336829e-15
4589.829081 7.365702e-15
4592.134756 7.382063e-15
4594.440431 7.424656e-15
4596.746106 7.398143e-15
4599.051781 7.383509e-15
4601.357456 7.361203e-15
4603.663130 7.332851e-15
4605.968805 7.359293e-15
4608.274480 7.393661e-15
4610.580155 7.349073e-15
4612.885830 7.229237e-15
4615.191505 7.365930e-15
4617.497179 7.419959e-15
4619.802854 7.391031e-15
4622.108529 7.511159e-15
4624.414204 7.530395e-15
4626.719879 7.416015e-15
4629.025554 7.347555e-15
4631.331228 7.334833e-15
4633.636903 7.354059e-15
4635.942578 7.368710e-15
4638.248253 7.403274e-15
4640.553928 7.428452e-15
4642.859603 7.375196e-15
4645.165277 7.332198e-15
4647.470952 7.375610e-15
4649.776627 7.403286e-15
4652.082302 7.400456e-15
4654.387977 7.343529e-15
4656.693652 7.325000e-15
4658.999326 7.304788e-15
4661.305001 7.313151e-15
4663.610676 7.322592e-15
4665.916351 7.302007e-15
4668.222026 7.261767e-15
4670.527701 7.264716e-15
4672.833376 7.210197e-15
4675.139050 7.155872e-15
4677.444725 7.155899e-15
4679.750400 7.171508e-15
4682.056075 7.247736e-15
4684.361750 7.238467e-15
4686.667425 7.143346e-15
4688.973099 7.053226e-15
4691.278774 7.037768e-15
4693.584449 7.037884e-15
4695.890124 7.018369e-15
4698.195799 6.947562e-15
4700.501474 6.894938e-15
4702.807148 6.986319e-15
4705.112823 6.958864e-15
4707.418498 6.921744e-15
4709.724173 7.017920e-15
4712.029848 7.039427e-15
4714.335523 6.963824e-15
4716.641197 6.926164e-15
4718.946872 6.946763e-15
4721.252547 6.879219e-15
4723.558222 6.808120e-15
4725.863897 6.760081e-15
4728.169572 6.714064e-15
4730.475246 6.709173e-15
4732.780921 6.664981e-15
4735.086596 6.629686e-15
4737.392271 6.602415e-15
4739.697946 6.588657e-15
4742.003621 6.646768e-15
4744.309295 6.620840e-15
4746.614970 6.576534e-15
4748.920645 6.571458e-15
4751.226320 6.566380e-15
4753.531995 6.561053e-15
4755.837670 6.618338e-15
4758.143345 6.656617e-15
4760.449019 6.620883e-15
4762.754694 6.620535e-15
4765.060369 6.625097e-15
4767.366044 6.721993e-15
4769.671719 6.729763e-15
4771.977394 6.637945e-15
4774.283068 6.712192e-15
4776.588743 6.798023e-15
4778.894418 6.834710e-15
4781.200093 6.753135e-15
4783.505768 6.719356e-15
4785.811443 6.715000e-15
4788.117117 6.689128e-15
4790.422792 6.667525e-15
4792.728467 6.591708e-15
4795.034142 6.585535e-15
4797.339817 6.605442e-15
4799.645492 6.745000e-15
4801.951166 6.802430e-15
4804.256841 6.786503e-15
4806.562516 6.755482e-15
4808.868191 6.757313e-15
4811.173866 6.816921e-15
4813.479541 6.789792e-15
4815.785215 6.802420e-15
4818.090890 6.773460e-15
4820.396565 6.765181e-15
4822.702240 6.817003e-15
4825.007915 6.870568e-15
4827.313590 6.872800e-15
4829.619264 6.850772e-15
4831.924939 6.882484e-15
4834.230614 6.849513e-15
4836.536289 6.869033e-15
4838.841964 6.896070e-15
4841.147639 6.827206e-15
4843.453313 6.741322e-15
4845.758988 6.758945e-15
4848.064663 6.803021e-15
4850.370338 6.778667e-15
4852.676013 6.782856e-15
4854.981688 6.798861e-15
4857.287363 6.774426e-15
4859.593037 6.735410e-15
4861.898712 6.652940e-15
4864.204387 6.579629e-15
4866.510062 6.621184e-15
4868.815737 6.683784e-15
4871.121412 6.667021e-15
4873.427086 6.659534e-15
4875.732761 6.649280e-15
4878.038436 6.565421e-15
4880.344111 6.544547e-15
4882.649786 6.625217e-15
4884.955461 6.600452e-15
4887.261135 6.562377e-15
4889.566810 6.579164e-15
4891.872485 6.541101e-15
4894.178160 6.423067e-15
4896.483835 6.442959e-15
4898.789510 6.472912e-15
4901.095184 6.439874e-15
4903.400859 6.479983e-15
4905.706534 6.467531e-15
4908.012209 6.462993e-15
4910.317884 6.538611e-15
4912.623559 6.511622e-15
4914.929233 6.514881e-15
4917.234908 6.498375e-15
4919.540583 6.463415e-15
4921.846258 6.453412e-15
4924.151933 6.429747e-15
4926.457608 6.442942e-15
4928.763282 6.528040e-15
4931.068957 6.544186e-15
4933.374632 6.550963e-15
4935.680307 6.591897e-15
4937.985982 6.600557e-15
4940.291657 6.576458e-15
4942.597332 6.563038e-15
4944.903006 6.604515e-15
4947.208681 6.556237e-15
4949.514356 6.486908e-15
4951.820031 6.538776e-15
4954.125706 6.572561e-15
4956.431381 6.582851e-15
4958.737055 6.585938e-15
4961.042730 6.578357e-15
4963.348405 6.560167e-15
4965.654080 6.478271e-15
4967.959755 6.553155e-15
4970.265430 6.599159e-15
4972.571104 6.545447e-15
4974.876779 6.469659e-15
4977.182454 6.445102e-15
4979.488129 6.517069e-15
4981.793804 6.550180e-15
4984.099479 6.505615e-15
4986.405153 6.551259e-15
4988.710828 6.527507e-15
4991.016503 6.511722e-15
4993.322178 6.459480e-15
4995.627853 6.454746e-15
4997.933528 6.452392e-15
5000.239202 6.469168e-15
5002.544877 6.399630e-15
5004.850552 6.396872e-15
5007.156227 6.467078e-15
5009.461902 6.462052e-15
5011.767577 6.455436e-15
5014.073251 6.402223e-15
5016.378926 6.353987e-15
5018.684601 6.407724e-15
5020.990276 6.329506e-15
5023.295951 6.256978e-15
5025.601626 6.165360e-15
5027.907300 6.038327e-15
5030.212975 6.226063e-15
5032.518650 6.304492e-15
5034.824325 6.270030e-15
5037.130000 6.287310e-15
5039.435675 6.358578e-15
5041.741350 6.386637e-15
5044.047024 6.311961e-15
5046.352699 6.275056e-15
5048.658374 6.303811e-15
5050.964049 6.294988e-15
5053.269724 6.235405e-15
5055.575399 6.320196e-15
5057.881073 6.375087e-15
5060.186748 6.315210e-15
5062.492423 6.358104e-15
5064.798098 6.343542e-15
5067.103773 6.299169e-15
5069.409448 6.281755e-15
5071.715122 6.331467e-15
5074.020797 6.368500e-15
5076.326472 6.265604e-15
5078.632147 6.240443e-15
5080.937822 6.266438e-15
5083.243497 6.227758e-15
5085.549171 6.213517e-15
5087.854846 6.209851e-15
5090.160521 6.223571e-15
5092.466196 6.308493e-15
5094.771871 6.287308e-15
5097.077546 6.236824e-15
5099.383220 6.230841e-15
5101.688895 6.240866e-15
5103.994570 6.293363e-15
5106.300245 6.295234e-15
5108.605920 6.262528e-15
5110.911595 6.282469e-15
5113.217269 6.347920e-15
5115.522944 6.314430e-15
5117.828619 6.293643e-15
5120.134294 6.291511e-15
5122.439969 6.229377e-15
5124.745644 6.248389e-15
5127.051318 6.319089e-15
5129.356993 6.270172e-15
5131.662668 6.233239e-15
5133.968343 6.319877e-15
5136.274018 6.377895e-15
5138.579693 6.327910e-15
5140.885368 6.248903e-15
5143.191042 6.259601e-15
5145.496717 6.305607e-15
5147.802392 6.302745e-15
5150.108067 6.304385e-15
5152.413742 6.250895e-15
5154.719417 6.240039e-15
5157.025091 6.285194e-15
5159.330766 6.270723e-15
5161.636441 6.232847e-15
5163.942116 6.273654e-15
5166.247791 6.239140e-15
5168.553466 6.176149e-15
5170.859140 6.164367e-15
5173.164815 6.200270e-15
5175.470490 6.232373e-15
5177.776165 6.222330e-15
5180.081840 6.193551e-15
5182.387515 6.131175e-15
5184.693189 6.136991e-15
5186.998864 6.168017e-15
5189.304539 6.175982e-15
5191.610214 6.188362e-15
5193.915889 6.222817e-15
5196.221564 6.151104e-15
5198.527238 6.133389e-15
5200.832913 6.138637e-15
5203.138588 6.165387e-15
5205.444263 6.178686e-15
5207.749938 6.171600e-15
5210.055613 6.134779e-15
5212.361287 6.121534e-15
5214.666962 6.199755e-15
5216.972637 6.164887e-15
5219.278312 6.147648e-15
5221.583987 6.130460e-15
5223.889662 6.193585e-15
5226.195337 6.198467e-15
5228.501011 6.155015e-15
5230.806686 6.113236e-15
5233.112361 6.139218e-15
5235.418036 6.118230e-15
5237.723711 6.133747e-15
5240.029386 6.178904e-15
5242.335060 6.179515e-15
5244.640735 6.168079e-15
5246.946410 6.137248e-15
5249.252085 6.105276e-15
5251.557760 6.108279e-15
5253.863435 6.169199e-15
5256.169109 6.162019e-15
5258.474784 6.115213e-15
5260.780459 6.066976e-15
5263.086134 6.111797e-15
5265.391809 6.110503e-15
5267.697484 6.080776e-15
5270.003158 6.091557e-15
5272.308833 6.140432e-15
5274.614508 6.086226e-15
5276.920183 6.030780e-15
5279.225858 6.088202e-15
5281.531533 6.010322e-15
5283.837207 5.990834e-15
5286.142882 5.996290e-15
5288.448557 5.969664e-15
5290.754232 5.973311e-15
5293.059907 5.955688e-15
5295.365582 5.919122e-15
5297.671256 5.936539e-15
5299.976931 5.974038e-15
5302.282606 5.955647e-15
5304.588281 5.953225e-15
5306.893956 5.930392e-15
5309.199631 5.907703e-15
5311.505305 5.941042e-15
5313.810980 5.918795e-15
5316.116655 5.931773e-15
5318.422330 5.916732e-15
5320.728005 5.936983e-15
5323.033680 5.888472e-15
5325.339355 5.861002e-15
5327.645029 5.893181e-15
5329.950704 5.887154e-15
5332.256379 5.877387e-15
5334.562054 5.923083e-15
5336.867729 5.934464e-15
5339.173404 5.906630e-15
5341.479078 5.908600e-15
5343.784753 5.942391e-15
5346.090428 5.908399e-15
5348.396103 5.871241e-15
5350.701778 5.882074e-15
5353.007453 5.943464e-15
5355.313127 5.984499e-15
5357.618802 5.936032e-15
5359.924477 5.935220e-15
5362.230152 5.896726e-15
5364.535827 5.867162e-15
5366.841502 5.878457e-15
5369.147176 5.914614e-15
5371.452851 5.929491e-15
5373.758526 5.939483e-15
5376.064201 5.920678e-15
5378.369876 5.891147e-15
5380.675551 5.824458e-15
5382.981225 5.777194e-15
5385.286900 5.762692e-15
5387.592575 5.797566e-15
5389.898250 5.871565e-15
5392.203925 5.899598e-15
5394.509600 5.882746e-15
5396.815274 5.866843e-15
5399.120949 5.876650e-15
5401.426624 5.860198e-15
5403.732299 5.830618e-15
5406.037974 5.825916e-15
5408.343649 5.806115e-15
5410.649323 5.758144e-15
5412.954998 5.768091e-15
5415.260673 5.801600e-15
5417.566348 5.816064e-15
5419.872023 5.782607e-15
5422.177698 5.792621e-15
5424.483373 5.773537e-15
5426.789047 5.748115e-15
5429.094722 5.787027e-15
5431.400397 5.760573e-15
5433.706072 5.697997e-15
5436.011747 5.717877e-15
5438.317422 5.754228e-15
5440.623096 5.712948e-15
5442.928771 5.675270e-15
5445.234446 5.713502e-15
5447.540121 5.721350e-15
5449.845796 5.669746e-15
5452.151471 5.720895e-15
5454.457145 5.741697e-15
5456.762820 5.696405e-15
5459.068495 5.704328e-15
5461.374170 5.712070e-15
5463.679845 5.675339e-15
5465.985520 5.653100e-15
5468.291194 5.663099e-15
5470.596869 5.748262e-15
5472.902544 5.750120e-15
5475.208219 5.736423e-15
5477.513894 5.736008e-15
5479.819569 5.702690e-15
5482.125243 5.690405e-15
5484.430918 5.714213e-15
5486.736593 5.699816e-15
5489.042268 5.650166e-15
5491.347943 5.587395e-15
5493.653618 5.658888e-15
5495.959292 5.689616e-15
5498.264967 5.656529e-15
5500.570642 5.626047e-15
5502.876317 5.634694e-15
5505.181992 5.598028e-15
5507.487667 5.610606e-15
5509.793342 5.640062e-15
5512.099016 5.653252e-15
5514.404691 5.628605e-15
5516.710366 5.607595e-15
5519.016041 5.665048e-15
5521.321716 5.705903e-15
5523.627391 5.633451e-15
5525.933065 5.611419e-15
5528.238740 5.651017e-15
5530.544415 5.668446e-15
5532.850090 5.647509e-15
5535.155765 5.646640e-15
5537.461440 5.622130e-15
5539.767114 5.604314e-15
5542.072789 5.563095e-15
5544.378464 5.593779e-15
5546.684139 5.594586e-15
5548.989814 5.577180e-15
5551.295489 5.546182e-15
5553.601163 5.562661e-15
5555.906838 5.622360e-15
5558.212513 5.662299e-15
5560.518188 5.672909e-15
5562.823863 5.585743e-15
5565.129538 5.605346e-15
5567.435212 5.673441e-15
5569.740887 5.649484e-15
5572.046562 5.633019e-15
5574.352237 5.654609e-15
5576.657912 5.628342e-15
5578.963587 5.639708e-15
5581.269261 5.630581e-15
5583.574936 5.623069e-15
5585.880611 5.608241e-15
5588.186286 5.621924e-15
5590.491961 5.573615e-15
5592.797636 5.548254e-15
5595.103310 5.602428e-15
5597.408985 5.574224e-15
5599.714660 5.551416e-15
5602.020335 5.610356e-15
5604.326010 5.683991e-15
5606.631685 5.625605e-15
5608.937360 5.620893e-15
5611.243034 5.593027e-15
5613.548709 5.580754e-15
5615.854384 5.541428e-15
5618.160059 5.490427e-15
5620.465734 5.540068e-15
5622.771409 5.644647e-15
5625.077083 5.658590e-15
5627.382758 5.594769e-15
5629.688433 5.546313e-15
5631.994108 5.572060e-15
5634.299783 5.598351e-15
5636.605458 5.584445e-15
5638.911132 5.549092e-15
5641.216807 5.526886e-15
5643.522482 5.519073e-15
5645.828157 5.551986e-15
5648.133832 5.576597e-15
5650.439507 5.519445e-15
5652.745181 5.477724e-15
5655.050856 5.481442e-15
5657.356531 5.464727e-15
5659.662206 5.457401e-15
5661.967881 5.511302e-15
5664.273556 5.526773e-15
5666.579230 5.464151e-15
5668.884905 5.427008e-15
5671.190580 5.417204e-15
5673.496255 5.429669e-15
5675.801930 5.406024e-15
5678.107605 5.412630e-15
5680.413279 5.418202e-15
5682.718954 5.400831e-15
5685.024629 5.396564e-15
5687.330304 5.418964e-15
5689.635979 5.418890e-15
5691.941654 5.376421e-15
5694.247329 5.350802e-15
5696.553003 5.351806e-15
5698.858678 5.341988e-15
5701.164353 5.276660e-15
5703.470028 5.292950e-15
5705.775703 5.221944e-15
5708.081378 5.206837e-15
5710.387052 5.248961e-15
5712.692727 5.233216e-15
5714.998402 5.202808e-15
5717.304077 5.173621e-15
5719.609752 5.136076e-15
5721.915427 5.071106e-15
5724.221101 5.072066e-15
5726.526776 5.134383e-15
5728.832451 5.179884e-15
5731.138126 5.164960e-15
5733.443801 5.105057e-15
5735.749476 5.055074e-15
5738.055150 5.042430e-15
5740.360825 5.077893e-15
5742.666500 5.070190e-15
5744.972175 5.127143e-15
5747.277850 5.135557e-15
5749.583525 5.157165e-15
5751.889199 5.163511e-15
5754.194874 5.176396e-15
5756.500549 5.211103e-15
5758.806224 5.169172e-15
5761.111899 5.173194e-15
5763.417574 5.222384e-15
5765.723248 5.165857e-15
5768.028923 5.152946e-15
5770.334598 5.159939e-15
5772.640273 5.152171e-15
5774.945948 5.245623e-15
5777.251623 5.240479e-15
5779.557297 5.201585e-15
5781.862972 5.231281e-15
5784.168647 5.237532e-15
5786.474322 5.213582e-15
5788.779997 5.208608e-15
5791.085672 5.226395e-15
5793.391347 5.158640e-15
5795.697021 5.105407e-15
5798.002696 5.135051e-15
5800.308371 5.059530e-15
5802.614046 5.045443e-15
5804.919721 5.074658e-15
5807.225396 5.075446e-15
5809.531070 5.109204e-15
5811.836745 5.164513e-15
5814.142420 5.225456e-15
5816.448095 5.219736e-15
5818.753770 5.180476e-15
5821.059445 5.189680e-15
5823.365119 5.257201e-15
5825.670794 5.297913e-15
5827.976469 5.266068e-15
5830.282144 5.261903e-15
5832.587819 5.288861e-15
5834.893494 5.211638e-15
5837.199168 5.151496e-15
5839.504843 5.184078e-15
5841.810518 5.210121e-15
5844.116193 5.223708e-15
5846.421868 5.302933e-15
5848.727543 5.289269e-15
5851.033217 5.214712e-15
5853.338892 5.217168e-15
5855.644567 5.172529e-15
5857.950242 5.171481e-15
5860.255917 5.237619e-15
5862.561592 5.247186e-15
5864.867266 5.223566e-15
5867.172941 5.211797e-15
5869.478616 5.266556e-15
5871.784291 5.203218e-15
5874.089966 5.189031e-15
5876.395641 5.110750e-15
5878.701315 5.060401e-15
5881.006990 5.033188e-15
5883.312665 5.067333e-15
5885.618340 5.016165e-15
5887.924015 4.956961e-15
5890.229690 4.968001e-15
5892.535365 5.030898e-15
5894.841039 5.029814e-15
5897.146714 4.967679e-15
5899.452389 5.009819e-15
5901.758064 5.090194e-15
5904.063739 5.088648e-15
5906.369414 5.116780e-15
5908.675088 4.986826e-15
5910.980763 4.738306e-15
5913.286438 4.625303e-15
5915.592113 4.535640e-15
5917.897788 4.472090e-15
5920.203463 4.542293e-15
5922.509137 4.688176e-15
5924.814812 4.917048e-15
5927.120487 5.031012e-15
5929.426162 5.069651e-15
5931.731837 5.043812e-15
5934.037512 5.014441e-15
5936.343186 5.057463e-15
5938.648861 5.033496e-15
5940.954536 5.018889e-15
5943.260211 5.022161e-15
5945.565886 4.906422e-15
5947.871561 4.912463e-15
5950.177235 4.971019e-15
5952.482910 4.959244e-15
5954.788585 4.968930e-15
5957.094260 5.014059e-15
5959.399935 5.007568e-15
5961.705610 4.987893e-15
5964.011284 5.039023e-15
5966.316959 4.996482e-15
5968.622634 4.967078e-15
5970.928309 5.011939e-15
5973.233984 4.977631e-15
5975.539659 4.986341e-15
5977.845334 4.991434e-15
5980.151008 5.005519e-15
5982.456683 4.997554e-15
5984.762358 4.997091e-15
5987.068033 4.944454e-15
5989.373708 4.991669e-15
5991.679383 5.018750e-15
5993.985057 4.955853e-15
5996.290732 4.896974e-15
5998.596407 4.937457e-15
6000.902082 4.986596e-15
6003.207757 4.931841e-15
6005.513432 4.906609e-15
6007.819106 4.917015e-15
6010.124781 4.873521e-15
6012.430456 4.885944e-15
6014.736131 4.918784e-15
6017.041806 4.910530e-15
6019.347481 4.923647e-15
6021.653155 4.954291e-15
6023.958830 4.842348e-15
6026.264505 4.770307e-15
6028.570180 4.832459e-15
6030.875855 4.913739e-15
6033.181530 4.880490e-15
6035.487204 4.804682e-15
6037.792879 4.853211e-15
6040.098554 4.819313e-15
6042.404229 4.815762e-15
6044.709904 4.850060e-15
6047.015579 4.736997e-15
6049.321253 4.733056e-15
6051.626928 4.850327e-15
6053.932603 4.874653e-15
6056.238278 4.905679e-15
6058.543953 4.853265e-15
6060.849628 4.767471e-15
6063.155302 4.777655e-15
6065.460977 4.851976e-15
6067.766652 4.814527e-15
6070.072327 4.688348e-15
6072.378002 4.712208e-15
6074.683677 4.816658e-15
6076.989352 4.791666e-15
6079.295026 4.698045e-15
6081.600701 4.707814e-15
6083.906376 4.752065e-15
6086.212051 4.805599e-15
6088.517726 4.846821e-15
6090.823401 4.795126e-15
6093.129075 4.758595e-15
6095.434750 4.773607e-15
6097.740425 4.762952e-15
6100.046100 4.701339e-15
6102.351775 4.741285e-15
6104.657450 4.832010e-15
6106.963124 4.811628e-15
6109.268799 4.770981e-15
6111.574474 4.722529e-15
6113.880149 4.727256e-15
6116.185824 4.726451e-15
6118.491499 4.705144e-15
6120.797173 4.697829e-15
6123.102848 4.654892e-15
6125.408523 4.679749e-15
6127.714198 4.650901e-15
6130.019873 4.573165e-15
6132.325548 4.581938e-15
6134.631222 4.611339e-15
6136.936897 4.635202e-15
6139.242572 4.578929e-15
6141.548247 4.563435e-15
6143.853922 4.582437e-15
6146.159597 4.526894e-15
6148.465271 4.516050e-15
6150.770946 4.607457e-15
6153.076621 4.653255e-15
6155.382296 4.595904e-15
6157.687971 4.588496e-15
6159.993646 4.644067e-15
6162.299320 4.542892e-15
6164.604995 4.462107e-15
6166.910670 4.523353e-15
6169.216345 4.498675e-15
6171.522020 4.477007e-15
6173.827695 4.527523e-15
6176.133370 4.516436e-15
6178.439044 4.478984e-15
6180.744719 4.425205e-15
6183.050394 4.434997e-15
6185.356069 4.449902e-15
6187.661744 4.418504e-15
6189.967419 4.405736e-15
6192.273093 4.355658e-15
6194.578768 4.361397e-15
6196.884443 4.382264e-15
6199.190118 4.412905e-15
6201.495793 4.447132e-15
6203.801468 4.464631e-15
6206.107142 4.452515e-15
6208.412817 4.481859e-15
6210.718492 4.471294e-15
6213.024167 4.464636e-15
6215.329842 4.435755e-15
6217.635517 4.381846e-15
6219.941191 4.392030e-15
6222.246866 4.366920e-15
6224.552541 4.395445e-15
6226.858216 4.452427e-15
6229.163891 4.417555e-15
6231.469566 4.438104e-15
6233.775240 4.550804e-15
6236.080915 4.520557e-15
6238.386590 4.456239e-15
6240.692265 4.386731e-15
6242.997940 4.358054e-15
6245.303615 4.399081e-15
6247.609289 4.403428e-15
6249.914964 4.425869e-15
6252.220639 4.433499e-15
6254.526314 4.447734e-15
6256.831989 4.417162e-15
6259.137664 4.398879e-15
6261.443339 4.428547e-15
6263.749013 4.431269e-15
6266.054688 4.427677e-15
6268.360363 4.365670e-15
6270.666038 4.348640e-15
6272.971713 4.318185e-15
6275.277388 4.226776e-15
6277.583062 4.249993e-15
6279.888737 4.339704e-15
6282.194412 4.325091e-15
6284.500087 4.294447e-15
6286.805762 4.323520e-15
6289.111437 4.334186e-15
6291.417111 4.250563e-15
6293.722786 4.185110e-15
6296.028461 4.222722e-15
6298.334136 4.236792e-15
6300.639811 4.243213e-15
6302.945486 4.275811e-15
6305.251160 4.240021e-15
6307.556835 4.204726e-15
6309.862510 4.193860e-15
6312.168185 4.194421e-15
6314.473860 4.208093e-15
6316.779535 4.227078e-15
6319.085209 4.326607e-15
6321.390884 4.428778e-15
6323.696559 4.387573e-15
6326.002234 4.391014e-15
6328.307909 4.302456e-15
6330.613584 4.306772e-15
6332.919258 4.412404e-15
6335.224933 4.323480e-15
6337.530608 4.308455e-15
6339.836283 4.293409e-15
6342.141958 4.275528e-15
6344.447633 4.337381e-15
6346.753307 4.350181e-15
6349.058982 4.367642e-15
6351.364657 4.442778e-15
6353.670332 4.371213e-15
6355.976007 4.312571e-15
6358.281682 4.293979e-15
6360.587357 4.347063e-15
6362.893031 4.327839e-15
6365.198706 4.315649e-15
6367.504381 4.352901e-15
6369.810056 4.289795e-15
6372.115731 4.256776e-15
6374.421406 4.250566e-15
6376.727080 4.231616e-15
6379.032755 4.227987e-15
6381.338430 4.152189e-15
6383.644105 4.075307e-15
6385.949780 4.038808e-15
6388.255455 4.023960e-15
6390.561129 4.029327e-15
6392.866804 4.058320e-15
6395.172479 4.025463e-15
6397.478154 4.033566e-15
6399.783829 4.051910e-15
6402.089504 3.997494e-15
6404.395178 4.025803e-15
6406.700853 4.016609e-15
6409.006528 4.039472e-15
6411.312203 4.048072e-15
6413.617878 3.985976e-15
6415.923553 4.005799e-15
6418.229227 4.016637e-15
6420.534902 4.012418e-15
6422.840577 3.973421e-15
6425.146252 4.029511e-15
6427.451927 4.058548e-15
6429.757602 4.045580e-15
6432.063276 4.104299e-15
6434.368951 4.087115e-15
6436.674626 4.059249e-15
6438.980301 4.083855e-15
6441.285976 4.088355e-15
6443.591651 4.084004e-15
6445.897326 4.070303e-15
6448.203000 4.092172e-15
6450.508675 4.063510e-15
6452.814350 4.018269e-15
6455.120025 4.053100e-15
6457.425700 4.090016e-15
6459.731375 4.085334e-15
6462.037049 4.114414e-15
6464.342724 4.113577e-15
6466.648399 4.070487e-15
6468.954074 4.026128e-15
6471.259749 3.975648e-15
6473.565424 3.954328e-15
6475.871098 3.968253e-15
6478.176773 4.018396e-15
6480.482448 4.042776e-15
6482.788123 3.994391e-15
6485.093798 4.010701e-15
6487.399473 4.004595e-15
6489.705147 4.004666e-15
6492.010822 3.971405e-15
6494.316497 3.916273e-15
6496.622172 3.975311e-15
6498.927847 4.002034e-15
6501.233522 3.969705e-15
6503.539196 3.988695e-15
6505.844871 3.986651e-15
6508.150546 3.982528e-15
6510.456221 3.970684e-15
6512.761896 3.902084e-15
6515.067571 3.928592e-15
6517.373245 3.966121e-15
6519.678920 3.928043e-15
6521.984595 3.955897e-15
6524.290270 3.985787e-15
6526.595945 3.944843e-15
6528.901620 3.976682e-15
6531.207294 3.959309e-15
6533.512969 3.932307e-15
6535.818644 4.009420e-15
6538.124319 3.955185e-15
6540.429994 3.899936e-15
6542.735669 3.892449e-15
6545.041344 3.871332e-15
6547.347018 3.921756e-15
6549.652693 3.899453e-15
6551.958368 3.883780e-15
6554.264043 3.907325e-15
6556.569718 3.900218e-15
6558.875393 3.857508e-15
6561.181067 3.838793e-15
6563.486742 3.845774e-15
6565.792417 3.875704e-15
6568.098092 3.860818e-15
6570.403767 3.847674e-15
6572.709442 3.866395e-15
6575.015116 3.827646e-15
6577.320791 3.864476e-15
6579.626466 3.848701e-15
6581.932141 3.834744e-15
6584.237816 3.900490e-15
6586.543491 3.878997e-15
6588.849165 3.828762e-15
6591.154840 3.822382e-15
6593.460515 3.948720e-15
6595.766190 4.076013e-15
6598.071865 4.023680e-15
6600.377540 3.993344e-15
6602.683214 3.977249e-15
6604.988889 3.920427e-15
6607.294564 3.884313e-15
6609.600239 3.881898e-15
6611.905914 3.902290e-15
6614.211589 3.914827e-15
6616.517263 3.951381e-15
6618.822938 3.929406e-15
6621.128613 3.949415e-15
6623.434288 3.961553e-15
6625.739963 3.969591e-15
6628.045638 3.938056e-15
6630.351312 3.896977e-15
6632.656987 3.930904e-15
6634.962662 3.924748e-15
6637.268337 3.859420e-15
6639.574012 3.854694e-15
6641.879687 3.904842e-15
6644.185362 3.872416e-15
6646.491036 3.887106e-15
6648.796711 3.910252e-15
6651.102386 3.831512e-15
6653.408061 3.877377e-15
6655.713736 3.931576e-15
6658.019411 3.879234e-15
6660.325085 3.804790e-15
6662.630760 3.822462e-15
6664.936435 3.886900e-15
6667.242110 3.823955e-15
6669.547785 3.813770e-15
6671.853460 3.898617e-15
6674.159134 3.879295e-15
6676.464809 3.809789e-15
6678.770484 3.800977e-15
6681.076159 3.799673e-15
6683.381834 3.814203e-15
6685.687509 3.787641e-15
6687.993183 3.757335e-15
6690.298858 3.810419e-15
6692.604533 3.845590e-15
6694.910208 3.886070e-15
6697.215883 3.874343e-15
6699.521558 3.819026e-15
6701.827232 3.823542e-15
6704.132907 3.805512e-15
6706.438582 3.757756e-15
6708.744257 3.752728e-15
6711.049932 3.821148e-15
6713.355607 3.803064e-15
6715.661281 3.809404e-15
6717.966956 3.846082e-15
6720.272631 3.744795e-15
6722.578306 3.718941e-15
6724.883981 3.746788e-15
6727.189656 3.756842e-15
6729.495331 3.753609e-15
6731.801005 3.722379e-15
6734.106680 3.765295e-15
6736.412355 3.744508e-15
6738.718030 3.675307e-15
6741.023705 3.741457e-15
6743.329380 3.735606e-15
6745.635054 3.634617e-15
6747.940729 3.649800e-15
6750.246404 3.694650e-15
6752.552079 3.679410e-15
6754.857754 3.661774e-15
6757.163429 3.673367e-15
6759.469103 3.723525e-15
6761.774778 3.741372e-15
6764.080453 3.684361e-15
6766.386128 3.724870e-15
6768.691803 3.707156e-15
6770.997478 3.672938e-15
6773.303152 3.639841e-15
6775.608827 3.645364e-15
6777.914502 3.602888e-15
6780.220177 3.624076e-15
6782.525852 3.645374e-15
6784.831527 3.627619e-15
6787.137201 3.622397e-15
6789.442876 3.617870e-15
6791.748551 3.576980e-15
6794.054226 3.605591e-15
6796.359901 3.640465e-15
6798.665576 3.646172e-15
6800.971250 3.655366e-15
6803.276925 3.641015e-15
6805.582600 3.575137e-15
6807.888275 3.600056e-15
6810.193950 3.572576e-15
6812.499625 3.537805e-15
6814.805299 3.551904e-15
6817.110974 3.616292e-15
6819.416649 3.641156e-15
6821.722324 3.636107e-15
6824.027999 3.624992e-15
6826.333674 3.545141e-15
6828.639349 3.519515e-15
6830.945023 3.568120e-15
6833.250698 3.569448e-15
6835.556373 3.620079e-15
6837.862048 3.586254e-15
6840.167723 3.479501e-15
6842.473398 3.538635e-15
6844.779072 3.515234e-15
6847.084747 3.552019e-15
6849.390422 3.543002e-15
6851.696097 3.595369e-15
6854.001772 3.586221e-15
6856.307447 3.542039e-15
6858.613121 3.513341e-15
6860.918796 3.449397e-15
6863.224471 3.400427e-15
6865.530146 3.352901e-15
6867.835821 3.445168e-15
6870.141496 3.444735e-15
6872.447170 3.401573e-15
6874.752845 3.431720e-15
6877.058520 3.488900e-15
6879.364195 3.417365e-15
6881.669870 3.324295e-15
6883.975545 3.346060e-15
6886.281219 3.353556e-15
6888.586894 3.382900e-15
6890.892569 3.381573e-15
6893.198244 3.320944e-15
6895.503919 3.304340e-15
6897.809594 3.414446e-15
6900.115268 3.424495e-15
6902.420943 3.405792e-15
6904.726618 3.337087e-15
6907.032293 3.384545e-15
6909.337968 3.459475e-15
6911.643643 3.487242e-15
6913.949317 3.384895e-15
6916.254992 3.410103e-15
6918.560667 3.427689e-15
6920.866342 3.365597e-15
6923.172017 3.347926e-15
6925.477692 3.291867e-15
6927.783367 3.309512e-15
6930.089041 3.363662e-15
6932.394716 3.337442e-15
6934.700391 3.358830e-15
6937.006066 3.365520e-15
6939.311741 3.341603e-15
6941.617416 3.335025e-15
6943.923090 3.381476e-15
6946.228765 3.423837e-15
6948.534440 3.515320e-15
6950.840115 3.456454e-15
6953.145790 3.381011e-15
6955.451465 3.378299e-15
6957.757139 3.366094e-15
6960.062814 3.395020e-15
6962.368489 3.469428e-15
6964.674164 3.394301e-15
6966.979839 3.262937e-15
6969.285514 3.324424e-15
6971.591188 3.352692e-15
6973.896863 3.308215e-15
6976.202538 3.311025e-15
6978.508213 3.331605e-15
6980.813888 3.305756e-15
6983.119563 3.332632e-15
6985.425237 3.333588e-15
6987.730912 3.302398e-15
6990.036587 3.293666e-15
6992.342262 3.267044e-15
6994.647937 3.252996e-15
6996.953612 3.241457e-15
6999.259286 3.239341e-15
7001.564961 3.252022e-15
7003.870636 3.276449e-15
7006.176311 3.251418e-15
7008.481986 3.169959e-15
7010.787661 3.148988e-15
7013.093336 3.216377e-15
7015.399010 3.210988e-15
7017.704685 3.200123e-15
7020.010360 3.183689e-15
7022.316035 3.173436e-15
7024.621710 3.199322e-15
7026.927385 3.204725e-15
7029.233059 3.238376e-15
7031.538734 3.270309e-15
7033.844409 3.267990e-15
7036.150084 3.233209e-15
7038.455759 3.126017e-15
7040.761434 3.112307e-15
7043.067108 3.159389e-15
7045.372783 3.100866e-15
7047.678458 3.093452e-15
7049.984133 3.110155e-15
7052.289808 3.099247e-15
7054.595483 3.125269e-15
7056.901157 3.169160e-15
7059.206832 3.156475e-15
7061.512507 3.142514e-15
7063.818182 3.178751e-15
7066.123857 3.213702e-15
7068.429532 3.166834e-15
7070.735206 3.084000e-15
7073.040881 3.126720e-15
7075.346556 3.152726e-15
7077.652231 3.150616e-15
7079.957906 3.155670e-15
7082.263581 3.121502e-15
7084.569255 3.121017e-15
7086.874930 3.105448e-15
7089.180605 3.123333e-15
7091.486280 3.152682e-15
7093.791955 3.166780e-15
7096.097630 3.112955e-15
7098.403304 3.078188e-15
7100.708979 3.144957e-15
7103.014654 3.130321e-15
7105.320329 3.118201e-15
7107.626004 3.163548e-15
7109.931679 3.164692e-15
7112.237354 3.181332e-15
7114.543028 3.177591e-15
7116.848703 3.180254e-15
7119.154378 3.167647e-15
7121.460053 3.104597e-15
7123.765728 3.143632e-15
7126.071403 3.109151e-15
7128.377077 3.162038e-15
7130.682752 3.170070e-15
7132.988427 3.151545e-15
7135.294102 3.156295e-15
7137.599777 3.162484e-15
7139.905452 3.135449e-15
7142.211126 3.144128e-15
7144.516801 3.193531e-15
7146.822476 3.149429e-15
7149.128151 3.089312e-15
7151.433826 3.102961e-15
7153.739501 3.101921e-15
7156.045175 3.122738e-15
7158.350850 3.118519e-15
7160.656525 3.110904e-15
7162.962200 3.098717e-15
7165.267875 3.134557e-15
7167.573550 3.125137e-15
7169.879224 3.113709e-15
7172.184899 3.155197e-15
7174.490574 3.126212e-15
7176.796249 3.147478e-15
7179.101924 3.120434e-15
7181.407599 3.041368e-15
7183.713273 2.973133e-15
7186.018948 3.022558e-15
7188.324623 3.050058e-15
7190.630298 2.986629e-15
7192.935973 3.012671e-15
7195.241648 3.107260e-15
7197.547323 3.096791e-15
7199.852997 3.038762e-15
7202.158672 3.077230e-15
7204.464347 3.158131e-15
7206.770022 3.118409e-15
7209.075697 3.132059e-15
7211.381372 3.097487e-15
7213.687046 3.054443e-15
7215.992721 3.090083e-15
7218.298396 3.058318e-15
7220.604071 3.062694e-15
7222.909746 3.034707e-15
7225.215421 2.960430e-15
7227.521095 2.945241e-15
7229.826770 2.937042e-15
7232.132445 2.969032e-15
7234.438120 2.978045e-15
7236.743795 3.042109e-15
7239.049470 3.071991e-15
7241.355144 3.012659e-15
7243.660819 2.983287e-15
7245.966494 3.008727e-15
7248.272169 2.973248e-15
7250.577844 2.941563e-15
7252.883519 2.973065e-15
7255.189193 3.010449e-15
7257.494868 2.933829e-15
7259.800543 2.908996e-15
7262.106218 2.892665e-15
7264.411893 2.878221e-15
7266.717568 2.929432e-15
7269.023242 2.931420e-15
7271.328917 2.962096e-15
7273.634592 2.951037e-15
7275.940267 2.965900e-15
7278.245942 3.068454e-15
7280.551617 3.071107e-15
7282.857291 3.016343e-15
7285.162966 2.970737e-15
7287.468641 2.942066e-15
7289.774316 3.001564e-15
7292.079991 3.020014e-15
7294.385666 2.933164e-15
7296.691341 2.860967e-15
7298.997015 2.855335e-15
7301.302690 2.801263e-15
7303.608365 2.839260e-15
7305.914040 2.862721e-15
7308.219715 2.890424e-15
7310.525390 2.903454e-15
7312.831064 2.866210e-15
7315.136739 2.964147e-15
7317.442414 3.013957e-15
7319.748089 2.952664e-15
7322.053764 2.998790e-15
7324.359439 3.030891e-15
7326.665113 2.928985e-15
7328.970788 2.871104e-15
7331.276463 2.892372e-15
7333.582138 2.919977e-15
7335.887813 2.909413e-15
7338.193488 2.910862e-15
7340.499162 2.973368e-15
7342.804837 2.943206e-15
7345.110512 2.885917e-15
7347.416187 2.884785e-15
7349.721862 2.905365e-15
7352.027537 2.944658e-15
7354.333211 2.879702e-15
7356.638886 2.905235e-15
7358.944561 2.940917e-15
7361.250236 2.852692e-15
7363.555911 2.792180e-15
7365.861586 2.768419e-15
7368.167260 2.799082e-15
7370.472935 2.862681e-15
7372.778610 2.838630e-15
7375.084285 2.831947e-15
7377.389960 2.835474e-15
7379.695635 2.795364e-15
7382.001309 2.771975e-15
7384.306984 2.746496e-15
7386.612659 2.737770e-15
7388.918334 2.767812e-15
7391.224009 2.786709e-15
7393.529684 2.773278e-15
7395.835359 2.795241e-15
7398.141033 2.832854e-15
7400.446708 2.822168e-15
7402.752383 2.806996e-15
7405.058058 2.836467e-15
7407.363733 2.846973e-15
7409.669408 2.809475e-15
7411.975082 2.821621e-15
7414.280757 2.846823e-15
7416.586432 2.803714e-15
7418.892107 2.856668e-15
7421.197782 2.844116e-15
7423.503457 2.766977e-15
7425.809131 2.768243e-15
7428.114806 2.805531e-15
7430.420481 2.782489e-15
7432.726156 2.784175e-15
7435.031831 2.808134e-15
7437.337506 2.758526e-15
7439.643180 2.769317e-15
7441.948855 2.816476e-15
7444.254530 2.762385e-15
7446.560205 2.717610e-15
7448.865880 2.717573e-15
7451.171555 2.784118e-15
7453.477229 2.819928e-15
7455.782904 2.857152e-15
7458.088579 2.832819e-15
7460.394254 2.750358e-15
7462.699929 2.732891e-15
7465.005604 2.752815e-15
7467.311278 2.724559e-15
7469.616953 2.731656e-15
7471.922628 2.719345e-15
7474.228303 2.732577e-15
7476.533978 2.737073e-15
7478.839653 2.755833e-15
7481.145328 2.740191e-15
7483.451002 2.726554e-15
7485.756677 2.771021e-15
7488.062352 2.795993e-15
7490.368027 2.742005e-15
7492.673702 2.700775e-15
7494.979377 2.678968e-15
7497.285051 2.749059e-15
7499.590726 2.831771e-15
7501.896401 2.860969e-15
7504.202076 2.809517e-15
7506.507751 2.770087e-15
7508.813426 2.796194e-15
7511.119100 2.756874e-15
7513.424775 2.729451e-15
7515.730450 2.767225e-15
7518.036125 2.756172e-15
7520.341800 2.761450e-15
7522.647475 2.832717e-15
7524.953149 2.829058e-15
7527.258824 2.782241e-15
7529.564499 2.731168e-15
7531.870174 2.716768e-15
7534.175849 2.814859e-15
7536.481524 2.841634e-15
7538.787198 2.779086e-15
7541.092873 2.769471e-15
7543.398548 2.770546e-15
7545.704223 2.770167e-15
7548.009898 2.755041e-15
7550.315573 2.742726e-15
7552.621247 2.696717e-15
7554.926922 2.673756e-15
7557.232597 2.724770e-15
7559.538272 2.768684e-15
7561.843947 2.738411e-15
7564.149622 2.709416e-15
7566.455296 2.696788e-15
7568.760971 2.654446e-15
7571.066646 2.707826e-15
7573.372321 2.727659e-15
7575.677996 2.673744e-15
7577.983671 2.746301e-15
7580.289346 2.734221e-15
7582.595020 2.728474e-15
7584.900695 2.736255e-15
7587.206370 2.658948e-15
7589.512045 2.653559e-15
7591.817720 2.648169e-15
7594.123395 2.674707e-15
7596.429069 2.637387e-15
7598.734744 2.633645e-15
7601.040419 2.591224e-15
7603.346094 2.671148e-15
7605.651769 2.622436e-15
7607.957444 2.636418e-15
7610.263118 2.663725e-15
7612.568793 2.685522e-15
7614.874468 2.707323e-15
7617.180143 2.586329e-15
7619.485818 2.585459e-15
7621.791493 2.615878e-15
7624.097167 2.646303e-15
7626.402842 2.676734e-15
7628.708517 2.542373e-15
7631.014192 2.559077e-15
7633.319867 2.575783e-15
7635.625542 2.592491e-15
7637.931216 2.609203e-15
7640.236891 2.625917e-15
7642.542566 2.539160e-15
7644.848241 2.533677e-15
7647.153916 2.680618e-15
7649.459591 2.671895e-15
7651.765265 2.583000e-15
7654.070940 2.597906e-15
7656.376615 2.526996e-15
7658.682290 2.582556e-15
7660.987965 2.601670e-15
7663.293640 2.514903e-15
7665.599314 2.536462e-15
7667.904989 2.553885e-15
7670.210664 2.610798e-15
7672.516339 2.600346e-15
7674.822014 2.521768e-15
7677.127689 2.550668e-15
7679.433364 2.612004e-15
7681.739038 2.674510e-15
7684.044713 2.680948e-15
7686.350388 2.623349e-15
7688.656063 2.604323e-15
7690.961738 2.660531e-15
7693.267413 2.676879e-15
7695.573087 2.680734e-15
7697.878762 2.685422e-15
7700.184437 2.595184e-15
7702.490112 2.520610e-15
7704.795787 2.568834e-15
7707.101462 2.669196e-15
7709.407136 2.625836e-15
7711.712811 2.493610e-15
7714.018486 2.478588e-15
7716.324161 2.587024e-15
7718.629836 2.606533e-15
7720.935511 2.586729e-15
7723.241185 2.541255e-15
7725.546860 2.524223e-15
7727.852535 2.574260e-15
7730.158210 2.555803e-15
7732.463885 2.542192e-15
7734.769560 2.532586e-15
7737.075234 2.594305e-15
7739.380909 2.533763e-15
7741.686584 2.472776e-15
7743.992259 2.491233e-15
7746.297934 2.428143e-15
7748.603609 2.466101e-15
7750.909283 2.490935e-15
7753.214958 2.520874e-15
7755.520633 2.459656e-15
7757.826308 2.428047e-15
7760.131983 2.423945e-15
7762.437658 2.402104e-15
7764.743333 2.396943e-15
7767.049007 2.432834e-15
7769.354682 2.458367e-15
7771.660357 2.461190e-15
7773.966032 2.465769e-15
7776.271707 2.483073e-15
7778.577382 2.492969e-15
7780.883056 2.490750e-15
7783.188731 2.466517e-15
7785.494406 2.433422e-15
7787.800081 2.460643e-15
7790.105756 2.440683e-15
7792.411431 2.399665e-15
7794.717105 2.448666e-15
7797.022780 2.460595e-15
7799.328455 2.413068e-15
7801.634130 2.423683e-15
7803.939805 2.430909e-15
7806.245480 2.454746e-15
7808.551154 2.444516e-15
7810.856829 2.473793e-15
7813.162504 2.603614e-15
7815.468179 2.631702e-15
7817.773854 2.574808e-15
7820.079529 2.455071e-15
7822.385203 2.460394e-15
7824.690878 2.419066e-15
7826.996553 2.474238e-15
7829.302228 2.435732e-15
7831.607903 2.463360e-15
7833.913578 2.404202e-15
7836.219252 2.440626e-15
7838.524927 2.417526e-15
7840.830602 2.464480e-15
7843.136277 2.468299e-15
7845.441952 2.516640e-15
7847.747627 2.443314e-15
7850.053301 2.450245e-15
7852.358976 2.508258e-15
7854.664651 2.438851e-15
7856.970326 2.393585e-15
7859.276001 2.365374e-15
7861.581676 2.332251e-15
7863.887351 2.329354e-15
7866.193025 2.317475e-15
7868.498700 2.368417e-15
7870.804375 2.325271e-15
7873.110050 2.358544e-15
7875.415725 2.361172e-15
7877.721400 2.323843e-15
7880.027074 2.357273e-15
7882.332749 2.294706e-15
7884.638424 2.163358e-15
7886.944099 2.187999e-15
7889.249774 2.310339e-15
7891.555449 2.368058e-15
7893.861123 2.341290e-15
7896.166798 2.298032e-15
7898.472473 2.305861e-15
7900.778148 2.320559e-15
7903.083823 2.305011e-15
7905.389498 2.250127e-15
7907.695172 2.237843e-15
7910.000847 2.252147e-15
7912.306522 2.280486e-15
7914.612197 2.271549e-15
7916.917872 2.287188e-15
7919.223547 2.334069e-15
7921.529221 2.318424e-15
7923.834896 2.260621e-15
7926.140571 2.245399e-15
7928.446246 2.350917e-15
7930.751921 2.345098e-15
7933.057596 2.305334e-15
7935.363270 2.337465e-15
7937.668945 2.305677e-15
