5268.080078 1.449937e-14
5269.610455 1.447440e-14
5271.140833 1.444931e-14
5272.671210 1.418866e-14
5274.201587 1.433101e-14
5275.731964 1.391205e-14
5277.262342 1.474599e-14
5278.792719 1.470912e-14
5280.323096 1.472996e-14
5281.853474 1.491778e-14
5283.383851 1.537648e-14
5284.914228 1.543235e-14
5286.444605 1.508210e-14
5287.974983 1.513434e-14
5289.505360 1.566941e-14
5291.035737 1.571492e-14
5292.566114 1.583086e-14
5294.096492 1.521261e-14
5295.626869 1.570867e-14
5297.157246 1.564850e-14
5298.687624 1.533349e-14
5300.218001 1.608744e-14
5301.748378 1.559927e-14
5303.278755 1.628001e-14
5304.809133 1.574990e-14
5306.339510 1.634951e-14
5307.869887 1.596667e-14
5309.400264 1.561526e-14
5310.930642 1.584746e-14
5312.461019 1.635783e-14
5313.991396 1.561926e-14
5315.521773 1.588444e-14
5317.052151 1.635533e-14
5318.582528 1.623520e-14
5320.112905 1.611574e-14
5321.643283 1.511297e-14
5323.173660 1.657994e-14
5324.704037 1.556059e-14
5326.234414 1.687468e-14
5327.764792 1.628936e-14
5329.295169 1.673639e-14
5330.825546 1.620674e-14
5332.355923 1.615224e-14
5333.886301 1.614550e-14
5335.416678 1.610177e-14
5336.947055 1.621882e-14
5338.477432 1.642592e-14
5340.007810 1.608767e-14
5341.538187 1.652979e-14
5343.068564 1.658168e-14
5344.598942 1.639054e-14
5346.129319 1.644089e-14
5347.659696 1.607187e-14
5349.190073 1.612821e-14
5350.720451 1.617227e-14
5352.250828 1.598668e-14
5353.781205 1.594535e-14
5355.311582 1.502321e-14
5356.841960 1.621550e-14
5358.372337 1.600811e-14
5359.902714 1.619794e-14
5361.433092 1.556511e-14
5362.963469 1.630808e-14
5364.493846 1.581883e-14
5366.024223 1.542608e-14
5367.554601 1.655283e-14
5369.084978 1.628844e-14
5370.615355 1.595253e-14
5372.145732 1.642001e-14
5373.676110 1.626813e-14
5375.206487 1.644200e-14
5376.736864 1.591341e-14
5378.267241 1.667531e-14
5379.797619 1.638849e-14
5381.327996 1.655159e-14
5382.858373 1.641440e-14
5384.388751 1.697974e-14
5385.919128 1.661941e-14
5387.449505 1.656943e-14
5388.979882 1.644796e-14
5390.510260 1.708338e-14
5392.040637 1.652579e-14
5393.571014 1.685191e-14
5395.101391 1.671441e-14
5396.631769 1.680767e-14
5398.162146 1.709648e-14
5399.692523 1.732950e-14
5401.222901 1.696774e-14
5402.753278 1.706217e-14
5404.283655 1.667358e-14
5405.814032 1.689365e-14
5407.344410 1.661764e-14
5408.874787 1.669729e-14
5410.405164 1.685308e-14
5411.935541 1.661095e-14
5413.465919 1.658359e-14
5414.996296 1.638816e-14
5416.526673 1.632756e-14
5418.057050 1.648102e-14
5419.587428 1.617940e-14
5421.117805 1.622384e-14
5422.648182 1.625980e-14
5424.178560 1.562573e-14
5425.708937 1.654979e-14
5427.239314 1.626192e-14
5428.769691 1.557750e-14
5430.300069 1.563658e-14
5431.830446 1.566281e-14
5433.360823 1.603539e-14
5434.891200 1.579448e-14
5436.421578 1.544122e-14
5437.951955 1.557680e-14
5439.482332 1.559155e-14
5441.012709 1.545667e-14
5442.543087 1.516321e-14
5444.073464 1.519338e-14
5445.603841 1.560583e-14
5447.134219 1.522795e-14
5448.664596 1.504499e-14
5450.194973 1.497273e-14
5451.725350 1.491022e-14
5453.255728 1.495548e-14
5454.786105 1.493717e-14
5456.316482 1.411414e-14
5457.846859 1.506358e-14
5459.377237 1.443095e-14
5460.907614 1.450289e-14
5462.437991 1.436175e-14
5463.968369 1.446551e-14
5465.498746 1.475034e-14
5467.029123 1.405479e-14
5468.559500 1.475592e-14
5470.089878 1.466129e-14
5471.620255 1.455056e-14
5473.150632 1.439556e-14
5474.681009 1.462556e-14
5476.211387 1.480994e-14
5477.741764 1.466215e-14
5479.272141 1.523220e-14
5480.802518 1.496090e-14
5482.332896 1.516063e-14
5483.863273 1.528495e-14
5485.393650 1.539695e-14
5486.924028 1.560881e-14
5488.454405 1.563519e-14
5489.984782 1.594491e-14
5491.515159 1.632559e-14
5493.045537 1.637744e-14
5494.575914 1.571025e-14
5496.106291 1.636110e-14
5497.636668 1.658520e-14
5499.167046 1.612477e-14
5500.697423 1.706247e-14
5502.227800 1.661960e-14
5503.758178 1.667980e-14
5505.288555 1.642986e-14
5506.818932 1.695987e-14
5508.349309 1.648251e-14
5509.879687 1.704943e-14
5511.410064 1.679597e-14
5512.940441 1.702830e-14
5514.470818 1.703972e-14
5516.001196 1.652333e-14
5517.531573 1.695436e-14
5519.061950 1.714650e-14
5520.592327 1.682844e-14
5522.122705 1.684496e-14
5523.653082 1.680741e-14
5525.183459 1.691611e-14
5526.713837 1.687963e-14
5528.244214 1.704631e-14
5529.774591 1.640026e-14
5531.304968 1.652953e-14
5532.835346 1.690005e-14
5534.365723 1.625116e-14
5535.896100 1.636891e-14
5537.426477 1.667462e-14
5538.956855 1.605581e-14
5540.487232 1.627258e-14
5542.017609 1.641070e-14
5543.547987 1.638424e-14
5545.078364 1.638284e-14
5546.608741 1.647438e-14
5548.139118 1.664009e-14
5549.669496 1.599795e-14
5551.199873 1.614155e-14
5552.730250 1.586355e-14
5554.260627 1.646904e-14
5555.791005 1.624832e-14
5557.321382 1.610461e-14
5558.851759 1.631903e-14
5560.382136 1.578865e-14
5561.912514 1.602076e-14
5563.442891 1.578082e-14
5564.973268 1.556946e-14
5566.503646 1.618279e-14
5568.034023 1.549274e-14
5569.564400 1.515124e-14
5571.094777 1.557060e-14
5572.625155 1.510821e-14
5574.155532 1.472469e-14
5575.685909 1.491156e-14
5577.216286 1.466503e-14
5578.746664 1.457190e-14
5580.277041 1.421843e-14
5581.807418 1.469478e-14
5583.337795 1.421836e-14
5584.868173 1.379879e-14
5586.398550 1.399862e-14
5587.928927 1.388115e-14
5589.459305 1.401689e-14
5590.989682 1.349766e-14
5592.520059 1.340644e-14
5594.050436 1.357918e-14
5595.580814 1.324764e-14
5597.111191 1.333632e-14
5598.641568 1.349985e-14
5600.171945 1.298804e-14
5601.702323 1.319289e-14
5603.232700 1.326636e-14
5604.763077 1.332477e-14
5606.293455 1.348127e-14
5607.823832 1.320068e-14
5609.354209 1.342935e-14
5610.884586 1.348179e-14
5612.414964 1.337307e-14
5613.945341 1.410148e-14
5615.475718 1.413390e-14
5617.006095 1.389901e-14
5618.536473 1.329830e-14
5620.066850 1.389832e-14
5621.597227 1.424351e-14
5623.127604 1.432499e-14
5624.657982 1.450216e-14
5626.188359 1.479522e-14
5627.718736 1.454792e-14
5629.249114 1.424111e-14
5630.779491 1.458671e-14
5632.309868 1.435986e-14
5633.840245 1.475912e-14
5635.370623 1.503541e-14
5636.901000 1.483984e-14
5638.431377 1.505779e-14
5639.961754 1.512343e-14
5641.492132 1.545911e-14
5643.022509 1.526496e-14
5644.552886 1.538608e-14
5646.083264 1.560039e-14
5647.613641 1.592105e-14
5649.144018 1.561403e-14
5650.674395 1.521348e-14
5652.204773 1.620424e-14
5653.735150 1.604918e-14
5655.265527 1.580573e-14
5656.795904 1.578192e-14
5658.326282 1.609479e-14
5659.856659 1.586400e-14
5661.387036 1.607205e-14
5662.917413 1.592908e-14
5664.447791 1.578942e-14
5665.978168 1.576161e-14
5667.508545 1.569209e-14
5669.038923 1.542868e-14
5670.569300 1.590129e-14
5672.099677 1.546345e-14
5673.630054 1.563267e-14
5675.160432 1.578918e-14
5676.690809 1.575646e-14
5678.221186 1.570781e-14
5679.751563 1.493706e-14
5681.281941 1.622954e-14
5682.812318 1.605901e-14
5684.342695 1.592282e-14
5685.873073 1.591201e-14
5687.403450 1.561256e-14
5688.933827 1.569297e-14
5690.464204 1.569565e-14
5691.994582 1.575795e-14
5693.524959 1.581165e-14
5695.055336 1.603730e-14
5696.585713 1.524971e-14
5698.116091 1.542205e-14
5699.646468 1.560193e-14
5701.176845 1.590258e-14
5702.707222 1.558611e-14
5704.237600 1.473300e-14
5705.767977 1.552121e-14
5707.298354 1.498893e-14
5708.828732 1.555012e-14
5710.359109 1.493520e-14
5711.889486 1.535972e-14
5713.419863 1.519236e-14
5714.950241 1.561591e-14
5716.480618 1.505064e-14
5718.010995 1.504733e-14
5719.541372 1.491517e-14
5721.071750 1.505896e-14
5722.602127 1.487341e-14
5724.132504 1.521308e-14
5725.662881 1.515728e-14
5727.193259 1.474839e-14
5728.723636 1.488660e-14
5730.254013 1.550556e-14
5731.784391 1.469148e-14
5733.314768 1.522300e-14
5734.845145 1.450580e-14
5736.375522 1.511924e-14
5737.905900 1.493912e-14
5739.436277 1.473884e-14
5740.966654 1.504990e-14
5742.497031 1.472059e-14
5744.027409 1.470074e-14
5745.557786 1.508238e-14
5747.088163 1.483429e-14
5748.618541 1.501315e-14
5750.148918 1.446737e-14
5751.679295 1.472015e-14
5753.209672 1.502580e-14
5754.740050 1.498357e-14
5756.270427 1.458727e-14
5757.800804 1.462440e-14
5759.331181 1.425305e-14
5760.861559 1.501691e-14
5762.391936 1.460513e-14
5763.922313 1.477791e-14
5765.452690 1.446975e-14
5766.983068 1.497971e-14
5768.513445 1.471304e-14
5770.043822 1.515297e-14
5771.574200 1.449829e-14
5773.104577 1.458569e-14
5774.634954 1.440957e-14
5776.165331 1.450876e-14
5777.695709 1.475508e-14
5779.226086 1.515093e-14
5780.756463 1.460097e-14
5782.286840 1.479420e-14
5783.817218 1.489088e-14
5785.347595 1.478108e-14
5786.877972 1.485428e-14
5788.408350 1.462524e-14
5789.938727 1.462177e-14
5791.469104 1.464835e-14
5792.999481 1.465630e-14
5794.529859 1.468782e-14
5796.060236 1.477920e-14
5797.590613 1.411681e-14
5799.120990 1.425998e-14
5800.651368 1.453221e-14
5802.181745 1.458075e-14
5803.712122 1.427272e-14
5805.242499 1.443934e-14
5806.772877 1.454912e-14
5808.303254 1.423370e-14
5809.833631 1.408563e-14
5811.364009 1.424326e-14
5812.894386 1.407853e-14
5814.424763 1.357967e-14
5815.955140 1.389330e-14
5817.485518 1.389676e-14
5819.015895 1.391014e-14
5820.546272 1.389295e-14
5822.076649 1.352099e-14
5823.607027 1.359433e-14
5825.137404 1.359688e-14
5826.667781 1.325451e-14
5828.198159 1.333242e-14
5829.728536 1.303902e-14
5831.258913 1.353263e-14
5832.789290 1.289104e-14
5834.319668 1.333463e-14
5835.850045 1.354404e-14
5837.380422 1.349878e-14
5838.910799 1.385898e-14
5840.441177 1.343746e-14
5841.971554 1.401806e-14
5843.501931 1.415535e-14
5845.032308 1.392256e-14
5846.562686 1.385977e-14
5848.093063 1.416538e-14
5849.623440 1.414550e-14
5851.153818 1.454584e-14
5852.684195 1.394625e-14
5854.214572 1.393764e-14
5855.744949 1.449681e-14
5857.275327 1.425186e-14
5858.805704 1.480292e-14
5860.336081 1.436464e-14
5861.866458 1.438850e-14
5863.396836 1.492305e-14
5864.927213 1.453819e-14
5866.457590 1.450912e-14
5867.987967 1.490888e-14
5869.518345 1.486026e-14
5871.048722 1.452740e-14
5872.579099 1.473504e-14
5874.109477 1.479169e-14
5875.639854 1.492028e-14
5877.170231 1.456153e-14
5878.700608 1.483656e-14
5880.230986 1.485479e-14
5881.761363 1.477252e-14
5883.291740 1.487063e-14
5884.822117 1.483599e-14
5886.352495 1.492980e-14
5887.882872 1.478213e-14
5889.413249 1.455023e-14
5890.943627 1.476003e-14
5892.474004 1.449112e-14
5894.004381 1.463502e-14
5895.534758 1.405802e-14
5897.065136 1.458704e-14
5898.595513 1.452080e-14
5900.125890 1.489079e-14
5901.656267 1.468874e-14
5903.186645 1.467957e-14
5904.717022 1.472219e-14
5906.247399 1.487008e-14
5907.777776 1.502328e-14
5909.308154 1.479080e-14
5910.838531 1.494967e-14
5912.368908 1.475413e-14
5913.899286 1.449283e-14
5915.429663 1.465444e-14
5916.960040 1.471755e-14
5918.490417 1.510643e-14
5920.020795 1.456701e-14
5921.551172 1.434202e-14
5923.081549 1.448870e-14
5924.611926 1.478205e-14
5926.142304 1.439650e-14
5927.672681 1.433328e-14
5929.203058 1.452430e-14
5930.733436 1.458353e-14
5932.263813 1.460312e-14
5933.794190 1.464005e-14
5935.324567 1.426957e-14
5936.854945 1.431434e-14
5938.385322 1.463271e-14
5939.915699 1.465906e-14
5941.446076 1.433426e-14
5942.976454 1.461577e-14
5944.506831 1.529688e-14
5946.037208 1.606641e-14
5947.567585 1.647762e-14
5949.097963 1.619204e-14
5950.628340 1.489198e-14
5952.158717 1.479124e-14
5953.689095 1.427224e-14
5955.219472 1.418442e-14
5956.749849 1.425247e-14
5958.280226 1.415562e-14
5959.810604 1.436348e-14
5961.340981 1.430113e-14
5962.871358 1.388334e-14
5964.401735 1.399097e-14
5965.932113 1.449368e-14
5967.462490 1.401608e-14
5968.992867 1.442048e-14
5970.523245 1.438210e-14
5972.053622 1.421570e-14
5973.583999 1.397297e-14
5975.114376 1.428872e-14
5976.644754 1.424218e-14
5978.175131 1.424065e-14
5979.705508 1.407007e-14
5981.235885 1.422991e-14
5982.766263 1.468529e-14
5984.296640 1.436867e-14
5985.827017 1.388958e-14
5987.357394 1.451307e-14
5988.887772 1.434851e-14
5990.418149 1.430141e-14
5991.948526 1.424588e-14
5993.478904 1.455471e-14
5995.009281 1.438519e-14
5996.539658 1.459702e-14
5998.070035 1.434103e-14
5999.600413 1.407841e-14
6001.130790 1.471343e-14
6002.661167 1.460510e-14
6004.191544 1.444930e-14
6005.721922 1.471717e-14
6007.252299 1.423188e-14
6008.782676 1.429195e-14
6010.313053 1.433082e-14
6011.843431 1.433748e-14
6013.373808 1.422268e-14
6014.904185 1.463003e-14
6016.434563 1.439660e-14
6017.964940 1.410280e-14
6019.495317 1.428296e-14
6021.025694 1.492199e-14
6022.556072 1.446992e-14
6024.086449 1.662395e-14
6025.616826 1.593904e-14
6027.147203 1.437877e-14
6028.677581 1.400908e-14
6030.207958 1.403385e-14
6031.738335 1.427694e-14
6033.268713 1.449210e-14
6034.799090 1.422216e-14
6036.329467 1.401432e-14
6037.859844 1.414173e-14
6039.390222 1.413064e-14
6040.920599 1.414969e-14
6042.450976 1.433611e-14
6043.981353 1.417254e-14
6045.511731 1.419519e-14
6047.042108 1.405741e-14
6048.572485 1.440487e-14
6050.102862 1.462052e-14
6051.633240 1.418602e-14
6053.163617 1.450601e-14
6054.693994 1.431432e-14
6056.224372 1.410453e-14
6057.754749 1.407645e-14
6059.285126 1.421797e-14
6060.815503 1.420475e-14
6062.345881 1.409868e-14
6063.876258 1.414399e-14
6065.406635 1.417706e-14
6066.937012 1.433394e-14
6068.467390 1.423392e-14
6069.997767 1.388888e-14
6071.528144 1.440460e-14
6073.058522 1.419381e-14
6074.588899 1.387861e-14
6076.119276 1.443491e-14
6077.649653 1.439330e-14
6079.180031 1.390018e-14
6080.710408 1.423100e-14
6082.240785 1.444801e-14
6083.771162 1.437016e-14
6085.301540 1.416498e-14
6086.831917 1.409471e-14
6088.362294 1.388690e-14
6089.892671 1.387642e-14
6091.423049 1.365797e-14
6092.953426 1.390445e-14
6094.483803 1.347727e-14
6096.014181 1.372310e-14
6097.544558 1.389496e-14
6099.074935 1.431315e-14
6100.605312 1.409151e-14
6102.135690 1.409261e-14
6103.666067 1.390525e-14
6105.196444 1.432073e-14
6106.726821 1.377223e-14
6108.257199 1.402889e-14
6109.787576 1.394740e-14
6111.317953 1.418378e-14
6112.848330 1.395115e-14
6114.378708 1.412325e-14
6115.909085 1.444199e-14
6117.439462 1.415264e-14
6118.969840 1.411747e-14
6120.500217 1.429265e-14
6122.030594 1.426524e-14
6123.560971 1.420829e-14
6125.091349 1.421991e-14
6126.621726 1.449161e-14
6128.152103 1.427945e-14
6129.682480 1.425514e-14
6131.212858 1.441288e-14
6132.743235 1.441991e-14
6134.273612 1.427698e-14
6135.803990 1.448308e-14
6137.334367 1.446354e-14
6138.864744 1.424724e-14
6140.395121 1.402015e-14
6141.925499 1.466560e-14
6143.455876 1.447571e-14
6144.986253 1.465397e-14
6146.516630 1.428166e-14
6148.047008 1.438849e-14
6149.577385 1.414466e-14
6151.107762 1.420950e-14
6152.638139 1.376887e-14
6154.168517 1.437459e-14
6155.698894 1.386710e-14
6157.229271 1.417870e-14
6158.759649 1.440710e-14
6160.290026 1.394893e-14
6161.820403 1.386291e-14
6163.350780 1.360917e-14
6164.881158 1.342805e-14
6166.411535 1.375299e-14
6167.941912 1.368899e-14
6169.472289 1.354785e-14
6171.002667 1.315684e-14
6172.533044 1.341963e-14
6174.063421 1.349742e-14
6175.593799 1.315336e-14
6177.124176 1.291779e-14
6178.654553 1.292777e-14
6180.184930 1.310740e-14
6181.715308 1.312246e-14
6183.245685 1.269276e-14
6184.776062 1.307129e-14
6186.306439 1.299278e-14
6187.836817 1.294217e-14
6189.367194 1.306100e-14
6190.897571 1.326902e-14
6192.427948 1.335045e-14
6193.958326 1.332693e-14
6195.488703 1.378572e-14
6197.019080 1.313996e-14
6198.549458 1.351823e-14
6200.079835 1.353035e-14
6201.610212 1.339554e-14
6203.140589 1.376761e-14
6204.670967 1.330601e-14
6206.201344 1.357483e-14
6207.731721 1.352143e-14
6209.262098 1.360079e-14
6210.792476 1.356238e-14
6212.322853 1.366572e-14
6213.853230 1.352894e-14
6215.383608 1.358606e-14
6216.913985 1.362841e-14
6218.444362 1.372071e-14
6219.974739 1.355073e-14
6221.505117 1.372007e-14
6223.035494 1.387480e-14
6224.565871 1.366552e-14
6226.096248 1.379092e-14
6227.626626 1.351060e-14
6229.157003 1.393839e-14
6230.687380 1.363809e-14
6232.217757 1.345031e-14
6233.748135 1.366659e-14
6235.278512 1.359120e-14
6236.808889 1.340991e-14
6238.339267 1.369385e-14
6239.869644 1.381991e-14
6241.400021 1.363825e-14
6242.930398 1.361777e-14
6244.460776 1.341891e-14
6245.991153 1.359685e-14
6247.521530 1.387636e-14
6249.051907 1.361294e-14
6250.582285 1.359733e-14
6252.112662 1.353742e-14
6253.643039 1.346564e-14
6255.173416 1.369476e-14
6256.703794 1.343475e-14
6258.234171 1.321971e-14
6259.764548 1.352371e-14
6261.294926 1.341370e-14
6262.825303 1.369996e-14
6264.355680 1.373599e-14
6265.886057 1.373195e-14
6267.416435 1.364257e-14
6268.946812 1.357495e-14
6270.477189 1.347818e-14
6272.007566 1.327766e-14
6273.537944 1.328038e-14
6275.068321 1.327136e-14
6276.598698 1.243663e-14
6278.129076 1.298192e-14
6279.659453 1.286373e-14
6281.189830 1.241729e-14
6282.720207 1.260097e-14
6284.250585 1.257633e-14
6285.780962 1.242322e-14
6287.311339 1.221419e-14
6288.841716 1.268052e-14
6290.372094 1.282764e-14
6291.902471 1.252112e-14
6293.432848 1.292837e-14
6294.963225 1.278590e-14
6296.493603 1.297129e-14
6298.023980 1.271417e-14
6299.554357 1.268339e-14
6301.084735 1.287225e-14
6302.615112 1.257979e-14
6304.145489 1.261878e-14
6305.675866 1.252961e-14
6307.206244 1.245111e-14
6308.736621 1.259215e-14
6310.266998 1.239886e-14
6311.797375 1.246785e-14
6313.327753 1.297067e-14
6314.858130 1.253446e-14
6316.388507 1.292223e-14
6317.918885 1.276095e-14
6319.449262 1.274268e-14
6320.979639 1.287500e-14
6322.510016 1.262903e-14
6324.040394 1.295795e-14
6325.570771 1.299398e-14
6327.101148 1.312314e-14
6328.631525 1.305848e-14
6330.161903 1.281671e-14
6331.692280 1.306478e-14
6333.222657 1.316930e-14
6334.753034 1.321380e-14
6336.283412 1.318861e-14
6337.813789 1.314876e-14
6339.344166 1.289266e-14
6340.874544 1.327887e-14
6342.404921 1.295674e-14
6343.935298 1.300399e-14
6345.465675 1.285072e-14
6346.996053 1.311129e-14
6348.526430 1.331705e-14
6350.056807 1.324294e-14
6351.587184 1.270267e-14
6353.117562 1.263549e-14
6354.647939 1.283288e-14
6356.178316 1.267557e-14
6357.708694 1.238675e-14
6359.239071 1.262304e-14
6360.769448 1.268817e-14
6362.299825 1.261603e-14
6363.830203 1.217443e-14
6365.360580 1.268956e-14
6366.890957 1.236266e-14
6368.421334 1.245792e-14
6369.951712 1.229180e-14
6371.482089 1.242912e-14
6373.012466 1.206494e-14
6374.542843 1.223886e-14
6376.073221 1.195548e-14
6377.603598 1.159495e-14
6379.133975 1.170599e-14
6380.664353 1.158059e-14
6382.194730 1.150822e-14
6383.725107 1.133240e-14
6385.255484 1.121921e-14
6386.785862 1.082886e-14
6388.316239 1.104886e-14
6389.846616 1.063168e-14
6391.376993 1.048562e-14
6392.907371 1.009426e-14
6394.437748 1.008986e-14
6395.968125 9.835380e-15
6397.498502 9.756054e-15
6399.028880 9.508471e-15
6400.559257 9.358386e-15
6402.089634 8.993477e-15
6403.620012 8.981556e-15
6405.150389 8.623597e-15
6406.680766 8.392190e-15
6408.211143 8.516343e-15
6409.741521 8.286261e-15
6411.271898 8.184103e-15
6412.802275 7.842172e-15
6414.332652 7.630458e-15
6415.863030 7.544317e-15
6417.393407 7.535574e-15
6418.923784 7.308561e-15
6420.454162 6.987281e-15
6421.984539 7.085199e-15
6423.514916 6.779568e-15
6425.045293 6.551560e-15
6426.575671 6.554153e-15
6428.106048 6.460113e-15
6429.636425 6.558405e-15
6431.166802 6.564207e-15
6432.697180 6.407168e-15
6434.227557 6.227288e-15
6435.757934 6.231371e-15
6437.288311 6.187929e-15
6438.818689 6.512948e-15
6440.349066 6.555050e-15
6441.879443 6.341424e-15
6443.409821 6.789074e-15
6444.940198 6.402998e-15
6446.470575 6.642141e-15
6448.000952 6.610194e-15
6449.531330 6.437759e-15
6451.061707 6.585243e-15
6452.592084 6.499355e-15
6454.122461 6.975720e-15
6455.652839 6.825181e-15
6457.183216 7.001317e-15
6458.713593 7.251702e-15
6460.243971 7.350398e-15
6461.774348 7.543797e-15
6463.304725 7.569149e-15
6464.835102 7.615163e-15
6466.365480 7.934287e-15
6467.895857 7.879147e-15
6469.426234 8.233698e-15
6470.956611 8.294952e-15
6472.486989 8.640660e-15
6474.017366 9.029020e-15
6475.547743 8.879759e-15
6477.078120 9.432098e-15
6478.608498 9.571477e-15
6480.138875 1.027917e-14
6481.669252 1.041240e-14
6483.199630 1.110553e-14
6484.730007 1.136891e-14
6486.260384 1.165599e-14
6487.790761 1.250599e-14
6489.321139 1.284926e-14
6490.851516 1.310811e-14
6492.381893 1.380094e-14
6493.912270 1.420759e-14
6495.442648 1.483974e-14
6496.973025 1.530353e-14
6498.503402 1.611567e-14
6500.033780 1.664227e-14
6501.564157 1.703541e-14
6503.094534 1.775191e-14
6504.624911 1.828622e-14
6506.155289 1.877097e-14
6507.685666 1.906601e-14
6509.216043 1.953497e-14
6510.746420 2.025060e-14
6512.276798 2.092830e-14
6513.807175 2.118884e-14
6515.337552 2.179359e-14
6516.867929 2.176025e-14
6518.398307 2.223449e-14
6519.928684 2.245190e-14
6521.459061 2.267728e-14
6522.989439 2.288761e-14
6524.519816 2.350224e-14
6526.050193 2.385135e-14
6527.580570 2.369892e-14
6529.110948 2.399102e-14
6530.641325 2.465851e-14
6532.171702 2.442630e-14
6533.702079 2.503093e-14
6535.232457 2.515330e-14
6536.762834 2.564106e-14
6538.293211 2.564470e-14
6539.823588 2.567903e-14
6541.353966 2.565996e-14
6542.884343 2.553166e-14
6544.414720 2.647643e-14
6545.945098 2.669541e-14
6547.475475 2.636381e-14
6549.005852 2.657811e-14
6550.536229 2.699034e-14
6552.066607 2.673478e-14
6553.596984 2.709041e-14
6555.127361 2.739957e-14
6556.657738 2.704791e-14
6558.188116 2.727351e-14
6559.718493 2.748547e-14
6561.248870 2.737370e-14
6562.779248 2.774485e-14
6564.309625 2.729942e-14
6565.840002 2.752984e-14
6567.370379 2.746059e-14
6568.900757 2.721320e-14
6570.431134 2.755462e-14
6571.961511 2.754922e-14
6573.491888 2.814039e-14
6575.022266 2.912299e-14
6576.552643 3.040782e-14
6578.083020 3.030723e-14
6579.613397 3.104861e-14
6588.795661 2.634662e-14
6590.326038 2.614415e-14
6591.856416 2.584161e-14
6593.386793 2.614393e-14
6594.917170 2.547147e-14
6596.447547 2.543509e-14
6597.977925 2.520050e-14
6599.508302 2.515204e-14
6601.038679 2.505634e-14
6602.569057 2.525334e-14
6604.099434 2.486981e-14
6605.629811 2.469186e-14
6607.160188 2.393360e-14
6608.690566 2.385981e-14
6610.220943 2.329340e-14
6611.751320 2.338676e-14
6613.281697 2.316378e-14
6614.812075 2.300545e-14
6616.342452 2.299634e-14
6617.872829 2.235175e-14
6619.403206 2.258202e-14
6620.933584 2.223628e-14
6622.463961 2.190568e-14
6623.994338 2.187026e-14
6625.524716 2.160879e-14
6627.055093 2.176979e-14
6628.585470 2.107131e-14
6630.115847 2.107620e-14
6631.646225 2.088549e-14
6633.176602 2.079439e-14
6634.706979 2.063423e-14
6636.237356 2.020238e-14
6637.767734 2.014608e-14
6639.298111 2.022568e-14
6640.828488 1.991799e-14
6642.358865 1.994116e-14
6643.889243 1.967677e-14
6645.419620 1.946515e-14
6646.949997 1.930811e-14
6648.480375 1.927375e-14
6650.010752 1.894349e-14
6651.541129 1.868671e-14
6653.071506 1.875975e-14
6654.601884 1.872598e-14
6656.132261 1.837919e-14
6657.662638 1.845252e-14
6659.193015 1.817996e-14
6660.723393 1.805638e-14
6662.253770 1.796667e-14
6663.784147 1.771054e-14
6665.314525 1.779022e-14
6666.844902 1.760412e-14
6668.375279 1.742416e-14
6669.905656 1.754814e-14
6671.436034 1.724538e-14
6672.966411 1.713553e-14
6674.496788 1.692253e-14
6676.027165 1.708542e-14
6677.557543 1.697746e-14
6679.087920 1.692375e-14
6680.618297 1.672102e-14
6682.148674 1.678483e-14
6683.679052 1.623414e-14
6685.209429 1.630686e-14
6686.739806 1.586232e-14
6688.270184 1.558900e-14
6689.800561 1.529850e-14
6691.330938 1.499977e-14
6692.861315 1.479951e-14
6694.391693 1.481132e-14
6695.922070 1.445679e-14
6697.452447 1.443790e-14
6698.982824 1.413375e-14
6700.513202 1.423893e-14
6702.043579 1.400982e-14
6703.573956 1.389214e-14
6705.104334 1.406362e-14
6706.634711 1.384531e-14
6708.165088 1.383524e-14
6709.695465 1.372366e-14
6711.225843 1.355693e-14
6712.756220 1.372218e-14
6714.286597 1.343212e-14
6715.816974 1.344512e-14
6717.347352 1.324968e-14
6718.877729 1.298730e-14
6720.408106 1.339330e-14
6721.938483 1.308529e-14
6723.468861 1.306600e-14
6724.999238 1.276626e-14
6726.529615 1.302321e-14
6728.059993 1.288839e-14
6729.590370 1.286650e-14
6731.120747 1.240632e-14
6732.651124 1.275453e-14
6734.181502 1.263116e-14
6735.711879 1.274275e-14
6737.242256 1.278190e-14
6738.772633 1.246080e-14
6740.303011 1.218629e-14
6741.833388 1.230227e-14
6743.363765 1.203259e-14
6744.894143 1.200673e-14
6746.424520 1.204778e-14
6747.954897 1.202793e-14
6749.485274 1.234000e-14
6751.015652 1.207132e-14
6752.546029 1.214810e-14
6754.076406 1.195807e-14
6755.606783 1.195337e-14
6757.137161 1.152478e-14
6758.667538 1.176608e-14
6760.197915 1.170675e-14
6761.728292 1.152342e-14
6763.258670 1.167880e-14
6764.789047 1.155031e-14
6766.319424 1.168409e-14
6767.849802 1.144452e-14
6769.380179 1.133731e-14
6770.910556 1.139308e-14
6772.440933 1.162049e-14
6773.971311 1.151368e-14
6775.501688 1.158817e-14
6777.032065 1.147286e-14
6778.562442 1.149083e-14
6780.092820 1.145077e-14
6781.623197 1.138499e-14
6783.153574 1.136147e-14
6784.683951 1.122605e-14
6786.214329 1.115087e-14
6787.744706 1.109815e-14
6789.275083 1.123144e-14
6790.805461 1.149184e-14
6792.335838 1.114895e-14
6793.866215 1.148557e-14
6795.396592 1.139545e-14
6796.926970 1.115175e-14
6798.457347 1.121660e-14
6799.987724 1.120525e-14
6801.518101 1.116235e-14
6803.048479 1.113524e-14
6804.578856 1.116112e-14
6806.109233 1.124364e-14
6807.639611 1.107519e-14
6809.169988 1.127083e-14
6810.700365 1.114844e-14
6812.230742 1.131587e-14
6813.761120 1.144717e-14
6815.291497 1.098981e-14
6816.821874 1.105708e-14
6818.352251 1.120883e-14
6819.882629 1.106986e-14
6821.413006 1.092135e-14
6822.943383 1.103136e-14
6824.473760 1.082302e-14
6826.004138 1.119906e-14
6827.534515 1.112984e-14
6829.064892 1.120427e-14
6830.595270 1.139353e-14
6832.125647 1.111108e-14
6833.656024 1.085104e-14
6835.186401 1.090486e-14
6836.716779 1.087589e-14
6838.247156 1.104617e-14
6839.777533 1.088017e-14
6841.307910 1.099372e-14
6842.838288 1.106296e-14
6844.368665 1.090529e-14
6845.899042 1.105494e-14
6847.429420 1.095908e-14
6848.959797 1.083780e-14
6850.490174 1.086835e-14
6852.020551 1.080343e-14
6853.550929 1.078967e-14
6855.081306 1.082416e-14
6856.611683 1.092965e-14
6858.142060 1.091623e-14
6859.672438 1.093947e-14
6861.202815 1.066891e-14
6862.733192 1.103028e-14
6864.263569 1.126977e-14
6865.793947 1.174266e-14
6867.324324 1.145204e-14
6868.854701 1.070231e-14
6870.385079 1.107072e-14
6871.915456 1.091296e-14
6873.445833 1.102930e-14
6874.976210 1.111055e-14
6876.506588 1.093756e-14
6878.036965 1.076729e-14
6879.567342 1.084123e-14
6881.097719 1.070748e-14
6882.628097 1.066581e-14
6884.158474 1.058011e-14
6885.688851 1.036584e-14
6887.219229 1.077201e-14
6888.749606 1.083436e-14
6890.279983 1.102819e-14
6891.810360 1.114277e-14
6893.340738 1.085944e-14
6894.871115 1.084774e-14
6896.401492 1.078944e-14
6897.931869 1.076419e-14
6899.462247 1.068662e-14
6900.992624 1.063900e-14
6902.523001 1.049467e-14
6904.053378 1.048707e-14
6905.583756 1.062778e-14
6907.114133 1.083983e-14
6908.644510 1.041976e-14
6910.174888 1.064969e-14
6911.705265 1.047440e-14
6913.235642 1.074919e-14
6914.766019 1.033222e-14
6916.296397 1.052274e-14
6917.826774 1.032956e-14
6919.357151 1.024798e-14
6920.887528 1.025885e-14
6922.417906 1.008785e-14
6923.948283 1.003053e-14
6925.478660 1.036228e-14
6927.009037 1.001784e-14
6928.539415 1.051625e-14
6930.069792 1.044336e-14
6931.600169 1.005143e-14
6933.130547 1.005966e-14
6934.660924 1.043528e-14
6936.191301 1.002250e-14
6937.721678 9.998959e-15
6939.252056 1.016171e-14
6940.782433 1.007229e-14
6942.312810 1.034522e-14
6943.843187 9.945417e-15
6945.373565 1.002961e-14
6946.903942 1.012248e-14
6948.434319 1.022638e-14
6949.964697 1.025041e-14
6951.495074 1.027142e-14
6953.025451 1.044974e-14
6954.555828 1.024777e-14
6956.086206 1.056849e-14
6957.616583 1.022481e-14
6959.146960 1.053491e-14
6960.677337 1.058702e-14
6962.207715 1.048803e-14
6963.738092 1.057276e-14
6965.268469 1.057642e-14
6966.798846 1.070862e-14
6968.329224 1.063498e-14
6969.859601 1.047770e-14
6971.389978 1.059044e-14
6972.920356 1.050317e-14
6974.450733 1.073072e-14
6975.981110 1.050636e-14
6977.511487 1.063385e-14
6979.041865 1.064774e-14
6980.572242 1.059659e-14
6982.102619 1.057975e-14
6983.632996 1.057880e-14
6985.163374 1.066555e-14
6986.693751 1.077864e-14
6988.224128 1.079209e-14
6989.754506 1.097292e-14
6991.284883 1.081821e-14
6992.815260 1.069341e-14
6994.345637 1.065084e-14
6995.876015 1.071102e-14
6997.406392 1.047931e-14
6998.936769 1.059510e-14
7000.467146 1.081898e-14
7001.997524 1.069640e-14
7003.527901 1.065724e-14
7005.058278 1.048763e-14
7006.588655 1.065575e-14
7008.119033 1.060545e-14
7009.649410 1.056294e-14
7011.179787 1.035925e-14
7012.710165 1.070429e-14
7014.240542 1.041126e-14
7015.770919 1.068495e-14
7017.301296 1.057897e-14
7018.831674 1.073004e-14
7020.362051 1.032739e-14
7021.892428 1.040017e-14
7023.422805 1.070183e-14
7024.953183 1.034349e-14
7026.483560 1.059040e-14
7028.013937 1.064643e-14
7029.544315 1.057524e-14
7031.074692 1.065437e-14
7032.605069 1.063532e-14
7034.135446 1.057642e-14
7035.665824 1.052515e-14
7037.196201 1.043206e-14
7038.726578 1.056086e-14
7040.256955 1.047005e-14
7041.787333 1.033885e-14
7043.317710 1.058446e-14
7044.848087 1.030424e-14
7046.378464 1.035364e-14
7047.908842 1.043286e-14
7049.439219 1.041017e-14
7050.969596 1.016841e-14
7052.499974 1.041855e-14
7054.030351 1.051609e-14
7055.560728 1.050135e-14
7057.091105 1.065902e-14
7058.621483 1.059794e-14
7060.151860 1.087481e-14
7061.682237 1.088046e-14
7063.212614 1.093445e-14
7064.742992 1.127131e-14
7066.273369 1.115162e-14
7067.803746 1.129608e-14
7069.334123 1.102948e-14
7070.864501 1.094544e-14
7072.394878 1.105459e-14
7073.925255 1.077609e-14
7075.455633 1.051755e-14
7076.986010 1.067403e-14
7078.516387 1.031458e-14
7080.046764 1.042286e-14
7081.577142 1.052235e-14
7083.107519 1.068031e-14
7084.637896 1.063050e-14
7086.168273 1.047792e-14
7087.698651 1.043357e-14
7089.229028 1.042697e-14
7090.759405 1.024270e-14
7092.289783 1.049982e-14
7093.820160 1.060751e-14
7095.350537 1.036251e-14
7096.880914 1.036735e-14
7098.411292 1.050218e-14
7099.941669 1.047079e-14
7101.472046 1.051460e-14
7103.002423 1.058169e-14
7104.532801 1.044465e-14
7106.063178 1.056964e-14
7107.593555 1.041554e-14
7109.123932 1.013124e-14
7110.654310 1.035250e-14
7112.184687 1.052726e-14
7113.715064 1.012334e-14
7115.245442 1.037129e-14
7116.775819 1.032484e-14
7118.306196 1.027114e-14
7119.836573 1.018880e-14
7121.366951 1.007833e-14
7122.897328 1.026727e-14
7124.427705 1.032662e-14
7125.958082 1.033637e-14
7127.488460 1.038297e-14
7129.018837 9.860347e-15
7130.549214 1.002247e-14
7132.079592 1.007560e-14
7133.609969 1.003521e-14
7135.140346 9.784618e-15
7136.670723 1.020643e-14
7138.201101 1.001892e-14
7139.731478 9.892167e-15
7141.261855 1.000894e-14
7142.792232 1.026905e-14
7144.322610 9.935188e-15
7145.852987 1.015486e-14
7147.383364 9.866162e-15
7148.913741 9.970368e-15
7150.444119 1.000106e-14
7151.974496 1.014290e-14
7153.504873 1.002900e-14
7155.035251 1.029979e-14
7156.565628 1.034266e-14
7158.096005 1.027308e-14
7159.626382 1.030412e-14
7161.156760 1.038138e-14
7162.687137 1.023639e-14
7164.217514 1.004059e-14
7165.747891 1.030039e-14
7167.278269 1.037504e-14
7168.808646 1.048601e-14
7170.339023 1.030561e-14
7171.869401 1.056458e-14
7173.399778 1.041761e-14
7174.930155 1.061167e-14
7176.460532 1.062811e-14
7177.990910 1.078945e-14
7179.521287 1.060641e-14
7181.051664 1.051221e-14
7182.582041 1.073550e-14
7184.112419 1.070139e-14
7185.642796 1.049325e-14
7187.173173 1.031377e-14
7188.703550 1.074793e-14
7190.233928 1.059433e-14
7191.764305 1.055892e-14
7193.294682 1.069984e-14
7194.825060 1.050742e-14
7196.355437 1.069621e-14
7197.885814 1.070068e-14
7199.416191 1.053572e-14
7200.946569 1.053685e-14
7202.476946 1.081616e-14
7204.007323 1.071046e-14
7205.537700 1.044941e-14
7207.068078 1.042307e-14
7208.598455 1.052012e-14
7210.128832 1.062226e-14
7211.659209 1.033695e-14
7213.189587 1.057086e-14
7214.719964 1.062858e-14
7216.250341 1.044064e-14
7217.780719 1.050281e-14
7219.311096 1.032495e-14
7220.841473 1.054611e-14
7222.371850 1.037329e-14
7223.902228 1.050163e-14
7225.432605 1.026948e-14
7226.962982 1.050938e-14
7228.493359 1.013252e-14
7230.023737 1.018507e-14
7231.554114 1.025770e-14
7233.084491 1.057894e-14
7234.614869 1.043236e-14
7236.145246 1.038721e-14
7237.675623 1.039777e-14
7239.206000 9.991254e-15
7240.736378 9.995849e-15
7242.266755 1.017167e-14
7243.797132 1.050926e-14
7245.327509 1.049859e-14
7246.857887 1.024362e-14
7248.388264 1.034734e-14
7249.918641 1.015183e-14
7251.449018 1.028414e-14
7252.979396 1.015741e-14
7254.509773 1.001605e-14
7256.040150 1.032776e-14
7257.570528 1.050968e-14
7259.100905 1.039531e-14
7260.631282 1.031767e-14
7262.161659 1.023170e-14
7263.692037 1.005660e-14
7265.222414 1.032036e-14
7266.752791 1.035083e-14
7268.283168 1.049658e-14
7269.813546 1.050563e-14
7271.343923 1.032652e-14
7272.874300 1.022472e-14
7274.404678 1.027204e-14
7275.935055 1.023149e-14
7277.465432 1.064485e-14
7278.995809 1.041904e-14
7280.526187 1.051800e-14
7282.056564 1.050629e-14
7283.586941 1.040150e-14
7285.117318 1.056256e-14
7286.647696 1.051360e-14
7288.178073 1.040969e-14
7289.708450 1.034617e-14
7291.238827 1.051847e-14
7292.769205 1.055456e-14
7294.299582 1.038172e-14
7295.829959 1.043566e-14
7297.360337 1.041234e-14
7298.890714 1.035651e-14
7300.421091 1.040515e-14
7301.951468 1.044271e-14
7303.481846 1.049685e-14
7305.012223 1.032373e-14
7306.542600 1.027859e-14
7308.072977 1.038905e-14
7309.603355 1.036663e-14
7311.133732 1.057899e-14
7312.664109 1.066060e-14
7314.194486 1.040052e-14
7315.724864 1.034489e-14
7317.255241 1.046999e-14
7318.785618 1.044509e-14
7320.315996 1.050520e-14
7321.846373 1.053557e-14
7323.376750 1.075720e-14
7324.907127 1.053001e-14
7326.437505 1.043171e-14
7327.967882 1.012128e-14
7329.498259 1.022145e-14
7331.028636 1.031499e-14
7332.559014 1.038493e-14
7334.089391 1.031461e-14
7335.619768 1.043386e-14
7337.150146 1.045260e-14
7338.680523 1.035941e-14
7340.210900 1.056170e-14
7341.741277 1.047492e-14
7343.271655 1.030594e-14
7344.802032 1.038339e-14
7346.332409 1.047032e-14
7347.862786 1.021757e-14
7349.393164 1.033608e-14
7350.923541 1.045126e-14
7352.453918 1.036954e-14
7353.984295 1.036249e-14
7355.514673 1.022871e-14
7357.045050 1.008828e-14
7358.575427 1.028036e-14
7360.105805 1.033929e-14
7361.636182 1.004025e-14
7363.166559 1.009812e-14
7364.696936 1.032329e-14
7366.227314 1.034402e-14
7367.757691 1.008770e-14
7369.288068 1.027141e-14
7370.818445 9.959821e-15
7372.348823 1.014750e-14
7373.879200 1.033319e-14
7375.409577 1.020049e-14
7376.939955 1.013203e-14
7378.470332 1.006365e-14
7380.000709 1.016926e-14
7381.531086 1.026287e-14
7383.061464 1.008312e-14
7384.591841 1.011581e-14
7386.122218 1.005989e-14
7387.652595 1.015683e-14
7389.182973 1.031097e-14
7390.713350 9.997679e-15
7392.243727 1.017740e-14
7393.774104 1.009522e-14
7395.304482 1.018717e-14
7396.834859 1.021657e-14
7398.365236 1.031208e-14
7399.895614 9.966650e-15
7401.425991 1.006317e-14
7402.956368 9.965680e-15
7404.486745 1.004245e-14
7406.017123 1.005593e-14
7407.547500 1.023023e-14
7409.077877 1.004693e-14
7410.608254 1.032193e-14
7412.138632 1.035716e-14
7413.669009 1.021918e-14
7415.199386 1.013196e-14
7416.729764 1.002917e-14
7418.260141 1.013731e-14
7419.790518 1.004798e-14
7421.320895 1.016799e-14
7422.851273 1.010652e-14
7424.381650 1.008127e-14
7425.912027 1.031577e-14
7427.442404 1.025330e-14
7428.972782 1.021169e-14
7430.503159 1.020365e-14
7432.033536 1.031156e-14
7433.563913 1.018869e-14
7435.094291 9.982002e-15
7436.624668 9.974555e-15
7438.155045 9.961019e-15
7439.685423 1.001052e-14
7441.215800 1.021551e-14
7442.746177 1.007396e-14
7444.276554 1.020001e-14
7445.806932 1.010587e-14
7447.337309 1.002032e-14
7448.867686 9.847128e-15
7450.398063 9.809190e-15
7451.928441 9.832586e-15
7453.458818 1.007973e-14
7454.989195 1.009475e-14
7456.519572 9.937656e-15
7458.049950 9.858889e-15
7459.580327 9.876303e-15
7461.110704 1.010466e-14
7462.641082 1.000696e-14
7464.171459 1.017696e-14
7465.701836 1.015546e-14
7467.232213 9.848410e-15
7468.762591 1.004348e-14
7470.292968 9.600800e-15
7471.823345 9.961656e-15
7473.353722 9.877363e-15
7474.884100 1.005193e-14
7476.414477 9.676744e-15
7477.944854 9.982692e-15
7479.475232 9.648051e-15
7481.005609 1.000188e-14
7482.535986 9.764946e-15
7484.066363 9.846095e-15
7485.596741 9.832336e-15
7487.127118 9.969058e-15
7488.657495 1.014402e-14
7490.187872 9.651570e-15
7491.718250 1.009708e-14
7493.248627 9.788957e-15
7494.779004 9.807206e-15
7496.309381 9.770904e-15
7497.839759 9.935730e-15
7499.370136 9.635962e-15
7500.900513 9.855712e-15
7502.430891 9.800286e-15
7503.961268 9.543888e-15
7505.491645 9.889876e-15
7507.022022 1.000234e-14
7508.552400 9.900811e-15
7510.082777 9.721290e-15
7511.613154 1.009963e-14
7513.143531 9.661015e-15
7514.673909 9.711132e-15
7516.204286 9.963435e-15
7517.734663 9.744733e-15
7519.265041 9.841803e-15
7520.795418 9.777916e-15
7522.325795 1.002887e-14
7523.856172 9.922910e-15
7525.386550 9.670406e-15
7526.916927 9.778188e-15
7528.447304 9.883918e-15
7529.977681 9.768031e-15
7531.508059 9.912213e-15
7533.038436 9.764849e-15
7534.568813 9.747016e-15
7536.099190 9.799804e-15
7537.629568 9.733450e-15
7539.159945 9.986490e-15
7540.690322 1.006391e-14
7542.220700 9.829896e-15
7543.751077 9.743726e-15
7545.281454 9.684951e-15
7546.811831 9.720066e-15
7548.342209 9.588367e-15
7549.872586 9.711394e-15
7551.402963 1.006304e-14
7552.933340 9.946670e-15
7554.463718 1.004503e-14
7555.994095 9.955342e-15
7557.524472 9.955758e-15
7559.054850 9.708798e-15
7560.585227 9.549807e-15
7562.115604 9.614770e-15
7563.645981 9.803044e-15
7565.176359 9.704071e-15
7566.706736 9.796952e-15
7568.237113 9.681639e-15
7569.767490 9.646863e-15
7571.297868 9.898098e-15
7572.828245 9.692551e-15
7574.358622 9.820250e-15
7575.888999 9.794107e-15
7577.419377 9.559268e-15
7578.949754 9.724971e-15
7580.480131 9.591537e-15
7582.010509 9.672780e-15
7583.540886 9.565537e-15
7585.071263 9.546175e-15
7586.601640 9.776488e-15
7588.132018 9.701792e-15
7589.662395 9.742249e-15
7591.192772 9.683547e-15
7592.723149 9.635589e-15
7594.253527 9.532970e-15
7595.783904 9.579410e-15
7597.314281 9.868255e-15
7598.844658 9.917452e-15
7600.375036 9.616692e-15
7601.905413 9.469095e-15
7603.435790 9.537159e-15
7604.966168 9.852898e-15
7606.496545 9.712059e-15
7608.026922 9.376814e-15
7609.557299 9.559217e-15
7611.087677 9.638984e-15
7612.618054 9.482160e-15
7614.148431 9.678691e-15
7615.678808 9.882826e-15
7617.209186 9.670367e-15
7618.739563 9.475460e-15
7620.269940 9.259379e-15
7621.800318 9.277051e-15
7623.330695 9.408432e-15
7624.861072 9.222008e-15
7626.391449 9.501968e-15
7627.921827 9.502500e-15
7629.452204 9.361900e-15
7630.982581 9.508318e-15
7632.512958 9.355752e-15
7634.043336 9.374888e-15
7635.573713 9.588854e-15
7637.104090 9.332863e-15
7638.634467 9.283888e-15
7640.164845 9.415541e-15
7641.695222 9.220601e-15
7643.225599 9.361828e-15
7644.755977 9.221633e-15
7646.286354 9.432914e-15
7647.816731 9.620642e-15
7649.347108 9.193021e-15
7650.877486 9.146261e-15
7652.407863 9.388827e-15
7653.938240 9.125057e-15
7655.468617 9.068536e-15
7656.998995 9.266542e-15
7658.529372 9.072303e-15
7660.059749 8.924941e-15
7661.590127 9.016401e-15
7663.120504 9.060375e-15
7664.650881 8.756688e-15
7666.181258 8.791061e-15
7667.711636 8.861994e-15
7669.242013 8.646367e-15
7670.772390 8.284304e-15
7672.302767 8.270893e-15
7673.833145 8.297627e-15
7675.363522 7.879069e-15
7676.893899 7.740705e-15
7678.424276 7.963385e-15
7679.954654 7.705552e-15
7681.485031 7.668094e-15
7683.015408 7.811018e-15
7684.545786 7.451444e-15
7686.076163 7.497715e-15
7687.606540 7.540155e-15
7689.136917 7.417642e-15
7690.667295 7.315236e-15
7692.197672 7.322306e-15
7693.728049 7.379102e-15
7695.258426 7.276559e-15
7696.788804 7.327168e-15
7698.319181 7.349178e-15
7699.849558 7.228060e-15
7701.379936 7.349603e-15
7702.910313 7.426244e-15
7704.440690 7.416975e-15
7705.971067 7.689325e-15
7707.501445 7.776481e-15
7709.031822 7.819801e-15
7710.562199 7.987837e-15
7712.092576 7.851750e-15
7713.622954 8.213882e-15
7715.153331 8.304339e-15
7716.683708 7.946889e-15
7718.214085 8.189330e-15
7719.744463 8.288516e-15
7721.274840 8.382285e-15
7722.805217 8.544916e-15
7724.335595 8.331707e-15
7725.865972 8.544019e-15
7727.396349 8.639296e-15
7728.926726 8.633577e-15
7730.457104 8.702890e-15
7731.987481 8.657753e-15
7733.517858 8.560475e-15
7735.048235 8.711260e-15
7736.578613 8.836831e-15
7738.108990 9.179063e-15
7739.639367 8.925832e-15
7741.169744 9.119728e-15
7742.700122 9.125824e-15
7744.230499 8.862645e-15
7745.760876 9.301551e-15
7747.291254 9.144657e-15
7748.821631 9.146296e-15
7750.352008 9.235282e-15
7751.882385 9.222452e-15
7753.412763 9.105149e-15
7754.943140 9.380344e-15
7756.473517 9.429441e-15
7758.003894 9.682530e-15
7759.534272 9.629274e-15
7761.064649 9.559311e-15
7762.595026 9.477568e-15
7764.125404 9.442314e-15
7765.655781 9.387969e-15
7767.186158 9.191471e-15
7768.716535 9.122053e-15
7770.246913 9.399952e-15
7771.777290 9.391620e-15
7773.307667 9.630920e-15
7774.838044 9.540739e-15
7776.368422 9.413104e-15
7777.898799 9.474796e-15
7779.429176 9.558860e-15
7780.959553 9.368147e-15
7782.489931 9.193810e-15
7784.020308 9.161936e-15
7785.550685 9.211028e-15
7787.081063 9.211334e-15
7788.611440 9.394839e-15
7790.141817 9.344856e-15
7791.672194 9.275484e-15
7793.202572 9.449276e-15
7794.732949 9.304866e-15
7796.263326 9.287488e-15
7797.793703 9.370487e-15
7799.324081 9.189676e-15
7800.854458 8.949508e-15
7802.384835 8.930923e-15
7803.915213 9.097507e-15
7805.445590 9.043325e-15
7806.975967 8.982030e-15
7808.506344 9.118821e-15
7810.036722 9.299702e-15
7811.567099 9.138715e-15
7813.097476 9.044932e-15
7814.627853 8.940468e-15
7816.158231 8.792893e-15
7817.688608 8.747286e-15
7819.218985 8.865200e-15
7820.749362 8.724744e-15
7822.279740 8.838620e-15
7823.810117 8.949792e-15
7825.340494 9.098697e-15
7826.870872 9.098205e-15
7828.401249 9.198488e-15
7829.931626 8.901527e-15
7831.462003 8.937382e-15
7832.992381 8.860688e-15
7834.522758 9.036712e-15
7836.053135 8.614339e-15
7837.583512 8.702977e-15
7839.113890 8.498340e-15
7840.644267 8.850021e-15
7842.174644 8.949549e-15
7843.705022 8.858691e-15
7845.235399 8.971331e-15
7846.765776 8.703485e-15
7848.296153 8.901778e-15
7849.826531 8.772167e-15
7851.356908 8.765502e-15
7852.887285 8.683052e-15
7854.417662 8.579924e-15
7855.948040 8.547131e-15
7857.478417 8.784853e-15
7859.008794 8.700503e-15
7860.539171 8.909515e-15
7862.069549 9.116185e-15
7863.599926 8.928290e-15
7865.130303 8.901008e-15
7866.660681 9.148710e-15
7868.191058 8.750878e-15
7869.721435 8.629034e-15
7871.251812 8.671146e-15
7872.782190 8.635318e-15
7874.312567 8.526445e-15
7875.842944 8.428348e-15
7877.373321 8.829064e-15
7878.903699 8.895693e-15
7880.434076 8.814462e-15
7881.964453 8.956930e-15
7883.494830 8.785560e-15
7885.025208 8.728069e-15
7886.555585 8.723184e-15
7888.085962 8.593074e-15
7889.616340 8.470383e-15
7891.146717 8.615767e-15
7892.677094 8.639765e-15
7894.207471 8.704924e-15
7895.737849 8.903674e-15
7897.268226 9.009215e-15
7898.798603 8.908013e-15
7900.328980 8.759256e-15
7901.859358 8.710849e-15
7903.389735 8.381180e-15
7904.920112 8.319232e-15
7906.450490 8.561258e-15
7907.980867 8.514447e-15
7909.511244 8.672527e-15
7911.041621 8.713606e-15
7912.571999 8.715127e-15
7914.102376 8.857789e-15
7915.632753 8.781008e-15
7917.163130 8.830085e-15
7918.693508 8.582317e-15
7920.223885 8.681519e-15
7921.754262 8.472211e-15
7923.284639 8.548102e-15
7924.815017 8.708996e-15
7926.345394 8.642868e-15
7927.875771 8.664082e-15
7929.406149 8.780327e-15
7930.936526 8.549295e-15
7932.466903 8.468942e-15
7933.997280 8.470887e-15
7935.527658 8.681259e-15
7937.058035 8.491161e-15
7938.588412 8.318093e-15
7940.118789 8.561346e-15
7941.649167 8.558860e-15
7943.179544 8.783594e-15
7944.709921 8.728835e-15
7946.240299 8.553747e-15
7947.770676 8.617632e-15
7949.301053 8.419391e-15
7950.831430 8.429189e-15
7952.361808 8.719875e-15
7953.892185 8.551361e-15
7955.422562 8.396301e-15
7956.952939 8.451551e-15
7958.483317 8.552205e-15
7960.013694 8.374767e-15
7961.544071 8.703990e-15
7963.074448 8.821552e-15
7964.604826 8.783905e-15
7966.135203 8.659155e-15
7967.665580 8.583147e-15
7969.195958 8.747474e-15
7970.726335 8.603476e-15
7972.256712 8.399727e-15
7973.787089 8.459905e-15
7975.317467 8.549783e-15
7976.847844 8.453338e-15
7978.378221 8.508692e-15
7979.908598 8.487127e-15
7981.438976 8.451593e-15
7982.969353 8.741455e-15
7984.499730 8.519844e-15
7986.030107 8.367862e-15
7987.560485 8.543377e-15
7989.090862 8.374333e-15
7990.621239 8.214391e-15
7992.151617 8.389969e-15
7993.681994 8.626649e-15
7995.212371 8.687674e-15
7996.742748 8.623211e-15
7998.273126 8.562814e-15
7999.803503 8.443097e-15
8001.333880 8.594136e-15
8002.864257 8.343336e-15
8004.394635 8.100794e-15
8005.925012 8.276528e-15
8007.455389 8.311811e-15
8008.985767 8.254946e-15
8010.516144 8.600621e-15
8012.046521 8.626459e-15
8013.576898 8.580711e-15
8015.107276 8.426709e-15
8016.637653 8.209423e-15
8018.168030 8.166489e-15
8019.698407 8.256062e-15
8021.228785 7.923217e-15
8022.759162 8.066291e-15
8024.289539 8.456583e-15
8025.819916 8.249527e-15
8027.350294 8.398360e-15
8028.880671 8.597633e-15
8030.411048 8.310322e-15
8031.941426 8.363992e-15
8033.471803 8.483395e-15
8035.002180 8.340259e-15
8036.532557 8.259250e-15
8038.062935 8.180689e-15
8039.593312 8.153339e-15
8041.123689 8.204146e-15
8042.654066 8.134771e-15
8044.184444 8.090028e-15
8045.714821 8.458687e-15
8047.245198 8.306061e-15
8048.775576 8.288294e-15
8050.305953 8.435015e-15
8051.836330 8.456332e-15
8053.366707 8.372389e-15
8054.897085 8.211000e-15
8056.427462 8.062834e-15
8057.957839 8.092502e-15
8059.488216 8.227384e-15
8061.018594 8.134256e-15
8062.548971 8.138578e-15
8064.079348 8.269109e-15
8065.609725 8.163754e-15
8067.140103 8.352181e-15
8068.670480 8.363972e-15
8070.200857 8.134541e-15
8071.731235 8.208428e-15
8073.261612 8.287582e-15
8074.791989 8.205476e-15
8076.322366 8.149539e-15
8077.852744 8.108512e-15
8079.383121 8.153947e-15
8080.913498 8.192991e-15
8082.443875 8.356352e-15
8083.974253 8.262148e-15
8085.504630 8.204404e-15
8087.035007 8.341852e-15
8088.565385 8.262091e-15
8090.095762 8.122568e-15
8091.626139 8.071330e-15
8093.156516 8.010878e-15
8094.686894 7.899053e-15
8096.217271 7.750062e-15
8097.747648 7.928299e-15
8099.278025 7.997374e-15
8100.808403 8.201456e-15
8102.338780 8.128811e-15
8103.869157 8.250737e-15
8105.399534 8.215197e-15
8106.929912 8.101093e-15
8108.460289 8.007812e-15
8109.990666 7.816960e-15
8111.521044 7.794578e-15
8113.051421 7.961834e-15
8114.581798 7.631133e-15
8116.112175 8.858127e-15
8117.642553 1.119132e-14
8119.172930 1.078665e-14
8120.703307 9.391677e-15
8122.233684 7.947247e-15
8123.764062 7.919107e-15
8125.294439 7.851541e-15
8126.824816 7.670946e-15
8128.355193 7.797370e-15
8129.885571 7.667947e-15
8131.415948 7.684621e-15
8132.946325 7.611839e-15
8134.476703 7.606170e-15
8136.007080 8.023675e-15
8137.537457 7.948561e-15
8139.067834 8.118087e-15
8140.598212 8.118667e-15
8142.128589 7.958805e-15
8143.658966 7.966126e-15
8145.189343 7.957088e-15
8146.719721 8.143330e-15
8148.250098 8.037844e-15
8149.780475 7.819776e-15
8151.310853 7.711825e-15
8152.841230 7.594821e-15
8154.371607 7.573646e-15
8155.901984 7.763016e-15
8157.432362 7.878929e-15
8158.962739 8.023249e-15
8160.493116 8.003333e-15
8162.023493 8.020484e-15
8163.553871 7.994106e-15
8165.084248 7.838956e-15
8166.614625 7.902149e-15
8168.145002 7.917142e-15
8169.675380 7.588345e-15
8171.205757 7.890026e-15
8172.736134 7.692115e-15
8174.266512 7.570819e-15
8175.796889 7.511298e-15
8177.327266 7.697024e-15
8178.857643 7.974570e-15
8180.388021 7.967800e-15
8181.918398 7.854023e-15
8183.448775 7.672591e-15
8184.979152 7.882602e-15
8186.509530 7.787385e-15
8188.039907 7.661515e-15
8189.570284 7.739710e-15
8191.100662 7.762569e-15
8192.631039 7.784799e-15
8194.161416 7.889527e-15
8195.691793 7.968857e-15
8197.222171 8.196538e-15
8198.752548 8.115896e-15
8200.282925 7.931263e-15
8201.813302 8.057231e-15
8203.343680 7.840161e-15
8204.874057 7.800050e-15
8206.404434 7.870489e-15
8207.934811 7.819936e-15
8209.465189 7.824810e-15
8210.995566 7.740291e-15
8212.525943 7.662902e-15
8214.056321 7.867092e-15
8215.586698 8.187429e-15
8217.117075 7.974945e-15
8218.647452 8.049533e-15
8220.177830 7.939822e-15
8221.708207 7.977611e-15
8223.238584 7.698394e-15
8224.768961 7.771216e-15
8226.299339 7.658515e-15
8227.829716 7.917766e-15
8229.360093 8.099808e-15
8230.890471 8.074157e-15
8232.420848 8.089132e-15
8233.951225 8.172740e-15
8235.481602 8.339507e-15
8237.011980 8.260611e-15
8238.542357 7.895437e-15
8240.072734 7.808161e-15
8241.603111 7.670198e-15
8243.133489 7.552578e-15
8244.663866 7.578029e-15
8246.194243 7.791996e-15
8247.724620 7.654449e-15
8249.254998 7.590626e-15
8250.785375 7.805210e-15
8252.315752 8.132399e-15
8253.846130 8.163511e-15
8255.376507 7.948538e-15
8256.906884 7.835786e-15
8258.437261 7.770742e-15
8259.967639 7.789185e-15
8261.498016 7.498601e-15
8263.028393 7.283505e-15
8264.558770 7.570187e-15
8266.089148 7.587818e-15
8267.619525 7.420325e-15
8269.149902 7.728821e-15
8270.680279 7.670255e-15
8272.210657 7.736021e-15
8273.741034 7.910696e-15
8275.271411 8.022165e-15
8276.801789 8.153976e-15
8278.332166 8.093811e-15
8279.862543 7.751138e-15
8281.392920 7.734911e-15
8282.923298 7.590377e-15
8284.453675 7.346857e-15
8285.984052 7.362535e-15
8287.514429 7.535382e-15
8289.044807 7.717873e-15
8290.575184 7.737745e-15
8292.105561 7.747366e-15
8293.635939 7.835096e-15
8295.166316 7.680755e-15
8296.696693 7.909670e-15
8298.227070 7.841845e-15
8299.757448 7.718097e-15
8301.287825 7.630091e-15
8302.818202 7.424347e-15
8304.348579 7.287002e-15
8305.878957 7.281625e-15
8307.409334 7.391885e-15
8308.939711 7.386126e-15
8310.470088 7.522002e-15
8312.000466 7.490897e-15
8313.530843 7.537093e-15
8315.061220 7.752991e-15
8316.591598 7.598421e-15
8318.121975 7.466991e-15
8319.652352 7.473449e-15
8321.182729 7.506266e-15
8322.713107 6.986601e-15
8324.243484 7.012031e-15
8325.773861 6.856036e-15
8327.304238 6.863545e-15
8328.834616 6.807288e-15
8330.364993 6.878171e-15
8331.895370 7.007342e-15
8333.425748 6.852000e-15
8334.956125 7.010744e-15
8336.486502 7.010647e-15
8338.016879 6.825671e-15
8339.547257 6.457417e-15
8341.077634 6.226012e-15
8342.608011 6.262873e-15
8344.138388 6.078125e-15
8345.668766 6.031261e-15
8347.199143 5.840608e-15
8348.729520 5.591205e-15
8350.259897 5.885512e-15
8351.790275 5.702525e-15
8353.320652 5.710226e-15
8354.851029 5.589992e-15
8356.381407 5.411262e-15
8357.911784 5.395168e-15
8359.442161 5.205620e-15
8360.972538 5.114475e-15
8362.502916 4.925023e-15
8364.033293 4.757763e-15
8365.563670 4.734248e-15
8367.094047 4.729187e-15
8368.624425 4.677206e-15
8370.154802 4.427653e-15
8371.685179 4.321812e-15
8373.215557 4.226960e-15
8374.745934 4.238683e-15
8376.276311 4.016556e-15
8377.806688 3.844375e-15
8379.337066 3.699966e-15
8380.867443 3.774647e-15
8382.397820 3.600515e-15
8383.928197 3.501306e-15
8385.458575 3.628058e-15
8386.988952 3.464991e-15
8388.519329 3.391683e-15
8390.049706 3.462020e-15
8391.580084 3.421681e-15
8393.110461 3.316823e-15
8394.640838 3.128888e-15
8396.171216 3.128999e-15
8397.701593 3.108250e-15
8399.231970 3.138464e-15
8400.762347 3.090314e-15
8402.292725 3.227914e-15
8403.823102 3.123731e-15
8405.353479 2.880449e-15
8406.883856 2.828190e-15
8408.414234 2.926135e-15
8409.944611 3.003870e-15
8411.474988 2.965887e-15
8413.005365 2.909836e-15
8414.535743 2.742464e-15
8416.066120 2.684503e-15
8417.596497 2.604638e-15
8419.126875 2.704131e-15
8420.657252 2.822243e-15
8422.187629 2.870831e-15
8423.718006 2.981622e-15
8425.248384 3.176106e-15
8426.778761 3.073499e-15
8428.309138 3.178254e-15
8429.839515 3.103241e-15
8431.369893 3.101580e-15
8432.900270 3.246041e-15
8434.430647 3.250313e-15
8435.961025 3.318543e-15
8437.491402 3.497378e-15
8439.021779 3.693512e-15
8440.552156 3.679646e-15
8442.082534 3.752547e-15
8443.612911 3.977237e-15
8445.143288 3.985027e-15
8446.673665 4.216595e-15
8448.204043 4.330433e-15
8449.734420 4.384546e-15
8451.264797 4.399831e-15
8452.795174 4.816526e-15
8454.325552 4.740059e-15
8455.855929 5.013583e-15
8457.386306 5.168821e-15
8458.916684 5.250393e-15
8460.447061 5.419040e-15
8461.977438 5.397811e-15
8463.507815 5.794674e-15
8465.038193 6.227005e-15
8466.568570 6.484683e-15
8468.098947 6.524255e-15
8469.629324 6.581919e-15
8471.159702 6.622849e-15
8472.690079 6.858707e-15
8474.220456 6.864005e-15
8475.750834 7.010088e-15
8477.281211 7.090165e-15
8478.811588 7.394155e-15
8480.341965 7.425696e-15
8481.872343 7.540735e-15
8483.402720 7.716157e-15
8484.933097 7.781132e-15
8486.463474 7.877096e-15
8487.993852 8.006597e-15
8489.524229 8.158083e-15
8491.054606 8.278497e-15
8492.584983 8.089409e-15
8494.115361 8.235612e-15
8495.645738 8.230761e-15
8497.176115 7.971079e-15
8498.706493 8.137634e-15
8500.236870 8.089463e-15
8501.767247 8.175627e-15
8503.297624 8.091076e-15
8504.828002 8.077149e-15
8506.358379 8.200126e-15
8507.888756 8.160656e-15
8509.419133 8.163661e-15
8510.949511 7.922715e-15
8512.479888 7.763122e-15
8514.010265 7.510906e-15
8515.540642 7.422469e-15
8517.071020 7.381929e-15
8518.601397 7.253706e-15
8520.131774 7.023031e-15
8521.662152 6.999019e-15
8523.192529 6.953628e-15
8524.722906 6.866986e-15
8526.253283 6.716953e-15
8527.783661 6.648129e-15
8529.314038 6.811368e-15
8530.844415 6.639493e-15
8532.374792 6.484992e-15
8533.905170 6.473794e-15
8535.435547 6.123200e-15
8536.965924 5.986406e-15
8538.496302 6.054853e-15
8540.026679 5.747749e-15
8541.557056 5.687355e-15
8543.087433 5.702012e-15
8544.617811 5.640411e-15
8546.148188 5.670708e-15
8547.678565 5.624587e-15
8549.208942 5.705184e-15
8550.739320 5.556039e-15
8552.269697 5.629835e-15
8553.800074 5.501844e-15
8555.330451 5.535961e-15
8556.860829 5.445599e-15
8558.391206 5.439452e-15
8559.921583 5.489833e-15
8561.451961 5.517386e-15
8562.982338 5.512275e-15
8564.512715 5.588085e-15
8566.043092 5.520830e-15
8567.573470 5.652877e-15
8569.103847 5.818275e-15
8570.634224 5.921729e-15
8572.164601 5.868974e-15
8573.694979 5.896663e-15
8575.225356 5.947500e-15
8576.755733 6.042643e-15
8578.286111 6.126775e-15
8579.816488 6.113673e-15
8581.346865 6.263206e-15
8582.877242 6.442326e-15
8584.407620 6.612617e-15
8585.937997 6.734793e-15
8587.468374 7.091727e-15
8588.998751 7.201210e-15
8590.529129 7.221277e-15
8592.059506 7.391796e-15
8593.589883 7.385981e-15
8595.120260 7.330693e-15
8596.650638 7.619213e-15
8598.181015 7.770801e-15
8599.711392 7.754392e-15
8601.241770 7.902838e-15
8602.772147 8.193500e-15
8604.302524 8.235658e-15
8605.832901 8.368890e-15
8607.363279 8.561364e-15
8608.893656 8.586983e-15
8610.424033 8.701990e-15
8611.954410 8.886942e-15
8613.484788 8.814466e-15
8615.015165 8.847635e-15
8616.545542 9.034706e-15
8618.075920 9.037197e-15
8619.606297 8.980554e-15
8621.136674 9.053109e-15
8622.667051 9.231705e-15
8624.197429 9.418297e-15
8625.727806 9.196797e-15
8627.258183 9.475293e-15
8628.788560 9.612596e-15
8630.318938 9.702997e-15
8631.849315 9.872321e-15
8633.379692 9.636157e-15
8634.910069 9.712268e-15
8636.440447 9.676892e-15
8637.970824 9.660517e-15
8639.501201 9.744661e-15
8641.031579 9.732608e-15
8642.561956 9.845032e-15
8644.092333 9.935292e-15
8645.622710 9.923661e-15
8647.153088 9.948018e-15
8648.683465 1.005486e-14
8650.213842 1.004192e-14
8651.744219 1.008318e-14
8653.274597 9.967669e-15
8654.804974 9.831557e-15
8656.335351 9.771962e-15
8657.865728 9.681482e-15
8659.396106 9.760255e-15
8660.926483 9.840878e-15
8662.456860 1.006308e-14
8663.987238 1.016466e-14
8665.517615 1.021976e-14
8667.047992 1.019749e-14
8668.578369 9.951304e-15
8670.108747 9.916301e-15
8671.639124 1.020880e-14
8673.169501 9.786126e-15
8674.699878 9.485906e-15
8676.230256 9.765393e-15
8677.760633 9.722781e-15
8679.291010 9.545766e-15
8680.821388 9.516357e-15
8682.351765 9.546481e-15
8683.882142 9.778558e-15
8685.412519 1.006830e-14
8686.942897 9.744586e-15
8688.473274 1.013771e-14
8690.003651 1.003821e-14
8691.534028 9.703688e-15
8693.064406 9.729902e-15
8694.594783 9.696943e-15
8696.125160 9.691524e-15
8697.655537 9.423624e-15
8699.185915 9.446960e-15
8700.716292 9.596771e-15
8702.246669 9.624434e-15
8703.777047 9.544126e-15
8705.307424 9.694285e-15
8706.837801 9.689286e-15
8708.368178 9.732952e-15
8709.898556 9.591900e-15
8711.428933 9.340499e-15
8712.959310 9.254444e-15
8714.489687 9.297417e-15
8716.020065 9.300334e-15
8717.550442 9.163883e-15
8719.080819 9.054979e-15
8720.611197 9.093161e-15
8722.141574 9.243611e-15
8723.671951 9.220020e-15
8725.202328 9.158697e-15
8726.732706 9.271657e-15
8728.263083 9.289285e-15
8729.793460 9.261994e-15
8731.323837 9.144378e-15
8732.854215 9.061091e-15
8734.384592 9.009287e-15
8735.914969 8.901717e-15
8737.445346 8.807047e-15
8738.975724 8.924955e-15
8740.506101 8.842910e-15
8742.036478 8.675942e-15
8743.566856 8.709288e-15
8745.097233 8.661359e-15
8746.627610 8.515958e-15
8748.157987 8.742819e-15
8749.688365 8.763700e-15
8751.218742 8.589278e-15
8752.749119 8.611370e-15
8754.279496 8.817927e-15
8755.809874 8.897959e-15
8757.340251 8.781742e-15
8758.870628 8.612268e-15
8760.401006 8.396740e-15
8761.931383 8.243621e-15
8763.461760 8.139910e-15
8764.992137 7.995489e-15
8766.522515 7.814742e-15
8768.052892 8.085002e-15
8769.583269 8.278956e-15
8771.113646 7.922960e-15
8772.644024 8.183328e-15
8774.174401 8.068858e-15
8775.704778 8.108937e-15
8777.235155 7.911877e-15
8778.765533 7.725560e-15
8780.295910 7.667038e-15
8781.826287 7.603775e-15
8783.356665 7.500749e-15
8784.887042 7.558783e-15
8786.417419 7.657523e-15
8787.947796 7.707331e-15
8789.478174 7.883145e-15
8791.008551 8.039724e-15
8792.538928 8.053115e-15
8794.069305 7.950266e-15
8795.599683 7.724255e-15
8797.130060 7.722305e-15
8798.660437 7.727965e-15
8800.190814 7.615987e-15
8801.721192 7.589790e-15
8803.251569 7.450160e-15
8804.781946 7.296243e-15
8806.312324 7.339638e-15
8807.842701 7.485123e-15
8809.373078 7.465326e-15
8810.903455 7.533085e-15
8812.433833 7.638100e-15
8813.964210 7.521798e-15
8815.494587 7.629191e-15
8817.024964 7.506452e-15
8818.555342 7.324362e-15
8820.085719 7.498100e-15
8821.616096 7.269698e-15
8823.146474 7.231491e-15
8824.676851 6.931873e-15
8826.207228 6.445790e-15
8827.737605 6.439008e-15
8829.267983 6.432926e-15
8830.798360 6.661363e-15
8832.328737 6.915523e-15
8833.859114 7.067047e-15
8835.389492 7.048686e-15
8836.919869 7.353272e-15
8838.450246 7.215847e-15
8839.980623 6.998866e-15
8841.511001 7.115115e-15
8843.041378 7.102744e-15
8844.571755 6.740593e-15
8846.102133 6.700299e-15
8847.632510 6.785401e-15
8849.162887 6.933461e-15
8850.693264 6.941273e-15
8852.223642 7.095324e-15
8853.754019 7.278034e-15
8855.284396 7.287777e-15
8856.814773 7.351427e-15
8858.345151 7.524116e-15
8859.875528 7.487805e-15
8861.405905 7.161070e-15
8862.936283 7.013641e-15
8864.466660 7.066921e-15
8865.997037 7.106739e-15
8867.527414 7.056294e-15
8869.057792 7.056665e-15
8870.588169 7.096916e-15
8872.118546 7.197912e-15
8873.648923 7.211226e-15
8875.179301 7.235914e-15
8876.709678 7.353184e-15
8878.240055 7.483063e-15
8879.770432 7.261562e-15
8881.300810 7.035063e-15
8882.831187 7.230046e-15
8884.361564 6.937560e-15
8885.891942 6.700934e-15
8887.422319 6.722244e-15
8888.952696 6.922773e-15
8890.483073 6.608205e-15
8892.013451 7.115496e-15
8893.543828 6.863035e-15
8895.074205 7.034754e-15
8896.604582 7.442084e-15
8898.134960 7.352689e-15
8899.665337 7.432633e-15
8901.195714 7.639699e-15
8902.726092 7.447786e-15
8904.256469 7.214196e-15
8905.786846 7.309801e-15
8907.317223 7.000957e-15
8908.847601 7.176775e-15
8910.377978 7.107477e-15
8911.908355 6.750456e-15
8913.438732 7.158428e-15
8914.969110 7.449502e-15
8916.499487 7.220470e-15
8918.029864 7.511929e-15
8919.560241 7.717695e-15
8921.090619 7.587739e-15
8922.620996 7.484249e-15
8924.151373 7.718056e-15
8925.681751 7.460688e-15
8927.212128 7.331893e-15
8928.742505 7.066734e-15
8930.272882 6.698402e-15
8931.803260 6.714671e-15
8933.333637 6.743601e-15
8934.864014 6.738646e-15
8936.394391 7.140372e-15
8937.924769 7.248335e-15
8939.455146 7.317036e-15
8940.985523 7.288029e-15
8942.515900 7.203105e-15
8944.046278 7.096217e-15
8945.576655 7.155740e-15
8947.107032 6.975288e-15
8948.637410 7.242761e-15
8950.167787 7.735434e-15
8951.698164 7.482435e-15
8953.228541 7.144803e-15
8954.758919 6.765324e-15
8956.289296 6.677001e-15
8957.819673 6.828696e-15
8959.350050 6.970329e-15
8960.880428 6.790317e-15
8962.410805 6.959384e-15
8963.941182 6.927808e-15
8965.471560 6.857149e-15
8967.001937 7.131493e-15
8968.532314 6.809865e-15
8970.062691 6.797329e-15
8971.593069 6.782962e-15
8973.123446 6.742852e-15
8974.653823 6.686466e-15
8976.184200 6.402600e-15
8977.714578 6.039071e-15
8979.244955 6.192158e-15
8980.775332 6.087542e-15
8982.305709 6.294328e-15
8983.836087 6.382420e-15
8985.366464 6.199025e-15
8986.896841 6.192502e-15
8988.427219 6.429920e-15
8989.957596 6.312154e-15
8991.487973 5.951312e-15
8993.018350 6.073444e-15
8994.548728 5.947559e-15
8996.079105 5.890808e-15
8997.609482 6.048818e-15
8999.139859 6.070945e-15
9000.670237 5.929627e-15
9002.200614 5.699345e-15
9003.730991 5.816415e-15
9005.261369 5.974616e-15
9006.791746 5.914952e-15
9008.322123 6.074032e-15
9009.852500 6.227699e-15
9011.382878 6.253194e-15
9012.913255 6.453716e-15
9014.443632 6.537330e-15
9015.974009 6.112391e-15
9017.504387 6.247441e-15
9019.034764 6.207078e-15
9020.565141 6.074018e-15
9022.095518 6.024252e-15
9023.625896 5.794886e-15
9025.156273 5.985107e-15
9026.686650 6.287775e-15
9028.217028 6.410081e-15
9029.747405 6.565671e-15
9031.277782 6.819730e-15
9032.808159 6.864070e-15
9034.338537 7.075865e-15
9035.868914 7.158138e-15
9037.399291 7.078721e-15
9038.929668 7.177280e-15
9040.460046 7.075992e-15
9041.990423 6.960680e-15
9043.520800 7.044249e-15
9045.051178 6.874067e-15
9046.581555 6.679950e-15
9048.111932 6.628263e-15
9049.642309 6.970871e-15
9051.172687 7.240732e-15
9052.703064 7.274796e-15
9054.233441 7.429442e-15
9055.763818 7.554514e-15
9057.294196 7.488388e-15
9058.824573 7.671450e-15
9060.354950 7.645967e-15
9061.885327 7.364409e-15
9063.415705 7.269570e-15
9064.946082 7.230892e-15
9066.476459 6.929404e-15
9068.006837 6.705664e-15
9069.537214 6.662496e-15
9071.067591 6.499103e-15
9072.597968 6.532687e-15
9074.128346 6.693365e-15
9075.658723 6.770862e-15
9077.189100 6.823965e-15
9078.719477 7.056667e-15
9080.249855 7.318775e-15
9081.780232 7.374620e-15
9083.310609 7.188200e-15
9084.840986 7.074930e-15
9086.371364 6.989167e-15
9087.901741 6.965643e-15
9089.432118 6.965473e-15
9090.962496 6.769258e-15
9092.492873 6.751697e-15
9094.023250 6.587089e-15
9095.553627 6.815983e-15
9097.084005 7.078883e-15
9098.614382 7.054233e-15
9100.144759 7.186392e-15
9101.675136 7.089508e-15
9103.205514 7.195683e-15
9104.735891 7.017895e-15
9106.266268 6.815004e-15
9107.796646 6.805279e-15
9109.327023 6.661974e-15
9110.857400 6.385633e-15
9112.387777 6.180714e-15
9113.918155 6.057003e-15
9115.448532 6.208823e-15
9116.978909 6.161336e-15
9118.509286 5.978923e-15
9120.039664 5.908274e-15
9121.570041 6.017350e-15
9123.100418 5.998388e-15
9124.630795 5.916100e-15
9126.161173 6.011238e-15
9127.691550 6.281978e-15
9129.221927 6.211269e-15
9130.752305 5.989507e-15
9132.282682 5.760751e-15
9133.813059 5.424473e-15
9135.343436 5.256743e-15
9136.873814 4.949905e-15
9138.404191 4.991932e-15
9139.934568 5.265685e-15
9141.464945 5.251426e-15
9142.995323 5.143868e-15
9144.525700 5.478446e-15
9146.056077 5.635208e-15
9147.586455 5.806517e-15
9149.116832 5.826303e-15
9150.647209 5.847124e-15
9152.177586 5.878831e-15
9153.707964 5.573290e-15
9155.238341 5.341693e-15
9156.768718 5.198633e-15
9158.299095 5.046937e-15
9159.829473 4.871085e-15
9161.359850 4.997049e-15
9162.890227 5.197342e-15
9164.420604 5.135144e-15
9165.950982 5.360550e-15
9167.481359 5.441368e-15
9169.011736 5.554152e-15
9170.542114 5.737138e-15
9172.072491 5.778685e-15
9173.602868 5.801555e-15
9175.133245 5.617483e-15
9176.663623 5.692077e-15
9178.194000 5.672407e-15
9179.724377 5.338129e-15
9181.254754 5.177955e-15
9182.785132 5.281488e-15
9184.315509 5.450844e-15
9185.845886 5.679216e-15
9187.376263 5.753480e-15
9188.906641 5.956928e-15
9190.437018 6.084185e-15
9191.967395 6.187600e-15
9193.497773 6.482844e-15
9195.028150 6.577162e-15
9196.558527 6.541093e-15
9198.088904 6.606261e-15
9199.619282 6.690145e-15
9201.149659 6.751037e-15
9202.680036 6.603713e-15
9204.210413 6.405715e-15
9205.740791 6.480159e-15
9207.271168 6.341537e-15
9208.801545 6.468281e-15
9210.331923 6.507780e-15
9211.862300 6.510587e-15
9213.392677 6.545887e-15
9214.923054 6.560518e-15
9216.453432 6.648823e-15
9217.983809 6.737713e-15
9219.514186 6.844082e-15
9221.044563 6.802934e-15
9222.574941 6.720727e-15
9224.105318 6.830363e-15
9225.635695 6.768790e-15
9227.166072 6.573652e-15
9228.696450 6.578229e-15
9230.226827 6.323019e-15
9231.757204 6.353714e-15
9233.287582 6.698074e-15
9234.817959 6.353039e-15
9236.348336 6.144934e-15
9237.878713 6.360308e-15
9239.409091 6.590597e-15
9240.939468 6.610709e-15
9242.469845 6.681765e-15
9244.000222 6.791488e-15
9245.530600 6.811136e-15
9247.060977 6.956560e-15
9248.591354 7.051829e-15
9250.121732 6.783218e-15
9251.652109 6.657732e-15
9253.182486 6.629453e-15
9254.712863 6.305816e-15
9256.243241 6.222360e-15
9257.773618 6.276223e-15
9259.303995 6.167670e-15
9260.834372 6.254964e-15
9262.364750 6.566450e-15
9263.895127 6.563808e-15
9265.425504 6.640751e-15
9266.955881 6.733797e-15
9268.486259 6.888963e-15
9270.016636 6.984645e-15
9271.547013 6.849024e-15
9273.077391 6.943038e-15
9274.607768 6.731796e-15
9276.138145 6.396594e-15
9277.668522 6.126086e-15
9279.198900 5.968057e-15
9280.729277 5.894133e-15
9282.259654 5.700852e-15
9283.790031 5.711533e-15
9285.320409 5.567304e-15
9286.850786 5.451868e-15
9288.381163 5.629561e-15
9289.911541 5.959123e-15
9291.441918 6.063781e-15
9292.972295 5.978777e-15
9294.502672 6.240270e-15
9296.033050 6.112828e-15
9297.563427 5.944788e-15
9299.093804 5.882500e-15
9300.624181 5.540565e-15
9302.154559 5.173325e-15
9303.684936 4.944109e-15
9305.215313 4.893971e-15
9306.745690 4.858857e-15
9308.276068 4.763471e-15
9309.806445 4.912550e-15
9311.336822 5.219752e-15
9312.867200 5.350366e-15
9314.397577 4.978609e-15
9315.927954 4.842821e-15
9317.458331 5.007454e-15
9318.988709 5.129812e-15
9320.519086 5.368836e-15
9322.049463 4.621119e-15
9323.579840 3.878733e-15
9325.110218 3.614337e-15
9326.640595 3.868442e-15
9328.170972 3.685888e-15
9329.701349 3.630241e-15
9331.231727 3.454805e-15
9332.762104 3.375075e-15
9334.292481 3.730623e-15
9335.822859 4.088371e-15
9337.353236 4.388372e-15
9338.883613 4.397052e-15
9340.413990 4.080949e-15
9341.944368 3.951824e-15
9343.474745 3.874978e-15
9345.005122 3.680713e-15
9346.535499 3.466194e-15
9348.065877 3.493773e-15
9349.596254 3.474313e-15
9351.126631 3.358447e-15
9352.657009 3.440713e-15
9354.187386 3.789553e-15
9355.717763 4.135846e-15
9357.248140 4.107666e-15
9358.778518 3.955508e-15
9360.308895 3.981795e-15
9361.839272 3.841161e-15
9363.369649 3.633893e-15
9364.900027 4.081567e-15
9366.430404 4.484729e-15
9367.960781 4.393844e-15
9369.491158 4.429623e-15
9371.021536 4.654747e-15
9372.551913 4.420615e-15
9374.082290 4.121311e-15
9375.612668 3.527057e-15
9377.143045 3.738938e-15
9378.673422 3.780362e-15
9380.203799 3.755548e-15
9381.734177 3.517905e-15
9383.264554 3.656598e-15
9384.794931 3.859986e-15
9386.325308 3.811402e-15
9387.855686 4.066111e-15
9389.386063 4.745289e-15
9390.916440 4.861215e-15
9392.446818 5.136869e-15
9393.977195 5.314949e-15
9395.507572 5.302325e-15
9397.037949 5.355044e-15
9398.568327 5.477405e-15
9400.098704 5.394726e-15
9401.629081 5.404699e-15
9403.159458 5.353330e-15
9404.689836 5.101367e-15
9406.220213 4.881406e-15
9407.750590 4.726329e-15
9409.280967 4.978620e-15
9410.811345 4.908469e-15
9412.341722 4.930709e-15
9413.872099 5.141802e-15
9415.402477 5.202324e-15
9416.932854 5.135078e-15
9418.463231 5.184269e-15
9419.993608 5.269303e-15
9421.523986 5.303104e-15
9423.054363 5.173227e-15
9424.584740 4.775864e-15
9426.115117 4.724487e-15
9427.645495 4.574104e-15
9429.175872 3.988169e-15
9430.706249 4.075292e-15
9432.236627 4.242370e-15
9433.767004 3.752956e-15
9435.297381 4.157546e-15
9436.827758 4.387860e-15
9438.358136 4.414900e-15
9439.888513 4.705017e-15
9441.418890 4.964167e-15
9442.949267 4.496782e-15
9444.479645 4.455759e-15
9446.010022 4.693070e-15
9447.540399 4.148981e-15
9449.070776 4.012721e-15
9450.601154 4.238633e-15
9452.131531 4.380559e-15
9453.661908 4.307345e-15
9455.192286 4.331489e-15
9456.722663 4.543242e-15
9458.253040 4.233380e-15
9459.783417 4.213495e-15
9461.313795 4.090556e-15
9462.844172 3.942235e-15
9464.374549 3.931710e-15
9465.904926 3.844602e-15
9467.435304 4.025430e-15
9468.965681 4.486112e-15
9470.496058 4.467895e-15
9472.026435 4.779234e-15
9473.556813 4.689683e-15
9475.087190 4.794426e-15
9476.617567 4.584220e-15
9478.147945 4.252211e-15
9479.678322 4.370578e-15
9481.208699 4.249860e-15
9482.739076 4.032997e-15
9484.269454 3.578372e-15
9485.799831 3.794109e-15
9487.330208 4.090072e-15
9488.860585 3.911561e-15
9490.390963 4.153260e-15
9491.921340 4.877058e-15
9493.451717 5.088764e-15
9494.982095 5.138627e-15
9496.512472 5.112721e-15
9498.042849 4.909881e-15
9499.573226 4.743379e-15
9501.103604 4.668904e-15
9502.633981 4.551470e-15
9504.164358 4.277278e-15
9505.694735 4.046505e-15
9507.225113 4.094026e-15
9508.755490 4.083685e-15
9510.285867 4.267252e-15
9511.816244 4.699152e-15
9513.346622 4.739520e-15
9514.876999 4.878509e-15
9516.407376 5.229472e-15
9517.937754 4.857160e-15
9519.468131 4.608801e-15
9520.998508 4.657463e-15
9522.528885 4.544252e-15
9524.059263 4.573947e-15
9525.589640 4.504157e-15
9527.120017 4.272848e-15
9528.650394 4.259780e-15
9530.180772 4.349250e-15
9531.711149 4.484179e-15
9533.241526 4.466298e-15
9534.771904 4.310757e-15
9536.302281 4.320804e-15
9537.832658 4.662033e-15
9539.363035 4.650014e-15
9540.893413 4.512767e-15
9542.423790 4.422598e-15
9543.954167 4.179923e-15
9545.484544 4.331954e-15
9547.014922 4.651930e-15
9548.545299 4.552280e-15
9550.075676 4.417713e-15
9551.606053 4.559090e-15
9553.136431 4.748083e-15
9554.666808 4.616585e-15
9556.197185 4.645474e-15
9557.727563 4.603589e-15
9559.257940 4.546961e-15
9560.788317 4.767534e-15
9562.318694 4.625155e-15
9563.849072 4.456716e-15
9565.379449 4.401727e-15
9566.909826 4.164319e-15
9568.440203 4.116542e-15
9569.970581 4.151987e-15
9571.500958 4.329224e-15
9573.031335 4.217106e-15
9574.561713 4.108384e-15
9576.092090 4.417232e-15
9577.622467 4.622759e-15
9579.152844 4.658621e-15
9580.683222 4.880907e-15
9582.213599 4.824176e-15
9583.743976 4.573265e-15
9585.274353 4.677732e-15
9586.804731 4.677634e-15
9588.335108 4.677297e-15
9589.865485 4.687287e-15
9591.395862 4.697688e-15
9592.926240 4.708034e-15
9594.456617 4.718405e-15
9595.986994 4.728765e-15
9597.517372 4.739079e-15
9599.047749 4.749405e-15
9600.578126 4.759763e-15
9602.108503 4.770084e-15
9603.638881 4.780366e-15
9605.169258 4.790893e-15
9606.699635 4.801488e-15
9608.230012 4.812102e-15
9609.760390 4.822629e-15
9611.290767 4.833145e-15
9612.821144 4.843602e-15
9614.351521 4.854032e-15
9615.881899 4.864307e-15
9617.412276 4.874310e-15
9618.942653 4.884250e-15
9620.473031 4.894172e-15
9622.003408 4.904274e-15
9623.533785 4.914353e-15
9625.064162 4.923996e-15
9626.594540 4.933526e-15
9628.124917 4.942715e-15
9629.655294 4.951495e-15
9631.185671 4.960136e-15
9632.716049 4.968849e-15
9634.246426 4.977673e-15
9635.776803 4.986442e-15
9637.307181 4.995592e-15
9638.837558 5.004266e-15
9640.367935 5.012169e-15
9641.898312 5.019933e-15
9643.428690 5.027581e-15
9644.959067 5.035207e-15
