3600.000000 1.472561e-16
3602.982388 1.575147e-16
3605.964775 1.220440e-16
3608.947163 1.560884e-16
3611.929550 1.523500e-16
3614.911938 8.721283e-17
3617.894325 1.068098e-16
3620.876713 1.454161e-16
3623.859100 1.317689e-16
3626.841488 1.507959e-16
3629.823875 1.497913e-16
3632.806263 1.329272e-16
3635.788651 1.290951e-16
3638.771038 1.867406e-16
3641.753426 1.736765e-16
3644.735813 1.787402e-16
3647.718201 1.642304e-16
3650.700588 1.544128e-16
3653.682976 1.190258e-16
3656.665363 1.372287e-16
3659.647751 1.463458e-16
3662.630138 1.518120e-16
3665.612526 1.762865e-16
3668.594913 1.477924e-16
3671.577301 1.362763e-16
3674.559689 1.559179e-16
3677.542076 1.786340e-16
3680.524464 1.766935e-16
3683.506851 1.535264e-16
3686.489239 1.390959e-16
3689.471626 1.275468e-16
3692.454014 1.352858e-16
3695.436401 1.387829e-16
3698.418789 1.252830e-16
3701.401176 1.517861e-16
3704.383564 1.739331e-16
3707.365952 1.615594e-16
3710.348339 1.201822e-16
3713.330727 1.549764e-16
3716.313114 1.580384e-16
3719.295502 1.717705e-16
3722.277889 1.738818e-16
3725.260277 1.677592e-16
3728.242664 1.347365e-16
3731.225052 1.572967e-16
3734.207439 1.670489e-16
3737.189827 1.706677e-16
3740.172215 1.497830e-16
3743.154602 1.438533e-16
3746.136990 1.315163e-16
3749.119377 1.634526e-16
3752.101765 1.884379e-16
3755.084152 1.640006e-16
3758.066540 1.502706e-16
3761.048927 1.376397e-16
3764.031315 1.335467e-16
3767.013702 1.838101e-16
3769.996090 1.898391e-16
3772.978477 2.142689e-16
3775.960865 2.030218e-16
3778.943253 2.091844e-16
3781.925640 2.105795e-16
3784.908028 2.234051e-16
3787.890415 2.445524e-16
3790.872803 2.452955e-16
3793.855190 2.456591e-16
3796.837578 2.169047e-16
3799.819965 2.059941e-16
3802.802353 1.710544e-16
3805.784740 1.925486e-16
3808.767128 1.939375e-16
3811.749516 1.928251e-16
3814.731903 1.995220e-16
3817.714291 1.880742e-16
3820.696678 1.732868e-16
3823.679066 1.947499e-16
3826.661453 2.202052e-16
3829.643841 2.062067e-16
3832.626228 2.053306e-16
3835.608616 1.824479e-16
3838.591003 1.803424e-16
3841.573391 1.983813e-16
3844.555779 2.142317e-16
3847.538166 1.948904e-16
3850.520554 1.942916e-16
3853.502941 1.972314e-16
3856.485329 2.054056e-16
3859.467716 1.969836e-16
3862.450104 2.044320e-16
3865.432491 2.144230e-16
3868.414879 2.236709e-16
3871.397266 2.185125e-16
3874.379654 2.325441e-16
3877.362041 2.303167e-16
3880.344429 2.163502e-16
3883.326817 2.162879e-16
3886.309204 2.394419e-16
3889.291592 2.227232e-16
3892.273979 2.000234e-16
3895.256367 2.175117e-16
3898.238754 2.070024e-16
3901.221142 1.897235e-16
3904.203529 1.989559e-16
3907.185917 2.187842e-16
3910.168304 2.199037e-16
3913.150692 2.022602e-16
3916.133080 2.122192e-16
3919.115467 2.007898e-16
3922.097855 1.999616e-16
3925.080242 1.988607e-16
3928.062630 1.962943e-16
3931.045017 2.035919e-16
3934.027405 2.056262e-16
3937.009792 2.264935e-16
3939.992180 2.278569e-16
3942.974567 1.948203e-16
3945.956955 2.059387e-16
3948.939342 1.958932e-16
3951.921730 1.782984e-16
3954.904118 1.720905e-16
3957.886505 1.779268e-16
3960.868893 1.945798e-16
3963.851280 2.051843e-16
3966.833668 2.156644e-16
3969.816055 2.470239e-16
3972.798443 2.306926e-16
3975.780830 2.393475e-16
3978.763218 2.286218e-16
3981.745605 2.547388e-16
3984.727993 2.814364e-16
3987.710381 2.604036e-16
3990.692768 2.551060e-16
3993.675156 2.640634e-16
3996.657543 2.799643e-16
3999.639931 2.766686e-16
4002.622318 2.732804e-16
4005.604706 2.991226e-16
4008.587093 3.061095e-16
4011.569481 3.162130e-16
4014.551868 3.442116e-16
4017.534256 3.425476e-16
4020.516644 3.338329e-16
4023.499031 3.242659e-16
4026.481419 3.259270e-16
4029.463806 3.279277e-16
4032.446194 3.367605e-16
4035.428581 3.039114e-16
4038.410969 2.898749e-16
4041.393356 3.096094e-16
4044.375744 3.197665e-16
4047.358131 3.273009e-16
4050.340519 3.458451e-16
4053.322906 3.350452e-16
4056.305294 3.375344e-16
4059.287682 3.171867e-16
4062.270069 3.171371e-16
4065.252457 3.194322e-16
4068.234844 3.137190e-16
4071.217232 2.976613e-16
4074.199619 2.721996e-16
4077.182007 2.884006e-16
4080.164394 2.876408e-16
4083.146782 2.873619e-16
4086.129169 2.833146e-16
4089.111557 2.765804e-16
4092.093945 2.698904e-16
4095.076332 2.716092e-16
4098.058720 3.002092e-16
4101.041107 2.988469e-16
4104.023495 3.151182e-16
4107.005882 3.466946e-16
4109.988270 3.507058e-16
4112.970657 3.470071e-16
4115.953045 3.344233e-16
4118.935432 3.374498e-16
4121.917820 3.520970e-16
4124.900208 3.684771e-16
4127.882595 3.677722e-16
4130.864983 3.933874e-16
4133.847370 4.091655e-16
4136.829758 4.095489e-16
4139.812145 3.854283e-16
4142.794533 3.643940e-16
4145.776920 3.673461e-16
4148.759308 3.826910e-16
4151.741695 3.856281e-16
4154.724083 3.658189e-16
4157.706470 3.653634e-16
4160.688858 3.775661e-16
4163.671246 3.830253e-16
4166.653633 3.675348e-16
4169.636021 3.496186e-16
4172.618408 3.318459e-16
4175.600796 3.238135e-16
4178.583183 3.099075e-16
4181.565571 3.169381e-16
4184.547958 3.327057e-16
4187.530346 3.300073e-16
4190.512733 3.086885e-16
4193.495121 3.241154e-16
4196.477509 3.203295e-16
4199.459896 3.075529e-16
4202.442284 3.141321e-16
4205.424671 3.160329e-16
4208.407059 3.081271e-16
4211.389446 3.139733e-16
4214.371834 3.080934e-16
4217.354221 2.961288e-16
4220.336609 2.983702e-16
4223.318996 2.863638e-16
4226.301384 2.683769e-16
4229.283772 2.680098e-16
4232.266159 2.701758e-16
4235.248547 2.845135e-16
4238.230934 2.907682e-16
4241.213322 2.856743e-16
4244.195709 2.674225e-16
4247.178097 2.724269e-16
4250.160484 2.963539e-16
4253.142872 2.743786e-16
4256.125259 2.870016e-16
4259.107647 2.727319e-16
4262.090034 2.573951e-16
4265.072422 2.744205e-16
4268.054810 2.655269e-16
4271.037197 2.732024e-16
4274.019585 2.577872e-16
4277.001972 2.466804e-16
4279.984360 2.513993e-16
4282.966747 2.407754e-16
4285.949135 2.271160e-16
4288.931522 2.205770e-16
4291.913910 2.244942e-16
4294.896297 2.135815e-16
4297.878685 2.131252e-16
4300.861073 2.150227e-16
4303.843460 2.081819e-16
4306.825848 1.907024e-16
4309.808235 1.862418e-16
4312.790623 2.012663e-16
4315.773010 1.950054e-16
4318.755398 1.833095e-16
4321.737785 1.966188e-16
4324.720173 2.017683e-16
4327.702560 2.002012e-16
4330.684948 2.087589e-16
4333.667336 2.206268e-16
4336.649723 2.257722e-16
4339.632111 2.208201e-16
4342.614498 2.289429e-16
4345.596886 2.274700e-16
4348.579273 2.232642e-16
4351.561661 2.282720e-16
4354.544048 2.392313e-16
4357.526436 2.392717e-16
4360.508823 2.483689e-16
4363.491211 2.376453e-16
4366.473598 2.337227e-16
4369.455986 2.235649e-16
4372.438374 2.480223e-16
4375.420761 2.566468e-16
4378.403149 2.517112e-16
4381.385536 2.447762e-16
4384.367924 2.363013e-16
4387.350311 2.455607e-16
4390.332699 2.413369e-16
4393.315086 2.354455e-16
4396.297474 2.451999e-16
4399.279861 2.488373e-16
4402.262249 2.342964e-16
4405.244637 2.407629e-16
4408.227024 2.626818e-16
4411.209412 2.511829e-16
4414.191799 2.586603e-16
4417.174187 2.614744e-16
4420.156574 2.472275e-16
4423.138962 2.433968e-16
4426.121349 2.419048e-16
4429.103737 2.452564e-16
4432.086124 2.536936e-16
4435.068512 2.595644e-16
4438.050900 2.611486e-16
4441.033287 2.556444e-16
4444.015675 2.584295e-16
4446.998062 2.595242e-16
4449.980450 2.534518e-16
4452.962837 2.618870e-16
4455.945225 2.743225e-16
4458.927612 2.703567e-16
4461.910000 2.650804e-16
4464.892387 2.652263e-16
4467.874775 2.676848e-16
4470.857162 2.761618e-16
4473.839550 2.722071e-16
4476.821938 2.701977e-16
4479.804325 2.850330e-16
4482.786713 2.796916e-16
4485.769100 2.799523e-16
4488.751488 2.679228e-16
4491.733875 2.745135e-16
4494.716263 2.868635e-16
4497.698650 2.785331e-16
4500.681038 2.712352e-16
4503.663425 2.779867e-16
4506.645813 2.771412e-16
4509.628201 2.559741e-16
4512.610588 2.351429e-16
4515.592976 2.463646e-16
4518.575363 2.638415e-16
4521.557751 2.441472e-16
4524.540138 2.366618e-16
4527.522526 2.426523e-16
4530.504913 2.482542e-16
4533.487301 2.411533e-16
4536.469688 2.366399e-16
4539.452076 2.262049e-16
4542.434463 2.229110e-16
4545.416851 2.172124e-16
4548.399239 2.093542e-16
4551.381626 2.226623e-16
4554.364014 2.322427e-16
4557.346401 2.279245e-16
4560.328789 2.350296e-16
4563.311176 2.339608e-16
4566.293564 2.333046e-16
4569.275951 2.519677e-16
4572.258339 2.695190e-16
4575.240726 2.656916e-16
4578.223114 2.682871e-16
4581.205502 2.748406e-16
4584.187889 2.749210e-16
4587.170277 2.910500e-16
4590.152664 3.089313e-16
4593.135052 3.056030e-16
4596.117439 3.214201e-16
4599.099827 3.354465e-16
4602.082214 3.492805e-16
4605.064602 3.732307e-16
4608.046989 3.853468e-16
4611.029377 4.001905e-16
4614.011765 4.245022e-16
4616.994152 4.483856e-16
4619.976540 4.655679e-16
4622.958927 4.681034e-16
4625.941315 4.727279e-16
4628.923702 4.707335e-16
4631.906090 4.834492e-16
4634.888477 4.790754e-16
4637.870865 4.760494e-16
4640.853252 4.720292e-16
4643.835640 4.730117e-16
4646.818028 4.904818e-16
4649.800415 4.947787e-16
4652.782803 4.886303e-16
4655.765190 4.920525e-16
4658.747578 5.076829e-16
4661.729965 5.293855e-16
4664.712353 5.331641e-16
4667.694740 5.324221e-16
4670.677128 5.349783e-16
4673.659515 5.288644e-16
4676.641903 5.346519e-16
4679.624290 5.399517e-16
4682.606678 5.345931e-16
4685.589066 5.332920e-16
4688.571453 5.249730e-16
4691.553841 5.355140e-16
4694.536228 5.472084e-16
4697.518616 5.502453e-16
4700.501003 5.558674e-16
4703.483391 5.807184e-16
4706.465778 5.813760e-16
4709.448166 5.721374e-16
4712.430553 5.750278e-16
4715.412941 5.800341e-16
4718.395329 5.739092e-16
4721.377716 5.782545e-16
4724.360104 5.851269e-16
4727.342491 5.920991e-16
4730.324879 5.689395e-16
4733.307266 5.607330e-16
4736.289654 5.662647e-16
4739.272041 5.716499e-16
4742.254429 5.518214e-16
4745.236816 5.357262e-16
4748.219204 5.240595e-16
4751.201591 5.294421e-16
4754.183979 5.406507e-16
4757.166367 5.425548e-16
4760.148754 5.185570e-16
4763.131142 5.444599e-16
4766.113529 5.296594e-16
4769.095917 5.204055e-16
4772.078304 4.940887e-16
4775.060692 4.954424e-16
4778.043079 4.831039e-16
4781.025467 4.702541e-16
4784.007854 4.686113e-16
4786.990242 4.779107e-16
4789.972630 4.843527e-16
4792.955017 4.760533e-16
4795.937405 4.710889e-16
4798.919792 4.586094e-16
4801.902180 4.580991e-16
4804.884567 4.515964e-16
4807.866955 4.463194e-16
4810.849342 4.278948e-16
4813.831730 4.074847e-16
4816.814117 3.901369e-16
4819.796505 3.609696e-16
4822.778893 3.440366e-16
4825.761280 3.154794e-16
4828.743668 2.785164e-16
4831.726055 2.782120e-16
4834.708443 2.622860e-16
4837.690830 2.523958e-16
4840.673218 2.526090e-16
4843.655605 2.566979e-16
4846.637993 2.486391e-16
4849.620380 2.436223e-16
4852.602768 2.437517e-16
4855.585155 2.594558e-16
4858.567543 2.646491e-16
4861.549931 2.686484e-16
4864.532318 2.837933e-16
4867.514706 2.889612e-16
4870.497093 2.984668e-16
4873.479481 3.148960e-16
4876.461868 3.264964e-16
4879.444256 3.508712e-16
4882.426643 3.662879e-16
4885.409031 3.765286e-16
4888.391418 3.893411e-16
4891.373806 4.014239e-16
4894.356194 4.195185e-16
4897.338581 4.353863e-16
4900.320969 4.430589e-16
4903.303356 4.471239e-16
4906.285744 4.555391e-16
4909.268131 4.677751e-16
4912.250519 4.854836e-16
4915.232906 4.707268e-16
4918.215294 4.640341e-16
4921.197681 4.761730e-16
4924.180069 4.675874e-16
4927.162457 4.635755e-16
4930.144844 4.622235e-16
4933.127232 4.757043e-16
4936.109619 4.935684e-16
4939.092007 5.072619e-16
4942.074394 5.179351e-16
4945.056782 5.291311e-16
4948.039169 5.410588e-16
4951.021557 5.300761e-16
4954.003944 5.427367e-16
4956.986332 5.463378e-16
4959.968719 5.530260e-16
4962.951107 5.911870e-16
4965.933495 5.902141e-16
4968.915882 5.802088e-16
4971.898270 5.888737e-16
4974.880657 5.925609e-16
4977.863045 5.993431e-16
4980.845432 5.964044e-16
4983.827820 5.688222e-16
4986.810207 5.605036e-16
4989.792595 5.475342e-16
4992.774982 5.341684e-16
4995.757370 5.144685e-16
4998.739758 5.161059e-16
5001.722145 5.063596e-16
5004.704533 4.911652e-16
5007.686920 4.855597e-16
5010.669308 4.700782e-16
5013.651695 4.557158e-16
5016.634083 4.547207e-16
5019.616470 4.377935e-16
5022.598858 4.243741e-16
5025.581245 4.283485e-16
5028.563633 4.200805e-16
5031.546021 4.139665e-16
5034.528408 4.254732e-16
5037.510796 4.397920e-16
5040.493183 4.496776e-16
5043.475571 4.612800e-16
5046.457958 4.718329e-16
5049.440346 4.908589e-16
5052.422733 5.020823e-16
5055.405121 5.207178e-16
5058.387508 5.342488e-16
5061.369896 5.620388e-16
5064.352283 5.797766e-16
5067.334671 5.866716e-16
5070.317059 6.003249e-16
5073.299446 6.084915e-16
5076.281834 6.209201e-16
5079.264221 6.231230e-16
5082.246609 6.262847e-16
5085.228996 6.360517e-16
5088.211384 6.378890e-16
5091.193771 6.323095e-16
5094.176159 6.219650e-16
5097.158546 6.070587e-16
5100.140934 6.082057e-16
5103.123322 5.905373e-16
5106.105709 5.790200e-16
5109.088097 5.777151e-16
5112.070484 5.663710e-16
5115.052872 5.643639e-16
5118.035259 5.717584e-16
5121.017647 5.491006e-16
5124.000034 5.056549e-16
5126.982422 4.727115e-16
5129.964809 4.473338e-16
5132.947197 4.244424e-16
5135.929584 4.165763e-16
5138.911972 4.129296e-16
5141.894360 3.927422e-16
5144.876747 3.797621e-16
5147.859135 3.610817e-16
5150.841522 3.447789e-16
5153.823910 3.418428e-16
5156.806297 3.268358e-16
5159.788685 3.124229e-16
5162.771072 3.093142e-16
5165.753460 2.979421e-16
5168.735847 2.904406e-16
5171.718235 2.863905e-16
5174.700623 2.884577e-16
5177.683010 2.974845e-16
5180.665398 2.955971e-16
5183.647785 3.035767e-16
5186.630173 3.083680e-16
5189.612560 3.009324e-16
5192.594948 3.120184e-16
5195.577335 3.268599e-16
5198.559723 3.281586e-16
5201.542110 3.411852e-16
5204.524498 3.533872e-16
5207.506886 3.477388e-16
5210.489273 3.573406e-16
5213.471661 3.657884e-16
5216.454048 3.767528e-16
5219.436436 3.867340e-16
5222.418823 4.133020e-16
5225.401211 4.094113e-16
5228.383598 4.138866e-16
5231.365986 4.370029e-16
5234.348373 4.351479e-16
5237.330761 4.273289e-16
5240.313149 4.269247e-16
5243.295536 4.362487e-16
5246.277924 4.288995e-16
5249.260311 4.178303e-16
5252.242699 4.321611e-16
5255.225086 4.424640e-16
5258.207474 4.580807e-16
5261.189861 4.647222e-16
5264.172249 4.646659e-16
5267.154636 4.672490e-16
5270.137024 4.554860e-16
5273.119411 4.549039e-16
5276.101799 4.633849e-16
5279.084187 4.587710e-16
5282.066574 4.524358e-16
5285.048962 4.442892e-16
5288.031349 4.447163e-16
5291.013737 4.526056e-16
5293.996124 4.510940e-16
5296.978512 4.492509e-16
5299.960899 4.443736e-16
5302.943287 4.462774e-16
5305.925674 4.455500e-16
5308.908062 4.492408e-16
5311.890450 4.498183e-16
5314.872837 4.423846e-16
5317.855225 4.423622e-16
5320.837612 4.564530e-16
5323.820000 4.535702e-16
5326.802387 4.452537e-16
5329.784775 4.380345e-16
5332.767162 4.408390e-16
5335.749550 4.507707e-16
5338.731937 4.437270e-16
5341.714325 4.337818e-16
5344.696712 4.426981e-16
5347.679100 4.588682e-16
5350.661488 4.606896e-16
5353.643875 4.704117e-16
5356.626263 4.729036e-16
5359.608650 4.713799e-16
5362.591038 4.855819e-16
5365.573425 4.889771e-16
5368.555813 4.981150e-16
5371.538200 5.019441e-16
5374.520588 5.002700e-16
5377.502975 5.064866e-16
5380.485363 5.124483e-16
5383.467751 5.079526e-16
5386.450138 5.100549e-16
5389.432526 5.209198e-16
5392.414913 5.229560e-16
5395.397301 5.206705e-16
5398.379688 5.212694e-16
5401.362076 5.225444e-16
5404.344463 5.242424e-16
5407.326851 5.413617e-16
5410.309238 5.354632e-16
5413.291626 5.366145e-16
5416.274014 5.376076e-16
5419.256401 5.409103e-16
5422.238789 5.457425e-16
5425.221176 5.332788e-16
5428.203564 5.319609e-16
5431.185951 5.388881e-16
5434.168339 5.463723e-16
5437.150726 5.432415e-16
5440.133114 5.247806e-16
5443.115501 5.259395e-16
5446.097889 5.411966e-16
5449.080276 5.460660e-16
5452.062664 5.385589e-16
5455.045052 5.428156e-16
5458.027439 5.357932e-16
5461.009827 5.352875e-16
5463.992214 5.479419e-16
5466.974602 5.650423e-16
5469.956989 5.674044e-16
5472.939377 5.516596e-16
5475.921764 5.501951e-16
5478.904152 5.706301e-16
5481.886539 5.663064e-16
5484.868927 5.562078e-16
5487.851315 5.725444e-16
5490.833702 5.652562e-16
5493.816090 5.438453e-16
5496.798477 5.343849e-16
5499.780865 5.299511e-16
5502.763252 5.213634e-16
5505.745640 5.236847e-16
5508.728027 5.331816e-16
5511.710415 5.340942e-16
5514.692802 5.109344e-16
5517.675190 5.088250e-16
5520.657578 5.237322e-16
5523.639965 5.092417e-16
5526.622353 4.981016e-16
5529.604740 4.988745e-16
5532.587128 4.972763e-16
5535.569515 4.949465e-16
5538.551903 4.951523e-16
5541.534290 4.917145e-16
5544.516678 4.836552e-16
5547.499065 4.781694e-16
5550.481453 4.826729e-16
5553.463840 4.939792e-16
5556.446228 5.045793e-16
5559.428616 5.059752e-16
5562.411003 5.050592e-16
5565.393391 5.147961e-16
5568.375778 5.242986e-16
5571.358166 5.308497e-16
5574.340553 5.509987e-16
5577.322941 5.591212e-16
5580.305328 5.501024e-16
5583.287716 5.625122e-16
5586.270103 5.616934e-16
5589.252491 5.757137e-16
5592.234879 5.811859e-16
5595.217266 5.852903e-16
5598.199654 5.800591e-16
5601.182041 5.720290e-16
5604.164429 5.756048e-16
5607.146816 5.810956e-16
5610.129204 5.632183e-16
5613.111591 5.693453e-16
5616.093979 5.643980e-16
5619.076366 5.613822e-16
5622.058754 5.611604e-16
5625.041142 5.402467e-16
5628.023529 5.180654e-16
5631.005917 5.146934e-16
5633.988304 5.088718e-16
5636.970692 5.050459e-16
5639.953079 5.075143e-16
5642.935467 4.896475e-16
5645.917854 4.691473e-16
5648.900242 4.699279e-16
5651.882629 4.747156e-16
5654.865017 4.727369e-16
5657.847404 4.630284e-16
5660.829792 4.603449e-16
5663.812180 4.686021e-16
5666.794567 4.526589e-16
5669.776955 4.325709e-16
5672.759342 4.413376e-16
5675.741730 4.436438e-16
5678.724117 4.357692e-16
5681.706505 4.372244e-16
5684.688892 4.280734e-16
5687.671280 4.156902e-16
5690.653667 4.252911e-16
5693.636055 4.351521e-16
5696.618443 4.271482e-16
5699.600830 4.326536e-16
5702.583218 4.506078e-16
5705.565605 4.612357e-16
5708.547993 4.721662e-16
5711.530380 4.812609e-16
5714.512768 4.872055e-16
5717.495155 4.945653e-16
5720.477543 4.968176e-16
5723.459930 5.043091e-16
5726.442318 5.154668e-16
5729.424706 5.188490e-16
5732.407093 5.226044e-16
5735.389481 5.188615e-16
5738.371868 5.258892e-16
5741.354256 5.288659e-16
5744.336643 5.229247e-16
5747.319031 5.197961e-16
5750.301418 5.225825e-16
5753.283806 5.348701e-16
5756.266193 5.372268e-16
5759.248581 5.422182e-16
5762.230968 5.358977e-16
5765.213356 5.244998e-16
5768.195744 5.254495e-16
5771.178131 5.264758e-16
5774.160519 5.225458e-16
5777.142906 5.217353e-16
5780.125294 5.167871e-16
5783.107681 5.122786e-16
5786.090069 5.184607e-16
5789.072456 5.144557e-16
5792.054844 5.009566e-16
5795.037231 5.016717e-16
5798.019619 5.118236e-16
5801.002007 5.037694e-16
5803.984394 5.016560e-16
5806.966782 4.979009e-16
5809.949169 4.936206e-16
5812.931557 4.861726e-16
5815.913944 4.768840e-16
5818.896332 4.643412e-16
5821.878719 4.665391e-16
5824.861107 4.459255e-16
5827.843494 4.246486e-16
5830.825882 4.197880e-16
5833.808270 4.032942e-16
5836.790657 3.829440e-16
5839.773045 3.723441e-16
5842.755432 3.565270e-16
5845.737820 3.292151e-16
5848.720207 3.059429e-16
5851.702595 3.003016e-16
5854.684982 3.030284e-16
5857.667370 3.037024e-16
5860.649757 3.076103e-16
5863.632145 3.100373e-16
5866.614532 3.041885e-16
5869.596920 2.968999e-16
5872.579308 3.014465e-16
5875.561695 3.142485e-16
5878.544083 3.216054e-16
5881.526470 3.301069e-16
5884.508858 3.225836e-16
5887.491245 3.209013e-16
5890.473633 3.237545e-16
5893.456020 3.224000e-16
5896.438408 3.297958e-16
5899.420795 3.340581e-16
5902.403183 3.396558e-16
5905.385571 3.571151e-16
5908.367958 3.594807e-16
5911.350346 3.537790e-16
5914.332733 3.649241e-16
5917.315121 3.733828e-16
5920.297508 3.812015e-16
5923.279896 3.957609e-16
5926.262283 4.218953e-16
5929.244671 4.366774e-16
5932.227058 4.452598e-16
5935.209446 4.540124e-16
5938.191834 4.613374e-16
5941.174221 4.789379e-16
5944.156609 4.834087e-16
5947.138996 5.044494e-16
5950.121384 5.142328e-16
5953.103771 5.128838e-16
5956.086159 5.189023e-16
5959.068546 5.250836e-16
5962.050934 5.320720e-16
5965.033321 5.346358e-16
5968.015709 5.415455e-16
5970.998096 5.471703e-16
5973.980484 5.528400e-16
5976.962872 5.549945e-16
5979.945259 5.415914e-16
5982.927647 5.420208e-16
5985.910034 5.380492e-16
5988.892422 5.347096e-16
5991.874809 5.398209e-16
5994.857197 5.508374e-16
5997.839584 5.481711e-16
6000.821972 5.432506e-16
6003.804359 5.347397e-16
6006.786747 5.366197e-16
6009.769135 5.443856e-16
6012.751522 5.353838e-16
6015.733910 5.341191e-16
6018.716297 5.409069e-16
6021.698685 5.401047e-16
6024.681072 5.487655e-16
6027.663460 5.474743e-16
6030.645847 5.422817e-16
6033.628235 5.316903e-16
6036.610622 5.303175e-16
6039.593010 5.303377e-16
6042.575397 5.302730e-16
6045.557785 5.306339e-16
6048.540173 5.175454e-16
6051.522560 5.094473e-16
6054.504948 5.219251e-16
6057.487335 5.253482e-16
6060.469723 5.085918e-16
6063.452110 5.024706e-16
6066.434498 5.044354e-16
6069.416885 4.983907e-16
6072.399273 4.960525e-16
6075.381660 4.971133e-16
6078.364048 4.886639e-16
6081.346436 4.901228e-16
6084.328823 5.044306e-16
6087.311211 4.958597e-16
6090.293598 4.926749e-16
6093.275986 4.902592e-16
6096.258373 4.652301e-16
6099.240761 4.510649e-16
6102.223148 4.668929e-16
6105.205536 4.761850e-16
6108.187923 4.758158e-16
6111.170311 4.690190e-16
6114.152699 4.614964e-16
6117.135086 4.547913e-16
6120.117474 4.631608e-16
6123.099861 4.683595e-16
6126.082249 4.521075e-16
6129.064636 4.472036e-16
6132.047024 4.518443e-16
6135.029411 4.505335e-16
6138.011799 4.435579e-16
6140.994186 4.392294e-16
6143.976574 4.478805e-16
6146.958961 4.500698e-16
6149.941349 4.413399e-16
6152.923737 4.378626e-16
6155.906124 4.421350e-16
6158.888512 4.352771e-16
6161.870899 4.255576e-16
6164.853287 4.267165e-16
6167.835674 4.269183e-16
6170.818062 4.297418e-16
6173.800449 4.329071e-16
6176.782837 4.324651e-16
6179.765224 4.286890e-16
6182.747612 4.277404e-16
6185.730000 4.434928e-16
6188.712387 4.379537e-16
6191.694775 4.332372e-16
6194.677162 4.272098e-16
6197.659550 4.404873e-16
6200.641937 4.462324e-16
6203.624325 4.423776e-16
6206.606712 4.421575e-16
6209.589100 4.311330e-16
6212.571487 4.207848e-16
6215.553875 4.357058e-16
6218.536263 4.464680e-16
6221.518650 4.353945e-16
6224.501038 4.278580e-16
6227.483425 4.288984e-16
6230.465813 4.261158e-16
6233.448200 4.272927e-16
6236.430588 4.363989e-16
6239.412975 4.406837e-16
6242.395363 4.445945e-16
6245.377750 4.314260e-16
6248.360138 4.146337e-16
6251.342525 4.012669e-16
6254.324913 4.045120e-16
6257.307301 4.123353e-16
6260.289688 4.109249e-16
6263.272076 4.032321e-16
6266.254463 3.953757e-16
6269.236851 3.917762e-16
6272.219238 3.864151e-16
6275.201626 3.880507e-16
6278.184013 3.974697e-16
6281.166401 4.020827e-16
6284.148788 4.073737e-16
6287.131176 4.023450e-16
6290.113564 4.126772e-16
6293.095951 4.199563e-16
6296.078339 4.241196e-16
6299.060726 4.193636e-16
6302.043114 4.105080e-16
6305.025501 4.311882e-16
6308.007889 4.400237e-16
6310.990276 4.310077e-16
6313.972664 4.260127e-16
6316.955051 4.263858e-16
6319.937439 4.448623e-16
6322.919827 4.566608e-16
6325.902214 4.400898e-16
6328.884602 4.352315e-16
6331.866989 4.445518e-16
6334.849377 4.508494e-16
6337.831764 4.437485e-16
6340.814152 4.410125e-16
6343.796539 4.477682e-16
6346.778927 4.388559e-16
6349.761314 4.396856e-16
6352.743702 4.382189e-16
6355.726089 4.329266e-16
6358.708477 4.395754e-16
6361.690865 4.416061e-16
6364.673252 4.432930e-16
6367.655640 4.428862e-16
6370.638027 4.352047e-16
6373.620415 4.288127e-16
6376.602802 4.151793e-16
6379.585190 4.135554e-16
6382.567577 4.153323e-16
6385.549965 4.098140e-16
6388.532352 4.177521e-16
6391.514740 4.224347e-16
6394.497128 4.237554e-16
6397.479515 4.119785e-16
6400.461903 4.054550e-16
6403.444290 4.105920e-16
6406.426678 4.108370e-16
6409.409065 4.033636e-16
6412.391453 3.998356e-16
6415.373840 4.068429e-16
6418.356228 4.148804e-16
6421.338615 4.181567e-16
6424.321003 4.148749e-16
6427.303391 4.022833e-16
6430.285778 4.057055e-16
6433.268166 3.995432e-16
6436.250553 3.914564e-16
6439.232941 3.902023e-16
6442.215328 3.945460e-16
6445.197716 4.123278e-16
6448.180103 4.057125e-16
6451.162491 3.966251e-16
6454.144878 3.945898e-16
6457.127266 3.859396e-16
6460.109653 3.736224e-16
6463.092041 3.735584e-16
6466.074429 3.853867e-16
6469.056816 3.787135e-16
6472.039204 3.722213e-16
6475.021591 3.677103e-16
6478.003979 3.631831e-16
6480.986366 3.622557e-16
6483.968754 3.566356e-16
6486.951141 3.565583e-16
6489.933529 3.532303e-16
6492.915916 3.493283e-16
6495.898304 3.434228e-16
6498.880692 3.433630e-16
6501.863079 3.467061e-16
6504.845467 3.390150e-16
6507.827854 3.255226e-16
6510.810242 3.170420e-16
6513.792629 3.060326e-16
6516.775017 2.830691e-16
6519.757404 2.718873e-16
6522.739792 2.646328e-16
6525.722179 2.609341e-16
6528.704567 2.599770e-16
6531.686954 2.610075e-16
6534.669342 2.537324e-16
6537.651730 2.554265e-16
6540.634117 2.635470e-16
6543.616505 2.754907e-16
6546.598892 3.015995e-16
6549.581280 3.289385e-16
6552.563667 3.324645e-16
6555.546055 3.293441e-16
6558.528442 3.530818e-16
6561.510830 3.771178e-16
6564.493217 3.915268e-16
6567.475605 3.974286e-16
6570.457993 4.074208e-16
6573.440380 4.239308e-16
6576.422768 4.465267e-16
6579.405155 4.738285e-16
6582.387543 4.998062e-16
6585.369930 5.313247e-16
6588.352318 5.596206e-16
6591.334705 5.882390e-16
6594.317093 6.213777e-16
6597.299480 6.494871e-16
6600.281868 6.749980e-16
6603.264256 6.853328e-16
6606.246643 7.210863e-16
6609.229031 7.559238e-16
6612.211418 7.661257e-16
6615.193806 7.697442e-16
6618.176193 7.840920e-16
6621.158581 7.955527e-16
6624.140968 8.139706e-16
6627.123356 8.221019e-16
6630.105743 8.307750e-16
6633.088131 8.371314e-16
6636.070518 8.293874e-16
6639.052906 8.380608e-16
6642.035294 8.532889e-16
6645.017681 8.578824e-16
6648.000069 8.429323e-16
6650.982456 8.319839e-16
6653.964844 8.457247e-16
6656.947231 8.477998e-16
6659.929619 8.397281e-16
6662.912006 8.493809e-16
6665.894394 9.144458e-16
6668.876781 9.631420e-16
6671.859169 9.519227e-16
6674.841557 9.353881e-16
6677.823944 9.327140e-16
6680.806332 8.871518e-16
6683.788719 8.030674e-16
6686.771107 7.784064e-16
6689.753494 7.839361e-16
6692.735882 7.995337e-16
6695.718269 7.998119e-16
6698.700657 7.789251e-16
6701.683044 7.557559e-16
6704.665432 7.296101e-16
6707.647820 7.184038e-16
6710.630207 7.113416e-16
6713.612595 7.020808e-16
6716.594982 6.859644e-16
6719.577370 6.730903e-16
6722.559757 6.802290e-16
6725.542145 6.701503e-16
6728.524532 6.552456e-16
6731.506920 6.469621e-16
6734.489307 6.261619e-16
6737.471695 6.204250e-16
6740.454082 5.953228e-16
6743.436470 5.961893e-16
6746.418858 6.042025e-16
6749.401245 6.050951e-16
6752.383633 6.021882e-16
6755.366020 5.831780e-16
6758.348408 5.685508e-16
6761.330795 5.665419e-16
6764.313183 5.457294e-16
6767.295570 5.237124e-16
6770.277958 5.289704e-16
6773.260345 5.337137e-16
6776.242733 5.390450e-16
6779.225121 5.239037e-16
6782.207508 5.164347e-16
6785.189896 5.004150e-16
6788.172283 4.885770e-16
6791.154671 4.944022e-16
6794.137058 4.937315e-16
6797.119446 4.794552e-16
6800.101833 4.681868e-16
6803.084221 4.639900e-16
6806.066608 4.622824e-16
6809.048996 4.640988e-16
6812.031384 4.575205e-16
6815.013771 4.366282e-16
6817.996159 4.285616e-16
6820.978546 4.283165e-16
6823.960934 4.296720e-16
6826.943321 4.251045e-16
6829.925709 4.349246e-16
6832.908096 4.467487e-16
6835.890484 4.345010e-16
6838.872871 4.193548e-16
6841.855259 4.186339e-16
6844.837646 4.128828e-16
6847.820034 3.979558e-16
6850.802422 3.908736e-16
6853.784809 3.819675e-16
6856.767197 3.727393e-16
6859.749584 3.548730e-16
6862.731972 3.294030e-16
6865.714359 3.341317e-16
6868.696747 3.525341e-16
6871.679134 3.640908e-16
6874.661522 3.672512e-16
6877.643909 3.682700e-16
6880.626297 3.655366e-16
6883.608685 3.548786e-16
6886.591072 3.631194e-16
6889.573460 3.734643e-16
6892.555847 3.734198e-16
6895.538235 3.754869e-16
6898.520622 3.716523e-16
6901.503010 3.584752e-16
6904.485397 3.576280e-16
6907.467785 3.547808e-16
6910.450172 3.559053e-16
6913.432560 3.629832e-16
6916.414948 3.611339e-16
6919.397335 3.601228e-16
6922.379723 3.642922e-16
6925.362110 3.625305e-16
6928.344498 3.584662e-16
6931.326885 3.636849e-16
6934.309273 3.578034e-16
6937.291660 3.430416e-16
6940.274048 3.382565e-16
6943.256435 3.438331e-16
6946.238823 3.411044e-16
6949.221210 3.389303e-16
6952.203598 3.373105e-16
6955.185986 3.377550e-16
6958.168373 3.387760e-16
6961.150761 3.316474e-16
6964.133148 3.420576e-16
6967.115536 3.399792e-16
6970.097923 3.385654e-16
6973.080311 3.394955e-16
6976.062698 3.356999e-16
6979.045086 3.327193e-16
6982.027473 3.317504e-16
6985.009861 3.273069e-16
6987.992249 3.202489e-16
6990.974636 3.191498e-16
6993.957024 3.281645e-16
6996.939411 3.311660e-16
6999.921799 3.273871e-16
7002.904186 3.407073e-16
7005.886574 3.418768e-16
7008.868961 3.388084e-16
7011.851349 3.309469e-16
7014.833736 3.237654e-16
7017.816124 3.190425e-16
7020.798512 3.187877e-16
7023.780899 3.136947e-16
7026.763287 3.074608e-16
7029.745674 3.111880e-16
7032.728062 3.155289e-16
7035.710449 3.118143e-16
7038.692837 3.120721e-16
7041.675224 3.228788e-16
7044.657612 3.224259e-16
7047.639999 3.271038e-16
7050.622387 3.461817e-16
7053.604774 3.332342e-16
7056.587162 3.115305e-16
7059.569550 3.173724e-16
7062.551937 3.344033e-16
7065.534325 3.242945e-16
7068.516712 3.063390e-16
7071.499100 3.095033e-16
7074.481487 3.104285e-16
7077.463875 3.125972e-16
7080.446262 3.165523e-16
7083.428650 3.274309e-16
7086.411037 3.358417e-16
7089.393425 3.421086e-16
7092.375813 3.465281e-16
7095.358200 3.462333e-16
7098.340588 3.577452e-16
7101.322975 3.658240e-16
7104.305363 3.611930e-16
7107.287750 3.585119e-16
7110.270138 3.521704e-16
7113.252525 3.477917e-16
7116.234913 3.495161e-16
7119.217300 3.451579e-16
7122.199688 3.380923e-16
7125.182075 3.385276e-16
7128.164463 3.472665e-16
7131.146851 3.522557e-16
7134.129238 3.478739e-16
7137.111626 3.448402e-16
7140.094013 3.498392e-16
7143.076401 3.577441e-16
7146.058788 3.610813e-16
7149.041176 3.588939e-16
7152.023563 3.527502e-16
7155.005951 3.534743e-16
7157.988338 3.507731e-16
7160.970726 3.442475e-16
7163.953114 3.511807e-16
7166.935501 3.503952e-16
7169.917889 3.385334e-16
7172.900276 3.339863e-16
7175.882664 3.252448e-16
7178.865051 3.105016e-16
7181.847439 3.110881e-16
7184.829826 3.264598e-16
7187.812214 3.441528e-16
7190.794601 3.516851e-16
7193.776989 3.524518e-16
7196.759377 3.436897e-16
7199.741764 3.494795e-16
7202.724152 3.483651e-16
7205.706539 3.465057e-16
7208.688927 3.397821e-16
7211.671314 3.384127e-16
7214.653702 3.361741e-16
7217.636089 3.161256e-16
7220.618477 3.113125e-16
7223.600864 3.102059e-16
7226.583252 3.288577e-16
7229.565639 3.311964e-16
7232.548027 3.300177e-16
7235.530415 3.341568e-16
7238.512802 3.542808e-16
7241.495190 3.557967e-16
7244.477577 3.381714e-16
7247.459965 3.263292e-16
7250.442352 3.362252e-16
7253.424740 3.513428e-16
7256.407127 3.384741e-16
7259.389515 3.474789e-16
7262.371902 3.507939e-16
7265.354290 3.451265e-16
7268.336678 3.363312e-16
7271.319065 3.388180e-16
7274.301453 3.377109e-16
7277.283840 3.327162e-16
7280.266228 3.386589e-16
7283.248615 3.477180e-16
7286.231003 3.451436e-16
7289.213390 3.296589e-16
7292.195778 3.175220e-16
7295.178165 3.290128e-16
7298.160553 3.357103e-16
7301.142941 3.445460e-16
7304.125328 3.478002e-16
7307.107716 3.505476e-16
7310.090103 3.559244e-16
7313.072491 3.652700e-16
7316.054878 3.751786e-16
7319.037266 3.595401e-16
7322.019653 3.286837e-16
7325.002041 3.281914e-16
7327.984428 3.347147e-16
7330.966816 3.127028e-16
7333.949203 3.104561e-16
7336.931591 3.210989e-16
7339.913979 3.367426e-16
7342.896366 3.502311e-16
7345.878754 3.547669e-16
7348.861141 3.736206e-16
7351.843529 3.878497e-16
7354.825916 3.773710e-16
7357.808304 3.695980e-16
7360.790691 3.567390e-16
7363.773079 3.386278e-16
7366.755466 3.360037e-16
7369.737854 3.412027e-16
7372.720242 3.587904e-16
7375.702629 3.661151e-16
7378.685017 3.618553e-16
7381.667404 3.649652e-16
7384.649792 3.691011e-16
7387.632179 3.664035e-16
7390.614567 3.758490e-16
7393.596954 3.876497e-16
7396.579342 3.754388e-16
7399.561729 3.712729e-16
7402.544117 3.708185e-16
7405.526505 3.675576e-16
7408.508892 3.497733e-16
7411.491280 3.377107e-16
7414.473667 3.466690e-16
7417.456055 3.458402e-16
7420.438442 3.413120e-16
7423.420830 3.335149e-16
7426.403217 3.177913e-16
7429.385605 3.277138e-16
7432.367992 3.437380e-16
7435.350380 3.373916e-16
7438.332767 3.297420e-16
7441.315155 3.295677e-16
7444.297543 3.339414e-16
7447.279930 3.476261e-16
7450.262318 3.587487e-16
7453.244705 3.561346e-16
7456.227093 3.408660e-16
7459.209480 3.326386e-16
7462.191868 3.412840e-16
7465.174255 3.366172e-16
7468.156643 3.277808e-16
7471.139030 3.167427e-16
7474.121418 3.160294e-16
7477.103806 3.175754e-16
7480.086193 3.088414e-16
7483.068581 3.184666e-16
7486.050968 3.349103e-16
7489.033356 3.347369e-16
7492.015743 3.339664e-16
7494.998131 3.345379e-16
7497.980518 3.307876e-16
7500.962906 3.277567e-16
7503.945293 3.196888e-16
7506.927681 3.092580e-16
7509.910069 3.097965e-16
7512.892456 3.118540e-16
7515.874844 3.148747e-16
7518.857231 3.148872e-16
7521.839619 3.220344e-16
7524.822006 3.350663e-16
7527.804394 3.353948e-16
7530.786781 3.354019e-16
7533.769169 3.318898e-16
7536.751556 3.357332e-16
7539.733944 3.384132e-16
7542.716331 3.333028e-16
7545.698719 3.212073e-16
7548.681107 3.246147e-16
7551.663494 3.150555e-16
7554.645882 2.953077e-16
7557.628269 3.026878e-16
7560.610657 3.217006e-16
7563.593044 3.325228e-16
7566.575432 3.313521e-16
7569.557819 3.317240e-16
7572.540207 3.272072e-16
7575.522594 3.177030e-16
7578.504982 3.034813e-16
7581.487370 2.926441e-16
7584.469757 2.764222e-16
7587.452145 2.537670e-16
7590.434532 2.309301e-16
7593.416920 2.132466e-16
7596.399307 2.253742e-16
7599.381695 2.666511e-16
7602.364082 2.992711e-16
7605.346470 2.836979e-16
7608.328857 3.513112e-16
7611.311245 3.793152e-16
7614.293633 3.380616e-16
7617.276020 2.790816e-16
7620.258408 2.577290e-16
7623.240795 2.669010e-16
7626.223183 2.469671e-16
7629.205570 2.413202e-16
7632.187958 2.796732e-16
7635.170345 2.965978e-16
7638.152733 3.044459e-16
7641.135120 3.153240e-16
7644.117508 3.395020e-16
7647.099895 3.510228e-16
7650.082283 3.196240e-16
7653.064671 2.926288e-16
7656.047058 2.850585e-16
7659.029446 2.764302e-16
7662.011833 2.801898e-16
7664.994221 2.814859e-16
7667.976608 2.759035e-16
7670.958996 2.609593e-16
7673.941383 2.656239e-16
7676.923771 2.797407e-16
7679.906158 2.975286e-16
7682.888546 3.209380e-16
7685.870934 3.290400e-16
7688.853321 3.206391e-16
7691.835709 3.240756e-16
7694.818096 3.459140e-16
7697.800484 3.498885e-16
7700.782871 3.122752e-16
7703.765259 2.694256e-16
7706.747646 2.404792e-16
7709.730034 2.452818e-16
7712.712421 2.746889e-16
7715.694809 2.909151e-16
7718.677196 3.187666e-16
7721.659584 3.466361e-16
7724.641972 3.193148e-16
7727.624359 2.930329e-16
7730.606747 2.694740e-16
7733.589134 2.598049e-16
7736.571522 2.534182e-16
7739.553909 2.377913e-16
7742.536297 2.317348e-16
7745.518684 2.452208e-16
7748.501072 2.613878e-16
7751.483459 2.713529e-16
7754.465847 2.687173e-16
7757.448235 2.466380e-16
7760.430622 2.406772e-16
7763.413010 2.462877e-16
7766.395397 2.320006e-16
7769.377785 2.340138e-16
7772.360172 2.376830e-16
7775.342560 2.399942e-16
7778.324947 2.523268e-16
7781.307335 2.629345e-16
7784.289722 2.647043e-16
7787.272110 2.591643e-16
7790.254498 2.568783e-16
7793.236885 2.698970e-16
7796.219273 2.515622e-16
7799.201660 2.369537e-16
7802.184048 2.464274e-16
7805.166435 2.430495e-16
7808.148823 2.271348e-16
7811.131210 2.274292e-16
7814.113598 2.312357e-16
7817.095985 2.236091e-16
7820.078373 2.282414e-16
7823.060760 2.408768e-16
7826.043148 2.389673e-16
7829.025536 2.366128e-16
7832.007923 2.493096e-16
7834.990311 2.526768e-16
7837.972698 2.449658e-16
7840.955086 2.443463e-16
7843.937473 2.599638e-16
7846.919861 2.650206e-16
7849.902248 2.586772e-16
7852.884636 2.795572e-16
7855.867023 2.885516e-16
7858.849411 2.925047e-16
7861.831799 3.180739e-16
7864.814186 3.192303e-16
7867.796574 2.945109e-16
7870.778961 2.869824e-16
7873.761349 2.971853e-16
7876.743736 2.835091e-16
7879.726124 2.608193e-16
7882.708511 2.609419e-16
7885.690899 2.716371e-16
7888.673286 2.905414e-16
7891.655674 2.901695e-16
7894.638062 2.987757e-16
7897.620449 3.303509e-16
7900.602837 3.274291e-16
7903.585224 3.210261e-16
7906.567612 3.347916e-16
7909.549999 3.350470e-16
7912.532387 3.189375e-16
7915.514774 2.974819e-16
7918.497162 2.766830e-16
7921.479549 2.507166e-16
7924.461937 2.674491e-16
7927.444324 2.643705e-16
7930.426712 2.513697e-16
7933.409100 2.517295e-16
7936.391487 2.567728e-16
7939.373875 2.648665e-16
7942.356262 2.687564e-16
7945.338650 2.676010e-16
7948.321037 2.817980e-16
7951.303425 3.022592e-16
7954.285812 3.118798e-16
7957.268200 3.028996e-16
7960.250587 2.884593e-16
7963.232975 2.980296e-16
7966.215363 2.867752e-16
7969.197750 2.644016e-16
7972.180138 2.592839e-16
7975.162525 2.464690e-16
7978.144913 2.401161e-16
7981.127300 2.257535e-16
7984.109688 2.373172e-16
7987.092075 2.431513e-16
7990.074463 2.469714e-16
7993.056850 2.626909e-16
7996.039238 2.780040e-16
7999.021626 2.877584e-16
8002.004013 2.813583e-16
8004.986401 2.713620e-16
8007.968788 2.905496e-16
8010.951176 3.025796e-16
8013.933563 3.095361e-16
8016.915951 2.871356e-16
8019.898338 2.643930e-16
8022.880726 2.488898e-16
8025.863113 2.316679e-16
8028.845501 2.316837e-16
8031.827888 2.273105e-16
8034.810276 2.103727e-16
8037.792664 2.210094e-16
8040.775051 2.250141e-16
8043.757439 2.234534e-16
8046.739826 2.240745e-16
8049.722214 2.342136e-16
8052.704601 2.547254e-16
8055.686989 2.641233e-16
8058.669376 2.782828e-16
8061.651764 3.010659e-16
8064.634151 2.948886e-16
8067.616539 2.754321e-16
8070.598927 2.606063e-16
8073.581314 2.337602e-16
8076.563702 2.229446e-16
8079.546089 2.219532e-16
8082.528477 2.076778e-16
8085.510864 2.069136e-16
8088.493252 2.096043e-16
8091.475639 1.999039e-16
8094.458027 2.046132e-16
8097.440414 2.305871e-16
8100.422802 2.477786e-16
8103.405190 2.405681e-16
8106.387577 2.471083e-16
8109.369965 2.537215e-16
8112.352352 2.649717e-16
8115.334740 2.607371e-16
8118.317127 2.529808e-16
8121.299515 2.623891e-16
8124.281902 2.672825e-16
8127.264290 2.585327e-16
8130.246677 2.410747e-16
8133.229065 2.175684e-16
8136.211452 2.010490e-16
8139.193840 1.997719e-16
8142.176228 1.887390e-16
8145.158615 1.959212e-16
8148.141003 2.064452e-16
8151.123390 1.980044e-16
8154.105778 1.953762e-16
8157.088165 2.010126e-16
8160.070553 2.054132e-16
8163.052940 2.158242e-16
8166.035328 2.272424e-16
8169.017715 2.408249e-16
8172.000103 2.637641e-16
8174.982491 2.763491e-16
8177.964878 2.665527e-16
8180.947266 2.571956e-16
8183.929653 2.460278e-16
8186.912041 2.267732e-16
8189.894428 2.292889e-16
8192.876816 2.235136e-16
8195.859203 2.073275e-16
8198.841591 2.002529e-16
8201.823978 1.930384e-16
8204.806366 1.916128e-16
8207.788754 1.865893e-16
8210.771141 1.878665e-16
8213.753529 1.964484e-16
8216.735916 1.911756e-16
8219.718304 1.923140e-16
8222.700691 1.830727e-16
8225.683079 1.983107e-16
8228.665466 2.154542e-16
8231.647854 2.214384e-16
8234.630241 2.233165e-16
8237.612629 2.251171e-16
8240.595016 2.427830e-16
8243.577404 2.622967e-16
8246.559792 2.574304e-16
8249.542179 2.599094e-16
8252.524567 2.579176e-16
8255.506954 2.521029e-16
8258.489342 2.302281e-16
8261.471729 2.208460e-16
8264.454117 2.065020e-16
8267.436504 1.919307e-16
8270.418892 1.908720e-16
8273.401279 1.806938e-16
8276.383667 1.667791e-16
8279.366055 1.738917e-16
8282.348442 1.847323e-16
8285.330830 1.995688e-16
8288.313217 2.089850e-16
8291.295605 2.179722e-16
8294.277992 2.338228e-16
8297.260380 2.550909e-16
8300.242767 2.606072e-16
8303.225155 2.509487e-16
8306.207542 2.475401e-16
8309.189930 2.281392e-16
8312.172318 2.035901e-16
8315.154705 1.992939e-16
8318.137093 1.863205e-16
8321.119480 1.816413e-16
8324.101868 1.755841e-16
8327.084255 1.743613e-16
8330.066643 1.846238e-16
8333.049030 1.872313e-16
8336.031418 1.948966e-16
8339.013805 2.072757e-16
8341.996193 2.002764e-16
8344.978580 2.027326e-16
8347.960968 2.098527e-16
8350.943356 2.175062e-16
8353.925743 2.442909e-16
8356.908131 2.501509e-16
8359.890518 2.217525e-16
8362.872906 2.011559e-16
8365.855293 1.814323e-16
8368.837681 1.664009e-16
8371.820068 1.571507e-16
8374.802456 1.494776e-16
8377.784843 1.374230e-16
8380.767231 1.383741e-16
8383.749619 1.511370e-16
8386.732006 1.513933e-16
8389.714394 1.461725e-16
8392.696781 1.534216e-16
8395.679169 1.669958e-16
8398.661556 1.907686e-16
8401.643944 2.020832e-16
8404.626331 2.068289e-16
8407.608719 1.856143e-16
8410.591106 1.649760e-16
8413.573494 1.551387e-16
8416.555882 1.385424e-16
8419.538269 1.220074e-16
8422.520657 1.199008e-16
8425.503044 1.185273e-16
8428.485432 1.214169e-16
8431.467819 1.179931e-16
8434.450207 1.234369e-16
8437.432594 1.290718e-16
8440.414982 1.331340e-16
8443.397369 1.511037e-16
8446.379757 1.616298e-16
8449.362144 1.494924e-16
8452.344532 1.449661e-16
8455.326920 1.394317e-16
8458.309307 1.493161e-16
8461.291695 1.502630e-16
8464.274082 1.440536e-16
8467.256470 1.432743e-16
8470.238857 1.390479e-16
8473.221245 1.300186e-16
8476.203632 1.380248e-16
8479.186020 1.543887e-16
8482.168407 1.442236e-16
8485.150795 1.339172e-16
8488.133183 1.193665e-16
8491.115570 1.067006e-16
8494.097958 1.053573e-16
8497.080345 9.824312e-17
8500.062733 9.109691e-17
8503.045120 9.830541e-17
8506.027508 1.017992e-16
8509.009895 1.028011e-16
8511.992283 1.212373e-16
8514.974670 1.254084e-16
8517.957058 1.325371e-16
8520.939446 1.373140e-16
8523.921833 1.378295e-16
8526.904221 1.412085e-16
8529.886608 1.453311e-16
8532.868996 1.425318e-16
8535.851383 1.349652e-16
8538.833771 1.372200e-16
8541.816158 1.415432e-16
8544.798546 1.339766e-16
8547.780933 1.364994e-16
8550.763321 1.455079e-16
8553.745708 1.503553e-16
8556.728096 1.606224e-16
8559.710484 1.842472e-16
8562.692871 2.091999e-16
8565.675259 2.195811e-16
8568.657646 2.244058e-16
8571.640034 2.438172e-16
8574.622421 2.566338e-16
8577.604809 2.618171e-16
8580.587196 2.902605e-16
8583.569584 2.854895e-16
8586.551971 2.581859e-16
8589.534359 2.564215e-16
8592.516747 2.562982e-16
8595.499134 2.627512e-16
8598.481522 2.432853e-16
8601.463909 2.454191e-16
8604.446297 2.725165e-16
8607.428684 2.768919e-16
8610.411072 2.603427e-16
8613.393459 2.547119e-16
8616.375847 2.631314e-16
8619.358234 2.615909e-16
8622.340622 2.501466e-16
8625.323009 2.473032e-16
8628.305397 2.256967e-16
8631.287785 2.214188e-16
8634.270172 2.193739e-16
8637.252560 2.064920e-16
8640.234947 1.892877e-16
8643.217335 1.820094e-16
8646.199722 1.854085e-16
8649.182110 1.800862e-16
8652.164497 1.735271e-16
8655.146885 1.854270e-16
8658.129272 1.944237e-16
8661.111660 1.902952e-16
8664.094048 2.046760e-16
8667.076435 2.075843e-16
8670.058823 2.051877e-16
8673.041210 2.289963e-16
8676.023598 2.506531e-16
8679.005985 2.611724e-16
8681.988373 2.798384e-16
8684.970760 2.855610e-16
8687.953148 2.874165e-16
8690.935535 2.666185e-16
8693.917923 2.493457e-16
8696.900311 2.565399e-16
8699.882698 2.630338e-16
8702.865086 2.606221e-16
8705.847473 2.622446e-16
8708.829861 2.649876e-16
8711.812248 2.787577e-16
8714.794636 2.881759e-16
8717.777023 2.901998e-16
8720.759411 3.278506e-16
8723.741798 3.493299e-16
8726.724186 3.651734e-16
8729.706573 4.067814e-16
8732.688961 4.224501e-16
8735.671349 4.139921e-16
8738.653736 4.079230e-16
8741.636124 4.310285e-16
8744.618511 4.277321e-16
8747.600899 4.185089e-16
8750.583286 4.133891e-16
8753.565674 3.846133e-16
8756.548061 3.573907e-16
8759.530449 3.505978e-16
8762.512836 3.366714e-16
8765.495224 3.419890e-16
8768.477612 3.627364e-16
8771.459999 3.501647e-16
8774.442387 3.523963e-16
8777.424774 3.673089e-16
8780.407162 3.894433e-16
8783.389549 4.125728e-16
8786.371937 4.276587e-16
8789.354324 4.344020e-16
8792.336712 4.262843e-16
8795.319099 4.418646e-16
8798.301487 4.499691e-16
8801.283875 4.528907e-16
8804.266262 4.590829e-16
8807.248650 4.545940e-16
8810.231037 4.298470e-16
8813.213425 4.025734e-16
8816.195812 3.813753e-16
8819.178200 3.515209e-16
8822.160587 3.333048e-16
8825.142975 3.355095e-16
8828.125362 3.189805e-16
8831.107750 3.393429e-16
8834.090137 3.606027e-16
8837.072525 3.490180e-16
8840.054913 3.614154e-16
8843.037300 3.990031e-16
8846.019688 4.074070e-16
8849.002075 4.125126e-16
8851.984463 4.229365e-16
8854.966850 4.091018e-16
8857.949238 4.114186e-16
8860.931625 4.085558e-16
8863.914013 3.929772e-16
8866.896400 3.872658e-16
8869.878788 3.740240e-16
8872.861176 3.368374e-16
8875.843563 3.014830e-16
8878.825951 2.922263e-16
8881.808338 3.126833e-16
8884.790726 2.998691e-16
8887.773113 2.837938e-16
8890.755501 3.215283e-16
8893.737888 3.406526e-16
8896.720276 3.177755e-16
8899.702663 3.296600e-16
8902.685051 3.582597e-16
8905.667439 3.635984e-16
8908.649826 3.544352e-16
8911.632214 3.680188e-16
8914.614601 3.894804e-16
8917.596989 3.835106e-16
8920.579376 3.950719e-16
8923.561764 4.044680e-16
8926.544151 3.837524e-16
8929.526539 4.047302e-16
8932.508926 4.326988e-16
8935.491314 4.566765e-16
8938.473701 4.895990e-16
8941.456089 4.709776e-16
8944.438477 4.356339e-16
8947.420864 4.100868e-16
8950.403252 3.744285e-16
8953.385639 3.227842e-16
8956.368027 2.804306e-16
8959.350414 2.689132e-16
8962.332802 2.388673e-16
8965.315189 2.078963e-16
8968.297577 2.210320e-16
8971.279964 2.256898e-16
8974.262352 2.198040e-16
8977.244740 2.225971e-16
8980.227127 2.261429e-16
8983.209515 2.370489e-16
8986.191902 2.672753e-16
8989.174290 3.003107e-16
8992.156677 3.080163e-16
8995.139065 3.495351e-16
8998.121452 3.685313e-16
9001.103840 3.322417e-16
9004.086227 2.876962e-16
9007.068615 2.443795e-16
9010.051003 2.124395e-16
9013.033390 2.015177e-16
9016.015778 1.782063e-16
9018.998165 1.623842e-16
9021.980553 1.521067e-16
9024.962940 1.622126e-16
9027.945328 1.651578e-16
9030.927715 1.682072e-16
9033.910103 1.722926e-16
9036.892490 1.624221e-16
9039.874878 1.660080e-16
9042.857265 1.835933e-16
9045.839653 2.029879e-16
9048.822041 2.485539e-16
9051.804428 2.542246e-16
9054.786816 2.606982e-16
9057.769203 2.659864e-16
9060.751591 2.288967e-16
9063.733978 1.872207e-16
9066.716366 1.604461e-16
9069.698753 1.478765e-16
9072.681141 1.353747e-16
9075.663528 1.174537e-16
9078.645916 1.248189e-16
9081.628304 1.124883e-16
9084.610691 1.082170e-16
9087.593079 1.034959e-16
9090.575466 8.954139e-17
9093.557854 8.745206e-17
9096.540241 8.292324e-17
9099.522629 8.607759e-17
9102.505016 8.664861e-17
9105.487404 8.585728e-17
9108.469791 8.832194e-17
9111.452179 8.373170e-17
9114.434567 7.995774e-17
9117.416954 9.112627e-17
9120.399342 1.033147e-16
9123.381729 1.086388e-16
9126.364117 1.245458e-16
