3710.000000 1.738794e-15
3714.235327 1.776571e-15
3718.470654 1.807435e-15
3722.705980 1.658171e-15
3726.941307 1.663777e-15
3731.176634 1.740475e-15
3735.411961 1.687008e-15
3739.647288 1.601467e-15
3743.882615 1.731670e-15
3748.117941 1.704516e-15
3752.353268 1.757917e-15
3756.588595 1.792682e-15
3760.823922 1.934060e-15
3765.059249 1.970270e-15
3769.294575 2.103160e-15
3773.529902 2.163896e-15
3777.765229 2.302480e-15
3782.000556 2.358985e-15
3786.235883 2.453007e-15
3790.471210 2.470394e-15
3794.706536 2.327918e-15
3798.941863 2.155518e-15
3803.177190 2.106879e-15
3807.412517 2.032855e-15
3811.647844 1.913459e-15
3815.883170 1.837459e-15
3820.118497 1.939810e-15
3824.353824 2.008334e-15
3828.589151 2.017501e-15
3832.824478 1.950076e-15
3837.059805 1.915863e-15
3841.295131 2.008899e-15
3845.530458 2.040382e-15
3849.765785 2.011208e-15
3854.001112 1.938079e-15
3858.236439 1.934207e-15
3862.471766 2.019038e-15
3866.707092 1.982988e-15
3870.942419 1.911781e-15
3875.177746 1.953721e-15
3879.413073 1.880710e-15
3883.648400 1.740121e-15
3887.883726 1.737335e-15
3892.119053 1.783926e-15
3896.354380 1.788471e-15
3900.589707 1.718140e-15
3904.825034 1.743736e-15
3909.060361 1.796210e-15
3913.295687 1.840919e-15
3917.531014 1.864864e-15
3921.766341 1.861792e-15
3926.001668 1.887847e-15
3930.236995 1.949252e-15
3934.472321 1.903743e-15
3938.707648 1.858106e-15
3942.942975 1.827523e-15
3947.178302 1.844103e-15
3951.413629 1.905614e-15
3955.648956 1.896269e-15
3959.884282 1.979594e-15
3964.119609 2.076169e-15
3968.354936 2.115617e-15
3972.590263 2.198349e-15
3976.825590 2.224279e-15
3981.060916 2.189598e-15
3985.296243 2.183162e-15
3989.531570 2.202806e-15
3993.766897 2.201576e-15
3998.002224 2.184477e-15
4002.237551 2.217685e-15
4006.472877 2.261157e-15
4010.708204 2.304164e-15
4014.943531 2.271200e-15
4019.178858 2.312264e-15
4023.414185 2.271150e-15
4027.649511 2.220530e-15
4031.884838 2.224011e-15
4036.120165 2.280045e-15
4040.355492 2.285713e-15
4044.590819 2.344193e-15
4048.826146 2.347456e-15
4053.061472 2.285537e-15
4057.296799 2.350557e-15
4061.532126 2.362986e-15
4065.767453 2.328522e-15
4070.002780 2.352140e-15
4074.238106 2.396516e-15
4078.473433 2.396522e-15
4082.708760 2.376494e-15
4086.944087 2.362688e-15
4091.179414 2.344287e-15
4095.414741 2.322830e-15
4099.650067 2.358591e-15
4103.885394 2.380452e-15
4108.120721 2.332425e-15
4112.356048 2.330912e-15
4116.591375 2.315622e-15
4120.826702 2.381585e-15
4125.062028 2.447812e-15
4129.297355 2.443215e-15
4133.532682 2.447142e-15
4137.768009 2.394279e-15
4142.003336 2.282684e-15
4146.238662 2.293388e-15
4150.473989 2.294881e-15
4154.709316 2.268635e-15
4158.944643 2.278241e-15
4163.179970 2.326978e-15
4167.415297 2.326704e-15
4171.650623 2.323581e-15
4175.885950 2.315752e-15
4180.121277 2.293487e-15
4184.356604 2.317904e-15
4188.591931 2.303356e-15
4192.827257 2.247930e-15
4197.062584 2.255229e-15
4201.297911 2.313802e-15
4205.533238 2.340399e-15
4209.768565 2.324565e-15
4214.003892 2.266166e-15
4218.239218 2.268064e-15
4222.474545 2.291210e-15
4226.709872 2.307746e-15
4230.945199 2.284141e-15
4235.180526 2.255595e-15
4239.415852 2.296389e-15
4243.651179 2.271230e-15
4247.886506 2.221629e-15
4252.121833 2.196761e-15
4256.357160 2.159465e-15
4260.592487 2.168755e-15
4264.827813 2.162942e-15
4269.063140 2.099425e-15
4273.298467 2.046424e-15
4277.533794 2.058313e-15
4281.769121 2.051452e-15
4286.004448 2.039910e-15
4290.239774 2.003616e-15
4294.475101 1.914493e-15
4298.710428 1.932037e-15
4302.945755 1.986628e-15
4307.181082 2.064074e-15
4311.416408 2.071395e-15
4315.651735 2.042397e-15
4319.887062 2.068736e-15
4324.122389 2.066333e-15
4328.357716 2.071188e-15
4332.593043 2.136953e-15
4336.828369 2.186115e-15
4341.063696 2.179660e-15
4345.299023 2.195114e-15
4349.534350 2.177992e-15
4353.769677 2.173889e-15
4358.005003 2.164480e-15
4362.240330 2.210550e-15
4366.475657 2.241713e-15
4370.710984 2.232021e-15
4374.946311 2.245999e-15
4379.181638 2.217047e-15
4383.416964 2.189793e-15
4387.652291 2.205192e-15
4391.887618 2.237423e-15
4396.122945 2.247754e-15
4400.358272 2.236662e-15
4404.593598 2.203672e-15
4408.828925 2.176205e-15
4413.064252 2.186473e-15
4417.299579 2.211718e-15
4421.534906 2.258527e-15
4425.770233 2.222996e-15
4430.005559 2.147641e-15
4434.240886 2.111466e-15
4438.476213 2.116924e-15
4442.711540 2.124518e-15
4446.946867 2.092588e-15
4451.182193 2.067173e-15
4455.417520 2.075315e-15
4459.652847 2.051637e-15
4463.888174 2.069106e-15
4468.123501 2.120242e-15
4472.358828 2.118789e-15
4476.594154 2.052500e-15
4480.829481 2.033476e-15
4485.064808 2.018368e-15
4489.300135 1.978911e-15
4493.535462 1.968406e-15
4497.770788 2.009025e-15
4502.006115 2.071828e-15
4506.241442 2.041409e-15
4510.476769 2.016376e-15
4514.712096 2.028052e-15
4518.947423 2.068265e-15
4523.182749 2.071303e-15
4527.418076 2.021683e-15
4531.653403 1.965418e-15
4535.888730 1.957149e-15
4540.124057 1.989342e-15
4544.359384 1.971455e-15
4548.594710 2.013189e-15
4552.830037 2.056900e-15
4557.065364 2.046156e-15
4561.300691 2.058395e-15
4565.536018 2.108379e-15
4569.771344 2.141936e-15
4574.006671 2.159149e-15
4578.241998 2.162782e-15
4582.477325 2.173050e-15
4586.712652 2.200564e-15
4590.947979 2.230809e-15
4595.183305 2.214800e-15
4599.418632 2.220791e-15
4603.653959 2.206919e-15
4607.889286 2.255715e-15
4612.124613 2.265479e-15
4616.359939 2.260380e-15
4620.595266 2.243208e-15
4624.830593 2.246232e-15
4629.065920 2.278032e-15
4633.301247 2.275207e-15
4637.536574 2.286350e-15
4641.771900 2.261357e-15
4646.007227 2.283505e-15
4650.242554 2.311773e-15
4654.477881 2.296963e-15
4658.713208 2.292383e-15
4662.948534 2.308816e-15
4667.183861 2.324663e-15
4671.419188 2.341277e-15
4675.654515 2.328319e-15
4679.889842 2.310705e-15
4684.125169 2.293269e-15
4688.360495 2.261475e-15
4692.595822 2.250276e-15
4696.831149 2.279373e-15
4701.066476 2.296391e-15
4705.301803 2.263000e-15
4709.537129 2.238313e-15
4713.772456 2.215601e-15
4718.007783 2.195061e-15
4722.243110 2.191600e-15
4726.478437 2.206207e-15
4730.713764 2.211721e-15
4734.949090 2.184490e-15
4739.184417 2.144373e-15
4743.419744 2.118654e-15
4747.655071 2.103528e-15
4751.890398 2.084830e-15
4756.125724 2.097722e-15
4760.361051 2.100421e-15
4764.596378 2.066434e-15
4768.831705 2.027169e-15
4773.067032 2.056793e-15
4777.302359 2.044186e-15
4781.537685 2.019483e-15
4785.773012 2.005743e-15
4790.008339 2.014313e-15
4794.243666 2.008937e-15
4798.478993 1.972455e-15
4802.714320 1.961590e-15
4806.949646 1.956343e-15
4811.184973 1.936473e-15
4815.420300 1.916687e-15
4819.655627 1.886031e-15
4823.890954 1.877391e-15
4828.126280 1.890003e-15
4832.361607 1.918981e-15
4836.596934 1.951910e-15
4840.832261 1.980813e-15
4845.067588 2.034159e-15
4849.302915 2.055374e-15
4853.538241 2.103810e-15
4857.773568 2.135653e-15
4862.008895 2.153146e-15
4866.244222 2.170297e-15
4870.479549 2.210814e-15
4874.714875 2.203641e-15
4878.950202 2.200929e-15
4883.185529 2.213319e-15
4887.420856 2.202073e-15
4891.656183 2.190742e-15
4895.891510 2.198758e-15
4900.126836 2.229399e-15
4904.362163 2.255763e-15
4908.597490 2.258116e-15
4912.832817 2.245272e-15
4917.068144 2.260889e-15
4921.303470 2.245987e-15
4925.538797 2.262748e-15
4929.774124 2.321826e-15
4934.009451 2.376881e-15
4938.244778 2.404873e-15
4942.480105 2.382949e-15
4946.715431 2.390574e-15
4950.950758 2.420075e-15
4955.186085 2.367617e-15
4959.421412 2.255660e-15
4963.656739 2.169501e-15
4967.892065 2.160171e-15
4972.127392 2.138787e-15
4976.362719 2.062095e-15
4980.598046 2.050312e-15
4984.833373 2.036185e-15
4989.068700 2.036476e-15
4993.304026 2.008708e-15
4997.539353 2.020544e-15
5001.774680 2.035081e-15
5006.010007 2.020565e-15
5010.245334 1.994789e-15
5014.480661 1.993923e-15
5018.715987 1.974473e-15
5022.951314 2.004413e-15
5027.186641 2.018227e-15
5031.421968 2.024826e-15
5035.657295 2.062887e-15
5039.892621 2.026684e-15
5044.127948 2.045387e-15
5048.363275 2.068676e-15
5052.598602 2.074704e-15
5056.833929 2.049738e-15
5061.069256 2.031621e-15
5065.304582 2.048433e-15
5069.539909 2.053012e-15
5073.775236 2.065335e-15
5078.010563 2.084936e-15
5082.245890 2.077431e-15
5086.481216 2.059721e-15
5090.716543 2.052855e-15
5094.951870 2.029545e-15
5099.187197 2.018893e-15
5103.422524 2.010294e-15
5107.657851 1.956314e-15
5111.893177 1.913630e-15
5116.128504 1.900812e-15
5120.363831 1.899909e-15
5124.599158 1.890260e-15
5128.834485 1.857949e-15
5133.069811 1.842912e-15
5137.305138 1.828457e-15
5141.540465 1.828475e-15
5145.775792 1.825590e-15
5150.011119 1.826345e-15
5154.246446 1.827940e-15
5158.481772 1.814972e-15
5162.717099 1.802959e-15
5166.952426 1.818542e-15
5171.187753 1.836623e-15
5175.423080 1.844281e-15
5179.658406 1.868745e-15
5183.893733 1.878455e-15
5188.129060 1.868598e-15
5192.364387 1.858776e-15
5196.599714 1.860815e-15
5200.835041 1.876514e-15
5205.070367 1.895884e-15
5209.305694 1.898116e-15
5213.541021 1.863420e-15
5217.776348 1.872230e-15
5222.011675 1.908386e-15
5226.247001 1.915437e-15
5230.482328 1.908423e-15
5234.717655 1.875792e-15
5238.952982 1.861086e-15
5243.188309 1.868742e-15
5247.423636 1.872102e-15
5251.658962 1.889305e-15
5255.894289 1.894931e-15
5260.129616 1.875788e-15
5264.364943 1.860289e-15
5268.600270 1.867407e-15
5272.835597 1.891943e-15
5277.070923 1.904827e-15
5281.306250 1.883781e-15
5285.541577 1.859157e-15
5289.776904 1.872197e-15
5294.012231 1.901290e-15
5298.247557 1.909206e-15
5302.482884 1.896577e-15
5306.718211 1.887884e-15
5310.953538 1.898302e-15
5315.188865 1.904573e-15
5319.424192 1.893291e-15
5323.659518 1.877696e-15
5327.894845 1.905904e-15
5332.130172 1.901543e-15
5336.365499 1.900548e-15
5340.600826 1.895765e-15
5344.836152 1.878520e-15
5349.071479 1.877278e-15
5353.306806 1.885884e-15
5357.542133 1.906485e-15
5361.777460 1.935169e-15
5366.012787 1.931071e-15
5370.248113 1.915003e-15
5374.483440 1.937499e-15
5378.718767 1.951338e-15
5382.954094 1.922978e-15
5387.189421 1.919717e-15
5391.424747 1.906558e-15
5395.660074 1.876219e-15
5399.895401 1.889175e-15
5404.130728 1.879805e-15
5408.366055 1.847973e-15
5412.601382 1.877342e-15
5416.836708 1.869618e-15
5421.072035 1.853781e-15
5425.307362 1.870265e-15
5429.542689 1.885367e-15
5433.778016 1.859348e-15
5438.013342 1.831383e-15
5442.248669 1.836173e-15
5446.483996 1.864221e-15
5450.719323 1.864297e-15
5454.954650 1.816053e-15
5459.189977 1.779072e-15
5463.425303 1.794356e-15
5467.660630 1.862642e-15
5471.895957 1.882600e-15
5476.131284 1.803919e-15
5480.366611 1.758879e-15
5484.601938 1.784740e-15
5488.837264 1.801141e-15
5493.072591 1.791325e-15
5497.307918 1.789906e-15
5501.543245 1.790616e-15
5505.778572 1.784376e-15
5510.013898 1.784479e-15
5514.249225 1.791312e-15
5518.484552 1.780076e-15
5522.719879 1.761885e-15
5526.955206 1.742938e-15
5531.190533 1.749064e-15
5535.425859 1.782838e-15
5539.661186 1.769906e-15
5543.896513 1.757431e-15
5548.131840 1.748795e-15
5552.367167 1.747390e-15
5556.602493 1.757317e-15
5560.837820 1.780038e-15
5565.073147 1.785192e-15
5569.308474 1.770537e-15
5573.543801 1.793431e-15
5577.779128 1.793391e-15
5582.014454 1.759514e-15
5586.249781 1.775638e-15
5590.485108 1.793273e-15
5594.720435 1.733735e-15
5598.955762 1.694053e-15
5603.191088 1.711804e-15
5607.426415 1.726584e-15
5611.661742 1.715471e-15
5615.897069 1.689270e-15
5620.132396 1.690258e-15
5624.367723 1.687729e-15
5628.603049 1.673810e-15
5632.838376 1.679823e-15
5637.073703 1.677441e-15
5641.309030 1.670062e-15
5645.544357 1.666621e-15
5649.779683 1.690752e-15
5654.015010 1.703089e-15
5658.250337 1.677112e-15
5662.485664 1.649381e-15
5666.720991 1.629800e-15
5670.956318 1.643199e-15
5675.191644 1.627264e-15
5679.426971 1.637491e-15
5683.662298 1.650889e-15
5687.897625 1.659364e-15
5692.132952 1.653064e-15
5696.368279 1.659416e-15
5700.603605 1.673574e-15
5704.838932 1.688046e-15
5709.074259 1.682475e-15
5713.309586 1.663183e-15
5717.544913 1.636055e-15
5721.780239 1.626448e-15
5726.015566 1.653070e-15
5730.250893 1.641849e-15
5734.486220 1.608473e-15
5738.721547 1.600919e-15
5742.956874 1.589021e-15
5747.192200 1.589109e-15
5751.427527 1.601460e-15
5755.662854 1.606749e-15
5759.898181 1.603751e-15
5764.133508 1.602003e-15
5768.368834 1.586481e-15
5772.604161 1.613737e-15
5776.839488 1.637608e-15
5781.074815 1.617698e-15
5785.310142 1.577417e-15
5789.545469 1.580915e-15
5793.780795 1.600661e-15
5798.016122 1.593294e-15
5802.251449 1.575451e-15
5806.486776 1.570448e-15
5810.722103 1.583537e-15
5814.957429 1.596290e-15
5819.192756 1.566675e-15
5823.428083 1.549150e-15
5827.663410 1.546157e-15
5831.898737 1.527615e-15
5836.134064 1.514162e-15
5840.369390 1.516254e-15
5844.604717 1.515025e-15
5848.840044 1.496982e-15
5853.075371 1.515215e-15
5857.310698 1.547112e-15
5861.546024 1.513087e-15
5865.781351 1.510171e-15
5870.016678 1.536955e-15
5874.252005 1.509224e-15
5878.487332 1.520374e-15
5882.722659 1.534814e-15
5886.957985 1.542394e-15
5891.193312 1.531115e-15
5895.428639 1.549805e-15
5899.663966 1.578172e-15
5903.899293 1.597558e-15
5908.134619 1.585711e-15
5912.369946 1.599550e-15
5916.605273 1.636047e-15
5920.840600 1.630264e-15
5925.075927 1.602030e-15
5929.311254 1.630392e-15
5933.546580 1.663806e-15
5937.781907 1.646861e-15
5942.017234 1.619878e-15
5946.252561 1.612441e-15
5950.487888 1.607251e-15
5954.723215 1.600000e-15
5958.958541 1.614563e-15
5963.193868 1.639675e-15
5967.429195 1.649224e-15
5971.664522 1.641371e-15
5975.899849 1.626943e-15
5980.135175 1.608528e-15
5984.370502 1.571790e-15
5988.605829 1.560530e-15
5992.841156 1.583629e-15
5997.076483 1.573560e-15
6001.311810 1.571169e-15
6005.547136 1.581030e-15
6009.782463 1.573322e-15
6014.017790 1.559500e-15
6018.253117 1.564666e-15
6022.488444 1.567565e-15
6026.723770 1.558683e-15
6030.959097 1.562057e-15
6035.194424 1.576187e-15
6039.429751 1.557624e-15
6043.665078 1.521359e-15
6047.900405 1.524635e-15
6052.135731 1.530054e-15
6056.371058 1.510390e-15
6060.606385 1.519772e-15
6064.841712 1.531725e-15
6069.077039 1.511097e-15
6073.312365 1.503493e-15
6077.547692 1.506578e-15
6081.783019 1.504629e-15
6086.018346 1.513235e-15
6090.253673 1.511815e-15
6094.489000 1.495996e-15
6098.724326 1.504772e-15
6102.959653 1.502528e-15
6107.194980 1.493660e-15
6111.430307 1.471808e-15
6115.665634 1.468761e-15
6119.900960 1.494751e-15
6124.136287 1.494891e-15
6128.371614 1.495594e-15
6132.606941 1.507127e-15
6136.842268 1.499394e-15
6141.077595 1.493648e-15
6145.312921 1.488395e-15
6149.548248 1.478804e-15
6153.783575 1.474373e-15
6158.018902 1.472798e-15
6162.254229 1.491500e-15
6166.489556 1.501457e-15
6170.724882 1.454374e-15
6174.960209 1.431668e-15
6179.195536 1.449336e-15
6183.430863 1.461516e-15
6187.666190 1.438744e-15
6191.901516 1.419803e-15
6196.136843 1.404103e-15
6200.372170 1.422580e-15
6204.607497 1.463566e-15
6208.842824 1.478137e-15
6213.078151 1.460830e-15
6217.313477 1.444466e-15
6221.548804 1.450246e-15
6225.784131 1.454830e-15
6230.019458 1.427578e-15
6234.254785 1.405500e-15
6238.490111 1.420503e-15
6242.725438 1.416479e-15
6246.960765 1.403966e-15
6251.196092 1.393412e-15
6255.431419 1.397079e-15
6259.666746 1.390450e-15
6263.902072 1.376346e-15
6268.137399 1.365957e-15
6272.372726 1.338450e-15
6276.608053 1.316387e-15
6280.843380 1.320985e-15
6285.078706 1.321560e-15
6289.314033 1.312741e-15
6293.549360 1.303274e-15
6297.784687 1.303553e-15
6302.020014 1.317468e-15
6306.255341 1.316210e-15
6310.490667 1.297739e-15
6314.725994 1.287110e-15
6318.961321 1.290887e-15
6323.196648 1.298843e-15
6327.431975 1.289230e-15
6331.667301 1.279171e-15
6335.902628 1.267172e-15
6340.137955 1.277963e-15
6344.373282 1.282144e-15
6348.608609 1.267241e-15
6352.843936 1.245435e-15
6357.079262 1.266943e-15
6361.314589 1.296781e-15
6365.549916 1.296041e-15
6369.785243 1.305051e-15
6374.020570 1.311549e-15
6378.255896 1.304000e-15
6382.491223 1.303811e-15
6386.726550 1.311434e-15
6390.961877 1.327565e-15
6395.197204 1.337555e-15
6399.432531 1.328585e-15
6403.667857 1.323117e-15
6407.903184 1.318143e-15
6412.138511 1.309194e-15
6416.373838 1.324801e-15
6420.609165 1.335630e-15
6424.844492 1.313843e-15
6429.079818 1.311011e-15
6433.315145 1.316009e-15
6437.550472 1.314391e-15
6441.785799 1.296163e-15
6446.021126 1.301306e-15
6450.256452 1.295514e-15
6454.491779 1.284218e-15
6458.727106 1.290592e-15
6462.962433 1.272370e-15
6467.197760 1.265101e-15
6471.433087 1.289441e-15
6475.668413 1.279173e-15
6479.903740 1.252875e-15
6484.139067 1.259569e-15
6488.374394 1.281694e-15
6492.609721 1.295798e-15
6496.845047 1.273565e-15
6501.080374 1.253537e-15
6505.315701 1.265849e-15
6509.551028 1.269293e-15
6513.786355 1.265489e-15
6518.021682 1.268156e-15
6522.257008 1.282166e-15
6526.492335 1.282831e-15
6530.727662 1.309855e-15
6534.962989 1.351797e-15
6539.198316 1.369967e-15
6543.433642 1.385192e-15
6547.668969 1.416060e-15
6551.904296 1.450567e-15
6556.139623 1.452157e-15
6560.374950 1.436189e-15
6564.610277 1.444960e-15
6568.845603 1.486342e-15
6573.080930 1.519663e-15
6577.316257 1.519132e-15
6581.551584 1.515962e-15
6585.786911 1.533926e-15
6590.022237 1.529593e-15
6594.257564 1.506849e-15
6598.492891 1.527760e-15
6602.728218 1.549688e-15
6606.963545 1.537344e-15
6611.198872 1.528965e-15
6615.434198 1.527213e-15
6619.669525 1.522996e-15
6623.904852 1.512542e-15
6628.140179 1.514165e-15
6632.375506 1.524949e-15
6636.610832 1.493319e-15
6640.846159 1.492138e-15
6645.081486 1.534322e-15
6649.316813 1.550736e-15
6653.552140 1.581076e-15
6657.787467 1.745588e-15
6662.022793 1.991872e-15
6666.258120 2.123571e-15
6670.493447 2.114994e-15
6674.728774 2.082220e-15
6678.964101 2.127974e-15
6683.199428 2.168150e-15
6687.434754 2.016695e-15
6691.670081 1.762179e-15
6695.905408 1.621609e-15
6700.140735 1.613338e-15
6704.376062 1.627172e-15
6708.611388 1.549851e-15
6712.846715 1.409206e-15
6717.082042 1.332473e-15
6721.317369 1.308222e-15
6725.552696 1.291933e-15
6729.788023 1.283517e-15
6734.023349 1.283557e-15
6738.258676 1.283772e-15
6742.494003 1.267858e-15
6746.729330 1.265168e-15
6750.964657 1.267327e-15
6755.199983 1.257413e-15
6759.435310 1.243381e-15
6763.670637 1.230743e-15
6767.905964 1.218196e-15
6772.141291 1.201879e-15
6776.376618 1.203046e-15
6780.611944 1.218429e-15
6784.847271 1.219443e-15
6789.082598 1.217564e-15
6793.317925 1.202864e-15
6797.553252 1.200574e-15
6801.788578 1.203312e-15
6806.023905 1.186823e-15
6810.259232 1.178583e-15
6814.494559 1.188181e-15
6818.729886 1.221451e-15
6822.965213 1.238955e-15
6827.200539 1.243742e-15
6831.435866 1.263387e-15
6835.671193 1.306174e-15
6839.906520 1.309338e-15
6844.141847 1.259280e-15
6848.377173 1.229495e-15
6852.612500 1.214315e-15
6856.847827 1.184212e-15
6861.083154 1.145513e-15
6865.318481 1.113120e-15
6869.553808 1.106371e-15
6873.789134 1.081762e-15
6878.024461 1.057139e-15
6882.259788 1.047657e-15
6886.495115 1.058319e-15
6890.730442 1.067584e-15
6894.965769 1.066564e-15
6899.201095 1.047035e-15
6903.436422 1.030689e-15
6907.671749 1.032919e-15
6911.907076 1.033056e-15
6916.142403 1.028875e-15
6920.377729 1.036638e-15
6924.613056 1.049505e-15
6928.848383 1.042022e-15
6933.083710 1.024088e-15
6937.319037 1.024681e-15
6941.554364 1.024284e-15
6945.789690 1.013220e-15
6950.025017 1.021034e-15
6954.260344 1.035962e-15
6958.495671 1.037908e-15
6962.730998 1.043468e-15
6966.966324 1.066580e-15
6971.201651 1.071369e-15
6975.436978 1.071586e-15
6979.672305 1.070017e-15
6983.907632 1.054324e-15
6988.142959 1.053468e-15
6992.378285 1.046280e-15
6996.613612 1.020938e-15
7000.848939 1.019091e-15
7005.084266 1.026196e-15
7009.319593 1.012351e-15
7013.554919 9.944735e-16
7017.790246 1.001908e-15
7022.025573 1.013558e-15
7026.260900 9.998844e-16
7030.496227 9.879384e-16
7034.731554 9.928663e-16
7038.966880 9.942820e-16
7043.202207 9.882954e-16
7047.437534 1.000053e-15
7051.672861 9.990256e-16
7055.908188 9.931034e-16
7060.143514 1.004095e-15
7064.378841 1.016191e-15
7068.614168 1.014647e-15
7072.849495 1.003572e-15
7077.084822 9.940164e-16
7081.320149 9.843458e-16
7085.555475 9.766894e-16
7089.790802 9.760082e-16
7094.026129 9.733957e-16
7098.261456 9.667861e-16
7102.496783 9.729251e-16
7106.732109 9.770601e-16
7110.967436 9.648060e-16
7115.202763 9.552508e-16
7119.438090 9.621317e-16
7123.673417 9.727756e-16
7127.908744 9.709352e-16
7132.144070 9.597694e-16
7136.379397 9.537660e-16
7140.614724 9.596255e-16
7144.850051 9.586259e-16
7149.085378 9.542875e-16
7153.320705 9.654215e-16
7157.556031 9.655328e-16
7161.791358 9.587096e-16
7166.026685 9.607074e-16
7170.262012 9.405598e-16
7174.497339 9.238190e-16
7178.732665 9.273669e-16
7182.967992 9.234343e-16
7187.203319 9.178383e-16
7191.438646 9.044472e-16
7195.673973 8.996105e-16
7199.909300 9.066450e-16
7204.144626 9.107295e-16
7208.379953 9.191881e-16
7212.615280 9.337832e-16
7216.850607 9.420474e-16
7221.085934 9.588808e-16
7225.321260 9.752260e-16
7229.556587 9.874931e-16
7233.791914 9.917518e-16
7238.027241 9.586456e-16
7242.262568 9.402705e-16
7246.497895 9.258898e-16
7250.733221 9.125820e-16
7254.968548 9.326644e-16
7259.203875 9.359908e-16
7263.439202 9.259115e-16
7267.674529 9.291709e-16
7271.909855 9.210528e-16
7276.145182 8.980756e-16
7280.380509 8.992323e-16
7284.615836 9.335778e-16
7288.851163 9.406151e-16
7293.086490 9.053030e-16
7297.321816 8.783210e-16
7301.557143 8.790332e-16
7305.792470 8.760240e-16
7310.027797 8.680017e-16
7314.263124 8.771430e-16
7318.498450 8.737776e-16
7322.733777 8.706918e-16
7326.969104 8.987080e-16
7331.204431 9.042245e-16
7335.439758 9.022553e-16
7339.675085 8.984378e-16
7343.910411 8.924059e-16
7348.145738 8.986238e-16
7352.381065 9.157737e-16
7356.616392 9.158762e-16
7360.851719 8.863405e-16
7365.087046 8.644795e-16
7369.322372 8.713041e-16
7373.557699 8.929892e-16
7377.793026 9.072566e-16
7382.028353 8.990180e-16
7386.263680 8.966473e-16
7390.499006 9.005218e-16
7394.734333 8.910637e-16
7398.969660 8.877664e-16
7403.204987 8.708727e-16
7407.440314 8.476574e-16
7411.675641 8.414395e-16
7415.910967 8.510225e-16
7420.146294 8.561295e-16
7424.381621 8.537192e-16
7428.616948 8.493129e-16
7432.852275 8.533670e-16
7437.087601 8.540362e-16
7441.322928 8.347045e-16
7445.558255 8.490470e-16
7449.793582 8.692548e-16
7454.028909 8.423924e-16
7458.264236 8.404912e-16
7462.499562 8.746313e-16
7466.734889 8.803794e-16
7470.970216 8.762637e-16
7475.205543 8.693274e-16
7479.440870 8.634079e-16
7483.676196 8.663985e-16
7487.911523 8.752495e-16
7492.146850 8.744436e-16
7496.382177 8.612165e-16
7500.617504 8.530001e-16
7504.852831 8.557308e-16
7509.088157 8.550045e-16
7513.323484 8.536617e-16
7517.558811 8.555210e-16
7521.794138 8.600432e-16
7526.029465 8.611618e-16
7530.264791 8.579538e-16
7534.500118 8.527764e-16
7538.735445 8.536823e-16
7542.970772 8.618172e-16
7547.206099 8.632471e-16
7551.441426 8.587108e-16
7555.676752 8.594936e-16
7559.912079 8.651481e-16
7564.147406 8.713611e-16
7568.382733 8.640815e-16
7572.618060 8.495592e-16
7576.853386 8.618033e-16
7581.088713 8.810170e-16
7585.324040 8.871561e-16
7589.559367 8.727317e-16
7593.794694 8.461375e-16
7598.030021 8.272036e-16
7602.265347 8.217258e-16
7606.500674 8.225875e-16
7610.736001 8.341721e-16
7614.971328 8.513890e-16
7619.206655 8.767936e-16
7623.441982 9.028247e-16
7627.677308 9.136819e-16
7631.912635 9.093411e-16
7636.147962 8.980590e-16
7640.383289 8.956156e-16
7644.618616 9.027660e-16
7648.853942 8.880573e-16
7653.089269 8.653950e-16
7657.324596 8.663398e-16
7661.559923 8.602913e-16
7665.795250 8.413519e-16
7670.030577 8.252277e-16
7674.265903 8.074745e-16
7678.501230 7.913862e-16
7682.736557 7.727815e-16
7686.971884 7.516000e-16
7691.207211 7.318306e-16
7695.442537 7.138100e-16
7699.677864 6.984241e-16
7703.913191 6.918559e-16
7708.148518 6.919044e-16
7712.383845 6.838141e-16
7716.619172 6.818498e-16
7720.854498 6.882821e-16
7725.089825 6.922834e-16
7729.325152 7.000764e-16
7733.560479 7.160606e-16
7737.795806 7.322807e-16
7742.031132 7.289722e-16
7746.266459 7.207991e-16
7750.501786 7.317772e-16
7754.737113 7.389528e-16
7758.972440 7.432958e-16
7763.207767 7.538253e-16
7767.443093 7.553980e-16
7771.678420 7.587719e-16
7775.913747 7.494765e-16
7780.149074 7.388795e-16
7784.384401 7.449234e-16
7788.619727 7.543926e-16
7792.855054 7.581692e-16
7797.090381 8.016921e-16
7801.325708 8.032966e-16
7805.561035 8.038913e-16
7809.796362 8.037462e-16
7814.031688 8.030459e-16
7818.267015 8.019987e-16
7822.502342 8.008366e-16
7826.737669 7.994544e-16
7830.972996 7.978475e-16
7835.208323 7.960086e-16
7839.443649 7.939387e-16
7843.678976 7.917241e-16
7847.914303 7.894468e-16
7852.149630 7.870922e-16
7856.384957 7.847638e-16
7860.620283 7.830214e-16
7864.855610 7.821950e-16
7869.090937 7.828195e-16
7873.326264 7.850153e-16
7877.561591 7.881700e-16
7881.796918 7.919601e-16
7886.032244 7.958785e-16
7890.267571 7.996876e-16
7894.502898 8.034126e-16
7898.738225 8.069633e-16
7902.973552 8.101890e-16
7907.208878 8.131620e-16
7911.444205 8.160524e-16
7915.679532 8.189691e-16
7919.914859 8.221917e-16
7924.150186 8.255522e-16
7928.385513 8.287933e-16
7932.620839 8.317386e-16
7936.856166 8.341377e-16
7941.091493 8.359435e-16
7945.326820 8.371290e-16
7949.562147 8.376591e-16
7953.797473 8.375016e-16
7958.032800 8.367378e-16
7962.268127 8.354664e-16
7966.503454 8.337968e-16
7970.738781 8.318436e-16
7974.974108 8.297877e-16
7979.209434 8.278044e-16
7983.444761 8.260619e-16
7987.680088 8.247182e-16
7991.915415 8.239029e-16
7996.150742 8.237186e-16
8000.386068 8.242534e-16
8004.621395 8.255679e-16
8008.856722 8.275112e-16
8013.092049 8.299451e-16
8017.327376 8.327523e-16
8021.562703 8.357774e-16
8025.798029 8.385662e-16
8030.033356 8.407931e-16
8034.268683 8.420528e-16
8038.504010 8.421019e-16
8042.739337 8.412209e-16
8046.974664 8.395488e-16
8051.209990 8.372360e-16
8055.445317 8.345225e-16
8059.680644 8.317610e-16
8063.915971 8.292426e-16
8068.151298 8.274182e-16
8072.386624 8.263666e-16
8076.621951 8.258370e-16
8080.857278 8.257164e-16
8085.092605 8.257626e-16
8089.327932 8.259312e-16
8093.563259 8.262600e-16
8097.798585 8.267180e-16
8102.033912 8.272957e-16
8106.269239 8.279445e-16
8110.504566 8.286131e-16
8114.739893 8.292587e-16
8118.975219 8.297929e-16
8123.210546 8.302575e-16
8127.445873 8.306883e-16
8131.681200 8.311138e-16
8135.916527 8.317202e-16
8140.151854 8.321585e-16
8144.387180 8.321592e-16
8148.622507 8.314817e-16
8152.857834 8.296813e-16
8157.093161 8.273631e-16
8161.328488 8.249572e-16
8165.563814 8.228931e-16
8169.799141 8.217126e-16
8174.034468 8.211915e-16
8178.269795 8.212618e-16
8182.505122 8.218540e-16
8186.740449 8.228663e-16
8190.975775 8.241374e-16
8195.211102 8.255123e-16
8199.446429 8.267834e-16
8203.681756 8.277742e-16
8207.917083 8.286492e-16
8212.152409 8.294593e-16
8216.387736 8.302679e-16
8220.623063 8.311215e-16
8224.858390 8.320037e-16
8229.093717 8.328917e-16
8233.329044 8.339084e-16
8237.564370 8.349122e-16
8241.799697 8.353322e-16
8246.035024 8.348453e-16
8250.270351 8.328745e-16
8254.505678 8.294545e-16
8258.741004 8.251412e-16
8262.976331 8.202799e-16
8267.211658 8.152731e-16
8271.446985 8.105112e-16
8275.682312 8.063534e-16
8279.917639 8.031239e-16
8284.152965 8.013381e-16
8288.388292 8.007977e-16
8292.623619 8.011338e-16
8296.858946 8.020473e-16
8301.094273 8.031684e-16
8305.329600 8.041691e-16
8309.564926 8.047271e-16
8313.800253 8.045205e-16
8318.035580 8.031292e-16
8322.270907 8.006633e-16
8326.506234 7.972312e-16
8330.741560 7.929496e-16
8334.976887 7.880031e-16
8339.212214 7.825154e-16
8343.447541 7.766540e-16
8347.682868 7.706124e-16
8351.918195 7.646006e-16
8356.153521 7.587836e-16
8360.388848 7.533377e-16
8364.624175 7.483996e-16
8368.859502 7.440719e-16
8373.094829 7.406757e-16
8377.330155 7.384021e-16
8381.565482 7.374929e-16
8385.800809 7.380829e-16
8390.036136 7.396130e-16
8394.271463 7.417203e-16
8398.506790 7.440232e-16
8402.742116 7.461429e-16
8406.977443 7.477383e-16
8411.212770 7.485377e-16
8415.448097 7.480116e-16
8419.683424 7.462092e-16
8423.918750 7.440732e-16
8428.154077 7.421427e-16
8432.389404 7.413419e-16
8436.624731 7.418286e-16
8440.860058 7.431188e-16
8445.095385 7.450107e-16
8449.330711 7.473120e-16
8453.566038 7.496582e-16
8457.801365 7.516457e-16
8462.036692 7.529505e-16
8466.272019 7.527318e-16
8470.507345 7.516334e-16
8474.742672 7.505259e-16
8478.977999 7.500192e-16
8483.213326 7.513246e-16
8487.448653 7.537893e-16
8491.683980 7.567239e-16
8495.919306 7.596231e-16
8500.154633 7.617459e-16
8504.389960 7.630814e-16
8508.625287 7.635802e-16
8512.860614 7.631374e-16
8517.095940 7.615326e-16
8521.331267 7.593820e-16
8525.566594 7.571583e-16
8529.801921 7.553763e-16
8534.037248 7.546986e-16
8538.272575 7.546163e-16
8542.507901 7.548882e-16
8546.743228 7.552417e-16
8550.978555 7.553660e-16
8555.213882 7.553261e-16
8559.449209 7.550840e-16
8563.684536 7.545339e-16
8567.919862 7.536267e-16
8572.155189 7.527683e-16
8576.390516 7.521766e-16
8580.625843 7.522392e-16
8584.861170 7.530967e-16
8589.096496 7.541087e-16
8593.331823 7.549462e-16
8597.567150 7.551638e-16
8601.802477 7.545166e-16
8606.037804 7.530907e-16
8610.273131 7.508947e-16
8614.508457 7.477285e-16
8618.743784 7.439453e-16
8622.979111 7.402998e-16
8627.214438 7.372827e-16
8631.449765 7.358264e-16
8635.685091 7.357182e-16
8639.920418 7.362823e-16
8644.155745 7.370957e-16
8648.391072 7.376413e-16
8652.626399 7.375355e-16
8656.861726 7.364616e-16
8661.097052 7.341222e-16
8665.332379 7.297809e-16
8669.567706 7.243113e-16
8673.803033 7.186014e-16
8678.038360 7.134044e-16
8682.273686 7.099751e-16
8686.509013 7.077140e-16
8690.744340 7.061889e-16
8694.979667 7.050506e-16
8699.214994 7.037658e-16
8703.450321 7.024327e-16
8707.685647 7.010334e-16
8711.920974 6.994847e-16
8716.156301 6.976491e-16
8720.391628 6.959459e-16
8724.626955 6.946320e-16
8728.862281 6.940642e-16
8733.097608 6.946214e-16
8737.332935 6.955273e-16
8741.568262 6.963700e-16
8745.803589 6.966023e-16
8750.038916 6.957820e-16
8754.274242 6.944054e-16
8758.509569 6.926635e-16
8762.744896 6.908202e-16
8766.980223 6.891106e-16
8771.215550 6.876011e-16
8775.450877 6.864194e-16
8779.686203 6.857436e-16
8783.921530 6.856111e-16
8788.156857 6.858579e-16
8792.392184 6.863894e-16
8796.627511 6.870521e-16
8800.862837 6.877686e-16
8805.098164 6.885227e-16
8809.333491 6.892679e-16
8813.568818 6.899917e-16
8817.804145 6.906516e-16
8822.039472 6.912096e-16
8826.274798 6.916607e-16
8830.510125 6.918511e-16
8834.745452 6.920634e-16
8838.980779 6.926284e-16
8843.216106 6.937847e-16
8847.451432 6.959113e-16
8851.686759 6.988288e-16
8855.922086 7.023128e-16
8860.157413 7.061719e-16
8864.392740 7.103054e-16
8868.628067 7.141199e-16
8872.863393 7.170978e-16
8877.098720 7.187564e-16
8881.334047 7.184944e-16
8885.569374 7.166304e-16
8889.804701 7.134029e-16
8894.040027 7.090470e-16
8898.275354 7.038114e-16
8902.510681 6.984155e-16
8906.746008 6.934633e-16
8910.981335 6.896111e-16
8915.216662 6.874888e-16
8919.451988 6.869082e-16
8923.687315 6.878343e-16
8927.922642 6.902115e-16
8932.157969 6.938732e-16
8936.393296 6.983087e-16
8940.628622 7.030866e-16
8944.863949 7.076665e-16
8949.099276 7.116366e-16
8953.334603 7.149860e-16
8957.569930 7.175816e-16
8961.805257 7.193553e-16
8966.040583 7.202674e-16
8970.275910 7.202955e-16
8974.511237 7.194860e-16
8978.746564 7.178293e-16
8982.981891 7.155487e-16
8987.217217 7.130316e-16
8991.452544 7.105891e-16
8995.687871 7.085353e-16
8999.923198 7.071266e-16
9004.158525 7.065552e-16
9008.393852 7.069574e-16
9012.629178 7.087310e-16
9016.864505 7.113454e-16
9021.099832 7.141267e-16
9025.335159 7.165379e-16
9029.570486 7.178641e-16
9033.805813 7.180010e-16
9038.041139 7.169094e-16
9042.276466 7.145195e-16
9046.511793 7.105047e-16
9050.747120 7.058299e-16
9054.982447 7.013074e-16
9059.217773 6.977236e-16
