3.354957439899999827e+03 4.173995868503538986e+00 2.277300000000000047e-16 2.277300000000000047e-17
3.359044649720000052e+03 4.173995868503538986e+00 2.232350000000000174e-16 2.232350000000000297e-17
3.367219069350000154e+03 4.173995868503538986e+00 5.156860000000000338e-16 5.156860000000000461e-17
3.375393488979999802e+03 4.173995868503538986e+00 2.080249999999999882e-16 2.080250000000000005e-17
3.379480698790000133e+03 4.173995868503538986e+00 3.739609999999999841e-16 3.739610000000000087e-17
3.387655118430000130e+03 4.173995868503538986e+00 3.186319999999999975e-16 3.186319999999999852e-17
3.391742328240000006e+03 4.173995868503538986e+00 1.081420000000000028e-16 1.081420000000000059e-17
3.399916747870000108e+03 4.173995868503538986e+00 1.768900000000000009e-16 1.768900000000000194e-17
3.408091167510000105e+03 4.173995868503538986e+00 1.613230000000000036e-16 1.613230000000000159e-17
3.412178377319999981e+03 4.173995868503538986e+00 3.343850000000000091e-16 3.343850000000000584e-17
3.420352796950000084e+03 4.173995868503538986e+00 2.366210000000000046e-16 2.366210000000000292e-17
3.424440006769999854e+03 4.173995868503538986e+00 3.016909999999999950e-16 3.016910000000000073e-17
3.432614426399999957e+03 4.173995868503538986e+00 4.378850000000000146e-16 4.378850000000000393e-17
3.436701636220000182e+03 4.173995868503538986e+00 9.210539999999999679e-17 9.210540000000000912e-18
3.440788846030000059e+03 4.173995868503538986e+00 1.773250000000000021e-16 1.773250000000000021e-17
3.444876055849999830e+03 4.173995868503538986e+00 1.744530000000000069e-16 1.744530000000000069e-17
3.453050475479999932e+03 4.173995868503538986e+00 1.325079999999999978e-16 1.325080000000000040e-17
3.457137685289999808e+03 4.173995868503538986e+00 2.207570000000000095e-16 2.207570000000000341e-17
3.465312104929999805e+03 4.173995868503538986e+00 3.068409999999999899e-16 3.068410000000000146e-17
3.473486524559999907e+03 4.173995868503538986e+00 1.220670000000000023e-16 1.220670000000000146e-17
3.477573734369999784e+03 4.173995868503538986e+00 2.202530000000000066e-16 2.202530000000000251e-17
3.485748154009999780e+03 4.173995868503538986e+00 3.560290000000000212e-16 3.560290000000000336e-17
3.489835363820000111e+03 4.173995868503538986e+00 1.338710000000000113e-16 1.338710000000000174e-17
3.493922573639999882e+03 4.173995868503538986e+00 8.346839999999999568e-17 8.346839999999999876e-18
3.498009783450000214e+03 4.173995868503538986e+00 2.885200000000000024e-16 2.885200000000000024e-17
3.502096993269999984e+03 4.173995868503538986e+00 1.104769999999999954e-16 1.104770000000000016e-17
3.506184203079999861e+03 4.173995868503538986e+00 1.529699999999999988e-16 1.529700000000000111e-17
3.510271412900000087e+03 4.173995868503538986e+00 2.089430000000000013e-16 2.089430000000000136e-17
3.518445832530000189e+03 4.173995868503538986e+00 2.846809999999999907e-16 2.846810000000000031e-17
3.522533042349999960e+03 4.173995868503538986e+00 2.205949999999999883e-16 2.205949999999999883e-17
3.530707461980000062e+03 4.173995868503538986e+00 3.223229999999999820e-16 3.223230000000000066e-17
3.534794671789999938e+03 4.173995868503538986e+00 1.844659999999999982e-16 1.844660000000000167e-17
3.538881881610000164e+03 4.173995868503538986e+00 2.371659999999999967e-16 2.371660000000000213e-17
3.542969091429999935e+03 4.173995868503538986e+00 2.301790000000000076e-16 2.301790000000000137e-17
3.551143511060000037e+03 4.173995868503538986e+00 2.254529999999999974e-16 2.254529999999999974e-17
3.555230720869999914e+03 4.173995868503538986e+00 1.885809999999999921e-16 1.885809999999999983e-17
3.559317930690000139e+03 4.173995868503538986e+00 1.392039999999999936e-16 1.392039999999999874e-17
3.563405140509999910e+03 4.173995868503538986e+00 3.263919999999999994e-16 3.263920000000000117e-17
3.575666769949999889e+03 4.173995868503538986e+00 3.653779999999999982e-16 3.653779999999999982e-17
3.583841189579999991e+03 4.173995868503538986e+00 1.977709999999999994e-16 1.977710000000000241e-17
3.587928399400000217e+03 4.173995868503538986e+00 2.515279999999999823e-16 2.515280000000000070e-17
3.592015609219999988e+03 4.173995868503538986e+00 1.087689999999999980e-16 1.087690000000000103e-17
3.596102819029999864e+03 4.173995868503538986e+00 1.701189999999999990e-16 1.701190000000000113e-17
3.600190028850000090e+03 4.173995868503538986e+00 1.447070000000000112e-16 1.447070000000000112e-17
3.608364448480000192e+03 4.173995868503538986e+00 2.552420000000000166e-16 2.552420000000000166e-17
3.612451658290000069e+03 4.173995868503538986e+00 1.620880000000000022e-16 1.620879999999999960e-17
3.616538868109999839e+03 4.173995868503538986e+00 1.558779999999999959e-16 1.558779999999999959e-17
3.620626077930000065e+03 4.173995868503538986e+00 1.009579999999999954e-16 1.009579999999999985e-17
3.624713287739999942e+03 4.173995868503538986e+00 1.181049999999999983e-16 1.181050000000000044e-17
3.628800497560000167e+03 4.173995868503538986e+00 1.605310000000000096e-16 1.605310000000000281e-17
3.632887707370000044e+03 4.173995868503538986e+00 2.661340000000000169e-16 2.661340000000000354e-17
3.641062127010000040e+03 4.173995868503538986e+00 1.825079999999999968e-16 1.825080000000000152e-17
3.645149336819999917e+03 4.173995868503538986e+00 1.845529999999999886e-16 1.845530000000000071e-17
3.653323756450000019e+03 4.173995868503538986e+00 2.326929999999999928e-16 2.326929999999999990e-17
3.657410966269999790e+03 4.173995868503538986e+00 1.669470000000000038e-16 1.669470000000000100e-17
3.665585385899999892e+03 4.173995868503538986e+00 2.527840000000000071e-16 2.527840000000000256e-17
3.669672595720000118e+03 4.173995868503538986e+00 1.412130000000000081e-16 1.412130000000000204e-17
3.673759805529999994e+03 4.173995868503538986e+00 2.195759999999999909e-16 2.195760000000000094e-17
3.677847015350000220e+03 4.173995868503538986e+00 2.263260000000000020e-16 2.263260000000000081e-17
3.681934225160000096e+03 4.173995868503538986e+00 1.040239999999999944e-16 1.040239999999999944e-17
3.686021434979999867e+03 4.173995868503538986e+00 2.181770000000000001e-16 2.181770000000000063e-17
3.690108644790000199e+03 4.173995868503538986e+00 1.719269999999999881e-16 1.719269999999999943e-17
3.694195854609999969e+03 4.173995868503538986e+00 2.025919999999999894e-16 2.025920000000000079e-17
3.698283064430000195e+03 4.173995868503538986e+00 2.750590000000000091e-16 2.750590000000000091e-17
3.702370274240000072e+03 4.173995868503538986e+00 1.268230000000000100e-16 1.268230000000000223e-17
3.706457484059999842e+03 4.173995868503538986e+00 1.204910000000000039e-16 1.204910000000000162e-17
3.710544693870000174e+03 4.173995868503538986e+00 2.512979999999999766e-16 2.512980000000000013e-17
3.714631903689999945e+03 4.173995868503538986e+00 1.081049999999999960e-16 1.081049999999999960e-17
3.718719113510000170e+03 4.173995868503538986e+00 1.503220000000000049e-16 1.503220000000000233e-17
3.722806323320000047e+03 4.173995868503538986e+00 2.812120000000000225e-16 2.812120000000000102e-17
3.726893533139999818e+03 4.173995868503538986e+00 1.286760000000000077e-16 1.286760000000000077e-17
3.730980742950000149e+03 4.173995868503538986e+00 2.102750000000000001e-16 2.102750000000000001e-17
3.735067952769999920e+03 4.173995868503538986e+00 2.701429999999999900e-16 2.701429999999999961e-17
3.739155162579999796e+03 4.173995868503538986e+00 1.547909999999999893e-16 1.547909999999999955e-17
3.743242372400000022e+03 4.173995868503538986e+00 2.757220000000000063e-16 2.757220000000000186e-17
3.747329582219999793e+03 4.173995868503538986e+00 2.890789999999999884e-16 2.890790000000000008e-17
3.751416792030000124e+03 4.173995868503538986e+00 1.941370000000000078e-16 1.941370000000000325e-17
3.755504001849999895e+03 4.173995868503538986e+00 3.169579999999999924e-16 3.169580000000000047e-17
3.759591211660000226e+03 4.173995868503538986e+00 2.725560000000000156e-16 2.725560000000000156e-17
3.763678421479999997e+03 4.173995868503538986e+00 2.677210000000000070e-16 2.677210000000000255e-17
3.767765631289999874e+03 4.173995868503538986e+00 4.402710000000000203e-16 4.402710000000000203e-17
3.771852841110000099e+03 4.173995868503538986e+00 3.565450000000000083e-16 3.565450000000000083e-17
3.775940050929999870e+03 4.173995868503538986e+00 3.333120000000000211e-16 3.333120000000000334e-17
3.780027260740000202e+03 4.173995868503538986e+00 3.791240000000000050e-16 3.791240000000000174e-17
3.784114470559999972e+03 4.173995868503538986e+00 2.942330000000000028e-16 2.942330000000000274e-17
3.788201680369999849e+03 4.173995868503538986e+00 3.037639999999999993e-16 3.037640000000000116e-17
3.792288890190000075e+03 4.173995868503538986e+00 4.420569999999999767e-16 4.420569999999999890e-17
3.796376100009999845e+03 4.173995868503538986e+00 2.756119999999999907e-16 2.756120000000000092e-17
3.800463309820000177e+03 4.173995868503538986e+00 3.193620000000000113e-16 3.193620000000000113e-17
3.804550519639999948e+03 4.173995868503538986e+00 3.158130000000000004e-16 3.158130000000000004e-17
3.808637729449999824e+03 4.173995868503538986e+00 2.530190000000000000e-16 2.530190000000000247e-17
3.812724939270000050e+03 4.173995868503538986e+00 3.059690000000000026e-16 3.059690000000000395e-17
3.816812149079999926e+03 4.173995868503538986e+00 3.156679999999999754e-16 3.156679999999999754e-17
3.820899358900000152e+03 4.173995868503538986e+00 2.742249999999999841e-16 2.742250000000000026e-17
3.824986568719999923e+03 4.173995868503538986e+00 3.971919999999999862e-16 3.971920000000000355e-17
3.829073778529999800e+03 4.173995868503538986e+00 3.418180000000000157e-16 3.418180000000000404e-17
3.833160988350000025e+03 4.173995868503538986e+00 2.714770000000000231e-16 2.714770000000000231e-17
3.837248198159999902e+03 4.173995868503538986e+00 3.704660000000000131e-16 3.704660000000000131e-17
3.841335407980000127e+03 4.173995868503538986e+00 3.288330000000000128e-16 3.288330000000000128e-17
3.845422617799999898e+03 4.173995868503538986e+00 2.610040000000000203e-16 2.610040000000000327e-17
3.849509827609999775e+03 4.173995868503538986e+00 3.838090000000000013e-16 3.838090000000000506e-17
3.853597037430000000e+03 4.173995868503538986e+00 3.067979999999999910e-16 3.067979999999999910e-17
3.857684247239999877e+03 4.173995868503538986e+00 2.403699999999999990e-16 2.403700000000000237e-17
3.861771457060000103e+03 4.173995868503538986e+00 2.962099999999999854e-16 2.962099999999999977e-17
3.865858666869999979e+03 4.173995868503538986e+00 2.113149999999999884e-16 2.113149999999999884e-17
3.869945876690000205e+03 4.173995868503538986e+00 2.296559999999999989e-16 2.296560000000000050e-17
3.874033086509999976e+03 4.173995868503538986e+00 2.586679999999999859e-16 2.586679999999999859e-17
3.878120296319999852e+03 4.173995868503538986e+00 1.934190000000000029e-16 1.934190000000000029e-17
3.882207506140000078e+03 4.173995868503538986e+00 1.684730000000000063e-16 1.684730000000000125e-17
3.886294715949999954e+03 4.173995868503538986e+00 2.541250000000000125e-16 2.541250000000000248e-17
3.890381925770000180e+03 4.173995868503538986e+00 1.360010000000000084e-16 1.360010000000000207e-17
3.894469135580000057e+03 4.173995868503538986e+00 2.017939999999999910e-16 2.017939999999999910e-17
3.898556345399999827e+03 4.173995868503538986e+00 2.235450000000000165e-16 2.235450000000000227e-17
3.902643555220000053e+03 4.173995868503538986e+00 1.635980000000000011e-16 1.635980000000000134e-17
3.906730765029999930e+03 4.173995868503538986e+00 2.021589999999999980e-16 2.021590000000000041e-17
3.910817974850000155e+03 4.173995868503538986e+00 1.588960000000000087e-16 1.588960000000000210e-17
3.914905184660000032e+03 4.173995868503538986e+00 1.548029999999999982e-16 1.548029999999999920e-17
3.918992394479999803e+03 4.173995868503538986e+00 1.871439999999999897e-16 1.871439999999999958e-17
3.923079604300000028e+03 4.173995868503538986e+00 1.705909999999999946e-16 1.705910000000000193e-17
3.927166814109999905e+03 4.173995868503538986e+00 1.607809999999999890e-16 1.607810000000000075e-17
3.931254023930000130e+03 4.173995868503538986e+00 2.247519999999999886e-16 2.247519999999999886e-17
3.935341233740000007e+03 4.173995868503538986e+00 2.254519999999999803e-16 2.254519999999999926e-17
3.939428443559999778e+03 4.173995868503538986e+00 2.438180000000000010e-16 2.438180000000000072e-17
3.943515653370000109e+03 4.173995868503538986e+00 3.261340000000000058e-16 3.261339999999999935e-17
3.947602863189999880e+03 4.173995868503538986e+00 3.043530000000000075e-16 3.043530000000000321e-17
3.951690073010000106e+03 4.173995868503538986e+00 2.938290000000000163e-16 2.938290000000000410e-17
3.955777282819999982e+03 4.173995868503538986e+00 4.200959999999999932e-16 4.200960000000000178e-17
3.959864492640000208e+03 4.173995868503538986e+00 4.109259999999999842e-16 4.109259999999999965e-17
3.963951702450000084e+03 4.173995868503538986e+00 4.475670000000000406e-16 4.475670000000000776e-17
3.968038912269999855e+03 4.173995868503538986e+00 5.118059999999999589e-16 5.118059999999999713e-17
3.972126122080000187e+03 4.173995868503538986e+00 4.824329999999999843e-16 4.824329999999999967e-17
3.976213331899999957e+03 4.173995868503538986e+00 5.028760000000000288e-16 5.028760000000000658e-17
3.980300541720000183e+03 4.173995868503538986e+00 5.928279999999999766e-16 5.928280000000000013e-17
3.984387751530000060e+03 4.173995868503538986e+00 5.068359999999999985e-16 5.068360000000000354e-17
3.988474961349999830e+03 4.173995868503538986e+00 5.541909999999999564e-16 5.541909999999999811e-17
3.992562171160000162e+03 4.173995868503538986e+00 5.835340000000000074e-16 5.835340000000000567e-17
3.996649380979999933e+03 4.173995868503538986e+00 5.385150000000000346e-16 5.385150000000000346e-17
4.000736590800000158e+03 4.173995868503538986e+00 5.655539999999999598e-16 5.655540000000000338e-17
4.004823800610000035e+03 4.173995868503538986e+00 5.897049999999999848e-16 5.897049999999999602e-17
4.008911010429999806e+03 4.173995868503538986e+00 4.705270000000000232e-16 4.705270000000000232e-17
4.012998220240000137e+03 4.173995868503538986e+00 5.537429999999999539e-16 5.537429999999999662e-17
4.017085430059999908e+03 4.173995868503538986e+00 5.356320000000000230e-16 5.356320000000000477e-17
4.021172639869999784e+03 4.173995868503538986e+00 4.161879999999999798e-16 4.161879999999999921e-17
4.025259849690000010e+03 4.173995868503538986e+00 4.843609999999999636e-16 4.843609999999999759e-17
4.029347059509999781e+03 4.173995868503538986e+00 4.705079999999999927e-16 4.705079999999999927e-17
4.033434269320000112e+03 4.173995868503538986e+00 4.183389999999999924e-16 4.183390000000000048e-17
4.037521479139999883e+03 4.173995868503538986e+00 4.215229999999999964e-16 4.215230000000000334e-17
4.041608688950000214e+03 4.173995868503538986e+00 4.520829999999999941e-16 4.520830000000000310e-17
4.045695898769999985e+03 4.173995868503538986e+00 3.852659999999999774e-16 3.852660000000000267e-17
4.049783108579999862e+03 4.173995868503538986e+00 4.002489999999999785e-16 4.002490000000000032e-17
4.053870318400000087e+03 4.173995868503538986e+00 3.660360000000000081e-16 3.660360000000000451e-17
4.057957528219999858e+03 4.173995868503538986e+00 3.492319999999999918e-16 3.492319999999999918e-17
4.062044738030000190e+03 4.173995868503538986e+00 4.287109999999999862e-16 4.287109999999999986e-17
4.066131947849999960e+03 4.173995868503538986e+00 3.773240000000000054e-16 3.773240000000000423e-17
4.070219157659999837e+03 4.173995868503538986e+00 3.419339999999999865e-16 3.419339999999999865e-17
4.074306367480000063e+03 4.173995868503538986e+00 4.335850000000000236e-16 4.335850000000000236e-17
4.078393577299999833e+03 4.173995868503538986e+00 4.310849999999999830e-16 4.310849999999999830e-17
4.082480787110000165e+03 4.173995868503538986e+00 4.015950000000000205e-16 4.015950000000000575e-17
4.086567996929999936e+03 4.173995868503538986e+00 4.900500000000000448e-16 4.900500000000000695e-17
4.090655206739999812e+03 4.173995868503538986e+00 4.894149999999999862e-16 4.894150000000000108e-17
4.094742416560000038e+03 4.173995868503538986e+00 5.069789999999999892e-16 5.069789999999999892e-17
4.098829626370000369e+03 4.173995868503538986e+00 5.821259999999999853e-16 5.821260000000000100e-17
4.102916836190000140e+03 4.173995868503538986e+00 5.549140000000000473e-16 5.549140000000000966e-17
4.107004046009999911e+03 4.173995868503538986e+00 5.272370000000000119e-16 5.272370000000000242e-17
4.111091255819999787e+03 4.173995868503538986e+00 6.294769999999999732e-16 6.294769999999999979e-17
4.115178465639999558e+03 4.173995868503538986e+00 6.226930000000000192e-16 6.226930000000000192e-17
4.119265675450000344e+03 4.173995868503538986e+00 5.694809999999999544e-16 5.694810000000000284e-17
4.123352885270000115e+03 4.173995868503538986e+00 6.530390000000000393e-16 6.530390000000000886e-17
4.127440095079999992e+03 4.173995868503538986e+00 5.896019999999999909e-16 5.896020000000000155e-17
4.131527304899999763e+03 4.173995868503538986e+00 5.833980000000000384e-16 5.833980000000000137e-17
4.135614514720000443e+03 4.173995868503538986e+00 7.005740000000000318e-16 7.005740000000001057e-17
4.139701724530000320e+03 4.173995868503538986e+00 6.232369999999999941e-16 6.232370000000000680e-17
4.143788934350000090e+03 4.173995868503538986e+00 5.278039999999999874e-16 5.278039999999999997e-17
4.147876144159999967e+03 4.173995868503538986e+00 6.253410000000000377e-16 6.253410000000000377e-17
4.151963353979999738e+03 4.173995868503538986e+00 6.250660000000000481e-16 6.250660000000001220e-17
4.156050563800000418e+03 4.173995868503538986e+00 5.850029999999999925e-16 5.850029999999999678e-17
4.160137773610000295e+03 4.173995868503538986e+00 6.302450000000000480e-16 6.302450000000000234e-17
4.164224983430000066e+03 4.173995868503538986e+00 6.180710000000000202e-16 6.180710000000000448e-17
4.168312193239999942e+03 4.173995868503538986e+00 5.647010000000000030e-16 5.647010000000000276e-17
4.172399403059999713e+03 4.173995868503538986e+00 6.012439999999999540e-16 6.012440000000000033e-17
4.176486612869999590e+03 4.173995868503538986e+00 6.096590000000000129e-16 6.096590000000000622e-17
4.180573822690000270e+03 4.173995868503538986e+00 5.928070000000000104e-16 5.928070000000000844e-17
4.184661032510000041e+03 4.173995868503538986e+00 6.418149999999999579e-16 6.418150000000000319e-17
4.188748242319999918e+03 4.173995868503538986e+00 5.665819999999999639e-16 5.665819999999999639e-17
4.192835452139999688e+03 4.173995868503538986e+00 6.007449999999999631e-16 6.007449999999999877e-17
4.196922661949999565e+03 4.173995868503538986e+00 6.383960000000000103e-16 6.383960000000000349e-17
4.201009871770000245e+03 4.173995868503538986e+00 5.926300000000000274e-16 5.926300000000000274e-17
4.205097081580000122e+03 4.173995868503538986e+00 5.179279999999999823e-16 5.179280000000000069e-17
4.209184291399999893e+03 4.173995868503538986e+00 5.709610000000000297e-16 5.709610000000000544e-17
4.213271501219999664e+03 4.173995868503538986e+00 5.183680000000000447e-16 5.183680000000000447e-17
4.217358711030000450e+03 4.173995868503538986e+00 5.130309999999999936e-16 5.130309999999999936e-17
4.221445920850000221e+03 4.173995868503538986e+00 5.496399999999999935e-16 5.496400000000000428e-17
4.225533130660000097e+03 4.173995868503538986e+00 5.162940000000000232e-16 5.162940000000000355e-17
4.229620340479999868e+03 4.173995868503538986e+00 4.970269999999999608e-16 4.970269999999999977e-17
4.233707550299999639e+03 4.173995868503538986e+00 5.435879999999999890e-16 5.435880000000000383e-17
4.237794760110000425e+03 4.173995868503538986e+00 5.119339999999999878e-16 5.119340000000000371e-17
4.241881969930000196e+03 4.173995868503538986e+00 4.548650000000000460e-16 4.548650000000000830e-17
4.245969179740000072e+03 4.173995868503538986e+00 5.076350000000000140e-16 5.076350000000000263e-17
4.250056389559999843e+03 4.173995868503538986e+00 4.630309999999999700e-16 4.630309999999999823e-17
4.254143599369999720e+03 4.173995868503538986e+00 3.645969999999999960e-16 3.645970000000000330e-17
4.258230809190000400e+03 4.173995868503538986e+00 3.436479999999999883e-16 3.436480000000000376e-17
4.262318019010000171e+03 4.173995868503538986e+00 3.699879999999999883e-16 3.699880000000000376e-17
4.266405228820000048e+03 4.173995868503538986e+00 3.042900000000000102e-16 3.042900000000000348e-17
4.270492438639999818e+03 4.173995868503538986e+00 3.104409999999999892e-16 3.104410000000000262e-17
4.274579648449999695e+03 4.173995868503538986e+00 3.005329999999999769e-16 3.005330000000000016e-17
4.278666858270000375e+03 4.173995868503538986e+00 2.488420000000000014e-16 2.488420000000000199e-17
4.282754068080000252e+03 4.173995868503538986e+00 3.199270000000000018e-16 3.199270000000000388e-17
4.286841277900000023e+03 4.173995868503538986e+00 2.992899999999999782e-16 2.992900000000000152e-17
4.290928487719999794e+03 4.173995868503538986e+00 2.288880000000000227e-16 2.288880000000000412e-17
4.295015697529999670e+03 4.173995868503538986e+00 2.698099999999999903e-16 2.698100000000000149e-17
4.299102907350000351e+03 4.173995868503538986e+00 3.071690000000000023e-16 3.071690000000000023e-17
4.303190117160000227e+03 4.173995868503538986e+00 2.497470000000000131e-16 2.497470000000000316e-17
4.307277326979999998e+03 4.173995868503538986e+00 2.717640000000000216e-16 2.717640000000000278e-17
4.311364536799999769e+03 4.173995868503538986e+00 3.207310000000000046e-16 3.207309999999999923e-17
4.315451746609999645e+03 4.173995868503538986e+00 3.340860000000000017e-16 3.340860000000000264e-17
4.319538956430000326e+03 4.173995868503538986e+00 3.896759999999999840e-16 3.896760000000000210e-17
4.323626166240000202e+03 4.173995868503538986e+00 4.157639999999999950e-16 4.157640000000000319e-17
4.327713376059999973e+03 4.173995868503538986e+00 4.195409999999999773e-16 4.195409999999999773e-17
4.331800585869999850e+03 4.173995868503538986e+00 4.673740000000000092e-16 4.673740000000000216e-17
4.335887795689999621e+03 4.173995868503538986e+00 5.315399999999999558e-16 5.315399999999999927e-17
4.339975005510000301e+03 4.173995868503538986e+00 4.870560000000000005e-16 4.870560000000000375e-17
4.344062215320000178e+03 4.173995868503538986e+00 5.280540000000000407e-16 5.280540000000000407e-17
4.348149425139999948e+03 4.173995868503538986e+00 5.547319999999999784e-16 5.547320000000000154e-17
4.352236634949999825e+03 4.173995868503538986e+00 5.265979999999999831e-16 5.265980000000000078e-17
4.356323844769999596e+03 4.173995868503538986e+00 5.530460000000000137e-16 5.530460000000000384e-17
4.360411054580000382e+03 4.173995868503538986e+00 5.985610000000000246e-16 5.985610000000000000e-17
4.364498264400000153e+03 4.173995868503538986e+00 5.312120000000000419e-16 5.312120000000000666e-17
4.368585474219999924e+03 4.173995868503538986e+00 5.100920000000000064e-16 5.100920000000000434e-17
4.372672684029999800e+03 4.173995868503538986e+00 5.737680000000000180e-16 5.737680000000000426e-17
4.376759893849999571e+03 4.173995868503538986e+00 5.310210000000000158e-16 5.310210000000000651e-17
4.380847103660000357e+03 4.173995868503538986e+00 5.666299999999999994e-16 5.666300000000000733e-17
4.384934313480000128e+03 4.173995868503538986e+00 5.682850000000000233e-16 5.682850000000000233e-17
4.389021523299999899e+03 4.173995868503538986e+00 5.520060000000000008e-16 5.520060000000000501e-17
4.393108733109999775e+03 4.173995868503538986e+00 5.156699999999999562e-16 5.156699999999999686e-17
4.397195942929999546e+03 4.173995868503538986e+00 5.928760000000000121e-16 5.928759999999999875e-17
4.401283152740000332e+03 4.173995868503538986e+00 5.701999999999999765e-16 5.702000000000000012e-17
4.405370362560000103e+03 4.173995868503538986e+00 5.170899999999999872e-16 5.170900000000000119e-17
4.409457572369999980e+03 4.173995868503538986e+00 5.563899999999999553e-16 5.563899999999999799e-17
4.413544782189999751e+03 4.173995868503538986e+00 5.961030000000000151e-16 5.961030000000000397e-17
4.417631992010000431e+03 4.173995868503538986e+00 5.321949999999999635e-16 5.321949999999999635e-17
4.421719201820000308e+03 4.173995868503538986e+00 5.777859999999999977e-16 5.777860000000000470e-17
4.425806411640000078e+03 4.173995868503538986e+00 5.480599999999999757e-16 5.480600000000000250e-17
4.429893621449999955e+03 4.173995868503538986e+00 5.145310000000000180e-16 5.145310000000000550e-17
4.433980831269999726e+03 4.173995868503538986e+00 5.266920000000000198e-16 5.266920000000000321e-17
4.438068041079999603e+03 4.173995868503538986e+00 5.373840000000000365e-16 5.373840000000000365e-17
4.442155250900000283e+03 4.173995868503538986e+00 5.041390000000000258e-16 5.041390000000000258e-17
4.446242460720000054e+03 4.173995868503538986e+00 5.188840000000000317e-16 5.188840000000000810e-17
4.450329670529999930e+03 4.173995868503538986e+00 5.474639999999999952e-16 5.474640000000000322e-17
4.454416880349999701e+03 4.173995868503538986e+00 5.147649999999999938e-16 5.147650000000000185e-17
4.458504090159999578e+03 4.173995868503538986e+00 5.317910000000000263e-16 5.317910000000000386e-17
4.462591299980000258e+03 4.173995868503538986e+00 5.491870000000000037e-16 5.491870000000000037e-17
4.466678509800000029e+03 4.173995868503538986e+00 4.818850000000000393e-16 4.818850000000000517e-17
4.470765719609999906e+03 4.173995868503538986e+00 5.675740000000000400e-16 5.675740000000000893e-17
4.474852929429999676e+03 4.173995868503538986e+00 5.668510000000000478e-16 5.668510000000000971e-17
4.478940139239999553e+03 4.173995868503538986e+00 5.141300000000000338e-16 5.141300000000000831e-17
4.483027349060000233e+03 4.173995868503538986e+00 5.130539999999999942e-16 5.130540000000000435e-17
4.487114558870000110e+03 4.173995868503538986e+00 5.473860000000000362e-16 5.473860000000000855e-17
4.491201768689999881e+03 4.173995868503538986e+00 4.767810000000000455e-16 4.767810000000000825e-17
4.495288978509999652e+03 4.173995868503538986e+00 5.002499999999999936e-16 5.002500000000000306e-17
4.499376188320000438e+03 4.173995868503538986e+00 5.387579999999999677e-16 5.387579999999999801e-17
4.503463398140000209e+03 4.173995868503538986e+00 4.925829999999999619e-16 4.925829999999999619e-17
4.507550607950000085e+03 4.173995868503538986e+00 4.760929999999999641e-16 4.760930000000000135e-17
4.511637817769999856e+03 4.173995868503538986e+00 5.319760000000000480e-16 5.319760000000000727e-17
4.515725027579999733e+03 4.173995868503538986e+00 4.555889999999999568e-16 4.555889999999999568e-17
4.519812237400000413e+03 4.173995868503538986e+00 4.285359999999999883e-16 4.285360000000000130e-17
4.523899447220000184e+03 4.173995868503538986e+00 5.016949999999999609e-16 5.016950000000000102e-17
4.527986657030000060e+03 4.173995868503538986e+00 4.485609999999999538e-16 4.485609999999999661e-17
4.532073866849999831e+03 4.173995868503538986e+00 4.429720000000000123e-16 4.429720000000000493e-17
4.536161076659999708e+03 4.173995868503538986e+00 4.809059999999999893e-16 4.809059999999999893e-17
4.540248286480000388e+03 4.173995868503538986e+00 4.992549999999999646e-16 4.992550000000000139e-17
4.544335496300000159e+03 4.173995868503538986e+00 3.929760000000000081e-16 3.929760000000000574e-17
4.548422706110000036e+03 4.173995868503538986e+00 5.344119999999999756e-16 5.344119999999999879e-17
4.552509915929999806e+03 4.173995868503538986e+00 5.344850000000000460e-16 5.344850000000000953e-17
4.556597125739999683e+03 4.173995868503538986e+00 4.988889999999999898e-16 4.988890000000000268e-17
4.560684335560000363e+03 4.173995868503538986e+00 5.404879999999999978e-16 5.404880000000000471e-17
4.564771545370000240e+03 4.173995868503538986e+00 5.417470000000000248e-16 5.417470000000000494e-17
4.568858755190000011e+03 4.173995868503538986e+00 5.571070000000000417e-16 5.571070000000000663e-17
4.572945965009999782e+03 4.173995868503538986e+00 5.662930000000000296e-16 5.662930000000001036e-17
4.577033174819999658e+03 4.173995868503538986e+00 6.252830000000000277e-16 6.252830000000000031e-17
4.581120384640000339e+03 4.173995868503538986e+00 5.960089999999999784e-16 5.960089999999999538e-17
4.585207594450000215e+03 4.173995868503538986e+00 6.237059999999999629e-16 6.237059999999999382e-17
4.589294804269999986e+03 4.173995868503538986e+00 6.491270000000000065e-16 6.491269999999999819e-17
4.593382014089999757e+03 4.173995868503538986e+00 5.952830000000000333e-16 5.952830000000000086e-17
4.597469223899999633e+03 4.173995868503538986e+00 6.358229999999999978e-16 6.358230000000000718e-17
4.601556433720000314e+03 4.173995868503538986e+00 6.751040000000000340e-16 6.751040000000001326e-17
4.605643643530000190e+03 4.173995868503538986e+00 6.579549999999999599e-16 6.579550000000000092e-17
4.609730853349999961e+03 4.173995868503538986e+00 6.216990000000000074e-16 6.216990000000000074e-17
4.613818063159999838e+03 4.173995868503538986e+00 6.632279999999999965e-16 6.632279999999999965e-17
4.617905272979999609e+03 4.173995868503538986e+00 6.450549999999999869e-16 6.450549999999999623e-17
4.621992482800000289e+03 4.173995868503538986e+00 6.153529999999999827e-16 6.153530000000000567e-17
4.626079692610000166e+03 4.173995868503538986e+00 6.685899999999999838e-16 6.685899999999999838e-17
4.630166902429999936e+03 4.173995868503538986e+00 6.546089999999999840e-16 6.546090000000000580e-17
4.634254112239999813e+03 4.173995868503538986e+00 6.020360000000000466e-16 6.020360000000000219e-17
4.638341322059999584e+03 4.173995868503538986e+00 6.696399999999999713e-16 6.696400000000000206e-17
4.642428531870000370e+03 4.173995868503538986e+00 6.940810000000000464e-16 6.940810000000001203e-17
4.646515741690000141e+03 4.173995868503538986e+00 6.356379999999999761e-16 6.356379999999999761e-17
4.650602951509999912e+03 4.173995868503538986e+00 6.538180000000000072e-16 6.538179999999999826e-17
4.654690161319999788e+03 4.173995868503538986e+00 6.875889999999999795e-16 6.875890000000000781e-17
4.658777371139999559e+03 4.173995868503538986e+00 6.494289999999999669e-16 6.494289999999999669e-17
4.662864580950000345e+03 4.173995868503538986e+00 6.580390000000000220e-16 6.580390000000000466e-17
4.666951790770000116e+03 4.173995868503538986e+00 6.794610000000000179e-16 6.794610000000001165e-17
4.671039000589999887e+03 4.173995868503538986e+00 6.221389999999999711e-16 6.221390000000000451e-17
4.675126210399999763e+03 4.173995868503538986e+00 6.565530000000000408e-16 6.565530000000001148e-17
4.679213420220000444e+03 4.173995868503538986e+00 6.633100000000000242e-16 6.633100000000000242e-17
4.683300630030000320e+03 4.173995868503538986e+00 6.352000000000000467e-16 6.352000000000000713e-17
4.687387839850000091e+03 4.173995868503538986e+00 6.200499999999999879e-16 6.200499999999999632e-17
4.691475049659999968e+03 4.173995868503538986e+00 6.786060000000000266e-16 6.786060000000001006e-17
4.695562259479999739e+03 4.173995868503538986e+00 6.367490000000000251e-16 6.367490000000000005e-17
4.699649469300000419e+03 4.173995868503538986e+00 5.887409999999999952e-16 5.887409999999999706e-17
4.703736679110000296e+03 4.173995868503538986e+00 6.452740000000000009e-16 6.452739999999999763e-17
4.707823888930000066e+03 4.173995868503538986e+00 6.466609999999999582e-16 6.466609999999999828e-17
4.711911098739999943e+03 4.173995868503538986e+00 6.177510000000000465e-16 6.177510000000000958e-17
4.715998308559999714e+03 4.173995868503538986e+00 6.460299999999999682e-16 6.460299999999999436e-17
4.720085518369999591e+03 4.173995868503538986e+00 6.206610000000000287e-16 6.206610000000000287e-17
4.724172728190000271e+03 4.173995868503538986e+00 5.598510000000000326e-16 5.598510000000000573e-17
4.728259938010000042e+03 4.173995868503538986e+00 5.969540000000000362e-16 5.969540000000000362e-17
4.732347147819999918e+03 4.173995868503538986e+00 6.244299999999999723e-16 6.244299999999999969e-17
4.736434357639999689e+03 4.173995868503538986e+00 5.928109999999999805e-16 5.928109999999999805e-17
4.740521567449999566e+03 4.173995868503538986e+00 5.665699999999999550e-16 5.665700000000000290e-17
4.744608777270000246e+03 4.173995868503538986e+00 5.645849999999999829e-16 5.645849999999999583e-17
4.748695987090000017e+03 4.173995868503538986e+00 4.883649999999999987e-16 4.883650000000000357e-17
4.752783196899999894e+03 4.173995868503538986e+00 5.041800000000000397e-16 5.041800000000000397e-17
4.756870406719999664e+03 4.173995868503538986e+00 5.091800000000000224e-16 5.091800000000000593e-17
4.760957616530000450e+03 4.173995868503538986e+00 4.595169999999999685e-16 4.595170000000000178e-17
4.765044826350000221e+03 4.173995868503538986e+00 4.137730000000000184e-16 4.137730000000000554e-17
4.769132036160000098e+03 4.173995868503538986e+00 4.514039999999999686e-16 4.514040000000000056e-17
4.773219245979999869e+03 4.173995868503538986e+00 4.143610000000000094e-16 4.143610000000000094e-17
4.777306455799999640e+03 4.173995868503538986e+00 3.124769999999999991e-16 3.124770000000000360e-17
4.781393665610000426e+03 4.173995868503538986e+00 3.465439999999999766e-16 3.465440000000000259e-17
4.785480875430000197e+03 4.173995868503538986e+00 3.399669999999999784e-16 3.399670000000000030e-17
4.789568085240000073e+03 4.173995868503538986e+00 2.711720000000000112e-16 2.711720000000000236e-17
4.793655295059999844e+03 4.173995868503538986e+00 2.801189999999999868e-16 2.801190000000000115e-17
4.797742504869999721e+03 4.173995868503538986e+00 2.998589999999999881e-16 2.998590000000000004e-17
4.801829714690000401e+03 4.173995868503538986e+00 2.689429999999999902e-16 2.689430000000000025e-17
4.805916924510000172e+03 4.173995868503538986e+00 2.576319999999999924e-16 2.576320000000000170e-17
4.810004134320000048e+03 4.173995868503538986e+00 2.903619999999999838e-16 2.903619999999999962e-17
4.814091344139999819e+03 4.173995868503538986e+00 2.835809999999999827e-16 2.835809999999999704e-17
4.818178553949999696e+03 4.173995868503538986e+00 2.777189999999999873e-16 2.777190000000000242e-17
4.822265763770000376e+03 4.173995868503538986e+00 4.038540000000000144e-16 4.038540000000000391e-17
4.826352973590000147e+03 4.173995868503538986e+00 3.529979999999999824e-16 3.529980000000000071e-17
4.830440183400000024e+03 4.173995868503538986e+00 3.629999999999999821e-16 3.629999999999999944e-17
4.834527393219999794e+03 4.173995868503538986e+00 4.845030000000000357e-16 4.845030000000000481e-17
4.838614603029999671e+03 4.173995868503538986e+00 4.948969999999999636e-16 4.948969999999999636e-17
4.842701812850000351e+03 4.173995868503538986e+00 5.589639999999999849e-16 5.589640000000000095e-17
4.846789022660000228e+03 4.173995868503538986e+00 5.906950000000000266e-16 5.906950000000000759e-17
4.850876232479999999e+03 4.173995868503538986e+00 6.489479999999999892e-16 6.489480000000000385e-17
4.854963442299999770e+03 4.173995868503538986e+00 6.321330000000000306e-16 6.321330000000000552e-17
4.859050652109999646e+03 4.173995868503538986e+00 6.666209999999999906e-16 6.666209999999999906e-17
4.863137861930000327e+03 4.173995868503538986e+00 7.532229999999999925e-16 7.532230000000000172e-17
4.867225071740000203e+03 4.173995868503538986e+00 7.032529999999999911e-16 7.032530000000000897e-17
4.871312281559999974e+03 4.173995868503538986e+00 7.344509999999999510e-16 7.344509999999999756e-17
4.875399491369999851e+03 4.173995868503538986e+00 7.372690000000000295e-16 7.372690000000000788e-17
4.879486701189999621e+03 4.173995868503538986e+00 7.382100000000000186e-16 7.382100000000000186e-17
4.883573911010000302e+03 4.173995868503538986e+00 6.985609999999999732e-16 6.985610000000000225e-17
4.887661120820000178e+03 4.173995868503538986e+00 7.653829999999999771e-16 7.653830000000000511e-17
4.891748330639999949e+03 4.173995868503538986e+00 7.226260000000000004e-16 7.226260000000000251e-17
4.895835540449999826e+03 4.173995868503538986e+00 7.114300000000000054e-16 7.114300000000001040e-17
4.899922750269999597e+03 4.173995868503538986e+00 7.661109999999999566e-16 7.661110000000000059e-17
4.904009960090000277e+03 4.173995868503538986e+00 7.878300000000000242e-16 7.878300000000000981e-17
4.908097169900000154e+03 4.173995868503538986e+00 7.260450000000000467e-16 7.260450000000001453e-17
4.912184379719999924e+03 4.173995868503538986e+00 7.509350000000000429e-16 7.509350000000001415e-17
4.916271589529999801e+03 4.173995868503538986e+00 8.320120000000000191e-16 8.320120000000000684e-17
4.920358799349999572e+03 4.173995868503538986e+00 7.814680000000000206e-16 7.814680000000000699e-17
4.924446009160000358e+03 4.173995868503538986e+00 7.640240000000000077e-16 7.640240000000000570e-17
4.928533218980000129e+03 4.173995868503538986e+00 7.839909999999999632e-16 7.839910000000000371e-17
4.932620428799999900e+03 4.173995868503538986e+00 7.508940000000000290e-16 7.508940000000001276e-17
4.936707638609999776e+03 4.173995868503538986e+00 6.844680000000000221e-16 6.844680000000000468e-17
4.940794848429999547e+03 4.173995868503538986e+00 7.726229999999999725e-16 7.726230000000000218e-17
4.944882058240000333e+03 4.173995868503538986e+00 7.988899999999999514e-16 7.988899999999999761e-17
4.948969268060000104e+03 4.173995868503538986e+00 6.998079999999999913e-16 6.998080000000000899e-17
4.953056477869999981e+03 4.173995868503538986e+00 7.406869999999999600e-16 7.406870000000000093e-17
4.957143687689999751e+03 4.173995868503538986e+00 7.610189999999999717e-16 7.610189999999999717e-17
4.961230897510000432e+03 4.173995868503538986e+00 6.626079999999999982e-16 6.626080000000000722e-17
4.965318107320000308e+03 4.173995868503538986e+00 7.353769999999999782e-16 7.353770000000000275e-17
4.969405317140000079e+03 4.173995868503538986e+00 6.861790000000000217e-16 6.861790000000000217e-17
4.973492526949999956e+03 4.173995868503538986e+00 6.839290000000000344e-16 6.839290000000000837e-17
4.977579736769999727e+03 4.173995868503538986e+00 6.414989999999999544e-16 6.414989999999999790e-17
4.981666946590000407e+03 4.173995868503538986e+00 6.833339999999999725e-16 6.833339999999999725e-17
4.985754156400000284e+03 4.173995868503538986e+00 6.223119999999999840e-16 6.223119999999999593e-17
4.989841366220000054e+03 4.173995868503538986e+00 5.670510000000000313e-16 5.670510000000000806e-17
4.993928576029999931e+03 4.173995868503538986e+00 6.247469999999999930e-16 6.247469999999999930e-17
4.998015785849999702e+03 4.173995868503538986e+00 6.235069999999999965e-16 6.235070000000000212e-17
5.002102995659999578e+03 4.173995868503538986e+00 5.939730000000000179e-16 5.939730000000000672e-17
5.006190205480000259e+03 4.173995868503538986e+00 6.388929999999999669e-16 6.388930000000000408e-17
5.010277415300000030e+03 4.173995868503538986e+00 6.225670000000000246e-16 6.225670000000000246e-17
5.014364625109999906e+03 4.173995868503538986e+00 6.177079999999999983e-16 6.177080000000000723e-17
5.018451834929999677e+03 4.173995868503538986e+00 6.507300000000000249e-16 6.507300000000000496e-17
5.022539044739999554e+03 4.173995868503538986e+00 6.545540000000000255e-16 6.545540000000000995e-17
5.026626254560000234e+03 4.173995868503538986e+00 6.322710000000000340e-16 6.322710000000001079e-17
5.030713464370000111e+03 4.173995868503538986e+00 6.345069999999999780e-16 6.345069999999999780e-17
5.034800674189999881e+03 4.173995868503538986e+00 6.348320000000000375e-16 6.348320000000000129e-17
5.038887884009999652e+03 4.173995868503538986e+00 6.308449999999999986e-16 6.308449999999999739e-17
5.042975093820000438e+03 4.173995868503538986e+00 5.935720000000000337e-16 5.935720000000000337e-17
5.047062303640000209e+03 4.173995868503538986e+00 6.531250000000000372e-16 6.531250000000000125e-17
5.051149513450000086e+03 4.173995868503538986e+00 6.354769999999999721e-16 6.354769999999999967e-17
5.055236723269999857e+03 4.173995868503538986e+00 5.668310000000000001e-16 5.668310000000000001e-17
5.059323933089999628e+03 4.173995868503538986e+00 6.490640000000000093e-16 6.490639999999999846e-17
5.063411142900000414e+03 4.173995868503538986e+00 6.896669999999999711e-16 6.896670000000000451e-17
5.067498352720000184e+03 4.173995868503538986e+00 5.922659999999999884e-16 5.922659999999999884e-17
5.071585562530000061e+03 4.173995868503538986e+00 6.085470000000000453e-16 6.085470000000000946e-17
5.075672772349999832e+03 4.173995868503538986e+00 6.277539999999999647e-16 6.277539999999999647e-17
5.079759982159999709e+03 4.173995868503538986e+00 6.108300000000000076e-16 6.108300000000000076e-17
5.083847191980000389e+03 4.173995868503538986e+00 5.919000000000000136e-16 5.919000000000000629e-17
5.087934401800000160e+03 4.173995868503538986e+00 6.201550000000000162e-16 6.201550000000000408e-17
5.092021611610000036e+03 4.173995868503538986e+00 5.987709999999999827e-16 5.987710000000000320e-17
5.096108821429999807e+03 4.173995868503538986e+00 5.551509999999999760e-16 5.551509999999999513e-17
5.100196031239999684e+03 4.173995868503538986e+00 5.685500000000000385e-16 5.685500000000000138e-17
5.104283241060000364e+03 4.173995868503538986e+00 5.731349999999999937e-16 5.731349999999999937e-17
5.108370450870000241e+03 4.173995868503538986e+00 5.249250000000000445e-16 5.249250000000000938e-17
5.112457660690000012e+03 4.173995868503538986e+00 5.052010000000000222e-16 5.052010000000000592e-17
5.116544870509999782e+03 4.173995868503538986e+00 5.357159999999999865e-16 5.357160000000000235e-17
5.120632080319999659e+03 4.173995868503538986e+00 4.694389999999999747e-16 4.694389999999999871e-17
5.124719290140000339e+03 4.173995868503538986e+00 4.842840000000000217e-16 4.842840000000000340e-17
5.128806499950000216e+03 4.173995868503538986e+00 5.332430000000000152e-16 5.332430000000000522e-17
5.132893709769999987e+03 4.173995868503538986e+00 5.126190000000000177e-16 5.126190000000000300e-17
5.136980919589999758e+03 4.173995868503538986e+00 4.640780000000000046e-16 4.640780000000000046e-17
5.141068129399999634e+03 4.173995868503538986e+00 4.900080000000000138e-16 4.900080000000000507e-17
5.145155339220000315e+03 4.173995868503538986e+00 5.093980000000000192e-16 5.093980000000000685e-17
5.149242549030000191e+03 4.173995868503538986e+00 4.350119999999999776e-16 4.350119999999999776e-17
5.153329758849999962e+03 4.173995868503538986e+00 5.140100000000000437e-16 5.140100000000000560e-17
5.157416968659999839e+03 4.173995868503538986e+00 5.355139999999999687e-16 5.355139999999999687e-17
5.161504178479999609e+03 4.173995868503538986e+00 4.626770000000000041e-16 4.626770000000000534e-17
5.165591388300000290e+03 4.173995868503538986e+00 4.836259999999999625e-16 4.836259999999999872e-17
5.169678598110000166e+03 4.173995868503538986e+00 5.396149999999999933e-16 5.396150000000000056e-17
5.173765807929999937e+03 4.173995868503538986e+00 4.873199999999999985e-16 4.873200000000000231e-17
5.177853017739999814e+03 4.173995868503538986e+00 5.134290000000000249e-16 5.134290000000000742e-17
5.181940227559999585e+03 4.173995868503538986e+00 5.863219999999999652e-16 5.863220000000000145e-17
5.186027437370000371e+03 4.173995868503538986e+00 5.882239999999999910e-16 5.882239999999999910e-17
5.190114647190000142e+03 4.173995868503538986e+00 5.419379999999999524e-16 5.419379999999999893e-17
5.194201857009999912e+03 4.173995868503538986e+00 5.318840000000000458e-16 5.318840000000000581e-17
5.198289066819999789e+03 4.173995868503538986e+00 5.945260000000000488e-16 5.945260000000000981e-17
5.202376276639999560e+03 4.173995868503538986e+00 5.748149999999999539e-16 5.748150000000000032e-17
5.206463486450000346e+03 4.173995868503538986e+00 5.615009999999999707e-16 5.615010000000000446e-17
5.210550696270000117e+03 4.173995868503538986e+00 6.158279999999999559e-16 6.158279999999999559e-17
5.214637906089999888e+03 4.173995868503538986e+00 5.943029999999999661e-16 5.943029999999999414e-17
5.218725115899999764e+03 4.173995868503538986e+00 5.579369999999999980e-16 5.579370000000000226e-17
5.222812325720000445e+03 4.173995868503538986e+00 5.958879999999999711e-16 5.958880000000000451e-17
5.226899535530000321e+03 4.173995868503538986e+00 5.722310000000000484e-16 5.722310000000000484e-17
5.230986745350000092e+03 4.173995868503538986e+00 5.449980000000000455e-16 5.449980000000000948e-17
5.235073955159999969e+03 4.173995868503538986e+00 6.021799999999999558e-16 6.021799999999999805e-17
5.239161164979999739e+03 4.173995868503538986e+00 6.368439999999999803e-16 6.368440000000000296e-17
5.243248374800000420e+03 4.173995868503538986e+00 5.543879999999999870e-16 5.543880000000000117e-17
5.247335584610000296e+03 4.173995868503538986e+00 5.450279999999999690e-16 5.450279999999999937e-17
5.251422794430000067e+03 4.173995868503538986e+00 6.030290000000000412e-16 6.030290000000000905e-17
5.255510004239999944e+03 4.173995868503538986e+00 5.886659999999999891e-16 5.886660000000000384e-17
5.259597214059999715e+03 4.173995868503538986e+00 5.782800000000000013e-16 5.782799999999999767e-17
5.263684423869999591e+03 4.173995868503538986e+00 6.111350000000000195e-16 6.111350000000000688e-17
5.267771633690000272e+03 4.173995868503538986e+00 6.195130000000000345e-16 6.195130000000000099e-17
5.271858843510000042e+03 4.173995868503538986e+00 5.778119999999999511e-16 5.778119999999999265e-17
5.275946053319999919e+03 4.173995868503538986e+00 5.801190000000000298e-16 5.801190000000000791e-17
5.280033263139999690e+03 4.173995868503538986e+00 6.198599999999999788e-16 6.198600000000000282e-17
5.284120472949999566e+03 4.173995868503538986e+00 5.749510000000000216e-16 5.749510000000000463e-17
5.288207682770000247e+03 4.173995868503538986e+00 5.653680000000000195e-16 5.653679999999999949e-17
5.292294892590000018e+03 4.173995868503538986e+00 6.224209999999999824e-16 6.224210000000000564e-17
5.296382102399999894e+03 4.173995868503538986e+00 5.716699999999999787e-16 5.716699999999999787e-17
5.300469312219999665e+03 4.173995868503538986e+00 5.705760000000000245e-16 5.705760000000000984e-17
5.304556522030000451e+03 4.173995868503538986e+00 5.936700000000000404e-16 5.936700000000000157e-17
5.308643731850000222e+03 4.173995868503538986e+00 5.652200000000000416e-16 5.652200000000000169e-17
5.312730941660000099e+03 4.173995868503538986e+00 5.658299999999999667e-16 5.658300000000000160e-17
5.316818151479999869e+03 4.173995868503538986e+00 5.984879999999999542e-16 5.984879999999999542e-17
5.320905361299999640e+03 4.173995868503538986e+00 6.030390000000000157e-16 6.030390000000000157e-17
5.324992571110000426e+03 4.173995868503538986e+00 5.325869999999999903e-16 5.325870000000000150e-17
5.329079780930000197e+03 4.173995868503538986e+00 5.834929999999999936e-16 5.834930000000000429e-17
5.333166990740000074e+03 4.173995868503538986e+00 6.131929999999999634e-16 6.131929999999999388e-17
5.337254200559999845e+03 4.173995868503538986e+00 5.816300000000000459e-16 5.816300000000000706e-17
5.341341410369999721e+03 4.173995868503538986e+00 5.523309999999999617e-16 5.523309999999999617e-17
5.345428620190000402e+03 4.173995868503538986e+00 6.406070000000000180e-16 6.406070000000000919e-17
5.349515830010000172e+03 4.173995868503538986e+00 6.152849999999999982e-16 6.152849999999999735e-17
5.353603039820000049e+03 4.173995868503538986e+00 5.546569999999999723e-16 5.546570000000000216e-17
5.357690249639999820e+03 4.173995868503538986e+00 5.778079999999999811e-16 5.778080000000000304e-17
5.361777459449999697e+03 4.173995868503538986e+00 6.103020000000000117e-16 6.103020000000000363e-17
5.365864669270000377e+03 4.173995868503538986e+00 5.536689999999999649e-16 5.536689999999999772e-17
5.369951879090000148e+03 4.173995868503538986e+00 5.590700000000000304e-16 5.590700000000000304e-17
5.374039088900000024e+03 4.173995868503538986e+00 6.094319999999999601e-16 6.094320000000000094e-17
5.378126298719999795e+03 4.173995868503538986e+00 5.634840000000000070e-16 5.634839999999999824e-17
5.382213508529999672e+03 4.173995868503538986e+00 5.427439999999999895e-16 5.427440000000000142e-17
5.386300718350000352e+03 4.173995868503538986e+00 5.905479999999999672e-16 5.905480000000000411e-17
5.390387928160000229e+03 4.173995868503538986e+00 5.982429999999999867e-16 5.982430000000000607e-17
5.394475137980000000e+03 4.173995868503538986e+00 5.672470000000000447e-16 5.672470000000000447e-17
5.398562347799999770e+03 4.173995868503538986e+00 5.642979999999999844e-16 5.642979999999999844e-17
5.402649557609999647e+03 4.173995868503538986e+00 6.046609999999999660e-16 6.046609999999999906e-17
5.406736767430000327e+03 4.173995868503538986e+00 5.555349999999999641e-16 5.555349999999999641e-17
5.410823977240000204e+03 4.173995868503538986e+00 5.788169999999999547e-16 5.788169999999999300e-17
5.414911187059999975e+03 4.173995868503538986e+00 5.957859999999999943e-16 5.957860000000000436e-17
5.418998396879999746e+03 4.173995868503538986e+00 5.660089999999999840e-16 5.660089999999999593e-17
5.423085606689999622e+03 4.173995868503538986e+00 5.840740000000000123e-16 5.840740000000000862e-17
5.427172816510000303e+03 4.173995868503538986e+00 5.896960000000000275e-16 5.896960000000001015e-17
5.431260026320000179e+03 4.173995868503538986e+00 5.967889999999999635e-16 5.967890000000000374e-17
5.435347236139999950e+03 4.173995868503538986e+00 5.346160000000000278e-16 5.346160000000000525e-17
5.439434445949999827e+03 4.173995868503538986e+00 5.552630000000000259e-16 5.552630000000000013e-17
5.443521655769999597e+03 4.173995868503538986e+00 6.005559999999999712e-16 6.005559999999999959e-17
5.447608865590000278e+03 4.173995868503538986e+00 5.406400000000000445e-16 5.406400000000000445e-17
5.451696075400000154e+03 4.173995868503538986e+00 5.525420000000000355e-16 5.525420000000000602e-17
5.455783285219999925e+03 4.173995868503538986e+00 5.878899999999999741e-16 5.878899999999999741e-17
5.459870495029999802e+03 4.173995868503538986e+00 5.762109999999999671e-16 5.762109999999999918e-17
5.463957704849999573e+03 4.173995868503538986e+00 5.437419999999999714e-16 5.437419999999999837e-17
5.468044914660000359e+03 4.173995868503538986e+00 5.663450000000000352e-16 5.663450000000001091e-17
5.472132124480000130e+03 4.173995868503538986e+00 5.838579999999999512e-16 5.838580000000000251e-17
5.476219334299999900e+03 4.173995868503538986e+00 5.357800000000000010e-16 5.357800000000000257e-17
5.480306544109999777e+03 4.173995868503538986e+00 5.527439999999999548e-16 5.527439999999999918e-17
5.484393753929999548e+03 4.173995868503538986e+00 5.931460000000000145e-16 5.931460000000000638e-17
5.488480963740000334e+03 4.173995868503538986e+00 5.241040000000000456e-16 5.241040000000000579e-17
5.492568173560000105e+03 4.173995868503538986e+00 5.115220000000000119e-16 5.115220000000000119e-17
5.496655383379999876e+03 4.173995868503538986e+00 5.621109999999999944e-16 5.621110000000000437e-17
5.500742593189999752e+03 4.173995868503538986e+00 5.491550000000000458e-16 5.491550000000000951e-17
5.504829803010000433e+03 4.173995868503538986e+00 5.301540000000000157e-16 5.301540000000000527e-17
5.508917012820000309e+03 4.173995868503538986e+00 5.581829999999999826e-16 5.581829999999999826e-17
5.513004222640000080e+03 4.173995868503538986e+00 5.334769999999999910e-16 5.334770000000000156e-17
5.517091432449999957e+03 4.173995868503538986e+00 5.167059999999999991e-16 5.167059999999999991e-17
5.521178642269999727e+03 4.173995868503538986e+00 5.373670000000000404e-16 5.373670000000000774e-17
5.525265852090000408e+03 4.173995868503538986e+00 5.995849999999999600e-16 5.995850000000000340e-17
5.529353061900000284e+03 4.173995868503538986e+00 5.423529999999999798e-16 5.423530000000000291e-17
5.533440271720000055e+03 4.173995868503538986e+00 5.257659999999999925e-16 5.257660000000000418e-17
5.537527481529999932e+03 4.173995868503538986e+00 5.554460000000000133e-16 5.554460000000000873e-17
5.541614691349999703e+03 4.173995868503538986e+00 5.261870000000000244e-16 5.261870000000000490e-17
5.545701901159999579e+03 4.173995868503538986e+00 5.090240000000000056e-16 5.090240000000000426e-17
5.549789110980000260e+03 4.173995868503538986e+00 5.677429999999999841e-16 5.677429999999999841e-17
5.553876320800000030e+03 4.173995868503538986e+00 5.921969999999999867e-16 5.921969999999999620e-17
5.557963530609999907e+03 4.173995868503538986e+00 5.387519999999999633e-16 5.387520000000000126e-17
5.562050740429999678e+03 4.173995868503538986e+00 5.353879999999999741e-16 5.353879999999999741e-17
5.566137950239999554e+03 4.173995868503538986e+00 5.991650000000000439e-16 5.991650000000000932e-17
5.570225160060000235e+03 4.173995868503538986e+00 5.590159999999999904e-16 5.590160000000000151e-17
5.574312369880000006e+03 4.173995868503538986e+00 4.888320000000000317e-16 4.888320000000000810e-17
5.578399579689999882e+03 4.173995868503538986e+00 5.300790000000000095e-16 5.300790000000000588e-17
5.582486789509999653e+03 4.173995868503538986e+00 5.589560000000000447e-16 5.589560000000000940e-17
5.586573999320000439e+03 4.173995868503538986e+00 5.142200000000000017e-16 5.142200000000000264e-17
5.590661209140000210e+03 4.173995868503538986e+00 5.454840000000000104e-16 5.454840000000000474e-17
5.594748418950000087e+03 4.173995868503538986e+00 5.629019999999999712e-16 5.629019999999999958e-17
5.598835628769999857e+03 4.173995868503538986e+00 5.105400000000000090e-16 5.105400000000000583e-17
5.602922838589999628e+03 4.173995868503538986e+00 5.144539999999999775e-16 5.144539999999999898e-17
5.607010048400000414e+03 4.173995868503538986e+00 5.641400000000000319e-16 5.641400000000000812e-17
5.611097258220000185e+03 4.173995868503538986e+00 5.308040000000000361e-16 5.308040000000000608e-17
5.615184468030000062e+03 4.173995868503538986e+00 4.656190000000000428e-16 4.656190000000000798e-17
5.619271677849999833e+03 4.173995868503538986e+00 5.216589999999999634e-16 5.216589999999999758e-17
5.623358887659999709e+03 4.173995868503538986e+00 5.203940000000000306e-16 5.203940000000000676e-17
5.627446097480000390e+03 4.173995868503538986e+00 4.850010000000000095e-16 4.850010000000000588e-17
5.631533307300000160e+03 4.173995868503538986e+00 4.959319999999999893e-16 4.959319999999999893e-17
5.635620517110000037e+03 4.173995868503538986e+00 5.287310000000000318e-16 5.287310000000000565e-17
5.639707726929999808e+03 4.173995868503538986e+00 4.906599999999999699e-16 4.906600000000000069e-17
5.643794936739999685e+03 4.173995868503538986e+00 4.790089999999999508e-16 4.790089999999999754e-17
5.647882146560000365e+03 4.173995868503538986e+00 4.943440000000000314e-16 4.943440000000000560e-17
5.651969356380000136e+03 4.173995868503538986e+00 5.029709999999999840e-16 5.029710000000000333e-17
5.656056566190000012e+03 4.173995868503538986e+00 4.669999999999999957e-16 4.669999999999999957e-17
5.660143776009999783e+03 4.173995868503538986e+00 4.820359999999999702e-16 4.820359999999999825e-17
5.664230985819999660e+03 4.173995868503538986e+00 5.297820000000000365e-16 5.297820000000000365e-17
5.668318195640000340e+03 4.173995868503538986e+00 4.994099999999999642e-16 4.994099999999999642e-17
5.672405405450000217e+03 4.173995868503538986e+00 5.070699999999999743e-16 5.070699999999999989e-17
5.676492615269999988e+03 4.173995868503538986e+00 5.285269999999999796e-16 5.285269999999999919e-17
5.680579825089999758e+03 4.173995868503538986e+00 5.061049999999999675e-16 5.061050000000000044e-17
5.684667034899999635e+03 4.173995868503538986e+00 4.756639999999999921e-16 4.756640000000000291e-17
5.688754244720000315e+03 4.173995868503538986e+00 5.460269999999999681e-16 5.460269999999999681e-17
5.692841454530000192e+03 4.173995868503538986e+00 5.542980000000000191e-16 5.542980000000000684e-17
5.696928664349999963e+03 4.173995868503538986e+00 5.117319999999999700e-16 5.117319999999999823e-17
5.701015874159999839e+03 4.173995868503538986e+00 5.355530000000000468e-16 5.355530000000000961e-17
5.705103083979999610e+03 4.173995868503538986e+00 5.375539999999999979e-16 5.375539999999999979e-17
5.709190293800000291e+03 4.173995868503538986e+00 4.898240000000000092e-16 4.898240000000000215e-17
5.713277503610000167e+03 4.173995868503538986e+00 4.899879999999999661e-16 4.899880000000000154e-17
5.717364713429999938e+03 4.173995868503538986e+00 5.652140000000000371e-16 5.652140000000001111e-17
5.721451923239999815e+03 4.173995868503538986e+00 5.402239999999999998e-16 5.402239999999999998e-17
5.725539133059999585e+03 4.173995868503538986e+00 4.548729999999999862e-16 4.548729999999999985e-17
5.729626342880000266e+03 4.173995868503538986e+00 4.859189999999999980e-16 4.859190000000000103e-17
5.733713552690000142e+03 4.173995868503538986e+00 5.355930000000000435e-16 5.355930000000000435e-17
5.737800762509999913e+03 4.173995868503538986e+00 4.758490000000000138e-16 4.758490000000000631e-17
5.741887972319999790e+03 4.173995868503538986e+00 4.587790000000000145e-16 4.587790000000000145e-17
5.745975182139999561e+03 4.173995868503538986e+00 5.358929999999999695e-16 5.358930000000000188e-17
5.750062391950000347e+03 4.173995868503538986e+00 4.956920000000000091e-16 4.956920000000000584e-17
5.754149601770000118e+03 4.173995868503538986e+00 4.308370000000000133e-16 4.308370000000000133e-17
5.758236811589999888e+03 4.173995868503538986e+00 4.704750000000000176e-16 4.704750000000000176e-17
5.762324021399999765e+03 4.173995868503538986e+00 4.870870000000000398e-16 4.870870000000000645e-17
5.766411231220000445e+03 4.173995868503538986e+00 4.179659999999999960e-16 4.179660000000000453e-17
5.770498441030000322e+03 4.173995868503538986e+00 4.470409999999999804e-16 4.470409999999999927e-17
5.774585650850000093e+03 4.173995868503538986e+00 4.631219999999999551e-16 4.631219999999999921e-17
5.778672860659999969e+03 4.173995868503538986e+00 4.591350000000000148e-16 4.591350000000000148e-17
5.782760070479999740e+03 4.173995868503538986e+00 4.380260000000000203e-16 4.380260000000000449e-17
5.786847280300000421e+03 4.173995868503538986e+00 4.760230000000000439e-16 4.760230000000000439e-17
5.790934490110000297e+03 4.173995868503538986e+00 4.681869999999999694e-16 4.681870000000000187e-17
5.795021699930000068e+03 4.173995868503538986e+00 4.445530000000000472e-16 4.445530000000000719e-17
5.799108909739999945e+03 4.173995868503538986e+00 4.735219999999999861e-16 4.735219999999999984e-17
5.803196119559999715e+03 4.173995868503538986e+00 4.788969999999999995e-16 4.788970000000000488e-17
5.807283329380000396e+03 4.173995868503538986e+00 4.380039999999999876e-16 4.380039999999999999e-17
5.811370539190000272e+03 4.173995868503538986e+00 4.746670000000000274e-16 4.746670000000000643e-17
5.815457749010000043e+03 4.173995868503538986e+00 5.034879999999999882e-16 5.034880000000000129e-17
5.819544958819999920e+03 4.173995868503538986e+00 4.740120000000000197e-16 4.740120000000000320e-17
5.823632168639999691e+03 4.173995868503538986e+00 4.755069999999999582e-16 4.755070000000000075e-17
5.827719378449999567e+03 4.173995868503538986e+00 4.870640000000000393e-16 4.870640000000000763e-17
5.831806588270000248e+03 4.173995868503538986e+00 4.955960000000000367e-16 4.955960000000000860e-17
5.835893798090000018e+03 4.173995868503538986e+00 4.961249999999999512e-16 4.961250000000000005e-17
5.839981007899999895e+03 4.173995868503538986e+00 4.665700000000000064e-16 4.665700000000000064e-17
5.844068217719999666e+03 4.173995868503538986e+00 4.850890000000000417e-16 4.850890000000000540e-17
5.848155427530000452e+03 4.173995868503538986e+00 5.222559999999999611e-16 5.222559999999999734e-17
5.852242637350000223e+03 4.173995868503538986e+00 4.518250000000000005e-16 4.518250000000000129e-17
5.856329847160000099e+03 4.173995868503538986e+00 5.084429999999999869e-16 5.084429999999999992e-17
5.860417056979999870e+03 4.173995868503538986e+00 5.238189999999999828e-16 5.238190000000000321e-17
5.864504266799999641e+03 4.173995868503538986e+00 4.489519999999999635e-16 4.489520000000000128e-17
5.868591476610000427e+03 4.173995868503538986e+00 4.801079999999999909e-16 4.801080000000000033e-17
5.872678686430000198e+03 4.173995868503538986e+00 4.986490000000000096e-16 4.986490000000000343e-17
5.876765896240000075e+03 4.173995868503538986e+00 4.564219999999999646e-16 4.564219999999999892e-17
5.880853106059999845e+03 4.173995868503538986e+00 4.619310000000000113e-16 4.619310000000000113e-17
5.884940315879999616e+03 4.173995868503538986e+00 4.708399999999999752e-16 4.708399999999999999e-17
5.889027525690000402e+03 4.173995868503538986e+00 4.975980000000000049e-16 4.975980000000000543e-17
5.893114735510000173e+03 4.173995868503538986e+00 4.623280000000000255e-16 4.623280000000000255e-17
5.897201945320000050e+03 4.173995868503538986e+00 4.785480000000000208e-16 4.785480000000000208e-17
5.901289155139999821e+03 4.173995868503538986e+00 5.147749999999999683e-16 5.147750000000000053e-17
5.905376364949999697e+03 4.173995868503538986e+00 4.734850000000000409e-16 4.734850000000000655e-17
5.909463574770000378e+03 4.173995868503538986e+00 4.997010000000000314e-16 4.997010000000000807e-17
5.913550784590000148e+03 4.173995868503538986e+00 5.153159999999999903e-16 5.153160000000000396e-17
5.917637994400000025e+03 4.173995868503538986e+00 5.196669999999999697e-16 5.196669999999999944e-17
5.921725204219999796e+03 4.173995868503538986e+00 4.747010000000000196e-16 4.747010000000000443e-17
5.925812414029999672e+03 4.173995868503538986e+00 4.713820000000000144e-16 4.713820000000000391e-17
5.929899623850000353e+03 4.173995868503538986e+00 5.093379999999999748e-16 5.093380000000000241e-17
5.933986833660000229e+03 4.173995868503538986e+00 4.800199999999999587e-16 4.800200000000000080e-17
5.938074043480000000e+03 4.173995868503538986e+00 5.087629999999999606e-16 5.087630000000000099e-17
5.942161253299999771e+03 4.173995868503538986e+00 5.208219999999999855e-16 5.208219999999999855e-17
5.946248463109999648e+03 4.173995868503538986e+00 4.953049999999999695e-16 4.953049999999999695e-17
5.950335672930000328e+03 4.173995868503538986e+00 4.962150000000000178e-16 4.962150000000000671e-17
5.954422882740000205e+03 4.173995868503538986e+00 4.882999999999999671e-16 4.882999999999999671e-17
5.958510092559999975e+03 4.173995868503538986e+00 5.218810000000000290e-16 5.218810000000000659e-17
5.962597302379999746e+03 4.173995868503538986e+00 4.796529999999999668e-16 4.796530000000000161e-17
5.966684512189999623e+03 4.173995868503538986e+00 4.461370000000000351e-16 4.461370000000000474e-17
5.970771722010000303e+03 4.173995868503538986e+00 5.367870000000000389e-16 5.367870000000000389e-17
5.974858931820000180e+03 4.173995868503538986e+00 4.848360000000000354e-16 4.848360000000000601e-17
5.978946141639999951e+03 4.173995868503538986e+00 4.821140000000000279e-16 4.821140000000000525e-17
5.983033351449999827e+03 4.173995868503538986e+00 5.014850000000000028e-16 5.014850000000000398e-17
5.987120561269999598e+03 4.173995868503538986e+00 5.070759999999999787e-16 5.070760000000000280e-17
5.991207771090000278e+03 4.173995868503538986e+00 4.758030000000000127e-16 4.758030000000000250e-17
5.995294980900000155e+03 4.173995868503538986e+00 5.000079999999999790e-16 5.000080000000000283e-17
5.999382190719999926e+03 4.173995868503538986e+00 5.223170000000000226e-16 5.223170000000000226e-17
6.003469400529999803e+03 4.173995868503538986e+00 4.957059999999999537e-16 4.957060000000000030e-17
6.007556610349999573e+03 4.173995868503538986e+00 4.712390000000000237e-16 4.712390000000000237e-17
6.011643820160000359e+03 4.173995868503538986e+00 5.122060000000000246e-16 5.122060000000000616e-17
6.015731029980000130e+03 4.173995868503538986e+00 5.019870000000000453e-16 5.019870000000000700e-17
6.019818239799999901e+03 4.173995868503538986e+00 4.458179999999999800e-16 4.458179999999999800e-17
6.023905449609999778e+03 4.173995868503538986e+00 4.722850000000000411e-16 4.722850000000000411e-17
6.027992659429999549e+03 4.173995868503538986e+00 5.228699999999999549e-16 5.228699999999999919e-17
6.032079869240000335e+03 4.173995868503538986e+00 4.741490000000000059e-16 4.741490000000000183e-17
6.036167079060000106e+03 4.173995868503538986e+00 4.622279999999999844e-16 4.622280000000000337e-17
6.040254288879999876e+03 4.173995868503538986e+00 5.089670000000000128e-16 5.089670000000000128e-17
6.044341498689999753e+03 4.173995868503538986e+00 4.752410000000000245e-16 4.752410000000000738e-17
6.048428708510000433e+03 4.173995868503538986e+00 4.316249999999999878e-16 4.316250000000000125e-17
6.052515918320000310e+03 4.173995868503538986e+00 4.636900000000000464e-16 4.636900000000000957e-17
6.056603128140000081e+03 4.173995868503538986e+00 4.862289999999999971e-16 4.862290000000000341e-17
6.060690337949999957e+03 4.173995868503538986e+00 4.432280000000000208e-16 4.432280000000000578e-17
6.064777547769999728e+03 4.173995868503538986e+00 4.600310000000000199e-16 4.600310000000000445e-17
6.068864757590000409e+03 4.173995868503538986e+00 5.122039999999999902e-16 5.122039999999999902e-17
6.072951967400000285e+03 4.173995868503538986e+00 4.620769999999999549e-16 4.620769999999999796e-17
6.077039177220000056e+03 4.173995868503538986e+00 4.425760000000000153e-16 4.425760000000000400e-17
6.081126387029999933e+03 4.173995868503538986e+00 4.907289999999999716e-16 4.907289999999999716e-17
6.085213596849999703e+03 4.173995868503538986e+00 4.791750000000000407e-16 4.791750000000000407e-17
6.089300806659999580e+03 4.173995868503538986e+00 4.424760000000000235e-16 4.424760000000000482e-17
6.093388016480000260e+03 4.173995868503538986e+00 4.714439999999999945e-16 4.714440000000000315e-17
6.097475226300000031e+03 4.173995868503538986e+00 5.110949999999999756e-16 5.110949999999999756e-17
6.101562436109999908e+03 4.173995868503538986e+00 4.659330000000000120e-16 4.659330000000000614e-17
6.105649645929999679e+03 4.173995868503538986e+00 4.350549999999999765e-16 4.350550000000000012e-17
6.109736855739999555e+03 4.173995868503538986e+00 4.600699999999999994e-16 4.600700000000000487e-17
6.113824065560000236e+03 4.173995868503538986e+00 4.779910000000000198e-16 4.779910000000000322e-17
6.117911275380000006e+03 4.173995868503538986e+00 4.122340000000000145e-16 4.122340000000000515e-17
6.121998485189999883e+03 4.173995868503538986e+00 4.337130000000000032e-16 4.337130000000000279e-17
6.126085695009999654e+03 4.173995868503538986e+00 4.918390000000000035e-16 4.918390000000000528e-17
6.130172904820000440e+03 4.173995868503538986e+00 4.579080000000000443e-16 4.579080000000000443e-17
6.134260114640000211e+03 4.173995868503538986e+00 4.470250000000000014e-16 4.470250000000000384e-17
6.138347324450000087e+03 4.173995868503538986e+00 4.936900000000000408e-16 4.936900000000000901e-17
6.142434534269999858e+03 4.173995868503538986e+00 4.874229999999999925e-16 4.874230000000000294e-17
6.146521744089999629e+03 4.173995868503538986e+00 4.677530000000000101e-16 4.677530000000000101e-17
6.150608953900000415e+03 4.173995868503538986e+00 4.465730000000000288e-16 4.465730000000000658e-17
6.154696163720000186e+03 4.173995868503538986e+00 4.733410000000000330e-16 4.733410000000000454e-17
6.158783373530000063e+03 4.173995868503538986e+00 4.544550000000000058e-16 4.544550000000000058e-17
6.162870583349999833e+03 4.173995868503538986e+00 4.230749999999999771e-16 4.230749999999999771e-17
6.166957793159999710e+03 4.173995868503538986e+00 5.045389999999999929e-16 5.045389999999999929e-17
6.171045002980000390e+03 4.173995868503538986e+00 4.985180000000000278e-16 4.985180000000000771e-17
6.175132212800000161e+03 4.173995868503538986e+00 4.274090000000000097e-16 4.274090000000000343e-17
6.179219422610000038e+03 4.173995868503538986e+00 4.543920000000000085e-16 4.543920000000000085e-17
6.183306632429999809e+03 4.173995868503538986e+00 5.028180000000000188e-16 5.028180000000000311e-17
6.187393842239999685e+03 4.173995868503538986e+00 4.446279999999999548e-16 4.446280000000000041e-17
6.191481052060000366e+03 4.173995868503538986e+00 4.255770000000000028e-16 4.255770000000000274e-17
6.195568261880000136e+03 4.173995868503538986e+00 4.932369999999999524e-16 4.932369999999999894e-17
6.199655471690000013e+03 4.173995868503538986e+00 4.693519999999999597e-16 4.693519999999999967e-17
6.203742681509999784e+03 4.173995868503538986e+00 4.317300000000000162e-16 4.317300000000000285e-17
6.207829891319999660e+03 4.173995868503538986e+00 4.855319999999999584e-16 4.855319999999999830e-17
6.211917101140000341e+03 4.173995868503538986e+00 4.554710000000000010e-16 4.554710000000000010e-17
6.216004310950000217e+03 4.173995868503538986e+00 4.400019999999999857e-16 4.400020000000000104e-17
6.220091520769999988e+03 4.173995868503538986e+00 3.948600000000000205e-16 3.948600000000000698e-17
6.224178730589999759e+03 4.173995868503538986e+00 4.802070000000000148e-16 4.802070000000000518e-17
6.228265940399999636e+03 4.173995868503538986e+00 4.515000000000000396e-16 4.515000000000000396e-17
6.232353150220000316e+03 4.173995868503538986e+00 4.191389999999999758e-16 4.191390000000000005e-17
6.236440360030000193e+03 4.173995868503538986e+00 4.297099999999999853e-16 4.297100000000000346e-17
6.240527569849999963e+03 4.173995868503538986e+00 4.594589999999999585e-16 4.594589999999999832e-17
6.244614779669999734e+03 4.173995868503538986e+00 4.181760000000000034e-16 4.181760000000000157e-17
6.248701989479999611e+03 4.173995868503538986e+00 4.283409999999999921e-16 4.283409999999999921e-17
6.252789199300000291e+03 4.173995868503538986e+00 4.846939999999999633e-16 4.846939999999999879e-17
6.256876409110000168e+03 4.173995868503538986e+00 4.405929999999999789e-16 4.405929999999999789e-17
6.260963618929999939e+03 4.173995868503538986e+00 4.335629999999999909e-16 4.335630000000000402e-17
6.265050828739999815e+03 4.173995868503538986e+00 4.831629999999999982e-16 4.831630000000000228e-17
6.269138038559999586e+03 4.173995868503538986e+00 4.753150000000000134e-16 4.753150000000000627e-17
6.273225248380000266e+03 4.173995868503538986e+00 4.382460000000000021e-16 4.382460000000000021e-17
6.277312458190000143e+03 4.173995868503538986e+00 4.168339999999999808e-16 4.168339999999999808e-17
6.281399668009999914e+03 4.173995868503538986e+00 4.410320000000000241e-16 4.410320000000000734e-17
6.285486877819999791e+03 4.173995868503538986e+00 4.285920000000000133e-16 4.285920000000000379e-17
6.289574087639999561e+03 4.173995868503538986e+00 3.991609999999999794e-16 3.991610000000000287e-17
6.293661297450000347e+03 4.173995868503538986e+00 4.248119999999999795e-16 4.248120000000000165e-17
6.297748507270000118e+03 4.173995868503538986e+00 4.609819999999999835e-16 4.609820000000000328e-17
6.301835717089999889e+03 4.173995868503538986e+00 4.308480000000000050e-16 4.308480000000000050e-17
6.305922926899999766e+03 4.173995868503538986e+00 4.456629999999999805e-16 4.456630000000000298e-17
6.310010136720000446e+03 4.173995868503538986e+00 4.807799999999999948e-16 4.807799999999999948e-17
6.314097346530000323e+03 4.173995868503538986e+00 4.322690000000000038e-16 4.322690000000000531e-17
6.318184556350000094e+03 4.173995868503538986e+00 4.174489999999999918e-16 4.174490000000000041e-17
6.322271766169999864e+03 4.173995868503538986e+00 4.413569999999999850e-16 4.413569999999999850e-17
6.326358975979999741e+03 4.173995868503538986e+00 4.139059999999999853e-16 4.139060000000000223e-17
6.330446185800000421e+03 4.173995868503538986e+00 3.728499999999999843e-16 3.728499999999999843e-17
6.334533395610000298e+03 4.173995868503538986e+00 4.467419999999999730e-16 4.467420000000000223e-17
6.338620605430000069e+03 4.173995868503538986e+00 4.650279999999999510e-16 4.650279999999999880e-17
6.342707815239999945e+03 4.173995868503538986e+00 4.157270000000000005e-16 4.157270000000000375e-17
6.346795025059999716e+03 4.173995868503538986e+00 3.807350000000000129e-16 3.807350000000000622e-17
6.350882234880000397e+03 4.173995868503538986e+00 4.027219999999999992e-16 4.027220000000000362e-17
6.354969444690000273e+03 4.173995868503538986e+00 4.294999999999999780e-16 4.295000000000000026e-17
6.359056654510000044e+03 4.173995868503538986e+00 4.064249999999999925e-16 4.064249999999999925e-17
6.363143864319999921e+03 4.173995868503538986e+00 4.333950000000000146e-16 4.333950000000000270e-17
6.367231074139999691e+03 4.173995868503538986e+00 4.513560000000000318e-16 4.513560000000000811e-17
6.371318283949999568e+03 4.173995868503538986e+00 4.009989999999999907e-16 4.009990000000000030e-17
6.375405493770000248e+03 4.173995868503538986e+00 4.147099999999999881e-16 4.147100000000000374e-17
6.379492703590000019e+03 4.173995868503538986e+00 4.552349999999999909e-16 4.552350000000000278e-17
6.383579913399999896e+03 4.173995868503538986e+00 4.248200000000000183e-16 4.248200000000000552e-17
6.387667123219999667e+03 4.173995868503538986e+00 3.775839999999999840e-16 3.775840000000000086e-17
6.391754333030000453e+03 4.173995868503538986e+00 4.294130000000000122e-16 4.294130000000000122e-17
6.395841542850000224e+03 4.173995868503538986e+00 4.063219999999999985e-16 4.063220000000000478e-17
6.399928752669999994e+03 4.173995868503538986e+00 3.494729999999999892e-16 3.494729999999999892e-17
6.404015962479999871e+03 4.173995868503538986e+00 3.867939999999999896e-16 3.867940000000000390e-17
6.408103172299999642e+03 4.173995868503538986e+00 4.202279999999999922e-16 4.202280000000000415e-17
6.412190382110000428e+03 4.173995868503538986e+00 3.929259999999999875e-16 3.929259999999999999e-17
6.416277591930000199e+03 4.173995868503538986e+00 3.657610000000000184e-16 3.657610000000000677e-17
6.420364801740000075e+03 4.173995868503538986e+00 3.996480000000000108e-16 3.996480000000000477e-17
6.424452011559999846e+03 4.173995868503538986e+00 3.821560000000000117e-16 3.821560000000000487e-17
6.428539221379999617e+03 4.173995868503538986e+00 3.389700000000000136e-16 3.389700000000000383e-17
6.432626431190000403e+03 4.173995868503538986e+00 3.759939999999999916e-16 3.759940000000000040e-17
6.436713641010000174e+03 4.173995868503538986e+00 3.817200000000000180e-16 3.817200000000000304e-17
6.440800850820000051e+03 4.173995868503538986e+00 3.506409999999999818e-16 3.506409999999999818e-17
6.444888060639999821e+03 4.173995868503538986e+00 3.003959999999999907e-16 3.003960000000000153e-17
6.448975270449999698e+03 4.173995868503538986e+00 3.510220000000000170e-16 3.510220000000000416e-17
6.453062480270000378e+03 4.173995868503538986e+00 3.221520000000000034e-16 3.221520000000000404e-17
6.457149690090000149e+03 4.173995868503538986e+00 3.229459999999999824e-16 3.229460000000000071e-17
6.461236899900000026e+03 4.173995868503538986e+00 3.244679999999999902e-16 3.244679999999999902e-17
6.465324109719999797e+03 4.173995868503538986e+00 3.286150000000000160e-16 3.286150000000000036e-17
6.469411319529999673e+03 4.173995868503538986e+00 2.830189999999999945e-16 2.830190000000000191e-17
6.473498529350000354e+03 4.173995868503538986e+00 2.840199999999999786e-16 2.840200000000000033e-17
6.477585739170000124e+03 4.173995868503538986e+00 3.496350000000000104e-16 3.496350000000000351e-17
6.481672948980000001e+03 4.173995868503538986e+00 3.381329999999999864e-16 3.381329999999999864e-17
6.485760158799999772e+03 4.173995868503538986e+00 2.925680000000000043e-16 2.925680000000000290e-17
6.489847368609999648e+03 4.173995868503538986e+00 3.137920000000000017e-16 3.137920000000000017e-17
6.493934578430000329e+03 4.173995868503538986e+00 3.692830000000000094e-16 3.692830000000000094e-17
6.498021788240000205e+03 4.173995868503538986e+00 3.630110000000000231e-16 3.630110000000000477e-17
6.502108998059999976e+03 4.173995868503538986e+00 3.309430000000000116e-16 3.309430000000000116e-17
6.506196207879999747e+03 4.173995868503538986e+00 4.327959999999999826e-16 4.327960000000000196e-17
6.510283417689999624e+03 4.173995868503538986e+00 4.742770000000000348e-16 4.742770000000000841e-17
6.514370627510000304e+03 4.173995868503538986e+00 4.337170000000000226e-16 4.337170000000000473e-17
6.518457837320000181e+03 4.173995868503538986e+00 4.624519999999999857e-16 4.624520000000000103e-17
6.522545047139999951e+03 4.173995868503538986e+00 5.571580000000000301e-16 5.571580000000000054e-17
6.526632256949999828e+03 4.173995868503538986e+00 5.798440000000000402e-16 5.798440000000000402e-17
6.530719466769999599e+03 4.173995868503538986e+00 5.870129999999999995e-16 5.870129999999999748e-17
6.534806676590000279e+03 4.173995868503538986e+00 6.600059999999999808e-16 6.600060000000000301e-17
6.538893886400000156e+03 4.173995868503538986e+00 6.827280000000000175e-16 6.827280000000001161e-17
6.542981096219999927e+03 4.173995868503538986e+00 6.667770000000000074e-16 6.667770000000000074e-17
6.547068306029999803e+03 4.173995868503538986e+00 7.553160000000000445e-16 7.553160000000001184e-17
6.551155515849999574e+03 4.173995868503538986e+00 7.944649999999999831e-16 7.944650000000000324e-17
6.555242725670000254e+03 4.173995868503538986e+00 7.934929999999999547e-16 7.934930000000000040e-17
6.559329935480000131e+03 4.173995868503538986e+00 7.670380000000000011e-16 7.670380000000000011e-17
6.563417145299999902e+03 4.173995868503538986e+00 8.319940000000000058e-16 8.319940000000001044e-17
6.567504355109999779e+03 4.173995868503538986e+00 8.538389999999999693e-16 8.538390000000000679e-17
6.571591564929999549e+03 4.173995868503538986e+00 8.129900000000000228e-16 8.129900000000000474e-17
6.575678774740000335e+03 4.173995868503538986e+00 8.832620000000000137e-16 8.832620000000000384e-17
6.579765984560000106e+03 4.173995868503538986e+00 9.244799999999999865e-16 9.244800000000000605e-17
6.583853194379999877e+03 4.173995868503538986e+00 8.705759999999999689e-16 8.705760000000000428e-17
6.587940404189999754e+03 4.173995868503538986e+00 8.763890000000000103e-16 8.763890000000000596e-17
6.592027614010000434e+03 4.173995868503538986e+00 9.311489999999999377e-16 9.311490000000000363e-17
6.596114823820000311e+03 4.173995868503538986e+00 9.226879999999999763e-16 9.226880000000000010e-17
6.600202033640000082e+03 4.173995868503538986e+00 8.881519999999999808e-16 8.881520000000000794e-17
6.604289243449999958e+03 4.173995868503538986e+00 9.245520000000000397e-16 9.245520000000000397e-17
6.608376453269999729e+03 4.173995868503538986e+00 9.590909999999999882e-16 9.590910000000000375e-17
6.612463663090000409e+03 4.173995868503538986e+00 8.788290000000000066e-16 8.788290000000000559e-17
6.616550872900000286e+03 4.173995868503538986e+00 8.698740000000000415e-16 8.698740000000000908e-17
6.620638082720000057e+03 4.173995868503538986e+00 9.172789999999999707e-16 9.172789999999999707e-17
6.624725292529999933e+03 4.173995868503538986e+00 8.957400000000000362e-16 8.957400000000001348e-17
6.628812502349999704e+03 4.173995868503538986e+00 8.645960000000000177e-16 8.645960000000000177e-17
6.632899712170000385e+03 4.173995868503538986e+00 8.764080000000000408e-16 8.764080000000000901e-17
6.636986921980000261e+03 4.173995868503538986e+00 9.055389999999999022e-16 9.055390000000000008e-17
6.641074131800000032e+03 4.173995868503538986e+00 9.040629999999999942e-16 9.040629999999999942e-17
6.645161341609999909e+03 4.173995868503538986e+00 8.868149999999999947e-16 8.868150000000000687e-17
6.649248551429999679e+03 4.173995868503538986e+00 8.955859999999999552e-16 8.955860000000000045e-17
6.653335761239999556e+03 4.173995868503538986e+00 8.628599999999999831e-16 8.628599999999999831e-17
6.657422971060000236e+03 4.173995868503538986e+00 7.948959999999999895e-16 7.948960000000000881e-17
6.661510180880000007e+03 4.173995868503538986e+00 8.030290000000000370e-16 8.030290000000001356e-17
6.665597390689999884e+03 4.173995868503538986e+00 8.149260000000000408e-16 8.149260000000000655e-17
6.669684600509999655e+03 4.173995868503538986e+00 7.739439999999999796e-16 7.739440000000000782e-17
6.673771810320000441e+03 4.173995868503538986e+00 7.638049999999999937e-16 7.638050000000000430e-17
6.677859020140000212e+03 4.173995868503538986e+00 8.118990000000000214e-16 8.118990000000001200e-17
6.681946229950000088e+03 4.173995868503538986e+00 7.722460000000000060e-16 7.722460000000001046e-17
6.686033439769999859e+03 4.173995868503538986e+00 7.255910000000000397e-16 7.255910000000000397e-17
6.690120649589999630e+03 4.173995868503538986e+00 7.478170000000000384e-16 7.478170000000000630e-17
6.694207859400000416e+03 4.173995868503538986e+00 7.414830000000000226e-16 7.414830000000000473e-17
6.698295069220000187e+03 4.173995868503538986e+00 6.867930000000000155e-16 6.867930000000000402e-17
6.702382279030000063e+03 4.173995868503538986e+00 6.697180000000000289e-16 6.697180000000000289e-17
6.706469488849999834e+03 4.173995868503538986e+00 6.768119999999999821e-16 6.768120000000000314e-17
6.710556698669999605e+03 4.173995868503538986e+00 6.781760000000000374e-16 6.781760000000001114e-17
6.714643908480000391e+03 4.173995868503538986e+00 6.367349999999999819e-16 6.367350000000000558e-17
6.718731118300000162e+03 4.173995868503538986e+00 6.701470000000000010e-16 6.701470000000000750e-17
6.722818328110000039e+03 4.173995868503538986e+00 6.610969999999999821e-16 6.610969999999999575e-17
6.726905537929999809e+03 4.173995868503538986e+00 6.213720000000000121e-16 6.213720000000000861e-17
6.730992747739999686e+03 4.173995868503538986e+00 5.962350000000000140e-16 5.962350000000000633e-17
6.735079957560000366e+03 4.173995868503538986e+00 6.306379999999999935e-16 6.306380000000000181e-17
6.739167167380000137e+03 4.173995868503538986e+00 5.989189999999999606e-16 5.989190000000000099e-17
6.743254377190000014e+03 4.173995868503538986e+00 5.758259999999999619e-16 5.758260000000000358e-17
6.747341587009999785e+03 4.173995868503538986e+00 5.940300000000000108e-16 5.940300000000000354e-17
6.751428796819999661e+03 4.173995868503538986e+00 5.890039999999999760e-16 5.890039999999999514e-17
6.755516006640000342e+03 4.173995868503538986e+00 5.447359999999999832e-16 5.447359999999999956e-17
6.759603216450000218e+03 4.173995868503538986e+00 5.492039999999999998e-16 5.492040000000000245e-17
6.763690426269999989e+03 4.173995868503538986e+00 5.828899999999999914e-16 5.828900000000000161e-17
6.767777636089999760e+03 4.173995868503538986e+00 5.473380000000000007e-16 5.473380000000000376e-17
6.771864845899999636e+03 4.173995868503538986e+00 4.929700000000000015e-16 4.929700000000000508e-17
6.775952055720000317e+03 4.173995868503538986e+00 5.285250000000000438e-16 5.285250000000000438e-17
6.780039265530000193e+03 4.173995868503538986e+00 5.161740000000000331e-16 5.161740000000000700e-17
6.784126475349999964e+03 4.173995868503538986e+00 4.517630000000000204e-16 4.517630000000000204e-17
6.788213685169999735e+03 4.173995868503538986e+00 4.900840000000000371e-16 4.900840000000000494e-17
6.792300894979999612e+03 4.173995868503538986e+00 5.183579999999999715e-16 5.183579999999999962e-17
6.796388104800000292e+03 4.173995868503538986e+00 4.794399999999999572e-16 4.794399999999999695e-17
6.800475314610000169e+03 4.173995868503538986e+00 4.607699999999999911e-16 4.607699999999999911e-17
6.804562524429999939e+03 4.173995868503538986e+00 4.900989999999999989e-16 4.900989999999999989e-17
6.808649734239999816e+03 4.173995868503538986e+00 4.992650000000000378e-16 4.992650000000000624e-17
6.812736944059999587e+03 4.173995868503538986e+00 4.538259999999999516e-16 4.538259999999999762e-17
6.816824153880000267e+03 4.173995868503538986e+00 4.673559999999999959e-16 4.673559999999999959e-17
6.820911363690000144e+03 4.173995868503538986e+00 4.745510000000000073e-16 4.745510000000000566e-17
6.824998573509999915e+03 4.173995868503538986e+00 4.619780000000000296e-16 4.619780000000000543e-17
6.829085783319999791e+03 4.173995868503538986e+00 4.224110000000000121e-16 4.224110000000000244e-17
6.833172993139999562e+03 4.173995868503538986e+00 4.668319999999999701e-16 4.668319999999999824e-17
6.837260202950000348e+03 4.173995868503538986e+00 4.718379999999999571e-16 4.718379999999999695e-17
6.841347412770000119e+03 4.173995868503538986e+00 3.981610000000000124e-16 3.981610000000000494e-17
6.845434622589999890e+03 4.173995868503538986e+00 4.160279999999999929e-16 4.160280000000000176e-17
6.849521832399999766e+03 4.173995868503538986e+00 4.504619999999999624e-16 4.504619999999999994e-17
6.853609042220000447e+03 4.173995868503538986e+00 4.153699999999999830e-16 4.153700000000000323e-17
6.857696252030000323e+03 4.173995868503538986e+00 3.957890000000000007e-16 3.957890000000000130e-17
6.861783461850000094e+03 4.173995868503538986e+00 4.454839999999999632e-16 4.454839999999999632e-17
6.865870671669999865e+03 4.173995868503538986e+00 4.554009999999999821e-16 4.554010000000000314e-17
6.869957881479999742e+03 4.173995868503538986e+00 3.678070000000000028e-16 3.678070000000000028e-17
6.874045091300000422e+03 4.173995868503538986e+00 3.569719999999999953e-16 3.569720000000000446e-17
6.878132301110000299e+03 4.173995868503538986e+00 4.485940000000000275e-16 4.485940000000000645e-17
6.882219510930000069e+03 4.173995868503538986e+00 4.196200000000000028e-16 4.196200000000000521e-17
6.886306720739999946e+03 4.173995868503538986e+00 3.840100000000000020e-16 3.840100000000000390e-17
6.890393930559999717e+03 4.173995868503538986e+00 4.292980000000000094e-16 4.292980000000000094e-17
6.894481140380000397e+03 4.173995868503538986e+00 4.178269999999999754e-16 4.178269999999999878e-17
6.898568350190000274e+03 4.173995868503538986e+00 3.640449999999999823e-16 3.640450000000000069e-17
6.902655560010000045e+03 4.173995868503538986e+00 3.730079999999999861e-16 3.730080000000000108e-17
6.906742769819999921e+03 4.173995868503538986e+00 4.130849999999999863e-16 4.130849999999999863e-17
6.910829979639999692e+03 4.173995868503538986e+00 3.913929999999999881e-16 3.913930000000000250e-17
6.914917189449999569e+03 4.173995868503538986e+00 3.806150000000000228e-16 3.806150000000000351e-17
6.919004399270000249e+03 4.173995868503538986e+00 4.120999999999999812e-16 4.121000000000000182e-17
6.923091609090000020e+03 4.173995868503538986e+00 3.968039999999999788e-16 3.968040000000000034e-17
6.927178818899999897e+03 4.173995868503538986e+00 3.828429999999999773e-16 3.828429999999999896e-17
6.931266028719999667e+03 4.173995868503538986e+00 3.733529999999999947e-16 3.733530000000000193e-17
6.935353238530000453e+03 4.173995868503538986e+00 4.119610000000000099e-16 4.119610000000000222e-17
6.939440448350000224e+03 4.173995868503538986e+00 3.990579999999999854e-16 3.990580000000000224e-17
6.943527658169999995e+03 4.173995868503538986e+00 3.662630000000000116e-16 3.662630000000000363e-17
6.947614867979999872e+03 4.173995868503538986e+00 3.916850000000000232e-16 3.916850000000000232e-17
6.951702077799999643e+03 4.173995868503538986e+00 3.979269999999999873e-16 3.979270000000000243e-17
6.955789287610000429e+03 4.173995868503538986e+00 3.426300000000000080e-16 3.426300000000000327e-17
6.959876497430000200e+03 4.173995868503538986e+00 3.650159999999999935e-16 3.650160000000000305e-17
6.963963707240000076e+03 4.173995868503538986e+00 3.980410000000000223e-16 3.980410000000000223e-17
6.968050917059999847e+03 4.173995868503538986e+00 3.530879999999999997e-16 3.530880000000000120e-17
6.972138126879999618e+03 4.173995868503538986e+00 3.512880000000000000e-16 3.512880000000000370e-17
6.976225336690000404e+03 4.173995868503538986e+00 3.924820000000000044e-16 3.924820000000000044e-17
6.980312546510000175e+03 4.173995868503538986e+00 3.748539999999999869e-16 3.748540000000000239e-17
6.984399756320000051e+03 4.173995868503538986e+00 3.442890000000000020e-16 3.442890000000000020e-17
6.988486966139999822e+03 4.173995868503538986e+00 3.549200000000000066e-16 3.549200000000000189e-17
6.992574175949999699e+03 4.173995868503538986e+00 3.903799999999999951e-16 3.903800000000000444e-17
6.996661385770000379e+03 4.173995868503538986e+00 3.673820000000000008e-16 3.673820000000000378e-17
7.000748595590000150e+03 4.173995868503538986e+00 3.502879999999999838e-16 3.502879999999999961e-17
7.004835805400000027e+03 4.173995868503538986e+00 3.827229999999999872e-16 3.827230000000000242e-17
7.008923015219999797e+03 4.173995868503538986e+00 3.866739999999999995e-16 3.866740000000000119e-17
7.013010225029999674e+03 4.173995868503538986e+00 3.208430000000000052e-16 3.208430000000000422e-17
7.017097434850000354e+03 4.173995868503538986e+00 3.527259999999999950e-16 3.527260000000000443e-17
7.021184644670000125e+03 4.173995868503538986e+00 4.135989999999999884e-16 4.135990000000000130e-17
7.025271854480000002e+03 4.173995868503538986e+00 3.630250000000000170e-16 3.630250000000000540e-17
7.029359064299999773e+03 4.173995868503538986e+00 3.593659999999999905e-16 3.593660000000000028e-17
7.033446274109999649e+03 4.173995868503538986e+00 3.723840000000000178e-16 3.723840000000000671e-17
7.037533483930000330e+03 4.173995868503538986e+00 3.709200000000000200e-16 3.709200000000000570e-17
7.041620693740000206e+03 4.173995868503538986e+00 3.242439999999999889e-16 3.242440000000000136e-17
7.045707903559999977e+03 4.173995868503538986e+00 3.659210000000000053e-16 3.659210000000000422e-17
7.049795113379999748e+03 4.173995868503538986e+00 4.123170000000000101e-16 4.123170000000000225e-17
7.053882323189999624e+03 4.173995868503538986e+00 3.638899999999999827e-16 3.638899999999999950e-17
7.057969533010000305e+03 4.173995868503538986e+00 3.558790000000000089e-16 3.558790000000000459e-17
7.062056742820000181e+03 4.173995868503538986e+00 3.850440000000000105e-16 3.850440000000000598e-17
7.066143952639999952e+03 4.173995868503538986e+00 3.714270000000000005e-16 3.714270000000000498e-17
7.070231162449999829e+03 4.173995868503538986e+00 3.352010000000000208e-16 3.352010000000000701e-17
7.074318372269999600e+03 4.173995868503538986e+00 3.619029999999999763e-16 3.619029999999999763e-17
7.078405582090000280e+03 4.173995868503538986e+00 3.931520000000000231e-16 3.931520000000000478e-17
7.082492791900000157e+03 4.173995868503538986e+00 3.668920000000000165e-16 3.668920000000000658e-17
7.086580001719999927e+03 4.173995868503538986e+00 3.552850000000000135e-16 3.552850000000000628e-17
7.090667211529999804e+03 4.173995868503538986e+00 3.979779999999999757e-16 3.979780000000000250e-17
7.094754421349999575e+03 4.173995868503538986e+00 3.764929999999999826e-16 3.764930000000000196e-17
7.098841631170000255e+03 4.173995868503538986e+00 3.357219999999999952e-16 3.357220000000000075e-17
7.102928840980000132e+03 4.173995868503538986e+00 3.603290000000000122e-16 3.603290000000000492e-17
7.107016050799999903e+03 4.173995868503538986e+00 4.062570000000000162e-16 4.062570000000000409e-17
7.111103260609999779e+03 4.173995868503538986e+00 3.302280000000000088e-16 3.302279999999999965e-17
7.115190470429999550e+03 4.173995868503538986e+00 3.410119999999999786e-16 3.410120000000000155e-17
7.119277680240000336e+03 4.173995868503538986e+00 4.074259999999999766e-16 4.074259999999999766e-17
7.123364890060000107e+03 4.173995868503538986e+00 3.756859999999999776e-16 3.756859999999999899e-17
7.127452099879999878e+03 4.173995868503538986e+00 3.163160000000000108e-16 3.163160000000000354e-17
7.131539309689999754e+03 4.173995868503538986e+00 3.437919999999999961e-16 3.437919999999999961e-17
7.135626519510000435e+03 4.173995868503538986e+00 4.142569999999999983e-16 4.142569999999999983e-17
7.139713729320000311e+03 4.173995868503538986e+00 3.288569999999999812e-16 3.288570000000000059e-17
7.143800939140000082e+03 4.173995868503538986e+00 3.250400000000000022e-16 3.250399999999999899e-17
7.147888148959999853e+03 4.173995868503538986e+00 3.820620000000000244e-16 3.820620000000000244e-17
7.151975358769999730e+03 4.173995868503538986e+00 3.504229999999999850e-16 3.504230000000000343e-17
7.156062568590000410e+03 4.173995868503538986e+00 3.057389999999999969e-16 3.057390000000000338e-17
7.160149778400000287e+03 4.173995868503538986e+00 3.584189999999999970e-16 3.584190000000000339e-17
7.164236988220000057e+03 4.173995868503538986e+00 3.659999999999999815e-16 3.659999999999999938e-17
7.168324198029999934e+03 4.173995868503538986e+00 3.148339999999999997e-16 3.148339999999999997e-17
7.172411407849999705e+03 4.173995868503538986e+00 3.345060000000000164e-16 3.345060000000000288e-17
7.176498617670000385e+03 4.173995868503538986e+00 3.635859999999999880e-16 3.635860000000000004e-17
7.180585827480000262e+03 4.173995868503538986e+00 3.329210000000000114e-16 3.329210000000000484e-17
7.184673037300000033e+03 4.173995868503538986e+00 3.059980000000000076e-16 3.059979999999999952e-17
7.188760247109999909e+03 4.173995868503538986e+00 3.361110000000000198e-16 3.361110000000000445e-17
7.192847456929999680e+03 4.173995868503538986e+00 3.742720000000000003e-16 3.742720000000000373e-17
7.196934666739999557e+03 4.173995868503538986e+00 3.393030000000000133e-16 3.393030000000000503e-17
7.201021876560000237e+03 4.173995868503538986e+00 3.230749999999999792e-16 3.230750000000000162e-17
7.205109086380000008e+03 4.173995868503538986e+00 3.746380000000000244e-16 3.746380000000000244e-17
7.209196296189999885e+03 4.173995868503538986e+00 3.393920000000000134e-16 3.393920000000000504e-17
7.213283506009999655e+03 4.173995868503538986e+00 3.047840000000000139e-16 3.047840000000000262e-17
7.217370715820000441e+03 4.173995868503538986e+00 3.373699999999999975e-16 3.373700000000000468e-17
7.221457925640000212e+03 4.173995868503538986e+00 3.692179999999999778e-16 3.692180000000000024e-17
7.225545135459999983e+03 4.173995868503538986e+00 3.278850000000000021e-16 3.278850000000000391e-17
7.229632345269999860e+03 4.173995868503538986e+00 3.496270000000000209e-16 3.496270000000000579e-17
7.233719555089999631e+03 4.173995868503538986e+00 3.894669999999999938e-16 3.894669999999999938e-17
7.237806764900000417e+03 4.173995868503538986e+00 3.336199999999999859e-16 3.336199999999999859e-17
7.241893974720000188e+03 4.173995868503538986e+00 3.168169999999999868e-16 3.168169999999999991e-17
7.245981184530000064e+03 4.173995868503538986e+00 3.636139999999999759e-16 3.636140000000000128e-17
7.250068394349999835e+03 4.173995868503538986e+00 3.667970000000000120e-16 3.667970000000000367e-17
7.254155604169999606e+03 4.173995868503538986e+00 3.601499999999999949e-16 3.601500000000000442e-17
7.258242813980000392e+03 4.173995868503538986e+00 3.392310000000000094e-16 3.392310000000000094e-17
7.262330023800000163e+03 4.173995868503538986e+00 3.854140000000000047e-16 3.854140000000000047e-17
7.266417233610000039e+03 4.173995868503538986e+00 3.513290000000000139e-16 3.513290000000000509e-17
7.270504443429999810e+03 4.173995868503538986e+00 3.157059999999999870e-16 3.157059999999999747e-17
7.274591653239999687e+03 4.173995868503538986e+00 3.554570000000000092e-16 3.554570000000000338e-17
7.278678863060000367e+03 4.173995868503538986e+00 3.683489999999999927e-16 3.683490000000000420e-17
7.282766072880000138e+03 4.173995868503538986e+00 2.877050000000000079e-16 2.877049999999999956e-17
7.286853282690000015e+03 4.173995868503538986e+00 3.125399999999999963e-16 3.125400000000000333e-17
7.290940492509999785e+03 4.173995868503538986e+00 3.966080000000000146e-16 3.966080000000000393e-17
7.295027702319999662e+03 4.173995868503538986e+00 3.256640000000000199e-16 3.256640000000000569e-17
7.299114912140000342e+03 4.173995868503538986e+00 2.769540000000000133e-16 2.769540000000000133e-17
7.303202121960000113e+03 4.173995868503538986e+00 3.523620000000000052e-16 3.523620000000000052e-17
7.307289331769999990e+03 4.173995868503538986e+00 3.514870000000000157e-16 3.514870000000000157e-17
7.311376541589999761e+03 4.173995868503538986e+00 3.164319999999999815e-16 3.164319999999999815e-17
7.315463751399999637e+03 4.173995868503538986e+00 3.591929999999999776e-16 3.591930000000000269e-17
7.319550961220000318e+03 4.173995868503538986e+00 3.259070000000000023e-16 3.259070000000000023e-17
7.323638171030000194e+03 4.173995868503538986e+00 3.253439999999999969e-16 3.253439999999999846e-17
7.327725380849999965e+03 4.173995868503538986e+00 3.357170000000000079e-16 3.357170000000000449e-17
7.331812590669999736e+03 4.173995868503538986e+00 3.670479999999999839e-16 3.670480000000000209e-17
7.335899800479999612e+03 4.173995868503538986e+00 3.501920000000000114e-16 3.501920000000000237e-17
7.339987010300000293e+03 4.173995868503538986e+00 2.907540000000000107e-16 2.907540000000000477e-17
7.344074220110000169e+03 4.173995868503538986e+00 3.290510000000000096e-16 3.290510000000000220e-17
7.348161429929999940e+03 4.173995868503538986e+00 3.773240000000000054e-16 3.773240000000000423e-17
7.352248639739999817e+03 4.173995868503538986e+00 3.602660000000000149e-16 3.602660000000000519e-17
7.356335849559999588e+03 4.173995868503538986e+00 3.139990000000000068e-16 3.139990000000000192e-17
7.360423059380000268e+03 4.173995868503538986e+00 3.450900000000000026e-16 3.450900000000000026e-17
7.364510269190000145e+03 4.173995868503538986e+00 3.823639999999999847e-16 3.823640000000000094e-17
7.368597479009999915e+03 4.173995868503538986e+00 3.130909999999999929e-16 3.130909999999999929e-17
7.372684688819999792e+03 4.173995868503538986e+00 3.349050000000000156e-16 3.349050000000000526e-17
7.376771898639999563e+03 4.173995868503538986e+00 3.447180000000000234e-16 3.447180000000000481e-17
7.380859108460000243e+03 4.173995868503538986e+00 2.726700000000000013e-16 2.726700000000000136e-17
7.384946318270000120e+03 4.173995868503538986e+00 3.170430000000000224e-16 3.170430000000000470e-17
7.389033528089999891e+03 4.173995868503538986e+00 3.719270000000000086e-16 3.719270000000000086e-17
7.393120737899999767e+03 4.173995868503538986e+00 3.415790000000000034e-16 3.415790000000000527e-17
7.397207947720000448e+03 4.173995868503538986e+00 3.085960000000000056e-16 3.085960000000000179e-17
7.401295157530000324e+03 4.173995868503538986e+00 3.300139999999999821e-16 3.300140000000000067e-17
7.405382367350000095e+03 4.173995868503538986e+00 3.667450000000000064e-16 3.667450000000000311e-17
7.409469577169999866e+03 4.173995868503538986e+00 3.305479999999999825e-16 3.305480000000000071e-17
7.413556786979999742e+03 4.173995868503538986e+00 2.968469999999999798e-16 2.968470000000000044e-17
7.417643996800000423e+03 4.173995868503538986e+00 3.539219999999999754e-16 3.539219999999999877e-17
7.421731206610000299e+03 4.173995868503538986e+00 3.662559999999999900e-16 3.662560000000000023e-17
7.425818416430000070e+03 4.173995868503538986e+00 3.290020000000000063e-16 3.290020000000000309e-17
7.429905626239999947e+03 4.173995868503538986e+00 3.282930000000000080e-16 3.282930000000000449e-17
7.433992836059999718e+03 4.173995868503538986e+00 3.530409999999999814e-16 3.530410000000000307e-17
7.438080045880000398e+03 4.173995868503538986e+00 3.253429999999999797e-16 3.253429999999999797e-17
7.442167255690000275e+03 4.173995868503538986e+00 3.280049999999999922e-16 3.280050000000000046e-17
7.446254465510000045e+03 4.173995868503538986e+00 3.716510000000000017e-16 3.716510000000000264e-17
7.450341675319999922e+03 4.173995868503538986e+00 3.458549999999999766e-16 3.458550000000000136e-17
7.454428885139999693e+03 4.173995868503538986e+00 3.223209999999999969e-16 3.223209999999999969e-17
7.458516094960000373e+03 4.173995868503538986e+00 3.577050000000000114e-16 3.577050000000000237e-17
7.462603304770000250e+03 4.173995868503538986e+00 3.384739999999999756e-16 3.384739999999999756e-17
7.466690514590000021e+03 4.173995868503538986e+00 2.893900000000000047e-16 2.893900000000000294e-17
7.470777724399999897e+03 4.173995868503538986e+00 3.038170000000000220e-16 3.038170000000000220e-17
7.474864934219999668e+03 4.173995868503538986e+00 3.643630000000000202e-16 3.643630000000000695e-17
7.478952144030000454e+03 4.173995868503538986e+00 3.211369999999999761e-16 3.211369999999999884e-17
7.483039353850000225e+03 4.173995868503538986e+00 3.064069999999999813e-16 3.064070000000000059e-17
