3621.927689 3.370061e-16
3624.960423 4.026526e-16
3627.993157 4.478848e-16
3631.025892 3.842986e-16
3634.058626 3.274546e-16
3637.091360 4.553736e-16
3640.124094 4.789418e-16
3643.156828 2.712967e-16
3646.189562 3.196063e-16
3649.222296 3.817488e-16
3652.255031 3.658934e-16
3655.287765 4.960454e-16
3658.320499 5.608385e-16
3661.353233 3.766488e-16
3664.385967 3.726591e-16
3667.418701 5.044602e-16
3670.451435 3.813047e-16
3673.484170 4.984146e-16
3676.516904 5.444567e-16
3679.549638 5.430143e-16
3682.582372 5.259507e-16
3685.615106 4.706691e-16
3688.647840 3.946448e-16
3691.680574 3.718447e-16
3694.713309 4.212503e-16
3697.746043 4.748436e-16
3700.778777 5.403042e-16
3703.811511 3.661216e-16
3706.844245 4.821390e-16
3709.876979 4.990632e-16
3712.909713 3.833179e-16
3715.942448 4.477825e-16
3718.975182 4.143581e-16
3722.007916 3.881319e-16
3725.040650 4.811451e-16
3728.073384 5.165470e-16
3731.106118 4.711898e-16
3734.138852 3.730503e-16
3737.171587 4.557707e-16
3740.204321 4.128641e-16
3743.237055 4.334957e-16
3746.269789 4.904209e-16
3749.302523 4.531969e-16
3752.335257 4.277511e-16
3755.367992 4.897310e-16
3758.400726 5.200908e-16
3761.433460 3.790833e-16
3764.466194 3.729002e-16
3767.498928 4.356037e-16
3770.531662 4.998121e-16
3773.564396 5.448698e-16
3776.597131 4.657167e-16
3779.629865 5.168172e-16
3782.662599 5.310699e-16
3785.695333 5.068397e-16
3788.728067 5.184434e-16
3791.760801 4.819276e-16
3794.793535 5.283874e-16
3797.826270 6.220920e-16
3800.859004 5.745001e-16
3803.891738 4.325891e-16
3806.924472 4.669181e-16
3809.957206 5.145837e-16
3812.989940 5.175100e-16
3816.022674 4.518186e-16
3819.055409 4.478566e-16
3822.088143 4.869187e-16
3825.120877 4.552495e-16
3828.153611 5.014321e-16
3831.186345 5.183743e-16
3834.219079 5.410346e-16
3837.251813 4.225694e-16
3840.284548 3.510360e-16
3843.317282 4.612843e-16
3846.350016 4.747156e-16
3849.382750 4.474708e-16
3852.415484 6.064604e-16
3855.448218 4.754424e-16
3858.480952 4.510299e-16
3861.513687 5.212049e-16
3864.546421 5.882232e-16
3867.579155 5.246184e-16
3870.611889 6.120308e-16
3873.644623 8.286500e-16
3876.677357 5.741124e-16
3879.710091 5.969121e-16
3882.742826 5.434482e-16
3885.775560 5.650850e-16
3888.808294 5.988596e-16
3891.841028 5.708076e-16
3894.873762 6.596117e-16
3897.906496 6.457733e-16
3900.939230 5.620624e-16
3903.971965 6.390047e-16
3907.004699 7.317013e-16
3910.037433 6.860643e-16
3913.070167 6.750249e-16
3916.102901 7.259707e-16
3919.135635 7.438790e-16
3922.168369 6.694690e-16
3925.201104 6.060721e-16
3928.233838 7.521098e-16
3931.266572 7.439120e-16
3934.299306 9.731350e-16
3937.332040 1.058703e-15
3940.364774 9.054654e-16
3943.397508 8.209951e-16
3946.430243 6.656762e-16
3949.462977 5.848773e-16
3952.495711 5.158793e-16
3955.528445 6.053832e-16
3958.561179 5.930197e-16
3961.593913 5.628462e-16
3964.626647 5.146002e-16
3967.659382 5.497921e-16
3970.692116 5.005752e-16
3973.724850 5.419077e-16
3976.757584 6.250728e-16
3979.790318 5.393175e-16
3982.823052 6.211027e-16
3985.855786 5.930289e-16
3988.888521 5.881383e-16
3991.921255 4.892342e-16
3994.953989 5.016108e-16
3997.986723 4.832634e-16
4001.019457 4.979506e-16
4004.052191 5.101514e-16
4007.084925 5.032447e-16
4010.117660 4.362972e-16
4013.150394 3.865088e-16
4016.183128 5.614244e-16
4019.215862 4.823034e-16
4022.248596 4.932063e-16
4025.281330 4.620416e-16
4028.314064 4.432536e-16
4031.346799 5.227686e-16
4034.379533 6.072528e-16
4037.412267 4.966806e-16
4040.445001 5.792501e-16
4043.477735 4.769475e-16
4046.510469 4.756213e-16
4049.543203 4.506267e-16
4052.575938 5.003966e-16
4055.608672 3.843035e-16
4058.641406 4.582565e-16
4061.674140 4.800541e-16
4064.706874 4.628415e-16
4067.739608 3.370530e-16
4070.772342 3.072012e-16
4073.805077 5.156699e-16
4076.837811 4.891667e-16
4079.870545 3.597777e-16
4082.903279 3.975321e-16
4085.936013 4.648730e-16
4088.968747 4.464511e-16
4092.001482 4.520890e-16
4095.034216 4.866609e-16
4098.066950 4.019396e-16
4101.099684 4.198304e-16
4104.132418 4.640112e-16
4107.165152 3.729695e-16
4110.197886 4.372900e-16
4113.230621 4.559691e-16
4116.263355 4.011284e-16
4119.296089 4.050396e-16
4122.328823 4.703325e-16
4125.361557 4.359355e-16
4128.394291 4.393187e-16
4131.427025 4.509991e-16
4134.459760 5.498808e-16
4137.492494 6.020326e-16
4140.525228 5.805703e-16
4143.557962 4.870422e-16
4146.590696 4.080956e-16
4149.623430 4.887120e-16
4152.656164 4.537685e-16
4155.688899 4.386813e-16
4158.721633 4.628985e-16
4161.754367 4.537632e-16
4164.787101 4.682623e-16
4167.819835 5.081787e-16
4170.852569 4.288689e-16
4173.885303 4.551998e-16
4176.918038 4.660154e-16
4179.950772 5.047634e-16
4182.983506 4.930453e-16
4186.016240 4.688442e-16
4189.048974 3.835201e-16
4192.081708 5.594875e-16
4195.114442 4.598139e-16
4198.147177 4.310035e-16
4201.179911 4.244583e-16
4204.212645 4.234628e-16
4207.245379 4.824501e-16
4210.278113 4.808890e-16
4213.310847 4.227751e-16
4216.343581 4.328177e-16
4219.376316 3.538773e-16
4222.409050 4.759867e-16
4225.441784 4.530896e-16
4228.474518 4.255403e-16
4231.507252 3.454880e-16
4234.539986 4.339476e-16
4237.572720 4.123189e-16
4240.605455 4.372625e-16
4243.638189 4.712123e-16
4246.670923 3.707660e-16
4249.703657 4.180572e-16
4252.736391 4.061673e-16
4255.769125 4.158510e-16
4258.801859 4.349946e-16
4261.834594 4.255150e-16
4264.867328 4.866160e-16
4267.900062 4.673588e-16
4270.932796 4.499629e-16
4273.965530 3.893492e-16
4276.998264 4.162156e-16
4280.030998 5.097151e-16
4283.063733 4.762754e-16
4286.096467 4.579012e-16
4289.129201 4.097619e-16
4292.161935 4.044550e-16
4295.194669 3.827347e-16
4298.227403 4.266588e-16
4301.260137 4.059953e-16
4304.292872 4.151946e-16
4307.325606 4.387475e-16
4310.358340 4.174984e-16
4313.391074 4.648389e-16
4316.423808 5.139339e-16
4319.456542 4.635915e-16
4322.489276 4.419111e-16
4325.522011 4.538010e-16
4328.554745 4.375560e-16
4331.587479 4.593943e-16
4334.620213 5.323122e-16
4337.652947 4.688046e-16
4340.685681 4.387775e-16
4343.718415 4.317680e-16
4346.751150 4.423379e-16
4349.783884 4.505831e-16
4352.816618 4.392443e-16
4355.849352 4.301552e-16
4358.882086 4.976512e-16
4361.914820 4.816110e-16
4364.947554 4.548832e-16
4367.980289 4.270798e-16
4371.013023 4.548401e-16
4374.045757 4.808445e-16
4377.078491 4.550480e-16
4380.111225 4.141038e-16
4383.143959 4.684755e-16
4386.176693 4.107646e-16
4389.209428 4.921882e-16
4392.242162 4.469197e-16
4395.274896 4.136471e-16
4398.307630 4.238155e-16
4401.340364 3.720092e-16
4404.373098 4.170331e-16
4407.405832 3.827681e-16
4410.438567 3.768301e-16
4413.471301 4.003487e-16
4416.504035 4.087503e-16
4419.536769 4.651964e-16
4422.569503 4.634507e-16
4425.602237 4.326850e-16
4428.634971 4.308645e-16
4431.667706 3.807384e-16
4434.700440 5.071002e-16
4437.733174 5.343358e-16
4440.765908 5.394154e-16
4443.798642 4.884064e-16
4446.831376 4.512913e-16
4449.864111 3.986453e-16
4452.896845 4.504256e-16
4455.929579 4.517909e-16
4458.962313 4.397780e-16
4461.995047 3.870693e-16
4465.027781 3.671958e-16
4468.060515 4.718384e-16
4471.093250 4.164602e-16
4474.125984 4.491839e-16
4477.158718 4.638313e-16
4480.191452 4.629013e-16
4483.224186 4.396379e-16
4486.256920 4.841978e-16
4489.289654 4.023681e-16
4492.322389 4.760809e-16
4495.355123 4.354766e-16
4498.387857 4.727030e-16
4501.420591 4.253416e-16
4504.453325 4.180070e-16
4507.486059 4.461857e-16
4510.518793 4.231924e-16
4513.551528 4.255352e-16
4516.584262 4.478430e-16
4519.616996 3.699736e-16
4522.649730 4.359029e-16
4525.682464 4.077152e-16
4528.715198 4.398959e-16
4531.747932 4.470380e-16
4534.780667 4.462777e-16
4537.813401 4.435114e-16
4540.846135 4.834386e-16
4543.878869 4.691504e-16
4546.911603 5.026531e-16
4549.944337 5.027651e-16
4552.977071 4.127893e-16
4556.009806 4.072616e-16
4559.042540 4.183586e-16
4562.075274 4.447087e-16
4565.108008 3.268459e-16
4568.140742 4.153329e-16
4571.173476 4.364488e-16
4574.206210 4.055269e-16
4577.238945 4.342802e-16
4580.271679 3.842788e-16
4583.304413 4.244869e-16
4586.337147 3.787986e-16
4589.369881 4.098987e-16
4592.402615 4.213343e-16
4595.435349 4.416196e-16
4598.468084 4.226193e-16
4601.500818 3.769742e-16
4604.533552 3.821376e-16
4607.566286 4.278355e-16
4610.599020 4.115283e-16
4613.631754 4.076035e-16
4616.664488 3.925533e-16
4619.697223 3.441174e-16
4622.729957 3.446925e-16
4625.762691 4.108564e-16
4628.795425 4.012043e-16
4631.828159 3.314619e-16
4634.860893 3.538997e-16
4637.893627 3.213778e-16
4640.926362 3.750349e-16
4643.959096 3.871094e-16
4646.991830 3.521769e-16
4650.024564 3.312212e-16
4653.057298 3.389186e-16
4656.090032 3.481775e-16
4659.122766 3.684934e-16
4662.155501 3.602520e-16
4665.188235 3.369175e-16
4668.220969 2.993362e-16
4671.253703 2.527177e-16
4674.286437 2.986025e-16
4677.319171 3.276915e-16
4680.351905 3.233160e-16
4683.384640 2.953909e-16
4686.417374 2.848171e-16
4689.450108 3.160606e-16
4692.482842 3.566763e-16
4695.515576 3.120207e-16
4698.548310 2.777709e-16
4701.581044 3.115341e-16
4704.613779 2.619978e-16
4707.646513 2.713713e-16
4710.679247 3.473769e-16
4713.711981 3.247288e-16
4716.744715 3.498000e-16
4719.777449 3.321778e-16
4722.810183 3.097453e-16
4725.842918 3.309880e-16
4728.875652 3.064849e-16
4731.908386 3.215659e-16
4734.941120 3.241289e-16
4737.973854 2.938894e-16
4741.006588 3.833218e-16
4744.039322 3.091165e-16
4747.072057 3.136910e-16
4750.104791 2.706862e-16
4753.137525 3.204861e-16
4756.170259 3.097624e-16
4759.202993 2.857457e-16
4762.235727 2.731183e-16
4765.268461 2.796235e-16
4768.301196 2.921248e-16
4771.333930 2.976492e-16
4774.366664 2.663190e-16
4777.399398 3.297710e-16
4780.432132 2.746392e-16
4783.464866 2.966905e-16
4786.497601 3.294999e-16
4789.530335 3.439095e-16
4792.563069 3.491899e-16
4795.595803 3.167637e-16
4798.628537 3.343430e-16
4801.661271 3.307689e-16
4804.694005 3.279140e-16
4807.726740 3.191289e-16
4810.759474 2.789591e-16
4813.792208 3.267548e-16
4816.824942 3.523766e-16
4819.857676 3.134177e-16
4822.890410 3.411118e-16
4825.923144 3.472744e-16
4828.955879 3.204749e-16
4831.988613 3.222877e-16
4835.021347 3.467475e-16
4838.054081 3.732056e-16
4841.086815 3.480770e-16
4844.119549 3.003887e-16
4847.152283 2.719004e-16
4850.185018 2.687918e-16
4853.217752 3.105604e-16
4856.250486 3.370154e-16
4859.283220 3.167215e-16
4862.315954 3.133315e-16
4865.348688 3.398562e-16
4868.381422 3.078733e-16
4871.414157 3.261665e-16
4874.446891 3.216492e-16
4877.479625 3.457120e-16
4880.512359 3.331372e-16
4883.545093 3.483559e-16
4886.577827 3.270423e-16
4889.610561 3.593372e-16
4892.643296 3.239518e-16
4895.676030 3.018618e-16
4898.708764 3.269132e-16
4901.741498 3.736500e-16
4904.774232 4.191405e-16
4907.806966 4.044031e-16
4910.839700 3.681159e-16
4913.872435 3.754071e-16
4916.905169 3.727379e-16
4919.937903 3.596520e-16
4922.970637 3.567531e-16
4926.003371 3.899117e-16
4929.036105 4.523017e-16
4932.068839 4.011698e-16
4935.101574 3.703898e-16
4938.134308 3.886181e-16
4941.167042 4.115404e-16
4944.199776 4.051615e-16
4947.232510 4.106098e-16
4950.265244 4.211579e-16
4953.297978 4.048125e-16
4956.330713 4.062562e-16
4959.363447 3.373495e-16
4962.396181 3.459474e-16
4965.428915 3.394961e-16
4968.461649 3.265977e-16
4971.494383 3.483955e-16
4974.527117 3.298808e-16
4977.559852 3.517692e-16
4980.592586 3.667704e-16
4983.625320 3.265625e-16
4986.658054 3.471094e-16
4989.690788 4.039818e-16
4992.723522 3.699632e-16
4995.756256 3.741888e-16
4998.788991 3.776080e-16
5001.821725 3.524041e-16
5004.854459 3.232275e-16
5007.887193 3.113924e-16
5010.919927 3.572089e-16
5013.952661 3.197304e-16
5016.985395 3.515910e-16
5020.018130 3.341373e-16
5023.050864 3.703913e-16
5026.083598 3.420798e-16
5029.116332 3.225765e-16
5032.149066 3.542266e-16
5035.181800 3.532764e-16
5038.214534 3.492089e-16
5041.247269 3.541611e-16
5044.280003 4.437836e-16
5047.312737 4.426281e-16
5050.345471 3.683478e-16
5053.378205 3.473274e-16
5056.410939 3.655819e-16
5059.443673 3.104567e-16
5062.476408 3.157480e-16
5065.509142 3.362372e-16
5068.541876 3.578190e-16
5071.574610 3.428502e-16
5074.607344 2.999119e-16
5077.640078 2.968981e-16
5080.672812 3.070993e-16
5083.705547 3.394387e-16
5086.738281 3.227897e-16
5089.771015 4.170661e-16
5092.803749 5.952665e-16
5095.836483 7.570180e-16
5098.869217 5.831082e-16
5101.901951 4.138900e-16
5104.934686 3.808847e-16
5107.967420 3.648110e-16
5111.000154 3.350950e-16
5114.032888 3.312740e-16
5117.065622 3.411577e-16
5120.098356 2.927892e-16
5123.131091 3.382555e-16
5126.163825 3.605450e-16
5129.196559 3.623363e-16
5132.229293 3.335816e-16
5135.262027 3.239249e-16
5138.294761 3.288485e-16
5141.327495 3.310413e-16
5144.360230 3.095035e-16
5147.392964 3.532432e-16
5150.425698 3.861587e-16
5153.458432 3.259901e-16
5156.491166 3.063487e-16
5159.523900 3.210343e-16
5162.556634 3.372871e-16
5165.589369 3.094080e-16
5168.622103 2.911141e-16
5171.654837 3.328222e-16
5174.687571 3.700224e-16
5177.720305 3.502024e-16
5180.753039 3.306182e-16
5183.785773 3.450357e-16
5186.818508 3.142988e-16
5189.851242 3.255157e-16
5192.883976 3.801992e-16
5195.916710 3.894486e-16
5198.949444 3.746087e-16
5201.982178 3.619686e-16
5205.014912 3.366906e-16
5208.047647 3.317866e-16
5211.080381 3.139063e-16
5214.113115 3.355557e-16
5217.145849 3.276684e-16
5220.178583 3.137345e-16
5223.211317 3.141486e-16
5226.244051 3.376512e-16
5229.276786 3.606383e-16
5232.309520 3.539001e-16
5235.342254 3.420580e-16
5238.374988 3.632785e-16
5241.407722 3.524849e-16
5244.440456 3.403532e-16
5247.473190 3.527828e-16
5250.505925 3.423812e-16
5253.538659 3.318401e-16
5256.571393 3.006428e-16
5259.604127 3.097930e-16
5262.636861 3.347293e-16
5265.669595 3.173997e-16
5268.702329 3.238693e-16
5271.735064 3.215210e-16
5274.767798 3.606693e-16
5277.800532 2.968394e-16
5280.833266 3.212042e-16
5283.866000 2.688323e-16
5286.898734 2.867700e-16
5289.931468 3.222589e-16
5292.964203 2.701026e-16
5295.996937 2.796794e-16
5299.029671 2.803306e-16
5302.062405 2.828096e-16
5305.095139 2.768869e-16
5308.127873 3.042813e-16
5311.160607 3.150277e-16
5314.193342 2.766887e-16
5317.226076 3.177057e-16
5320.258810 2.921204e-16
5323.291544 3.003873e-16
5326.324278 3.005842e-16
5329.357012 2.994336e-16
5332.389746 3.223781e-16
5335.422481 2.855948e-16
5338.455215 2.601401e-16
5341.487949 2.692292e-16
5344.520683 2.520949e-16
5347.553417 2.989353e-16
5350.586151 2.854276e-16
5353.618885 2.980437e-16
5356.651620 2.974140e-16
5359.684354 2.853037e-16
5362.717088 2.537286e-16
5365.749822 2.972919e-16
5368.782556 3.051180e-16
5371.815290 2.511817e-16
5374.848024 2.456489e-16
5377.880759 2.304311e-16
5380.913493 2.726167e-16
5383.946227 2.669839e-16
5386.978961 2.482297e-16
5390.011695 2.454159e-16
5393.044429 2.222882e-16
5396.077163 2.641817e-16
5399.109898 2.479444e-16
5402.142632 2.271333e-16
5405.175366 2.504724e-16
5408.208100 2.957150e-16
5411.240834 2.521044e-16
5414.273568 2.669949e-16
5417.306302 3.019078e-16
5420.339037 2.651548e-16
5423.371771 2.589052e-16
5426.404505 2.612511e-16
5429.437239 2.498316e-16
5432.469973 2.411213e-16
5435.502707 2.258931e-16
5438.535441 2.342872e-16
5441.568176 2.311749e-16
5444.600910 2.322030e-16
5447.633644 2.005971e-16
5450.666378 2.235244e-16
5453.699112 2.375509e-16
5456.731846 2.537438e-16
5459.764580 2.279050e-16
5462.797315 2.241866e-16
5465.830049 2.527534e-16
5468.862783 2.495418e-16
5471.895517 2.337482e-16
5474.928251 2.370777e-16
5477.960985 2.221391e-16
5480.993720 2.204928e-16
5484.026454 2.495451e-16
5487.059188 2.348203e-16
5490.091922 2.107175e-16
5493.124656 2.201705e-16
5496.157390 2.299612e-16
5499.190124 2.560023e-16
5502.222859 2.022793e-16
5505.255593 1.846629e-16
5508.288327 2.136740e-16
5511.321061 2.090618e-16
5514.353795 2.003678e-16
5517.386529 2.063436e-16
5520.419263 2.137467e-16
5523.451998 1.740554e-16
5526.484732 2.025729e-16
5529.517466 2.273905e-16
5532.550200 2.056272e-16
5535.582934 1.800218e-16
5538.615668 1.812679e-16
5541.648402 1.926506e-16
5544.681137 1.957562e-16
5547.713871 1.909752e-16
5550.746605 1.914581e-16
5553.779339 1.954548e-16
5556.812073 1.996878e-16
5559.844807 2.171796e-16
5562.877541 2.052869e-16
5565.910276 1.357099e-16
5568.943010 1.414406e-16
5571.975744 1.471702e-16
5575.008478 1.528987e-16
5578.041212 1.586263e-16
5581.073946 1.643528e-16
5584.106680 1.700782e-16
5587.139415 1.758035e-16
5590.172149 1.920474e-16
5593.204883 1.768342e-16
5596.237617 1.805965e-16
5599.270351 1.370231e-16
5602.303085 1.182985e-16
5605.335819 1.603555e-16
5608.368554 1.505624e-16
5611.401288 1.468032e-16
5614.434022 1.537491e-16
5617.466756 1.533020e-16
5620.499490 1.621132e-16
5623.532224 1.829808e-16
5626.564958 1.724479e-16
5629.597693 1.738722e-16
5632.630427 1.886861e-16
5635.663161 1.755107e-16
5638.695895 1.535970e-16
5641.728629 1.864943e-16
5644.761363 1.278694e-16
5647.794097 1.159875e-16
5650.826832 1.329440e-16
5653.859566 1.488022e-16
5656.892300 1.249459e-16
5659.925034 1.547535e-16
5662.957768 1.381701e-16
5665.990502 1.526404e-16
5669.023236 1.653374e-16
5672.055971 1.422845e-16
5675.088705 1.432400e-16
5678.121439 1.404343e-16
5681.154173 1.117277e-16
5684.186907 1.404715e-16
5687.219641 1.293475e-16
5690.252375 1.220093e-16
5693.285110 1.360477e-16
5696.317844 1.599466e-16
5699.350578 1.448175e-16
5702.383312 1.212665e-16
5705.416046 8.162823e-17
5708.448780 1.431488e-16
5711.481514 1.332725e-16
5714.514249 1.050634e-16
5717.546983 1.249612e-16
5720.579717 1.310820e-16
5723.612451 1.411303e-16
5726.645185 1.317575e-16
5729.677919 1.153410e-16
5732.710653 1.354111e-16
5735.743388 1.102159e-16
5738.776122 1.343608e-16
5741.808856 1.353409e-16
5744.841590 1.061605e-16
5747.874324 1.257275e-16
5750.907058 1.440647e-16
5753.939792 1.223096e-16
5756.972527 9.945342e-17
5760.005261 1.411483e-16
5763.037995 1.583651e-16
5766.070729 1.030512e-16
5769.103463 1.102593e-16
5772.136197 1.389625e-16
5775.168931 1.578426e-16
5778.201666 9.835100e-17
5781.234400 1.612993e-16
5784.267134 1.459802e-16
5787.299868 1.272112e-16
5790.332602 1.687313e-16
5793.365336 1.630182e-16
5796.398070 1.620335e-16
5799.430805 1.634174e-16
5802.463539 1.202986e-16
5805.496273 1.545381e-16
5808.529007 1.497021e-16
5811.561741 1.350693e-16
5814.594475 1.420856e-16
5817.627210 1.389455e-16
5820.659944 1.241838e-16
5823.692678 1.491393e-16
5826.725412 1.475146e-16
5829.758146 1.881482e-16
5832.790880 1.465627e-16
5835.823614 1.661231e-16
5838.856349 1.382353e-16
5841.889083 1.238672e-16
5844.921817 1.368068e-16
5847.954551 1.539868e-16
5850.987285 1.459560e-16
5854.020019 1.379265e-16
5857.052753 1.298984e-16
5860.085488 1.218716e-16
5863.118222 1.138461e-16
5866.150956 1.058219e-16
5869.183690 1.322301e-16
5872.216424 1.368820e-16
5875.249158 1.284985e-16
5878.281892 1.531160e-16
5881.314627 1.420971e-16
5884.347361 1.417387e-16
5887.380095 1.020378e-16
5890.412829 1.255901e-16
5893.445563 1.440847e-16
5896.478297 1.470801e-16
5899.511031 1.707780e-16
5902.543766 1.424581e-16
5905.576500 1.527538e-16
5908.609234 1.768939e-16
5911.641968 1.656340e-16
5914.674702 1.437778e-16
5917.707436 1.707761e-16
5920.740170 1.659750e-16
5923.772905 1.271553e-16
5926.805639 1.338280e-16
5929.838373 1.321176e-16
5932.871107 1.439506e-16
5935.903841 1.417739e-16
5938.936575 1.228289e-16
5941.969309 1.580018e-16
5945.002044 1.527965e-16
5948.034778 1.610974e-16
5951.067512 1.442279e-16
5954.100246 1.392412e-16
5957.132980 1.314352e-16
5960.165714 1.615084e-16
5963.198448 1.371789e-16
5966.231183 1.481150e-16
5969.263917 1.337792e-16
5972.296651 1.360479e-16
5975.329385 1.530648e-16
5978.362119 1.776112e-16
5981.394853 1.910062e-16
5984.427587 1.955754e-16
5987.460322 1.898249e-16
5990.493056 1.552008e-16
5993.525790 1.255707e-16
5996.558524 1.137675e-16
5999.591258 1.206550e-16
6002.623992 9.809103e-17
6005.656726 1.031408e-16
6008.689461 1.366786e-16
6011.722195 1.529416e-16
6014.754929 1.429530e-16
6017.787663 1.385992e-16
6020.820397 1.685074e-16
6023.853131 1.695583e-16
6026.885865 1.353966e-16
6029.918600 1.439774e-16
6032.951334 1.490918e-16
6035.984068 1.492428e-16
6039.016802 1.598539e-16
6042.049536 1.124644e-16
6045.082270 1.412852e-16
6048.115004 1.465651e-16
6051.147739 1.561776e-16
6054.180473 1.812745e-16
6057.213207 1.643472e-16
6060.245941 1.312412e-16
6063.278675 1.596097e-16
6066.311409 1.847929e-16
6069.344143 1.459228e-16
6072.376878 1.873115e-16
6075.409612 2.054481e-16
6078.442346 1.374294e-16
6081.475080 1.300594e-16
6084.507814 1.580308e-16
6087.540548 1.506732e-16
6090.573282 1.734826e-16
6093.606017 1.562784e-16
6096.638751 1.368891e-16
6099.671485 1.488677e-16
6102.704219 1.461967e-16
6105.736953 1.640513e-16
6108.769687 1.398764e-16
6111.802421 1.434494e-16
6114.835156 1.665282e-16
6117.867890 1.496612e-16
6120.900624 1.493685e-16
6123.933358 1.989383e-16
6126.966092 1.718373e-16
6129.998826 1.610022e-16
6133.031560 1.897669e-16
6136.064295 1.668448e-16
6139.097029 1.492322e-16
6142.129763 1.366429e-16
6145.162497 1.243450e-16
6148.195231 1.314344e-16
6151.227965 1.702875e-16
6154.260700 1.581426e-16
6157.293434 1.586276e-16
6160.326168 1.686768e-16
6163.358902 1.423019e-16
6166.391636 1.505089e-16
6169.424370 1.801023e-16
6172.457104 1.575174e-16
6175.489839 1.235315e-16
6178.522573 1.507068e-16
6181.555307 1.212472e-16
6184.588041 1.463803e-16
6187.620775 1.530882e-16
6190.653509 1.696666e-16
6193.686243 1.736352e-16
6196.718978 1.984393e-16
6199.751712 1.435993e-16
6202.784446 1.686100e-16
6205.817180 1.824005e-16
6208.849914 1.476602e-16
6211.882648 1.555139e-16
6214.915382 1.460018e-16
6217.948117 1.466132e-16
6220.980851 1.584101e-16
6224.013585 1.828471e-16
6227.046319 1.655247e-16
6230.079053 1.106993e-16
6233.111787 1.347091e-16
6236.144521 1.809168e-16
6239.177256 1.507532e-16
6242.209990 1.504743e-16
6245.242724 1.608257e-16
6248.275458 1.722200e-16
6251.308192 1.429476e-16
6254.340926 1.295633e-16
6257.373660 1.205581e-16
6260.406395 1.541851e-16
6263.439129 1.520049e-16
6266.471863 1.764765e-16
6269.504597 1.543754e-16
6272.537331 1.380850e-16
6275.570065 1.459096e-16
6278.602799 1.564771e-16
6281.635534 1.256823e-16
6284.668268 1.574363e-16
6287.701002 1.278567e-16
6290.733736 1.507214e-16
6293.766470 1.829364e-16
6296.799204 1.526985e-16
6299.831938 1.496288e-16
6302.864673 1.360745e-16
6305.897407 1.517313e-16
6308.930141 1.501462e-16
6311.962875 1.364256e-16
6314.995609 1.530164e-16
6318.028343 1.452524e-16
6321.061077 1.151427e-16
6324.093812 1.701233e-16
6327.126546 1.421766e-16
6330.159280 1.347898e-16
6333.192014 1.468091e-16
6336.224748 1.651975e-16
6339.257482 1.495429e-16
6342.290216 1.373187e-16
6345.322951 1.505693e-16
6348.355685 1.441172e-16
6351.388419 1.686720e-16
6354.421153 1.460800e-16
6357.453887 1.410531e-16
6360.486621 1.725476e-16
6363.519355 1.576700e-16
6366.552090 1.233835e-16
6369.584824 1.660722e-16
6372.617558 1.676452e-16
6375.650292 1.740022e-16
6378.683026 1.858221e-16
6381.715760 1.851679e-16
6384.748494 1.951827e-16
6387.781229 1.913432e-16
6390.813963 1.922877e-16
6393.846697 1.997929e-16
6396.879431 1.927473e-16
6399.912165 1.933134e-16
6402.944899 1.781703e-16
6405.977633 2.038764e-16
6409.010368 2.078847e-16
6412.043102 1.798745e-16
6415.075836 1.575509e-16
6418.108570 1.830704e-16
6421.141304 1.974339e-16
6424.174038 1.832837e-16
6427.206772 1.983312e-16
6430.239507 1.777506e-16
6433.272241 2.184590e-16
6436.304975 2.355080e-16
6439.337709 1.655365e-16
6442.370443 1.698658e-16
6445.403177 1.661225e-16
6448.435911 2.019369e-16
6451.468646 2.276978e-16
6454.501380 2.294851e-16
6457.534114 2.162783e-16
6460.566848 2.130405e-16
6463.599582 1.906131e-16
6466.632316 1.967095e-16
6469.665050 2.143594e-16
6472.697785 1.905740e-16
6475.730519 2.124620e-16
6478.763253 2.524267e-16
6481.795987 2.113295e-16
6484.828721 2.208191e-16
6487.861455 2.461239e-16
6490.894190 2.357038e-16
6493.926924 2.512393e-16
6496.959658 2.355247e-16
6499.992392 2.708158e-16
6503.025126 2.154427e-16
6506.057860 2.167038e-16
6509.090594 2.448712e-16
6512.123329 2.197717e-16
6515.156063 1.919398e-16
6518.188797 2.078112e-16
6521.221531 2.245835e-16
6524.254265 2.337289e-16
6527.286999 2.276267e-16
6530.319733 1.913791e-16
6533.352468 1.999304e-16
6536.385202 2.550339e-16
6539.417936 2.340204e-16
6542.450670 2.366252e-16
6545.483404 2.470578e-16
6548.516138 2.488530e-16
6551.548872 2.272356e-16
6554.581607 2.216636e-16
6557.614341 2.183960e-16
6560.647075 2.276569e-16
6563.679809 2.252958e-16
6566.712543 2.273814e-16
6569.745277 2.240192e-16
6572.778011 2.234657e-16
6575.810746 2.120064e-16
6578.843480 2.365095e-16
6581.876214 2.331661e-16
6584.908948 1.901341e-16
6587.941682 1.836261e-16
6590.974416 1.736983e-16
6594.007150 2.029724e-16
6597.039885 2.137854e-16
6600.072619 2.396568e-16
6603.105353 2.245375e-16
6606.138087 2.290864e-16
6609.170821 2.089909e-16
6612.203555 2.155062e-16
6615.236289 2.362576e-16
6618.269024 1.892759e-16
6621.301758 1.675469e-16
6624.334492 1.927131e-16
6627.367226 2.197602e-16
6630.399960 2.336563e-16
6633.432694 2.313454e-16
6636.465428 2.319970e-16
6639.498163 2.309523e-16
6642.530897 2.055043e-16
6645.563631 2.047206e-16
6648.596365 2.036027e-16
6651.629099 2.201597e-16
6654.661833 2.215796e-16
6657.694567 2.594997e-16
6660.727302 2.422400e-16
6663.760036 3.377128e-16
6666.792770 4.502648e-16
6697.120111 2.852753e-16
6700.152845 3.406858e-16
6703.185580 2.777394e-16
6706.218314 2.127384e-16
6709.251048 2.239393e-16
6712.283782 1.832229e-16
6715.316516 1.926346e-16
6718.349250 1.745501e-16
6721.381984 1.471898e-16
6724.414719 1.393708e-16
6727.447453 1.736196e-16
6730.480187 1.854795e-16
6733.512921 1.703618e-16
6736.545655 1.566757e-16
6739.578389 1.800424e-16
6742.611123 1.844108e-16
6745.643858 1.777025e-16
6748.676592 1.910081e-16
6751.709326 1.482868e-16
6754.742060 1.308152e-16
6757.774794 1.225982e-16
6760.807528 1.480127e-16
6763.840262 1.706504e-16
6766.872997 1.714822e-16
6769.905731 1.572171e-16
6772.938465 1.631707e-16
6775.971199 1.454029e-16
6779.003933 1.683196e-16
6782.036667 1.302385e-16
6785.069401 1.245699e-16
6788.102136 1.496235e-16
6791.134870 1.381006e-16
6794.167604 1.087841e-16
6797.200338 1.234240e-16
6800.233072 1.269479e-16
6803.265806 1.285563e-16
6806.298540 1.184099e-16
6809.331275 1.265124e-16
6812.364009 1.474127e-16
6815.396743 1.429658e-16
6818.429477 1.422362e-16
6821.462211 1.324622e-16
6824.494945 1.546265e-16
6827.527679 1.342156e-16
6830.560414 1.591954e-16
6833.593148 1.426766e-16
6836.625882 2.088032e-16
6839.658616 1.866725e-16
6842.691350 1.548773e-16
6845.724084 1.364596e-16
6848.756819 1.367352e-16
6851.789553 1.135969e-16
6854.822287 1.200089e-16
6857.855021 1.155253e-16
6860.887755 1.046930e-16
6863.920489 1.125735e-16
6866.953223 1.124613e-16
6869.985958 9.156827e-17
6873.018692 6.785244e-17
6876.051426 8.517586e-17
6879.084160 1.023676e-16
6882.116894 9.044532e-17
6885.149628 1.018372e-16
6888.182362 1.280272e-16
6891.215097 1.110496e-16
6894.247831 9.533612e-17
6897.280565 1.225345e-16
6900.313299 1.248948e-16
6903.346033 1.102641e-16
6906.378767 1.033119e-16
6909.411501 1.166438e-16
6912.444236 1.404752e-16
6915.476970 1.263617e-16
6918.509704 1.398575e-16
6921.542438 9.963822e-17
6924.575172 1.231673e-16
6927.607906 7.980639e-17
6930.640640 1.339692e-16
6933.673375 1.319855e-16
6936.706109 1.413078e-16
6939.738843 1.035407e-16
6942.771577 9.883531e-17
6945.804311 1.073919e-16
6948.837045 1.203607e-16
6951.869779 6.493885e-17
6954.902514 7.867708e-17
6957.935248 1.127612e-16
6960.967982 1.258094e-16
6964.000716 1.446282e-16
6967.033450 9.228179e-17
6970.066184 8.059909e-17
6973.098918 1.039979e-16
6976.131653 1.502985e-16
6979.164387 1.166095e-16
6982.197121 7.899278e-17
6985.229855 1.107086e-16
6988.262589 1.271273e-16
6991.295323 8.804926e-17
6994.328057 1.022219e-16
6997.360792 1.080200e-16
7000.393526 1.391063e-16
7003.426260 1.067527e-16
7006.458994 1.057599e-16
7009.491728 9.583009e-17
7012.524462 1.380262e-16
7015.557196 1.186430e-16
7018.589931 8.140114e-17
7021.622665 4.490244e-17
7024.655399 8.063425e-17
7027.688133 1.262136e-16
7030.720867 1.207105e-16
7033.753601 1.182026e-16
7036.786335 6.939038e-17
7039.819070 1.384687e-16
7042.851804 1.343702e-16
7045.884538 1.015020e-16
7048.917272 1.318075e-16
7051.950006 1.261017e-16
7054.982740 8.455817e-17
7058.015474 1.396045e-16
7061.048209 1.183265e-16
7064.080943 1.285598e-16
7067.113677 1.191879e-16
7070.146411 1.151079e-16
7073.179145 1.065478e-16
7076.211879 1.147462e-16
7079.244613 1.556931e-16
7082.277348 7.873844e-17
7085.310082 1.081725e-16
7088.342816 1.158000e-16
7091.375550 1.149776e-16
7094.408284 9.542537e-17
7097.441018 1.177443e-16
7100.473752 1.110898e-16
7103.506487 8.437458e-17
7106.539221 9.405301e-17
7109.571955 1.133699e-16
7112.604689 8.079196e-17
7115.637423 7.334173e-17
7118.670157 1.237782e-16
7121.702891 1.239653e-16
7124.735626 7.827043e-17
7127.768360 1.324387e-16
7130.801094 1.482160e-16
7133.833828 1.575436e-16
7136.866562 1.100252e-16
7139.899296 1.110550e-16
7142.932030 9.817047e-17
7145.964765 7.393553e-17
7148.997499 8.919497e-17
7152.030233 8.488352e-17
7155.062967 8.487131e-17
7158.095701 1.243915e-16
7161.128435 1.271513e-16
7164.161169 1.136548e-16
7167.193904 1.155309e-16
7170.226638 1.444163e-16
7173.259372 1.313179e-16
7176.292106 1.028001e-16
7179.324840 9.247755e-17
7182.357574 1.008727e-16
7185.390309 1.330921e-16
7188.423043 1.114858e-16
7191.455777 1.117809e-16
7194.488511 1.004678e-16
7197.521245 1.062438e-16
7200.553979 4.168699e-17
7203.586713 8.883162e-17
7206.619448 1.303555e-16
7209.652182 1.321580e-16
7212.684916 1.154413e-16
7215.717650 1.113225e-16
7218.750384 1.008539e-16
7221.783118 9.325298e-17
7224.815852 1.139459e-16
7227.848587 1.051416e-16
7230.881321 1.098308e-16
7233.914055 1.228640e-16
7236.946789 1.064789e-16
7239.979523 1.273642e-16
7243.012257 1.511335e-16
7246.044991 1.340111e-16
7249.077726 5.438921e-17
7252.110460 7.118329e-17
7255.143194 1.486842e-16
7258.175928 9.946376e-17
7261.208662 9.934111e-17
7264.241396 1.047506e-16
7267.274130 9.853952e-17
7270.306865 1.273523e-16
7273.339599 7.026514e-17
7276.372333 9.477563e-17
7279.405067 6.220700e-17
7282.437801 8.715104e-17
7285.470535 9.879958e-17
7288.503269 1.047220e-16
7291.536004 1.416283e-16
7294.568738 1.375305e-16
7297.601472 9.708714e-17
7300.634206 1.184386e-16
7303.666940 1.647017e-16
7306.699674 1.462223e-16
7309.732408 1.126887e-16
7312.765143 7.318067e-17
7315.797877 1.445683e-16
7318.830611 1.127319e-16
7321.863345 9.776490e-17
7324.896079 7.853340e-17
7327.928813 4.359553e-17
7330.961547 7.125903e-17
7333.994282 9.422477e-17
7337.027016 8.929268e-17
7340.059750 1.331845e-16
7343.092484 9.099385e-17
7346.125218 1.370802e-16
7349.157952 8.917071e-17
7352.190686 1.225169e-16
7355.223421 1.674123e-16
7358.256155 1.420302e-16
7361.288889 1.164280e-16
7364.321623 1.349352e-16
7367.354357 1.216494e-16
7370.387091 9.912760e-17
7373.419825 1.053592e-16
7376.452560 1.234256e-16
7379.485294 1.137830e-16
7382.518028 7.030089e-17
7385.550762 9.685720e-17
7388.583496 1.197301e-16
7391.616230 1.060802e-16
7394.648964 1.519409e-16
7397.681699 1.303437e-16
7400.714433 9.639474e-17
7403.747167 7.325586e-17
7406.779901 2.332367e-17
7409.812635 1.075887e-16
7412.845369 8.640867e-17
7415.878103 1.186444e-16
7418.910838 8.806090e-17
7421.943572 5.079122e-17
7424.976306 9.087784e-17
7428.009040 9.901487e-17
7431.041774 8.373867e-17
7434.074508 1.118283e-16
7437.107242 8.876146e-17
7440.139977 1.409981e-16
7443.172711 1.373123e-16
7446.205445 7.864945e-17
7449.238179 8.711432e-17
7452.270913 1.102687e-16
7455.303647 1.351999e-16
7458.336381 1.503065e-16
7461.369116 8.737826e-17
7464.401850 9.549793e-17
7467.434584 1.327939e-16
7470.467318 1.037765e-16
7473.500052 1.271648e-16
7476.532786 3.401816e-17
7479.565520 5.779457e-17
7482.598255 8.128320e-17
7485.630989 6.885960e-17
7488.663723 1.079297e-16
7491.696457 1.169684e-16
7494.729191 1.305126e-16
7497.761925 1.383517e-16
7500.794659 1.482678e-16
7503.827394 9.336336e-17
7506.860128 1.106160e-16
7509.892862 1.159040e-16
7512.925596 1.189443e-16
7515.958330 1.146979e-16
7518.991064 8.110824e-17
7522.023799 8.401842e-17
7525.056533 7.858360e-17
7528.089267 1.071158e-16
7531.122001 1.017729e-16
7534.154735 9.603491e-17
7537.187469 1.105310e-16
7540.220203 8.357815e-17
7543.252938 7.150968e-17
7546.285672 7.739096e-17
7549.318406 8.067655e-17
7552.351140 8.648409e-17
7555.383874 6.783363e-17
7558.416608 7.654491e-17
7561.449342 5.633564e-17
7564.482077 8.585113e-17
7567.514811 1.024941e-16
7570.547545 1.171842e-16
7573.580279 1.018501e-16
7576.613013 4.763484e-17
7579.645747 8.397886e-17
7582.678481 1.024915e-16
7585.711216 9.673061e-17
7588.743950 2.557058e-17
7591.776684 5.127954e-17
7594.809418 7.372145e-17
7597.842152 3.152180e-17
7603.907620 2.353316e-17
7606.940355 3.406561e-17
7609.973089 4.604347e-17
7613.005823 5.970103e-17
7616.038557 5.209743e-17
7619.071291 5.460688e-17
7622.104025 5.467103e-17
7625.136759 6.424022e-17
7628.169494 6.134632e-17
7631.202228 2.726117e-17
7634.234962 6.789345e-17
7637.267696 8.387608e-17
7640.300430 4.547024e-17
7643.333164 5.213791e-17
7646.365898 4.287983e-17
7649.398633 6.012195e-17
7652.431367 8.776042e-17
7655.464101 6.897728e-17
7658.496835 6.145553e-17
7661.529569 9.170025e-17
7664.562303 1.008226e-16
7667.595037 9.053623e-17
7670.627772 8.273276e-17
7673.660506 7.982907e-17
7676.693240 1.075101e-16
7679.725974 7.934329e-17
7682.758708 9.831089e-17
7685.791442 1.314860e-16
7688.824176 9.181821e-17
7691.856911 8.670369e-17
7694.889645 1.140170e-16
7697.922379 3.954903e-17
7700.955113 1.062130e-16
7703.987847 1.021821e-16
7707.020581 9.787899e-17
7710.053315 8.862152e-17
7713.086050 8.531917e-17
7716.118784 8.808560e-17
7719.151518 6.301768e-17
7722.184252 9.595707e-17
7725.216986 1.050759e-16
7728.249720 8.549253e-17
7731.282454 3.947746e-17
7734.315189 4.467773e-17
7737.347923 8.804563e-17
7740.380657 7.492366e-17
7743.413391 4.034622e-17
7746.446125 1.021382e-16
7749.478859 1.132323e-16
7752.511593 5.980293e-17
7755.544328 3.446890e-17
7758.577062 7.533834e-17
7761.609796 1.061747e-16
7764.642530 4.999137e-17
7767.675264 9.694670e-17
7770.707998 8.581701e-17
7773.740732 6.338446e-17
7776.773467 7.254405e-17
7779.806201 1.063658e-16
7782.838935 1.549272e-16
7785.871669 1.187215e-16
7788.904403 1.208018e-16
7791.937137 1.066198e-16
7794.969871 7.505927e-17
7798.002606 2.626461e-17
7801.035340 4.620517e-17
7804.068074 1.016317e-16
7807.100808 8.436177e-17
7810.133542 1.077256e-16
7813.166276 5.737838e-17
7816.199010 6.879268e-17
7819.231745 4.170848e-17
7822.264479 1.045686e-16
7825.297213 9.689273e-17
7828.329947 7.912036e-17
7831.362681 8.009868e-17
7834.395415 1.219150e-16
7837.428149 7.857034e-17
7840.460884 5.728232e-17
7843.493618 2.254146e-17
7846.526352 9.982476e-17
7849.559086 6.750242e-17
7852.591820 5.745032e-17
7855.624554 9.639694e-17
7858.657288 4.872177e-17
7861.690023 1.212216e-16
7864.722757 9.214212e-17
7867.755491 8.280956e-17
7876.853693 7.020433e-17
7879.886428 3.389584e-17
7885.951896 4.895200e-17
7888.984630 1.022376e-16
7892.017364 1.428488e-16
7895.050098 4.934620e-17
7898.082832 9.159016e-17
7901.115567 2.705663e-17
7904.148301 7.907959e-17
7907.181035 7.383565e-17
7910.213769 3.569828e-17
7913.246503 1.261269e-16
7916.279237 7.593590e-17
7919.311971 1.195056e-16
7922.344706 5.449255e-17
7925.377440 8.677797e-17
7928.410174 1.263029e-16
7931.442908 9.346828e-17
7934.475642 6.491331e-17
7937.508376 5.178763e-17
7940.541110 6.946460e-17
7943.573845 6.863454e-17
7946.606579 5.504829e-17
7949.639313 4.792126e-17
7952.672047 3.074401e-17
7955.704781 5.019443e-17
7958.737515 6.818458e-17
7961.770249 4.372106e-17
7964.802984 6.340730e-17
7967.835718 4.375602e-17
7970.868452 4.534339e-17
7973.901186 2.852731e-17
7976.933920 1.199909e-16
7979.966654 8.040769e-17
7982.999388 1.089830e-16
7986.032123 1.397596e-16
7989.064857 1.253414e-16
7992.097591 1.105694e-16
7995.130325 9.249055e-17
7998.163059 1.197019e-17
8001.195793 8.906902e-17
8004.228527 1.018407e-16
8007.261262 1.386427e-17
8010.293996 2.297625e-17
8013.326730 6.861928e-17
8016.359464 1.596842e-17
8019.392198 7.646001e-17
8022.424932 1.084789e-17
8025.457666 3.686192e-17
8028.490401 4.944067e-17
8031.523135 3.796967e-17
8034.555869 9.231207e-17
8037.588603 2.240324e-17
8040.621337 1.976246e-17
8043.654071 8.353770e-17
8046.686805 9.405854e-17
8049.719540 6.709787e-17
8052.752274 8.204544e-17
8055.785008 1.307762e-16
8058.817742 8.950295e-17
8061.850476 4.007346e-17
8064.883210 3.204014e-17
8067.915944 4.470059e-17
8070.948679 7.589925e-17
8073.981413 4.604673e-17
8080.046881 3.605983e-17
8083.079615 9.499974e-17
8086.112349 8.899774e-17
8089.145083 6.388888e-17
8092.177818 6.556081e-17
8095.210552 6.723605e-17
8098.243286 8.134478e-17
8101.276020 8.580636e-17
8104.308754 7.302211e-17
8107.341488 4.000874e-17
8110.374222 3.445578e-17
8113.406957 1.016769e-16
8116.439691 8.651722e-17
8119.472425 7.000671e-17
8122.505159 4.098789e-17
8125.537893 3.268355e-17
8128.570627 2.877589e-17
8131.603361 7.878306e-17
8134.636096 3.642954e-17
8137.668830 3.554478e-17
8140.701564 1.009204e-16
8143.734298 1.035498e-16
8146.767032 7.143862e-17
8149.799766 9.963177e-17
8152.832500 7.929357e-17
8155.865235 5.601310e-17
8158.897969 3.701188e-17
8161.930703 8.127396e-17
8164.963437 8.416701e-17
8167.996171 8.178210e-17
8171.028905 5.348926e-17
8174.061639 1.006772e-16
8177.094374 6.174566e-17
8180.127108 1.114383e-16
8183.159842 7.294188e-17
8186.192576 6.612280e-17
8189.225310 4.930664e-17
8192.258044 7.443297e-17
8195.290778 3.421722e-17
8198.323513 7.269227e-17
8201.356247 5.713068e-17
8204.388981 1.054561e-16
8207.421715 8.534746e-17
8210.454449 7.085547e-17
8213.487183 1.933886e-17
8216.519918 5.259239e-17
8219.552652 1.174487e-17
8222.585386 3.217487e-17
8225.618120 9.521829e-17
8228.650854 4.516756e-17
8231.683588 1.648436e-17
8234.716322 3.360309e-17
8237.749057 7.919575e-17
8240.781791 1.713316e-17
8243.814525 7.765382e-17
8246.847259 6.878210e-17
8249.879993 6.098767e-17
8252.912727 9.607563e-17
8255.945461 1.041469e-16
8258.978196 1.745953e-17
8262.010930 9.704798e-17
8265.043664 1.127695e-16
8268.076398 1.165495e-16
8271.109132 1.060173e-16
8274.141866 4.503013e-17
8277.174600 6.929520e-17
8280.207335 1.497486e-16
8283.240069 5.254539e-17
8286.272803 5.743591e-17
8289.305537 1.497713e-16
8292.338271 1.056765e-16
8295.371005 1.119210e-16
8298.403739 1.179429e-16
8301.436474 7.374321e-17
8304.469208 8.968720e-17
8307.501942 1.091982e-16
8310.534676 8.907543e-17
8313.567410 4.338836e-17
8316.600144 4.429742e-17
8319.632878 8.099430e-17
8322.665613 6.414606e-17
8325.698347 6.023327e-17
8328.731081 6.359135e-17
8331.763815 1.107031e-16
8334.796549 2.298967e-17
8337.829283 5.903548e-17
8340.862017 1.354487e-16
8343.894752 1.449115e-16
8346.927486 2.029891e-16
8349.960220 1.669159e-16
8352.992954 1.675589e-16
8356.025688 1.845342e-16
8359.058422 1.269301e-16
8362.091156 1.569679e-16
8365.123891 2.141997e-16
8368.156625 1.942753e-16
8371.189359 1.686598e-16
8374.222093 1.140126e-16
8377.254827 1.822788e-16
8380.287561 1.449468e-16
8383.320295 9.073880e-17
8386.353030 1.584597e-16
8389.385764 1.542797e-16
8392.418498 1.937523e-16
8395.451232 1.083679e-16
8398.483966 2.303112e-16
8401.516700 1.918886e-16
8404.549434 1.016353e-16
8407.582169 1.244131e-16
8410.614903 1.460865e-16
8413.647637 2.516318e-16
8416.680371 2.111756e-16
8419.713105 1.706909e-16
8422.745839 1.959425e-16
8425.778573 1.686890e-16
8428.811308 2.304540e-16
8431.844042 2.226759e-16
8434.876776 2.165675e-16
8437.909510 1.887019e-16
8440.942244 2.346533e-16
8443.974978 2.011335e-16
8447.007712 1.680747e-16
8450.040447 2.135839e-16
8453.073181 1.493786e-16
8456.105915 1.540304e-16
8459.138649 1.946896e-16
8462.171383 2.474793e-16
8465.204117 2.550709e-16
8468.236851 1.698789e-16
8471.269586 1.318655e-16
8474.302320 2.979042e-16
8477.335054 2.567180e-16
8480.367788 2.499174e-16
8483.400522 2.261307e-16
8486.433256 1.751799e-16
8489.465990 1.712402e-16
8492.498725 2.260049e-16
8495.531459 2.675581e-16
8498.564193 2.647722e-16
8501.596927 2.402277e-16
8504.629661 2.205333e-16
8507.662395 2.377241e-16
8510.695129 1.491029e-16
8513.727864 1.748602e-16
8516.760598 1.857971e-16
8519.793332 2.137120e-16
8522.826066 1.295037e-16
8525.858800 1.805104e-16
8528.891534 1.697388e-16
8531.924268 1.988473e-16
8534.957003 1.619288e-16
8537.989737 1.084218e-16
8541.022471 1.944449e-16
8544.055205 2.406184e-16
8547.087939 2.473137e-16
8550.120673 2.847357e-16
8553.153408 2.306020e-16
8556.186142 2.195278e-16
8559.218876 2.068211e-16
8562.251610 2.259767e-16
8565.284344 1.525277e-16
8568.317078 1.560962e-16
8571.349812 1.397304e-16
8574.382547 1.640006e-16
8577.415281 1.488192e-16
8580.448015 1.639764e-16
8583.480749 1.989422e-16
8586.513483 1.354038e-16
8589.546217 1.257347e-16
8592.578951 1.605431e-16
8595.611686 1.719133e-16
8598.644420 2.160027e-16
8601.677154 2.286788e-16
8604.709888 1.725064e-16
8607.742622 1.559050e-16
8610.775356 1.912973e-16
8613.808090 2.092517e-16
8616.840825 1.620163e-16
8619.873559 2.640719e-16
8622.906293 2.007967e-16
8625.939027 1.908485e-16
8628.971761 2.043211e-16
8632.004495 1.925443e-16
8635.037229 2.021776e-16
8638.069964 9.532802e-17
8641.102698 5.382131e-17
8644.135432 1.549923e-16
8647.168166 1.678485e-16
8650.200900 8.291120e-17
8653.233634 1.209700e-16
8656.266368 2.199824e-16
8659.299103 8.255086e-17
8662.331837 2.344192e-16
8665.364571 2.106541e-16
8668.397305 2.007124e-16
8671.430039 1.472096e-16
8674.462773 9.328187e-17
8677.495507 1.581727e-16
8680.528242 1.356039e-16
8683.560976 6.453007e-17
8686.593710 2.261217e-17
8689.626444 1.135613e-16
8692.659178 1.361297e-16
8695.691912 1.339666e-16
8698.724646 8.822376e-17
8701.757381 6.112185e-17
8704.790115 7.157198e-17
8707.822849 6.423949e-17
8710.855583 7.009059e-17
8713.888317 1.639649e-16
8716.921051 9.402738e-17
8719.953785 1.154044e-16
8722.986520 1.980439e-16
8726.019254 1.256013e-16
8729.051988 1.295964e-16
8732.084722 1.402286e-16
8735.117456 9.510406e-17
8738.150190 5.933979e-17
8741.182924 1.147337e-16
8744.215659 1.417184e-16
8747.248393 1.460779e-16
8750.281127 1.083674e-16
8753.313861 8.420188e-17
8756.346595 1.404174e-16
8759.379329 1.182001e-16
8762.412063 2.651816e-17
8765.444798 4.185227e-17
8774.543000 5.619042e-17
8777.575734 7.164630e-17
8783.641202 3.988846e-17
8786.673937 1.108836e-16
8789.706671 1.681407e-16
8792.739405 1.602128e-16
8795.772139 1.001283e-16
8798.804873 1.131233e-16
8801.837607 1.011515e-16
8804.870341 1.414265e-16
8807.903076 1.479098e-16
8810.935810 1.380418e-16
8813.968544 1.574061e-16
8817.001278 1.449314e-16
8820.034012 1.714060e-16
8823.066746 1.624479e-16
8826.099480 9.617214e-17
8835.197683 4.225980e-17
8838.230417 9.387589e-17
8841.263151 8.994685e-17
8844.295885 1.079845e-16
8847.328619 1.576266e-16
8850.361354 1.615378e-16
8853.394088 1.643533e-16
8856.426822 1.276011e-16
8859.459556 1.001757e-16
8862.492290 1.245399e-16
8865.525024 1.077218e-16
8868.557758 8.479181e-17
8874.623227 8.033366e-17
8880.688695 1.083033e-17
8883.721429 1.047162e-16
8886.754163 2.860433e-16
8889.786898 2.770150e-16
8892.819632 1.316254e-16
8895.852366 9.348112e-17
8898.885100 1.173765e-16
8901.917834 1.506857e-16
8904.950568 1.468327e-16
8907.983302 4.923090e-17
8911.016037 6.260751e-17
8914.048771 7.598727e-17
8917.081505 8.936160e-17
8920.114239 1.027391e-16
8923.146973 1.161154e-16
8926.179707 1.294863e-16
8929.212441 1.428603e-16
8932.245176 4.699213e-17
8935.277910 1.575760e-16
8938.310644 1.343468e-16
8941.343378 3.604159e-17
8944.376112 5.214026e-17
8947.408846 1.429687e-16
8950.441580 7.317671e-17
8953.474315 1.609901e-17
8956.507049 2.140274e-17
8959.539783 2.670774e-17
8962.572517 3.201057e-17
8965.605251 3.731468e-17
8968.637985 9.655023e-17
8971.670719 1.009744e-16
8974.703454 1.219571e-16
8980.768922 1.015646e-17
8983.801656 1.188278e-16
8986.834390 2.205485e-17
8995.932593 1.309891e-17
8998.965327 1.290328e-16
