3800.000000 3.076646e-16
3803.041410 2.716687e-16
3806.082820 2.526863e-16
3809.124231 3.476225e-16
3812.165641 3.518842e-16
3815.207051 4.623066e-16
3818.248461 3.499500e-16
3821.289871 2.903585e-16
3824.331281 5.229587e-16
3827.372692 4.289139e-16
3830.414102 3.881869e-16
3833.455512 4.709518e-16
3836.496922 3.557334e-16
3839.538332 2.660908e-16
3842.579743 2.783173e-16
3845.621153 3.884972e-16
3848.662563 3.268444e-16
3851.703973 3.717085e-16
3854.745383 4.261265e-16
3857.786794 4.880211e-16
3860.828204 3.290851e-16
3863.869614 3.579224e-16
3866.911024 3.607830e-16
3869.952434 3.395027e-16
3872.993844 4.048788e-16
3876.035255 4.008803e-16
3879.076665 4.639085e-16
3882.118075 3.948748e-16
3885.159485 3.505384e-16
3888.200895 4.296671e-16
3891.242306 4.658020e-16
3894.283716 3.496399e-16
3897.325126 4.478179e-16
3900.366536 4.698691e-16
3903.407946 4.693402e-16
3906.449356 4.383066e-16
3909.490767 4.589980e-16
3912.532177 4.133742e-16
3915.573587 4.525215e-16
3918.614997 4.957114e-16
3921.656407 5.126387e-16
3924.697818 4.222627e-16
3927.739228 4.565183e-16
3930.780638 5.560573e-16
3933.822048 3.904831e-16
3936.863458 5.401193e-16
3939.904868 9.245353e-16
3942.946279 7.333683e-16
3945.987689 4.393417e-16
3949.029099 4.726090e-16
3952.070509 4.049740e-16
3955.111919 3.874888e-16
3958.153330 4.218676e-16
3961.194740 4.300069e-16
3964.236150 4.298135e-16
3967.277560 4.475666e-16
3970.318970 4.230753e-16
3973.360381 3.884837e-16
3976.401791 4.195309e-16
3979.443201 3.555485e-16
3982.484611 3.228678e-16
3985.526021 3.297283e-16
3988.567431 3.226659e-16
3991.608842 3.592508e-16
3994.650252 3.790656e-16
3997.691662 3.805960e-16
4000.733072 3.747802e-16
4003.774482 3.714767e-16
4006.815893 3.957362e-16
4009.857303 3.566623e-16
4012.898713 3.687116e-16
4015.940123 3.452986e-16
4018.981533 4.384255e-16
4022.022943 4.387046e-16
4025.064354 3.858726e-16
4028.105764 3.483913e-16
4031.147174 3.878025e-16
4034.188584 3.696846e-16
4037.229994 3.344287e-16
4040.271405 4.721460e-16
4043.312815 4.547940e-16
4046.354225 3.586868e-16
4049.395635 4.198346e-16
4052.437045 4.895619e-16
4055.478456 3.543852e-16
4058.519866 3.549135e-16
4061.561276 3.638719e-16
4064.602686 2.743775e-16
4067.644096 2.904810e-16
4070.685506 3.030412e-16
4073.726917 3.136486e-16
4076.768327 3.382884e-16
4079.809737 2.788074e-16
4082.851147 3.243954e-16
4085.892557 3.506596e-16
4088.933968 3.367608e-16
4091.975378 2.922967e-16
4095.016788 3.024582e-16
4098.058198 3.472753e-16
4101.099608 3.366606e-16
4104.141018 3.546931e-16
4107.182429 3.411700e-16
4110.223839 3.362559e-16
4113.265249 3.450889e-16
4116.306659 2.936867e-16
4119.348069 3.086995e-16
4122.389480 3.305842e-16
4125.430890 3.472716e-16
4128.472300 3.522056e-16
4131.513710 3.744703e-16
4134.555120 3.609125e-16
4137.596530 3.405350e-16
4140.637941 3.837815e-16
4143.679351 4.388652e-16
4146.720761 3.957208e-16
4149.762171 3.159291e-16
4152.803581 3.429773e-16
4155.844992 3.283329e-16
4158.886402 3.221823e-16
4161.927812 3.600845e-16
4164.969222 3.833158e-16
4168.010632 3.380690e-16
4171.052043 2.840195e-16
4174.093453 3.252027e-16
4177.134863 3.089801e-16
4180.176273 3.518300e-16
4183.217683 4.013987e-16
4186.259093 3.368197e-16
4189.300504 3.196820e-16
4192.341914 3.741958e-16
4195.383324 3.606204e-16
4198.424734 3.295753e-16
4201.466144 3.371695e-16
4204.507555 3.687640e-16
4207.548965 3.092849e-16
4210.590375 3.396557e-16
4213.631785 2.870839e-16
4216.673195 3.061501e-16
4219.714605 3.429254e-16
4222.756016 3.394455e-16
4225.797426 3.415034e-16
4228.838836 3.290638e-16
4231.880246 3.138806e-16
4234.921656 3.910811e-16
4237.963067 3.562362e-16
4241.004477 3.621019e-16
4244.045887 3.082336e-16
4247.087297 3.123052e-16
4250.128707 3.533350e-16
4253.170118 3.262804e-16
4256.211528 3.365105e-16
4259.252938 3.020001e-16
4262.294348 3.924201e-16
4265.335758 3.798277e-16
4268.377168 2.939596e-16
4271.418579 2.925800e-16
4274.459989 3.037563e-16
4277.501399 3.741124e-16
4280.542809 3.073903e-16
4283.584219 3.399430e-16
4286.625630 3.463615e-16
4289.667040 3.826536e-16
4292.708450 3.464746e-16
4295.749860 3.936593e-16
4298.791270 3.677402e-16
4301.832680 3.272131e-16
4304.874091 3.297395e-16
4307.915501 3.415288e-16
4310.956911 3.396940e-16
4313.998321 3.092778e-16
4317.039731 3.271259e-16
4320.081142 3.390316e-16
4323.122552 4.132206e-16
4326.163962 3.609324e-16
4329.205372 3.403162e-16
4332.246782 3.328594e-16
4335.288193 3.958255e-16
4338.329603 3.374856e-16
4341.371013 3.229060e-16
4344.412423 3.471089e-16
4347.453833 3.170673e-16
4350.495243 3.266717e-16
4353.536654 3.437385e-16
4356.578064 3.565413e-16
4359.619474 3.649681e-16
4362.660884 3.568929e-16
4365.702294 3.539014e-16
4368.743705 3.249862e-16
4371.785115 3.287159e-16
4374.826525 3.551081e-16
4377.867935 3.533542e-16
4380.909345 3.276105e-16
4383.950755 3.390317e-16
4386.992166 3.516110e-16
4390.033576 3.673812e-16
4393.074986 3.717245e-16
4396.116396 3.644635e-16
4399.157806 4.016035e-16
4402.199217 3.945508e-16
4405.240627 3.597203e-16
4408.282037 3.826052e-16
4411.323447 3.381823e-16
4414.364857 3.592364e-16
4417.406267 3.905491e-16
4420.447678 3.583562e-16
4423.489088 3.274310e-16
4426.530498 3.600204e-16
4429.571908 3.617773e-16
4432.613318 3.755949e-16
4435.654729 3.341312e-16
4438.696139 3.852012e-16
4441.737549 4.708161e-16
4444.778959 5.534948e-16
4447.820369 4.167162e-16
4450.861780 3.833277e-16
4453.903190 3.980530e-16
4456.944600 4.096481e-16
4459.986010 3.531251e-16
4463.027420 3.531058e-16
4466.068830 3.740503e-16
4469.110241 3.768625e-16
4472.151651 3.938747e-16
4475.193061 3.768471e-16
4478.234471 3.359103e-16
4481.275881 3.052221e-16
4484.317292 3.440700e-16
4487.358702 3.772810e-16
4490.400112 3.486177e-16
4493.441522 3.615078e-16
4496.482932 3.891940e-16
4499.524342 4.053457e-16
4502.565753 3.348571e-16
4505.607163 3.690742e-16
4508.648573 3.790894e-16
4511.689983 3.474758e-16
4514.731393 3.453414e-16
4517.772804 3.317306e-16
4520.814214 3.635959e-16
4523.855624 3.528963e-16
4526.897034 3.748006e-16
4529.938444 3.954065e-16
4532.979855 3.554312e-16
4536.021265 3.500083e-16
4539.062675 3.771045e-16
4542.104085 3.681924e-16
4545.145495 3.588859e-16
4548.186905 3.358164e-16
4551.228316 3.511242e-16
4554.269726 4.101532e-16
4557.311136 4.033567e-16
4560.352546 3.697654e-16
4563.393956 3.521422e-16
4566.435367 3.538871e-16
4569.476777 3.614790e-16
4572.518187 3.426350e-16
4575.559597 3.719249e-16
4578.601007 3.519633e-16
4581.642417 3.255937e-16
4584.683828 3.287272e-16
4587.725238 3.459721e-16
4590.766648 3.219242e-16
4593.808058 3.231482e-16
4596.849468 3.691532e-16
4599.890879 3.422368e-16
4602.932289 3.675092e-16
4605.973699 3.383329e-16
4609.015109 3.180389e-16
4612.056519 3.325975e-16
4615.097929 3.390834e-16
4618.139340 3.411178e-16
4621.180750 3.448695e-16
4624.222160 3.321655e-16
4627.263570 3.208916e-16
4630.304980 3.232822e-16
4633.346391 3.065852e-16
4636.387801 3.104100e-16
4639.429211 3.340035e-16
4642.470621 3.070557e-16
4645.512031 2.878060e-16
4648.553442 3.081367e-16
4651.594852 3.143356e-16
4654.636262 3.028742e-16
4657.677672 2.823988e-16
4660.719082 2.631140e-16
4663.760492 2.951109e-16
4666.801903 3.115411e-16
4669.843313 3.060654e-16
4672.884723 2.975479e-16
4675.926133 2.730172e-16
4678.967543 3.100087e-16
4682.008954 2.977238e-16
4685.050364 2.957797e-16
4688.091774 3.261418e-16
4691.133184 2.844692e-16
4694.174594 2.712507e-16
4697.216004 2.834597e-16
4700.257415 2.800237e-16
4703.298825 3.034007e-16
4706.340235 2.957128e-16
4709.381645 2.628901e-16
4712.423055 2.763619e-16
4715.464466 2.868760e-16
4718.505876 2.961413e-16
4721.547286 2.464814e-16
4724.588696 2.498770e-16
4727.630106 2.611514e-16
4730.671517 2.857892e-16
4733.712927 2.986907e-16
4736.754337 2.667497e-16
4739.795747 2.690188e-16
4742.837157 3.209102e-16
4745.878567 3.154918e-16
4748.919978 3.070051e-16
4751.961388 3.209357e-16
4755.002798 2.969903e-16
4758.044208 2.782813e-16
4761.085618 2.835117e-16
4764.127029 2.526788e-16
4767.168439 2.764864e-16
4770.209849 2.810839e-16
4773.251259 3.372380e-16
4776.292669 3.128419e-16
4779.334079 2.928644e-16
4782.375490 2.797953e-16
4785.416900 2.866916e-16
4788.458310 2.790381e-16
4791.499720 2.793368e-16
4794.541130 2.793248e-16
4797.582541 2.833971e-16
4800.623951 3.129297e-16
4803.665361 2.861929e-16
4806.706771 2.826189e-16
4809.748181 3.293969e-16
4812.789591 3.045571e-16
4815.831002 3.147768e-16
4818.872412 2.915820e-16
4821.913822 2.900330e-16
4824.955232 2.839142e-16
4827.996642 2.753581e-16
4831.038053 2.997748e-16
4834.079463 3.105455e-16
4837.120873 2.933230e-16
4840.162283 3.130126e-16
4843.203693 3.031008e-16
4846.245104 2.956703e-16
4849.286514 2.880106e-16
4852.327924 2.720108e-16
4855.369334 2.931791e-16
4858.410744 3.466200e-16
4861.452154 3.438651e-16
4864.493565 3.139281e-16
4867.534975 2.946650e-16
4870.576385 2.786743e-16
4873.617795 3.063076e-16
4876.659205 3.435217e-16
4879.700616 3.040796e-16
4882.742026 3.104269e-16
4885.783436 3.303612e-16
4888.824846 3.220925e-16
4891.866256 3.365411e-16
4894.907666 3.343372e-16
4897.949077 3.210159e-16
4900.990487 3.209440e-16
4904.031897 3.427260e-16
4907.073307 3.038333e-16
4910.114717 2.888534e-16
4913.156128 3.179448e-16
4916.197538 3.356324e-16
4919.238948 3.050980e-16
4922.280358 3.013307e-16
4925.321768 3.094834e-16
4928.363179 3.278883e-16
4931.404589 3.481635e-16
4934.445999 3.323988e-16
4937.487409 3.366737e-16
4940.528819 3.415488e-16
4943.570229 3.488467e-16
4946.611640 3.518660e-16
4949.653050 3.804026e-16
4952.694460 3.953738e-16
4955.735870 3.784820e-16
4958.777280 3.550349e-16
4961.818691 3.471700e-16
4964.860101 3.322173e-16
4967.901511 3.162674e-16
4970.942921 3.183725e-16
4973.984331 3.078502e-16
4977.025741 3.348442e-16
4980.067152 3.354710e-16
4983.108562 3.162783e-16
4986.149972 3.182353e-16
4989.191382 3.448183e-16
4992.232792 3.338903e-16
4995.274203 3.554179e-16
4998.315613 3.540312e-16
5001.357023 3.367050e-16
5004.398433 3.331025e-16
5007.439843 3.616563e-16
5010.481253 3.265149e-16
5013.522664 3.403660e-16
5016.564074 3.248044e-16
5019.605484 3.185960e-16
5022.646894 3.312851e-16
5025.688304 3.519287e-16
5028.729715 3.444691e-16
5031.771125 3.239662e-16
5034.812535 2.939011e-16
5037.853945 3.061443e-16
5040.895355 3.161142e-16
5043.936766 2.824954e-16
5046.978176 3.527617e-16
5050.019586 4.143721e-16
5053.060996 4.116503e-16
5056.102406 3.010924e-16
5059.143816 3.014088e-16
5062.185227 3.132956e-16
5065.226637 2.938024e-16
5068.268047 2.525587e-16
5071.309457 2.727679e-16
5074.350867 3.077769e-16
5077.392278 2.734542e-16
5080.433688 2.851804e-16
5083.475098 3.169961e-16
5086.516508 2.770314e-16
5089.557918 2.630143e-16
5092.599328 3.012037e-16
5095.640739 4.494049e-16
5098.682149 7.190899e-16
5101.723559 6.787997e-16
5104.764969 3.703036e-16
5107.806379 3.416787e-16
5110.847790 3.176182e-16
5113.889200 3.078017e-16
5116.930610 2.895007e-16
5119.972020 3.259775e-16
5123.013430 3.265889e-16
5126.054841 3.143798e-16
5129.096251 3.241147e-16
5132.137661 3.427584e-16
5135.179071 3.331343e-16
5138.220481 3.453030e-16
5141.261891 3.273979e-16
5144.303302 3.412532e-16
5147.344712 3.268074e-16
5150.386122 3.256987e-16
5153.427532 3.288369e-16
5156.468942 3.341222e-16
5159.510353 3.072687e-16
5162.551763 3.220596e-16
5165.593173 2.924367e-16
5168.634583 3.161348e-16
5171.675993 3.414495e-16
5174.717403 3.414831e-16
5177.758814 3.464022e-16
5180.800224 3.499620e-16
5183.841634 3.312339e-16
5186.883044 3.415503e-16
5189.924454 3.146519e-16
5192.965865 3.403649e-16
5196.007275 3.442575e-16
5199.048685 3.436991e-16
5202.090095 3.399361e-16
5205.131505 3.247441e-16
5208.172916 3.194319e-16
5211.214326 3.216074e-16
5214.255736 2.920101e-16
5217.297146 3.073248e-16
5220.338556 3.267046e-16
5223.379966 3.347816e-16
5226.421377 3.230541e-16
5229.462787 3.138134e-16
5232.504197 3.324129e-16
5235.545607 2.924593e-16
5238.587017 3.124963e-16
5241.628428 3.222098e-16
5244.669838 3.152445e-16
5247.711248 3.131759e-16
5250.752658 3.259412e-16
5253.794068 3.351492e-16
5256.835478 3.537661e-16
5259.876889 3.282418e-16
5262.918299 3.089428e-16
5265.959709 3.393627e-16
5269.001119 3.522949e-16
5272.042529 3.253795e-16
5275.083940 3.117880e-16
5278.125350 3.201883e-16
5281.166760 3.196517e-16
5284.208170 3.403286e-16
5287.249580 3.171718e-16
5290.290990 2.970990e-16
5293.332401 3.029652e-16
5296.373811 3.044328e-16
5299.415221 3.098126e-16
5302.456631 3.265719e-16
5305.498041 3.152402e-16
5308.539452 2.944232e-16
5311.580862 3.294218e-16
5314.622272 3.459407e-16
5317.663682 3.264326e-16
5320.705092 3.053475e-16
5323.746503 3.035996e-16
5326.787913 3.140163e-16
5329.829323 3.289988e-16
5332.870733 3.233554e-16
5335.912143 3.101352e-16
5338.953553 3.047971e-16
5341.994964 2.996410e-16
5345.036374 2.849967e-16
5348.077784 2.819889e-16
5351.119194 2.850141e-16
5354.160604 2.925595e-16
5357.202015 2.957778e-16
5360.243425 2.900180e-16
5363.284835 3.165572e-16
5366.326245 3.104314e-16
5369.367655 3.118332e-16
5372.409065 3.170258e-16
5375.450476 2.995182e-16
5378.491886 2.953670e-16
5381.533296 2.837679e-16
5384.574706 2.614534e-16
5387.616116 2.873427e-16
5390.657527 2.971227e-16
5393.698937 2.864794e-16
5396.740347 2.881001e-16
5399.781757 2.888782e-16
5402.823167 2.788690e-16
5405.864578 2.839817e-16
5408.905988 2.819182e-16
5411.947398 2.773668e-16
5414.988808 2.779168e-16
5418.030218 2.718543e-16
5421.071628 2.932586e-16
5424.113039 2.811506e-16
5427.154449 2.447034e-16
5430.195859 2.700864e-16
5433.237269 2.814406e-16
5436.278679 2.448481e-16
5439.320090 2.567453e-16
5442.361500 2.484269e-16
5445.402910 2.483341e-16
5448.444320 2.589175e-16
5451.485730 2.514447e-16
5454.527140 2.714854e-16
5457.568551 2.367532e-16
5460.609961 2.425052e-16
5463.651371 2.488654e-16
5466.692781 2.813597e-16
5469.734191 2.570911e-16
5472.775602 2.339437e-16
5475.817012 2.411782e-16
5478.858422 2.703055e-16
5481.899832 2.581133e-16
5484.941242 2.403437e-16
5487.982652 2.555835e-16
5491.024063 2.451501e-16
5494.065473 2.356067e-16
5497.106883 2.568137e-16
5500.148293 2.488719e-16
5503.189703 2.179427e-16
5506.231114 2.467012e-16
5509.272524 2.466351e-16
5512.313934 2.271958e-16
5515.355344 1.992508e-16
5518.396754 2.160460e-16
5521.438165 2.151214e-16
5524.479575 2.024210e-16
5527.520985 2.266382e-16
5530.562395 2.395316e-16
5533.603805 2.198920e-16
5536.645215 2.086186e-16
5539.686626 2.132170e-16
5542.728036 2.076895e-16
5545.769446 2.257409e-16
5548.810856 2.230771e-16
5551.852266 2.262226e-16
5554.893677 2.199860e-16
5557.935087 2.052120e-16
5560.976497 2.042131e-16
5564.017907 1.916522e-16
5567.059317 1.869883e-16
5570.100727 1.641526e-16
5573.142138 1.090192e-16
5576.183548 1.985530e-16
5579.224958 1.657103e-16
5582.266368 1.929804e-16
5585.307778 2.095208e-16
5588.349189 1.948365e-16
5591.390599 2.005312e-16
5594.432009 2.104632e-16
5597.473419 1.779743e-16
5600.514829 1.754996e-16
5603.556240 1.850769e-16
5606.597650 1.776818e-16
5609.639060 1.702026e-16
5612.680470 1.604229e-16
5615.721880 1.953948e-16
5618.763290 1.632052e-16
5621.804701 1.775258e-16
5624.846111 1.740335e-16
5627.887521 1.892988e-16
5630.928931 1.885221e-16
5633.970341 2.066607e-16
5637.011752 1.779798e-16
5640.053162 1.821938e-16
5643.094572 1.939640e-16
5646.135982 1.726524e-16
5649.177392 1.721403e-16
5652.218802 1.652411e-16
5655.260213 1.584584e-16
5658.301623 1.592767e-16
5661.343033 1.701710e-16
5664.384443 1.638482e-16
5667.425853 1.833541e-16
5670.467264 1.557969e-16
5673.508674 1.610328e-16
5676.550084 1.513317e-16
5679.591494 1.537668e-16
5682.632904 1.533455e-16
5685.674314 1.481023e-16
5688.715725 1.783208e-16
5691.757135 1.570414e-16
5694.798545 1.364288e-16
5697.839955 1.304911e-16
5700.881365 1.372931e-16
5703.922776 1.677678e-16
5706.964186 1.452709e-16
5710.005596 1.455066e-16
5713.047006 1.413860e-16
5716.088416 1.284407e-16
5719.129827 1.331229e-16
5722.171237 1.119034e-16
5725.212647 1.401473e-16
5728.254057 1.511700e-16
5731.295467 1.151337e-16
5734.336877 1.481203e-16
5737.378288 1.790316e-16
5740.419698 1.503468e-16
5743.461108 1.527210e-16
5746.502518 1.572207e-16
5749.543928 1.416183e-16
5752.585339 1.554851e-16
5755.626749 1.640790e-16
5758.668159 1.348961e-16
5761.709569 1.339151e-16
5764.750979 1.318537e-16
5767.792389 1.379578e-16
5770.833800 1.434490e-16
5773.875210 1.361581e-16
5776.916620 1.461617e-16
5779.958030 1.491119e-16
5782.999440 1.741172e-16
5786.040851 1.231667e-16
5789.082261 1.559937e-16
5792.123671 1.476790e-16
5795.165081 1.485760e-16
5798.206491 1.667741e-16
5801.247902 1.383884e-16
5804.289312 1.607511e-16
5807.330722 1.655293e-16
5810.372132 1.339574e-16
5813.413542 1.519387e-16
5816.454952 1.883178e-16
5819.496363 1.704118e-16
5822.537773 1.692814e-16
5825.579183 1.837289e-16
5828.620593 2.136192e-16
5831.662003 1.838641e-16
5834.703414 1.691862e-16
5837.744824 1.826661e-16
5840.786234 1.692865e-16
5843.827644 1.632557e-16
5846.869054 1.702086e-16
5849.910464 1.804585e-16
5852.951875 1.760202e-16
5855.993285 1.969947e-16
5859.034695 2.798214e-16
5862.076105 2.999849e-16
5865.117515 2.038790e-16
5868.158926 1.996351e-16
5871.200336 1.829152e-16
5874.241746 1.726445e-16
5877.283156 1.730269e-16
5880.324566 2.081953e-16
5883.365976 1.705169e-16
5886.407387 1.536567e-16
5889.448797 2.172868e-16
5892.490207 2.097660e-16
5895.531617 1.905160e-16
5898.573027 2.187062e-16
5901.614438 1.863771e-16
5904.655848 2.115626e-16
5907.697258 2.154749e-16
5910.738668 1.933815e-16
5913.780078 2.019919e-16
5916.821489 2.010614e-16
5919.862899 1.737463e-16
5922.904309 1.772353e-16
5925.945719 1.806483e-16
5928.987129 1.954614e-16
5932.028539 1.776559e-16
5935.069950 1.980952e-16
5938.111360 1.893306e-16
5941.152770 1.904515e-16
5944.194180 1.631770e-16
5947.235590 1.654655e-16
5950.277001 1.798202e-16
5953.318411 1.950081e-16
5956.359821 1.983684e-16
5959.401231 1.819428e-16
5962.442641 1.774820e-16
5965.484051 1.818132e-16
5968.525462 1.916695e-16
5971.566872 1.965779e-16
5974.608282 2.041299e-16
5977.649692 2.039318e-16
5980.691102 2.163119e-16
5983.732513 2.671250e-16
5986.773923 2.565970e-16
5989.815333 2.061788e-16
5992.856743 1.898940e-16
5995.898153 1.796948e-16
5998.939564 1.756251e-16
6001.980974 1.698163e-16
6005.022384 1.767712e-16
6008.063794 1.744360e-16
6011.105204 1.818191e-16
6014.146614 1.794369e-16
6017.188025 1.740065e-16
6020.229435 1.823928e-16
6023.270845 1.890612e-16
6026.312255 1.930618e-16
6029.353665 1.966234e-16
6032.395076 2.006166e-16
6035.436486 2.022089e-16
6038.477896 1.908677e-16
6041.519306 1.930444e-16
6044.560716 1.987397e-16
6047.602126 1.922927e-16
6050.643537 1.856934e-16
6053.684947 1.802383e-16
6056.726357 1.741635e-16
6059.767767 1.912250e-16
6062.809177 2.017208e-16
6065.850588 2.153431e-16
6068.891998 2.061912e-16
6071.933408 1.883807e-16
6074.974818 2.001768e-16
6078.016228 2.017334e-16
6081.057639 1.849121e-16
6084.099049 1.917911e-16
6087.140459 2.164515e-16
6090.181869 2.133896e-16
6093.223279 2.149524e-16
6096.264689 1.931160e-16
6099.306100 1.924422e-16
6102.347510 1.993268e-16
6105.388920 2.071314e-16
6108.430330 1.904411e-16
6111.471740 2.107680e-16
6114.513151 2.091311e-16
6117.554561 2.125757e-16
6120.595971 1.840581e-16
6123.637381 1.980751e-16
6126.678791 2.061009e-16
6129.720201 1.959096e-16
6132.761612 2.177179e-16
6135.803022 1.951617e-16
6138.844432 1.887589e-16
6141.885842 1.826680e-16
6144.927252 1.837841e-16
6147.968663 1.897446e-16
6151.010073 1.955813e-16
6154.051483 1.913926e-16
6157.092893 1.870849e-16
6160.134303 1.971212e-16
6163.175713 1.839419e-16
6166.217124 1.649020e-16
6169.258534 1.688101e-16
6172.299944 1.835301e-16
6175.341354 2.033450e-16
6178.382764 1.898724e-16
6181.424175 1.886031e-16
6184.465585 1.977165e-16
6187.506995 1.912736e-16
6190.548405 1.989814e-16
6193.589815 1.985650e-16
6196.631226 1.716901e-16
6199.672636 1.998808e-16
6202.714046 2.115284e-16
6205.755456 1.858738e-16
6208.796866 1.868792e-16
6211.838276 1.822376e-16
6214.879687 2.067608e-16
6217.921097 2.080197e-16
6220.962507 1.854586e-16
6224.003917 1.935907e-16
6227.045327 1.865592e-16
6230.086738 1.851672e-16
6233.128148 1.787758e-16
6236.169558 1.964833e-16
6239.210968 1.850591e-16
6242.252378 1.920901e-16
6245.293788 2.044567e-16
6248.335199 1.970627e-16
6251.376609 1.774693e-16
6254.418019 1.878159e-16
6257.459429 1.927791e-16
6260.500839 1.931141e-16
6263.542250 1.774202e-16
6266.583660 1.525780e-16
6269.625070 1.577617e-16
6272.666480 1.773183e-16
6275.707890 1.714432e-16
6278.749301 1.800369e-16
6281.790711 1.675073e-16
6284.832121 1.668004e-16
6287.873531 1.781683e-16
6290.914941 1.756694e-16
6293.956351 1.852630e-16
6296.997762 1.395759e-16
6300.039172 1.913573e-16
6303.080582 1.961885e-16
6306.121992 1.950766e-16
6309.163402 2.010836e-16
6312.204813 2.110870e-16
6315.246223 1.644754e-16
6318.287633 1.705304e-16
6321.329043 1.811794e-16
6324.370453 1.689404e-16
6327.411863 1.807927e-16
6330.453274 1.840108e-16
6333.494684 2.077709e-16
6336.536094 2.006802e-16
6339.577504 2.109322e-16
6342.618914 2.025825e-16
6345.660325 1.680577e-16
6348.701735 1.562801e-16
6351.743145 1.798797e-16
6354.784555 2.070688e-16
6357.825965 1.932390e-16
6360.867375 2.169224e-16
6363.908786 2.088749e-16
6366.950196 2.105112e-16
6369.991606 2.094509e-16
6373.033016 2.039739e-16
6376.074426 2.131965e-16
6379.115837 2.407208e-16
6382.157247 2.414724e-16
6385.198657 2.352104e-16
6388.240067 2.488178e-16
6391.281477 2.557556e-16
6394.322888 2.351549e-16
6397.364298 2.258451e-16
6400.405708 2.507122e-16
6403.447118 2.376865e-16
6406.488528 2.366620e-16
6409.529938 2.556456e-16
6412.571349 2.629642e-16
6415.612759 2.610641e-16
6418.654169 2.634820e-16
6421.695579 2.573308e-16
6424.736989 2.650931e-16
6427.778400 2.796570e-16
6430.819810 2.739333e-16
6433.861220 2.728768e-16
6436.902630 2.713295e-16
6439.944040 2.849761e-16
6442.985450 2.776852e-16
6446.026861 2.740863e-16
6449.068271 2.804358e-16
6452.109681 2.721780e-16
6455.151091 2.899318e-16
6458.192501 2.934376e-16
6461.233912 2.626840e-16
6464.275322 3.133635e-16
6467.316732 3.254721e-16
6470.358142 3.052809e-16
6473.399552 2.919068e-16
6476.440963 3.101012e-16
6479.482373 2.993023e-16
6482.523783 3.150131e-16
6485.565193 3.406849e-16
6488.606603 3.407387e-16
6491.648013 3.331854e-16
6494.689424 3.225245e-16
6497.730834 3.242616e-16
6500.772244 3.080481e-16
6503.813654 3.177254e-16
6506.855064 3.291162e-16
6509.896475 3.314644e-16
6512.937885 2.981554e-16
6515.979295 3.042857e-16
6519.020705 3.168753e-16
6522.062115 3.289307e-16
6525.103525 3.292648e-16
6528.144936 3.308516e-16
6531.186346 3.211960e-16
6534.227756 3.151049e-16
6537.269166 3.391191e-16
6540.310576 3.120067e-16
6543.351987 3.079914e-16
6546.393397 3.234808e-16
6549.434807 3.136152e-16
6552.476217 3.382746e-16
6555.517627 3.477204e-16
6558.559037 3.110171e-16
6561.600448 3.204781e-16
6564.641858 3.418950e-16
6567.683268 3.313718e-16
6570.724678 3.065033e-16
6573.766088 3.140596e-16
6576.807499 3.402804e-16
6579.848909 3.141894e-16
6582.890319 3.093219e-16
6585.931729 3.115848e-16
6588.973139 3.164262e-16
6592.014550 3.127890e-16
6595.055960 3.032865e-16
6598.097370 2.797759e-16
6601.138780 2.853843e-16
6604.180190 2.854132e-16
6607.221600 2.883763e-16
6610.263011 2.988050e-16
6613.304421 2.890019e-16
6616.345831 3.005275e-16
6619.387241 2.976626e-16
6622.428651 3.096991e-16
6625.470062 3.086084e-16
6628.511472 2.961130e-16
6631.552882 2.954816e-16
6634.594292 2.926134e-16
6637.635702 3.060073e-16
6640.677112 2.925409e-16
6643.718523 3.107894e-16
6646.759933 3.346094e-16
6649.801343 3.152575e-16
6652.842753 3.153851e-16
6655.884163 3.010204e-16
6658.925574 3.472013e-16
6661.966984 3.580398e-16
6665.008394 3.475697e-16
6668.049804 3.906506e-16
6698.463906 3.630269e-16
6701.505316 3.951845e-16
6704.546726 4.112751e-16
6707.588137 3.527066e-16
6710.629547 3.013489e-16
6713.670957 2.946308e-16
6716.712367 2.601933e-16
6719.753777 2.491963e-16
6722.795187 2.441007e-16
6725.836598 2.408475e-16
6728.878008 2.541894e-16
6731.919418 2.713142e-16
6734.960828 2.717425e-16
6738.002238 2.373940e-16
6741.043649 2.505649e-16
6744.085059 2.520980e-16
6747.126469 2.340847e-16
6750.167879 2.425184e-16
6753.209289 2.586532e-16
6756.250699 2.621446e-16
6759.292110 2.438154e-16
6762.333520 2.311375e-16
6765.374930 2.395103e-16
6768.416340 2.456522e-16
6771.457750 2.525179e-16
6774.499161 2.438885e-16
6777.540571 2.343948e-16
6780.581981 2.337092e-16
6783.623391 2.413315e-16
6786.664801 2.402054e-16
6789.706212 2.465606e-16
6792.747622 2.448762e-16
6795.789032 2.415731e-16
6798.830442 2.719196e-16
6801.871852 2.732746e-16
6804.913262 2.376146e-16
6807.954673 2.578227e-16
6810.996083 2.388274e-16
6814.037493 2.138208e-16
6817.078903 2.440050e-16
6820.120313 2.410080e-16
6823.161724 2.269094e-16
6826.203134 2.186879e-16
6829.244544 2.167974e-16
6832.285954 1.921998e-16
6835.327364 2.121857e-16
6838.368774 2.269407e-16
6841.410185 2.151635e-16
6844.451595 1.883259e-16
6847.493005 1.938826e-16
6850.534415 2.036449e-16
6853.575825 2.030976e-16
6856.617236 1.819141e-16
6859.658646 1.963908e-16
6862.700056 1.973073e-16
6865.741466 1.928472e-16
6868.782876 1.987647e-16
6871.824287 1.681629e-16
6874.865697 1.677620e-16
6877.907107 1.645252e-16
6880.948517 1.602077e-16
6883.989927 1.757650e-16
6887.031337 1.685592e-16
6890.072748 1.561412e-16
6893.114158 1.780909e-16
6896.155568 2.125376e-16
6899.196978 1.734225e-16
6902.238388 1.542166e-16
6905.279799 1.636838e-16
6908.321209 1.622138e-16
6911.362619 1.562612e-16
6914.404029 1.646365e-16
6917.445439 1.584691e-16
6920.486849 1.698952e-16
6923.528260 1.712212e-16
6926.569670 1.624598e-16
6929.611080 1.840396e-16
6932.652490 1.761005e-16
6935.693900 1.471391e-16
6938.735311 1.622341e-16
6941.776721 1.482761e-16
6944.818131 1.368255e-16
6947.859541 1.887528e-16
6950.900951 1.794883e-16
6953.942361 1.581170e-16
6956.983772 1.703318e-16
6960.025182 1.681472e-16
6963.066592 1.709268e-16
6966.108002 1.582967e-16
6969.149412 1.603680e-16
6972.190823 1.502391e-16
6975.232233 1.611808e-16
6978.273643 1.865537e-16
6981.315053 1.720294e-16
6984.356463 1.709816e-16
6987.397874 1.713366e-16
6990.439284 1.690628e-16
6993.480694 1.552479e-16
6996.522104 1.673426e-16
6999.563514 1.560200e-16
7002.604924 1.576561e-16
7005.646335 1.733610e-16
7008.687745 1.640733e-16
7011.729155 1.524547e-16
7014.770565 1.482531e-16
7017.811975 1.706889e-16
7020.853386 1.510481e-16
7023.894796 1.600204e-16
7026.936206 1.457697e-16
7029.977616 1.605116e-16
7033.019026 1.305028e-16
7036.060436 1.514190e-16
7039.101847 1.522045e-16
7042.143257 1.544461e-16
7045.184667 1.508389e-16
7048.226077 1.337103e-16
7051.267487 1.493796e-16
7054.308898 1.623579e-16
7057.350308 1.517144e-16
7060.391718 1.401667e-16
7063.433128 1.448079e-16
7066.474538 1.502077e-16
7069.515949 1.671254e-16
7072.557359 1.314290e-16
7075.598769 1.306089e-16
7078.640179 1.534418e-16
7081.681589 1.498604e-16
7084.722999 1.637073e-16
7087.764410 1.641103e-16
7090.805820 1.644794e-16
7093.847230 1.334076e-16
7096.888640 1.523081e-16
7099.930050 1.459383e-16
7102.971461 1.502963e-16
7106.012871 1.672250e-16
7109.054281 1.492087e-16
7112.095691 1.514246e-16
7115.137101 1.334039e-16
7118.178511 1.448692e-16
7121.219922 1.499400e-16
7124.261332 1.555954e-16
7127.302742 1.673915e-16
7130.344152 1.577588e-16
7133.385562 1.622523e-16
7136.426973 1.523267e-16
7139.468383 1.597149e-16
7142.509793 1.723645e-16
7145.551203 1.472073e-16
7148.592613 1.540466e-16
7151.634024 1.302625e-16
7154.675434 1.492593e-16
7157.716844 1.752538e-16
7160.758254 1.689833e-16
7163.799664 1.752668e-16
7166.841074 1.559354e-16
7169.882485 1.815130e-16
7172.923895 1.647580e-16
7175.965305 1.572723e-16
7179.006715 1.636187e-16
7182.048125 1.573658e-16
7185.089536 1.430986e-16
7188.130946 1.569350e-16
7191.172356 1.940498e-16
7194.213766 2.440343e-16
7197.255176 2.346574e-16
7200.296586 2.100758e-16
7203.337997 1.842836e-16
7206.379407 1.653597e-16
7209.420817 1.743978e-16
7212.462227 1.966545e-16
7215.503637 1.952682e-16
7218.545048 1.845088e-16
7221.586458 1.699478e-16
7224.627868 1.477587e-16
7227.669278 1.695197e-16
7230.710688 1.893708e-16
7233.752098 1.933452e-16
7236.793509 1.634436e-16
7239.834919 1.462854e-16
7242.876329 1.834124e-16
7245.917739 1.957658e-16
7248.959149 1.803558e-16
7252.000560 1.881574e-16
7255.041970 1.661553e-16
7258.083380 1.829618e-16
7261.124790 1.778737e-16
7264.166200 1.732113e-16
7267.207611 1.943652e-16
7270.249021 1.851232e-16
7273.290431 8.364579e-17
7276.331841 1.466196e-16
7279.373251 1.799108e-16
7282.414661 1.760004e-16
7285.456072 1.847715e-16
7288.497482 1.996470e-16
7291.538892 1.731702e-16
7294.580302 1.662519e-16
7297.621712 1.548858e-16
7300.663123 1.817612e-16
7303.704533 1.830806e-16
7306.745943 1.744042e-16
7309.787353 1.789919e-16
7312.828763 1.668251e-16
7315.870173 1.645414e-16
7318.911584 1.837448e-16
7321.952994 1.902781e-16
7324.994404 1.821709e-16
7328.035814 1.584964e-16
7331.077224 1.818694e-16
7334.118635 1.771080e-16
7337.160045 1.589055e-16
7340.201455 1.541553e-16
7343.242865 1.610135e-16
7346.284275 1.500511e-16
7349.325686 1.427204e-16
7352.367096 1.530181e-16
7355.408506 1.737939e-16
7358.449916 1.694888e-16
7361.491326 1.665883e-16
7364.532736 1.313568e-16
7367.574147 1.021679e-16
7370.615557 1.570518e-16
7373.656967 1.759905e-16
7376.698377 1.630127e-16
7379.739787 1.544396e-16
7382.781198 1.609023e-16
7385.822608 1.738532e-16
7388.864018 1.515052e-16
7391.905428 1.539424e-16
7394.946838 1.577848e-16
7397.988248 1.202399e-16
7401.029659 1.268762e-16
7404.071069 1.632627e-16
7407.112479 1.614770e-16
7410.153889 1.649770e-16
7413.195299 1.686088e-16
7416.236710 1.687366e-16
7419.278120 1.543218e-16
7422.319530 1.410391e-16
7425.360940 1.516854e-16
7428.402350 1.567053e-16
7431.443760 1.628186e-16
7434.485171 1.413330e-16
7437.526581 1.271147e-16
7440.567991 1.657642e-16
7443.609401 1.789105e-16
7446.650811 1.688827e-16
7449.692222 1.423222e-16
7452.733632 1.469590e-16
7455.775042 1.595918e-16
7458.816452 1.684658e-16
7461.857862 1.359553e-16
7464.899273 1.424205e-16
7467.940683 1.563241e-16
7470.982093 1.496998e-16
7474.023503 1.596110e-16
7477.064913 1.196939e-16
7480.106323 1.234669e-16
7483.147734 1.686305e-16
7486.189144 1.224080e-16
7489.230554 1.172203e-16
7492.271964 1.293230e-16
7495.313374 1.453811e-16
7498.354785 1.375869e-16
7501.396195 1.301705e-16
7504.437605 1.275214e-16
7507.479015 1.541725e-16
7510.520425 1.659841e-16
7513.561835 1.137176e-16
7516.603246 1.191249e-16
7519.644656 1.243416e-16
7522.686066 1.461341e-16
7525.727476 1.640841e-16
7528.768886 1.378234e-16
7531.810297 1.529500e-16
7534.851707 1.335324e-16
7537.893117 1.265784e-16
7540.934527 1.319169e-16
7543.975937 1.208433e-16
7547.017348 1.315758e-16
7550.058758 1.383660e-16
7553.100168 1.367868e-16
7556.141578 1.277911e-16
7559.182988 1.222364e-16
7562.224398 1.067765e-16
7565.265809 1.294049e-16
7568.307219 1.223285e-16
7571.348629 1.244155e-16
7574.390039 1.295848e-16
7577.431449 1.252589e-16
7580.472860 1.001951e-16
7583.514270 1.058572e-16
7586.555680 1.237736e-16
7589.597090 1.347894e-16
7592.638500 1.591967e-16
7595.679910 1.805661e-16
7598.721321 1.736783e-16
7601.762731 2.618310e-16
7604.804141 1.004348e-16
7607.845551 2.125298e-16
7610.886961 2.315607e-16
7613.928372 1.460198e-16
7616.969782 1.224808e-16
7620.011192 1.554505e-16
7623.052602 1.702412e-16
7626.094012 1.542552e-16
7629.135422 1.981336e-16
7632.176833 1.749545e-16
7635.218243 1.400748e-16
7638.259653 1.591060e-16
7641.301063 1.680410e-16
7644.342473 1.116926e-16
7647.383884 1.357076e-16
7650.425294 1.178467e-16
7653.466704 1.222777e-16
7656.508114 1.239948e-16
7659.549524 1.283534e-16
7662.590935 1.310532e-16
7665.632345 9.065715e-17
7668.673755 1.474193e-16
7671.715165 1.205409e-16
7674.756575 1.104736e-16
7677.797985 1.314771e-16
7680.839396 1.373590e-16
7683.880806 1.493921e-16
7686.922216 1.437683e-16
7689.963626 1.314043e-16
7693.005036 1.092843e-16
7696.046447 1.139854e-16
7699.087857 1.198089e-16
7702.129267 1.007662e-16
7705.170677 1.232317e-16
7708.212087 1.354148e-16
7711.253497 8.301489e-17
7714.294908 1.512234e-16
7717.336318 1.489787e-16
7720.377728 1.169364e-16
7723.419138 1.191199e-16
7726.460548 1.032495e-16
7729.501959 1.005983e-16
7732.543369 1.407423e-16
7735.584779 1.161455e-16
7738.626189 1.089933e-16
7741.667599 1.241998e-16
7744.709010 1.041894e-16
7747.750420 1.135132e-16
7750.791830 1.400833e-16
7753.833240 1.101627e-16
7756.874650 6.485372e-17
7759.916060 1.026333e-16
7762.957471 1.018596e-16
7765.998881 8.447144e-17
7769.040291 1.228601e-16
7772.081701 9.882813e-17
7775.123111 1.017287e-16
7778.164522 8.160443e-17
7781.205932 1.008416e-16
7784.247342 1.410796e-16
7787.288752 9.745105e-17
7790.330162 7.451994e-17
7793.371572 1.010494e-16
7796.412983 1.363974e-16
7799.454393 1.202234e-16
7802.495803 9.882762e-17
7805.537213 9.683402e-17
7808.578623 1.097108e-16
7811.620034 1.148310e-16
7814.661444 1.041423e-16
7817.702854 7.152206e-17
7820.744264 1.041862e-16
7823.785674 7.360241e-17
7826.827084 9.077811e-17
7829.868495 1.082248e-16
7832.909905 1.036564e-16
7835.951315 1.011023e-16
7838.992725 9.424931e-17
7842.034135 1.156600e-16
7845.075546 9.065263e-17
7848.116956 6.593628e-17
7851.158366 7.053047e-17
7854.199776 9.873441e-17
7857.241186 9.676844e-17
7860.282597 9.464557e-17
7863.324007 1.227821e-16
7866.365417 1.052624e-16
7869.406827 9.288292e-17
7872.448237 1.421613e-16
7875.489647 1.110776e-16
7878.531058 1.028282e-16
7881.572468 6.777486e-17
7884.613878 1.037533e-16
7887.655288 1.421462e-16
7890.696698 1.219024e-16
7893.738109 1.121839e-16
7896.779519 1.205390e-16
7899.820929 1.027902e-16
7902.862339 9.966097e-17
7905.903749 1.105985e-16
7908.945159 6.632375e-17
7911.986570 9.073384e-17
7915.027980 1.138160e-16
7918.069390 1.136147e-16
7921.110800 1.168472e-16
7924.152210 1.264045e-16
7927.193621 1.121997e-16
7930.235031 9.980855e-17
7933.276441 1.373912e-16
7936.317851 8.939130e-17
7939.359261 1.098470e-16
7942.400672 1.081751e-16
7945.442082 8.601006e-17
7948.483492 1.005108e-16
7951.524902 1.140109e-16
7954.566312 1.261378e-16
7957.607722 1.056225e-16
7960.649133 1.051073e-16
7963.690543 1.017804e-16
7966.731953 7.706761e-17
7969.773363 1.181762e-16
7972.814773 8.443325e-17
7975.856184 1.081771e-16
7978.897594 1.266495e-16
7981.939004 1.290876e-16
7984.980414 1.089136e-16
7988.021824 2.932365e-17
7991.063234 2.772018e-17
7994.104645 1.711167e-16
7997.146055 1.362463e-16
8000.187465 8.972687e-17
8003.228875 8.941524e-17
8006.270285 9.714083e-17
8009.311696 9.287648e-17
8012.353106 1.114629e-16
8015.394516 1.271551e-16
8018.435926 1.232017e-16
8021.477336 8.767977e-17
8024.518747 1.296541e-16
8027.560157 1.589023e-16
8030.601567 1.017068e-16
8033.642977 1.148204e-16
8036.684387 1.276909e-16
8039.725797 1.109052e-16
8042.767208 9.616134e-17
8045.808618 7.488407e-17
8048.850028 8.753604e-17
8051.891438 1.101705e-16
8054.932848 9.363946e-17
8057.974259 1.042890e-16
8061.015669 1.207626e-16
8064.057079 1.149019e-16
8067.098489 8.779489e-17
8070.139899 1.035597e-16
8073.181309 9.655907e-17
8076.222720 8.838737e-17
8079.264130 1.023271e-16
8082.305540 8.501210e-17
8085.346950 1.028714e-16
8088.388360 1.101753e-16
8091.429771 9.365256e-17
8094.471181 9.342423e-17
8097.512591 1.027763e-16
8100.554001 7.694193e-17
8103.595411 8.175876e-17
8106.636821 8.536727e-17
8109.678232 8.672504e-17
8112.719642 6.959055e-17
8115.761052 7.697859e-17
8118.802462 1.101778e-16
8121.843872 9.315835e-17
8124.885283 7.440191e-17
8127.926693 7.215096e-17
8130.968103 1.024131e-16
8134.009513 8.590150e-17
8137.050923 8.978707e-17
8140.092334 9.547980e-17
8143.133744 6.200335e-17
8146.175154 1.005739e-16
8149.216564 1.319453e-16
8152.257974 9.999418e-17
8155.299384 8.610143e-17
8158.340795 8.353075e-17
8161.382205 8.095314e-17
8164.423615 1.117187e-16
8167.465025 1.096614e-16
8170.506435 8.632500e-17
8173.547846 8.537518e-17
8176.589256 8.534601e-17
8179.630666 1.064768e-16
8182.672076 9.765997e-17
8185.713486 8.915516e-17
8188.754896 8.324726e-17
8191.796307 8.719220e-17
8194.837717 7.485932e-17
8197.879127 7.344782e-17
8200.920537 7.800073e-17
8203.961947 9.967286e-17
8207.003358 8.843772e-17
8210.044768 1.055321e-16
8213.086178 1.048983e-16
8216.127588 8.799510e-17
8219.168998 9.401345e-17
8222.210409 1.027529e-16
8225.251819 1.027167e-16
8228.293229 1.027726e-16
8231.334639 9.813048e-17
8234.376049 1.245655e-16
8237.417459 7.668431e-17
8240.458870 8.122806e-17
8243.500280 1.249363e-16
8246.541690 1.191474e-16
8249.583100 1.107098e-16
8252.624510 1.041809e-16
8255.665921 1.113882e-16
8258.707331 1.039296e-16
8261.748741 1.006029e-16
8264.790151 9.301486e-17
8267.831561 1.265550e-16
8270.872971 9.390172e-17
8273.914382 1.193818e-16
8276.955792 8.640607e-17
8279.997202 1.408773e-16
8283.038612 8.539790e-17
8286.080022 7.071053e-17
8289.121433 1.236528e-16
8292.162843 1.242455e-16
8295.204253 7.531424e-17
8298.245663 9.371555e-17
8301.287073 1.378194e-16
8304.328483 1.393659e-16
8307.369894 1.442061e-16
8310.411304 1.509833e-16
8313.452714 1.170742e-16
8316.494124 1.338084e-16
8319.535534 1.315533e-16
8322.576945 1.244737e-16
8325.618355 1.114387e-16
8328.659765 1.358056e-16
8331.701175 1.141566e-16
8334.742585 1.432979e-16
8337.783996 9.062697e-17
8340.825406 6.333171e-17
8343.866816 1.294720e-16
8346.908226 6.228710e-17
8349.949636 1.106231e-16
8352.991046 1.505512e-16
8356.032457 1.366501e-16
8359.073867 1.114844e-16
8362.115277 1.086383e-16
8365.156687 1.590369e-16
8368.198097 1.417563e-16
8371.239508 1.368212e-16
8374.280918 1.610673e-16
8377.322328 1.445686e-16
8380.363738 1.141648e-16
8383.405148 1.599857e-16
8386.446558 1.967315e-16
8389.487969 1.835770e-16
8392.529379 1.652433e-16
8395.570789 1.582541e-16
8398.612199 1.707779e-16
8401.653609 1.677748e-16
8404.695020 1.968841e-16
8407.736430 2.226326e-16
8410.777840 1.806687e-16
8413.819250 1.470944e-16
8416.860660 1.604092e-16
8419.902071 2.034826e-16
8422.943481 1.595793e-16
8425.984891 5.673464e-17
8429.026301 1.370564e-16
8432.067711 2.309426e-16
8435.109121 2.899476e-16
8438.150532 2.517292e-16
8441.191942 2.491566e-16
8444.233352 2.200157e-16
8447.274762 2.261697e-16
8450.316172 2.394749e-16
8453.357583 1.970561e-16
8456.398993 2.496737e-16
8459.440403 2.781604e-16
8462.481813 3.108653e-16
8465.523223 2.852063e-16
8468.564633 2.980182e-16
8471.606044 2.704671e-16
8474.647454 2.548692e-16
8477.688864 2.921646e-16
8480.730274 2.913788e-16
8483.771684 2.733551e-16
8486.813095 2.610299e-16
8489.854505 2.644212e-16
8492.895915 2.636155e-16
8495.937325 2.532768e-16
8498.978735 2.804613e-16
8502.020145 2.753006e-16
8505.061556 2.245213e-16
8508.102966 2.561361e-16
8511.144376 3.081719e-16
8514.185786 3.364736e-16
8517.227196 3.103798e-16
8520.268607 2.838225e-16
8523.310017 2.808197e-16
8526.351427 2.916544e-16
8529.392837 2.776440e-16
8532.434247 2.721962e-16
8535.475658 2.405359e-16
8538.517068 2.413981e-16
8541.558478 2.809407e-16
8544.599888 2.697983e-16
8547.641298 2.516872e-16
8550.682708 2.437320e-16
8553.724119 2.664585e-16
8556.765529 2.214926e-16
8559.806939 2.213494e-16
8562.848349 2.354044e-16
8565.889759 2.191537e-16
8568.931170 2.147296e-16
8571.972580 2.124192e-16
8575.013990 2.102300e-16
8578.055400 2.357229e-16
8581.096810 2.572865e-16
8584.138220 2.405010e-16
8587.179631 2.202764e-16
8590.221041 2.344252e-16
8593.262451 2.495064e-16
8596.303861 2.812511e-16
8599.345271 2.420054e-16
8602.386682 2.603831e-16
8605.428092 2.713748e-16
8608.469502 2.444273e-16
8611.510912 2.372143e-16
8614.552322 1.991703e-16
8617.593733 2.514877e-16
8620.635143 2.421267e-16
8623.676553 2.147313e-16
8626.717963 2.890529e-16
8629.759373 2.687340e-16
8632.800783 2.328404e-16
8635.842194 2.408367e-16
8638.883604 2.584023e-16
8641.925014 2.449646e-16
8644.966424 2.946199e-16
8648.007834 2.674349e-16
8651.049245 2.240786e-16
8654.090655 2.675986e-16
8657.132065 1.357925e-16
8660.173475 1.227113e-16
8663.214885 2.004338e-16
8666.256295 2.129805e-16
8669.297706 1.803905e-16
8672.339116 2.277220e-16
8675.380526 2.022630e-16
8678.421936 1.799497e-16
8681.463346 1.824156e-16
8684.504757 1.847247e-16
8687.546167 1.881388e-16
8690.587577 1.747142e-16
8693.628987 1.886687e-16
8696.670397 1.808716e-16
8699.711807 1.766112e-16
8702.753218 1.783034e-16
8705.794628 2.006484e-16
8708.836038 2.284905e-16
8711.877448 1.865139e-16
8714.918858 1.953716e-16
8717.960269 1.856061e-16
8721.001679 1.670986e-16
8724.043089 1.599995e-16
8727.084499 2.031324e-16
8730.125909 2.292091e-16
8733.167320 2.130404e-16
8736.208730 1.827372e-16
8739.250140 1.271390e-16
8742.291550 1.659311e-16
8745.332960 1.560684e-16
8748.374370 1.565018e-16
8751.415781 1.262866e-16
8754.457191 8.314979e-17
8757.498601 6.771924e-17
8760.540011 8.940671e-17
8763.581421 7.245350e-17
8766.622832 1.099529e-16
8769.664242 1.189776e-16
8772.705652 1.590877e-16
8775.747062 1.444604e-16
8778.788472 8.511382e-17
8781.829882 9.584552e-17
8784.871293 1.549615e-16
8787.912703 1.863647e-16
8790.954113 1.225953e-16
8793.995523 1.049691e-16
8797.036933 1.405288e-16
8800.078344 1.545066e-16
8803.119754 1.641613e-16
8806.161164 1.689832e-16
8809.202574 1.572888e-16
8812.243984 1.397153e-16
8815.285395 1.756260e-16
8818.326805 1.155644e-16
8821.368215 1.147781e-17
8827.451035 1.087540e-16
8830.492445 1.467410e-16
8833.533856 8.045937e-17
8836.575266 1.323814e-16
8839.616676 1.255779e-16
8842.658086 6.450043e-17
8845.699496 1.596353e-16
8848.740907 1.560099e-16
8851.782317 1.765613e-16
8854.823727 9.697613e-17
8857.865137 1.189102e-16
8860.906547 1.870941e-16
8863.947957 8.977815e-17
8866.989368 9.403484e-17
8870.030778 1.183818e-16
8873.072188 1.292613e-16
8876.113598 1.384637e-16
8879.155008 7.125837e-17
8882.196419 8.483427e-17
8885.237829 1.120273e-16
8888.279239 9.716047e-17
8891.320649 1.279744e-16
8894.362059 1.905911e-16
8897.403470 1.292833e-16
8900.444880 1.045410e-16
8903.486290 1.139190e-16
8906.527700 1.546057e-16
8909.569110 1.920177e-16
8912.610520 1.366831e-16
8915.651931 7.267475e-17
8921.734751 6.200585e-17
8924.776161 1.433229e-16
8927.817571 1.096707e-16
8930.858982 9.483784e-17
8933.900392 9.176115e-17
8936.941802 5.294131e-17
8939.983212 1.353912e-16
8943.024622 1.289514e-16
8946.066032 7.576840e-17
8949.107443 4.908630e-17
8952.148853 2.389798e-17
8955.190263 1.369710e-16
8958.231673 5.880518e-17
8961.273083 1.657364e-16
8964.314494 1.268295e-16
8967.355904 8.044841e-17
8970.397314 1.166321e-16
8973.438724 1.119568e-16
8976.480134 6.010374e-17
8979.521544 1.379135e-16
8982.562955 7.192996e-17
8985.604365 6.910950e-17
8988.645775 4.430563e-17
8991.687185 1.115723e-16
8994.728595 6.832361e-17
8997.770006 4.786708e-17
