4997.700195 1.270445e-15
5001.907632 1.073811e-15
5006.115068 1.056989e-15
5010.322505 1.505396e-15
5014.529941 1.514154e-15
5018.737377 1.192758e-15
5022.944814 1.569269e-15
5027.152250 1.137059e-15
5031.359687 1.256153e-15
5035.567123 1.161913e-15
5039.774559 1.186810e-15
5043.981996 1.521013e-15
5048.189432 1.330987e-15
5052.396869 1.521432e-15
5056.604305 1.451069e-15
5060.811741 1.429919e-15
5086.056360 1.400751e-15
5090.263796 1.714890e-15
5094.471232 1.724534e-15
5098.678669 9.453963e-16
5102.886105 1.278759e-15
5107.093542 1.553546e-15
5111.300978 1.379571e-15
5115.508414 1.396900e-15
5119.715851 1.664685e-15
5123.923287 1.601015e-15
5128.130724 1.445522e-15
5132.338160 1.691558e-15
5136.545596 1.318524e-15
5140.753033 1.083786e-15
5144.960469 1.471640e-15
5149.167906 1.393756e-15
5153.375342 1.215125e-15
5157.582778 1.293712e-15
5161.790215 1.326590e-15
5165.997651 1.237749e-15
5170.205088 1.159552e-15
5174.412524 1.231801e-15
5178.619960 1.330581e-15
5182.827397 1.491184e-15
5187.034833 1.472601e-15
5191.242270 1.482886e-15
5195.449706 1.370871e-15
5199.657142 1.158563e-15
5203.864579 1.134342e-15
5208.072015 1.149439e-15
5212.279452 1.493611e-15
5216.486888 1.537390e-15
5220.694324 1.504372e-15
5224.901761 1.661689e-15
5229.109197 1.581630e-15
5233.316634 1.436250e-15
5237.524070 1.499768e-15
5241.731506 1.383892e-15
5245.938943 1.240430e-15
5250.146379 1.431667e-15
5254.353816 1.451245e-15
5258.561252 1.302973e-15
5262.768688 1.392665e-15
5266.976125 1.284319e-15
5271.183561 1.174844e-15
5275.390998 1.361374e-15
5279.598434 1.403491e-15
5283.805870 1.200238e-15
5288.013307 1.263154e-15
5292.220743 1.333244e-15
5296.428180 1.255084e-15
5300.635616 1.351490e-15
5304.843052 1.549661e-15
5309.050489 1.421254e-15
5313.257925 1.383290e-15
5317.465362 1.430380e-15
5321.672798 1.524317e-15
5325.880234 1.409751e-15
5330.087671 1.324066e-15
5334.295107 1.307055e-15
5338.502544 1.501518e-15
5342.709980 1.468172e-15
5346.917416 1.293922e-15
5351.124853 1.418107e-15
5355.332289 1.231460e-15
5359.539726 1.273042e-15
5363.747162 1.430126e-15
5367.954598 1.552996e-15
5372.162035 1.280534e-15
5376.369471 1.231444e-15
5380.576908 1.244125e-15
5384.784344 1.378225e-15
5388.991780 1.247098e-15
5393.199217 1.176620e-15
5397.406653 1.388597e-15
5401.614090 1.383690e-15
5405.821526 1.239980e-15
5410.028962 1.022508e-15
5414.236399 1.009563e-15
5418.443835 1.190868e-15
5422.651272 1.324643e-15
5426.858708 1.162803e-15
5431.066144 9.418854e-16
5435.273581 1.096763e-15
5439.481017 1.256712e-15
5443.688454 1.128064e-15
5447.895890 1.124043e-15
5452.103326 1.208320e-15
5456.310763 1.152420e-15
5460.518199 1.023260e-15
5464.725636 1.005395e-15
5468.933072 1.041965e-15
5473.140508 1.057934e-15
5477.347945 1.025523e-15
5481.555381 1.081407e-15
5485.762818 1.076515e-15
5489.970254 1.005264e-15
5494.177690 1.014504e-15
5498.385127 1.015636e-15
5502.592563 9.786265e-16
5506.800000 1.077889e-15
5511.007436 1.119449e-15
5515.214872 9.609596e-16
5519.422309 9.651349e-16
5523.629745 1.106369e-15
5527.837182 1.125684e-15
5532.044618 1.125300e-15
5536.252054 1.127343e-15
5540.459491 1.130155e-15
5544.666927 1.175323e-15
5548.874364 1.045448e-15
5553.081800 1.129088e-15
5557.289236 1.187834e-15
5561.496673 1.141832e-15
5565.704109 1.158385e-15
5569.911546 9.838948e-16
5574.118982 9.218351e-16
5578.326418 1.100469e-15
5582.533855 1.131680e-15
5586.741291 1.094830e-15
5590.948728 1.150928e-15
5595.156164 1.213154e-15
5599.363600 1.002618e-15
5603.571037 9.090396e-16
5607.778473 1.125158e-15
5611.985910 1.155230e-15
5616.193346 9.998847e-16
5620.400782 1.063411e-15
5624.608219 1.099482e-15
5628.815655 1.053968e-15
5633.023092 1.033163e-15
5637.230528 1.000834e-15
5641.437964 1.118722e-15
5645.645401 9.794244e-16
5649.852837 9.898950e-16
5654.060274 9.583042e-16
5658.267710 8.784047e-16
5662.475146 9.905030e-16
5666.682583 1.025321e-15
5670.890019 9.287297e-16
5675.097456 1.105711e-15
5679.304892 1.171105e-15
5683.512328 9.109796e-16
5687.719765 1.163860e-15
5691.927201 1.271479e-15
5696.134638 1.132013e-15
5700.342074 9.275451e-16
5704.549510 8.961284e-16
5708.756947 1.113615e-15
5712.964383 8.228497e-16
5717.171820 8.817193e-16
5721.379256 9.301163e-16
5725.586692 8.966759e-16
5729.794129 8.689389e-16
5734.001565 8.812721e-16
5738.209002 9.024589e-16
5742.416438 1.050841e-15
5746.623874 1.079392e-15
5750.831311 9.830776e-16
5755.038747 9.112071e-16
5759.246184 7.260127e-16
5763.453620 8.794057e-16
5767.661056 9.935194e-16
5771.868493 9.933922e-16
5776.075929 9.311807e-16
5780.283366 9.205573e-16
5784.490802 9.519468e-16
5788.698238 9.129028e-16
5792.905675 7.387070e-16
5797.113111 8.875289e-16
5801.320548 1.044159e-15
5805.527984 9.237642e-16
5809.735420 8.664859e-16
5813.942857 9.284348e-16
5818.150293 9.115888e-16
5822.357730 8.779734e-16
5826.565166 8.625873e-16
5830.772602 9.438897e-16
5834.980039 1.033769e-15
5839.187475 9.405944e-16
5843.394912 8.670478e-16
5847.602348 1.081520e-15
5851.809784 1.089639e-15
5856.017221 1.120526e-15
5860.224657 1.093866e-15
5864.432094 9.274424e-16
5868.639530 9.955317e-16
5872.846966 1.149549e-15
5877.054403 1.124147e-15
5881.261839 9.832767e-16
5885.469276 1.082352e-15
5889.676712 1.333955e-15
5893.884148 1.223185e-15
5898.091585 1.126669e-15
5902.299021 1.104508e-15
5906.506458 1.204999e-15
5910.713894 1.255020e-15
5914.921330 1.202744e-15
5919.128767 1.126387e-15
5923.336203 1.106872e-15
5927.543640 1.150029e-15
5931.751076 1.194158e-15
5935.958512 1.243818e-15
5940.165949 1.227215e-15
5944.373385 1.224203e-15
5948.580822 1.126252e-15
5952.788258 1.094615e-15
5956.995694 1.256167e-15
5961.203131 1.252533e-15
5965.410567 1.200882e-15
5969.618004 1.254830e-15
5973.825440 1.230737e-15
5978.032876 1.214438e-15
5982.240313 1.330381e-15
5986.447749 1.178439e-15
5990.655186 1.117309e-15
5994.862622 1.099841e-15
5999.070058 1.015002e-15
6003.277495 1.036674e-15
6007.484931 1.118580e-15
6011.692368 1.096437e-15
6015.899804 1.102228e-15
6020.107240 1.037048e-15
6024.314677 8.563509e-16
6028.522113 1.017484e-15
6032.729550 1.079454e-15
6036.936986 1.004609e-15
6041.144422 9.007890e-16
6045.351859 9.292908e-16
6049.559295 1.108109e-15
6053.766732 1.074393e-15
6057.974168 9.831594e-16
6062.181604 8.939950e-16
6066.389041 8.091909e-16
6070.596477 8.501636e-16
6074.803914 1.005301e-15
6079.011350 1.029944e-15
6083.218786 9.603583e-16
6087.426223 9.281374e-16
6091.633659 1.004731e-15
6095.841096 1.080051e-15
6100.048532 8.173913e-16
6104.255968 8.047465e-16
6108.463405 9.585584e-16
6112.670841 9.428671e-16
6116.878278 9.261325e-16
6121.085714 9.093055e-16
6125.293150 8.826307e-16
6129.500587 1.004483e-15
6133.708023 1.037943e-15
6137.915460 8.680992e-16
6142.122896 9.180901e-16
6146.330332 8.927457e-16
6150.537769 9.398180e-16
6154.745205 9.185524e-16
6158.952641 9.031669e-16
6163.160078 1.087715e-15
6167.367514 9.838517e-16
6171.574951 9.210933e-16
6175.782387 9.555811e-16
6179.989823 9.047363e-16
6184.197260 9.293876e-16
6188.404696 8.943620e-16
6192.612133 8.797455e-16
6196.819569 9.060479e-16
6201.027005 9.008066e-16
6205.234442 9.477560e-16
6209.441878 1.037468e-15
6213.649315 9.692528e-16
6217.856751 9.006736e-16
6222.064187 9.724982e-16
6226.271624 1.026444e-15
6230.479060 9.306966e-16
6234.686497 9.303564e-16
6238.893933 8.805676e-16
6243.101369 7.720728e-16
6247.308806 8.533256e-16
6251.516242 9.245118e-16
6255.723679 9.300983e-16
6259.931115 9.600214e-16
6264.138551 9.383821e-16
6268.345988 9.196679e-16
6272.553424 9.959265e-16
6276.760861 8.327852e-16
6280.968297 8.272631e-16
6285.175733 9.251741e-16
6289.383170 8.923585e-16
6293.590606 9.050911e-16
6297.798043 9.107758e-16
6302.005479 1.025184e-15
6306.212915 1.030385e-15
6310.420352 8.616516e-16
6314.627788 8.720141e-16
6318.835225 9.316530e-16
6323.042661 7.891232e-16
6327.250097 7.623203e-16
6331.457534 8.644769e-16
6335.664970 8.668550e-16
6339.872407 9.316187e-16
6344.079843 9.145927e-16
6348.287279 8.319338e-16
6352.494716 8.479639e-16
6356.702152 9.115226e-16
6360.909589 8.973797e-16
6365.117025 9.018371e-16
6369.324461 9.724857e-16
6373.531898 9.703880e-16
6377.739334 9.241231e-16
6381.946771 9.446176e-16
6386.154207 8.551385e-16
6390.361643 8.466172e-16
6394.569080 9.486053e-16
6398.776516 1.017096e-15
6402.983953 1.041711e-15
6407.191389 9.708063e-16
6411.398825 1.052791e-15
6415.606262 1.053119e-15
6419.813698 9.951420e-16
6424.021135 1.014581e-15
6428.228571 1.014133e-15
6432.436007 1.009573e-15
6436.643444 9.747971e-16
6440.850880 9.299767e-16
6445.058317 9.949198e-16
6449.265753 1.031114e-15
6453.473189 9.341106e-16
6457.680626 9.621005e-16
6461.888062 1.040334e-15
6466.095499 9.789237e-16
6470.302935 1.003517e-15
6474.510371 1.034057e-15
6478.717808 9.985305e-16
6482.925244 9.755543e-16
6487.132681 9.825043e-16
6491.340117 9.283757e-16
6495.547553 9.547214e-16
6499.754990 9.600564e-16
6503.962426 9.087004e-16
6508.169863 9.432224e-16
6512.377299 9.979346e-16
6516.584735 8.634884e-16
6520.792172 8.495578e-16
6524.999608 9.223791e-16
6529.207045 8.504753e-16
6533.414481 9.470525e-16
6537.621917 9.675307e-16
6541.829354 9.246811e-16
6546.036790 9.366919e-16
6550.244227 9.693454e-16
6554.451663 1.044411e-15
6558.659099 1.021554e-15
6562.866536 1.102234e-15
6567.073972 1.153473e-15
6571.281409 1.059902e-15
6575.488845 1.168151e-15
6579.696281 1.205495e-15
6583.903718 1.144162e-15
6588.111154 1.150202e-15
6592.318591 1.127751e-15
6596.526027 1.023557e-15
6600.733463 1.058885e-15
6604.940900 1.247769e-15
6609.148336 1.450996e-15
6613.355773 1.515039e-15
6617.563209 1.593348e-15
6621.770645 1.623018e-15
6625.978082 1.693943e-15
6630.185518 1.663498e-15
6634.392955 1.477964e-15
6638.600391 1.398046e-15
6642.807827 1.409647e-15
6647.015264 1.285093e-15
6651.222700 1.226417e-15
6655.430137 1.286082e-15
6659.637573 1.212972e-15
6663.845009 1.172411e-15
6668.052446 1.145225e-15
6672.259882 1.157689e-15
6676.467319 1.143569e-15
6680.674755 1.119324e-15
6684.882191 1.115514e-15
6689.089628 1.071925e-15
6693.297064 1.070562e-15
6697.504501 1.144862e-15
6701.711937 1.133677e-15
6705.919373 1.028930e-15
6710.126810 1.052345e-15
6714.334246 1.095991e-15
6718.541683 1.043662e-15
6722.749119 1.068176e-15
6726.956555 1.084064e-15
6731.163992 1.073768e-15
6735.371428 1.051885e-15
6739.578865 1.055641e-15
6743.786301 1.070245e-15
6747.993737 1.048286e-15
6752.201174 9.900848e-16
6756.408610 1.045501e-15
6760.616047 1.075604e-15
6764.823483 1.020703e-15
6769.030919 9.731214e-16
6773.238356 9.711986e-16
6777.445792 9.781516e-16
6781.653229 1.026304e-15
6785.860665 1.000718e-15
6790.068101 9.362734e-16
6794.275538 9.531452e-16
6798.482974 9.930701e-16
6802.690411 9.244945e-16
6806.897847 9.474322e-16
6811.105283 9.590223e-16
6815.312720 9.278481e-16
6819.520156 8.919423e-16
6823.727593 8.922344e-16
6827.935029 8.850358e-16
6832.142465 8.239198e-16
6836.349902 7.870375e-16
6840.557338 8.741563e-16
6844.764775 9.381544e-16
6848.972211 8.698165e-16
6853.179647 8.282480e-16
6857.387084 8.078010e-16
6861.594520 8.408191e-16
6865.801957 9.093379e-16
6870.009393 8.615592e-16
6874.216829 8.198894e-16
6878.424266 8.102019e-16
6882.631702 8.689365e-16
6886.839139 9.092206e-16
6891.046575 8.223955e-16
6895.254011 8.322447e-16
6899.461448 8.309832e-16
6903.668884 8.425053e-16
6907.876321 8.626835e-16
6912.083757 8.838466e-16
6916.291193 7.750943e-16
6920.498630 8.138026e-16
6924.706066 8.817414e-16
6928.913503 7.742993e-16
6933.120939 7.923680e-16
6937.328375 8.157591e-16
6941.535812 8.383855e-16
6945.743248 8.311744e-16
6949.950685 8.115290e-16
6954.158121 8.233051e-16
6958.365557 7.620777e-16
6962.572994 8.093992e-16
6966.780430 8.514554e-16
6970.987867 8.374404e-16
6975.195303 8.227970e-16
6979.402739 7.907422e-16
6983.610176 7.705917e-16
6987.817612 8.063515e-16
6992.025049 8.683571e-16
6996.232485 8.337914e-16
7000.439921 8.113498e-16
7004.647358 8.500914e-16
7008.854794 8.590531e-16
7013.062231 8.133069e-16
7017.269667 8.266740e-16
7021.477103 8.395218e-16
7025.684540 8.648694e-16
7029.891976 8.907083e-16
7034.099413 8.521622e-16
7038.306849 8.097789e-16
7042.514285 8.703687e-16
7046.721722 8.982129e-16
7050.929158 8.652190e-16
7055.136595 8.662628e-16
7059.344031 8.827373e-16
7063.551467 9.601815e-16
7067.758904 9.578196e-16
7071.966340 9.117533e-16
7076.173777 8.979918e-16
7080.381213 9.251561e-16
7084.588649 8.856172e-16
7088.796086 9.109489e-16
7093.003522 9.412755e-16
7097.210959 9.386820e-16
7101.418395 1.019668e-15
7105.625831 9.400017e-16
7109.833268 9.051083e-16
7114.040704 9.704192e-16
7118.248141 9.837858e-16
7122.455577 9.408726e-16
7126.663013 9.674685e-16
7130.870450 9.287987e-16
7135.077886 9.160363e-16
7139.285323 9.759469e-16
7143.492759 9.385813e-16
7147.700195 9.383520e-16
7151.907632 9.126530e-16
7156.115068 8.861489e-16
7160.322505 9.407402e-16
7164.529941 9.529799e-16
7168.737377 9.519414e-16
7172.944814 9.439710e-16
7177.152250 8.752453e-16
7181.359687 8.327469e-16
7185.567123 8.629181e-16
7189.774559 8.328822e-16
7193.981996 8.595741e-16
7198.189432 8.837798e-16
7202.396869 8.191271e-16
7206.604305 8.079412e-16
7210.811741 8.470010e-16
7215.019178 8.734589e-16
7219.226614 8.548551e-16
7223.434050 8.002860e-16
7227.641487 7.940003e-16
7231.848923 7.728749e-16
7236.056360 8.091619e-16
7240.263796 8.509359e-16
7244.471232 8.181291e-16
7248.678669 8.248918e-16
7252.886105 8.098832e-16
7257.093542 7.808454e-16
7261.300978 7.449684e-16
7265.508414 7.561127e-16
7269.715851 8.039977e-16
7273.923287 8.533430e-16
7278.130724 8.863212e-16
7282.338160 8.482597e-16
7286.545596 7.878284e-16
7290.753033 8.749135e-16
7294.960469 8.308728e-16
7299.167906 8.136793e-16
7303.375342 8.739560e-16
7307.582778 8.303206e-16
7311.790215 7.737188e-16
7315.997651 8.203039e-16
7320.205088 8.372062e-16
7324.412524 7.988865e-16
7328.619960 7.989988e-16
7332.827397 8.092520e-16
7337.034833 8.387163e-16
7341.242270 8.441578e-16
7345.449706 8.176314e-16
7349.657142 7.960535e-16
7353.864579 7.955332e-16
7358.072015 7.976032e-16
7362.279452 8.227548e-16
7366.486888 8.159245e-16
7370.694324 7.625046e-16
7374.901761 8.444235e-16
7379.109197 8.021781e-16
7383.316634 7.497380e-16
7387.524070 8.345377e-16
7391.731506 7.795188e-16
7395.938943 7.586282e-16
7400.146379 7.311151e-16
7404.353816 7.430894e-16
7408.561252 7.816643e-16
7412.768688 7.225306e-16
7416.976125 7.567298e-16
7421.183561 7.890222e-16
7425.390998 7.526434e-16
7429.598434 7.422814e-16
7433.805870 7.106589e-16
7438.013307 7.219349e-16
7442.220743 7.466197e-16
7446.428180 7.387862e-16
7450.635616 7.872734e-16
7454.843052 7.659911e-16
7459.050489 6.834861e-16
7463.257925 6.942700e-16
7467.465362 7.814386e-16
7471.672798 7.307526e-16
7475.880234 6.903065e-16
7480.087671 7.342576e-16
7484.295107 7.467710e-16
7488.502544 7.272254e-16
7492.709980 7.785754e-16
7496.917416 7.410449e-16
7501.124853 7.241174e-16
7505.332289 7.618500e-16
7509.539726 7.760280e-16
7513.747162 7.551143e-16
7517.954598 7.289685e-16
7522.162035 6.884712e-16
7526.369471 6.817901e-16
7530.576908 7.494033e-16
7534.784344 7.597263e-16
7538.991780 7.678033e-16
7543.199217 7.708178e-16
7547.406653 7.769549e-16
7551.614090 7.646173e-16
7555.821526 7.113835e-16
7560.028962 7.229308e-16
7564.236399 7.420116e-16
7568.443835 7.308350e-16
7572.651272 7.042791e-16
7576.858708 6.724424e-16
7581.066144 6.352200e-16
7585.273581 6.119718e-16
7589.481017 6.183830e-16
7593.688454 6.268816e-16
7597.895890 7.066692e-16
7602.103326 6.290598e-16
7606.310763 5.528948e-16
7610.518199 6.449192e-16
7614.725636 6.950112e-16
7618.933072 7.549541e-16
7623.140508 7.354718e-16
7627.347945 6.828716e-16
7631.555381 6.702279e-16
7635.762818 7.264649e-16
7639.970254 6.854157e-16
7644.177690 6.984264e-16
7648.385127 7.548417e-16
7652.592563 7.537265e-16
7656.800000 7.121998e-16
7661.007436 7.131331e-16
7665.214872 6.463840e-16
7669.422309 6.202069e-16
7673.629745 7.040330e-16
7677.837182 7.532713e-16
7682.044618 7.450684e-16
7686.252054 7.027960e-16
7690.459491 6.826802e-16
7694.666927 6.652083e-16
7698.874364 6.758238e-16
7703.081800 6.719433e-16
7707.289236 6.812047e-16
7711.496673 6.861375e-16
7715.704109 6.954554e-16
7719.911546 6.730732e-16
7724.118982 6.273610e-16
7728.326418 6.172735e-16
7732.533855 6.138949e-16
7736.741291 6.262845e-16
7740.948728 6.650525e-16
7745.156164 6.551364e-16
7749.363600 6.149396e-16
7753.571037 5.747636e-16
7757.778473 5.992348e-16
7761.985910 6.009099e-16
7766.193346 6.070785e-16
7770.400782 6.364479e-16
7774.608219 6.291470e-16
7778.815655 6.128087e-16
7783.023092 6.038686e-16
7787.230528 6.018893e-16
7791.437964 6.592095e-16
7795.645401 6.721609e-16
7799.852837 6.339813e-16
7804.060274 6.676019e-16
7808.267710 6.534329e-16
7812.475146 6.272929e-16
7816.682583 6.949315e-16
7820.890019 6.879585e-16
7825.097456 6.746369e-16
7829.304892 6.849878e-16
7833.512328 6.808760e-16
7837.719765 7.099337e-16
7841.927201 7.345002e-16
7846.134638 6.968097e-16
7850.342074 6.428687e-16
7854.549510 6.717840e-16
7858.756947 7.638088e-16
7862.964383 7.549287e-16
7867.171820 7.429609e-16
7871.379256 6.863548e-16
7875.586692 6.571276e-16
7879.794129 7.390881e-16
7884.001565 7.418437e-16
7888.209002 7.300850e-16
7892.416438 7.274832e-16
7896.623874 7.219280e-16
7900.831311 7.280165e-16
7905.038747 7.472806e-16
7909.246184 7.686410e-16
7913.453620 7.479223e-16
7917.661056 7.332993e-16
7921.868493 6.894163e-16
7926.075929 6.910226e-16
7930.283366 7.003208e-16
7934.490802 7.105513e-16
7938.698238 7.571742e-16
7942.905675 7.167933e-16
7947.113111 6.733860e-16
7951.320548 7.242131e-16
7955.527984 7.832765e-16
7959.735420 7.260898e-16
7963.942857 6.976447e-16
7968.150293 7.254866e-16
7972.357730 7.298102e-16
7976.565166 7.151617e-16
7980.772602 7.189896e-16
7984.980039 7.385874e-16
7989.187475 7.501172e-16
7993.394912 7.107073e-16
7997.602348 6.628626e-16
8001.809784 7.101449e-16
8006.017221 6.323936e-16
8010.224657 6.025616e-16
8014.432094 7.088484e-16
8018.639530 7.926552e-16
8022.846966 7.081084e-16
8027.054403 7.042572e-16
8031.261839 6.801550e-16
8035.469276 6.274993e-16
8039.676712 6.625378e-16
8043.884148 6.551348e-16
8048.091585 6.954703e-16
8052.299021 6.675771e-16
8056.506458 6.655173e-16
8060.713894 7.438218e-16
8064.921330 7.188809e-16
8069.128767 6.648325e-16
8073.336203 6.312542e-16
8077.543640 6.398514e-16
8081.751076 7.375457e-16
8085.958512 6.623537e-16
8090.165949 6.697794e-16
8094.373385 7.187508e-16
8098.580822 6.624200e-16
8102.788258 6.954369e-16
8106.995694 6.561847e-16
8111.203131 6.460513e-16
8115.410567 6.808657e-16
8119.618004 6.572427e-16
8123.825440 7.330023e-16
8128.032876 7.064765e-16
8132.240313 6.697819e-16
8136.447749 6.541725e-16
8140.655186 6.650806e-16
8144.862622 6.331519e-16
8149.070058 6.438788e-16
8153.277495 6.620926e-16
8157.484931 6.712960e-16
8161.692368 6.638341e-16
8165.899804 6.259682e-16
8170.107240 6.380278e-16
8174.314677 5.961493e-16
8178.522113 5.544547e-16
8182.729550 6.822118e-16
8186.936986 7.599451e-16
8191.144422 7.058003e-16
8195.351859 6.083896e-16
8199.559295 6.808191e-16
8203.766732 7.268774e-16
8207.974168 6.093216e-16
8212.181604 6.262675e-16
8216.389041 6.409923e-16
8220.596477 5.773561e-16
8224.803914 6.394264e-16
8229.011350 6.686798e-16
8233.218786 6.677615e-16
8237.426223 6.856659e-16
8241.633659 6.743212e-16
8245.841096 6.768370e-16
8250.048532 6.719234e-16
8254.255968 6.528296e-16
8258.463405 6.867243e-16
8262.670841 6.678050e-16
8266.878278 6.786756e-16
8271.085714 6.881260e-16
8275.293150 6.412775e-16
8279.500587 6.358361e-16
8283.708023 6.988523e-16
8287.915460 6.653678e-16
8292.122896 6.750242e-16
8296.330332 7.450898e-16
8300.537769 6.617938e-16
8304.745205 6.902127e-16
8308.952641 6.234527e-16
8313.160078 5.914412e-16
8317.367514 6.981863e-16
8321.574951 6.744108e-16
8325.782387 6.720771e-16
8329.989823 6.455269e-16
8334.197260 6.884970e-16
8338.404696 7.149694e-16
8342.612133 6.731289e-16
8346.819569 7.037972e-16
8351.027005 6.577928e-16
8355.234442 6.704950e-16
8359.441878 7.125854e-16
8363.649315 6.108612e-16
8367.856751 6.657676e-16
8372.064187 6.742628e-16
8376.271624 6.474902e-16
8380.479060 6.772305e-16
8384.686497 7.080421e-16
8388.893933 6.702343e-16
8393.101369 6.737980e-16
8397.308806 6.769084e-16
8401.516242 6.848389e-16
8405.723679 6.364144e-16
8409.931115 6.296083e-16
8414.138551 6.192197e-16
8418.345988 6.504332e-16
8422.553424 6.406020e-16
8426.760861 6.374370e-16
8430.968297 5.929245e-16
8435.175733 5.757643e-16
8439.383170 5.808126e-16
8443.590606 5.569385e-16
8447.798043 5.852012e-16
8452.005479 6.224107e-16
8456.212915 6.153753e-16
8460.420352 6.321527e-16
8464.627788 6.321202e-16
8468.835225 6.596543e-16
8473.042661 5.889775e-16
8477.250097 5.769692e-16
8481.457534 6.326524e-16
8485.664970 5.819275e-16
8489.872407 6.078924e-16
8494.079843 6.451011e-16
8498.287279 5.622541e-16
8502.494716 5.563171e-16
8506.702152 6.344495e-16
8510.909589 6.281769e-16
8515.117025 6.090730e-16
8519.324461 6.165953e-16
8523.531898 6.350979e-16
8527.739334 6.045006e-16
8531.946771 5.980205e-16
8536.154207 5.980278e-16
8540.361643 6.256931e-16
8544.569080 6.394971e-16
8548.776516 6.236847e-16
8552.983953 6.258701e-16
8557.191389 6.436355e-16
8561.398825 6.386856e-16
8565.606262 6.556021e-16
8569.813698 6.883972e-16
8574.021135 6.611402e-16
8578.228571 6.388114e-16
8582.436007 6.514520e-16
8586.643444 6.223275e-16
8590.850880 6.204112e-16
8595.058317 6.220487e-16
8599.265753 6.049745e-16
8603.473189 6.221082e-16
8607.680626 7.019187e-16
8611.888062 7.010509e-16
8616.095499 6.316112e-16
8620.302935 6.349740e-16
8624.510371 6.360015e-16
8628.717808 6.870186e-16
8632.925244 6.565410e-16
8637.132681 6.072759e-16
8641.340117 6.385236e-16
8645.547553 6.055522e-16
8649.754990 6.396269e-16
8653.962426 6.289366e-16
8658.169863 6.002621e-16
8662.377299 6.383195e-16
8666.584735 5.758249e-16
8670.792172 6.023534e-16
8674.999608 6.510391e-16
8679.207045 6.023591e-16
8683.414481 5.977028e-16
8687.621917 6.040966e-16
8691.829354 6.152501e-16
8696.036790 5.985252e-16
8700.244227 6.126834e-16
8704.451663 6.268648e-16
8708.659099 6.213376e-16
8712.866536 6.242689e-16
8717.073972 6.144625e-16
8721.281409 6.199254e-16
8725.488845 6.544027e-16
8729.696281 6.355051e-16
8733.903718 6.203071e-16
8738.111154 6.554559e-16
8742.318591 6.614563e-16
8746.526027 6.486711e-16
8750.733463 5.624345e-16
8754.940900 6.111449e-16
8759.148336 6.481079e-16
8763.355773 5.470121e-16
8767.563209 6.388454e-16
8771.770645 6.351148e-16
8775.978082 5.980814e-16
8780.185518 6.309628e-16
8784.392955 5.447805e-16
8788.600391 5.378921e-16
8792.807827 6.149504e-16
8797.015264 6.186689e-16
8801.222700 5.459341e-16
8805.430137 5.745633e-16
8809.637573 5.506501e-16
8813.845009 5.590456e-16
8818.052446 5.582810e-16
8822.259882 5.519115e-16
8826.467319 6.140537e-16
8830.674755 5.649877e-16
8834.882191 5.494820e-16
8839.089628 5.910275e-16
8843.297064 5.654767e-16
8847.504501 6.002095e-16
8851.711937 6.275521e-16
8855.919373 5.689977e-16
8860.126810 5.047637e-16
8864.334246 5.205643e-16
8868.541683 6.445921e-16
8872.749119 5.918418e-16
8876.956555 5.681791e-16
8881.163992 6.814355e-16
8885.371428 6.041270e-16
8889.578865 5.722882e-16
8893.786301 5.210573e-16
8897.993737 4.670874e-16
8902.201174 5.215731e-16
8906.408610 5.740050e-16
8910.616047 6.073908e-16
8914.823483 5.920260e-16
8919.030919 5.759855e-16
8923.238356 5.816685e-16
8927.445792 5.397328e-16
8931.653229 5.574561e-16
8935.860665 5.785554e-16
8940.068101 5.750392e-16
8944.275538 5.691750e-16
8948.482974 5.262902e-16
8952.690411 5.067160e-16
8956.897847 5.275789e-16
8961.105283 5.227284e-16
8965.312720 5.043659e-16
8969.520156 5.092221e-16
8973.727593 4.795290e-16
8977.935029 4.590036e-16
8982.142465 4.763830e-16
8986.349902 4.725095e-16
8990.557338 4.618779e-16
8994.764775 4.652722e-16
8998.972211 4.522363e-16
9003.179647 4.363760e-16
9007.387084 4.279564e-16
9011.594520 4.529714e-16
9015.801957 4.585900e-16
9020.009393 4.717912e-16
9024.216829 5.120926e-16
9028.424266 4.984940e-16
9032.631702 4.832846e-16
9036.839139 4.683671e-16
9041.046575 4.435135e-16
9045.254011 4.812345e-16
9049.461448 5.160258e-16
9053.668884 5.276332e-16
9057.876321 4.923066e-16
9062.083757 4.489135e-16
9066.291193 4.637236e-16
9070.498630 5.137002e-16
9074.706066 4.971213e-16
9078.913503 4.726197e-16
9083.120939 5.013492e-16
9087.328375 4.717853e-16
9091.535812 4.881770e-16
9095.743248 4.181642e-16
9099.950685 3.938440e-16
9104.158121 4.687105e-16
9108.365557 3.941751e-16
9112.572994 3.919936e-16
9116.780430 4.528174e-16
9120.987867 4.640456e-16
9125.195303 4.222846e-16
9129.402739 4.735373e-16
9133.610176 4.899633e-16
9137.817612 4.580721e-16
9142.025049 4.383798e-16
9146.232485 4.297845e-16
9150.439921 4.678998e-16
9154.647358 4.817127e-16
9158.854794 4.564826e-16
9163.062231 4.215911e-16
9167.269667 3.925474e-16
9171.477103 4.667057e-16
9175.684540 4.582207e-16
9179.891976 4.234506e-16
9184.099413 4.713498e-16
9188.306849 4.618861e-16
9192.514285 4.561486e-16
9196.721722 4.593176e-16
9200.929158 4.794907e-16
9205.136595 4.811435e-16
9209.344031 4.495285e-16
9213.551467 4.197039e-16
9217.758904 4.072917e-16
9221.966340 4.171322e-16
9226.173777 4.138341e-16
9230.381213 3.937498e-16
9234.588649 4.662088e-16
9238.796086 5.149669e-16
9243.003522 4.654264e-16
9247.210959 4.419092e-16
9251.418395 4.501962e-16
9255.625831 4.412073e-16
9259.833268 4.720773e-16
9264.040704 4.909554e-16
9268.248141 4.554443e-16
9272.455577 4.455125e-16
9276.663013 4.588265e-16
9280.870450 4.386845e-16
9285.077886 3.995412e-16
9289.285323 4.214621e-16
9293.492759 4.518555e-16
9297.700195 4.492590e-16
