3201.172903 1.266300e-15
3202.911968 1.643862e-15
3204.651033 1.368846e-15
3206.390098 1.189187e-15
3208.129163 5.512612e-16
3209.868227 8.573675e-16
3211.607292 3.025074e-16
3213.346357 1.031663e-15
3215.085422 1.000656e-15
3216.824487 7.888056e-16
3218.563552 1.114809e-15
3220.302617 1.194946e-15
3222.041682 7.709830e-16
3223.780747 8.191698e-16
3225.519812 7.481586e-16
3227.258877 9.556936e-16
3228.997942 1.251693e-15
3230.737007 1.010333e-15
3232.476072 6.749251e-16
3234.215137 6.485376e-16
3235.954201 6.260184e-16
3237.693266 1.146763e-15
3239.432331 7.921296e-16
3241.171396 3.229328e-16
3242.910461 7.998580e-16
3244.649526 6.607354e-16
3246.388591 5.095509e-16
3248.127656 8.274422e-16
3249.866721 9.140360e-16
3251.605786 8.098507e-16
3253.344851 5.982720e-16
3255.083916 5.960820e-16
3256.822981 7.654563e-16
3258.562046 9.379231e-16
3260.301111 8.437870e-16
3262.040175 8.869216e-16
3263.779240 5.775797e-16
3265.518305 5.266593e-16
3267.257370 3.878920e-16
3268.996435 6.777655e-16
3270.735500 1.051419e-15
3272.474565 6.739653e-16
3274.213630 7.405569e-16
3275.952695 7.328074e-16
3277.691760 5.051996e-16
3279.430825 6.182384e-16
3281.169890 4.545015e-16
3282.908955 5.803646e-16
3284.648020 7.198859e-16
3286.387084 7.118399e-16
3288.126149 6.395845e-16
3289.865214 6.107966e-16
3291.604279 5.097044e-16
3293.343344 6.252687e-16
3295.082409 6.213507e-16
3296.821474 7.132231e-16
3298.560539 5.143464e-16
3300.299604 5.894162e-16
3302.038669 7.064096e-16
3303.777734 7.151137e-16
3305.516799 4.037933e-16
3307.255864 6.450017e-16
3308.994929 1.056203e-15
3310.733994 8.283826e-16
3312.473058 7.061857e-16
3314.212123 6.499906e-16
3315.951188 8.667700e-16
3317.690253 1.013775e-15
3319.429318 1.073968e-15
3321.168383 8.062032e-16
3322.907448 9.170884e-16
3324.646513 9.280457e-16
3326.385578 8.379235e-16
3328.124643 9.972430e-16
3329.863708 1.088061e-15
3331.602773 1.082797e-15
3333.341838 9.349433e-16
3335.080903 8.732022e-16
3336.819968 1.048807e-15
3338.559032 1.268649e-15
3340.298097 1.300011e-15
3342.037162 1.315305e-15
3343.776227 1.166286e-15
3345.515292 1.246976e-15
3347.254357 1.246856e-15
3348.993422 1.353563e-15
3350.732487 1.394359e-15
3352.471552 1.145510e-15
3354.210617 1.315300e-15
3355.949682 1.432540e-15
3357.688747 1.422827e-15
3359.427812 1.458263e-15
3361.166877 1.492404e-15
3362.905941 1.746201e-15
3364.645006 1.436155e-15
3366.384071 1.535259e-15
3368.123136 1.477250e-15
3369.862201 1.252511e-15
3371.601266 1.308870e-15
3373.340331 1.328046e-15
3375.079396 1.553364e-15
3376.818461 1.537989e-15
3378.557526 1.437700e-15
3380.296591 1.462107e-15
3382.035656 1.382344e-15
3383.774721 1.515710e-15
3385.513786 1.371127e-15
3387.252851 1.327270e-15
3388.991915 1.287167e-15
3390.730980 1.265356e-15
3392.470045 1.268960e-15
3394.209110 1.417465e-15
3395.948175 1.455960e-15
3397.687240 1.392842e-15
3399.426305 1.426427e-15
3401.165370 1.436579e-15
3402.904435 1.255096e-15
3404.643500 1.396530e-15
3406.382565 1.432863e-15
3408.121630 1.558417e-15
3409.860695 1.462053e-15
3411.599760 1.478617e-15
3413.338825 1.628674e-15
3415.077889 1.500767e-15
3416.816954 1.643346e-15
3418.556019 1.672115e-15
3420.295084 1.725660e-15
3422.034149 1.818089e-15
3423.773214 1.673573e-15
3425.512279 1.594681e-15
3427.251344 1.588325e-15
3428.990409 1.869821e-15
3430.729474 1.901607e-15
3432.468539 1.837900e-15
3434.207604 1.948986e-15
3435.946669 1.914039e-15
3437.685734 1.865042e-15
3439.424798 1.815048e-15
3441.163863 2.034188e-15
3442.902928 2.033520e-15
3444.641993 1.753876e-15
3446.381058 1.888921e-15
3448.120123 2.091339e-15
3449.859188 1.998546e-15
3451.598253 1.986871e-15
3453.337318 2.045184e-15
3455.076383 2.073158e-15
3456.815448 2.045267e-15
3458.554513 1.980698e-15
3460.293578 1.938689e-15
3462.032643 2.000389e-15
3463.771708 2.028269e-15
3465.510772 2.242330e-15
3467.249837 2.395155e-15
3468.988902 2.081917e-15
3470.727967 2.000700e-15
3472.467032 2.221559e-15
3474.206097 2.304744e-15
3475.945162 2.279899e-15
3477.684227 2.275249e-15
3479.423292 2.352053e-15
3481.162357 2.342641e-15
3482.901422 2.416718e-15
3484.640487 2.483225e-15
3486.379552 2.365155e-15
3488.118617 2.313982e-15
3489.857682 2.474036e-15
3491.596746 2.359999e-15
3493.335811 2.201927e-15
3495.074876 2.417440e-15
3496.813941 2.321366e-15
3498.553006 2.233530e-15
3500.292071 2.310512e-15
3502.031136 2.192108e-15
3503.770201 2.237048e-15
3505.509266 2.169814e-15
3507.248331 2.016563e-15
3508.987396 2.110649e-15
3510.726461 2.096000e-15
3512.465526 2.025180e-15
3514.204591 2.009497e-15
3515.943655 1.832075e-15
3517.682720 2.020932e-15
3519.421785 2.073179e-15
3521.160850 1.948297e-15
3522.899915 1.924644e-15
3524.638980 1.883597e-15
3526.378045 1.960270e-15
3528.117110 2.102654e-15
3529.856175 2.027810e-15
3531.595240 2.099033e-15
3533.334305 2.193676e-15
3535.073370 1.938832e-15
3536.812435 2.029267e-15
3538.551500 2.138899e-15
3540.290565 2.206955e-15
3542.029629 2.220777e-15
3543.768694 2.219793e-15
3545.507759 2.378038e-15
3547.246824 2.311141e-15
3548.985889 2.181352e-15
3550.724954 2.089301e-15
3552.464019 2.184725e-15
3554.203084 2.461806e-15
3555.942149 2.540422e-15
3557.681214 2.535239e-15
3559.420279 2.326150e-15
3561.159344 2.354495e-15
3562.898409 2.351244e-15
3564.637474 2.307964e-15
3566.376539 2.350214e-15
3568.115603 2.469864e-15
3569.854668 2.378906e-15
3571.593733 2.381203e-15
3573.332798 2.356126e-15
3575.071863 2.453056e-15
3576.810928 2.350144e-15
3578.549993 2.321651e-15
3580.289058 2.304083e-15
3582.028123 2.452650e-15
3583.767188 2.536297e-15
3585.506253 2.464023e-15
3587.245318 2.271132e-15
3588.984383 2.325355e-15
3590.723448 2.453671e-15
3592.462512 2.475757e-15
3594.201577 2.415444e-15
3595.940642 2.335353e-15
3597.679707 2.328872e-15
3599.418772 2.239246e-15
3601.157837 2.369802e-15
3602.896902 2.403723e-15
3604.635967 2.340750e-15
3606.375032 2.434192e-15
3608.114097 2.389558e-15
3609.853162 2.438988e-15
3611.592227 2.381246e-15
3613.331292 2.291608e-15
3615.070357 2.339728e-15
3616.809422 2.335919e-15
3618.548486 2.507845e-15
3620.287551 2.277658e-15
3622.026616 2.223378e-15
3623.765681 2.290253e-15
3625.504746 2.247143e-15
3627.243811 2.247884e-15
3628.982876 2.298009e-15
3630.721941 2.145549e-15
3632.461006 2.211319e-15
3634.200071 2.250250e-15
3635.939136 2.248559e-15
3637.678201 2.279444e-15
3639.417266 2.293162e-15
3641.156331 2.189929e-15
3642.895396 2.183936e-15
3644.634460 2.283705e-15
3646.373525 2.239992e-15
3648.112590 2.220633e-15
3649.851655 2.312908e-15
3651.590720 2.210794e-15
3653.329785 2.150281e-15
3655.068850 2.205234e-15
3656.807915 2.185799e-15
3658.546980 2.144365e-15
3660.286045 2.130619e-15
3662.025110 2.156601e-15
3663.764175 2.126977e-15
3665.503240 2.138382e-15
3667.242305 2.245565e-15
3668.981369 2.131870e-15
3670.720434 2.292892e-15
3672.459499 2.322727e-15
3674.198564 2.321589e-15
3675.937629 2.331449e-15
3677.676694 2.275752e-15
3679.415759 2.307806e-15
3681.154824 2.268391e-15
3682.893889 2.344510e-15
3684.632954 2.341421e-15
3686.372019 2.448267e-15
3688.111084 2.575912e-15
3689.850149 2.587325e-15
3691.589214 2.669587e-15
3693.328279 2.696298e-15
3695.067343 2.836202e-15
3696.806408 2.865138e-15
3698.545473 2.898277e-15
3700.284538 2.991763e-15
3702.023603 3.132388e-15
3703.762668 3.190974e-15
3705.501733 3.300812e-15
3707.240798 3.569396e-15
3708.979863 3.474989e-15
3710.718928 3.506758e-15
3712.457993 3.725837e-15
3714.197058 3.897171e-15
3715.936123 3.859101e-15
3717.675188 3.812209e-15
3719.414253 3.985764e-15
3721.153317 4.094932e-15
3722.892382 4.151660e-15
3724.631447 4.317707e-15
3726.370512 4.460553e-15
3728.109577 4.591020e-15
3729.848642 4.485172e-15
3731.587707 4.676610e-15
3733.326772 4.769088e-15
3735.065837 4.769823e-15
3736.804902 4.737561e-15
3738.543967 4.780468e-15
3740.283032 4.795786e-15
3742.022097 4.992978e-15
3743.761162 4.939330e-15
3745.500226 4.747029e-15
3747.239291 4.732009e-15
3748.978356 4.626930e-15
3750.717421 4.664391e-15
3752.456486 5.039605e-15
3754.195551 5.088727e-15
3755.934616 4.871214e-15
3757.673681 4.774576e-15
3759.412746 4.931385e-15
3761.151811 4.767466e-15
3762.890876 4.885117e-15
3764.629941 4.846234e-15
3766.369006 4.826816e-15
3768.108071 4.834517e-15
3769.847136 4.860929e-15
3771.586200 4.985773e-15
3773.325265 4.976541e-15
3775.064330 4.943488e-15
3776.803395 4.903249e-15
3778.542460 4.996741e-15
3780.281525 4.785719e-15
3782.020590 4.914030e-15
3783.759655 5.011921e-15
3785.498720 4.675377e-15
3787.237785 4.637167e-15
3788.976850 4.786813e-15
3790.715915 4.657697e-15
3792.454980 4.618517e-15
3794.194045 4.679926e-15
3795.933110 4.521788e-15
3797.672174 4.558921e-15
3799.411239 4.559647e-15
3801.150304 4.461597e-15
3802.889369 4.234846e-15
3804.628434 4.018495e-15
3806.367499 4.047785e-15
3808.106564 4.069532e-15
3809.845629 3.806038e-15
3811.584694 3.685018e-15
3813.323759 3.493800e-15
3815.062824 3.375688e-15
3816.801889 3.381549e-15
3818.540954 3.354037e-15
3820.280019 3.269044e-15
3822.019083 3.266109e-15
3823.758148 3.137348e-15
3825.497213 3.062574e-15
3827.236278 2.937405e-15
3828.975343 2.793219e-15
3830.714408 2.732698e-15
3832.453473 2.768139e-15
3834.192538 2.659988e-15
3835.931603 2.682756e-15
3837.670668 2.673788e-15
3839.409733 2.628556e-15
3841.148798 2.594186e-15
3842.887863 2.461855e-15
3844.626928 2.487685e-15
3846.365993 2.501620e-15
3848.105057 2.355912e-15
3849.844122 2.390320e-15
3851.583187 2.473109e-15
3853.322252 2.250813e-15
3855.061317 2.277873e-15
3856.800382 2.276817e-15
3858.539447 2.278790e-15
3860.278512 2.328539e-15
3862.017577 2.330828e-15
3863.756642 2.469636e-15
3865.495707 2.472367e-15
3867.234772 2.474179e-15
3868.973837 2.589348e-15
3870.712902 2.747366e-15
3872.451967 2.825150e-15
3874.191031 2.774621e-15
3875.930096 2.907202e-15
3877.669161 2.801058e-15
3879.408226 3.025191e-15
3881.147291 3.221149e-15
3882.886356 3.324339e-15
3884.625421 3.414689e-15
3886.364486 3.470648e-15
3888.103551 3.491175e-15
3889.842616 3.618011e-15
3891.581681 3.709789e-15
3893.320746 3.753901e-15
3895.059811 4.024755e-15
3896.798876 4.028913e-15
3898.537941 3.979601e-15
3900.277005 4.443510e-15
3902.016070 4.577997e-15
3903.755135 4.516590e-15
3905.494200 4.642538e-15
3907.233265 4.823273e-15
3908.972330 5.063905e-15
3910.711395 5.262506e-15
3912.450460 5.393458e-15
3914.189525 5.594807e-15
3915.928590 5.670223e-15
3917.667655 5.939869e-15
3919.406720 6.197949e-15
3921.145785 6.508957e-15
3922.884850 6.654950e-15
3924.623914 6.964861e-15
3926.362979 7.062792e-15
3928.102044 7.375063e-15
3929.841109 7.463652e-15
3931.580174 7.612314e-15
3933.319239 7.787811e-15
3935.058304 8.065366e-15
3936.797369 8.191342e-15
3938.536434 8.570254e-15
3940.275499 8.753142e-15
3942.014564 8.819573e-15
3943.753629 8.993224e-15
3945.492694 8.964466e-15
3947.231759 9.129159e-15
3948.970824 9.374287e-15
3950.709888 9.466488e-15
3952.448953 9.697972e-15
3954.188018 9.682099e-15
3955.927083 9.714850e-15
3957.666148 9.764239e-15
3959.405213 9.940010e-15
3961.144278 1.024256e-14
3962.883343 1.003559e-14
3964.622408 1.007910e-14
3966.361473 1.012952e-14
3968.100538 1.019488e-14
3969.839603 1.001428e-14
3971.578668 1.044294e-14
3973.317733 1.041424e-14
3975.056798 1.066618e-14
3976.795862 1.071997e-14
3978.534927 1.071105e-14
3980.273992 1.069606e-14
3982.013057 1.099697e-14
3983.752122 1.095572e-14
3985.491187 1.089091e-14
3987.230252 1.090270e-14
3988.969317 1.095267e-14
3990.708382 1.089187e-14
3992.447447 1.110218e-14
3994.186512 1.116878e-14
3995.925577 1.107858e-14
3997.664642 1.112960e-14
3999.403707 1.092634e-14
4001.142771 1.111735e-14
4002.881836 1.091912e-14
4004.620901 1.106063e-14
4006.359966 1.111785e-14
4008.099031 1.079133e-14
4009.838096 1.083846e-14
4011.577161 1.090722e-14
4013.316226 1.075637e-14
4015.055291 1.087902e-14
4016.794356 1.088410e-14
4018.533421 1.074531e-14
4020.272486 1.039470e-14
4022.011551 1.025271e-14
4023.750616 1.015413e-14
4025.489681 1.017854e-14
4027.228745 1.013825e-14
4028.967810 9.877574e-15
4030.706875 9.853655e-15
4032.445940 9.754463e-15
4034.185005 9.796864e-15
4035.924070 9.661014e-15
4037.663135 9.568121e-15
4039.402200 9.651280e-15
4041.141265 9.492846e-15
4042.880330 9.507545e-15
4044.619395 9.653873e-15
4046.358460 9.721710e-15
4048.097525 9.734481e-15
4049.836590 9.733343e-15
4051.575655 9.803091e-15
4053.314719 9.736437e-15
4055.053784 9.731068e-15
4056.792849 9.789192e-15
4058.531914 9.965148e-15
4060.270979 9.958479e-15
4062.010044 1.006787e-14
4063.749109 1.003377e-14
4065.488174 9.996688e-15
4067.227239 1.008979e-14
4068.966304 1.020139e-14
4070.705369 1.011892e-14
4072.444434 1.000816e-14
4074.183499 9.954743e-15
4075.922564 9.942216e-15
4077.661628 1.019347e-14
4079.400693 9.935835e-15
4081.139758 9.836749e-15
4082.878823 1.000580e-14
4084.617888 1.006731e-14
4086.356953 1.003331e-14
4088.096018 9.873647e-15
4089.835083 9.958154e-15
4091.574148 9.952693e-15
4093.313213 1.005280e-14
4095.052278 1.002730e-14
4096.791343 9.828286e-15
4098.530408 9.866465e-15
4100.269473 9.913889e-15
4102.008538 9.911526e-15
4103.747602 9.763590e-15
4105.486667 9.624496e-15
4107.225732 9.658901e-15
4108.964797 9.567260e-15
4110.703862 9.564977e-15
4112.442927 9.460566e-15
4114.181992 9.376497e-15
4115.921057 9.358266e-15
4117.660122 9.325263e-15
4119.399187 9.421232e-15
4121.138252 9.387146e-15
4122.877317 9.402029e-15
4124.616382 9.418734e-15
4126.355447 9.397598e-15
4128.094512 9.230953e-15
4129.833576 9.118571e-15
4131.572641 9.184574e-15
4133.311706 9.355219e-15
4135.050771 9.212705e-15
4136.789836 9.268151e-15
4138.528901 9.310637e-15
4140.267966 9.367525e-15
4142.007031 9.269475e-15
4143.746096 9.034234e-15
4145.485161 9.106490e-15
4147.224226 9.029425e-15
4148.963291 8.838771e-15
4150.702356 8.727002e-15
4152.441421 8.402415e-15
4154.180485 8.312408e-15
4155.919550 8.326181e-15
4157.658615 8.183303e-15
4159.397680 7.965051e-15
4161.136745 7.953842e-15
4162.875810 7.852886e-15
4164.614875 7.611368e-15
4166.353940 7.472081e-15
4168.093005 7.273524e-15
4169.832070 7.202371e-15
4171.571135 7.000911e-15
4173.310200 6.816130e-15
4175.049265 6.646807e-15
4176.788330 6.473187e-15
4178.527395 6.405052e-15
4180.266459 6.288326e-15
4182.005524 6.325963e-15
4183.744589 6.171487e-15
4185.483654 6.076059e-15
4187.222719 6.085591e-15
4188.961784 6.162048e-15
4190.700849 6.225998e-15
4192.439914 6.195405e-15
4194.178979 6.124686e-15
4195.918044 6.039642e-15
4197.657109 5.891644e-15
4199.396174 6.023710e-15
4201.135239 5.959736e-15
4202.874304 5.930697e-15
4204.613369 5.862318e-15
4206.352433 5.930544e-15
4208.091498 5.971862e-15
4209.830563 5.843240e-15
4211.569628 5.669666e-15
4213.308693 5.807345e-15
4215.047758 5.666222e-15
4216.786823 5.422002e-15
4218.525888 5.518034e-15
4220.264953 5.620461e-15
4222.004018 5.471627e-15
4223.743083 5.393725e-15
4225.482148 5.199934e-15
4227.221213 5.202918e-15
4228.960278 5.205704e-15
4230.699342 5.047276e-15
4232.438407 4.884521e-15
4234.177472 4.896065e-15
4235.916537 4.931688e-15
4237.655602 5.035134e-15
4239.394667 4.925922e-15
4241.133732 4.859547e-15
4242.872797 5.045454e-15
4244.611862 4.855904e-15
4246.350927 4.769083e-15
4248.089992 4.889339e-15
4249.829057 4.891231e-15
4251.568122 4.917263e-15
4253.307187 4.829719e-15
4255.046252 4.788597e-15
4256.785316 4.784295e-15
4258.524381 4.901203e-15
4260.263446 4.996721e-15
4262.002511 4.880357e-15
4263.741576 4.907500e-15
4265.480641 5.072369e-15
4267.219706 5.201465e-15
4268.958771 5.200103e-15
4270.697836 5.199189e-15
4272.436901 5.273373e-15
4274.175966 5.294412e-15
4275.915031 5.215998e-15
4277.654096 5.390854e-15
4279.393161 5.536649e-15
4281.132226 5.642084e-15
4282.871290 5.633091e-15
4284.610355 5.793015e-15
4286.349420 5.949258e-15
4288.088485 6.169843e-15
4289.827550 6.322212e-15
4291.566615 6.639173e-15
4293.305680 6.669747e-15
4295.044745 6.518767e-15
4296.783810 6.820064e-15
4298.522875 6.865568e-15
4300.261940 6.760872e-15
4302.001005 6.978351e-15
4303.740070 6.954451e-15
4305.479135 6.905226e-15
4307.218199 7.028666e-15
4308.957264 6.992071e-15
4310.696329 7.139619e-15
4312.435394 6.988298e-15
4314.174459 7.028356e-15
4315.913524 7.143086e-15
4317.652589 7.038659e-15
4319.391654 6.981523e-15
4321.130719 7.027145e-15
4322.869784 7.015528e-15
4324.608849 6.931051e-15
4326.347914 6.921436e-15
4328.086979 6.859976e-15
4329.826044 6.932675e-15
4331.565109 6.894548e-15
4333.304173 6.839990e-15
4335.043238 6.815731e-15
4336.782303 6.786962e-15
4338.521368 6.830752e-15
4340.260433 6.886823e-15
4341.999498 6.898664e-15
4343.738563 6.994429e-15
4345.477628 7.084741e-15
4347.216693 7.102099e-15
4348.955758 7.094775e-15
4350.694823 7.208512e-15
4352.433888 7.281113e-15
4354.172953 7.444068e-15
4355.912018 7.480206e-15
4357.651083 7.396657e-15
4359.390147 7.534411e-15
4361.129212 7.667232e-15
4362.868277 7.878557e-15
4364.607342 7.889555e-15
4366.346407 8.041790e-15
4368.085472 7.988081e-15
4369.824537 8.061946e-15
4371.563602 8.166677e-15
4373.302667 8.151200e-15
4375.041732 8.242811e-15
4376.780797 8.419319e-15
4378.519862 8.302001e-15
4380.258927 8.282846e-15
4381.997992 8.393516e-15
4383.737056 8.268027e-15
4385.476121 8.209763e-15
4387.215186 8.149849e-15
4388.954251 7.900850e-15
4390.693316 7.965349e-15
4392.432381 7.768252e-15
4394.171446 7.696938e-15
4395.910511 7.935203e-15
4397.649576 7.783538e-15
4399.388641 7.646683e-15
4401.127706 7.755850e-15
4402.866771 7.540555e-15
4404.605836 7.501421e-15
4406.344901 7.382324e-15
4408.083966 7.204253e-15
4409.823030 7.351467e-15
4411.562095 7.234723e-15
4413.301160 7.199200e-15
4415.040225 7.146986e-15
4416.779290 7.127594e-15
4418.518355 7.109555e-15
4420.257420 7.128751e-15
4421.996485 7.091196e-15
4423.735550 7.123182e-15
4425.474615 6.962774e-15
4427.213680 6.979484e-15
4428.952745 6.923036e-15
4430.691810 7.066749e-15
4432.430875 7.062894e-15
4434.169940 6.857866e-15
4435.909004 6.689527e-15
4437.648069 6.837358e-15
4439.387134 6.914396e-15
4441.126199 6.927699e-15
4442.865264 6.963329e-15
4444.604329 7.044469e-15
4446.343394 7.013861e-15
4448.082459 6.998739e-15
4449.821524 6.958994e-15
4451.560589 6.932433e-15
4453.299654 6.711006e-15
4455.038719 6.775310e-15
4456.777784 6.840141e-15
4458.516849 6.874810e-15
4460.255913 6.794725e-15
4461.994978 6.792002e-15
4463.734043 6.707162e-15
4465.473108 6.787439e-15
4467.212173 6.826600e-15
4468.951238 6.824585e-15
4470.690303 6.594744e-15
4472.429368 6.694714e-15
4474.168433 6.737460e-15
4475.907498 6.583738e-15
4477.646563 6.742758e-15
4479.385628 6.901220e-15
4481.124693 6.769571e-15
4482.863758 6.761615e-15
4484.602823 6.839400e-15
4486.341887 6.800240e-15
4488.080952 6.989530e-15
4489.820017 7.129265e-15
4491.559082 7.192539e-15
4493.298147 7.431731e-15
4495.037212 7.440570e-15
4496.776277 7.601749e-15
4498.515342 7.763825e-15
4500.254407 7.965957e-15
4501.993472 8.057313e-15
4503.732537 8.332465e-15
4505.471602 8.504525e-15
4507.210667 8.661884e-15
4508.949732 8.853645e-15
4510.688797 9.059919e-15
4512.427861 9.311609e-15
4514.166926 9.500180e-15
4515.905991 9.759155e-15
4517.645056 9.999051e-15
4519.384121 1.021888e-14
4521.123186 1.044486e-14
4522.862251 1.064969e-14
4524.601316 1.097522e-14
4526.340381 1.105803e-14
4528.079446 1.136862e-14
4529.818511 1.165605e-14
4531.557576 1.185041e-14
4533.296641 1.178732e-14
4535.035706 1.196528e-14
4536.774770 1.251748e-14
4538.513835 1.259115e-14
4540.252900 1.259297e-14
4541.991965 1.286590e-14
4543.731030 1.300627e-14
4545.470095 1.322729e-14
4547.209160 1.316761e-14
4548.948225 1.335068e-14
4550.687290 1.329057e-14
4552.426355 1.353293e-14
4554.165420 1.357586e-14
4555.904485 1.343787e-14
4557.643550 1.358079e-14
4559.382615 1.366369e-14
4561.121680 1.366706e-14
4562.860744 1.376220e-14
4564.599809 1.396802e-14
4566.338874 1.396918e-14
4568.077939 1.391098e-14
4569.817004 1.398807e-14
4571.556069 1.391190e-14
4573.295134 1.398745e-14
4575.034199 1.408115e-14
4576.773264 1.412721e-14
4578.512329 1.401231e-14
4580.251394 1.438513e-14
4581.990459 1.454509e-14
4583.729524 1.471854e-14
4585.468589 1.486445e-14
4587.207654 1.494049e-14
4588.946718 1.524169e-14
4590.685783 1.538076e-14
4592.424848 1.550087e-14
4594.163913 1.566068e-14
4595.902978 1.597154e-14
4597.642043 1.614841e-14
4599.381108 1.623989e-14
4601.120173 1.619322e-14
4602.859238 1.634809e-14
4604.598303 1.683612e-14
4606.337368 1.682895e-14
4608.076433 1.668632e-14
4609.815498 1.677099e-14
4611.554563 1.702890e-14
4613.293628 1.674773e-14
4615.032692 1.675593e-14
4616.771757 1.679127e-14
4618.510822 1.670492e-14
4620.249887 1.683374e-14
4621.988952 1.676719e-14
4623.728017 1.662673e-14
4625.467082 1.668172e-14
4627.206147 1.655795e-14
4628.945212 1.644072e-14
4630.684277 1.653016e-14
4632.423342 1.649152e-14
4634.162407 1.642367e-14
4635.901472 1.652902e-14
4637.640537 1.643605e-14
4639.379601 1.622726e-14
4641.118666 1.628556e-14
4642.857731 1.653620e-14
4644.596796 1.636660e-14
4646.335861 1.609209e-14
4648.074926 1.613567e-14
4649.813991 1.591708e-14
4651.553056 1.563168e-14
4653.292121 1.554360e-14
4655.031186 1.538662e-14
4656.770251 1.568036e-14
4658.509316 1.521960e-14
4660.248381 1.482716e-14
4661.987446 1.464512e-14
4663.726511 1.449473e-14
4665.465575 1.416570e-14
4667.204640 1.416892e-14
4668.943705 1.385821e-14
4670.682770 1.369306e-14
4672.421835 1.331919e-14
4674.160900 1.344267e-14
4675.899965 1.325761e-14
4677.639030 1.285267e-14
4679.378095 1.253954e-14
4681.117160 1.246572e-14
4682.856225 1.226348e-14
4684.595290 1.220372e-14
4686.334355 1.202565e-14
4688.073420 1.177604e-14
4689.812485 1.180092e-14
4691.551549 1.151498e-14
4693.290614 1.125593e-14
4695.029679 1.136471e-14
4696.768744 1.149374e-14
4698.507809 1.121111e-14
4700.246874 1.087597e-14
4701.985939 1.091333e-14
4703.725004 1.065815e-14
4705.464069 1.049116e-14
4707.203134 1.016310e-14
4708.942199 1.016749e-14
4710.681264 1.006141e-14
4712.420329 9.964292e-15
4714.159394 9.856616e-15
4715.898458 9.865274e-15
4717.637523 9.770879e-15
4719.376588 9.706372e-15
4721.115653 9.571200e-15
4722.854718 9.545516e-15
4724.593783 9.515770e-15
4726.332848 9.349666e-15
4728.071913 9.211985e-15
4729.810978 9.242767e-15
4731.550043 9.105840e-15
4733.289108 8.928021e-15
4735.028173 9.069646e-15
4736.767238 9.132992e-15
4738.506303 8.836668e-15
4740.245368 8.638918e-15
4741.984432 8.607603e-15
4743.723497 8.649562e-15
4745.462562 8.546019e-15
4747.201627 8.383230e-15
4748.940692 8.310228e-15
4750.679757 8.179159e-15
4752.418822 8.029141e-15
4754.157887 7.819569e-15
4755.896952 7.821938e-15
4757.636017 7.766603e-15
4759.375082 7.740346e-15
4761.114147 7.653268e-15
4762.853212 7.552378e-15
4764.592277 7.518535e-15
4766.331342 7.484996e-15
4768.070406 7.569540e-15
4769.809471 7.585719e-15
4771.548536 7.702844e-15
4773.287601 7.879857e-15
4775.026666 7.880812e-15
4776.765731 7.862576e-15
4778.504796 8.016023e-15
4780.243861 8.212870e-15
4781.982926 8.546737e-15
4783.721991 8.732128e-15
4785.461056 8.853011e-15
4787.200121 9.037921e-15
4788.939186 9.154907e-15
4790.678251 9.472942e-15
4792.417315 9.801346e-15
4794.156380 1.002421e-14
4795.895445 1.034115e-14
4797.634510 1.061052e-14
4799.373575 1.090678e-14
4801.112640 1.122706e-14
4802.851705 1.136706e-14
4804.590770 1.166494e-14
4806.329835 1.185391e-14
4808.068900 1.225793e-14
4809.807965 1.269687e-14
4811.547030 1.291587e-14
4813.286095 1.289924e-14
4815.025160 1.291679e-14
4816.764225 1.318719e-14
4818.503289 1.334409e-14
4820.242354 1.327969e-14
4821.981419 1.345682e-14
4823.720484 1.354012e-14
4825.459549 1.363691e-14
4827.198614 1.374225e-14
4828.937679 1.361754e-14
4830.676744 1.395980e-14
4832.415809 1.399420e-14
4834.154874 1.404352e-14
4835.893939 1.399843e-14
4837.633004 1.421830e-14
4839.372069 1.443802e-14
4841.111134 1.439600e-14
4842.850199 1.447094e-14
4844.589263 1.452876e-14
4846.328328 1.466933e-14
4848.067393 1.494188e-14
4849.806458 1.495692e-14
4851.545523 1.494844e-14
4853.284588 1.509263e-14
4855.023653 1.522847e-14
4856.762718 1.529000e-14
4858.501783 1.543253e-14
4860.240848 1.576626e-14
4861.979913 1.581559e-14
4863.718978 1.599907e-14
4865.458043 1.622076e-14
4867.197108 1.626192e-14
4868.936172 1.640021e-14
4870.675237 1.668540e-14
4872.414302 1.665185e-14
4874.153367 1.685186e-14
4875.892432 1.700951e-14
4877.631497 1.703489e-14
4879.370562 1.696606e-14
4881.109627 1.694041e-14
4882.848692 1.699955e-14
4884.587757 1.702154e-14
4886.326822 1.700609e-14
4888.065887 1.684515e-14
4889.804952 1.671470e-14
4891.544017 1.669309e-14
4893.283082 1.656653e-14
4895.022146 1.635213e-14
4896.761211 1.625491e-14
4898.500276 1.625846e-14
4900.239341 1.605501e-14
4901.978406 1.587749e-14
4903.717471 1.555848e-14
4905.456536 1.526838e-14
4907.195601 1.513843e-14
4908.934666 1.477485e-14
4910.673731 1.459722e-14
4912.412796 1.449195e-14
4914.151861 1.432216e-14
4915.890926 1.412714e-14
4917.629991 1.391580e-14
4919.369056 1.378021e-14
4921.108120 1.359000e-14
4922.847185 1.337864e-14
4924.586250 1.336621e-14
4926.325315 1.324480e-14
4928.064380 1.317454e-14
4929.803445 1.313965e-14
4931.542510 1.309495e-14
4933.281575 1.302688e-14
4935.020640 1.299174e-14
4936.759705 1.306464e-14
4938.498770 1.308133e-14
4940.237835 1.323630e-14
4941.976900 1.339045e-14
4943.715965 1.342498e-14
4945.455029 1.358498e-14
4947.194094 1.378235e-14
4948.933159 1.403799e-14
4950.672224 1.419519e-14
4952.411289 1.455889e-14
4954.150354 1.469664e-14
4955.889419 1.487472e-14
4957.628484 1.507268e-14
4959.367549 1.540820e-14
4961.106614 1.566517e-14
4962.845679 1.592512e-14
4964.584744 1.604514e-14
4966.323809 1.606151e-14
4968.062874 1.617737e-14
4969.801939 1.633406e-14
4971.541003 1.652852e-14
4973.280068 1.650937e-14
4975.019133 1.653771e-14
4976.758198 1.669875e-14
4978.497263 1.675045e-14
4980.236328 1.665061e-14
4981.975393 1.661998e-14
4983.714458 1.665572e-14
4985.453523 1.678792e-14
4987.192588 1.672158e-14
4988.931653 1.675401e-14
4990.670718 1.667528e-14
4992.409783 1.666228e-14
4994.148848 1.661710e-14
4995.887913 1.658650e-14
4997.626977 1.656082e-14
4999.366042 1.642458e-14
5001.105107 1.643419e-14
5002.844172 1.647033e-14
5004.583237 1.633240e-14
5006.322302 1.628735e-14
5008.061367 1.632168e-14
5009.800432 1.607850e-14
5011.539497 1.587916e-14
5013.278562 1.559456e-14
5015.017627 1.541374e-14
5016.756692 1.539194e-14
5018.495757 1.513631e-14
5020.234822 1.489756e-14
5021.973886 1.469501e-14
5023.712951 1.448102e-14
5025.452016 1.418105e-14
5027.191081 1.395419e-14
5028.930146 1.366628e-14
5030.669211 1.340678e-14
5032.408276 1.308872e-14
5034.147341 1.283497e-14
5035.886406 1.269196e-14
5037.625471 1.251793e-14
5039.364536 1.209828e-14
5041.103601 1.183401e-14
5042.842666 1.160855e-14
5044.581731 1.145732e-14
5046.320796 1.127781e-14
5048.059860 1.108013e-14
5049.798925 1.096059e-14
5051.537990 1.069937e-14
5053.277055 1.055914e-14
5055.016120 1.034138e-14
5056.755185 1.021258e-14
5058.494250 1.012514e-14
5060.233315 9.854464e-15
5061.972380 9.672376e-15
5063.711445 9.671471e-15
5065.450510 9.469460e-15
5067.189575 9.340271e-15
5068.928640 9.282956e-15
5070.667705 9.099200e-15
5072.406770 8.909139e-15
5074.145834 8.848575e-15
5075.884899 8.811693e-15
5077.623964 8.730450e-15
5079.363029 8.636937e-15
5081.102094 8.533516e-15
5082.841159 8.477827e-15
5084.580224 8.533164e-15
5086.319289 8.517140e-15
5088.058354 8.404017e-15
5089.797419 8.416201e-15
5091.536484 8.443646e-15
5093.275549 8.350626e-15
5095.014614 8.393695e-15
5096.753679 8.419264e-15
5098.492743 8.469412e-15
5100.231808 8.593223e-15
5101.970873 8.694448e-15
5103.709938 8.757728e-15
5105.449003 8.876046e-15
5107.188068 8.934719e-15
5108.927133 9.054731e-15
5110.666198 9.155856e-15
5112.405263 9.369524e-15
5114.144328 9.382260e-15
5115.883393 9.513865e-15
5117.622458 9.703706e-15
5119.361523 9.735844e-15
5121.100588 9.878269e-15
5122.839653 1.005789e-14
5124.578717 1.020327e-14
5126.317782 1.032894e-14
5128.056847 1.045397e-14
5129.795912 1.063919e-14
5131.534977 1.070233e-14
5133.274042 1.080735e-14
5135.013107 1.098332e-14
5136.752172 1.122107e-14
5138.491237 1.123839e-14
5140.230302 1.139921e-14
5141.969367 1.158923e-14
5143.708432 1.163032e-14
5145.447497 1.173303e-14
5147.186562 1.178908e-14
5148.925627 1.178088e-14
5150.664691 1.181784e-14
5152.403756 1.203120e-14
5154.142821 1.216388e-14
5155.881886 1.234921e-14
5157.620951 1.241786e-14
5159.360016 1.229853e-14
5161.099081 1.223570e-14
5162.838146 1.235821e-14
5164.577211 1.245206e-14
5166.316276 1.252707e-14
5168.055341 1.265720e-14
5169.794406 1.267716e-14
5171.533471 1.272566e-14
5173.272536 1.283301e-14
5175.011600 1.280918e-14
5176.750665 1.291077e-14
5178.489730 1.300498e-14
5180.228795 1.299882e-14
5181.967860 1.308299e-14
5183.706925 1.309316e-14
5185.445990 1.314284e-14
5187.185055 1.312369e-14
5188.924120 1.322413e-14
5190.663185 1.317957e-14
5192.402250 1.323791e-14
5194.141315 1.333623e-14
5195.880380 1.334443e-14
5197.619445 1.326751e-14
5199.358510 1.330385e-14
5201.097574 1.321709e-14
5202.836639 1.328121e-14
5204.575704 1.336855e-14
5206.314769 1.327368e-14
5208.053834 1.317323e-14
5209.792899 1.311529e-14
5211.531964 1.313863e-14
5213.271029 1.323254e-14
5215.010094 1.303443e-14
5216.749159 1.302960e-14
5218.488224 1.301722e-14
5220.227289 1.294310e-14
5221.966354 1.282634e-14
5223.705419 1.288900e-14
5225.444484 1.277735e-14
5227.183548 1.270336e-14
5228.922613 1.279638e-14
5230.661678 1.278029e-14
5232.400743 1.264020e-14
5234.139808 1.268264e-14
5235.878873 1.283531e-14
5237.617938 1.286564e-14
5239.357003 1.273578e-14
5241.096068 1.287579e-14
5242.835133 1.298691e-14
5244.574198 1.291547e-14
5246.313263 1.301995e-14
5248.052328 1.302129e-14
5249.791393 1.306703e-14
5251.530457 1.330028e-14
5253.269522 1.324456e-14
5255.008587 1.339450e-14
5256.747652 1.361617e-14
5258.486717 1.361944e-14
5260.225782 1.381824e-14
5261.964847 1.394092e-14
5263.703912 1.399614e-14
5265.442977 1.406177e-14
5267.182042 1.410121e-14
5268.921107 1.414814e-14
5270.660172 1.425400e-14
5272.399237 1.428704e-14
5274.138302 1.438757e-14
5275.877367 1.439832e-14
5277.616431 1.450756e-14
5279.355496 1.440942e-14
5281.094561 1.437644e-14
5282.833626 1.437642e-14
5284.572691 1.459340e-14
5286.311756 1.466377e-14
5288.050821 1.463197e-14
5289.789886 1.464288e-14
5291.528951 1.482127e-14
5293.268016 1.484218e-14
5295.007081 1.480392e-14
5296.746146 1.480376e-14
5298.485211 1.508536e-14
5300.224276 1.508167e-14
5301.963341 1.513273e-14
5303.702405 1.518860e-14
5305.441470 1.519919e-14
5307.180535 1.526829e-14
5308.919600 1.532338e-14
5310.658665 1.535133e-14
5312.397730 1.546363e-14
5314.136795 1.541086e-14
5315.875860 1.526782e-14
5317.614925 1.537952e-14
5319.353990 1.543769e-14
5321.093055 1.542717e-14
5322.832120 1.539269e-14
5324.571185 1.539317e-14
5326.310250 1.557978e-14
5328.049314 1.545984e-14
5329.788379 1.547623e-14
5331.527444 1.549448e-14
5333.266509 1.558899e-14
5335.005574 1.561275e-14
5336.744639 1.565573e-14
5338.483704 1.574666e-14
5340.222769 1.584121e-14
5341.961834 1.584203e-14
5343.700899 1.599670e-14
5345.439964 1.605981e-14
5347.179029 1.615535e-14
5348.918094 1.636936e-14
5350.657159 1.637090e-14
5352.396224 1.643617e-14
5354.135288 1.655942e-14
5355.874353 1.658075e-14
5357.613418 1.659752e-14
5359.352483 1.670105e-14
5361.091548 1.686883e-14
5362.830613 1.684833e-14
5364.569678 1.682639e-14
5366.308743 1.685751e-14
5368.047808 1.678188e-14
5369.786873 1.673208e-14
5371.525938 1.672910e-14
5373.265003 1.681652e-14
5375.004068 1.690085e-14
5376.743133 1.665861e-14
5378.482198 1.669724e-14
5380.221262 1.664982e-14
5381.960327 1.647378e-14
5383.699392 1.652804e-14
5385.438457 1.634123e-14
5387.177522 1.612174e-14
5388.916587 1.610041e-14
5390.655652 1.601635e-14
5392.394717 1.577147e-14
5394.133782 1.574954e-14
5395.872847 1.562275e-14
5397.611912 1.552070e-14
5399.350977 1.539900e-14
5401.090042 1.539667e-14
5402.829107 1.532749e-14
5404.568172 1.515592e-14
5406.307236 1.514269e-14
5408.046301 1.498478e-14
5409.785366 1.485671e-14
5411.524431 1.476217e-14
5413.263496 1.463831e-14
5415.002561 1.480026e-14
5416.741626 1.480826e-14
5418.480691 1.478414e-14
5420.219756 1.469493e-14
5421.958821 1.479044e-14
5423.697886 1.466081e-14
5425.436951 1.451328e-14
5427.176016 1.461115e-14
5428.915081 1.454969e-14
5430.654145 1.448283e-14
5432.393210 1.443783e-14
5434.132275 1.445784e-14
5435.871340 1.453785e-14
5437.610405 1.451215e-14
5439.349470 1.456669e-14
5441.088535 1.462174e-14
5442.827600 1.476051e-14
5444.566665 1.476390e-14
5446.305730 1.490509e-14
5448.044795 1.488592e-14
5449.783860 1.498119e-14
5451.522925 1.518155e-14
5453.261990 1.538406e-14
5455.001055 1.561619e-14
5456.740119 1.574756e-14
5458.479184 1.599143e-14
5460.218249 1.622099e-14
5461.957314 1.648223e-14
5463.696379 1.647832e-14
5465.435444 1.660137e-14
5467.174509 1.681794e-14
5468.913574 1.704150e-14
5470.652639 1.714065e-14
5472.391704 1.733242e-14
5474.130769 1.751970e-14
5475.869834 1.758911e-14
5477.608899 1.758778e-14
5479.347964 1.770699e-14
5481.087029 1.776287e-14
5482.826093 1.778123e-14
5484.565158 1.795031e-14
5486.304223 1.812697e-14
5488.043288 1.819498e-14
5489.782353 1.815762e-14
5491.521418 1.826962e-14
5493.260483 1.830202e-14
5494.999548 1.826908e-14
5496.738613 1.824691e-14
5498.477678 1.835083e-14
5500.216743 1.833278e-14
5501.955808 1.824515e-14
5503.694873 1.817835e-14
5505.433938 1.811126e-14
5507.173002 1.814194e-14
5508.912067 1.812407e-14
5510.651132 1.797792e-14
5512.390197 1.796840e-14
5514.129262 1.800886e-14
5515.868327 1.788186e-14
5517.607392 1.781824e-14
5519.346457 1.789301e-14
5521.085522 1.787933e-14
5522.824587 1.772790e-14
5524.563652 1.768971e-14
5526.302717 1.749336e-14
5528.041782 1.735022e-14
5529.780847 1.716530e-14
5531.519912 1.701989e-14
5533.258976 1.686791e-14
5534.998041 1.659302e-14
5536.737106 1.655317e-14
5538.476171 1.623591e-14
5540.215236 1.602070e-14
5541.954301 1.590425e-14
5543.693366 1.569915e-14
5545.432431 1.543924e-14
5547.171496 1.528878e-14
5548.910561 1.507080e-14
5550.649626 1.491944e-14
5552.388691 1.492356e-14
5554.127756 1.491380e-14
5555.866821 1.469080e-14
5557.605886 1.445431e-14
5559.344950 1.422434e-14
5561.084015 1.425535e-14
5562.823080 1.433580e-14
5564.562145 1.427032e-14
5566.301210 1.404608e-14
5568.040275 1.396145e-14
5569.779340 1.417030e-14
5571.518405 1.397341e-14
5573.257470 1.391927e-14
5574.996535 1.402587e-14
5576.735600 1.384294e-14
5578.474665 1.387299e-14
5580.213730 1.412553e-14
5581.952795 1.416883e-14
5583.691859 1.414279e-14
5585.430924 1.435735e-14
5587.169989 1.435688e-14
5588.909054 1.427669e-14
5590.648119 1.446473e-14
5592.387184 1.469476e-14
5594.126249 1.473402e-14
5595.865314 1.486774e-14
5597.604379 1.506154e-14
5599.343444 1.503003e-14
5601.082509 1.510078e-14
5602.821574 1.520795e-14
5604.560639 1.531670e-14
5606.299704 1.537612e-14
5608.038769 1.553282e-14
5609.777833 1.578569e-14
5611.516898 1.598540e-14
5613.255963 1.598456e-14
5614.995028 1.611026e-14
5616.734093 1.621042e-14
5618.473158 1.616888e-14
5620.212223 1.629023e-14
5621.951288 1.648248e-14
5623.690353 1.637584e-14
5625.429418 1.653230e-14
5627.168483 1.641625e-14
5628.907548 1.640305e-14
5630.646613 1.659978e-14
5632.385678 1.651048e-14
5634.124743 1.658713e-14
5635.863807 1.654431e-14
5637.602872 1.640406e-14
5639.341937 1.657035e-14
5641.081002 1.665830e-14
5642.820067 1.652056e-14
5644.559132 1.663082e-14
5646.298197 1.645809e-14
5648.037262 1.646719e-14
5649.776327 1.651089e-14
5651.515392 1.658101e-14
5653.254457 1.657144e-14
5654.993522 1.642974e-14
5656.732587 1.639292e-14
5658.471652 1.627628e-14
5660.210716 1.653332e-14
5661.949781 1.639034e-14
5663.688846 1.618070e-14
5665.427911 1.625615e-14
5667.166976 1.629427e-14
5668.906041 1.631987e-14
5670.645106 1.616493e-14
5672.384171 1.597538e-14
5674.123236 1.588460e-14
5675.862301 1.591391e-14
5677.601366 1.585628e-14
5679.340431 1.579378e-14
5681.079496 1.568695e-14
5682.818561 1.547821e-14
5684.557626 1.545898e-14
5686.296690 1.543517e-14
5688.035755 1.528647e-14
5689.774820 1.531722e-14
5691.513885 1.526519e-14
5693.252950 1.525265e-14
5694.992015 1.508130e-14
5696.731080 1.493845e-14
5698.470145 1.489478e-14
5700.209210 1.497146e-14
5701.948275 1.478157e-14
5703.687340 1.475616e-14
5705.426405 1.479413e-14
5707.165470 1.485172e-14
5708.904535 1.480031e-14
5710.643600 1.482177e-14
5712.382664 1.476843e-14
5714.121729 1.464338e-14
5715.860794 1.455766e-14
5717.599859 1.455587e-14
5719.338924 1.447880e-14
5721.077989 1.437744e-14
5722.817054 1.429496e-14
5724.556119 1.440515e-14
5726.295184 1.432956e-14
5728.034249 1.433779e-14
5729.773314 1.423516e-14
5731.512379 1.409471e-14
5733.251444 1.417661e-14
5734.990509 1.419271e-14
5736.729573 1.433737e-14
5738.468638 1.417335e-14
5740.207703 1.405414e-14
5741.946768 1.408972e-14
5743.685833 1.391864e-14
5745.424898 1.392798e-14
5747.163963 1.409861e-14
5748.903028 1.408624e-14
5750.642093 1.384618e-14
5752.381158 1.369433e-14
5754.120223 1.360812e-14
5755.859288 1.351245e-14
5757.598353 1.362162e-14
5759.337418 1.365697e-14
5761.076483 1.366679e-14
5762.815547 1.353011e-14
5764.554612 1.342300e-14
5766.293677 1.357575e-14
5768.032742 1.333773e-14
5769.771807 1.307628e-14
5771.510872 1.306835e-14
5773.249937 1.279783e-14
5774.989002 1.272635e-14
5776.728067 1.274140e-14
5778.467132 1.270467e-14
5780.206197 1.271046e-14
5781.945262 1.248784e-14
5783.684327 1.250081e-14
5785.423392 1.249501e-14
5787.162457 1.237591e-14
5788.901521 1.238972e-14
5790.640586 1.230592e-14
5792.379651 1.218650e-14
5794.118716 1.237201e-14
5795.857781 1.232325e-14
5797.596846 1.259138e-14
5799.335911 1.262516e-14
5801.074976 1.266309e-14
5802.814041 1.274750e-14
5804.553106 1.273094e-14
5806.292171 1.270148e-14
5808.031236 1.281628e-14
5809.770301 1.287305e-14
5811.509366 1.285584e-14
5813.248430 1.305617e-14
5814.987495 1.325008e-14
5816.726560 1.323506e-14
5818.465625 1.326047e-14
5820.204690 1.350158e-14
5821.943755 1.343564e-14
5823.682820 1.344209e-14
5825.421885 1.358759e-14
5827.160950 1.371024e-14
5828.900015 1.390861e-14
5830.639080 1.396789e-14
5832.378145 1.377380e-14
5834.117210 1.386018e-14
5835.856275 1.400569e-14
5837.595340 1.410846e-14
5839.334404 1.429561e-14
5841.073469 1.440208e-14
5842.812534 1.448864e-14
5844.551599 1.451752e-14
5846.290664 1.447315e-14
5848.029729 1.440859e-14
5849.768794 1.469684e-14
5851.507859 1.478746e-14
5853.246924 1.482629e-14
5854.985989 1.498382e-14
5856.725054 1.492786e-14
5858.464119 1.497371e-14
5860.203184 1.516939e-14
5861.942249 1.507131e-14
5863.681314 1.520339e-14
5865.420378 1.523272e-14
5867.159443 1.519427e-14
5868.898508 1.538316e-14
5870.637573 1.527925e-14
5872.376638 1.497432e-14
5874.115703 1.510370e-14
5875.854768 1.522929e-14
5877.593833 1.503383e-14
5879.332898 1.507839e-14
5881.071963 1.484954e-14
5882.811028 1.466899e-14
5884.550093 1.462022e-14
5886.289158 1.420799e-14
5888.028223 1.390735e-14
5889.767287 1.386881e-14
5891.506352 1.396078e-14
5893.245417 1.382456e-14
5894.984482 1.379149e-14
5896.723547 1.397696e-14
5898.462612 1.409920e-14
5900.201677 1.398239e-14
5901.940742 1.411902e-14
5903.679807 1.431386e-14
5905.418872 1.418388e-14
5907.157937 1.455734e-14
5908.897002 1.453044e-14
5910.636067 1.436563e-14
5912.375132 1.428845e-14
5914.114197 1.417884e-14
5915.853261 1.423906e-14
5917.592326 1.426347e-14
5919.331391 1.413113e-14
5921.070456 1.413454e-14
5922.809521 1.410067e-14
5924.548586 1.400390e-14
5926.287651 1.404124e-14
5928.026716 1.416214e-14
5929.765781 1.428435e-14
5931.504846 1.423518e-14
5933.243911 1.421676e-14
5934.982976 1.405357e-14
5936.722041 1.403460e-14
5938.461106 1.388375e-14
5940.200171 1.408516e-14
5941.939235 1.402815e-14
5943.678300 1.386533e-14
5945.417365 1.394844e-14
5947.156430 1.388378e-14
5948.895495 1.395509e-14
5950.634560 1.409005e-14
5952.373625 1.426924e-14
5954.112690 1.416905e-14
5955.851755 1.411287e-14
5957.590820 1.437708e-14
5959.329885 1.432821e-14
5961.068950 1.445621e-14
5962.808015 1.458443e-14
5964.547080 1.452585e-14
5966.286144 1.438852e-14
5968.025209 1.414378e-14
5969.764274 1.431973e-14
5971.503339 1.448424e-14
5973.242404 1.441776e-14
5974.981469 1.412631e-14
5976.720534 1.417546e-14
5978.459599 1.413566e-14
5980.198664 1.412439e-14
5981.937729 1.427947e-14
5983.676794 1.417297e-14
5985.415859 1.428874e-14
5987.154924 1.399115e-14
5988.893989 1.388191e-14
5990.633054 1.416803e-14
5992.372118 1.406864e-14
5994.111183 1.411352e-14
5995.850248 1.408023e-14
5997.589313 1.433018e-14
5999.328378 1.441929e-14
6001.067443 1.445213e-14
6002.806508 1.442054e-14
6004.545573 1.441468e-14
6006.284638 1.441612e-14
6008.023703 1.439382e-14
6009.762768 1.436172e-14
6011.501833 1.434595e-14
6013.240898 1.435547e-14
6014.979963 1.439260e-14
6016.719028 1.443082e-14
6018.458092 1.443309e-14
6020.197157 1.440144e-14
6021.936222 1.435510e-14
6023.675287 1.430666e-14
6025.414352 1.426654e-14
6027.153417 1.423376e-14
6028.892482 1.420082e-14
6030.631547 1.416448e-14
6032.370612 1.412217e-14
6034.109677 1.408196e-14
6035.848742 1.406018e-14
6037.587807 1.403646e-14
6039.326872 1.396691e-14
6041.065937 1.387090e-14
6042.805001 1.380985e-14
6044.544066 1.378120e-14
6046.283131 1.373847e-14
6048.022196 1.367907e-14
6049.761261 1.363074e-14
6051.500326 1.360307e-14
6053.239391 1.359386e-14
6054.978456 1.359760e-14
6056.717521 1.360308e-14
6058.456586 1.361386e-14
6060.195651 1.364931e-14
6061.934716 1.370380e-14
6063.673781 1.374555e-14
6065.412846 1.377260e-14
6067.151911 1.381503e-14
6068.890975 1.387882e-14
6070.630040 1.394419e-14
6072.369105 1.399885e-14
6074.108170 1.403574e-14
6075.847235 1.406454e-14
6077.586300 1.412124e-14
6079.325365 1.420718e-14
6081.064430 1.427176e-14
6082.803495 1.429655e-14
6084.542560 1.431301e-14
6086.281625 1.433510e-14
6088.020690 1.434970e-14
6089.759755 1.434982e-14
6091.498820 1.433560e-14
6093.237885 1.431152e-14
6094.976949 1.429147e-14
6096.716014 1.428325e-14
6098.455079 1.428317e-14
6100.194144 1.428259e-14
6101.933209 1.426322e-14
6103.672274 1.421452e-14
6105.411339 1.414452e-14
6107.150404 1.406328e-14
6108.889469 1.398351e-14
6110.628534 1.391237e-14
6112.367599 1.383864e-14
6114.106664 1.375541e-14
6115.845729 1.367666e-14
6117.584794 1.360687e-14
6119.323858 1.351323e-14
6121.062923 1.337920e-14
6122.801988 1.325195e-14
6124.541053 1.316645e-14
6126.280118 1.309538e-14
6128.019183 1.301374e-14
6129.758248 1.292599e-14
6131.497313 1.283742e-14
6133.236378 1.275021e-14
6134.975443 1.266674e-14
6136.714508 1.258579e-14
6138.453573 1.250700e-14
6140.192638 1.242977e-14
6141.931703 1.235721e-14
6143.670768 1.231894e-14
6145.409832 1.233866e-14
6147.148897 1.238857e-14
6148.887962 1.243564e-14
6150.627027 1.246791e-14
6152.366092 1.248085e-14
6154.105157 1.249782e-14
6155.844222 1.254476e-14
6157.583287 1.261754e-14
6159.322352 1.270503e-14
6161.061417 1.278806e-14
6162.800482 1.284789e-14
6164.539547 1.290446e-14
6166.278612 1.298459e-14
6168.017677 1.307317e-14
6169.756742 1.314694e-14
6171.495806 1.320594e-14
6173.234871 1.325678e-14
6174.973936 1.331771e-14
6176.713001 1.340850e-14
6178.452066 1.352161e-14
6180.191131 1.363924e-14
6181.930196 1.374168e-14
6183.669261 1.381065e-14
6185.408326 1.384278e-14
6187.147391 1.384233e-14
6188.886456 1.383987e-14
6190.625521 1.387518e-14
6192.364586 1.394210e-14
6194.103651 1.401300e-14
6195.842716 1.406738e-14
6197.581780 1.408865e-14
6199.320845 1.408001e-14
6201.059910 1.405560e-14
6202.798975 1.403769e-14
6204.538040 1.405373e-14
6206.277105 1.408860e-14
6208.016170 1.410000e-14
6209.755235 1.408903e-14
6211.494300 1.408520e-14
6213.233365 1.408942e-14
6214.972430 1.408361e-14
6216.711495 1.407195e-14
6218.450560 1.407249e-14
6220.189625 1.408704e-14
6221.928689 1.410786e-14
6223.667754 1.411044e-14
6225.406819 1.405377e-14
6227.145884 1.394835e-14
6228.884949 1.385384e-14
6230.624014 1.378692e-14
6232.363079 1.372094e-14
6234.102144 1.364916e-14
6235.841209 1.358518e-14
6237.580274 1.352527e-14
6239.319339 1.344591e-14
6241.058404 1.335276e-14
6242.797469 1.328911e-14
6244.536534 1.325811e-14
6246.275599 1.320990e-14
6248.014663 1.312469e-14
6249.753728 1.302433e-14
6251.492793 1.292360e-14
6253.231858 1.282677e-14
6254.970923 1.274340e-14
6256.709988 1.268987e-14
6258.449053 1.266745e-14
6260.188118 1.265320e-14
6261.927183 1.262974e-14
6263.666248 1.259087e-14
6265.405313 1.253776e-14
6267.144378 1.248829e-14
6268.883443 1.245016e-14
6270.622508 1.240452e-14
6272.361573 1.234309e-14
6274.100637 1.228369e-14
6275.839702 1.223731e-14
6277.578767 1.219677e-14
6279.317832 1.215769e-14
6281.056897 1.212218e-14
6282.795962 1.209518e-14
6284.535027 1.209059e-14
6286.274092 1.211719e-14
6288.013157 1.216909e-14
6289.752222 1.223627e-14
6291.491287 1.230233e-14
6293.230352 1.235289e-14
6294.969417 1.238322e-14
6296.708482 1.239301e-14
6298.447546 1.239011e-14
6300.186611 1.238359e-14
6301.925676 1.238181e-14
6303.664741 1.238879e-14
6305.403806 1.239110e-14
6307.142871 1.237472e-14
6308.881936 1.233842e-14
6310.621001 1.228220e-14
6312.360066 1.220003e-14
6314.099131 1.208902e-14
6315.838196 1.195856e-14
6317.577261 1.182047e-14
6319.316326 1.169187e-14
6321.055391 1.158661e-14
6322.794456 1.148065e-14
6324.533520 1.134802e-14
6326.272585 1.122434e-14
6328.011650 1.114931e-14
6329.750715 1.109045e-14
6331.489780 1.100365e-14
6333.228845 1.088974e-14
6334.967910 1.075962e-14
6336.706975 1.061657e-14
6338.446040 1.046371e-14
6340.185105 1.030250e-14
6341.924170 1.013375e-14
6343.663235 9.956822e-15
6345.402300 9.770899e-15
6347.141365 9.581277e-15
6348.880430 9.395304e-15
6350.619494 9.212348e-15
6352.358559 9.029776e-15
6354.097624 8.851838e-15
6355.836689 8.685070e-15
6357.575754 8.541160e-15
6359.314819 8.432319e-15
6361.053884 8.357282e-15
6362.792949 8.308374e-15
6364.532014 8.267730e-15
6366.271079 8.211348e-15
6368.010144 8.149313e-15
6369.749209 8.111701e-15
6371.488274 8.076356e-15
6373.227339 7.992398e-15
6374.966403 7.879117e-15
6376.705468 7.796569e-15
6378.444533 7.749635e-15
6380.183598 7.709997e-15
6381.922663 7.664354e-15
6383.661728 7.606278e-15
6385.400793 7.547861e-15
6387.139858 7.517318e-15
6388.878923 7.512051e-15
6390.617988 7.504635e-15
6392.357053 7.488940e-15
6394.096118 7.475378e-15
6395.835183 7.471819e-15
6397.574248 7.486064e-15
6399.313313 7.511901e-15
6401.052377 7.527578e-15
6402.791442 7.530172e-15
6404.530507 7.537855e-15
6406.269572 7.552349e-15
6408.008637 7.557311e-15
6409.747702 7.550104e-15
6411.486767 7.542739e-15
6413.225832 7.547866e-15
6414.964897 7.580091e-15
6416.703962 7.642918e-15
6418.443027 7.722941e-15
6420.182092 7.813763e-15
6421.921157 7.921575e-15
6423.660222 8.045035e-15
6425.399287 8.169601e-15
6427.138351 8.294758e-15
6428.877416 8.446906e-15
6430.616481 8.629023e-15
6432.355546 8.798085e-15
6434.094611 8.936666e-15
6435.833676 9.078528e-15
6437.572741 9.247111e-15
6439.311806 9.443686e-15
6441.050871 9.664585e-15
6442.789936 9.890489e-15
6444.529001 1.011550e-14
6446.268066 1.037261e-14
6448.007131 1.068126e-14
6449.746196 1.102095e-14
6451.485260 1.137573e-14
6453.224325 1.174767e-14
6454.963390 1.213849e-14
6456.702455 1.255169e-14
6458.441520 1.298591e-14
6460.180585 1.342061e-14
6461.919650 1.384015e-14
6463.658715 1.425874e-14
6465.397780 1.468182e-14
6467.136845 1.506268e-14
6468.875910 1.537062e-14
6470.614975 1.565678e-14
6472.354040 1.596851e-14
6474.093105 1.629578e-14
6475.832170 1.662292e-14
6477.571234 1.693625e-14
6479.310299 1.722499e-14
6481.049364 1.750192e-14
6482.788429 1.778206e-14
6484.527494 1.806784e-14
6486.266559 1.835961e-14
6488.005624 1.865747e-14
6489.744689 1.896007e-14
6491.483754 1.926371e-14
6493.222819 1.956433e-14
6494.961884 1.985893e-14
6496.700949 2.014484e-14
6498.440014 2.042745e-14
6500.179079 2.071190e-14
6501.918144 2.097853e-14
6503.657208 2.120453e-14
6505.396273 2.140021e-14
6507.135338 2.158340e-14
6508.874403 2.174789e-14
6510.613468 2.188297e-14
6512.352533 2.198878e-14
6514.091598 2.207002e-14
6515.830663 2.213683e-14
6517.569728 2.220246e-14
6519.308793 2.228387e-14
6521.047858 2.239646e-14
6522.786923 2.255548e-14
6524.525988 2.277275e-14
6526.265053 2.301563e-14
6528.004117 2.323322e-14
6529.743182 2.341998e-14
6531.482247 2.358932e-14
6533.221312 2.374611e-14
6543.655702 2.384698e-14
6545.394767 2.377143e-14
6547.133832 2.366140e-14
6548.872897 2.351466e-14
6550.611962 2.334579e-14
6552.351027 2.317881e-14
6554.090091 2.305048e-14
6555.829156 2.300976e-14
6557.568221 2.302278e-14
6559.307286 2.298563e-14
6561.046351 2.290092e-14
6562.785416 2.286457e-14
6564.524481 2.287931e-14
6566.263546 2.286345e-14
6568.002611 2.281096e-14
6569.741676 2.278824e-14
6571.480741 2.279414e-14
6573.219806 2.275754e-14
6574.958871 2.266734e-14
6576.697936 2.258094e-14
6578.437001 2.249913e-14
6580.176065 2.235525e-14
6581.915130 2.213954e-14
6583.654195 2.191081e-14
6585.393260 2.170925e-14
6587.132325 2.155508e-14
6588.871390 2.144015e-14
6590.610455 2.130524e-14
6592.349520 2.114329e-14
6594.088585 2.103657e-14
6595.827650 2.101846e-14
6597.566715 2.104274e-14
6599.305780 2.106539e-14
6601.044845 2.104201e-14
6602.783910 2.096087e-14
6604.522974 2.088178e-14
6606.262039 2.083651e-14
6608.001104 2.079218e-14
6609.740169 2.071946e-14
6611.479234 2.059190e-14
6613.218299 2.040811e-14
6614.957364 2.023745e-14
6616.696429 2.011589e-14
6618.435494 1.997474e-14
6620.174559 1.977513e-14
6621.913624 1.957343e-14
6623.652689 1.941564e-14
6625.391754 1.930758e-14
6627.130819 1.924632e-14
6628.869884 1.920841e-14
6630.608948 1.917025e-14
6632.348013 1.912003e-14
6634.087078 1.905437e-14
6635.826143 1.899668e-14
6637.565208 1.896719e-14
6639.304273 1.896559e-14
6641.043338 1.898152e-14
6642.782403 1.896903e-14
6644.521468 1.889083e-14
6646.260533 1.876805e-14
6647.999598 1.862987e-14
6649.738663 1.850909e-14
6651.477728 1.842800e-14
6653.216793 1.833362e-14
6654.955858 1.817336e-14
6656.694922 1.796983e-14
6658.433987 1.775890e-14
6660.173052 1.758174e-14
6661.912117 1.747354e-14
6663.651182 1.740055e-14
6665.390247 1.731847e-14
6667.129312 1.724674e-14
6668.868377 1.721294e-14
6670.607442 1.720118e-14
6672.346507 1.718784e-14
6674.085572 1.716528e-14
6675.824637 1.712951e-14
6677.563702 1.708635e-14
6679.302767 1.704399e-14
6681.041831 1.698627e-14
6682.780896 1.689181e-14
6684.519961 1.676302e-14
6686.259026 1.661139e-14
6687.998091 1.644343e-14
6689.737156 1.626467e-14
6691.476221 1.609298e-14
6693.215286 1.594968e-14
6694.954351 1.582319e-14
6696.693416 1.568867e-14
6698.432481 1.555795e-14
6700.171546 1.545758e-14
6701.910611 1.539113e-14
6703.649676 1.535155e-14
6705.388741 1.533119e-14
6707.127805 1.532028e-14
6708.866870 1.531713e-14
6710.605935 1.532594e-14
6712.345000 1.533418e-14
6714.084065 1.531793e-14
6715.823130 1.528943e-14
6717.562195 1.528540e-14
6719.301260 1.528400e-14
6721.040325 1.522433e-14
6722.779390 1.510761e-14
6724.518455 1.497907e-14
6726.257520 1.485933e-14
6727.996585 1.475202e-14
6729.735650 1.465473e-14
6731.474715 1.455860e-14
6733.213779 1.445930e-14
6734.952844 1.435454e-14
6736.691909 1.426594e-14
6738.430974 1.424058e-14
6740.170039 1.427347e-14
6741.909104 1.430515e-14
6743.648169 1.431204e-14
6745.387234 1.430839e-14
6747.126299 1.431181e-14
6748.865364 1.434910e-14
6750.604429 1.441533e-14
6752.343494 1.446064e-14
6754.082559 1.446583e-14
6755.821624 1.445554e-14
6757.560688 1.443704e-14
6759.299753 1.439501e-14
6761.038818 1.431847e-14
6762.777883 1.419633e-14
6764.516948 1.404277e-14
6766.256013 1.391701e-14
6767.995078 1.384555e-14
6769.734143 1.379369e-14
6771.473208 1.373619e-14
6773.212273 1.366662e-14
6774.951338 1.358911e-14
6776.690403 1.353426e-14
6778.429468 1.351913e-14
6780.168533 1.352682e-14
6781.907598 1.354203e-14
6783.646662 1.355619e-14
6785.385727 1.356404e-14
6787.124792 1.357182e-14
6788.863857 1.358320e-14
6790.602922 1.359160e-14
6792.341987 1.359064e-14
6794.081052 1.357708e-14
6795.820117 1.354625e-14
6797.559182 1.348609e-14
6799.298247 1.339192e-14
6801.037312 1.328256e-14
6802.776377 1.317614e-14
6804.515442 1.307703e-14
6806.254507 1.298805e-14
6807.993572 1.291373e-14
6809.732636 1.285443e-14
6811.471701 1.279534e-14
6813.210766 1.272455e-14
6814.949831 1.265391e-14
6816.688896 1.259646e-14
6818.427961 1.254874e-14
6820.167026 1.250826e-14
6821.906091 1.249428e-14
6823.645156 1.252180e-14
6825.384221 1.257326e-14
6827.123286 1.262516e-14
6828.862351 1.264881e-14
6830.601416 1.262109e-14
6832.340481 1.257350e-14
6834.079545 1.254414e-14
6835.818610 1.250984e-14
6837.557675 1.243930e-14
6839.296740 1.234949e-14
6841.035805 1.226529e-14
6842.774870 1.218573e-14
6844.513935 1.210426e-14
6846.253000 1.201397e-14
6847.992065 1.190843e-14
6849.731130 1.179781e-14
6851.470195 1.169640e-14
6853.209260 1.161089e-14
6854.948325 1.154311e-14
6856.687390 1.148211e-14
6858.426455 1.141246e-14
6860.165519 1.130872e-14
6861.904584 1.114364e-14
6863.643649 1.094043e-14
6865.382714 1.074498e-14
6867.121779 1.054452e-14
6868.860844 1.030405e-14
6870.599909 1.005062e-14
6872.338974 9.837578e-15
6874.078039 9.697695e-15
6875.817104 9.650976e-15
6877.556169 9.690247e-15
6879.295234 9.787866e-15
6881.034299 9.916815e-15
6882.773364 1.005347e-14
6884.512429 1.014944e-14
6886.251493 1.014369e-14
6887.990558 1.005467e-14
6889.729623 9.957393e-15
6891.468688 9.874635e-15
6893.207753 9.791133e-15
6894.946818 9.721888e-15
6896.685883 9.700728e-15
6898.424948 9.737605e-15
6900.164013 9.823590e-15
6901.903078 9.947483e-15
6903.642143 1.009551e-14
6905.381208 1.025422e-14
6907.120273 1.041179e-14
6908.859338 1.056174e-14
6910.598403 1.070382e-14
6912.337467 1.083433e-14
6914.076532 1.094549e-14
6915.815597 1.103293e-14
6917.554662 1.109573e-14
6919.293727 1.113466e-14
6921.032792 1.115332e-14
6922.771857 1.115179e-14
6924.510922 1.112296e-14
6926.249987 1.107252e-14
6927.989052 1.102723e-14
6929.728117 1.099079e-14
6931.467182 1.092848e-14
6933.206247 1.083222e-14
6934.945312 1.073872e-14
6936.684376 1.067251e-14
6938.423441 1.063597e-14
6940.162506 1.063035e-14
6941.901571 1.065337e-14
6943.640636 1.070202e-14
6945.379701 1.077764e-14
6947.118766 1.087454e-14
6948.857831 1.096983e-14
6950.596896 1.105426e-14
6952.335961 1.115790e-14
6954.075026 1.128965e-14
6955.814091 1.139363e-14
6957.553156 1.144154e-14
6959.292221 1.149346e-14
6961.031286 1.158444e-14
6962.770350 1.166127e-14
6964.509415 1.168329e-14
6966.248480 1.165839e-14
6967.987545 1.160330e-14
6969.726610 1.155824e-14
6971.465675 1.155218e-14
6973.204740 1.155856e-14
6974.943805 1.155083e-14
6976.682870 1.153132e-14
6978.421935 1.150255e-14
6980.161000 1.145396e-14
6981.900065 1.138224e-14
6983.639130 1.131450e-14
6985.378195 1.127757e-14
6987.117260 1.128013e-14
6988.856324 1.132298e-14
6990.595389 1.138532e-14
6992.334454 1.144441e-14
6994.073519 1.149262e-14
6995.812584 1.152761e-14
6997.551649 1.156988e-14
6999.290714 1.163882e-14
7001.029779 1.171079e-14
7002.768844 1.175602e-14
7004.507909 1.176327e-14
7006.246974 1.172739e-14
7007.986039 1.166855e-14
7009.725104 1.161209e-14
7011.464169 1.153449e-14
7013.203233 1.140586e-14
7014.942298 1.126279e-14
7016.681363 1.115599e-14
7018.420428 1.109326e-14
7020.159493 1.106844e-14
7021.898558 1.106629e-14
7023.637623 1.106799e-14
7025.376688 1.107244e-14
7027.115753 1.108493e-14
7028.854818 1.112086e-14
7030.593883 1.119803e-14
7032.332948 1.130153e-14
7034.072013 1.140352e-14
7035.811078 1.148867e-14
7037.550143 1.154660e-14
7039.289207 1.158940e-14
7041.028272 1.164084e-14
7042.767337 1.168693e-14
7044.506402 1.169597e-14
7046.245467 1.166462e-14
7047.984532 1.160340e-14
7049.723597 1.152969e-14
7051.462662 1.146708e-14
7053.201727 1.140308e-14
7054.940792 1.130206e-14
7056.679857 1.116992e-14
7058.418922 1.104032e-14
7060.157987 1.092621e-14
7061.897052 1.082591e-14
7063.636117 1.074684e-14
7065.375181 1.070197e-14
7067.114246 1.068588e-14
7068.853311 1.067801e-14
7070.592376 1.067359e-14
7072.331441 1.068180e-14
7074.070506 1.070290e-14
7075.809571 1.073029e-14
7077.548636 1.075603e-14
7079.287701 1.076914e-14
7081.026766 1.077264e-14
7082.765831 1.078499e-14
7084.504896 1.081170e-14
7086.243961 1.084405e-14
7087.983026 1.086723e-14
7089.722090 1.085837e-14
7091.461155 1.080912e-14
7093.200220 1.073107e-14
7094.939285 1.063903e-14
7096.678350 1.055151e-14
7098.417415 1.047893e-14
7100.156480 1.041825e-14
7101.895545 1.036367e-14
7103.634610 1.030412e-14
7105.373675 1.024148e-14
7107.112740 1.020138e-14
7108.851805 1.020261e-14
7110.590870 1.025059e-14
7112.329935 1.034254e-14
7114.069000 1.046199e-14
7115.808064 1.059019e-14
7117.547129 1.070548e-14
7119.286194 1.080011e-14
7121.025259 1.090088e-14
7122.764324 1.102384e-14
7124.503389 1.115267e-14
7126.242454 1.127103e-14
7127.981519 1.136602e-14
7129.720584 1.142802e-14
7131.459649 1.145982e-14
7133.198714 1.146418e-14
7134.937779 1.143420e-14
7136.676844 1.137018e-14
7138.415909 1.129630e-14
7140.154974 1.123181e-14
7141.894038 1.116801e-14
7143.633103 1.109799e-14
7145.372168 1.103322e-14
7147.111233 1.098365e-14
7148.850298 1.095405e-14
7150.589363 1.094410e-14
7152.328428 1.092714e-14
7154.067493 1.088252e-14
7155.806558 1.084600e-14
7157.545623 1.084971e-14
7159.284688 1.086465e-14
7161.023753 1.085643e-14
7162.762818 1.081347e-14
7164.501883 1.073032e-14
7166.240947 1.061564e-14
7167.980012 1.048279e-14
7169.719077 1.033974e-14
7171.458142 1.019412e-14
7173.197207 1.005419e-14
7174.936272 9.926709e-15
7176.675337 9.818024e-15
7178.414402 9.732059e-15
7180.153467 9.656167e-15
7181.892532 9.574143e-15
7183.631597 9.492757e-15
7185.370662 9.423339e-15
7187.109727 9.354269e-15
7188.848792 9.270887e-15
7190.587857 9.160622e-15
7192.326921 9.014658e-15
7194.065986 8.885963e-15
7195.805051 8.845076e-15
7197.544116 8.878732e-15
7199.283181 8.942053e-15
7201.022246 9.023448e-15
7202.761311 9.122752e-15
7204.500376 9.243267e-15
7206.239441 9.390319e-15
7207.978506 9.571361e-15
7209.717571 9.793691e-15
7211.456636 1.003232e-14
7213.195701 1.024488e-14
7214.934766 1.042634e-14
7216.673831 1.059394e-14
7218.412895 1.072506e-14
7220.151960 1.077499e-14
7221.891025 1.076321e-14
7223.630090 1.074854e-14
7225.369155 1.072868e-14
7227.108220 1.066264e-14
7228.847285 1.053932e-14
7230.586350 1.036906e-14
7232.325415 1.016178e-14
7234.064480 9.927267e-15
7235.803545 9.703455e-15
7237.542610 9.549791e-15
7239.281675 9.477146e-15
7241.020740 9.452612e-15
7242.759804 9.457258e-15
7244.498869 9.484402e-15
7246.237934 9.530017e-15
7247.976999 9.595960e-15
7249.716064 9.679692e-15
7251.455129 9.774374e-15
7253.194194 9.872310e-15
7254.933259 9.963012e-15
7256.672324 1.005210e-14
7258.411389 1.016379e-14
7260.150454 1.031119e-14
7261.889519 1.049600e-14
7263.628584 1.069166e-14
7265.367649 1.082905e-14
7267.106714 1.088011e-14
7268.845778 1.088379e-14
7270.584843 1.086358e-14
7272.323908 1.081203e-14
7274.062973 1.073915e-14
7275.802038 1.068372e-14
7277.541103 1.065805e-14
7279.280168 1.062445e-14
7281.019233 1.056325e-14
7282.758298 1.049096e-14
7284.497363 1.042863e-14
7286.236428 1.041531e-14
7287.975493 1.045504e-14
7289.714558 1.046404e-14
7291.453623 1.039129e-14
7293.192688 1.027402e-14
7294.931752 1.015494e-14
7296.670817 1.008197e-14
7298.409882 1.008348e-14
7300.148947 1.012215e-14
7301.888012 1.016462e-14
7303.627077 1.021473e-14
7305.366142 1.027331e-14
7307.105207 1.032554e-14
7308.844272 1.036447e-14
7310.583337 1.040715e-14
7312.322402 1.047012e-14
7314.061467 1.056927e-14
7315.800532 1.070567e-14
7317.539597 1.081280e-14
7319.278661 1.083698e-14
7321.017726 1.082380e-14
7322.756791 1.082154e-14
7324.495856 1.082573e-14
7326.234921 1.082533e-14
7327.973986 1.079976e-14
7329.713051 1.073163e-14
7331.452116 1.064221e-14
7333.191181 1.055697e-14
7334.930246 1.047091e-14
7336.669311 1.037754e-14
7338.408376 1.030245e-14
7340.147441 1.027057e-14
7341.886506 1.026604e-14
7343.625571 1.026576e-14
7345.364635 1.025675e-14
7347.103700 1.023121e-14
7348.842765 1.021403e-14
7350.581830 1.023590e-14
7352.320895 1.029581e-14
7354.059960 1.038295e-14
7355.799025 1.047862e-14
7357.538090 1.056145e-14
7359.277155 1.064062e-14
7361.016220 1.073489e-14
7362.755285 1.082242e-14
7364.494350 1.087042e-14
7366.233415 1.089738e-14
7367.972480 1.093861e-14
7369.711545 1.099395e-14
7371.450609 1.104942e-14
7373.189674 1.109373e-14
7374.928739 1.111588e-14
7376.667804 1.111103e-14
7378.406869 1.107804e-14
7380.145934 1.102295e-14
7381.884999 1.095781e-14
7383.624064 1.087325e-14
7385.363129 1.074822e-14
7387.102194 1.061117e-14
7388.841259 1.051785e-14
7390.580324 1.047311e-14
7392.319389 1.045024e-14
7394.058454 1.043942e-14
7395.797518 1.044005e-14
7397.536583 1.044875e-14
7399.275648 1.046314e-14
7401.014713 1.047904e-14
7402.753778 1.048908e-14
7404.492843 1.050751e-14
7406.231908 1.056680e-14
7407.970973 1.066197e-14
7409.710038 1.075481e-14
7411.449103 1.083223e-14
7413.188168 1.090358e-14
7414.927233 1.097251e-14
7416.666298 1.103964e-14
7418.405363 1.109768e-14
7420.144428 1.112916e-14
7421.883492 1.113042e-14
7423.622557 1.111320e-14
7425.361622 1.108662e-14
7427.100687 1.105982e-14
7428.839752 1.102341e-14
7430.578817 1.093806e-14
7432.317882 1.080794e-14
7434.056947 1.070359e-14
7435.796012 1.064730e-14
7437.535077 1.058452e-14
7439.274142 1.049464e-14
7441.013207 1.041424e-14
7442.752272 1.035779e-14
7444.491337 1.030107e-14
7446.230402 1.023984e-14
7447.969466 1.020781e-14
7449.708531 1.021912e-14
7451.447596 1.024636e-14
7453.186661 1.027760e-14
7454.925726 1.033730e-14
7456.664791 1.043717e-14
7458.403856 1.056427e-14
7460.142921 1.069755e-14
7461.881986 1.079410e-14
7463.621051 1.083284e-14
7465.360116 1.085107e-14
7467.099181 1.088490e-14
7468.838246 1.095916e-14
7470.577311 1.107910e-14
7472.316375 1.118942e-14
7474.055440 1.124477e-14
7475.794505 1.125197e-14
7477.533570 1.122490e-14
7479.272635 1.119080e-14
7481.011700 1.116833e-14
7482.750765 1.112276e-14
7484.489830 1.102744e-14
7486.228895 1.091920e-14
7487.967960 1.083077e-14
7489.707025 1.073272e-14
7491.446090 1.060342e-14
7493.185155 1.050442e-14
7494.924220 1.048863e-14
7496.663285 1.050489e-14
7498.402349 1.049778e-14
7500.141414 1.048252e-14
7501.880479 1.048207e-14
7503.619544 1.050388e-14
7505.358609 1.055196e-14
7507.097674 1.061863e-14
7508.836739 1.069234e-14
7510.575804 1.075640e-14
7512.314869 1.079625e-14
7514.053934 1.081848e-14
7515.792999 1.083478e-14
7517.532064 1.086124e-14
7519.271129 1.091172e-14
7521.010194 1.095807e-14
7522.749259 1.096327e-14
7524.488323 1.093408e-14
7526.227388 1.088964e-14
7527.966453 1.083263e-14
7529.705518 1.076189e-14
7531.444583 1.067976e-14
7533.183648 1.058946e-14
7534.922713 1.048562e-14
7536.661778 1.036010e-14
7538.400843 1.022993e-14
7540.139908 1.012235e-14
7541.878973 1.002290e-14
7543.618038 9.899758e-15
7545.357103 9.779171e-15
7547.096168 9.712020e-15
7548.835232 9.688586e-15
7550.574297 9.670872e-15
7552.313362 9.651290e-15
7554.052427 9.635547e-15
7555.791492 9.638103e-15
7557.530557 9.680525e-15
7559.269622 9.747381e-15
7561.008687 9.799949e-15
7562.747752 9.837089e-15
7564.486817 9.880533e-15
7566.225882 9.938733e-15
7567.964947 1.001436e-14
7569.704012 1.008510e-14
7571.443077 1.010723e-14
7573.182142 1.009032e-14
7574.921206 1.008955e-14
7576.660271 1.011075e-14
7578.399336 1.011767e-14
7580.138401 1.011169e-14
7581.877466 1.012223e-14
7583.616531 1.017888e-14
7585.355596 1.031498e-14
7587.094661 1.049881e-14
7588.833726 1.061557e-14
7590.572791 1.062146e-14
7592.311856 1.060133e-14
7594.050921 1.038044e-14
7595.789986 9.414160e-15
7597.529051 7.811641e-15
7599.268116 6.573019e-15
7601.007180 6.052326e-15
7602.746245 5.667019e-15
7604.485310 5.146977e-15
7606.224375 4.664882e-15
7607.963440 4.369480e-15
7609.702505 4.436498e-15
7611.441570 4.898105e-15
7613.180635 5.515318e-15
7614.919700 6.094416e-15
7616.658765 6.545844e-15
7618.397830 6.830015e-15
7620.136895 7.022720e-15
7621.875960 7.164549e-15
7623.615025 7.187504e-15
7625.354089 7.052325e-15
7627.093154 6.766882e-15
7628.832219 6.376304e-15
7630.571284 6.013541e-15
7632.310349 5.774003e-15
7634.049414 5.636487e-15
7635.788479 5.572997e-15
7637.527544 5.568583e-15
7639.266609 5.603220e-15
7641.005674 5.662018e-15
7642.744739 5.732738e-15
7644.483804 5.809389e-15
7646.222869 5.888161e-15
7647.961934 5.965085e-15
7649.700999 6.038638e-15
7651.440063 6.111122e-15
7653.179128 6.186646e-15
7654.918193 6.265042e-15
7656.657258 6.351093e-15
7658.396323 6.485838e-15
7660.135388 6.695957e-15
7661.874453 6.917347e-15
7663.613518 7.088177e-15
7665.352583 7.225710e-15
7667.091648 7.358564e-15
7668.830713 7.508114e-15
7670.569778 7.692785e-15
7672.308843 7.910617e-15
7674.047908 8.151778e-15
7675.786973 8.398388e-15
7677.526037 8.631444e-15
7679.265102 8.833208e-15
7681.004167 8.991561e-15
7682.743232 9.138788e-15
7684.482297 9.312754e-15
7686.221362 9.489133e-15
7687.960427 9.631595e-15
7689.699492 9.747025e-15
7691.438557 9.851407e-15
7693.177622 9.948483e-15
7694.916687 1.003964e-14
7696.655752 1.010640e-14
7698.394817 1.012606e-14
7700.133882 1.012357e-14
7701.872947 1.013785e-14
7703.612011 1.016482e-14
7705.351076 1.018554e-14
7707.090141 1.018938e-14
7708.829206 1.016924e-14
7710.568271 1.013135e-14
7712.307336 1.008803e-14
7714.046401 1.005973e-14
7715.785466 1.006965e-14
7717.524531 1.010653e-14
7719.263596 1.014246e-14
7721.002661 1.017113e-14
7722.741726 1.019703e-14
7724.480791 1.023560e-14
7726.219856 1.030798e-14
7727.958920 1.041739e-14
7729.697985 1.055629e-14
7731.437050 1.069996e-14
7733.176115 1.081226e-14
7734.915180 1.089309e-14
7736.654245 1.096705e-14
7738.393310 1.104965e-14
7740.132375 1.115188e-14
7741.871440 1.125525e-14
7743.610505 1.131635e-14
7745.349570 1.133019e-14
7747.088635 1.132329e-14
7748.827700 1.131997e-14
7750.566765 1.134567e-14
7752.305830 1.138747e-14
7754.044894 1.139129e-14
7755.783959 1.134365e-14
7757.523024 1.127564e-14
7759.262089 1.119964e-14
7761.001154 1.110802e-14
7762.740219 1.100171e-14
7764.479284 1.088974e-14
7766.218349 1.077585e-14
7767.957414 1.065736e-14
7769.696479 1.053694e-14
7771.435544 1.042321e-14
7773.174609 1.032542e-14
7774.913674 1.025817e-14
7776.652739 1.021259e-14
7778.391804 1.013766e-14
7780.130868 1.002414e-14
7781.869933 9.937983e-15
7783.608998 9.915706e-15
7785.348063 9.934129e-15
7787.087128 9.982235e-15
7788.826193 1.008077e-14
7790.565258 1.021848e-14
7792.304323 1.031604e-14
7794.043388 1.033492e-14
7795.782453 1.033278e-14
7797.521518 1.035480e-14
7799.260583 1.040724e-14
7800.999648 1.048578e-14
7802.738713 1.055229e-14
7804.477777 1.058521e-14
7806.216842 1.062785e-14
7807.955907 1.070470e-14
7809.694972 1.076726e-14
7811.434037 1.078208e-14
7813.173102 1.077998e-14
7814.912167 1.078595e-14
7816.651232 1.079032e-14
7818.390297 1.078215e-14
7820.129362 1.075096e-14
7821.868427 1.069029e-14
7823.607492 1.060816e-14
7825.346557 1.051701e-14
7827.085622 1.044517e-14
7828.824687 1.041146e-14
7830.563751 1.037626e-14
7832.302816 1.030144e-14
7834.041881 1.020714e-14
7835.780946 1.011746e-14
7837.520011 1.002232e-14
7839.259076 9.912659e-15
7840.998141 9.809754e-15
7842.737206 9.735981e-15
7844.476271 9.694383e-15
7846.215336 9.682003e-15
7847.954401 9.684064e-15
7849.693466 9.683997e-15
7851.432531 9.683379e-15
7853.171596 9.688417e-15
7854.910661 9.692410e-15
7856.649725 9.687976e-15
7858.388790 9.700641e-15
7860.127855 9.760409e-15
7861.866920 9.838477e-15
7863.605985 9.892174e-15
7865.345050 9.935064e-15
7867.084115 9.994989e-15
7868.823180 1.007183e-14
7870.562245 1.015790e-14
7872.301310 1.022685e-14
7874.040375 1.024606e-14
7875.779440 1.024622e-14
7877.518505 1.028160e-14
7879.257570 1.033128e-14
7880.996634 1.034459e-14
7882.735699 1.032475e-14
7884.474764 1.029738e-14
7886.213829 1.026563e-14
7887.952894 1.022387e-14
7889.691959 1.016980e-14
7891.431024 1.010170e-14
7893.170089 1.002297e-14
7894.909154 9.939953e-15
7896.648219 9.855158e-15
7898.387284 9.769986e-15
7900.126349 9.679631e-15
7901.865414 9.574095e-15
7903.604479 9.470185e-15
7905.343544 9.403313e-15
7907.082608 9.374294e-15
7908.821673 9.357676e-15
7910.560738 9.344720e-15
7912.299803 9.339844e-15
7914.038868 9.337136e-15
7915.777933 9.322717e-15
7917.516998 9.300381e-15
7919.256063 9.291819e-15
7920.995128 9.296788e-15
7922.734193 9.289992e-15
7924.473258 9.287708e-15
7926.212323 9.351057e-15
7927.951388 9.483831e-15
7929.690453 9.625672e-15
7931.429518 9.744405e-15
7933.168582 9.841381e-15
7934.907647 9.919345e-15
7936.646712 9.985285e-15
7938.385777 1.004779e-14
7940.124842 1.011643e-14
7941.863907 1.018585e-14
7943.602972 1.022704e-14
7945.342037 1.022861e-14
7947.081102 1.020723e-14
7948.820167 1.017898e-14
7950.559232 1.015951e-14
7952.298297 1.015338e-14
7954.037362 1.014173e-14
7955.776427 1.011413e-14
7957.515491 1.008147e-14
7959.254556 1.004562e-14
7960.993621 9.987242e-15
7962.732686 9.901297e-15
7964.471751 9.813072e-15
7966.210816 9.743816e-15
7967.949881 9.705404e-15
7969.688946 9.696599e-15
7971.428011 9.683617e-15
7973.167076 9.640627e-15
7974.906141 9.566434e-15
7976.645206 9.472852e-15
7978.384271 9.413233e-15
7980.123336 9.416602e-15
7981.862401 9.415147e-15
7983.601465 9.357146e-15
7985.340530 9.281440e-15
7987.079595 9.220643e-15
7988.818660 9.148096e-15
7990.557725 9.048012e-15
7992.296790 8.966427e-15
7994.035855 8.940782e-15
7995.774920 8.946457e-15
7997.513985 8.956093e-15
7999.253050 8.966452e-15
8000.992115 8.977867e-15
8002.731180 8.999289e-15
8004.470245 9.040070e-15
8006.209310 9.100665e-15
8007.948375 9.178107e-15
8009.687439 9.261621e-15
8011.426504 9.339438e-15
8013.165569 9.404575e-15
8014.904634 9.453390e-15
8016.643699 9.489131e-15
8018.382764 9.517573e-15
8020.121829 9.559644e-15
8021.860894 9.634160e-15
8023.599959 9.708867e-15
8025.339024 9.742346e-15
8027.078089 9.739117e-15
8028.817154 9.716724e-15
8030.556219 9.669814e-15
8032.295284 9.590271e-15
8034.034348 9.519458e-15
8035.773413 9.507492e-15
8037.512478 9.527789e-15
8039.251543 9.529674e-15
8040.990608 9.494659e-15
8042.729673 9.417067e-15
8044.468738 9.313896e-15
8046.207803 9.211969e-15
8047.946868 9.130910e-15
8049.685933 9.086608e-15
8051.424998 9.054702e-15
8053.164063 8.991076e-15
8054.903128 8.912198e-15
8056.642193 8.864212e-15
8058.381258 8.828354e-15
8060.120322 8.754710e-15
8061.859387 8.653116e-15
8063.598452 8.564669e-15
8065.337517 8.503733e-15
8067.076582 8.469201e-15
8068.815647 8.458942e-15
8070.554712 8.469186e-15
8072.293777 8.482655e-15
8074.032842 8.473329e-15
8075.771907 8.446435e-15
8077.510972 8.430654e-15
8079.250037 8.436476e-15
8080.989102 8.459659e-15
8082.728167 8.498090e-15
8084.467232 8.550665e-15
8086.206296 8.606635e-15
8087.945361 8.647636e-15
8089.684426 8.669018e-15
8091.423491 8.679132e-15
8093.162556 8.688578e-15
8094.901621 8.710245e-15
8096.640686 8.746244e-15
8098.379751 8.787067e-15
8100.118816 8.818392e-15
8101.857881 8.818386e-15
8103.596946 8.789497e-15
8105.336011 8.767557e-15
8107.075076 8.763131e-15
8108.814141 8.752267e-15
8110.553205 8.716141e-15
8112.292270 8.641297e-15
8114.031335 8.530352e-15
8115.770400 8.411739e-15
8117.509465 8.308820e-15
8119.248530 8.236365e-15
8120.987595 8.191429e-15
8122.726660 8.137174e-15
8124.465725 8.054250e-15
8126.204790 7.960630e-15
8127.943855 7.872683e-15
8129.682920 7.804108e-15
8131.421985 7.757534e-15
8133.161050 7.707498e-15
8134.900115 7.637413e-15
8136.639179 7.554208e-15
8138.378244 7.469480e-15
8140.117309 7.406377e-15
8141.856374 7.377745e-15
8143.595439 7.361449e-15
8145.334504 7.342308e-15
8147.073569 7.339093e-15
8148.812634 7.360448e-15
8150.551699 7.372457e-15
8152.290764 7.354901e-15
8154.029829 7.345715e-15
8155.768894 7.375192e-15
8157.507959 7.429745e-15
8159.247024 7.491674e-15
8160.986089 7.537344e-15
8162.725153 7.551968e-15
8164.464218 7.568730e-15
8166.203283 7.618607e-15
8167.942348 7.692016e-15
8169.681413 7.774544e-15
8171.420478 7.846721e-15
8173.159543 7.894013e-15
8174.898608 7.959008e-15
8176.637673 8.078498e-15
8178.376738 8.182842e-15
8180.115803 8.201092e-15
8181.854868 8.165193e-15
8183.593933 8.124328e-15
8185.332998 8.124416e-15
8187.072062 8.201242e-15
8188.811127 8.296012e-15
8190.550192 8.334269e-15
8192.289257 8.324560e-15
8194.028322 8.294578e-15
8195.767387 8.251823e-15
8197.506452 8.202287e-15
8199.245517 8.148362e-15
8200.984582 8.089597e-15
8202.723647 8.048487e-15
8204.462712 8.050942e-15
8206.201777 8.054656e-15
8207.940842 7.996121e-15
8209.679907 7.909951e-15
8211.418972 7.863287e-15
8213.158036 7.799055e-15
8214.897101 7.619094e-15
8216.636166 7.365029e-15
8218.375231 7.133058e-15
8220.114296 6.924033e-15
8221.853361 6.700809e-15
8223.592426 6.461051e-15
8225.331491 6.217009e-15
8227.070556 5.984543e-15
8228.809621 5.782021e-15
8230.548686 5.638200e-15
8232.287751 5.584919e-15
8234.026816 5.617001e-15
8235.765881 5.704226e-15
8237.504946 5.829877e-15
8239.244010 5.985819e-15
8240.983075 6.145058e-15
8242.722140 6.269318e-15
8244.461205 6.351314e-15
8246.200270 6.408150e-15
8247.939335 6.434986e-15
8249.678400 6.410372e-15
8251.417465 6.337523e-15
8253.156530 6.240286e-15
8254.895595 6.126137e-15
8256.634660 5.985929e-15
8258.373725 5.833896e-15
8260.112790 5.708255e-15
8261.851855 5.603805e-15
8263.590919 5.468763e-15
8265.329984 5.297389e-15
8267.069049 5.135054e-15
8268.808114 4.998052e-15
8270.547179 4.871629e-15
8272.286244 4.736648e-15
8274.025309 4.565442e-15
8275.764374 4.353521e-15
8277.503439 4.128505e-15
8279.242504 3.918823e-15
8280.981569 3.753772e-15
8282.720634 3.641715e-15
8284.459699 3.555587e-15
8286.198764 3.476917e-15
8287.937829 3.406844e-15
8289.676893 3.340565e-15
8291.415958 3.261867e-15
8293.155023 3.171478e-15
8294.894088 3.102735e-15
8296.633153 3.071477e-15
8298.372218 3.055008e-15
8300.111283 3.035610e-15
8301.850348 3.008737e-15
8303.589413 2.972649e-15
8305.328478 2.935921e-15
8307.067543 2.901574e-15
8308.806608 2.849744e-15
8310.545673 2.775706e-15
8312.284738 2.721312e-15
8314.023803 2.712561e-15
8315.762867 2.721873e-15
8317.501932 2.724060e-15
8319.240997 2.712126e-15
8320.980062 2.684549e-15
8322.719127 2.658345e-15
8324.458192 2.647806e-15
8326.197257 2.646467e-15
8327.936322 2.646846e-15
8329.675387 2.645174e-15
8331.414452 2.638894e-15
8333.153517 2.631473e-15
8334.892582 2.626875e-15
8336.631647 2.626560e-15
8338.370712 2.631270e-15
8340.109776 2.636734e-15
8341.848841 2.639576e-15
8343.587906 2.652215e-15
8345.326971 2.684712e-15
8347.066036 2.716318e-15
8348.805101 2.725679e-15
8350.544166 2.718249e-15
8352.283231 2.704883e-15
8354.022296 2.704912e-15
8355.761361 2.735815e-15
8357.500426 2.770983e-15
8359.239491 2.778470e-15
8360.978556 2.781591e-15
8362.717621 2.812752e-15
8364.456686 2.861259e-15
8366.195750 2.907670e-15
8367.934815 2.948683e-15
8369.673880 2.984823e-15
8371.412945 3.029273e-15
8373.152010 3.098336e-15
8374.891075 3.176554e-15
8376.630140 3.239526e-15
8378.369205 3.295756e-15
8380.108270 3.364075e-15
8381.847335 3.447707e-15
8383.586400 3.544842e-15
8385.325465 3.645584e-15
8387.064530 3.735918e-15
8388.803595 3.826450e-15
8390.542660 3.938271e-15
8392.281724 4.062202e-15
8394.020789 4.175411e-15
8395.759854 4.274488e-15
8397.498919 4.364930e-15
8399.237984 4.451295e-15
8400.977049 4.539197e-15
8402.716114 4.620660e-15
8404.455179 4.679058e-15
8406.194244 4.721007e-15
8407.933309 4.767729e-15
8409.672374 4.820456e-15
8411.411439 4.867370e-15
8413.150504 4.904326e-15
8414.889569 4.932831e-15
8416.628633 4.952177e-15
8418.367698 4.958749e-15
8420.106763 4.966661e-15
8421.845828 5.005902e-15
8423.584893 5.067212e-15
8425.323958 5.105954e-15
8427.063023 5.110241e-15
8428.802088 5.098844e-15
8430.541153 5.085664e-15
8432.280218 5.082140e-15
8434.019283 5.088316e-15
8435.758348 5.088340e-15
8437.497413 5.081882e-15
8439.236478 5.089537e-15
8440.975543 5.111889e-15
8442.714607 5.121184e-15
8444.453672 5.121548e-15
8446.192737 5.163752e-15
8447.931802 5.253901e-15
8449.670867 5.330960e-15
8451.409932 5.371739e-15
8453.148997 5.413164e-15
8454.888062 5.473305e-15
8456.627127 5.540384e-15
8458.366192 5.605965e-15
8460.105257 5.664525e-15
8461.844322 5.714226e-15
8463.583387 5.760792e-15
8465.322452 5.812407e-15
8467.061517 5.883675e-15
8468.800581 5.975928e-15
8470.539646 6.059550e-15
8472.278711 6.116081e-15
8474.017776 6.157770e-15
8475.756841 6.193851e-15
8477.495906 6.224180e-15
8479.234971 6.246453e-15
8480.974036 6.247499e-15
8482.713101 6.223340e-15
8484.452166 6.199285e-15
8486.191231 6.195526e-15
8487.930296 6.209383e-15
8489.669361 6.236033e-15
8491.408426 6.273190e-15
8493.147491 6.314866e-15
8494.886555 6.341356e-15
8496.625620 6.341427e-15
8498.364685 6.341437e-15
8500.103750 6.365532e-15
8501.842815 6.410023e-15
8503.581880 6.467121e-15
8505.320945 6.523659e-15
8507.060010 6.568555e-15
8508.799075 6.613396e-15
8510.538140 6.670099e-15
8512.277205 6.725223e-15
8514.016270 6.766740e-15
8515.755335 6.818175e-15
8517.494400 6.903086e-15
8519.233464 6.997124e-15
8520.972529 7.073635e-15
8522.711594 7.162605e-15
8524.450659 7.298043e-15
8526.189724 7.459922e-15
8527.928789 7.619612e-15
8529.667854 7.769222e-15
8531.406919 7.906501e-15
8533.145984 8.053737e-15
8534.885049 8.236913e-15
8536.624114 8.435043e-15
8538.363179 8.616185e-15
8540.102244 8.781075e-15
8541.841309 8.940064e-15
8543.580374 9.099675e-15
8545.319438 9.265970e-15
8547.058503 9.442896e-15
8548.797568 9.632243e-15
8550.536633 9.829197e-15
8552.275698 1.002539e-14
8554.014763 1.021759e-14
8555.753828 1.040528e-14
8557.492893 1.057342e-14
8559.231958 1.070237e-14
8560.971023 1.080339e-14
8562.710088 1.090146e-14
8564.449153 1.100649e-14
8566.188218 1.112290e-14
8567.927283 1.123008e-14
8569.666348 1.128936e-14
8571.405412 1.133494e-14
8573.144477 1.144761e-14
8574.883542 1.158163e-14
8576.622607 1.161156e-14
8578.361672 1.156316e-14
8580.100737 1.156032e-14
8581.839802 1.162821e-14
8583.578867 1.172608e-14
8585.317932 1.181738e-14
8587.056997 1.186341e-14
8588.796062 1.186181e-14
8590.535127 1.184469e-14
8592.274192 1.183029e-14
8594.013257 1.182332e-14
8595.752321 1.183454e-14
8597.491386 1.187895e-14
8599.230451 1.194855e-14
8600.969516 1.201202e-14
8602.708581 1.205796e-14
8604.447646 1.209741e-14
8606.186711 1.213590e-14
8607.925776 1.217525e-14
8609.664841 1.221087e-14
8611.403906 1.222564e-14
8613.142971 1.222924e-14
8614.882036 1.226953e-14
8616.621101 1.236155e-14
8618.360166 1.247130e-14
8620.099231 1.258025e-14
8621.838295 1.269662e-14
8623.577360 1.281511e-14
8625.316425 1.290835e-14
8627.055490 1.297203e-14
8628.794555 1.304002e-14
8630.533620 1.313735e-14
8632.272685 1.327405e-14
8634.011750 1.344006e-14
8635.750815 1.358387e-14
8637.489880 1.367183e-14
8639.228945 1.371351e-14
8640.968010 1.372387e-14
8642.707075 1.373127e-14
8644.446140 1.374483e-14
8646.185205 1.371075e-14
8647.924269 1.360426e-14
8649.663334 1.348927e-14
8651.402399 1.341383e-14
8653.141464 1.336732e-14
8654.880529 1.333544e-14
8656.619594 1.330240e-14
8658.358659 1.325502e-14
8660.097724 1.320037e-14
8661.836789 1.314397e-14
8663.575854 1.307598e-14
8665.314919 1.298976e-14
8667.053984 1.289319e-14
8668.793049 1.279498e-14
8670.532114 1.268922e-14
8672.271178 1.257687e-14
8674.010243 1.251740e-14
8675.749308 1.255124e-14
8677.488373 1.257657e-14
8679.227438 1.249929e-14
8680.966503 1.238764e-14
8682.705568 1.232053e-14
8684.444633 1.228792e-14
8686.183698 1.226869e-14
8687.922763 1.224746e-14
8689.661828 1.221041e-14
8691.400893 1.217346e-14
8693.139958 1.215724e-14
8694.879023 1.214480e-14
8696.618088 1.211620e-14
8698.357152 1.211842e-14
8700.096217 1.220326e-14
8701.835282 1.232178e-14
8703.574347 1.240466e-14
8705.313412 1.244988e-14
8707.052477 1.247377e-14
8708.791542 1.248734e-14
8710.530607 1.250215e-14
8712.269672 1.252165e-14
8714.008737 1.254458e-14
8715.747802 1.256778e-14
8717.486867 1.258680e-14
8719.225932 1.258561e-14
8720.964997 1.254479e-14
8722.704062 1.247699e-14
8724.443126 1.240797e-14
8726.182191 1.232871e-14
8727.921256 1.221757e-14
8729.660321 1.207547e-14
8731.399386 1.191157e-14
8733.138451 1.175401e-14
8734.877516 1.164216e-14
8736.616581 1.154782e-14
8738.355646 1.140443e-14
8740.094711 1.123209e-14
8741.833776 1.110053e-14
8743.572841 1.100240e-14
8745.311906 1.088617e-14
8747.050971 1.073928e-14
8748.790035 1.057077e-14
8750.529100 1.040842e-14
8752.268165 1.029419e-14
8754.007230 1.022651e-14
8755.746295 1.017340e-14
8757.485360 1.009089e-14
8759.224425 9.920694e-15
8760.963490 9.693933e-15
8762.702555 9.525310e-15
8764.441620 9.433946e-15
8766.180685 9.346346e-15
8767.919750 9.242026e-15
8769.658815 9.151882e-15
8771.397880 9.078539e-15
8773.136945 8.998242e-15
8774.876009 8.908144e-15
8776.615074 8.826819e-15
8778.354139 8.765059e-15
8780.093204 8.726518e-15
8781.832269 8.703205e-15
8783.571334 8.667921e-15
8785.310399 8.618673e-15
8787.049464 8.592874e-15
8788.788529 8.601260e-15
8790.527594 8.612682e-15
8792.266659 8.610901e-15
8794.005724 8.602682e-15
8795.744789 8.595000e-15
8797.483854 8.600048e-15
8799.222919 8.613879e-15
8800.961983 8.597093e-15
8802.701048 8.534142e-15
8804.440113 8.460882e-15
8806.179178 8.399495e-15
8807.918243 8.339343e-15
8809.657308 8.271143e-15
8811.396373 8.188596e-15
8813.135438 8.088457e-15
8814.874503 7.975038e-15
8816.613568 7.858318e-15
8818.352633 7.760905e-15
8820.091698 7.698550e-15
8821.830763 7.667995e-15
8823.569828 7.659160e-15
8825.308892 7.644020e-15
8827.047957 7.606142e-15
8828.787022 7.576846e-15
8830.526087 7.581745e-15
8832.265152 7.609050e-15
8834.004217 7.645728e-15
8835.743282 7.688390e-15
8837.482347 7.732172e-15
8839.221412 7.768086e-15
8840.960477 7.788929e-15
8842.699542 7.790058e-15
8844.438607 7.772198e-15
8846.177672 7.752705e-15
8847.916737 7.749237e-15
8849.655802 7.783874e-15
8851.394866 7.866863e-15
8853.133931 7.921783e-15
8854.872996 7.878194e-15
8856.612061 7.802256e-15
8858.351126 7.774960e-15
8860.090191 7.809441e-15
8861.829256 7.900681e-15
8863.568321 7.988354e-15
8865.307386 8.007758e-15
8867.046451 7.995718e-15
8868.785516 8.008879e-15
8870.524581 8.047735e-15
8872.263646 8.099901e-15
8874.002711 8.154893e-15
8875.741776 8.201435e-15
8877.480840 8.234687e-15
8879.219905 8.253429e-15
8880.958970 8.267566e-15
8882.698035 8.290880e-15
8884.437100 8.322159e-15
8886.176165 8.353849e-15
8887.915230 8.397851e-15
8889.654295 8.470811e-15
8891.393360 8.545855e-15
8893.132425 8.581088e-15
8894.871490 8.571757e-15
8896.610555 8.529180e-15
8898.349620 8.473596e-15
8900.088685 8.432416e-15
8901.827749 8.392257e-15
8903.566814 8.317284e-15
8905.305879 8.238822e-15
8907.044944 8.222132e-15
8908.784009 8.253493e-15
8910.523074 8.274471e-15
8912.262139 8.267083e-15
8914.001204 8.238394e-15
8915.740269 8.183389e-15
8917.479334 8.089772e-15
8919.218399 7.983709e-15
8920.957464 7.919005e-15
8922.696529 7.884542e-15
8924.435594 7.819817e-15
8926.174659 7.711936e-15
8927.913723 7.584841e-15
8929.652788 7.457642e-15
8931.391853 7.349710e-15
8933.130918 7.257781e-15
8934.869983 7.152419e-15
8936.609048 7.042303e-15
8938.348113 6.975870e-15
8940.087178 6.956815e-15
8941.826243 6.943187e-15
8943.565308 6.908303e-15
8945.304373 6.838321e-15
8947.043438 6.751180e-15
8948.782503 6.710355e-15
8950.521568 6.726189e-15
8952.260633 6.733784e-15
8953.999697 6.707985e-15
8955.738762 6.680927e-15
8957.477827 6.668136e-15
8959.216892 6.662030e-15
8960.955957 6.661371e-15
8962.695022 6.672039e-15
8964.434087 6.695501e-15
8966.173152 6.728904e-15
8967.912217 6.763889e-15
8969.651282 6.779247e-15
8971.390347 6.772017e-15
8973.129412 6.776527e-15
8974.868477 6.814984e-15
8976.607542 6.884297e-15
8978.346606 6.968709e-15
8980.085671 7.024317e-15
8981.824736 7.022850e-15
8983.563801 6.979102e-15
8985.302866 6.912148e-15
8987.041931 6.842989e-15
8988.780996 6.788122e-15
8990.520061 6.746693e-15
8992.259126 6.713911e-15
8993.998191 6.671635e-15
8995.737256 6.616115e-15
8997.476321 6.607302e-15
8999.215386 6.681722e-15
9000.954451 6.775181e-15
9002.693516 6.828511e-15
9004.432580 6.839583e-15
9006.171645 6.814494e-15
9007.910710 6.772233e-15
9009.649775 6.732323e-15
9011.388840 6.680691e-15
9013.127905 6.610434e-15
9014.866970 6.585038e-15
9016.606035 6.655035e-15
9018.345100 6.757375e-15
9020.084165 6.822522e-15
9021.823230 6.851690e-15
9023.562295 6.858267e-15
9025.301360 6.852988e-15
9027.040425 6.849841e-15
9028.779490 6.871793e-15
9030.518554 6.936319e-15
9032.257619 7.026121e-15
9033.996684 7.115415e-15
9035.735749 7.166813e-15
9037.474814 7.147264e-15
9039.213879 7.102692e-15
9040.952944 7.093707e-15
9042.692009 7.099472e-15
9044.431074 7.080884e-15
9046.170139 7.026156e-15
9047.909204 6.932089e-15
9049.648269 6.834604e-15
9051.387334 6.779691e-15
9053.126399 6.758268e-15
9054.865463 6.742169e-15
9056.604528 6.714098e-15
9058.343593 6.659329e-15
9060.082658 6.591183e-15
9061.821723 6.534184e-15
9063.560788 6.472833e-15
9065.299853 6.378687e-15
9067.038918 6.234861e-15
9068.777983 6.028641e-15
9070.517048 5.818844e-15
9072.256113 5.699933e-15
9073.995178 5.647546e-15
9075.734243 5.572746e-15
9077.473308 5.475807e-15
9079.212373 5.405325e-15
9080.951437 5.358846e-15
9082.690502 5.307028e-15
9084.429567 5.244941e-15
9086.168632 5.180755e-15
9087.907697 5.124680e-15
9089.646762 5.090718e-15
9091.385827 5.072208e-15
9093.124892 5.044333e-15
9094.863957 5.013477e-15
9096.603022 5.012763e-15
9098.342087 5.034192e-15
9100.081152 5.033920e-15
9101.820217 5.007059e-15
9103.559282 4.985749e-15
9105.298347 4.976613e-15
9107.037411 4.959345e-15
9108.776476 4.945282e-15
9110.515541 4.979510e-15
9112.254606 5.061837e-15
9113.993671 5.140892e-15
9115.732736 5.190280e-15
9117.471801 5.214108e-15
9119.210866 5.218660e-15
9120.949931 5.215060e-15
9122.688996 5.214192e-15
9124.428061 5.222388e-15
9126.167126 5.244631e-15
9127.906191 5.288230e-15
9129.645256 5.337490e-15
9131.384320 5.335674e-15
9133.123385 5.273712e-15
9134.862450 5.225765e-15
9136.601515 5.243405e-15
9138.340580 5.334787e-15
9140.079645 5.490413e-15
9141.818710 5.664658e-15
9143.557775 5.823443e-15
9145.296840 5.971921e-15
9147.035905 6.103585e-15
9148.774970 6.185412e-15
9150.514035 6.193404e-15
9152.253100 6.112786e-15
9153.992165 5.958359e-15
9155.731230 5.816794e-15
9157.470294 5.753759e-15
9159.209359 5.756386e-15
9160.948424 5.809063e-15
9162.687489 5.919570e-15
9164.426554 6.075586e-15
9166.165619 6.206376e-15
9167.904684 6.260044e-15
9169.643749 6.270564e-15
9171.382814 6.270996e-15
9173.121879 6.237966e-15
9174.860944 6.163844e-15
9176.600009 6.117646e-15
9178.339074 6.157928e-15
9180.078139 6.272978e-15
9181.817204 6.435537e-15
9183.556268 6.601070e-15
9185.295333 6.727247e-15
9187.034398 6.799477e-15
9188.773463 6.818536e-15
9190.512528 6.837837e-15
9192.251593 6.910094e-15
9193.990658 7.013199e-15
9195.729723 7.112852e-15
9197.468788 7.202858e-15
9199.207853 7.279892e-15
9200.946918 7.326472e-15
9202.685983 7.328474e-15
9204.425048 7.309174e-15
9206.164113 7.298325e-15
9207.903177 7.296654e-15
9209.642242 7.297953e-15
9211.381307 7.295429e-15
9213.120372 7.282462e-15
9214.859437 7.269700e-15
9216.598502 7.271704e-15
9218.337567 7.294225e-15
9220.076632 7.338807e-15
9221.815697 7.390174e-15
9223.554762 7.427198e-15
9225.293827 7.449137e-15
9227.032892 7.462733e-15
9228.771957 7.463421e-15
9230.511022 7.444730e-15
9232.250087 7.401238e-15
9233.989151 7.326907e-15
9235.728216 7.250204e-15
9237.467281 7.215753e-15
9239.206346 7.193971e-15
9240.945411 7.119055e-15
9242.684476 7.009694e-15
9244.423541 6.928039e-15
9246.162606 6.876401e-15
9247.901671 6.824697e-15
9249.640736 6.772643e-15
9251.379801 6.735930e-15
9253.118866 6.708650e-15
9254.857931 6.671939e-15
9256.596996 6.628376e-15
9258.336061 6.595051e-15
9260.075125 6.572305e-15
9261.814190 6.547713e-15
9263.553255 6.518523e-15
9265.292320 6.488895e-15
9267.031385 6.451302e-15
9268.770450 6.391367e-15
9270.509515 6.292062e-15
9272.248580 6.131709e-15
9273.987645 5.930285e-15
9275.726710 5.750737e-15
9277.465775 5.611423e-15
9279.204840 5.481756e-15
9280.943905 5.352650e-15
9282.682970 5.236800e-15
9284.422035 5.145529e-15
9286.161099 5.092882e-15
9287.900164 5.075742e-15
9289.639229 5.065466e-15
9291.378294 5.052787e-15
9293.117359 5.060404e-15
9294.856424 5.083855e-15
9296.595489 5.074912e-15
9298.334554 5.024802e-15
9300.073619 4.987045e-15
9301.812684 4.992759e-15
9303.551749 5.038440e-15
9305.290814 5.100860e-15
9307.029879 5.113848e-15
9308.768944 5.053746e-15
9310.508008 4.990622e-15
9312.247073 4.963266e-15
9313.986138 4.935425e-15
9315.725203 4.883687e-15
9317.464268 4.815798e-15
9319.203333 4.735930e-15
9320.942398 4.641113e-15
9322.681463 4.532763e-15
9324.420528 4.417199e-15
9326.159593 4.306668e-15
9327.898658 4.231307e-15
9329.637723 4.207489e-15
9331.376788 4.214493e-15
9333.115853 4.224011e-15
9334.854918 4.190761e-15
9336.593982 4.088935e-15
9338.333047 3.963716e-15
9340.072112 3.861851e-15
9341.811177 3.798181e-15
9343.550242 3.783949e-15
9345.289307 3.826314e-15
9347.028372 3.924845e-15
9348.767437 4.079623e-15
9350.506502 4.277148e-15
9352.245567 4.439891e-15
9353.984632 4.501252e-15
9355.723697 4.515987e-15
9357.462762 4.541659e-15
9359.201827 4.490420e-15
9360.940892 4.285732e-15
9362.679956 4.071756e-15
9364.419021 4.000368e-15
9366.158086 3.993265e-15
9367.897151 3.942884e-15
9369.636216 3.885296e-15
9371.375281 3.875007e-15
9373.114346 3.868759e-15
9374.853411 3.815442e-15
9376.592476 3.797180e-15
9378.331541 3.913921e-15
9380.070606 4.104064e-15
9381.809671 4.269101e-15
9383.548736 4.430290e-15
9385.287801 4.634510e-15
9387.026865 4.853530e-15
9388.765930 5.041899e-15
9390.504995 5.167249e-15
9392.244060 5.203358e-15
9393.983125 5.193821e-15
9395.722190 5.206626e-15
9397.461255 5.215839e-15
9399.200320 5.162795e-15
9400.939385 5.040403e-15
9402.678450 4.864304e-15
9404.417515 4.671513e-15
9406.156580 4.509285e-15
9407.895645 4.412497e-15
9409.634710 4.404151e-15
9411.373775 4.472168e-15
9413.112839 4.585925e-15
9414.851904 4.694082e-15
9416.590969 4.732027e-15
9418.330034 4.731830e-15
9420.069099 4.787174e-15
9421.808164 4.881191e-15
9423.547229 4.927383e-15
9425.286294 4.910751e-15
9427.025359 4.861427e-15
9428.764424 4.803711e-15
9430.503489 4.764559e-15
9432.242554 4.732410e-15
9433.981619 4.657113e-15
9435.720684 4.564754e-15
9437.459749 4.550660e-15
9439.198813 4.598835e-15
9440.937878 4.593681e-15
9442.676943 4.504580e-15
9444.416008 4.378999e-15
9446.155073 4.275221e-15
9447.894138 4.264773e-15
9449.633203 4.370233e-15
9451.372268 4.558952e-15
9453.111333 4.757632e-15
9454.850398 4.845618e-15
9456.589463 4.778318e-15
9458.328528 4.612708e-15
9460.067593 4.419740e-15
9461.806658 4.285071e-15
9463.545722 4.259778e-15
9465.284787 4.336020e-15
9467.023852 4.482357e-15
9468.762917 4.637798e-15
9470.501982 4.751673e-15
9472.241047 4.796912e-15
9473.980112 4.776638e-15
9475.719177 4.750830e-15
9477.458242 4.752315e-15
9479.197307 4.743562e-15
9480.936372 4.717690e-15
9482.675437 4.741267e-15
9484.414502 4.837219e-15
9486.153567 4.930431e-15
9487.892632 4.966244e-15
9489.631696 4.946185e-15
9491.370761 4.881445e-15
9493.109826 4.811521e-15
9494.848891 4.755357e-15
9496.587956 4.649666e-15
9498.327021 4.465837e-15
9500.066086 4.284954e-15
9501.805151 4.185123e-15
9503.544216 4.222169e-15
9505.283281 4.416154e-15
9507.022346 4.677817e-15
9508.761411 4.917745e-15
9510.500476 5.113497e-15
9512.239541 5.248064e-15
9513.978606 5.305789e-15
9515.717670 5.277321e-15
9517.456735 5.135489e-15
9519.195800 4.874917e-15
9520.934865 4.569679e-15
9522.673930 4.302119e-15
9524.412995 4.136630e-15
9526.152060 4.116510e-15
9527.891125 4.203209e-15
9529.630190 4.340913e-15
9531.369255 4.510414e-15
9533.108320 4.693871e-15
9534.847385 4.853735e-15
9536.586450 4.957540e-15
9538.325515 5.006140e-15
9540.064579 5.011380e-15
9541.803644 4.993769e-15
9543.542709 4.975380e-15
9545.281774 4.950566e-15
9547.020839 4.908327e-15
9548.759904 4.859349e-15
9550.498969 4.818967e-15
9552.238034 4.794075e-15
9553.977099 4.786937e-15
9555.716164 4.812275e-15
9557.455229 4.885996e-15
9559.194294 4.949959e-15
9560.933359 4.927645e-15
9562.672424 4.870722e-15
9564.411489 4.873445e-15
9566.150553 4.939247e-15
9567.889618 5.036038e-15
9569.628683 5.147789e-15
9571.367748 5.262847e-15
9573.106813 5.351267e-15
9574.845878 5.375714e-15
9576.584943 5.370536e-15
9578.324008 5.405497e-15
9580.063073 5.443311e-15
9581.802138 5.395170e-15
9583.541203 5.258042e-15
9585.280268 5.074362e-15
9587.019333 4.891435e-15
9588.758398 4.762772e-15
9590.497463 4.688908e-15
9592.236527 4.633416e-15
9593.975592 4.590724e-15
9595.714657 4.573576e-15
9597.453722 4.597882e-15
9599.192787 4.683518e-15
9600.931852 4.819570e-15
9602.670917 4.970604e-15
9604.409982 5.110522e-15
9606.149047 5.220124e-15
9607.888112 5.301209e-15
9609.627177 5.378671e-15
9611.366242 5.448135e-15
9613.105307 5.474423e-15
9614.844372 5.458960e-15
9616.583436 5.440165e-15
9618.322501 5.433938e-15
9620.061566 5.434110e-15
9621.800631 5.425847e-15
9623.539696 5.382046e-15
9625.278761 5.305971e-15
9627.017826 5.231906e-15
9628.756891 5.219741e-15
9630.495956 5.380791e-15
9632.235021 5.682881e-15
9633.974086 5.864761e-15
9635.713151 5.839731e-15
9637.452216 5.817178e-15
9639.191281 5.884625e-15
9640.930346 5.916688e-15
9642.669410 5.853829e-15
9644.408475 5.738301e-15
9646.147540 5.623525e-15
9647.886605 5.602164e-15
9649.625670 5.699066e-15
9651.364735 5.783758e-15
9653.103800 5.776151e-15
9654.842865 5.727093e-15
9656.581930 5.678663e-15
9658.320995 5.641416e-15
9660.060060 5.629889e-15
9661.799125 5.662569e-15
9663.538190 5.743853e-15
9665.277255 5.844160e-15
9667.016320 5.940032e-15
9668.755384 6.037404e-15
9670.494449 6.141794e-15
9672.233514 6.257795e-15
9673.972579 6.381634e-15
9675.711644 6.471553e-15
9677.450709 6.499398e-15
9679.189774 6.506464e-15
9680.928839 6.526121e-15
9682.667904 6.518212e-15
9684.406969 6.453169e-15
9686.146034 6.384023e-15
9687.885099 6.356881e-15
9689.624164 6.334907e-15
9691.363229 6.282351e-15
9693.102293 6.228866e-15
9694.841358 6.204671e-15
9696.580423 6.195324e-15
9698.319488 6.183500e-15
9700.058553 6.175648e-15
9701.797618 6.179553e-15
9703.536683 6.190597e-15
9705.275748 6.202552e-15
9707.014813 6.217795e-15
9708.753878 6.238801e-15
9710.492943 6.248002e-15
9712.232008 6.226575e-15
9713.971073 6.197801e-15
9715.710138 6.192004e-15
9717.449203 6.172510e-15
9719.188267 6.091581e-15
9720.927332 6.002538e-15
9722.666397 5.979633e-15
9724.405462 5.983009e-15
9726.144527 5.942765e-15
9727.883592 5.869556e-15
9729.622657 5.799886e-15
9731.361722 5.727618e-15
9733.100787 5.633476e-15
9734.839852 5.569439e-15
9736.578917 5.609111e-15
9738.317982 5.697484e-15
9740.057047 5.730388e-15
9741.796112 5.704870e-15
9743.535177 5.659533e-15
9745.274241 5.639571e-15
9747.013306 5.696049e-15
9748.752371 5.787782e-15
9750.491436 5.825932e-15
9752.230501 5.799083e-15
9753.969566 5.738696e-15
9755.708631 5.676286e-15
9757.447696 5.644148e-15
9759.186761 5.660367e-15
9760.925826 5.734956e-15
9762.664891 5.826620e-15
9764.403956 5.852069e-15
9766.143021 5.846956e-15
9767.882086 5.940483e-15
9769.621150 6.100079e-15
9771.360215 6.164906e-15
9773.099280 6.123170e-15
9774.838345 6.086417e-15
9776.577410 6.080138e-15
9778.316475 6.058188e-15
9780.055540 6.007791e-15
9781.794605 5.941382e-15
9783.533670 5.873074e-15
9785.272735 5.822052e-15
9787.011800 5.794967e-15
9788.750865 5.783432e-15
9790.489930 5.776705e-15
9792.228995 5.762629e-15
9793.968060 5.732608e-15
9795.707124 5.681843e-15
9797.446189 5.624676e-15
9799.185254 5.601271e-15
9800.924319 5.631252e-15
9802.663384 5.703531e-15
9804.402449 5.801956e-15
9806.141514 5.902212e-15
9807.880579 5.990328e-15
9809.619644 6.077050e-15
9811.358709 6.157861e-15
9813.097774 6.193722e-15
9814.836839 6.179262e-15
9816.575904 6.180951e-15
9818.314969 6.221699e-15
9820.054034 6.217698e-15
9821.793098 6.144161e-15
9823.532163 6.119943e-15
9825.271228 6.209537e-15
9827.010293 6.338567e-15
9828.749358 6.448650e-15
9830.488423 6.538592e-15
9832.227488 6.605299e-15
9833.966553 6.640353e-15
9835.705618 6.644472e-15
9837.444683 6.635010e-15
9839.183748 6.628375e-15
9840.922813 6.629596e-15
9842.661878 6.642783e-15
9844.400943 6.675479e-15
9846.140007 6.729337e-15
9847.879072 6.781982e-15
9849.618137 6.818956e-15
9851.357202 6.879519e-15
9853.096267 6.990324e-15
9854.835332 7.091296e-15
9856.574397 7.130129e-15
9858.313462 7.151632e-15
9860.052527 7.197718e-15
9861.791592 7.210515e-15
9863.530657 7.140565e-15
9865.269722 7.068866e-15
9867.008787 7.075532e-15
9868.747852 7.101702e-15
9870.486917 7.078589e-15
9872.225981 7.039546e-15
9873.965046 7.027615e-15
9875.704111 7.028069e-15
9877.443176 7.019357e-15
9879.182241 7.000894e-15
9880.921306 6.975853e-15
9882.660371 6.959857e-15
9884.399436 6.968660e-15
9886.138501 6.981784e-15
9887.877566 6.971894e-15
9889.616631 6.935466e-15
9891.355696 6.875186e-15
9893.094761 6.821429e-15
9894.833826 6.813948e-15
9896.572891 6.785563e-15
9898.311955 6.639220e-15
9900.051020 6.499873e-15
9901.790085 6.559207e-15
9903.529150 6.718379e-15
9905.268215 6.775692e-15
9907.007280 6.738843e-15
9908.746345 6.695332e-15
9910.485410 6.669765e-15
9912.224475 6.663950e-15
9913.963540 6.668706e-15
9915.702605 6.671133e-15
9917.441670 6.621130e-15
9919.180735 6.450362e-15
9920.919800 6.246960e-15
9922.658864 6.182719e-15
9924.397929 6.269441e-15
9926.136994 6.422789e-15
9927.876059 6.594485e-15
9929.615124 6.758351e-15
9931.354189 6.876066e-15
9933.093254 6.901700e-15
9934.832319 6.899047e-15
9936.571384 7.016526e-15
9938.310449 7.235298e-15
9940.049514 7.399927e-15
9941.788579 7.499437e-15
9943.527644 7.641287e-15
9945.266709 7.824311e-15
9947.005774 7.962581e-15
9948.744838 8.003187e-15
9950.483903 7.914148e-15
9952.222968 7.754567e-15
9953.962033 7.678633e-15
9955.701098 7.747849e-15
9957.440163 7.926707e-15
9959.179228 8.120164e-15
9960.918293 8.152020e-15
9962.657358 7.997596e-15
9964.396423 7.835342e-15
9966.135488 7.762020e-15
9967.874553 7.765440e-15
9969.613618 7.808872e-15
9971.352683 7.800488e-15
9973.091748 7.725558e-15
9974.830812 7.708323e-15
9976.569877 7.791455e-15
9978.308942 7.877940e-15
9980.048007 7.906715e-15
9981.787072 7.880211e-15
9983.526137 7.805998e-15
9985.265202 7.702191e-15
9987.004267 7.595628e-15
9988.743332 7.527389e-15
9990.482397 7.508512e-15
9992.221462 7.478227e-15
9993.960527 7.403636e-15
9995.699592 7.325396e-15
9997.438657 7.279472e-15
9999.177722 7.293209e-15
