3336.810500 1.771976e-15
3340.893800 3.097048e-15
3344.977000 2.478255e-15
3349.060300 1.697488e-15
3353.143600 2.751781e-15
3357.226800 3.079946e-15
3361.310000 2.046275e-15
3365.393300 4.141959e-15
3369.476600 3.332841e-15
3373.559800 3.696462e-15
3377.643000 3.890166e-15
3381.726300 2.287960e-15
3385.809600 3.543332e-15
3389.892800 3.145735e-15
3393.976000 3.654537e-15
3398.059300 4.303302e-15
3402.142600 3.418559e-15
3406.225800 2.988498e-15
3410.309000 3.222970e-15
3414.392300 4.067591e-15
3418.475600 2.931239e-15
3422.558800 3.885890e-15
3426.642000 4.266037e-15
3430.725300 4.705684e-15
3434.808600 4.128746e-15
3438.891800 5.302319e-15
3442.975000 4.132688e-15
3447.058300 4.812581e-15
3451.141600 5.794503e-15
3455.224900 4.725170e-15
3459.308000 5.307423e-15
3463.391400 5.138683e-15
3467.474600 5.252252e-15
3471.557900 4.835704e-15
3475.641000 4.507502e-15
3479.724400 4.505186e-15
3483.807600 5.057534e-15
3487.890900 4.335759e-15
3491.974000 4.280620e-15
3496.057400 4.064815e-15
3500.140600 4.340719e-15
3504.223900 4.436186e-15
3508.307100 4.298012e-15
3512.390400 4.093971e-15
3516.473600 4.525215e-15
3520.557000 4.342018e-15
3524.640100 4.495613e-15
3528.723400 4.630561e-15
3532.806600 5.045163e-15
3536.890000 5.004762e-15
3540.973100 4.620858e-15
3545.056400 4.946960e-15
3549.139600 4.624175e-15
3553.223000 4.227332e-15
3557.306200 5.050147e-15
3561.389400 4.708862e-15
3565.472700 4.501520e-15
3569.556000 4.607726e-15
3573.639200 5.207983e-15
3577.722400 5.175429e-15
3581.805700 4.429150e-15
3585.889000 4.977002e-15
3589.972200 5.304997e-15
3594.055400 5.256546e-15
3598.138700 5.421181e-15
3602.222000 4.558957e-15
3606.305200 4.958077e-15
3610.388400 4.855056e-15
3614.471700 5.071790e-15
3618.555000 4.852332e-15
3622.638200 4.939409e-15
3626.721400 4.297021e-15
3630.804700 5.255429e-15
3634.888000 4.760924e-15
3638.971200 4.644590e-15
3643.054400 5.045146e-15
3647.137700 4.875789e-15
3651.221000 4.882960e-15
3655.304200 5.086936e-15
3659.387500 5.703076e-15
3663.470700 5.177585e-15
3667.554000 5.249605e-15
3671.637200 5.517123e-15
3675.720500 6.012483e-15
3679.803700 6.124653e-15
3683.887000 6.474002e-15
3687.970200 6.936423e-15
3692.053500 6.651553e-15
3696.136700 7.183799e-15
3700.220000 7.771746e-15
3704.303200 8.489541e-15
3708.386500 9.167917e-15
3712.469700 9.431293e-15
3716.553000 9.820053e-15
3720.636200 1.029265e-14
3724.719500 1.068193e-14
3728.802700 1.066266e-14
3732.886000 1.108197e-14
3736.969200 1.028240e-14
3741.052500 1.059503e-14
3745.135700 1.045421e-14
3749.219000 1.076018e-14
3753.302200 1.053682e-14
3757.385500 1.089762e-14
3761.468800 1.048344e-14
3765.552000 1.066953e-14
3769.635300 1.074172e-14
3773.718500 1.034597e-14
3777.801800 1.007428e-14
3781.885000 9.877580e-15
3785.968300 9.696194e-15
3790.051500 9.247109e-15
3794.134800 8.802155e-15
3798.218000 8.684755e-15
3802.301300 7.762349e-15
3806.384500 6.840928e-15
3810.467800 6.636555e-15
3814.551000 6.414058e-15
3818.634300 5.698482e-15
3822.717500 5.520488e-15
3826.800800 5.333484e-15
3830.884000 5.167683e-15
3834.967300 4.911679e-15
3839.050500 4.776920e-15
3843.133800 4.520617e-15
3847.217000 4.583933e-15
3851.300300 5.003602e-15
3855.383500 5.008545e-15
3859.466800 5.253514e-15
3863.550000 5.352368e-15
3867.633300 5.792724e-15
3871.716600 6.013482e-15
3875.799800 6.672981e-15
3879.883000 6.985100e-15
3883.966300 7.434498e-15
3888.049600 8.056633e-15
3892.132800 8.759959e-15
3896.216000 9.413889e-15
3900.299300 9.839267e-15
3904.382600 1.082532e-14
3908.465800 1.165139e-14
3912.549000 1.261814e-14
3916.632300 1.380329e-14
3920.715600 1.472356e-14
3924.798800 1.581760e-14
3928.882000 1.653703e-14
3932.965300 1.730578e-14
3937.048600 1.780129e-14
3941.131800 1.908564e-14
3945.215000 1.903417e-14
3949.298300 1.946303e-14
3953.381600 1.986270e-14
3957.464800 1.969344e-14
3961.548000 2.042827e-14
3965.631300 1.967804e-14
3969.714600 2.033357e-14
3973.797900 2.091603e-14
3977.881000 2.115231e-14
3981.964400 2.121448e-14
3986.047600 2.137947e-14
3990.130900 2.116352e-14
3994.214000 2.161223e-14
3998.297400 2.189897e-14
4002.380600 2.163259e-14
4006.463900 2.129343e-14
4010.547000 2.106263e-14
4014.630400 2.058901e-14
4018.713600 1.978858e-14
4022.796900 1.950861e-14
4026.880100 1.946840e-14
4030.963400 1.894377e-14
4035.046600 1.897312e-14
4039.130000 1.908316e-14
4043.213100 1.897292e-14
4047.296400 1.882149e-14
4051.379600 1.892144e-14
4055.463000 1.887304e-14
4059.546100 1.951072e-14
4063.629400 1.916492e-14
4067.712600 1.908927e-14
4071.796000 1.880518e-14
4075.879200 1.922702e-14
4079.962400 1.916555e-14
4084.045700 1.887646e-14
4088.129000 1.891066e-14
4092.212400 1.882636e-14
4096.295400 1.838619e-14
4100.379000 1.890915e-14
4104.462000 1.848954e-14
4108.545400 1.829207e-14
4112.628400 1.820527e-14
4116.712000 1.847315e-14
4120.795000 1.815687e-14
4124.878400 1.812277e-14
4128.961400 1.806624e-14
4133.045000 1.751839e-14
4137.128000 1.802572e-14
4141.211400 1.740305e-14
4145.294400 1.745593e-14
4149.378000 1.637941e-14
4153.461000 1.587270e-14
4157.544400 1.519731e-14
4161.627400 1.452942e-14
4165.711000 1.371416e-14
4169.794000 1.303042e-14
4173.877400 1.260817e-14
4177.960400 1.230980e-14
4182.044000 1.214975e-14
4186.127000 1.227689e-14
4190.210400 1.186050e-14
4194.293500 1.166622e-14
4198.377000 1.186665e-14
4202.460000 1.188929e-14
4206.543500 1.135357e-14
4210.626500 1.094842e-14
4214.710000 1.087733e-14
4218.793000 1.028242e-14
4222.876500 1.002990e-14
4226.959500 1.013283e-14
4231.043000 1.015195e-14
4235.126000 9.723730e-15
4239.209500 9.755967e-15
4243.292500 9.585623e-15
4247.376000 9.704316e-15
4251.459000 9.950598e-15
4255.542500 1.007250e-14
4259.625500 9.933745e-15
4263.709000 1.000671e-14
4267.792000 1.079256e-14
4271.875500 1.086964e-14
4275.958500 1.123475e-14
4280.042000 1.177134e-14
4284.125000 1.222984e-14
4288.208500 1.313869e-14
4292.291500 1.318827e-14
4296.375000 1.326954e-14
4300.458000 1.378078e-14
4304.541500 1.398064e-14
4308.624500 1.402819e-14
4312.708000 1.405352e-14
4316.791000 1.414720e-14
4320.874500 1.371745e-14
4324.957500 1.344611e-14
4329.041000 1.363873e-14
4333.124000 1.367812e-14
4337.207500 1.428654e-14
4341.290500 1.415698e-14
4345.374000 1.417611e-14
4349.457000 1.456350e-14
4353.540500 1.480114e-14
4357.623500 1.474439e-14
4361.707000 1.545450e-14
4365.790000 1.557099e-14
4369.873500 1.538541e-14
4373.956500 1.550848e-14
4378.040000 1.547196e-14
4382.123000 1.521658e-14
4386.206500 1.515122e-14
4390.289600 1.494231e-14
4394.373000 1.531608e-14
4398.456000 1.526448e-14
4402.539600 1.468381e-14
4406.622600 1.444048e-14
4410.706000 1.446661e-14
4414.789000 1.398806e-14
4418.872600 1.381919e-14
4422.955600 1.365869e-14
4427.039000 1.366010e-14
4431.122000 1.323215e-14
4435.205600 1.331989e-14
4439.288600 1.307643e-14
4443.372000 1.301434e-14
4447.455000 1.285289e-14
4451.538600 1.262931e-14
4455.621600 1.288154e-14
4459.705000 1.299792e-14
4463.788000 1.306139e-14
4467.871600 1.322723e-14
4471.954600 1.309651e-14
4476.038000 1.372104e-14
4480.121000 1.402912e-14
4484.204600 1.428129e-14
4488.287600 1.495553e-14
4492.371000 1.551468e-14
4496.454000 1.635202e-14
4500.537600 1.729657e-14
4504.620600 1.809107e-14
4508.704000 1.888109e-14
4512.787000 2.032541e-14
4516.870600 2.123771e-14
4520.953600 2.209616e-14
4525.037000 2.269392e-14
4529.120000 2.338829e-14
4533.203600 2.406289e-14
4537.286600 2.478658e-14
4541.370000 2.525050e-14
4545.453000 2.554185e-14
4549.536600 2.564910e-14
4553.619600 2.596754e-14
4557.703000 2.640679e-14
4561.786000 2.648900e-14
4565.869600 2.696461e-14
4569.952600 2.715450e-14
4574.036000 2.778945e-14
4578.119000 2.858963e-14
4582.202600 2.902322e-14
4586.285600 2.990325e-14
4590.369000 3.025415e-14
4594.452000 3.121871e-14
4598.535600 3.229313e-14
4602.618700 3.254834e-14
4606.702000 3.204870e-14
4610.785600 3.191180e-14
4614.868700 3.148770e-14
4618.952000 3.213155e-14
4623.035000 3.197828e-14
4627.118700 3.153985e-14
4631.201700 3.148590e-14
4635.285000 3.147035e-14
4639.368000 3.122008e-14
4643.451700 3.074554e-14
4647.534700 2.947242e-14
4651.618000 2.913831e-14
4655.701000 2.784443e-14
4659.784700 2.718916e-14
4663.867700 2.653516e-14
4667.951000 2.546952e-14
4672.034000 2.490261e-14
4676.117700 2.356013e-14
4680.200700 2.287626e-14
4684.284000 2.279224e-14
4688.367000 2.179965e-14
4692.450700 2.121103e-14
4696.533700 2.089153e-14
4700.617000 1.992318e-14
4704.700000 2.017346e-14
4708.783700 1.946332e-14
4712.866700 1.884734e-14
4716.950000 1.877268e-14
4721.033000 1.855297e-14
4725.116700 1.755977e-14
4729.199700 1.726296e-14
4733.283000 1.709617e-14
4737.366000 1.645371e-14
4741.449700 1.573752e-14
4745.532700 1.541542e-14
4749.616000 1.488781e-14
4753.699000 1.469032e-14
4757.782700 1.485607e-14
4761.865700 1.475876e-14
4765.949000 1.522907e-14
4770.032000 1.596273e-14
4774.115700 1.642638e-14
4778.198700 1.749514e-14
4782.282000 1.860010e-14
4786.365000 1.998118e-14
4790.448700 2.147367e-14
4794.531700 2.231886e-14
4798.615000 2.346944e-14
4802.698000 2.473955e-14
4806.781700 2.515264e-14
4810.864700 2.532759e-14
4814.948000 2.590125e-14
4819.031200 2.632861e-14
4823.114700 2.640673e-14
4827.197800 2.654362e-14
4831.281200 2.683922e-14
4835.364300 2.747445e-14
4839.447800 2.812993e-14
4843.531000 2.851444e-14
4847.614300 2.921846e-14
4851.697300 3.026667e-14
4855.781000 3.122584e-14
4859.864000 3.185546e-14
4863.947300 3.262666e-14
4868.030300 3.316346e-14
4872.114000 3.358914e-14
4876.197000 3.363634e-14
4880.280300 3.297165e-14
4884.363300 3.226654e-14
4888.447000 3.156683e-14
4892.530000 3.054610e-14
4896.613300 2.947570e-14
4900.696300 2.857611e-14
4904.780000 2.721589e-14
4908.863000 2.652392e-14
4912.946300 2.572772e-14
4917.029300 2.521084e-14
4921.113000 2.519485e-14
4925.196000 2.497876e-14
4929.279300 2.496614e-14
4933.362300 2.522176e-14
4937.446000 2.644320e-14
4941.529000 2.794465e-14
4945.612300 2.805317e-14
4949.695300 2.938867e-14
4953.779000 3.052574e-14
4957.862000 3.107039e-14
4961.945300 3.221525e-14
4966.028300 3.253185e-14
4970.112000 3.225805e-14
4974.195000 3.254007e-14
4978.278300 3.217159e-14
4982.361300 3.257002e-14
4986.445000 3.275684e-14
4990.528000 3.237781e-14
4994.611300 3.240286e-14
4998.694300 3.204081e-14
5002.778000 3.082285e-14
5006.861000 3.026849e-14
5010.944300 2.865612e-14
5015.027300 2.766833e-14
5019.111000 2.714254e-14
5023.194000 2.584591e-14
5027.277300 2.449485e-14
5031.360400 2.344533e-14
5035.444000 2.257642e-14
5039.527000 2.165488e-14
5043.610400 2.099968e-14
5047.693400 2.028795e-14
5051.777000 1.950855e-14
5055.860000 1.845855e-14
5059.943400 1.792710e-14
5064.026400 1.755773e-14
5068.110000 1.745210e-14
5072.193000 1.672092e-14
5076.276400 1.680014e-14
5080.359400 1.674436e-14
5084.443000 1.663172e-14
5088.526000 1.688967e-14
5092.609400 1.720015e-14
5096.692400 1.788515e-14
5100.776000 1.824675e-14
5104.859000 1.878760e-14
5108.942400 1.929906e-14
5113.025400 1.970241e-14
5117.109000 2.057435e-14
5121.192000 2.111312e-14
5125.275400 2.175303e-14
5129.358400 2.269133e-14
5133.442000 2.313341e-14
5137.525000 2.348602e-14
5141.608400 2.378766e-14
5145.691400 2.400732e-14
5149.775000 2.405149e-14
5153.858000 2.432463e-14
5157.941400 2.447742e-14
5162.024400 2.435395e-14
5166.108000 2.519451e-14
5170.191000 2.526007e-14
5174.274400 2.552775e-14
5178.357400 2.562851e-14
5182.441000 2.547935e-14
5186.524000 2.561399e-14
5190.607400 2.586901e-14
5194.690400 2.560411e-14
5198.774000 2.536770e-14
5202.857000 2.514855e-14
5206.940400 2.529458e-14
5211.023400 2.465789e-14
5215.107000 2.468214e-14
5219.190000 2.471720e-14
5223.273400 2.474087e-14
5227.356400 2.471603e-14
5231.440000 2.510616e-14
5235.523000 2.499128e-14
5239.606400 2.491674e-14
5243.689500 2.574621e-14
5247.773000 2.629694e-14
5251.856000 2.653249e-14
5255.939500 2.717787e-14
5260.022500 2.757460e-14
5264.106000 2.731985e-14
5268.189000 2.775061e-14
5272.272500 2.764586e-14
5276.355500 2.766119e-14
5280.439000 2.826232e-14
5284.522000 2.829555e-14
5288.605500 2.881204e-14
5292.688500 2.900574e-14
5296.772000 2.949314e-14
5300.855000 2.925738e-14
5304.938500 2.954079e-14
5309.021500 2.988741e-14
5313.105000 2.953892e-14
5317.188000 2.936372e-14
5321.271500 2.962236e-14
5325.354500 2.992975e-14
5329.438000 3.053518e-14
5333.521000 3.098603e-14
5337.604500 3.168446e-14
5341.687500 3.193202e-14
5345.771000 3.216916e-14
5349.854000 3.263969e-14
5353.937500 3.303719e-14
5358.020500 3.282733e-14
5362.104000 3.252748e-14
5366.187000 3.258231e-14
5370.270500 3.210441e-14
5374.353500 3.152714e-14
5378.437000 3.115624e-14
5382.520000 3.100163e-14
5386.603500 3.051943e-14
5390.686500 2.990593e-14
5394.770000 2.956883e-14
5398.853000 2.913703e-14
5402.936500 2.914571e-14
5407.019500 2.907204e-14
5411.103000 2.904314e-14
5415.186000 2.826073e-14
5419.269500 2.870375e-14
5423.352500 2.817106e-14
5427.436000 2.842715e-14
5431.519000 2.950351e-14
5435.602500 2.947799e-14
5439.685500 2.968099e-14
5443.769000 3.057806e-14
5447.852000 3.145147e-14
5451.935500 3.209074e-14
5456.018600 3.269054e-14
5460.102000 3.354617e-14
5464.185000 3.516065e-14
5468.268600 3.523281e-14
5472.351600 3.478829e-14
5476.435000 3.506648e-14
5480.518000 3.496336e-14
5484.601600 3.470937e-14
5488.684600 3.501335e-14
5492.768000 3.508759e-14
5496.851000 3.494394e-14
5500.934600 3.502027e-14
5505.017600 3.446426e-14
5509.101000 3.383304e-14
5513.184000 3.379746e-14
5517.267600 3.330242e-14
5521.350600 3.223666e-14
5525.434000 3.156437e-14
5529.517000 3.086821e-14
5533.600600 3.012629e-14
5537.683600 2.953034e-14
5541.767000 2.848751e-14
5545.850000 2.846803e-14
5549.933600 2.768497e-14
5554.016600 2.723062e-14
5558.100000 2.712432e-14
5562.183000 2.704862e-14
5566.266600 2.712055e-14
5570.349600 2.740801e-14
5574.433000 2.761235e-14
5578.516000 2.797225e-14
5582.599600 2.884706e-14
5586.682600 2.887059e-14
5590.766000 2.961131e-14
5594.849000 3.035930e-14
5598.932600 3.074937e-14
5603.015600 3.106614e-14
5607.099000 3.139327e-14
5611.182000 3.198305e-14
5615.265600 3.192223e-14
5619.348600 3.201680e-14
5623.432000 3.253859e-14
5627.515000 3.269027e-14
5631.598600 3.277247e-14
5635.682000 3.274169e-14
5639.765000 3.225389e-14
5643.848600 3.228895e-14
5647.931600 3.230899e-14
5652.015000 3.236324e-14
5656.098000 3.208680e-14
5660.181600 3.157050e-14
5664.264600 3.177968e-14
5668.348000 3.123937e-14
5672.431000 3.116556e-14
5676.514600 3.071296e-14
5680.597700 3.005953e-14
5684.681000 3.028022e-14
5688.764000 2.981325e-14
5692.847700 2.917796e-14
5696.930700 2.913629e-14
5701.014000 2.899095e-14
5705.097000 2.887202e-14
5709.180700 2.904690e-14
5713.263700 2.881884e-14
5717.347000 2.867501e-14
5721.430000 2.831371e-14
5725.513700 2.761986e-14
5729.596700 2.748895e-14
5733.680000 2.772317e-14
5737.763000 2.803229e-14
5741.846700 2.775888e-14
5745.929700 2.726212e-14
5750.013000 2.705420e-14
5754.096000 2.679006e-14
5758.179700 2.676273e-14
5762.262700 2.639029e-14
5766.346000 2.581246e-14
5770.429000 2.514996e-14
5774.512700 2.504309e-14
5778.595700 2.492290e-14
5782.679000 2.482136e-14
5786.762000 2.470319e-14
5790.845700 2.516619e-14
5794.928700 2.541843e-14
5799.012000 2.520689e-14
5803.095000 2.567369e-14
5807.178700 2.643186e-14
5811.261700 2.646846e-14
5815.345000 2.667269e-14
5819.428000 2.738473e-14
5823.511700 2.782505e-14
5827.594700 2.783965e-14
5831.678000 2.845475e-14
5835.761000 2.891431e-14
5839.844700 2.946728e-14
5843.927700 2.954474e-14
5848.011000 2.962159e-14
5852.094000 2.995635e-14
5856.177700 3.014328e-14
5860.260700 3.001917e-14
5864.344000 2.968503e-14
5868.427200 2.958870e-14
5872.510700 2.976674e-14
5876.593800 2.971606e-14
5880.677200 2.894779e-14
5884.760300 2.867344e-14
5888.843800 2.893395e-14
5892.927000 2.919092e-14
5897.010300 2.921369e-14
5901.093300 2.968146e-14
5905.177000 2.970947e-14
5909.260000 2.931887e-14
5913.343300 2.916518e-14
5917.426300 2.878336e-14
5921.510000 2.859587e-14
5925.593000 2.846249e-14
5929.676300 2.823167e-14
5933.759300 2.865766e-14
5937.843000 2.895912e-14
5941.926000 2.867865e-14
5946.009300 2.878257e-14
5950.092300 2.911031e-14
5954.176000 2.871708e-14
5958.259000 2.848147e-14
5962.342300 2.888736e-14
5966.425300 2.857682e-14
5970.509000 2.829102e-14
5974.592000 2.838547e-14
5978.675300 2.808533e-14
5982.758300 2.795149e-14
5986.842000 2.798374e-14
5988.379000 2.875623e-14
5992.595000 2.879637e-14
5996.811500 2.871401e-14
6001.028000 2.861424e-14
6005.243700 2.853055e-14
6009.460000 2.813727e-14
6013.676300 2.802126e-14
6017.892600 2.795045e-14
6022.109000 2.793247e-14
6026.325000 2.760535e-14
6030.541500 2.732099e-14
6034.757300 2.696590e-14
6038.973600 2.694384e-14
6043.190000 2.688527e-14
6047.406200 2.691829e-14
6051.622600 2.712768e-14
6055.839000 2.760671e-14
6060.054700 2.759844e-14
6064.271000 2.807078e-14
6068.487300 2.839660e-14
6072.703600 2.876291e-14
6076.920000 2.874882e-14
6081.136000 2.891341e-14
6085.352500 2.862813e-14
6089.568400 2.842402e-14
6093.784700 2.846255e-14
6098.001000 2.787275e-14
6102.217300 2.754957e-14
6106.433600 2.727068e-14
6110.650000 2.692572e-14
6114.865700 2.634876e-14
6119.082000 2.552644e-14
6123.298300 2.546069e-14
6127.514600 2.522297e-14
6131.731000 2.487000e-14
6135.947300 2.488977e-14
6140.163600 2.513204e-14
6144.379400 2.545211e-14
6148.595700 2.602855e-14
6152.812000 2.676309e-14
6157.028300 2.708622e-14
6161.244600 2.740252e-14
6165.461000 2.767521e-14
6169.677000 2.777620e-14
6173.893000 2.841226e-14
6178.109400 2.839177e-14
6182.325700 2.862563e-14
6186.542000 2.865066e-14
6190.758300 2.876177e-14
6194.974000 2.841519e-14
6199.190400 2.866216e-14
6203.406700 2.878447e-14
6207.623000 2.845269e-14
6211.839400 2.839410e-14
6216.055700 2.800125e-14
6220.272000 2.786253e-14
6224.488000 2.722363e-14
6228.704000 2.684721e-14
6232.920400 2.655251e-14
6237.136700 2.607815e-14
6241.353000 2.549380e-14
6245.569300 2.513558e-14
6249.785000 2.519234e-14
6254.001500 2.504253e-14
6258.218000 2.516603e-14
6262.434000 2.449722e-14
6266.650400 2.457795e-14
6270.866700 2.394591e-14
6275.083000 2.441005e-14
6279.299000 2.463800e-14
6283.515000 2.492891e-14
6287.731400 2.476018e-14
6291.947800 2.479629e-14
6296.164000 2.450836e-14
6300.380400 2.426924e-14
6304.596000 2.353035e-14
6308.812500 2.314597e-14
6313.029000 2.304011e-14
6317.245000 2.233295e-14
6321.461400 2.152831e-14
6325.677700 2.132412e-14
6329.894000 2.046947e-14
6334.110000 1.959802e-14
6338.326000 1.861414e-14
6342.542500 1.751320e-14
6346.759000 1.696393e-14
6350.975000 1.674815e-14
6355.191400 1.649228e-14
6359.407000 1.603505e-14
6363.623500 1.583210e-14
6367.840000 1.559039e-14
6372.056000 1.524573e-14
6376.272500 1.516512e-14
6380.489000 1.489009e-14
6384.704600 1.484995e-14
6388.921000 1.495108e-14
6393.137000 1.506140e-14
6397.353500 1.518678e-14
6401.570000 1.540738e-14
6405.786000 1.528811e-14
6410.002400 1.587067e-14
6414.218300 1.617425e-14
6418.434600 1.672407e-14
6422.651000 1.736251e-14
6426.867000 1.832571e-14
6431.083500 1.950717e-14
6435.300000 2.042364e-14
6439.515600 2.221915e-14
6443.732000 2.408888e-14
6447.948000 2.621738e-14
6452.164600 2.839560e-14
6456.381000 3.050890e-14
6460.597000 3.263597e-14
6464.813500 3.408617e-14
6469.029300 3.602926e-14
6473.245600 3.717653e-14
6477.462000 3.871112e-14
6481.678000 3.988318e-14
6485.894500 4.099041e-14
6490.111000 4.211312e-14
6494.326700 4.286246e-14
6498.543000 4.403435e-14
6502.759300 4.531097e-14
6506.975600 4.599779e-14
6511.192000 4.659925e-14
6536.489300 4.757278e-14
6540.705600 4.674335e-14
6544.922000 4.722938e-14
6549.137700 4.690213e-14
6553.354000 4.571847e-14
6557.570300 4.542967e-14
6561.786600 4.511393e-14
6566.003000 4.410432e-14
6570.219000 4.339348e-14
6574.435000 4.321364e-14
6578.651400 4.278852e-14
6582.867700 4.231662e-14
6587.084000 4.174507e-14
6591.300300 4.138153e-14
6595.516600 4.051687e-14
6599.733000 4.004460e-14
6603.948700 3.938695e-14
6608.165000 3.936580e-14
6612.381300 3.862593e-14
6616.597700 3.852979e-14
6620.814000 3.806334e-14
6625.030300 3.787017e-14
6629.246000 3.736169e-14
6633.462400 3.712206e-14
6637.678700 3.595322e-14
6641.895000 3.539540e-14
6646.111300 3.489440e-14
6650.327600 3.442353e-14
6654.544000 3.401296e-14
6658.760000 3.376014e-14
6662.976000 3.299449e-14
6667.192400 3.280521e-14
6671.408700 3.240849e-14
6675.625000 3.175476e-14
6679.841300 3.123712e-14
6684.057000 3.096436e-14
6688.273400 3.052350e-14
6692.489700 2.972335e-14
6696.706000 2.923686e-14
6700.922400 2.947126e-14
6705.138700 2.909983e-14
6709.354500 2.885467e-14
6713.571000 2.852533e-14
6717.787000 2.835573e-14
6722.003400 2.805601e-14
6726.219700 2.788329e-14
6730.436000 2.786490e-14
6734.652300 2.760250e-14
6738.868000 2.761711e-14
6743.084500 2.745783e-14
6747.301000 2.758399e-14
6751.517000 2.729813e-14
6755.733400 2.707810e-14
6759.949700 2.703952e-14
6764.165500 2.662406e-14
6768.382000 2.662185e-14
6772.598000 2.659935e-14
6776.814500 2.652606e-14
6781.031000 2.605291e-14
6785.247000 2.560436e-14
6789.463400 2.567740e-14
6793.679000 2.589937e-14
6797.895500 2.561731e-14
6802.112000 2.542934e-14
6806.328000 2.505387e-14
6810.544400 2.499096e-14
6814.760700 2.481900e-14
6818.976600 2.447282e-14
6823.193000 2.423807e-14
6827.409000 2.400483e-14
6831.625500 2.361881e-14
6835.842000 2.360727e-14
6840.058000 2.299600e-14
6844.274000 2.251398e-14
6848.490000 2.280034e-14
6852.706500 2.281195e-14
6856.923000 2.154674e-14
6861.139000 1.978932e-14
6865.355500 1.904447e-14
6869.572000 2.016329e-14
6873.787600 2.105713e-14
6878.004000 2.104263e-14
6882.220000 2.035344e-14
6886.436500 1.999344e-14
6890.653000 2.059210e-14
6894.869000 2.118178e-14
6899.085000 2.142086e-14
6903.301300 2.139077e-14
6907.517600 2.181342e-14
6911.734000 2.237432e-14
6915.950000 2.242598e-14
6920.166500 2.242801e-14
6924.383000 2.270629e-14
6928.598600 2.261238e-14
6932.815000 2.254162e-14
6937.031200 2.258237e-14
6941.247600 2.245474e-14
6945.464000 2.270571e-14
6949.680000 2.290699e-14
6953.896000 2.301115e-14
6958.112300 2.325616e-14
6962.328600 2.332589e-14
6966.545000 2.328997e-14
6970.761000 2.374236e-14
6974.977500 2.331525e-14
6979.194000 2.326174e-14
6983.409700 2.310039e-14
6987.626000 2.310125e-14
6991.842300 2.333075e-14
6996.058600 2.312522e-14
7000.275000 2.300126e-14
7004.491000 2.299246e-14
7008.707000 2.291127e-14
7012.923300 2.291006e-14
7017.139600 2.264464e-14
7021.356000 2.274969e-14
7025.572300 2.261148e-14
7029.788600 2.244151e-14
7034.004400 2.239300e-14
7038.220700 2.209276e-14
7042.437000 2.225044e-14
7046.653300 2.175036e-14
7050.869600 2.169481e-14
7055.086000 2.137054e-14
7059.302200 2.126688e-14
7063.518000 2.081106e-14
7067.734400 2.071800e-14
7071.950700 2.059667e-14
7076.167000 2.034240e-14
7080.383300 2.020186e-14
7084.599600 1.999866e-14
7088.815400 1.989527e-14
7093.031700 1.999277e-14
7097.248000 2.003387e-14
7101.464400 2.022541e-14
7105.680700 2.044189e-14
7109.897000 2.077096e-14
7114.113300 2.130094e-14
7118.329000 2.138146e-14
7122.545400 2.168933e-14
7126.761700 2.153208e-14
7130.978000 2.169839e-14
7135.194300 2.173595e-14
7139.410600 2.159400e-14
7143.626500 2.161584e-14
7147.843000 2.156816e-14
7152.059000 2.148826e-14
7156.275400 2.125881e-14
7160.491700 2.072632e-14
7164.708000 2.018826e-14
7168.924000 1.983841e-14
7173.140000 1.962463e-14
7177.356400 1.946014e-14
7181.572800 1.921134e-14
7185.789000 1.934848e-14
7190.005400 1.926585e-14
7194.221700 1.939445e-14
7198.437500 1.954839e-14
7202.654000 1.989735e-14
7206.870000 2.060189e-14
7211.086400 2.064211e-14
7215.302700 2.059004e-14
7219.519000 2.050617e-14
7223.735000 1.998859e-14
7227.951000 1.969469e-14
7232.167500 1.985880e-14
7236.384000 2.040148e-14
7240.600000 2.032555e-14
7244.816400 2.073266e-14
7249.032700 2.101397e-14
7253.248500 2.098142e-14
7257.465000 2.127002e-14
7261.681000 2.146979e-14
7265.897500 2.144059e-14
7270.114000 2.123702e-14
7274.330000 2.140713e-14
7278.546000 2.164553e-14
7282.762000 2.141286e-14
7286.978500 2.127677e-14
7291.195000 2.120332e-14
7295.411000 2.120880e-14
7299.627400 2.116944e-14
7303.843800 2.128034e-14
7308.059600 2.137850e-14
7312.276000 2.099917e-14
7316.492000 2.081542e-14
7320.708500 2.077488e-14
7324.925000 2.084303e-14
7329.141000 2.066985e-14
7333.357000 2.113365e-14
7337.573000 2.041591e-14
7341.789600 2.046708e-14
7346.006000 2.043187e-14
7350.222000 2.020705e-14
7354.438500 2.071686e-14
7358.654300 2.086771e-14
7362.870600 2.085284e-14
7367.087000 2.100056e-14
7371.303000 2.087653e-14
7375.519500 2.060776e-14
7379.736000 2.081227e-14
7383.952000 2.075817e-14
7388.168000 2.080743e-14
7392.384300 2.094363e-14
7396.600600 2.056651e-14
7400.817000 2.037796e-14
7405.033000 2.050067e-14
7409.249500 2.039066e-14
7413.465300 2.050616e-14
7417.681600 2.056212e-14
7421.898000 2.043767e-14
7426.114300 2.027158e-14
7430.330600 2.017759e-14
7434.547000 2.014272e-14
7438.763000 1.998360e-14
7442.979000 2.006075e-14
7447.195300 2.039587e-14
7451.411600 2.034490e-14
7455.628000 2.019829e-14
7459.844000 2.023527e-14
7464.060500 1.997970e-14
7468.276400 2.051813e-14
7472.492700 2.077903e-14
7476.709000 2.074762e-14
7480.925300 2.065253e-14
7485.141600 2.041099e-14
7489.358000 2.051969e-14
7493.573700 2.021544e-14
7497.790000 2.021240e-14
7502.006300 2.033057e-14
7506.222700 2.023142e-14
7510.439000 2.014941e-14
7514.655300 1.977097e-14
7518.871600 1.978313e-14
7523.087400 1.946375e-14
7527.303700 1.930355e-14
7531.520000 1.924938e-14
7535.736300 1.898999e-14
7539.952600 1.930168e-14
7544.169000 1.924470e-14
7548.385000 1.887727e-14
7552.601000 1.864235e-14
7556.817400 1.849090e-14
7561.033700 1.842819e-14
7565.250000 1.837241e-14
7569.466300 1.823964e-14
7573.682600 1.852838e-14
7577.898400 1.918044e-14
7582.114700 1.997574e-14
7586.331000 1.850026e-14
7590.547400 1.526848e-14
7594.763700 1.196864e-14
7598.980000 1.133381e-14
7603.196000 1.342117e-14
7607.412000 1.717161e-14
7611.628400 1.798242e-14
7615.844700 1.650469e-14
7620.061000 1.332347e-14
7624.277300 1.271569e-14
7628.493700 1.265756e-14
7632.709500 1.295039e-14
7636.926000 1.345261e-14
7641.142000 1.350157e-14
7645.358400 1.370803e-14
7649.574700 1.407651e-14
7653.791000 1.431835e-14
7658.007000 1.481318e-14
7662.223000 1.529469e-14
7666.439500 1.579662e-14
7670.656000 1.640880e-14
7674.872000 1.683682e-14
7679.088400 1.743768e-14
7683.304000 1.808419e-14
7687.520500 1.810764e-14
7691.737000 1.834137e-14
7695.953000 1.872847e-14
7700.169400 1.889128e-14
7704.385700 1.887463e-14
7708.602000 1.906260e-14
7712.818000 1.969409e-14
7717.034000 1.976167e-14
7721.250500 1.997807e-14
7725.467000 1.981902e-14
7729.683000 1.988376e-14
7733.899400 2.003378e-14
7738.115000 2.008620e-14
7742.331500 1.968297e-14
7746.548000 2.003655e-14
7750.764000 2.015704e-14
7754.980500 2.002779e-14
7759.197000 1.975981e-14
7763.413000 1.940233e-14
7767.629000 1.917752e-14
7771.845000 1.876807e-14
7776.061500 1.918701e-14
7780.278000 1.911051e-14
7784.494000 1.925270e-14
7788.710400 1.943157e-14
7792.926300 1.940472e-14
7797.142600 1.936021e-14
7801.359000 1.902533e-14
7805.575000 1.895787e-14
7809.791500 1.880924e-14
7814.008000 1.883356e-14
7818.224000 1.899234e-14
7822.440000 1.893274e-14
7826.656200 1.881599e-14
7830.872600 1.878462e-14
7835.089000 1.881008e-14
7839.305000 1.881312e-14
7843.521500 1.883825e-14
7847.737300 1.904704e-14
7851.953600 1.893677e-14
7856.170000 1.911424e-14
7860.386000 1.894720e-14
7864.602500 1.843059e-14
7868.819000 1.840965e-14
7873.034700 1.839313e-14
7877.251000 1.881790e-14
7881.467300 1.875999e-14
7885.683600 1.864799e-14
7889.900000 1.846649e-14
7894.116000 1.844793e-14
7898.332500 1.809814e-14
7902.548300 1.834364e-14
7906.764600 1.847204e-14
7910.981000 1.855236e-14
7915.197300 1.819778e-14
7919.413600 1.817088e-14
7923.630000 1.816795e-14
7927.845700 1.804638e-14
7932.062000 1.820317e-14
7936.278300 1.810735e-14
7940.494600 1.828097e-14
7944.711000 1.840780e-14
7948.927200 1.793389e-14
7953.143600 1.768776e-14
7957.359400 1.761258e-14
7961.575700 1.783351e-14
7965.792000 1.799602e-14
7970.008300 1.784782e-14
7974.224600 1.770726e-14
7978.441000 1.779809e-14
7982.656700 1.773304e-14
7986.873000 1.747073e-14
7991.089400 1.750680e-14
7995.305700 1.776218e-14
7999.522000 1.753096e-14
8003.738300 1.725317e-14
8007.954000 1.742464e-14
8012.170400 1.772398e-14
8016.386700 1.747065e-14
8020.603000 1.727009e-14
8024.819300 1.735273e-14
8029.035600 1.724724e-14
8033.252000 1.733308e-14
8037.468000 1.715209e-14
8041.684000 1.723590e-14
8045.900400 1.744874e-14
8050.116700 1.702533e-14
8054.333000 1.679352e-14
8058.549300 1.688901e-14
8062.765000 1.697474e-14
8066.981400 1.657857e-14
8071.197800 1.625623e-14
8075.414000 1.625007e-14
8079.630400 1.623535e-14
8083.846700 1.609031e-14
8088.063000 1.587564e-14
8092.279000 1.582567e-14
8096.495000 1.605532e-14
8100.711400 1.595265e-14
8104.927700 1.598286e-14
8109.144000 1.562335e-14
8113.360400 1.574758e-14
8117.576000 1.558475e-14
8121.792500 1.527076e-14
8126.009000 1.515325e-14
8130.225000 1.538260e-14
8134.441400 1.535205e-14
8138.657700 1.551660e-14
8142.874000 1.549065e-14
8147.090000 1.560798e-14
8151.306000 1.539625e-14
8155.522500 1.488284e-14
8159.739000 1.499740e-14
8163.955000 1.536832e-14
8168.171400 1.519485e-14
8172.387000 1.537793e-14
8176.603500 1.545908e-14
8180.820000 1.588784e-14
8185.036000 1.554999e-14
8189.252400 1.558546e-14
8193.469000 1.554453e-14
8197.685000 1.542771e-14
8201.901000 1.538080e-14
8206.117000 1.511763e-14
8210.334000 1.485609e-14
8214.550000 1.436413e-14
8218.766000 1.352882e-14
8222.982000 1.271135e-14
8227.198000 1.277214e-14
8231.415000 1.327879e-14
8235.631000 1.313630e-14
8239.847000 1.216044e-14
8244.063000 1.176757e-14
8248.279000 1.103720e-14
8252.496000 1.005081e-14
8256.712000 9.741694e-15
8260.929000 9.192187e-15
8265.145000 8.506157e-15
8269.360000 7.969504e-15
8273.577000 7.559313e-15
8277.793000 7.165385e-15
8282.010000 6.905468e-15
8286.226000 6.498717e-15
8290.442000 6.073943e-15
8294.658000 5.837765e-15
8298.874000 5.494381e-15
8303.091000 5.304678e-15
8307.307000 5.250472e-15
8311.523000 5.099360e-15
8315.739000 5.091181e-15
8319.955000 4.976013e-15
8324.172000 4.803986e-15
8328.388000 4.688215e-15
8332.604500 4.725679e-15
8336.820000 4.816680e-15
8341.037000 4.933334e-15
8345.253000 5.149691e-15
8349.469000 5.182062e-15
8353.686000 5.444704e-15
8357.901000 5.644391e-15
8362.118000 5.793956e-15
8366.334000 6.150569e-15
8370.551000 6.507238e-15
8374.767000 6.656943e-15
8378.982000 6.987049e-15
8383.199000 7.300918e-15
8387.415000 7.484458e-15
8391.632000 8.058629e-15
8395.848000 7.889449e-15
8400.064000 8.375597e-15
8404.280000 8.417993e-15
8408.496000 8.704900e-15
8412.713000 8.807484e-15
8416.929000 8.919281e-15
8421.145500 8.839583e-15
8425.361000 9.176221e-15
8429.577000 9.044553e-15
8433.794000 9.276430e-15
8438.010000 9.707680e-15
8442.227000 9.889099e-15
8446.442000 9.806700e-15
8450.659000 1.003064e-14
8454.875000 9.943191e-15
8459.091000 9.842894e-15
8463.308000 1.005254e-14
8467.523000 9.996934e-15
8471.740000 1.003535e-14
8475.956000 1.023899e-14
8480.173000 1.055060e-14
8484.389000 1.066224e-14
8488.604500 1.096442e-14
8492.821000 1.145712e-14
8497.037000 1.178933e-14
8501.254000 1.201418e-14
8505.470000 1.229861e-14
8509.686000 1.266911e-14
8513.902000 1.281481e-14
8518.118000 1.336217e-14
8522.335000 1.411997e-14
8526.551000 1.457650e-14
8530.768000 1.533978e-14
8534.983000 1.627655e-14
8539.199000 1.691720e-14
8543.416000 1.748217e-14
8547.632000 1.800740e-14
8551.849000 1.822550e-14
8556.064000 1.849918e-14
8560.281000 1.892668e-14
8564.497000 1.959176e-14
8568.713000 2.003887e-14
8572.930000 2.077752e-14
8577.145500 2.089957e-14
8581.362000 2.153996e-14
8585.578000 2.208695e-14
8589.794000 2.183258e-14
8594.011000 2.226507e-14
8598.227000 2.166661e-14
8602.443000 2.170166e-14
8606.659000 2.194006e-14
8610.876000 2.218825e-14
8615.092000 2.220704e-14
8619.308000 2.256685e-14
8623.524000 2.311642e-14
8627.740000 2.284795e-14
8631.957000 2.286042e-14
8636.173000 2.284201e-14
8640.390000 2.237892e-14
8644.605000 2.209174e-14
8648.821000 2.205481e-14
8653.038000 2.223546e-14
8657.254000 2.210860e-14
8661.471000 2.200254e-14
8665.687000 2.222756e-14
8669.903000 2.220925e-14
8674.119000 2.220056e-14
8678.335000 2.161289e-14
8682.552000 2.107553e-14
8686.768000 2.088449e-14
8690.984000 2.048952e-14
8695.200000 2.077580e-14
8699.416000 2.050456e-14
8703.633000 2.046240e-14
8707.849000 2.088101e-14
8712.065000 2.033335e-14
8716.281000 1.988725e-14
8720.498000 1.954396e-14
8724.714000 1.896983e-14
8728.930000 1.867924e-14
8733.146000 1.824908e-14
8737.362000 1.783366e-14
8741.579000 1.806850e-14
8745.795000 1.777806e-14
8750.012000 1.746607e-14
8754.228000 1.724341e-14
8758.443000 1.633650e-14
8762.660000 1.615574e-14
8766.876000 1.546161e-14
8771.093000 1.546302e-14
8775.309000 1.521302e-14
8779.524000 1.453505e-14
8783.741000 1.461786e-14
8787.957000 1.488419e-14
8792.174000 1.494466e-14
8796.390000 1.495355e-14
8800.606000 1.472646e-14
8804.822000 1.470940e-14
8809.038000 1.449326e-14
8813.255000 1.436096e-14
8817.471000 1.426167e-14
8821.687500 1.404760e-14
8825.903000 1.392465e-14
8830.120000 1.411148e-14
8834.336000 1.445203e-14
8838.552000 1.457995e-14
8842.769000 1.446639e-14
8846.984000 1.417758e-14
8851.201000 1.426754e-14
8855.417000 1.422046e-14
8859.634000 1.379375e-14
8863.850000 1.381585e-14
8868.065000 1.363348e-14
8872.282000 1.398598e-14
8876.498000 1.399784e-14
8880.715000 1.397756e-14
8884.931000 1.437632e-14
8889.146000 1.441932e-14
8893.363000 1.409650e-14
8897.579000 1.404065e-14
8901.796000 1.359727e-14
8906.012000 1.384389e-14
8910.229000 1.366117e-14
8914.444000 1.339438e-14
8918.660000 1.336473e-14
8922.877000 1.288792e-14
8927.093000 1.304404e-14
8931.310000 1.326246e-14
8935.525000 1.328606e-14
8939.742000 1.298424e-14
8943.958000 1.280278e-14
8948.174000 1.254475e-14
8952.391000 1.222642e-14
8956.606000 1.225576e-14
8960.823000 1.207940e-14
8965.039000 1.158989e-14
8969.255000 1.191759e-14
8973.472000 1.218687e-14
8977.687500 1.188482e-14
8981.904000 1.177625e-14
8986.120000 1.193392e-14
8990.337000 1.248473e-14
8994.553000 1.276897e-14
8998.769000 1.278561e-14
9002.985000 1.268855e-14
9007.201000 1.242673e-14
9011.418000 1.243531e-14
9015.634000 1.220264e-14
9019.851000 1.205060e-14
9024.066000 1.231287e-14
9028.282000 1.260711e-14
9032.499000 1.232137e-14
9036.715000 1.216837e-14
9040.932000 1.158059e-14
9045.147000 1.176988e-14
9049.364000 1.176670e-14
9053.580000 1.129835e-14
9057.796000 1.066921e-14
9062.013000 1.031187e-14
9066.229000 9.776434e-15
9070.445000 9.438022e-15
9074.661000 9.398032e-15
9078.877000 9.452029e-15
9083.094000 9.225391e-15
9087.310000 9.164835e-15
9091.526000 9.335917e-15
9095.742000 9.283261e-15
9099.959000 9.315176e-15
9104.175000 9.653246e-15
9108.391000 9.803443e-15
9112.607000 9.802553e-15
9116.823000 9.847003e-15
9121.040000 1.002592e-14
9125.256000 9.839266e-15
9129.473000 9.807109e-15
9133.688000 1.058461e-14
9137.904000 1.086532e-14
9142.121000 1.105372e-14
9146.337000 1.080291e-14
9150.554000 1.108908e-14
9154.770000 1.141678e-14
9158.985000 1.214765e-14
9163.202000 1.198451e-14
9167.418000 1.157367e-14
9171.635000 1.140414e-14
9175.851000 1.197594e-14
9180.067000 1.222107e-14
9184.283000 1.217408e-14
9188.499000 1.216131e-14
9192.716000 1.208538e-14
9196.932000 1.235388e-14
9201.148000 1.258616e-14
9205.364000 1.233466e-14
9209.581000 1.234305e-14
9213.797000 1.227831e-14
9218.013000 1.241892e-14
9222.229500 1.220258e-14
9226.445000 1.186130e-14
9230.662000 1.182498e-14
9234.878000 1.141276e-14
9239.094000 1.125185e-14
9243.311000 1.121935e-14
9247.526000 1.126643e-14
9251.743000 1.130378e-14
9255.959000 1.137519e-14
9260.176000 1.146305e-14
9264.392000 1.106288e-14
9268.607000 1.094015e-14
9272.824000 1.047130e-14
9277.040000 9.921182e-15
9281.257000 9.830116e-15
9285.473000 9.804344e-15
9289.689000 9.381275e-15
9293.905000 9.480581e-15
9298.121000 9.336469e-15
9302.338000 9.465941e-15
9306.554000 9.118152e-15
9310.770500 8.981754e-15
9314.986000 8.483818e-15
9319.203000 8.351284e-15
9323.419000 8.498632e-15
9327.635000 8.343692e-15
9331.852000 7.433605e-15
9336.067000 7.513792e-15
9340.284000 7.870214e-15
9344.500000 8.110762e-15
9348.716000 8.437225e-15
9352.933000 8.423279e-15
9357.148000 8.310022e-15
9361.365000 8.663659e-15
9365.581000 8.287809e-15
9369.798000 7.625319e-15
9374.014000 8.151327e-15
9378.229500 8.502680e-15
9382.446000 8.856295e-15
9386.662000 9.712436e-15
9390.879000 9.578011e-15
9395.095000 9.068192e-15
9399.312000 8.881496e-15
9403.527000 9.206696e-15
9407.743000 9.299724e-15
9411.960000 9.548267e-15
9416.176000 9.191205e-15
9420.393000 9.065409e-15
9424.608000 8.944559e-15
9428.824000 8.793400e-15
9433.041000 8.347573e-15
9437.257000 8.678898e-15
9441.474000 8.199235e-15
9445.689000 8.591565e-15
9449.906000 8.704003e-15
9454.122000 8.521450e-15
9458.338000 8.874175e-15
9462.555000 9.216809e-15
9466.770500 9.285324e-15
9470.987000 9.060535e-15
9475.203000 8.852151e-15
9479.420000 9.038675e-15
9483.636000 9.070701e-15
9487.852000 8.651601e-15
9492.068000 8.021438e-15
9496.284000 8.095513e-15
9500.501000 9.077418e-15
9504.717000 9.750572e-15
9508.934000 8.937639e-15
9513.149000 8.406984e-15
9517.365000 8.283410e-15
9521.582000 8.381219e-15
9525.798000 8.878407e-15
9530.015000 9.031997e-15
9534.230000 8.683575e-15
9538.446000 8.484139e-15
9542.663000 8.405873e-15
9546.879000 8.521669e-15
9551.096000 8.659657e-15
9555.312000 8.267831e-15
9559.528000 8.488633e-15
9563.744000 9.009841e-15
9567.960000 8.569966e-15
9572.177000 9.319624e-15
9576.393000 9.045134e-15
9580.609000 8.165062e-15
9584.825000 8.018202e-15
9589.042000 8.563033e-15
9593.258000 8.215659e-15
9597.474000 8.680525e-15
9601.690000 9.316437e-15
9605.906000 8.993839e-15
9610.123000 9.120304e-15
9614.339000 9.266867e-15
9618.555000 9.156468e-15
9622.771000 9.128778e-15
9626.987000 8.934497e-15
9631.204000 8.957541e-15
9635.420000 8.845203e-15
9639.637000 8.775567e-15
9643.853000 8.976494e-15
9648.068000 9.303062e-15
9652.285000 9.145311e-15
9656.501000 9.238511e-15
9660.718000 9.395626e-15
9664.934000 9.598372e-15
9669.150000 9.344329e-15
9673.366000 9.334171e-15
9677.582000 9.703698e-15
9681.799000 9.621393e-15
9686.015000 9.305797e-15
9690.231000 9.062312e-15
9694.447000 9.371957e-15
9698.664000 9.070317e-15
9702.880000 9.233389e-15
9707.096000 9.441351e-15
9711.312500 9.231030e-15
9715.528000 8.986037e-15
9719.745000 9.201426e-15
9723.961000 9.317534e-15
9728.177000 8.958554e-15
9732.394000 8.891971e-15
9736.609000 8.367745e-15
9740.826000 8.139977e-15
9745.042000 8.764673e-15
9749.259000 8.723512e-15
9753.475000 8.605539e-15
9757.690000 9.071535e-15
9761.907000 9.496294e-15
9766.123000 9.387801e-15
9770.340000 9.411574e-15
9774.556000 9.115266e-15
9778.772000 8.983137e-15
9782.988000 8.875873e-15
9787.204000 8.950157e-15
9791.421000 8.717051e-15
9795.637000 9.169839e-15
9799.854000 9.628371e-15
9804.069000 9.143805e-15
9808.285000 9.402790e-15
9812.502000 9.531721e-15
9816.718000 9.609542e-15
9820.935000 8.854206e-15
9825.150000 9.476157e-15
9829.367000 9.074751e-15
9833.583000 8.971261e-15
9837.799000 8.936400e-15
9842.016000 8.871139e-15
9846.231000 8.991702e-15
9850.448000 9.435789e-15
9854.664000 9.389963e-15
9858.881000 9.557384e-15
9863.097000 9.922597e-15
9867.312500 9.525084e-15
9871.529000 8.854492e-15
9875.745000 8.825221e-15
9879.962000 8.866471e-15
9884.178000 8.327598e-15
9888.395000 8.467976e-15
9892.610000 9.141369e-15
9896.826000 8.973147e-15
9901.043000 8.894075e-15
9905.259000 8.749097e-15
9909.476000 9.210154e-15
9913.691000 9.028108e-15
9917.907000 8.220531e-15
9922.124000 8.799777e-15
9926.340000 8.383265e-15
9930.557000 8.711336e-15
9934.772000 8.497267e-15
9938.989000 8.712885e-15
9943.205000 8.884529e-15
9947.421000 9.214656e-15
9951.638000 8.750300e-15
9955.854000 8.543200e-15
9960.070000 8.348561e-15
9964.286000 8.610967e-15
9968.503000 9.018644e-15
9972.719000 8.646386e-15
9976.935000 8.366930e-15
9981.151000 8.687687e-15
9985.367000 9.265511e-15
9989.584000 9.338946e-15
