3200.309570 1.736777e-15
3202.048309 1.487647e-15
3203.787048 1.396022e-15
3205.525786 1.578583e-15
3207.264525 1.409721e-15
3209.003264 1.269273e-15
3210.742002 1.635212e-15
3212.480741 1.457699e-15
3214.219480 1.399203e-15
3215.958218 1.530416e-15
3217.696957 1.279503e-15
3219.435696 1.326379e-15
3221.174434 1.338509e-15
3222.913173 1.354491e-15
3224.651911 1.438665e-15
3226.390650 1.225336e-15
3228.129389 1.141435e-15
3229.868127 9.622368e-16
3231.606866 1.156756e-15
3233.345605 1.197333e-15
3235.084343 9.368207e-16
3236.823082 1.359193e-15
3238.561821 1.409761e-15
3240.300559 1.356723e-15
3242.039298 1.444989e-15
3243.778037 1.249131e-15
3245.516775 1.273730e-15
3247.255514 1.387141e-15
3248.994253 1.328899e-15
3250.732991 1.034854e-15
3252.471730 1.062544e-15
3254.210469 1.217427e-15
3255.949207 1.031616e-15
3257.687946 1.100842e-15
3259.426685 1.281189e-15
3261.165423 9.838824e-16
3262.904162 1.035300e-15
3264.642901 8.971299e-16
3266.381639 8.755206e-16
3268.120378 7.984460e-16
3269.859117 1.203774e-15
3271.597855 1.204201e-15
3273.336594 9.239728e-16
3275.075333 9.440698e-16
3276.814071 1.018532e-15
3278.552810 8.058614e-16
3280.291548 8.409776e-16
3282.030287 9.245117e-16
3283.769026 9.344327e-16
3285.507764 9.773456e-16
3287.246503 1.039982e-15
3288.985242 9.856433e-16
3290.723980 8.360923e-16
3292.462719 1.055256e-15
3294.201458 1.086852e-15
3295.940196 9.292757e-16
3297.678935 1.141836e-15
3299.417674 1.001857e-15
3301.156412 1.102129e-15
3302.895151 8.757439e-16
3304.633890 9.905088e-16
3306.372628 1.132193e-15
3308.111367 1.103792e-15
3309.850106 1.209681e-15
3311.588844 1.074629e-15
3313.327583 9.996825e-16
3315.066322 1.032303e-15
3316.805060 1.344548e-15
3318.543799 1.333912e-15
3320.282538 1.419517e-15
3322.021276 1.581997e-15
3323.760015 1.477925e-15
3325.498754 1.493571e-15
3327.237492 1.474750e-15
3328.976231 1.697693e-15
3330.714970 1.573028e-15
3332.453708 1.424891e-15
3334.192447 1.575502e-15
3335.931185 1.605358e-15
3337.669924 1.669051e-15
3339.408663 1.499289e-15
3341.147401 1.647864e-15
3342.886140 1.859557e-15
3344.624879 1.907958e-15
3346.363617 1.779765e-15
3348.102356 1.679825e-15
3349.841095 2.006247e-15
3351.579833 1.842595e-15
3353.318572 1.845320e-15
3355.057311 1.789024e-15
3356.796049 1.800204e-15
3358.534788 1.731532e-15
3360.273527 2.018777e-15
3362.012265 2.022140e-15
3363.751004 1.969728e-15
3365.489743 2.075313e-15
3367.228481 2.032848e-15
3368.967220 2.137901e-15
3370.705959 2.026181e-15
3372.444697 1.872260e-15
3374.183436 2.001484e-15
3375.922175 1.875836e-15
3377.660913 1.763449e-15
3379.399652 1.896297e-15
3381.138391 1.833288e-15
3382.877129 1.888789e-15
3384.615868 1.867674e-15
3386.354607 1.822535e-15
3388.093345 1.804928e-15
3389.832084 1.740424e-15
3391.570822 1.710353e-15
3393.309561 1.715340e-15
3395.048300 1.803332e-15
3396.787038 1.926746e-15
3398.525777 2.036795e-15
3400.264516 1.900922e-15
3402.003254 1.824487e-15
3403.741993 1.961728e-15
3405.480732 2.085033e-15
3407.219470 2.009206e-15
3408.958209 1.986664e-15
3410.696948 2.045674e-15
3412.435686 2.198779e-15
3414.174425 2.104429e-15
3415.913164 2.203585e-15
3417.651902 2.085340e-15
3419.390641 2.087253e-15
3421.129380 2.254941e-15
3422.868118 2.364743e-15
3424.606857 2.268596e-15
3426.345596 2.243068e-15
3428.084334 2.336416e-15
3429.823073 2.324522e-15
3431.561812 2.296831e-15
3433.300550 2.297673e-15
3435.039289 2.420813e-15
3436.778028 2.718681e-15
3438.516766 2.568944e-15
3440.255505 2.355621e-15
3441.994244 2.525694e-15
3443.732982 2.562441e-15
3445.471721 2.611883e-15
3447.210459 2.550948e-15
3448.949198 2.904901e-15
3450.687937 2.760231e-15
3452.426675 2.723572e-15
3454.165414 2.796411e-15
3455.904153 2.690228e-15
3457.642891 2.531852e-15
3459.381630 2.718637e-15
3461.120369 2.799734e-15
3462.859107 2.884173e-15
3464.597846 2.763191e-15
3466.336585 2.781443e-15
3468.075323 2.800986e-15
3469.814062 2.841633e-15
3471.552801 2.896685e-15
3473.291539 2.885949e-15
3475.030278 2.935775e-15
3476.769017 2.892386e-15
3478.507755 3.022310e-15
3480.246494 3.256899e-15
3481.985233 3.273493e-15
3483.723971 3.093827e-15
3485.462710 3.212046e-15
3487.201449 3.132920e-15
3488.940187 3.096159e-15
3490.678926 3.171433e-15
3492.417665 3.070583e-15
3494.156403 3.194601e-15
3495.895142 3.084770e-15
3497.633880 3.065852e-15
3499.372619 3.351545e-15
3501.111358 3.159785e-15
3502.850096 3.140429e-15
3504.588835 3.175792e-15
3506.327574 2.918019e-15
3508.066312 2.940447e-15
3509.805051 2.958282e-15
3511.543790 3.017589e-15
3513.282528 2.831642e-15
3515.021267 2.869524e-15
3516.760006 2.993144e-15
3518.498744 2.830903e-15
3520.237483 2.798650e-15
3521.976222 2.882654e-15
3523.714960 2.849494e-15
3525.453699 2.792093e-15
3527.192438 2.891371e-15
3528.931176 2.955165e-15
3530.669915 2.915964e-15
3532.408654 2.924033e-15
3534.147392 2.988128e-15
3535.886131 2.959091e-15
3537.624870 2.987592e-15
3539.363608 3.066866e-15
3541.102347 2.990439e-15
3542.841086 3.092904e-15
3544.579824 3.234506e-15
3546.318563 3.027779e-15
3548.057302 3.257468e-15
3549.796040 3.331802e-15
3551.534779 3.278380e-15
3553.273517 3.311514e-15
3555.012256 3.208021e-15
3556.750995 3.347156e-15
3558.489733 3.287165e-15
3560.228472 3.261896e-15
3561.967211 3.271648e-15
3563.705949 3.263929e-15
3565.444688 3.267844e-15
3567.183427 3.215164e-15
3568.922165 3.220551e-15
3570.660904 3.244163e-15
3572.399643 3.162036e-15
3574.138381 3.250748e-15
3575.877120 3.302609e-15
3577.615859 3.159776e-15
3579.354597 3.186690e-15
3581.093336 3.222528e-15
3582.832075 3.332874e-15
3584.570813 3.292192e-15
3586.309552 3.285292e-15
3588.048291 3.304870e-15
3589.787029 3.380835e-15
3591.525768 3.488492e-15
3593.264507 3.335793e-15
3595.003245 3.288089e-15
3596.741984 3.257219e-15
3598.480723 3.324416e-15
3600.219461 3.377475e-15
3601.958200 3.346657e-15
3603.696939 3.245722e-15
3605.435677 3.263668e-15
3607.174416 3.343278e-15
3608.913154 3.140240e-15
3610.651893 3.028855e-15
3612.390632 3.116011e-15
3614.129370 3.147766e-15
3615.868109 3.048810e-15
3617.606848 3.162046e-15
3619.345586 3.071898e-15
3621.084325 3.112817e-15
3622.823064 3.129029e-15
3624.561802 3.214233e-15
3626.300541 3.161036e-15
3628.039280 3.299739e-15
3629.778018 3.149630e-15
3631.516757 3.107790e-15
3633.255496 3.060388e-15
3634.994234 3.238207e-15
3636.732973 3.156805e-15
3638.471712 3.136089e-15
3640.210450 3.090322e-15
3641.949189 3.115143e-15
3643.687928 3.096980e-15
3645.426666 2.972741e-15
3647.165405 3.014152e-15
3648.904144 3.101851e-15
3650.642882 3.043365e-15
3652.381621 3.040919e-15
3654.120360 3.091841e-15
3655.859098 3.029331e-15
3657.597837 2.990273e-15
3659.336576 3.040781e-15
3661.075314 2.912667e-15
3662.814053 2.898488e-15
3664.552791 3.039797e-15
3666.291530 3.001159e-15
3668.030269 2.966785e-15
3669.769007 3.092586e-15
3671.507746 2.964796e-15
3673.246485 3.069037e-15
3674.985223 3.147893e-15
3676.723962 3.120908e-15
3678.462701 3.128202e-15
3680.201439 3.120813e-15
3681.940178 3.154862e-15
3683.678917 3.259264e-15
3685.417655 3.351515e-15
3687.156394 3.438937e-15
3688.895133 3.599393e-15
3690.633871 3.628570e-15
3692.372610 3.740867e-15
3694.111349 3.879175e-15
3695.850087 3.897268e-15
3697.588826 4.072078e-15
3699.327565 4.067566e-15
3701.066303 4.203513e-15
3702.805042 4.349956e-15
3704.543781 4.485611e-15
3706.282519 4.556494e-15
3708.021258 4.831401e-15
3709.759997 4.891671e-15
3711.498735 4.987475e-15
3713.237474 5.121214e-15
3714.976213 5.246048e-15
3716.714951 5.365193e-15
3718.453690 5.597531e-15
3720.192428 5.731764e-15
3721.931167 5.882660e-15
3723.669906 6.040329e-15
3725.408644 6.043641e-15
3727.147383 6.122789e-15
3728.886122 6.304614e-15
3730.624860 6.250816e-15
3732.363599 6.364061e-15
3734.102338 6.411275e-15
3735.841076 6.668466e-15
3737.579815 6.739576e-15
3739.318554 6.657450e-15
3741.057292 6.714041e-15
3742.796031 6.817206e-15
3744.534770 6.758249e-15
3746.273508 6.758724e-15
3748.012247 6.868811e-15
3749.750986 6.780693e-15
3751.489724 6.652731e-15
3753.228463 6.727167e-15
3754.967202 6.764848e-15
3756.705940 6.971881e-15
3758.444679 6.959107e-15
3760.183418 6.901235e-15
3761.922156 6.959642e-15
3763.660895 7.060765e-15
3765.399634 7.058201e-15
3767.138372 7.056950e-15
3768.877111 6.964905e-15
3770.615849 6.926390e-15
3772.354588 7.014613e-15
3774.093327 6.974485e-15
3775.832065 6.895410e-15
3777.570804 6.827423e-15
3779.309543 6.774694e-15
3781.048281 6.800400e-15
3782.787020 6.663914e-15
3784.525759 6.796118e-15
3786.264497 6.753609e-15
3788.003236 6.625135e-15
3789.741975 6.627335e-15
3791.480713 6.608598e-15
3793.219452 6.519443e-15
3794.958191 6.308315e-15
3796.696929 6.274978e-15
3798.435668 6.153992e-15
3800.174407 5.933748e-15
3801.913145 5.871836e-15
3803.651884 5.635780e-15
3805.390623 5.506134e-15
3807.129361 5.439534e-15
3808.868100 5.287046e-15
3810.606839 4.907191e-15
3812.345577 4.722899e-15
3814.084316 4.661898e-15
3815.823055 4.475947e-15
3817.561793 4.364946e-15
3819.300532 4.227469e-15
3821.039271 4.204725e-15
3822.778009 4.231322e-15
3824.516748 4.071860e-15
3826.255486 3.876033e-15
3827.994225 3.908516e-15
3829.732964 3.744008e-15
3831.471702 3.658852e-15
3833.210441 3.657344e-15
3834.949180 3.507479e-15
3836.687918 3.462050e-15
3838.426657 3.468867e-15
3840.165396 3.295530e-15
3841.904134 3.353891e-15
3843.642873 3.208997e-15
3845.381612 3.192159e-15
3847.120350 3.230603e-15
3848.859089 3.072399e-15
3850.597828 2.963173e-15
3852.336566 3.010521e-15
3854.075305 3.032959e-15
3855.814044 3.058836e-15
3857.552782 3.205031e-15
3859.291521 3.193806e-15
3861.030260 3.103178e-15
3862.768998 3.334859e-15
3864.507737 3.291886e-15
3866.246476 3.376158e-15
3867.985214 3.604083e-15
3869.723953 3.638960e-15
3871.462692 3.776047e-15
3873.201430 3.874766e-15
3874.940169 3.897609e-15
3876.678908 3.998928e-15
3878.417646 4.034513e-15
3880.156385 4.157013e-15
3881.895123 4.341595e-15
3883.633862 4.308745e-15
3885.372601 4.470391e-15
3887.111339 4.575210e-15
3888.850078 4.745218e-15
3890.588817 4.873293e-15
3892.327555 5.032648e-15
3894.066294 5.089486e-15
3895.805033 5.298063e-15
3897.543771 5.732918e-15
3899.282510 5.865273e-15
3901.021249 5.848704e-15
3902.759987 5.956356e-15
3904.498726 6.380083e-15
3906.237465 6.682852e-15
3907.976203 6.719638e-15
3909.714942 6.930027e-15
3911.453681 7.049789e-15
3913.192419 7.508500e-15
3914.931158 7.700013e-15
3916.669897 7.986730e-15
3918.408635 8.342871e-15
3920.147374 8.623611e-15
3921.886113 8.772382e-15
3923.624851 9.109929e-15
3925.363590 9.356849e-15
3927.102329 9.428524e-15
3928.841067 9.556465e-15
3930.579806 9.717933e-15
3932.318545 1.001345e-14
3934.057283 1.015224e-14
3935.796022 1.035022e-14
3937.534760 1.066375e-14
3939.273499 1.072570e-14
3941.012238 1.074434e-14
3942.750976 1.109635e-14
3944.489715 1.134070e-14
3946.228454 1.143971e-14
3947.967192 1.158157e-14
3949.705931 1.182472e-14
3951.444670 1.189447e-14
3953.183408 1.203719e-14
3954.922147 1.216271e-14
3956.660886 1.234108e-14
3958.399624 1.220129e-14
3960.138363 1.243603e-14
3961.877102 1.251737e-14
3963.615840 1.267963e-14
3965.354579 1.269412e-14
3967.093318 1.276006e-14
3968.832056 1.272984e-14
3970.570795 1.276928e-14
3972.309534 1.299949e-14
3974.048272 1.307002e-14
3975.787011 1.345027e-14
3977.525750 1.346005e-14
3979.264488 1.340441e-14
3981.003227 1.360889e-14
3982.741966 1.363542e-14
3984.480704 1.363908e-14
3986.219443 1.369243e-14
3987.958182 1.382007e-14
3989.696920 1.378378e-14
3991.435659 1.401147e-14
3993.174397 1.416642e-14
3994.913136 1.399711e-14
3996.651875 1.392408e-14
3998.390613 1.399265e-14
4000.129352 1.413521e-14
4001.868091 1.386778e-14
4003.606829 1.389755e-14
4005.345568 1.407263e-14
4007.084307 1.400107e-14
4008.823045 1.399516e-14
4010.561784 1.404292e-14
4012.300523 1.383064e-14
4014.039261 1.389774e-14
4015.778000 1.392448e-14
4017.516739 1.385735e-14
4019.255477 1.359016e-14
4020.994216 1.349934e-14
4022.732955 1.365882e-14
4024.471693 1.336867e-14
4026.210432 1.313263e-14
4027.949171 1.295012e-14
4029.687909 1.283917e-14
4031.426648 1.276735e-14
4033.165387 1.277453e-14
4034.904125 1.261281e-14
4036.642864 1.240853e-14
4038.381603 1.218838e-14
4040.120341 1.214868e-14
4041.859080 1.224840e-14
4043.597818 1.242135e-14
4045.336557 1.231690e-14
4047.075296 1.216286e-14
4048.814034 1.214737e-14
4050.552773 1.225844e-14
4052.291512 1.234481e-14
4054.030250 1.212150e-14
4055.768989 1.209751e-14
4057.507728 1.198744e-14
4059.246466 1.207223e-14
4060.985205 1.216767e-14
4062.723944 1.207847e-14
4064.462682 1.204430e-14
4066.201421 1.198964e-14
4067.940160 1.231103e-14
4069.678898 1.209197e-14
4071.417637 1.200611e-14
4073.156376 1.205458e-14
4074.895114 1.200123e-14
4076.633853 1.190007e-14
4078.372592 1.195617e-14
4080.111330 1.217421e-14
4081.850069 1.218831e-14
4083.588808 1.188623e-14
4085.327546 1.193094e-14
4087.066285 1.191631e-14
4088.805024 1.184001e-14
4090.543762 1.177046e-14
4092.282501 1.180326e-14
4094.021240 1.176676e-14
4095.759978 1.177366e-14
4097.498717 1.173979e-14
4099.237455 1.168340e-14
4100.976194 1.203709e-14
4102.714933 1.193459e-14
4104.453671 1.181968e-14
4106.192410 1.175448e-14
4107.931149 1.156345e-14
4109.669887 1.172825e-14
4111.408626 1.167283e-14
4113.147365 1.150908e-14
4114.886103 1.154119e-14
4116.624842 1.134825e-14
4118.363581 1.141638e-14
4120.102319 1.147489e-14
4121.841058 1.146262e-14
4123.579797 1.145729e-14
4125.318535 1.133589e-14
4127.057274 1.158286e-14
4128.796013 1.161465e-14
4130.534751 1.160892e-14
4132.273490 1.159840e-14
4134.012229 1.152731e-14
4135.750967 1.151029e-14
4137.489706 1.153355e-14
4139.228445 1.123863e-14
4140.967183 1.117479e-14
4142.705922 1.106469e-14
4144.444661 1.103098e-14
4146.183399 1.103708e-14
4147.922138 1.083584e-14
4149.660877 1.079215e-14
4151.399615 1.073971e-14
4153.138354 1.057136e-14
4154.877092 1.029958e-14
4156.615831 1.007561e-14
4158.354570 9.904522e-15
4160.093308 9.634283e-15
4161.832047 9.523496e-15
4163.570786 9.366456e-15
4165.309524 9.100332e-15
4167.048263 9.043045e-15
4168.787002 8.752025e-15
4170.525740 8.278067e-15
4172.264479 8.326452e-15
4174.003218 8.449075e-15
4175.741956 8.209501e-15
4177.480695 7.905359e-15
4179.219434 7.788113e-15
4180.958172 7.783509e-15
4182.696911 7.660829e-15
4184.435650 7.485455e-15
4186.174388 7.458537e-15
4187.913127 7.427031e-15
4189.651866 7.594795e-15
4191.390604 7.697769e-15
4193.129343 7.500993e-15
4194.868082 7.615439e-15
4196.606820 7.500265e-15
4198.345559 7.398710e-15
4200.084298 7.474199e-15
4201.823036 7.275381e-15
4203.561775 7.285427e-15
4205.300514 7.128573e-15
4207.039252 7.084866e-15
4208.777991 7.198572e-15
4210.516729 7.063154e-15
4212.255468 6.951828e-15
4213.994207 6.891272e-15
4215.732945 6.844011e-15
4217.471684 6.777734e-15
4219.210423 6.829763e-15
4220.949161 6.731623e-15
4222.687900 6.591757e-15
4224.426639 6.571284e-15
4226.165377 6.488989e-15
4227.904116 6.485182e-15
4229.642855 6.443389e-15
4231.381593 6.299579e-15
4233.120332 6.170648e-15
4234.859071 6.285294e-15
4236.597809 6.207532e-15
4238.336548 6.261046e-15
4240.075287 6.364328e-15
4241.814025 6.248037e-15
4243.552764 6.185946e-15
4245.291503 6.073735e-15
4247.030241 6.361693e-15
4248.768980 6.347149e-15
4250.507719 6.292096e-15
4252.246457 6.209865e-15
4253.985196 6.273374e-15
4255.723935 6.452196e-15
4257.462673 6.341352e-15
4259.201412 6.346544e-15
4260.940150 6.488655e-15
4262.678889 6.390994e-15
4264.417628 6.489700e-15
4266.156366 6.640213e-15
4267.895105 6.711989e-15
4269.633844 6.686597e-15
4271.372582 6.636094e-15
4273.111321 6.842237e-15
4274.850060 7.045703e-15
4276.588798 7.031335e-15
4278.327537 7.098322e-15
4280.066276 7.325335e-15
4281.805014 7.567528e-15
4283.543753 7.777865e-15
4285.282492 7.704113e-15
4287.021230 7.906591e-15
4288.759969 8.005777e-15
4290.498708 8.118810e-15
4292.237446 8.237777e-15
4293.976185 8.497652e-15
4295.714924 8.562614e-15
4297.453662 8.643673e-15
4299.192401 8.739989e-15
4300.931140 8.721686e-15
4302.669878 8.799727e-15
4304.408617 8.879564e-15
4306.147356 8.924593e-15
4307.886094 8.935564e-15
4309.624833 8.990470e-15
4311.363572 8.901251e-15
4313.102310 8.848192e-15
4314.841049 8.812166e-15
4316.579787 8.824842e-15
4318.318526 8.837649e-15
4320.057265 8.791798e-15
4321.796003 8.730657e-15
4323.534742 8.798183e-15
4325.273481 8.674378e-15
4327.012219 8.668485e-15
4328.750958 8.559981e-15
4330.489697 8.757252e-15
4332.228435 8.845341e-15
4333.967174 8.751461e-15
4335.705913 8.723159e-15
4337.444651 8.746019e-15
4339.183390 8.748476e-15
4340.922129 8.856526e-15
4342.660867 8.866599e-15
4344.399606 9.041986e-15
4346.138345 9.116331e-15
4347.877083 9.090570e-15
4349.615822 9.023807e-15
4351.354561 9.182276e-15
4353.093299 9.236964e-15
4354.832038 9.323418e-15
4356.570777 9.519773e-15
4358.309515 9.611758e-15
4360.048254 9.758025e-15
4361.786993 9.631246e-15
4363.525731 9.730680e-15
4365.264470 9.838269e-15
4367.003209 9.901276e-15
4368.741947 9.837912e-15
4370.480686 9.801966e-15
4372.219424 9.999529e-15
4373.958163 9.990494e-15
4375.696902 1.007659e-14
4377.435640 1.013909e-14
4379.174379 1.007028e-14
4380.913118 1.002329e-14
4382.651856 1.016137e-14
4384.390595 9.836875e-15
4386.129334 9.830048e-15
4387.868072 9.889033e-15
4389.606811 9.566618e-15
4391.345550 9.611767e-15
4393.084288 9.506061e-15
4394.823027 9.613265e-15
4396.561766 9.422850e-15
4398.300504 9.281762e-15
4400.039243 9.404297e-15
4401.777982 9.314800e-15
4403.516720 9.023519e-15
4405.255459 8.869801e-15
4406.994198 8.972890e-15
4408.732936 8.827500e-15
4410.471675 8.896749e-15
4412.210414 8.673993e-15
4413.949152 8.509656e-15
4415.687891 8.565815e-15
4417.426630 8.500403e-15
4419.165368 8.415332e-15
4420.904107 8.383564e-15
4422.642846 8.362166e-15
4424.381584 8.515784e-15
4426.120323 8.343831e-15
4427.859061 8.380864e-15
4429.597800 8.261038e-15
4431.336539 8.226952e-15
4433.075277 8.377218e-15
4434.814016 8.191906e-15
4436.552755 8.265825e-15
4438.291493 8.249234e-15
4440.030232 8.297431e-15
4441.768971 8.352400e-15
4443.507709 8.475130e-15
4445.246448 8.345501e-15
4446.985187 8.174662e-15
4448.723925 8.365706e-15
4450.462664 8.338615e-15
4452.201403 8.378437e-15
4453.940141 8.185848e-15
4455.678880 8.315331e-15
4457.417619 8.241251e-15
4459.156357 8.244678e-15
4460.895096 8.362738e-15
4462.633835 8.263912e-15
4464.372573 8.203811e-15
4466.111312 8.250491e-15
4467.850051 8.275896e-15
4469.588789 8.183705e-15
4471.327528 8.216656e-15
4473.066267 8.190086e-15
4474.805005 8.226737e-15
4476.543744 8.234690e-15
4478.282483 8.243784e-15
4480.021221 8.249008e-15
4481.759960 8.409031e-15
4483.498698 8.343518e-15
4485.237437 8.470496e-15
4486.976176 8.769516e-15
4488.714914 8.839659e-15
4490.453653 9.022199e-15
4492.192392 9.326249e-15
4493.931130 9.446580e-15
4495.669869 9.551083e-15
4497.408608 9.818465e-15
4499.147346 9.850083e-15
4500.886085 1.017586e-14
4502.624824 1.042154e-14
4504.363562 1.070983e-14
4506.102301 1.074840e-14
4507.841040 1.106624e-14
4509.579778 1.143861e-14
4511.318517 1.161787e-14
4513.057256 1.176698e-14
4514.795994 1.205430e-14
4516.534733 1.229704e-14
4518.273472 1.253770e-14
4520.012210 1.277728e-14
4521.750949 1.306151e-14
4523.489688 1.333155e-14
4525.228426 1.350541e-14
4526.967165 1.358888e-14
4528.705904 1.375595e-14
4530.444642 1.395541e-14
4532.183381 1.444034e-14
4533.922119 1.459642e-14
4535.660858 1.456204e-14
4537.399597 1.472747e-14
4539.138335 1.486171e-14
4540.877074 1.484270e-14
4542.615813 1.500714e-14
4544.354551 1.520842e-14
4546.093290 1.522491e-14
4547.832029 1.526840e-14
4549.570767 1.538539e-14
4551.309506 1.565335e-14
4553.048245 1.570417e-14
4554.786983 1.599088e-14
4556.525722 1.609468e-14
4558.264461 1.580905e-14
4560.003199 1.585628e-14
4561.741938 1.601546e-14
4563.480677 1.589401e-14
4565.219415 1.599688e-14
4566.958154 1.608044e-14
4568.696893 1.614517e-14
4570.435631 1.639450e-14
4572.174370 1.630745e-14
4573.913109 1.650309e-14
4575.651847 1.663620e-14
4577.390586 1.673666e-14
4579.129325 1.679982e-14
4580.868063 1.680877e-14
4582.606802 1.699259e-14
4584.345541 1.729267e-14
4586.084279 1.753796e-14
4587.823018 1.748701e-14
4589.561756 1.786093e-14
4591.300495 1.817099e-14
4593.039234 1.837202e-14
4594.777972 1.864843e-14
4596.516711 1.865431e-14
4598.255450 1.895300e-14
4599.994188 1.892955e-14
4601.732927 1.901523e-14
4603.471666 1.919721e-14
4605.210404 1.922758e-14
4606.949143 1.918880e-14
4608.687882 1.961999e-14
4610.426620 1.971833e-14
4612.165359 1.967604e-14
4613.904098 1.962734e-14
4615.642836 1.955321e-14
4617.381575 1.960809e-14
4619.120314 1.943566e-14
4620.859052 1.961716e-14
4622.597791 1.968711e-14
4624.336530 1.936397e-14
4626.075268 1.929204e-14
4627.814007 1.936024e-14
4629.552746 1.935249e-14
4631.291484 1.917312e-14
4633.030223 1.905980e-14
4634.768962 1.885012e-14
4636.507700 1.897612e-14
4638.246439 1.900254e-14
4639.985178 1.879145e-14
4641.723916 1.877178e-14
4643.462655 1.873455e-14
4645.201393 1.863617e-14
4646.940132 1.837970e-14
4648.678871 1.825751e-14
4650.417609 1.799678e-14
4652.156348 1.772156e-14
4653.895087 1.740651e-14
4655.633825 1.725944e-14
4657.372564 1.695281e-14
4659.111303 1.699657e-14
4660.850041 1.668683e-14
4662.588780 1.611194e-14
4664.327519 1.598689e-14
4666.066257 1.587552e-14
4667.804996 1.595170e-14
4669.543735 1.570272e-14
4671.282473 1.534904e-14
4673.021212 1.508142e-14
4674.759951 1.490790e-14
4676.498689 1.478784e-14
4678.237428 1.466632e-14
4679.976167 1.452329e-14
4681.714905 1.418578e-14
4683.453644 1.410641e-14
4685.192383 1.376340e-14
4686.931121 1.370444e-14
4688.669860 1.370316e-14
4690.408599 1.351959e-14
4692.147337 1.330492e-14
4693.886076 1.296239e-14
4695.624815 1.293375e-14
4697.363553 1.293301e-14
4699.102292 1.245873e-14
4700.841030 1.238627e-14
4702.579769 1.235753e-14
4704.318508 1.218444e-14
4706.057246 1.201446e-14
4707.795985 1.179389e-14
4709.534724 1.173948e-14
4711.273462 1.159446e-14
4713.012201 1.150220e-14
4714.750940 1.160187e-14
4716.489678 1.156176e-14
4718.228417 1.142520e-14
4719.967156 1.125813e-14
4721.705894 1.113520e-14
4723.444633 1.121141e-14
4725.183372 1.105943e-14
4726.922110 1.077801e-14
4728.660849 1.069787e-14
4730.399588 1.079354e-14
4732.138326 1.065351e-14
4733.877065 1.039842e-14
4735.615804 1.026532e-14
4737.354542 1.018137e-14
4739.093281 1.014670e-14
4740.832020 1.009690e-14
4742.570758 1.000763e-14
4744.309497 9.803406e-15
4746.048236 9.716976e-15
4747.786974 9.635858e-15
4749.525713 9.564770e-15
4751.264452 9.531385e-15
4753.003190 9.320507e-15
4754.741929 9.320882e-15
4756.480667 9.337498e-15
4758.219406 9.410334e-15
4759.958145 9.179161e-15
4761.696883 9.162154e-15
4763.435622 9.159152e-15
4765.174361 9.132172e-15
4766.913099 9.173916e-15
4768.651838 9.235575e-15
4770.390577 9.382628e-15
4772.129315 9.443093e-15
4773.868054 9.614093e-15
4775.606793 9.856147e-15
4777.345531 9.972639e-15
4779.084270 1.010370e-14
4780.823009 1.035571e-14
4782.561747 1.062319e-14
4784.300486 1.094621e-14
4786.039225 1.117270e-14
4787.777963 1.147009e-14
4789.516702 1.173828e-14
4791.255441 1.200087e-14
4792.994179 1.228849e-14
4794.732918 1.251460e-14
4796.471657 1.274013e-14
4798.210395 1.303289e-14
4799.949134 1.317787e-14
4801.687873 1.342957e-14
4803.426611 1.382390e-14
4805.165350 1.408814e-14
4806.904088 1.405429e-14
4808.642827 1.421633e-14
4810.381566 1.439639e-14
4812.120304 1.466256e-14
4813.859043 1.480108e-14
4815.597782 1.487018e-14
4817.336520 1.491710e-14
4819.075259 1.496647e-14
4820.813998 1.502699e-14
4822.552736 1.516389e-14
4824.291475 1.524646e-14
4826.030214 1.529640e-14
4827.768952 1.537331e-14
4829.507691 1.542876e-14
4831.246430 1.549775e-14
4832.985168 1.556458e-14
4834.723907 1.578459e-14
4836.462646 1.593401e-14
4838.201384 1.593100e-14
4839.940123 1.608060e-14
4841.678862 1.629533e-14
4843.417600 1.643893e-14
4845.156339 1.665454e-14
4846.895078 1.667005e-14
4848.633816 1.685092e-14
4850.372555 1.708705e-14
4852.111294 1.714738e-14
4853.850032 1.748508e-14
4855.588771 1.752555e-14
4857.327510 1.780027e-14
4859.066248 1.806512e-14
4860.804987 1.823039e-14
4862.543725 1.832723e-14
4864.282464 1.856486e-14
4866.021203 1.868202e-14
4867.759941 1.879744e-14
4869.498680 1.888171e-14
4871.237419 1.891180e-14
4872.976157 1.907094e-14
4874.714896 1.905553e-14
4876.453635 1.905054e-14
4878.192373 1.900303e-14
4879.931112 1.899371e-14
4881.669851 1.895144e-14
4883.408589 1.889689e-14
4885.147328 1.877441e-14
4886.886067 1.853043e-14
4888.624805 1.842223e-14
4890.363544 1.841816e-14
4892.102283 1.835351e-14
4893.841021 1.806314e-14
4895.579760 1.793971e-14
4897.318499 1.772395e-14
4899.057237 1.757241e-14
4900.795976 1.738008e-14
4902.534715 1.711914e-14
4904.273453 1.689937e-14
4906.012192 1.650414e-14
4907.750931 1.627159e-14
4909.489669 1.610620e-14
4911.228408 1.587504e-14
4912.967147 1.570172e-14
4914.705885 1.551131e-14
4916.444624 1.537942e-14
4918.183362 1.520283e-14
4919.922101 1.496575e-14
4921.660840 1.492035e-14
4923.399578 1.470264e-14
4925.138317 1.465631e-14
4926.877056 1.476402e-14
4928.615794 1.482051e-14
4930.354533 1.476379e-14
4932.093272 1.475754e-14
4933.832010 1.483703e-14
4935.570749 1.502041e-14
4937.309488 1.510347e-14
4939.048226 1.520344e-14
4940.786965 1.536472e-14
4942.525704 1.560804e-14
4944.264442 1.579274e-14
4946.003181 1.608826e-14
4947.741920 1.625851e-14
4949.480658 1.659111e-14
4951.219397 1.678884e-14
4952.958136 1.698224e-14
4954.696874 1.716153e-14
4956.435613 1.740355e-14
4958.174352 1.772250e-14
4959.913090 1.791085e-14
4961.651829 1.797936e-14
4963.390568 1.807487e-14
4965.129306 1.824502e-14
4966.868045 1.845509e-14
4968.606784 1.839173e-14
4970.345522 1.851722e-14
4972.084261 1.869032e-14
4973.822999 1.874023e-14
4975.561738 1.857323e-14
4977.300477 1.862284e-14
4979.039215 1.862847e-14
4980.777954 1.858328e-14
4982.516693 1.868062e-14
4984.255431 1.871456e-14
4985.994170 1.884049e-14
4987.732909 1.876612e-14
4989.471647 1.872699e-14
4991.210386 1.876746e-14
4992.949125 1.876890e-14
4994.687863 1.866947e-14
4996.426602 1.879342e-14
4998.165341 1.868221e-14
4999.904079 1.849024e-14
5001.642818 1.837140e-14
5003.381557 1.838216e-14
5005.120295 1.812137e-14
5006.859034 1.795400e-14
5008.597773 1.778709e-14
5010.336511 1.767453e-14
5012.075250 1.745682e-14
5013.813989 1.713219e-14
5015.552727 1.675168e-14
5017.291466 1.658391e-14
5019.030205 1.653060e-14
5020.768943 1.614283e-14
5022.507682 1.599230e-14
5024.246421 1.567678e-14
5025.985159 1.525587e-14
5027.723898 1.509577e-14
5029.462636 1.488218e-14
5031.201375 1.448180e-14
5032.940114 1.424766e-14
5034.678852 1.403253e-14
5036.417591 1.372944e-14
5038.156330 1.355359e-14
5039.895068 1.328231e-14
5041.633807 1.305212e-14
5043.372546 1.287162e-14
5045.111284 1.261831e-14
5046.850023 1.237252e-14
5048.588762 1.223536e-14
5050.327500 1.201861e-14
5052.066239 1.175292e-14
5053.804978 1.155919e-14
5055.543716 1.140697e-14
5057.282455 1.115739e-14
5059.021194 1.096832e-14
5060.759932 1.083073e-14
5062.498671 1.078709e-14
5064.237410 1.058204e-14
5065.976148 1.042242e-14
5067.714887 1.035386e-14
5069.453626 1.023009e-14
5071.192364 1.010689e-14
5072.931103 1.011882e-14
5074.669842 1.006626e-14
5076.408580 9.970814e-15
5078.147319 9.799688e-15
5079.886057 9.785507e-15
5081.624796 9.690379e-15
5083.363535 9.570242e-15
5085.102273 9.740479e-15
5086.841012 9.689862e-15
5088.579751 9.656831e-15
5090.318489 9.737224e-15
5092.057228 9.856544e-15
5093.795967 9.898959e-15
5095.534705 9.954213e-15
5097.273444 9.988473e-15
5099.012183 1.008910e-14
5100.750921 1.011704e-14
5102.489660 1.023171e-14
5104.228399 1.035406e-14
5105.967137 1.050829e-14
5107.705876 1.068930e-14
5109.444615 1.068884e-14
5111.183353 1.090718e-14
5112.922092 1.104915e-14
5114.660831 1.110378e-14
5116.399569 1.125445e-14
5118.138308 1.141781e-14
5119.877047 1.157710e-14
5121.615785 1.175552e-14
5123.354524 1.177850e-14
5125.093263 1.191516e-14
5126.832001 1.204267e-14
5128.570740 1.215956e-14
5130.309479 1.238890e-14
5132.048217 1.247399e-14
5133.786956 1.253692e-14
5135.525694 1.263730e-14
5137.264433 1.280107e-14
5139.003172 1.300698e-14
5140.741910 1.310937e-14
5142.480649 1.319017e-14
5144.219388 1.326545e-14
5145.958126 1.339943e-14
5147.696865 1.345015e-14
5149.435604 1.343620e-14
5151.174342 1.351085e-14
5152.913081 1.357398e-14
5154.651820 1.349896e-14
5156.390558 1.380632e-14
5158.129297 1.394213e-14
5159.868036 1.392303e-14
5161.606774 1.397455e-14
5163.345513 1.396114e-14
5165.084252 1.401295e-14
5166.822990 1.410725e-14
5168.561729 1.415706e-14
5170.300468 1.414113e-14
5172.039206 1.422295e-14
5173.777945 1.437473e-14
5175.516684 1.424042e-14
5177.255422 1.437838e-14
5178.994161 1.444182e-14
5180.732900 1.445283e-14
5182.471638 1.464256e-14
5184.210377 1.466793e-14
5185.949116 1.458414e-14
5187.687854 1.460459e-14
5189.426593 1.467869e-14
5191.165331 1.468672e-14
5192.904070 1.471965e-14
5194.642809 1.467957e-14
5196.381547 1.468064e-14
5198.120286 1.465247e-14
5199.859025 1.470747e-14
5201.597763 1.465885e-14
5203.336502 1.463121e-14
5205.075241 1.461331e-14
5206.813979 1.452780e-14
5208.552718 1.449866e-14
5210.291457 1.459491e-14
5212.030195 1.452700e-14
5213.768934 1.446943e-14
5215.507673 1.440589e-14
5217.246411 1.421872e-14
5218.985150 1.417046e-14
5220.723889 1.428482e-14
5222.462627 1.434187e-14
5224.201366 1.442581e-14
5225.940105 1.432877e-14
5227.678843 1.421602e-14
5229.417582 1.434804e-14
5231.156321 1.431764e-14
5232.895059 1.432973e-14
5234.633798 1.435950e-14
5236.372537 1.449898e-14
5238.111275 1.454584e-14
5239.850014 1.458614e-14
5241.588753 1.455937e-14
5243.327491 1.457320e-14
5245.066230 1.471280e-14
5246.804968 1.487972e-14
5248.543707 1.502870e-14
5250.282446 1.495302e-14
5252.021184 1.509671e-14
5253.759923 1.527242e-14
5255.498662 1.540863e-14
5257.237400 1.547815e-14
5258.976139 1.554205e-14
5260.714878 1.572205e-14
5262.453616 1.576091e-14
5264.192355 1.579194e-14
5265.931094 1.593393e-14
5267.669832 1.584857e-14
5269.408571 1.580540e-14
5271.147310 1.598459e-14
5272.886048 1.613882e-14
5274.624787 1.618870e-14
5276.363526 1.618973e-14
5278.102264 1.630685e-14
5279.841003 1.638760e-14
5281.579742 1.651750e-14
5283.318480 1.654909e-14
5285.057219 1.656577e-14
5286.795958 1.654383e-14
5288.534696 1.668325e-14
5290.273435 1.674823e-14
5292.012174 1.690064e-14
5293.750912 1.686180e-14
5295.489651 1.684991e-14
5297.228390 1.690632e-14
5298.967128 1.700983e-14
5300.705867 1.713852e-14
5302.444605 1.716370e-14
5304.183344 1.706615e-14
5305.922083 1.713914e-14
5307.660821 1.706935e-14
5309.399560 1.706139e-14
5311.138299 1.724018e-14
5312.877037 1.713827e-14
5314.615776 1.721913e-14
5316.354515 1.708596e-14
5318.093253 1.710320e-14
5319.831992 1.716032e-14
5321.570731 1.718663e-14
5323.309469 1.717866e-14
5325.048208 1.734490e-14
5326.786947 1.731956e-14
5328.525685 1.731226e-14
5330.264424 1.743407e-14
5332.003163 1.749740e-14
5333.741901 1.758676e-14
5335.480640 1.764310e-14
5337.219379 1.770095e-14
5338.958117 1.770872e-14
5340.696856 1.786499e-14
5342.435595 1.785661e-14
5344.174333 1.780180e-14
5345.913072 1.810693e-14
5347.651811 1.829159e-14
5349.390549 1.831574e-14
5351.129288 1.841256e-14
5352.868026 1.843674e-14
5354.606765 1.833629e-14
5356.345504 1.846995e-14
5358.084242 1.848536e-14
5359.822981 1.847558e-14
5361.561720 1.850149e-14
5363.300458 1.841938e-14
5365.039197 1.852657e-14
5366.777936 1.856887e-14
5368.516674 1.854574e-14
5370.255413 1.837544e-14
5371.994152 1.842147e-14
5373.732890 1.845841e-14
5375.471629 1.827629e-14
5377.210368 1.820167e-14
5378.949106 1.796605e-14
5380.687845 1.794338e-14
5382.426584 1.780632e-14
5384.165322 1.774483e-14
5385.904061 1.763827e-14
5387.642800 1.744418e-14
5389.381538 1.740965e-14
5391.120277 1.723990e-14
5392.859016 1.727391e-14
5394.597754 1.705796e-14
5396.336493 1.689887e-14
5398.075232 1.693480e-14
5399.813970 1.691521e-14
5401.552709 1.675238e-14
5403.291448 1.646752e-14
5405.030186 1.643731e-14
5406.768925 1.644664e-14
5408.507663 1.633143e-14
5410.246402 1.640198e-14
5411.985141 1.621700e-14
5413.723879 1.618310e-14
5415.462618 1.616870e-14
5417.201357 1.601948e-14
5418.940095 1.608363e-14
5420.678834 1.605763e-14
5422.417573 1.603645e-14
5424.156311 1.601752e-14
5425.895050 1.583811e-14
5427.633789 1.587295e-14
5429.372527 1.596056e-14
5431.111266 1.601290e-14
5432.850005 1.595695e-14
5434.588743 1.592278e-14
5436.327482 1.600257e-14
5438.066221 1.617520e-14
5439.804959 1.627920e-14
5441.543698 1.645198e-14
5443.282437 1.645842e-14
5445.021175 1.644832e-14
5446.759914 1.657910e-14
5448.498653 1.678392e-14
5450.237391 1.696139e-14
5451.976130 1.708799e-14
5453.714869 1.734005e-14
5455.453607 1.747412e-14
5457.192346 1.759290e-14
5458.931085 1.780971e-14
5460.669823 1.806451e-14
5462.408562 1.823399e-14
5464.147300 1.845704e-14
5465.886039 1.846506e-14
5467.624778 1.857978e-14
5469.363516 1.879678e-14
5471.102255 1.896925e-14
5472.840994 1.902391e-14
5474.579732 1.920117e-14
5476.318471 1.942287e-14
5478.057210 1.935783e-14
5479.795948 1.941403e-14
5481.534687 1.942800e-14
5483.273426 1.946269e-14
5485.012164 1.950666e-14
5486.750903 1.947627e-14
5488.489642 1.943299e-14
5490.228380 1.945888e-14
5491.967119 1.958930e-14
5493.705858 1.970840e-14
5495.444596 1.973437e-14
5497.183335 1.964840e-14
5498.922074 1.963202e-14
5500.660812 1.963203e-14
5502.399551 1.955150e-14
5504.138290 1.947104e-14
5505.877028 1.944607e-14
5507.615767 1.962968e-14
5509.354506 1.945709e-14
5511.093244 1.942370e-14
5512.831983 1.939072e-14
5514.570722 1.916722e-14
5516.309460 1.917039e-14
5518.048199 1.903993e-14
5519.786937 1.897562e-14
5521.525676 1.876840e-14
5523.264415 1.885914e-14
5525.003153 1.876069e-14
5526.741892 1.856925e-14
5528.480631 1.843945e-14
5530.219369 1.812182e-14
5531.958108 1.794499e-14
5533.696847 1.784777e-14
5535.435585 1.767477e-14
5537.174324 1.752729e-14
5538.913063 1.720272e-14
5540.651801 1.696269e-14
5542.390540 1.686532e-14
5544.129279 1.677470e-14
5545.868017 1.662143e-14
5547.606756 1.650525e-14
5549.345495 1.638084e-14
5551.084233 1.610614e-14
5552.822972 1.595634e-14
5554.561711 1.586331e-14
5556.300449 1.573752e-14
5558.039188 1.563417e-14
5559.777927 1.576196e-14
5561.516665 1.564516e-14
5563.255404 1.557318e-14
5564.994143 1.549226e-14
5566.732881 1.559161e-14
5568.471620 1.556734e-14
5570.210359 1.550984e-14
5571.949097 1.558130e-14
5573.687836 1.551632e-14
5575.426574 1.555401e-14
5577.165313 1.559166e-14
5578.904052 1.552692e-14
5580.642790 1.570265e-14
5582.381529 1.576220e-14
5584.120268 1.570560e-14
5585.859006 1.582713e-14
5587.597745 1.610370e-14
5589.336484 1.612676e-14
5591.075222 1.615479e-14
5592.813961 1.617014e-14
5594.552700 1.628161e-14
5596.291438 1.640045e-14
5598.030177 1.654849e-14
5599.768916 1.663007e-14
5601.507654 1.681739e-14
5603.246393 1.694909e-14
5604.985132 1.696238e-14
5606.723870 1.714669e-14
5608.462609 1.708207e-14
5610.201348 1.707783e-14
5611.940086 1.711780e-14
5613.678825 1.726274e-14
5615.417564 1.746706e-14
5617.156302 1.753191e-14
5618.895041 1.751836e-14
5620.633780 1.748551e-14
5622.372518 1.749414e-14
5624.111257 1.754860e-14
5625.849995 1.761900e-14
5627.588734 1.767274e-14
5629.327473 1.773523e-14
5631.066211 1.757844e-14
5632.804950 1.765239e-14
5634.543689 1.775048e-14
5636.282427 1.764316e-14
5638.021166 1.775703e-14
5639.759905 1.778876e-14
5641.498643 1.766452e-14
5643.237382 1.766590e-14
5644.976121 1.760185e-14
5646.714859 1.781587e-14
5648.453598 1.775100e-14
5650.192337 1.768098e-14
5651.931075 1.763309e-14
5653.669814 1.759164e-14
5655.408553 1.764180e-14
5657.147291 1.760375e-14
5658.886030 1.765018e-14
5660.624769 1.753005e-14
5662.363507 1.743618e-14
5664.102246 1.732071e-14
5665.840985 1.741292e-14
5667.579723 1.725191e-14
5669.318462 1.727904e-14
5671.057201 1.710239e-14
5672.795939 1.706037e-14
5674.534678 1.713251e-14
5676.273417 1.700592e-14
5678.012155 1.675509e-14
5679.750894 1.673621e-14
5681.489632 1.666625e-14
5683.228371 1.674328e-14
5684.967110 1.666862e-14
5686.705848 1.651293e-14
5688.444587 1.650141e-14
5690.183326 1.626991e-14
5691.922064 1.622419e-14
5693.660803 1.626761e-14
5695.399542 1.625049e-14
5697.138280 1.611045e-14
5698.877019 1.610914e-14
5700.615758 1.596687e-14
5702.354496 1.574897e-14
5704.093235 1.581228e-14
5705.831974 1.583174e-14
5707.570712 1.592830e-14
5709.309451 1.594002e-14
5711.048190 1.587815e-14
5712.786928 1.572558e-14
5714.525667 1.562774e-14
5716.264406 1.569211e-14
5718.003144 1.568348e-14
5719.741883 1.552854e-14
5721.480622 1.562611e-14
5723.219360 1.559322e-14
5724.958099 1.540517e-14
5726.696838 1.555749e-14
5728.435576 1.553320e-14
5730.174315 1.546632e-14
5731.913054 1.551119e-14
5733.651792 1.545858e-14
5735.390531 1.546959e-14
5737.129269 1.562528e-14
5738.868008 1.550718e-14
5740.606747 1.543632e-14
5742.345485 1.529979e-14
5744.084224 1.536033e-14
5745.822963 1.543960e-14
5747.561701 1.532979e-14
5749.300440 1.523905e-14
5751.039179 1.519668e-14
5752.777917 1.523257e-14
5754.516656 1.510486e-14
5756.255395 1.507906e-14
5757.994133 1.506378e-14
5759.732872 1.489707e-14
5761.471611 1.510479e-14
5763.210349 1.499972e-14
5764.949088 1.478174e-14
5766.687827 1.480186e-14
5768.426565 1.465609e-14
5770.165304 1.454857e-14
5771.904043 1.459134e-14
5773.642781 1.452419e-14
5775.381520 1.435852e-14
5777.120259 1.433752e-14
5778.858997 1.417732e-14
5780.597736 1.402791e-14
5782.336475 1.405099e-14
5784.075213 1.399393e-14
5785.813952 1.404337e-14
5787.552691 1.392417e-14
5789.291429 1.377615e-14
5791.030168 1.379921e-14
5792.768906 1.387317e-14
5794.507645 1.383231e-14
5796.246384 1.374913e-14
5797.985122 1.380229e-14
5799.723861 1.392772e-14
5801.462600 1.399586e-14
5803.201338 1.414455e-14
5804.940077 1.400332e-14
5806.678816 1.408034e-14
5808.417554 1.440380e-14
5810.156293 1.435286e-14
5811.895032 1.433568e-14
5813.633770 1.437235e-14
5815.372509 1.444839e-14
5817.111248 1.452590e-14
5818.849986 1.445119e-14
5820.588725 1.445129e-14
5822.327464 1.457910e-14
5824.066202 1.470353e-14
5825.804941 1.464652e-14
5827.543680 1.467482e-14
5829.282418 1.480762e-14
5831.021157 1.479391e-14
5832.759896 1.496488e-14
5834.498634 1.502827e-14
5836.237373 1.498572e-14
5837.976112 1.511978e-14
5839.714850 1.514816e-14
5841.453589 1.528006e-14
5843.192327 1.532926e-14
5844.931066 1.538884e-14
5846.669805 1.547817e-14
5848.408543 1.549078e-14
5850.147282 1.551306e-14
5851.886021 1.559210e-14
5853.624759 1.579101e-14
5855.363498 1.563234e-14
5857.102237 1.556551e-14
5858.840975 1.586054e-14
5860.579714 1.591365e-14
5862.318453 1.573206e-14
5864.057191 1.571310e-14
5865.795930 1.578903e-14
5867.534669 1.572507e-14
5869.273407 1.574167e-14
5871.012146 1.565496e-14
5872.750885 1.564193e-14
5874.489623 1.564003e-14
5876.228362 1.547358e-14
5877.967101 1.542371e-14
5879.705839 1.555000e-14
5881.444578 1.566559e-14
5883.183317 1.536774e-14
5884.922055 1.528741e-14
5886.660794 1.520441e-14
5888.399533 1.494003e-14
5890.138271 1.478521e-14
5891.877010 1.480475e-14
5893.615749 1.469198e-14
5895.354487 1.482015e-14
5897.093226 1.481435e-14
5898.831964 1.464939e-14
5900.570703 1.466326e-14
5902.309442 1.492527e-14
5904.048180 1.498536e-14
5905.786919 1.506058e-14
5907.525658 1.500711e-14
5909.264396 1.512070e-14
5911.003135 1.493366e-14
5912.741874 1.501314e-14
5914.480612 1.506250e-14
5916.219351 1.504073e-14
5917.958090 1.489509e-14
5919.696828 1.478922e-14
5921.435567 1.485973e-14
5923.174306 1.467518e-14
5924.913044 1.458561e-14
5926.651783 1.467594e-14
5928.390522 1.474518e-14
5930.129260 1.474769e-14
5931.867999 1.471822e-14
5933.606738 1.473673e-14
5935.345476 1.481233e-14
5937.084215 1.482494e-14
5938.822954 1.480621e-14
5940.561692 1.480485e-14
5942.300431 1.466944e-14
5944.039170 1.484291e-14
5945.777908 1.467688e-14
5947.516647 1.464108e-14
5949.255386 1.467108e-14
5950.994124 1.479376e-14
5952.732863 1.488445e-14
5954.471601 1.468618e-14
5956.210340 1.475321e-14
5957.949079 1.505657e-14
5959.687817 1.481874e-14
5961.426556 1.481241e-14
5963.165295 1.500897e-14
5964.904033 1.481564e-14
5966.642772 1.482616e-14
5968.381511 1.502064e-14
5970.120249 1.474809e-14
5971.858988 1.480556e-14
5973.597727 1.488566e-14
5975.336465 1.473358e-14
5977.075204 1.491753e-14
5978.813943 1.489780e-14
5980.552681 1.496769e-14
5982.291420 1.501589e-14
5984.030159 1.475401e-14
5985.768897 1.467670e-14
5987.507636 1.484105e-14
5989.246375 1.488511e-14
5990.985113 1.505832e-14
5992.723852 1.513249e-14
5994.462591 1.497994e-14
5996.201329 1.501030e-14
5997.940068 1.550007e-14
5999.678807 1.560287e-14
6001.417545 1.534452e-14
6003.156284 1.531506e-14
6004.895023 1.531822e-14
6006.633761 1.531405e-14
6008.372500 1.527947e-14
6010.111238 1.523770e-14
6011.849977 1.520334e-14
6013.588716 1.516459e-14
6015.327454 1.511782e-14
6017.066193 1.508211e-14
6018.804932 1.506999e-14
6020.543670 1.507480e-14
6022.282409 1.508673e-14
6024.021148 1.509389e-14
6025.759886 1.508338e-14
6027.498625 1.503790e-14
6029.237364 1.495050e-14
6030.976102 1.484804e-14
6032.714841 1.475672e-14
6034.453580 1.468063e-14
6036.192318 1.462111e-14
6037.931057 1.458481e-14
6039.669796 1.457161e-14
6041.408534 1.454710e-14
6043.147273 1.448464e-14
6044.886012 1.442623e-14
6046.624750 1.441320e-14
6048.363489 1.441998e-14
6050.102228 1.441747e-14
6051.840966 1.441911e-14
6053.579705 1.444080e-14
6055.318444 1.448209e-14
6057.057182 1.453846e-14
6058.795921 1.458726e-14
6060.534660 1.460660e-14
6062.273398 1.461409e-14
6064.012137 1.463466e-14
6065.750875 1.466857e-14
6067.489614 1.471086e-14
6069.228353 1.476441e-14
6070.967091 1.483147e-14
6072.705830 1.490737e-14
6074.444569 1.498548e-14
6076.183307 1.504953e-14
6077.922046 1.508255e-14
6079.660785 1.509849e-14
6081.399523 1.512056e-14
6083.138262 1.515102e-14
6084.877001 1.518499e-14
6086.615739 1.521022e-14
6088.354478 1.521156e-14
6090.093217 1.519781e-14
6091.831955 1.518695e-14
6093.570694 1.518183e-14
6095.309433 1.517955e-14
6097.048171 1.516398e-14
6098.786910 1.511190e-14
6100.525649 1.503822e-14
6102.264387 1.497797e-14
6104.003126 1.492570e-14
6105.741865 1.485449e-14
6107.480603 1.476330e-14
6109.219342 1.466518e-14
6110.958081 1.456857e-14
6112.696819 1.447897e-14
6114.435558 1.439983e-14
6116.174296 1.433431e-14
6117.913035 1.426473e-14
6119.651774 1.415627e-14
6121.390512 1.402347e-14
6123.129251 1.392101e-14
6124.867990 1.385244e-14
6126.606728 1.377923e-14
6128.345467 1.368509e-14
6130.084206 1.357107e-14
6131.822944 1.345031e-14
6133.561683 1.335162e-14
6135.300422 1.328024e-14
6137.039160 1.321271e-14
6138.777899 1.315350e-14
6140.516638 1.313996e-14
6142.255376 1.317272e-14
6143.994115 1.320882e-14
6145.732854 1.323004e-14
6147.471592 1.324899e-14
6149.210331 1.327762e-14
6150.949070 1.332998e-14
6152.687808 1.340673e-14
6154.426547 1.348554e-14
6156.165286 1.355527e-14
6157.904024 1.362359e-14
6159.642763 1.369547e-14
6161.381502 1.377284e-14
6163.120240 1.385323e-14
6164.858979 1.392217e-14
6166.597718 1.397756e-14
6168.336456 1.404742e-14
6170.075195 1.413669e-14
6171.813933 1.419391e-14
6173.552672 1.420013e-14
6175.291411 1.421538e-14
6177.030149 1.427817e-14
6178.768888 1.436835e-14
6180.507627 1.446653e-14
6182.246365 1.456078e-14
6183.985104 1.464079e-14
6185.723843 1.470788e-14
6187.462581 1.476225e-14
6189.201320 1.479360e-14
6190.940059 1.479757e-14
6192.678797 1.478903e-14
6194.417536 1.478022e-14
6196.156275 1.476347e-14
6197.895013 1.473545e-14
6199.633752 1.471496e-14
6201.372491 1.471788e-14
6203.111229 1.474903e-14
6204.849968 1.480430e-14
6206.588707 1.484469e-14
6208.327445 1.483723e-14
6210.066184 1.480462e-14
6211.804923 1.477314e-14
6213.543661 1.474127e-14
6215.282400 1.470466e-14
6217.021139 1.465823e-14
6218.759877 1.459741e-14
6220.498616 1.452969e-14
6222.237355 1.446302e-14
6223.976093 1.439759e-14
6225.714832 1.433146e-14
6227.453570 1.424372e-14
6229.192309 1.411510e-14
6230.931048 1.398386e-14
6232.669786 1.389568e-14
6234.408525 1.383414e-14
6236.147264 1.376897e-14
6237.886002 1.369473e-14
6239.624741 1.361220e-14
6241.363480 1.352567e-14
6243.102218 1.344180e-14
6244.840957 1.336956e-14
6246.579696 1.331669e-14
6248.318434 1.328074e-14
6250.057173 1.325514e-14
6251.795912 1.322065e-14
6253.534650 1.315550e-14
6255.273389 1.306955e-14
6257.012128 1.298557e-14
6258.750866 1.291966e-14
6260.489605 1.288424e-14
6262.228344 1.287332e-14
6263.967082 1.287196e-14
6265.705821 1.286700e-14
6267.444560 1.284441e-14
6269.183298 1.282381e-14
6270.922037 1.284559e-14
6272.660776 1.288063e-14
6274.399514 1.285883e-14
6276.138253 1.280147e-14
6277.876992 1.278559e-14
6279.615730 1.281336e-14
6281.354469 1.283937e-14
6283.093207 1.285263e-14
6284.831946 1.286253e-14
6286.570685 1.287833e-14
6288.309423 1.291297e-14
6290.048162 1.295622e-14
6291.786901 1.297665e-14
6293.525639 1.297463e-14
6295.264378 1.297953e-14
6297.003117 1.299312e-14
6298.741855 1.299139e-14
6300.480594 1.297018e-14
6302.219333 1.294451e-14
6303.958071 1.292038e-14
6305.696810 1.289380e-14
6307.435549 1.286751e-14
6309.174287 1.285255e-14
6310.913026 1.284094e-14
6312.651765 1.280222e-14
6314.390503 1.271945e-14
6316.129242 1.259256e-14
6317.867981 1.243604e-14
6319.606719 1.228603e-14
6321.345458 1.216143e-14
6323.084197 1.205213e-14
6324.822935 1.194840e-14
6326.561674 1.184051e-14
6328.300413 1.172730e-14
6330.039151 1.162634e-14
6331.777890 1.154600e-14
6333.516629 1.147797e-14
6335.255367 1.140889e-14
6336.994106 1.131605e-14
6338.732844 1.118445e-14
6340.471583 1.101668e-14
6342.210322 1.082080e-14
6343.949060 1.061394e-14
6345.687799 1.040956e-14
6347.426538 1.020543e-14
6349.165276 1.000313e-14
6350.904015 9.817130e-15
6352.642754 9.658139e-15
6354.381492 9.527626e-15
6356.120231 9.423349e-15
6357.858970 9.334181e-15
6359.597708 9.251828e-15
6361.336447 9.184499e-15
6363.075186 9.137284e-15
6364.813924 9.100750e-15
6366.552663 9.064238e-15
6368.291402 9.013544e-15
6370.030140 8.940215e-15
6371.768879 8.864349e-15
6373.507618 8.803792e-15
6375.246356 8.744271e-15
6376.985095 8.671722e-15
6378.723834 8.589787e-15
6380.462572 8.505608e-15
6382.201311 8.436856e-15
6383.940050 8.398716e-15
6385.678788 8.376677e-15
6387.417527 8.353591e-15
6389.156265 8.335973e-15
6390.895004 8.332839e-15
6392.633743 8.343364e-15
6394.372481 8.364809e-15
6396.111220 8.391572e-15
6397.849959 8.417042e-15
6399.588697 8.445436e-15
6401.327436 8.482662e-15
6403.066175 8.503291e-15
6404.804913 8.478552e-15
6406.543652 8.444157e-15
6408.282391 8.450710e-15
6410.021129 8.477252e-15
6411.759868 8.484840e-15
6413.498607 8.489093e-15
6415.237345 8.520354e-15
6416.976084 8.593181e-15
6418.714823 8.715576e-15
6420.453561 8.867722e-15
6422.192300 9.019070e-15
6423.931039 9.160882e-15
6425.669777 9.293314e-15
6427.408516 9.434217e-15
6429.147255 9.610391e-15
6430.885993 9.803849e-15
6432.624732 9.976445e-15
6434.363471 1.012865e-14
6436.102209 1.027870e-14
6437.840948 1.045420e-14
6439.579687 1.069033e-14
6441.318425 1.096336e-14
6443.057164 1.121303e-14
6444.795902 1.144530e-14
6446.534641 1.170758e-14
6448.273380 1.201670e-14
6450.012118 1.237100e-14
6451.750857 1.275939e-14
6453.489596 1.315930e-14
6455.228334 1.357393e-14
6456.967073 1.402994e-14
6458.705812 1.451196e-14
6460.444550 1.496723e-14
6462.183289 1.539237e-14
6463.922028 1.582997e-14
6465.660766 1.627875e-14
6467.399505 1.669633e-14
6469.138244 1.706485e-14
6470.876982 1.738869e-14
6472.615721 1.768291e-14
6474.354460 1.797847e-14
6476.093198 1.827776e-14
6477.831937 1.854638e-14
6479.570676 1.877289e-14
6481.309414 1.897197e-14
6483.048153 1.917136e-14
6484.786892 1.942345e-14
6486.525630 1.973108e-14
6488.264369 2.001505e-14
6490.003108 2.024928e-14
6491.741846 2.050200e-14
6493.480585 2.079220e-14
6495.219324 2.105237e-14
6496.958062 2.125347e-14
6498.696801 2.143081e-14
6500.435539 2.162299e-14
6502.174278 2.188544e-14
6503.913017 2.222068e-14
6505.651755 2.250990e-14
6507.390494 2.268311e-14
6509.129233 2.279222e-14
6510.867971 2.288918e-14
6512.606710 2.302314e-14
6514.345449 2.321055e-14
6516.084187 2.336147e-14
6517.822926 2.342336e-14
6519.561665 2.347665e-14
6521.300403 2.358212e-14
6523.039142 2.371931e-14
6524.777881 2.386463e-14
6526.516619 2.399459e-14
6528.255358 2.409264e-14
6529.994097 2.418598e-14
6531.732835 2.429203e-14
6533.471574 2.435414e-14
6535.210313 2.433700e-14
6545.642745 2.435159e-14
6547.381483 2.423465e-14
6549.120222 2.412845e-14
6550.858961 2.403209e-14
6552.597699 2.394077e-14
6554.336438 2.387599e-14
6556.075176 2.385456e-14
6557.813915 2.383474e-14
6559.552654 2.377105e-14
6561.291392 2.367155e-14
6563.030131 2.355702e-14
6564.768870 2.345899e-14
6566.507608 2.340632e-14
6568.246347 2.338204e-14
6569.985086 2.335722e-14
6571.723824 2.328555e-14
6573.462563 2.312317e-14
6575.201302 2.293648e-14
6576.940040 2.281928e-14
6578.678779 2.274996e-14
6580.417518 2.267247e-14
6582.156256 2.257559e-14
6583.894995 2.246032e-14
6585.633734 2.234476e-14
6587.372472 2.225493e-14
6589.111211 2.217003e-14
6590.849950 2.205240e-14
6592.588688 2.190990e-14
6594.327427 2.176866e-14
6596.066166 2.164845e-14
6597.804904 2.156714e-14
6599.543643 2.150889e-14
6601.282382 2.143846e-14
6603.021120 2.136442e-14
6604.759859 2.131899e-14
6606.498598 2.128717e-14
6608.237336 2.122690e-14
6609.976075 2.113752e-14
6611.714813 2.104733e-14
6613.453552 2.093792e-14
6615.192291 2.075797e-14
6616.931029 2.055169e-14
6618.669768 2.043011e-14
6620.408507 2.039752e-14
6622.147245 2.037886e-14
6623.885984 2.032777e-14
6625.624723 2.021757e-14
6627.363461 2.006426e-14
6629.102200 1.992535e-14
6630.840939 1.982980e-14
6632.579677 1.977960e-14
6634.318416 1.975336e-14
6636.057155 1.970027e-14
6637.795893 1.961354e-14
6639.534632 1.954125e-14
6641.273371 1.948417e-14
6643.012109 1.938487e-14
6644.750848 1.923786e-14
6646.489587 1.910223e-14
6648.228325 1.899969e-14
6649.967064 1.890397e-14
6651.705803 1.879486e-14
6653.444541 1.865511e-14
6655.183280 1.849220e-14
6656.922019 1.835832e-14
6658.660757 1.827192e-14
6660.399496 1.818982e-14
6662.138234 1.809274e-14
6663.876973 1.800917e-14
6665.615712 1.794521e-14
6667.354450 1.786284e-14
6669.093189 1.774859e-14
6670.831928 1.763663e-14
6672.570666 1.755563e-14
6674.309405 1.752800e-14
6676.048144 1.754493e-14
6677.786882 1.751694e-14
6679.525621 1.739366e-14
6681.264360 1.723693e-14
6683.003098 1.709862e-14
6684.741837 1.699008e-14
6686.480576 1.690861e-14
6688.219314 1.680306e-14
6689.958053 1.664180e-14
6691.696792 1.647515e-14
6693.435530 1.634551e-14
6695.174269 1.624467e-14
6696.913008 1.616236e-14
6698.651746 1.609237e-14
6700.390485 1.602916e-14
6702.129224 1.597918e-14
6703.867962 1.594703e-14
6705.606701 1.592281e-14
6707.345440 1.589687e-14
6709.084178 1.586797e-14
6710.822917 1.583633e-14
6712.561656 1.580371e-14
6714.300394 1.577213e-14
6716.039133 1.574006e-14
6717.777871 1.570572e-14
6719.516610 1.567218e-14
6721.255349 1.564186e-14
6722.994087 1.560612e-14
6724.732826 1.555616e-14
6726.471565 1.549658e-14
6728.210303 1.543482e-14
6729.949042 1.537202e-14
6731.687781 1.530841e-14
6733.426519 1.525767e-14
6735.165258 1.523429e-14
6736.903997 1.520965e-14
6738.642735 1.514754e-14
6740.381474 1.509302e-14
6742.120213 1.510808e-14
6743.858951 1.514417e-14
6745.597690 1.512462e-14
6747.336429 1.507391e-14
6749.075167 1.504593e-14
6750.813906 1.504263e-14
6752.552645 1.504947e-14
6754.291383 1.504754e-14
6756.030122 1.501555e-14
6757.768861 1.495977e-14
6759.507599 1.489895e-14
6761.246338 1.484150e-14
6762.985077 1.479114e-14
6764.723815 1.474929e-14
6766.462554 1.471443e-14
6768.201293 1.468212e-14
6769.940031 1.464793e-14
6771.678770 1.459746e-14
6773.417508 1.451073e-14
6775.156247 1.440825e-14
6776.894986 1.433466e-14
6778.633724 1.429451e-14
6780.372463 1.426733e-14
6782.111202 1.423772e-14
6783.849940 1.419174e-14
6785.588679 1.413802e-14
6787.327418 1.410238e-14
6789.066156 1.409357e-14
6790.804895 1.410779e-14
6792.543634 1.412518e-14
6794.282372 1.411016e-14
6796.021111 1.405825e-14
6797.759850 1.399723e-14
6799.498588 1.392877e-14
6801.237327 1.382661e-14
6802.976066 1.370499e-14
6804.714804 1.361939e-14
6806.453543 1.358630e-14
6808.192282 1.358080e-14
6809.931020 1.357133e-14
6811.669759 1.351572e-14
6813.408498 1.340863e-14
6815.147236 1.329432e-14
6816.885975 1.320862e-14
6818.624714 1.317685e-14
6820.363452 1.319258e-14
6822.102191 1.319748e-14
6823.840930 1.316195e-14
6825.579668 1.310549e-14
6827.318407 1.304848e-14
6829.057145 1.301731e-14
6830.795884 1.301303e-14
6832.534623 1.298249e-14
6834.273361 1.290043e-14
6836.012100 1.279987e-14
6837.750839 1.270898e-14
6839.489577 1.264635e-14
6841.228316 1.261418e-14
6842.967055 1.257161e-14
6844.705793 1.249432e-14
6846.444532 1.240497e-14
6848.183271 1.232615e-14
6849.922009 1.227727e-14
6851.660748 1.226695e-14
6853.399487 1.226670e-14
6855.138225 1.225802e-14
6856.876964 1.226406e-14
6858.615703 1.230372e-14
6860.354441 1.238312e-14
6862.093180 1.249227e-14
6863.831919 1.257880e-14
6865.570657 1.258802e-14
6867.309396 1.246215e-14
6869.048135 1.217490e-14
6870.786873 1.180889e-14
6872.525612 1.145611e-14
6874.264351 1.115950e-14
6876.003089 1.095215e-14
6877.741828 1.085840e-14
6879.480567 1.088408e-14
6881.219305 1.099963e-14
6882.958044 1.116267e-14
6884.696782 1.131326e-14
6886.435521 1.139834e-14
6888.174260 1.142714e-14
6889.912998 1.142335e-14
6891.651737 1.137986e-14
6893.390476 1.129314e-14
6895.129214 1.120876e-14
6896.867953 1.117570e-14
6898.606692 1.119831e-14
6900.345430 1.126638e-14
6902.084169 1.135146e-14
6903.822908 1.142150e-14
6905.561646 1.147554e-14
6907.300385 1.152259e-14
6909.039124 1.158005e-14
6910.777862 1.166655e-14
6912.516601 1.176867e-14
6914.255340 1.186249e-14
6915.994078 1.194059e-14
6917.732817 1.200136e-14
6919.471556 1.204579e-14
6921.210294 1.207739e-14
6922.949033 1.209768e-14
6924.687772 1.210702e-14
6926.426510 1.211262e-14
6928.165249 1.212375e-14
6929.903988 1.213242e-14
6931.642726 1.212439e-14
6933.381465 1.208964e-14
6935.120203 1.201938e-14
6936.858942 1.194486e-14
6938.597681 1.191998e-14
6940.336419 1.193310e-14
6942.075158 1.193319e-14
6943.813897 1.192258e-14
6945.552635 1.193605e-14
6947.291374 1.197189e-14
6949.030113 1.200436e-14
6950.768851 1.203615e-14
6952.507590 1.209048e-14
6954.246329 1.215250e-14
6955.985067 1.217909e-14
6957.723806 1.216672e-14
6959.462545 1.214421e-14
6961.201283 1.212825e-14
6962.940022 1.212499e-14
6964.678761 1.213987e-14
6966.417499 1.217711e-14
6968.156238 1.222495e-14
6969.894977 1.225406e-14
6971.633715 1.226272e-14
6973.372454 1.228333e-14
6975.111193 1.231608e-14
6976.849931 1.232014e-14
6978.588670 1.229455e-14
6980.327409 1.228988e-14
6982.066147 1.231965e-14
6983.804886 1.234730e-14
6985.543625 1.235526e-14
6987.282363 1.235161e-14
6989.021102 1.234547e-14
6990.759840 1.235018e-14
6992.498579 1.237146e-14
6994.237318 1.240095e-14
6995.976056 1.242848e-14
6997.714795 1.244090e-14
6999.453534 1.243302e-14
7001.192272 1.241674e-14
7002.931011 1.239962e-14
7004.669750 1.237937e-14
7006.408488 1.235183e-14
7008.147227 1.230379e-14
7009.885966 1.223644e-14
7011.624704 1.219116e-14
7013.363443 1.218784e-14
7015.102182 1.218451e-14
7016.840920 1.215230e-14
7018.579659 1.210608e-14
7020.318398 1.206255e-14
7022.057136 1.204117e-14
7023.795875 1.205243e-14
7025.534614 1.207334e-14
7027.273352 1.208375e-14
7029.012091 1.208389e-14
7030.750830 1.207824e-14
7032.489568 1.208520e-14
7034.228307 1.211714e-14
7035.967046 1.215183e-14
7037.705784 1.216846e-14
7039.444523 1.217418e-14
7041.183262 1.217597e-14
7042.922000 1.216243e-14
7044.660739 1.212454e-14
7046.399477 1.207362e-14
7048.138216 1.202144e-14
7049.876955 1.196581e-14
7051.615693 1.190299e-14
7053.354432 1.182672e-14
7055.093171 1.173309e-14
7056.831909 1.164373e-14
7058.570648 1.158097e-14
7060.309387 1.153072e-14
7062.048125 1.147372e-14
7063.786864 1.141612e-14
7065.525603 1.136829e-14
7067.264341 1.132958e-14
7069.003080 1.129732e-14
7070.741819 1.127634e-14
7072.480557 1.127179e-14
7074.219296 1.127431e-14
7075.958035 1.127070e-14
7077.696773 1.126294e-14
7079.435512 1.125761e-14
7081.174251 1.124270e-14
7082.912989 1.120255e-14
7084.651728 1.114961e-14
7086.390467 1.110484e-14
7088.129205 1.108140e-14
7089.867944 1.108982e-14
7091.606683 1.109957e-14
7093.345421 1.106289e-14
7095.084160 1.100772e-14
7096.822899 1.099548e-14
7098.561637 1.101901e-14
7100.300376 1.103903e-14
7102.039114 1.105031e-14
7103.777853 1.106385e-14
7105.516592 1.108128e-14
7107.255330 1.110006e-14
7108.994069 1.112966e-14
7110.732808 1.118676e-14
7112.471546 1.126363e-14
7114.210285 1.133475e-14
7115.949024 1.140605e-14
7117.687762 1.150573e-14
7119.426501 1.161965e-14
7121.165240 1.170493e-14
7122.903978 1.174419e-14
7124.642717 1.173692e-14
7126.381456 1.171613e-14
7128.120194 1.174674e-14
7129.858933 1.182874e-14
7131.597672 1.189911e-14
7133.336410 1.193285e-14
7135.075149 1.194498e-14
7136.813888 1.193078e-14
7138.552626 1.186409e-14
7140.291365 1.176604e-14
7142.030104 1.171253e-14
7143.768842 1.172039e-14
7145.507581 1.173098e-14
7147.246320 1.172219e-14
7148.985058 1.172044e-14
7150.723797 1.173386e-14
7152.462536 1.174922e-14
7154.201274 1.175791e-14
7155.940013 1.175386e-14
7157.678751 1.174265e-14
7159.417490 1.175001e-14
7161.156229 1.178685e-14
7162.894967 1.183958e-14
7164.633706 1.188690e-14
7166.372445 1.189351e-14
7168.111183 1.184158e-14
7169.849922 1.175040e-14
7171.588661 1.163939e-14
7173.327399 1.152033e-14
7175.066138 1.140734e-14
7176.804877 1.131915e-14
7178.543615 1.126083e-14
7180.282354 1.120323e-14
7182.021093 1.112884e-14
7183.759831 1.106248e-14
7185.498570 1.101765e-14
7187.237309 1.096691e-14
7188.976047 1.089320e-14
7190.714786 1.081697e-14
7192.453525 1.075566e-14
7194.192263 1.070680e-14
7195.931002 1.066865e-14
7197.669741 1.064817e-14
7199.408479 1.064804e-14
7201.147218 1.065192e-14
7202.885957 1.064824e-14
7204.624695 1.065240e-14
7206.363434 1.068083e-14
7208.102172 1.074020e-14
7209.840911 1.083351e-14
7211.579650 1.095450e-14
7213.318388 1.109362e-14
7215.057127 1.124029e-14
7216.795866 1.138340e-14
7218.534604 1.152112e-14
7220.273343 1.165073e-14
7222.012082 1.174016e-14
7223.750820 1.176115e-14
7225.489559 1.173990e-14
7227.228298 1.171133e-14
7228.967036 1.168662e-14
7230.705775 1.166973e-14
7232.444514 1.164326e-14
7234.183252 1.158672e-14
7235.921991 1.149612e-14
7237.660730 1.137552e-14
7239.399468 1.126461e-14
7241.138207 1.120981e-14
7242.876946 1.120907e-14
7244.615684 1.124296e-14
7246.354423 1.130859e-14
7248.093162 1.140581e-14
7249.831900 1.150029e-14
7251.570639 1.154986e-14
7253.309378 1.157688e-14
7255.048116 1.162758e-14
7256.786855 1.170376e-14
7258.525594 1.178918e-14
7260.264332 1.188204e-14
7262.003071 1.198379e-14
7263.741809 1.208137e-14
7265.480548 1.215784e-14
7267.219287 1.219399e-14
7268.958025 1.216891e-14
7270.696764 1.211402e-14
7272.435503 1.209087e-14
7274.174241 1.208327e-14
7275.912980 1.203154e-14
7277.651719 1.193204e-14
7279.390457 1.181259e-14
7281.129196 1.171438e-14
7282.867935 1.168811e-14
7284.606673 1.172909e-14
7286.345412 1.179311e-14
7288.084151 1.183201e-14
7289.822889 1.179283e-14
7291.561628 1.169110e-14
7293.300367 1.160409e-14
7295.039105 1.155648e-14
7296.777844 1.152173e-14
7298.516583 1.150406e-14
7300.255321 1.153789e-14
7301.994060 1.159919e-14
7303.732799 1.160424e-14
7305.471537 1.153889e-14
7307.210276 1.146579e-14
7308.949015 1.142078e-14
7310.687753 1.140999e-14
7312.426492 1.142590e-14
7314.165231 1.143887e-14
7315.903969 1.143296e-14
7317.642708 1.141438e-14
7319.381446 1.138995e-14
7321.120185 1.136663e-14
7322.858924 1.135420e-14
7324.597662 1.136777e-14
7326.336401 1.140121e-14
7328.075140 1.141197e-14
7329.813878 1.137799e-14
7331.552617 1.131407e-14
7333.291356 1.124099e-14
7335.030094 1.119326e-14
7336.768833 1.118255e-14
7338.507572 1.116412e-14
7340.246310 1.111779e-14
7341.985049 1.108713e-14
7343.723788 1.109706e-14
7345.462526 1.112415e-14
7347.201265 1.115019e-14
7348.940004 1.117425e-14
7350.678742 1.119547e-14
7352.417481 1.121077e-14
7354.156220 1.122429e-14
7355.894958 1.126429e-14
7357.633697 1.134421e-14
7359.372436 1.142453e-14
7361.111174 1.147177e-14
7362.849913 1.148779e-14
7364.588652 1.148052e-14
7366.327390 1.146967e-14
7368.066129 1.147208e-14
7369.804868 1.147747e-14
7371.543606 1.147637e-14
7373.282345 1.148574e-14
7375.021083 1.151637e-14
7376.759822 1.153607e-14
7378.498561 1.151558e-14
7380.237299 1.146768e-14
7381.976038 1.141065e-14
7383.714777 1.135735e-14
7385.453515 1.131785e-14
7387.192254 1.128150e-14
7388.930993 1.123550e-14
7390.669731 1.118623e-14
7392.408470 1.114275e-14
7394.147209 1.110085e-14
7395.885947 1.105593e-14
7397.624686 1.102492e-14
7399.363425 1.102580e-14
7401.102163 1.104918e-14
7402.840902 1.107952e-14
7404.579641 1.110288e-14
7406.318379 1.110722e-14
7408.057118 1.111542e-14
7409.795857 1.115758e-14
7411.534595 1.121690e-14
7413.273334 1.126339e-14
7415.012073 1.128455e-14
7416.750811 1.127467e-14
7418.489550 1.124839e-14
7420.228289 1.122768e-14
7421.967027 1.121941e-14
7423.705766 1.122446e-14
7425.444504 1.122208e-14
7427.183243 1.118213e-14
7428.921982 1.112151e-14
7430.660720 1.107938e-14
7432.399459 1.104994e-14
7434.138198 1.100518e-14
7435.876936 1.095840e-14
7437.615675 1.094454e-14
7439.354414 1.094639e-14
7441.093152 1.091715e-14
7442.831891 1.087331e-14
7444.570630 1.086942e-14
7446.309368 1.090195e-14
7448.048107 1.093142e-14
7449.786846 1.094987e-14
7451.525584 1.096674e-14
7453.264323 1.100287e-14
7455.003062 1.109259e-14
7456.741800 1.121002e-14
7458.480539 1.127660e-14
7460.219278 1.129314e-14
7461.958016 1.133217e-14
7463.696755 1.139854e-14
7465.435494 1.143437e-14
7467.174232 1.143371e-14
7468.912971 1.143949e-14
7470.651710 1.146483e-14
7472.390448 1.149443e-14
7474.129187 1.151339e-14
7475.867926 1.150430e-14
7477.606664 1.146657e-14
7479.345403 1.142180e-14
7481.084141 1.138477e-14
7482.822880 1.136056e-14
7484.561619 1.134736e-14
7486.300357 1.133466e-14
7488.039096 1.130770e-14
7489.777835 1.124276e-14
7491.516573 1.114662e-14
7493.255312 1.107893e-14
7494.994051 1.106667e-14
7496.732789 1.107582e-14
7498.471528 1.108456e-14
7500.210267 1.109527e-14
7501.949005 1.111025e-14
7503.687744 1.113701e-14
7505.426483 1.117566e-14
7507.165221 1.120469e-14
7508.903960 1.121573e-14
7510.642699 1.123709e-14
7512.381437 1.127912e-14
7514.120176 1.130061e-14
7515.858915 1.127713e-14
7517.597653 1.123622e-14
7519.336392 1.119804e-14
7521.075131 1.115263e-14
7522.813869 1.115174e-14
7524.552608 1.115085e-14
7526.291347 1.114996e-14
7528.030085 1.114906e-14
7529.768824 1.114817e-14
7531.507563 1.114728e-14
7533.246301 1.114639e-14
7534.985040 1.114550e-14
7536.723778 1.114460e-14
7538.462517 1.114371e-14
7540.201256 1.114282e-14
7541.939994 1.114193e-14
7543.678733 1.114104e-14
7545.417472 1.114014e-14
7547.156210 1.113925e-14
7548.894949 1.113836e-14
7550.633688 1.113747e-14
7552.372426 1.113658e-14
7554.111165 1.113568e-14
7555.849904 1.113479e-14
7557.588642 1.113390e-14
7559.327381 1.113301e-14
7561.066120 1.113212e-14
7562.804858 1.113122e-14
7564.543597 1.113033e-14
7566.282336 1.112944e-14
7568.021074 1.112855e-14
7569.759813 1.112766e-14
7571.498552 1.112676e-14
7573.237290 1.112587e-14
7574.976029 1.112498e-14
7576.714768 1.112409e-14
7578.453506 1.112320e-14
7580.192245 1.112230e-14
7581.930984 1.112141e-14
7583.669722 1.112052e-14
7585.408461 1.111963e-14
7587.147200 1.111874e-14
7588.885938 1.111784e-14
7590.624677 1.111695e-14
7592.363415 1.111606e-14
7594.102154 1.111517e-14
7595.840893 1.111428e-14
7597.579631 1.111338e-14
7599.318370 1.111249e-14
7601.057109 1.111160e-14
7602.795847 1.111071e-14
7604.534586 1.110982e-14
7606.273325 1.110892e-14
7608.012063 1.110803e-14
7609.750802 1.110714e-14
7611.489541 1.110625e-14
7613.228279 1.110536e-14
7614.967018 1.110446e-14
7616.705757 1.110357e-14
7618.444495 1.110268e-14
7620.183234 1.110179e-14
7621.921973 1.110090e-14
7623.660711 1.110000e-14
7625.399450 1.109911e-14
7627.138189 1.109822e-14
7628.876927 1.109733e-14
7630.615666 1.109644e-14
7632.354405 1.109554e-14
7634.093143 1.109465e-14
7635.831882 1.109376e-14
7637.570621 1.109287e-14
7639.309359 1.109198e-14
7641.048098 1.109108e-14
7642.786837 1.109019e-14
7644.525575 1.108930e-14
7646.264314 1.108841e-14
7648.003052 1.108752e-14
7649.741791 1.108662e-14
7651.480530 1.108573e-14
7653.219268 1.108484e-14
7654.958007 1.108395e-14
7656.696746 1.108306e-14
7658.435484 1.108216e-14
7660.174223 1.108127e-14
7661.912962 1.108038e-14
7663.651700 1.107949e-14
7665.390439 1.107860e-14
7667.129178 1.107770e-14
7668.867916 1.107681e-14
7670.606655 1.107592e-14
7672.345394 1.107503e-14
7674.084132 1.107414e-14
7675.822871 1.107324e-14
7677.561610 1.107235e-14
7679.300348 1.107146e-14
7681.039087 1.107057e-14
7682.777826 1.106968e-14
7684.516564 1.106878e-14
7686.255303 1.106789e-14
7687.994042 1.106700e-14
7689.732780 1.106611e-14
7691.471519 1.106522e-14
7693.210258 1.106432e-14
7694.948996 1.106343e-14
7696.687735 1.106254e-14
7698.426473 1.106165e-14
7700.165212 1.106076e-14
7701.903951 1.105986e-14
7703.642689 1.105897e-14
7705.381428 1.105808e-14
7707.120167 1.105719e-14
7708.858905 1.105630e-14
7710.597644 1.105540e-14
7712.336383 1.105451e-14
7714.075121 1.105362e-14
7715.813860 1.105273e-14
7717.552599 1.105184e-14
7719.291337 1.105094e-14
7721.030076 1.105005e-14
7722.768815 1.104916e-14
7724.507553 1.104827e-14
7726.246292 1.104738e-14
7727.985031 1.104648e-14
7729.723769 1.104559e-14
7731.462508 1.104470e-14
7733.201247 1.109117e-14
7734.939985 1.112575e-14
7736.678724 1.118444e-14
7738.417463 1.125584e-14
7740.156201 1.131660e-14
7741.894940 1.136450e-14
7743.633679 1.140281e-14
7745.372417 1.141365e-14
7747.111156 1.137649e-14
7748.849895 1.132293e-14
7750.588633 1.129884e-14
7752.327372 1.130333e-14
7754.066110 1.131791e-14
7755.804849 1.131415e-14
7757.543588 1.126098e-14
7759.282326 1.116319e-14
7761.021065 1.104253e-14
7762.759804 1.092713e-14
7764.498542 1.084845e-14
7766.237281 1.080084e-14
7767.976020 1.075618e-14
7769.714758 1.072306e-14
7771.453497 1.073075e-14
7773.192236 1.074084e-14
7774.930974 1.067842e-14
7776.669713 1.056277e-14
7778.408452 1.046962e-14
7780.147190 1.042618e-14
7781.885929 1.042896e-14
7783.624668 1.046399e-14
7785.363406 1.050662e-14
7787.102145 1.054033e-14
7788.840884 1.055732e-14
7790.579622 1.055721e-14
7792.318361 1.054579e-14
7794.057100 1.053818e-14
7795.795838 1.055704e-14
7797.534577 1.060375e-14
7799.273316 1.065927e-14
7801.012054 1.071015e-14
7802.750793 1.074862e-14
7804.489532 1.077441e-14
7806.228270 1.079534e-14
7807.967009 1.082207e-14
7809.705747 1.086965e-14
7811.444486 1.093023e-14
7813.183225 1.096643e-14
7814.921963 1.096144e-14
7816.660702 1.092617e-14
7818.399441 1.087324e-14
7820.138179 1.081872e-14
7821.876918 1.076973e-14
7823.615657 1.071727e-14
7825.354395 1.065555e-14
7827.093134 1.058179e-14
7828.831873 1.050530e-14
7830.570611 1.046216e-14
7832.309350 1.045948e-14
7834.048089 1.044385e-14
7835.786827 1.039221e-14
7837.525566 1.035140e-14
7839.264305 1.034216e-14
7841.003043 1.032277e-14
7842.741782 1.027175e-14
7844.480521 1.021463e-14
7846.219259 1.017411e-14
7847.957998 1.016771e-14
7849.696737 1.019783e-14
7851.435475 1.021977e-14
7853.174214 1.020648e-14
7854.912953 1.019569e-14
7856.651691 1.021631e-14
7858.390430 1.025507e-14
7860.129169 1.029979e-14
7861.867907 1.035513e-14
7863.606646 1.041813e-14
7865.345384 1.045055e-14
7867.084123 1.042925e-14
7868.822862 1.040131e-14
7870.561600 1.041033e-14
7872.300339 1.045110e-14
7874.039078 1.051115e-14
7875.777816 1.057691e-14
7877.516555 1.063248e-14
7879.255294 1.065283e-14
7880.994032 1.062245e-14
7882.732771 1.058782e-14
7884.471510 1.059443e-14
7886.210248 1.060670e-14
7887.948987 1.058303e-14
7889.687726 1.054902e-14
7891.426464 1.053459e-14
7893.165203 1.050576e-14
7894.903942 1.042516e-14
7896.642680 1.032373e-14
7898.381419 1.024369e-14
7900.120158 1.018326e-14
7901.858896 1.013078e-14
7903.597635 1.010556e-14
7905.336374 1.012805e-14
7907.075112 1.014759e-14
7908.813851 1.010076e-14
7910.552590 1.000883e-14
7912.291328 9.918918e-15
7914.030067 9.849445e-15
7915.768806 9.809866e-15
7917.507544 9.807629e-15
7919.246283 9.844804e-15
7920.985021 9.906624e-15
7922.723760 9.972512e-15
7924.462499 1.002237e-14
7926.201237 1.003788e-14
7927.939976 1.003980e-14
7929.678715 1.006700e-14
7931.417453 1.011722e-14
7933.156192 1.016768e-14
7934.894931 1.022156e-14
7936.633669 1.029422e-14
7938.372408 1.037045e-14
7940.111147 1.041857e-14
7941.849885 1.044288e-14
7943.588624 1.047087e-14
7945.327363 1.049241e-14
7947.066101 1.047221e-14
7948.804840 1.043259e-14
7950.543579 1.043367e-14
7952.282317 1.047050e-14
7954.021056 1.049470e-14
7955.759795 1.046954e-14
7957.498533 1.036342e-14
7959.237272 1.021109e-14
7960.976011 1.010492e-14
7962.714749 1.007379e-14
7964.453488 1.009115e-14
7966.192227 1.011197e-14
7967.930965 1.006681e-14
7969.669704 9.959969e-15
7971.408442 9.879085e-15
7973.147181 9.851740e-15
7974.885920 9.837986e-15
7976.624658 9.813466e-15
7978.363397 9.767707e-15
7980.102136 9.703577e-15
7981.840874 9.645802e-15
7983.579613 9.607262e-15
7985.318352 9.582791e-15
7987.057090 9.567706e-15
7988.795829 9.556356e-15
7990.534568 9.548172e-15
7992.273306 9.552789e-15
7994.012045 9.572664e-15
7995.750784 9.599571e-15
7997.489522 9.621714e-15
7999.228261 9.618549e-15
8000.967000 9.587084e-15
8002.705738 9.558702e-15
8004.444477 9.557212e-15
8006.183216 9.589714e-15
8007.921954 9.650988e-15
8009.660693 9.705719e-15
8011.399432 9.734606e-15
8013.138170 9.766641e-15
8014.876909 9.819214e-15
8016.615648 9.871313e-15
8018.354386 9.909616e-15
8020.093125 9.947811e-15
8021.831864 9.992466e-15
8023.570602 1.002521e-14
8025.309341 1.003239e-14
8027.048079 1.002177e-14
8028.786818 9.998944e-15
8030.525557 9.950647e-15
8032.264295 9.871474e-15
8034.003034 9.791037e-15
8035.741773 9.733167e-15
8037.480511 9.684023e-15
8039.219250 9.628157e-15
8040.957989 9.558878e-15
8042.696727 9.474769e-15
8044.435466 9.399863e-15
8046.174205 9.356345e-15
8047.912943 9.339220e-15
8049.651682 9.337134e-15
8051.390421 9.331049e-15
8053.129159 9.303192e-15
8054.867898 9.251633e-15
8056.606637 9.180315e-15
8058.345375 9.113018e-15
8060.084114 9.073347e-15
8061.822853 9.033432e-15
8063.561591 8.960219e-15
8065.300330 8.885272e-15
8067.039069 8.849207e-15
8068.777807 8.836016e-15
8070.516546 8.818696e-15
8072.255285 8.795929e-15
8073.994023 8.772511e-15
8075.732762 8.763440e-15
8077.471501 8.785403e-15
8079.210239 8.827275e-15
8080.948978 8.868915e-15
8082.687716 8.904392e-15
8084.426455 8.932858e-15
8086.165194 8.950092e-15
8087.903932 8.952818e-15
8089.642671 8.948326e-15
8091.381410 8.946637e-15
8093.120148 8.962368e-15
8094.858887 9.011822e-15
8096.597626 9.065538e-15
8098.336364 9.073861e-15
8100.075103 9.048360e-15
8101.813842 9.029176e-15
8103.552580 9.034175e-15
8105.291319 9.071269e-15
8107.030058 9.110737e-15
8108.768796 9.100982e-15
8110.507535 9.040532e-15
8112.246274 8.958350e-15
8113.985012 8.885739e-15
8115.723751 8.856153e-15
8117.462490 8.864323e-15
8119.201228 8.878372e-15
8120.939967 8.866356e-15
8122.678706 8.793405e-15
8124.417444 8.690383e-15
8126.156183 8.643814e-15
8127.894922 8.669654e-15
8129.633660 8.722368e-15
8131.372399 8.764189e-15
8133.111138 8.762769e-15
8134.849876 8.712259e-15
8136.588615 8.635550e-15
8138.327353 8.563515e-15
8140.066092 8.537335e-15
8141.804831 8.555759e-15
8143.543569 8.563930e-15
8145.282308 8.544832e-15
8147.021047 8.527802e-15
8148.759785 8.537710e-15
8150.498524 8.600690e-15
8152.237263 8.702713e-15
8153.976001 8.765520e-15
8155.714740 8.762936e-15
8157.453479 8.751236e-15
8159.192217 8.768495e-15
8160.930956 8.827591e-15
8162.669695 8.914254e-15
8164.408433 8.954722e-15
8166.147172 8.928079e-15
8167.885911 8.921993e-15
8169.624649 8.989569e-15
8171.363388 9.110418e-15
8173.102127 9.256114e-15
8174.840865 9.383486e-15
8176.579604 9.458299e-15
8178.318343 9.478663e-15
8180.057081 9.446587e-15
8181.795820 9.356581e-15
8183.534559 9.226569e-15
8185.273297 9.135029e-15
8187.012036 9.131049e-15
8188.750775 9.169268e-15
8190.489513 9.203862e-15
8192.228252 9.216913e-15
8193.966990 9.194212e-15
8195.705729 9.135079e-15
8197.444468 9.044906e-15
8199.183206 8.929674e-15
8200.921945 8.802080e-15
8202.660684 8.695149e-15
8204.399422 8.634801e-15
8206.138161 8.613758e-15
8207.876900 8.616180e-15
8209.615638 8.624009e-15
8211.354377 8.616176e-15
8213.093116 8.550322e-15
8214.831854 8.398424e-15
8216.570593 8.233851e-15
8218.309332 8.128260e-15
8220.048070 8.024572e-15
8221.786809 7.855547e-15
8223.525548 7.642097e-15
8225.264286 7.416306e-15
8227.003025 7.172941e-15
8228.741764 6.907742e-15
8230.480502 6.618427e-15
8232.219241 6.309902e-15
8233.957980 6.094006e-15
8235.696718 6.087328e-15
8237.435457 6.205437e-15
8239.174196 6.314816e-15
8240.912934 6.405755e-15
8242.651673 6.498856e-15
8244.390411 6.574250e-15
8246.129150 6.608724e-15
8247.867889 6.598060e-15
8249.606627 6.544620e-15
8251.345366 6.481790e-15
8253.084105 6.451254e-15
8254.822843 6.425618e-15
8256.561582 6.354538e-15
8258.300321 6.217679e-15
8260.039059 6.007255e-15
8261.777798 5.787055e-15
8263.516537 5.650744e-15
8265.255275 5.585758e-15
8266.994014 5.528762e-15
8268.732753 5.435733e-15
8270.471491 5.270051e-15
8272.210230 5.059508e-15
8273.948969 4.872298e-15
8275.687707 4.709297e-15
8277.426446 4.530678e-15
8279.165185 4.341548e-15
8280.903923 4.174172e-15
8282.642662 4.028893e-15
8284.381401 3.884258e-15
8286.120139 3.750555e-15
8287.858878 3.660901e-15
8289.597617 3.608440e-15
8291.336355 3.555930e-15
8293.075094 3.490548e-15
8294.813833 3.418016e-15
8296.552571 3.352288e-15
8298.291310 3.317909e-15
8300.030048 3.309670e-15
8301.768787 3.290622e-15
8303.507526 3.252324e-15
8305.246264 3.217614e-15
8306.985003 3.190382e-15
8308.723742 3.153551e-15
8310.462480 3.106319e-15
8312.201219 3.066095e-15
8313.939958 3.040507e-15
8315.678696 3.025932e-15
8317.417435 3.016013e-15
8319.156174 2.998288e-15
8320.894912 2.973331e-15
8322.633651 2.964103e-15
8324.372390 2.975848e-15
8326.111128 2.983929e-15
8327.849867 2.976646e-15
8329.588606 2.964309e-15
8331.327344 2.955087e-15
8333.066083 2.955404e-15
8334.804822 2.964000e-15
8336.543560 2.960275e-15
8338.282299 2.937756e-15
8340.021038 2.924353e-15
8341.759776 2.933324e-15
8343.498515 2.940104e-15
8345.237254 2.931195e-15
8346.975992 2.922987e-15
8348.714731 2.927515e-15
8350.453470 2.944687e-15
8352.192208 2.971831e-15
8353.930947 2.996436e-15
8355.669685 3.013194e-15
8357.408424 3.042976e-15
8359.147163 3.101324e-15
8360.885901 3.184778e-15
8362.624640 3.282565e-15
8364.363379 3.359942e-15
8366.102117 3.393254e-15
8367.840856 3.414954e-15
8369.579595 3.454562e-15
8371.318333 3.494330e-15
8373.057072 3.520028e-15
8374.795811 3.562500e-15
8376.534549 3.645126e-15
8378.273288 3.721553e-15
8380.012027 3.751880e-15
8381.750765 3.786156e-15
8383.489504 3.875450e-15
8385.228243 4.007475e-15
8386.966981 4.158351e-15
8388.705720 4.289332e-15
8390.444459 4.366036e-15
8392.183197 4.416930e-15
8393.921936 4.480398e-15
8395.660675 4.556316e-15
8397.399413 4.637207e-15
8399.138152 4.719966e-15
8400.876891 4.800468e-15
8402.615629 4.875996e-15
8404.354368 4.944380e-15
8406.093107 4.998151e-15
8407.831845 5.030103e-15
8409.570584 5.046671e-15
8411.309322 5.058873e-15
8413.048061 5.068425e-15
8414.786800 5.073583e-15
8416.525538 5.089203e-15
8418.264277 5.133859e-15
8420.003016 5.181346e-15
8421.741754 5.191088e-15
8423.480493 5.173633e-15
8425.219232 5.159059e-15
8426.957970 5.161165e-15
8428.696709 5.186346e-15
8430.435448 5.225239e-15
8432.174186 5.261677e-15
8433.912925 5.273611e-15
8435.651664 5.236493e-15
8437.390402 5.181911e-15
8439.129141 5.171321e-15
8440.867880 5.208678e-15
8442.606618 5.265189e-15
8444.345357 5.318767e-15
8446.084096 5.349279e-15
8447.822834 5.362366e-15
8449.561573 5.382978e-15
8451.300312 5.417843e-15
8453.039050 5.461139e-15
8454.777789 5.509257e-15
8456.516528 5.557666e-15
8458.255266 5.612445e-15
8459.994005 5.690849e-15
8461.732744 5.781824e-15
8463.471482 5.847580e-15
8465.210221 5.889207e-15
8466.948959 5.945639e-15
8468.687698 6.022530e-15
8470.426437 6.091903e-15
8472.165175 6.144050e-15
8473.903914 6.187808e-15
8475.642653 6.225858e-15
8477.381391 6.255669e-15
8479.120130 6.274929e-15
8480.858869 6.280457e-15
8482.597607 6.273109e-15
8484.336346 6.259650e-15
8486.075085 6.245977e-15
8487.813823 6.233652e-15
8489.552562 6.233808e-15
8491.291301 6.276293e-15
8493.030039 6.358652e-15
8494.768778 6.423165e-15
8496.507517 6.442168e-15
8498.246255 6.442092e-15
8499.984994 6.450234e-15
8501.723733 6.498116e-15
8503.462471 6.593321e-15
8505.201210 6.686460e-15
8506.939949 6.750690e-15
8508.678687 6.818150e-15
8510.417426 6.906671e-15
8512.156165 7.000782e-15
8513.894903 7.082135e-15
8515.633642 7.116333e-15
8517.372380 7.096385e-15
8519.111119 7.099163e-15
8520.849858 7.174846e-15
8522.588596 7.274975e-15
8524.327335 7.359900e-15
8526.066074 7.436653e-15
8527.804812 7.517594e-15
8529.543551 7.626593e-15
8531.282290 7.785166e-15
8533.021028 8.002439e-15
8534.759767 8.275659e-15
8536.498506 8.563205e-15
8538.237244 8.828212e-15
8539.975983 9.092429e-15
8541.714722 9.372488e-15
8543.453460 9.612981e-15
8545.192199 9.768753e-15
8546.930938 9.894144e-15
8548.669676 1.004441e-14
8550.408415 1.018575e-14
8552.147154 1.028143e-14
8553.885892 1.035014e-14
8555.624631 1.041780e-14
8557.363370 1.051427e-14
8559.102108 1.066193e-14
8560.840847 1.083326e-14
8562.579586 1.098991e-14
8564.318324 1.109060e-14
8566.057063 1.110338e-14
8567.795802 1.107239e-14
8569.534540 1.105810e-14
8571.273279 1.109121e-14
8573.012017 1.118894e-14
8574.750756 1.129190e-14
8576.489495 1.132373e-14
8578.228233 1.130589e-14
8579.966972 1.128888e-14
8581.705711 1.130387e-14
8583.444449 1.137393e-14
8585.183188 1.147241e-14
8586.921927 1.155309e-14
8588.660665 1.159719e-14
8590.399404 1.159972e-14
8592.138143 1.156051e-14
8593.876881 1.148195e-14
8595.615620 1.141371e-14
8597.354359 1.142800e-14
8599.093097 1.146659e-14
8600.831836 1.140720e-14
8602.570575 1.130132e-14
8604.309313 1.128668e-14
8606.048052 1.136290e-14
8607.786791 1.145987e-14
8609.525529 1.152371e-14
8611.264268 1.150522e-14
8613.003007 1.145321e-14
8614.741745 1.147835e-14
8616.480484 1.162338e-14
8618.219223 1.188774e-14
8619.957961 1.218570e-14
8621.696700 1.236368e-14
8623.435439 1.241131e-14
8625.174177 1.243531e-14
8626.912916 1.249733e-14
8628.651654 1.262074e-14
8630.390393 1.280508e-14
8632.129132 1.302404e-14
8633.867870 1.321614e-14
8635.606609 1.329092e-14
8637.345348 1.321695e-14
8639.084086 1.302911e-14
8640.822825 1.279010e-14
8642.561564 1.257880e-14
8644.300302 1.249778e-14
8646.039041 1.269173e-14
8647.777780 1.308405e-14
8649.516518 1.329982e-14
8651.255257 1.319273e-14
8652.993996 1.294826e-14
8654.732734 1.270286e-14
8656.471473 1.252215e-14
8658.210212 1.243944e-14
8659.948950 1.241425e-14
8661.687689 1.240055e-14
8663.426428 1.235507e-14
8665.165166 1.225745e-14
8666.903905 1.213529e-14
8668.642644 1.201936e-14
8670.381382 1.194462e-14
8672.120121 1.191839e-14
8673.858860 1.188274e-14
8675.597598 1.180178e-14
8677.336337 1.169536e-14
8679.075076 1.158844e-14
8680.813814 1.152509e-14
8682.552553 1.151608e-14
8684.291291 1.146249e-14
8686.030030 1.131481e-14
8687.768769 1.118966e-14
8689.507507 1.117321e-14
8691.246246 1.122342e-14
8692.984985 1.130139e-14
8694.723723 1.141938e-14
8696.462462 1.157150e-14
8698.201201 1.167201e-14
8699.939939 1.166886e-14
8701.678678 1.167699e-14
8703.417417 1.178817e-14
8705.156155 1.190446e-14
8706.894894 1.193817e-14
8708.633633 1.195316e-14
8710.372371 1.201052e-14
8712.111110 1.206788e-14
8713.849849 1.208459e-14
8715.588587 1.208434e-14
8717.327326 1.209668e-14
8719.066065 1.215911e-14
8720.804803 1.229525e-14
8722.543542 1.242441e-14
8724.282281 1.245753e-14
8726.021019 1.242466e-14
8727.759758 1.237208e-14
8729.498497 1.223083e-14
8731.237235 1.193000e-14
8732.975974 1.157220e-14
8734.714713 1.129007e-14
8736.453451 1.104801e-14
8738.192190 1.077416e-14
8739.930928 1.057176e-14
8741.669667 1.056869e-14
8743.408406 1.061852e-14
8745.147144 1.050998e-14
8746.885883 1.029748e-14
8748.624622 1.011392e-14
8750.363360 9.972361e-15
8752.102099 9.852405e-15
8753.840838 9.722285e-15
8755.579576 9.543038e-15
8757.318315 9.353558e-15
8759.057054 9.222768e-15
8760.795792 9.149785e-15
8762.534531 9.102868e-15
8764.273270 9.066498e-15
8766.012008 9.030564e-15
8767.750747 8.981195e-15
8769.489486 8.907855e-15
8771.228224 8.806979e-15
8772.966963 8.678667e-15
8774.705702 8.567279e-15
8776.444440 8.539690e-15
8778.183179 8.602481e-15
8779.921918 8.724561e-15
8781.660656 8.855375e-15
8783.399395 8.929719e-15
8785.138134 8.944970e-15
8786.876872 8.946632e-15
8788.615611 8.954564e-15
8790.354349 8.969562e-15
8792.093088 8.988706e-15
8793.831827 9.004557e-15
8795.570565 9.004169e-15
8797.309304 8.968665e-15
8799.048043 8.911204e-15
8800.786781 8.877579e-15
8802.525520 8.873997e-15
8804.264259 8.863392e-15
8806.002997 8.836188e-15
8807.741736 8.814838e-15
8809.480475 8.789207e-15
8811.219213 8.712123e-15
8812.957952 8.570433e-15
8814.696691 8.393325e-15
8816.435429 8.203122e-15
8818.174168 8.012584e-15
8819.912907 7.835928e-15
8821.651645 7.683499e-15
8823.390384 7.570683e-15
8825.129123 7.525730e-15
8826.867861 7.545818e-15
8828.606600 7.575161e-15
8830.345339 7.586317e-15
8832.084077 7.609050e-15
8833.822816 7.655922e-15
8835.561555 7.703832e-15
8837.300293 7.742167e-15
8839.039032 7.784240e-15
8840.777771 7.837131e-15
8842.516509 7.896409e-15
8844.255248 7.952188e-15
8845.993986 7.980571e-15
8847.732725 7.967731e-15
8849.471464 7.924853e-15
8851.210202 7.868190e-15
8852.948941 7.827104e-15
8854.687680 7.815404e-15
8856.426418 7.782443e-15
8858.165157 7.706649e-15
8859.903896 7.683810e-15
8861.642634 7.781033e-15
8863.381373 7.942766e-15
8865.120112 8.109551e-15
8866.858850 8.249933e-15
8868.597589 8.342802e-15
8870.336328 8.407901e-15
8872.075066 8.468463e-15
8873.813805 8.527283e-15
8875.552544 8.584675e-15
8877.291282 8.632958e-15
8879.030021 8.665418e-15
8880.768760 8.690351e-15
8882.507498 8.716864e-15
8884.246237 8.751713e-15
8885.984976 8.797670e-15
8887.723714 8.834996e-15
8889.462453 8.844700e-15
8891.201192 8.821012e-15
8892.939930 8.765891e-15
8894.678669 8.756527e-15
8896.417408 8.865984e-15
8898.156146 8.982386e-15
8899.894885 8.968610e-15
8901.633623 8.862484e-15
8903.372362 8.740796e-15
8905.111101 8.621605e-15
8906.849839 8.513233e-15
8908.588578 8.405033e-15
8910.327317 8.278833e-15
8912.066055 8.192076e-15
8913.804794 8.217260e-15
8915.543533 8.287724e-15
8917.282271 8.295224e-15
8919.021010 8.251615e-15
8920.759749 8.209211e-15
8922.498487 8.180644e-15
8924.237226 8.167373e-15
8925.975965 8.144627e-15
8927.714703 8.075296e-15
8929.453442 7.981601e-15
8931.192181 7.913033e-15
8932.930919 7.864351e-15
8934.669658 7.804003e-15
8936.408397 7.740698e-15
8938.147135 7.703428e-15
8939.885874 7.681435e-15
8941.624613 7.641481e-15
8943.363351 7.599359e-15
8945.102090 7.600361e-15
8946.840829 7.633503e-15
8948.579567 7.651594e-15
8950.318306 7.652634e-15
8952.057045 7.665893e-15
8953.795783 7.693183e-15
8955.534522 7.715158e-15
8957.273260 7.742172e-15
8959.011999 7.810122e-15
8960.750738 7.900480e-15
8962.489476 7.946612e-15
8964.228215 7.950840e-15
8965.966954 7.976677e-15
8967.705692 8.051721e-15
8969.444431 8.175904e-15
8971.183170 8.305920e-15
8972.921908 8.343319e-15
8974.660647 8.296783e-15
8976.399386 8.299373e-15
8978.138124 8.412100e-15
8979.876863 8.611372e-15
8981.615602 8.835324e-15
8983.354340 8.970912e-15
8985.093079 8.945097e-15
8986.831818 8.742115e-15
8988.570556 8.414660e-15
8990.309295 8.121373e-15
8992.048034 7.944397e-15
8993.786772 7.822473e-15
8995.525511 7.731962e-15
8997.264250 7.721102e-15
8999.002988 7.800950e-15
9000.741727 7.929606e-15
9002.480466 8.059026e-15
9004.219204 8.128996e-15
9005.957943 8.109896e-15
9007.696681 8.038344e-15
9009.435420 7.952978e-15
9011.174159 7.880396e-15
9012.912897 7.843786e-15
9014.651636 7.860443e-15
9016.390375 7.920829e-15
9018.129113 7.953756e-15
9019.867852 7.903272e-15
9021.606591 7.767527e-15
9023.345329 7.562724e-15
9025.084068 7.336461e-15
9026.822807 7.140408e-15
9028.561545 7.016898e-15
9030.300284 6.993582e-15
9032.039023 7.068291e-15
9033.777761 7.216343e-15
9035.516500 7.351958e-15
9037.255239 7.405789e-15
9038.993977 7.416441e-15
9040.732716 7.427108e-15
9042.471455 7.425774e-15
9044.210193 7.402072e-15
9045.948932 7.361227e-15
9047.687671 7.313689e-15
9049.426409 7.298526e-15
9051.165148 7.345499e-15
9052.903887 7.453267e-15
9054.642625 7.597831e-15
9056.381364 7.615262e-15
9058.120103 7.364005e-15
9059.858841 6.947939e-15
9061.597580 6.526014e-15
9063.336318 6.395532e-15
9065.075057 6.811365e-15
9066.813796 7.375777e-15
9068.552534 7.577857e-15
9070.291273 7.436297e-15
9072.030012 7.110820e-15
9073.768750 6.750032e-15
9075.507489 6.507907e-15
9077.246228 6.383060e-15
9078.984966 6.315716e-15
9080.723705 6.285681e-15
9082.462444 6.278905e-15
9084.201182 6.259454e-15
9085.939921 6.190487e-15
9087.678660 6.101540e-15
9089.417398 6.045946e-15
9091.156137 6.032070e-15
9092.894876 6.049211e-15
9094.633614 6.071898e-15
9096.372353 6.068151e-15
9098.111092 6.026578e-15
9099.849830 5.945783e-15
9101.588569 5.856537e-15
9103.327308 5.809921e-15
9105.066046 5.776982e-15
9106.804785 5.684747e-15
9108.543524 5.570115e-15
9110.282262 5.530358e-15
9112.021001 5.591882e-15
9113.759740 5.736826e-15
9115.498478 5.930161e-15
9117.237217 6.124350e-15
9118.975955 6.280802e-15
9120.714694 6.368283e-15
9122.453433 6.416107e-15
9124.192171 6.502546e-15
9125.930910 6.639797e-15
9127.669649 6.784288e-15
9129.408387 6.905941e-15
9131.147126 6.984954e-15
9132.885865 7.017288e-15
9134.624603 7.018136e-15
9136.363342 7.006434e-15
9138.102081 6.998750e-15
9139.840819 7.025004e-15
9141.579558 7.133507e-15
9143.318297 7.292136e-15
9145.057035 7.381403e-15
9146.795774 7.329394e-15
9148.534513 7.096545e-15
9150.273251 6.818821e-15
9152.011990 6.916533e-15
9153.750729 7.398847e-15
9155.489467 7.630113e-15
9157.228206 7.378223e-15
9158.966945 7.064993e-15
9160.705683 6.940470e-15
9162.444422 6.974439e-15
9164.183161 7.120521e-15
9165.921899 7.270789e-15
9167.660638 7.350622e-15
9169.399377 7.384676e-15
9171.138115 7.390746e-15
9172.876854 7.368722e-15
9174.615592 7.320883e-15
9176.354331 7.233922e-15
9178.093070 7.122616e-15
9179.831808 7.074558e-15
9181.570547 7.139581e-15
9183.309286 7.268789e-15
9185.048024 7.407837e-15
9186.786763 7.503611e-15
9188.525502 7.525633e-15
9190.264240 7.522080e-15
9192.002979 7.532815e-15
9193.741718 7.535455e-15
9195.480456 7.517437e-15
9197.219195 7.510833e-15
9198.957934 7.541852e-15
9200.696672 7.600256e-15
9202.435411 7.678376e-15
9204.174150 7.816910e-15
9205.912888 8.032761e-15
9207.651627 8.213924e-15
9209.390366 8.264496e-15
9211.129104 8.243381e-15
9212.867843 8.220221e-15
9214.606582 8.195161e-15
9216.345320 8.164209e-15
9218.084059 8.127660e-15
9219.822798 8.086773e-15
9221.561536 8.078868e-15
9223.300275 8.133918e-15
9225.039014 8.211343e-15
9226.777752 8.259101e-15
9228.516491 8.221952e-15
9230.255229 8.063410e-15
9231.993968 7.846968e-15
9233.732707 7.653423e-15
9235.471445 7.650480e-15
9237.210184 7.990656e-15
9238.948923 8.268000e-15
9240.687661 7.982464e-15
9242.426400 7.478816e-15
9244.165139 7.309582e-15
9245.903877 7.389436e-15
9247.642616 7.455166e-15
9249.381355 7.462929e-15
9251.120093 7.423036e-15
9252.858832 7.388756e-15
9254.597571 7.437029e-15
9256.336309 7.504509e-15
9258.075048 7.476522e-15
9259.813787 7.382590e-15
9261.552525 7.307639e-15
9263.291264 7.278823e-15
9265.030003 7.303050e-15
9266.768741 7.318586e-15
9268.507480 7.225030e-15
9270.246219 7.083046e-15
9271.984957 7.039732e-15
9273.723696 7.068875e-15
9275.462435 7.049762e-15
9277.201173 6.972250e-15
9278.939912 6.886450e-15
9280.678650 6.830764e-15
9282.417389 6.841595e-15
9284.156128 6.899231e-15
9285.894866 6.942277e-15
9287.633605 6.951842e-15
9289.372344 6.939240e-15
9291.111082 6.931323e-15
9292.849821 6.972224e-15
9294.588560 7.055753e-15
9296.327298 7.130001e-15
9298.066037 7.186747e-15
9299.804776 7.253505e-15
9301.543514 7.257038e-15
9303.282253 7.260573e-15
9305.020992 7.264106e-15
9306.759730 7.267641e-15
9308.498469 7.271175e-15
9310.237208 7.274709e-15
9311.975946 7.278242e-15
9313.714685 7.281778e-15
9315.453424 7.285311e-15
9317.192162 7.288846e-15
9318.930901 7.292379e-15
9320.669640 7.295912e-15
9322.408378 7.299447e-15
9324.147117 7.302980e-15
9325.885856 7.306515e-15
9327.624594 7.310048e-15
9329.363333 7.313583e-15
9331.102072 7.317116e-15
9332.840810 7.320651e-15
9334.579549 7.324185e-15
9336.318287 7.327719e-15
9338.057026 7.331252e-15
9339.795765 7.334788e-15
9341.534503 7.338321e-15
9343.273242 7.341855e-15
9345.011981 7.345388e-15
9346.750719 7.348924e-15
9348.489458 7.352457e-15
9350.228197 7.355990e-15
9351.966935 7.359525e-15
9353.705674 7.363058e-15
9355.444413 7.366593e-15
9357.183151 7.370126e-15
9358.921890 7.373662e-15
9360.660629 7.377194e-15
9362.399367 7.380729e-15
9364.138106 7.384262e-15
9365.876845 7.387798e-15
9367.615583 7.391331e-15
9369.354322 7.394865e-15
9371.093061 7.398398e-15
9372.831799 7.401934e-15
9374.570538 7.405467e-15
9376.309277 7.409000e-15
9378.048015 7.412534e-15
9379.786754 7.416068e-15
9381.525493 7.419603e-15
9383.264231 7.423136e-15
9385.002970 7.426671e-15
9386.741709 7.430204e-15
9388.480447 7.433739e-15
9390.219186 7.437272e-15
9391.957924 7.440808e-15
9393.696663 7.444340e-15
9395.435402 7.649638e-15
9397.174140 7.715122e-15
9398.912879 7.716796e-15
9400.651618 7.673305e-15
9402.390356 7.597701e-15
9404.129095 7.506571e-15
9405.867834 7.415197e-15
9407.606572 7.337561e-15
9409.345311 7.285862e-15
9411.084050 7.282489e-15
9412.822788 7.346714e-15
9414.561527 7.477229e-15
9416.300266 7.669604e-15
9418.039004 7.842952e-15
9419.777743 7.887125e-15
9421.516482 7.998757e-15
9423.255220 8.475910e-15
9424.993959 9.062911e-15
9426.732698 9.296766e-15
9428.471436 9.193634e-15
9430.210175 8.978737e-15
9431.948914 8.774670e-15
9433.687652 8.660665e-15
9435.426391 8.682253e-15
9437.165130 8.853618e-15
9438.903868 9.026680e-15
9440.642607 8.973418e-15
9442.381346 8.661036e-15
9444.120084 8.179046e-15
9445.858823 7.678191e-15
9447.597561 7.340922e-15
9449.336300 7.273146e-15
9451.075039 7.525888e-15
9452.813777 7.924400e-15
9454.552516 8.120569e-15
9456.291255 8.070162e-15
9458.029993 7.980054e-15
9459.768732 7.905464e-15
9461.507471 7.781088e-15
9463.246209 7.633332e-15
9464.984948 7.553926e-15
9466.723687 7.577851e-15
9468.462425 7.692442e-15
9470.201164 7.846172e-15
9471.939903 7.945498e-15
9473.678641 7.953552e-15
9475.417380 7.899983e-15
9477.156119 7.822872e-15
9478.894857 7.773431e-15
9480.633596 7.766715e-15
9482.372335 7.763153e-15
9484.111073 7.753787e-15
9485.849812 7.769422e-15
9487.588551 7.836653e-15
9489.327289 7.982623e-15
9491.066028 8.187603e-15
9492.804767 8.365862e-15
9494.543505 8.427576e-15
9496.282244 8.274850e-15
9498.020983 7.895052e-15
9499.759721 7.421306e-15
9501.498460 6.987249e-15
9503.237198 6.709029e-15
9504.975937 6.648793e-15
9506.714676 6.749842e-15
9508.453414 6.960674e-15
9510.192153 7.246680e-15
9511.930892 7.622836e-15
9513.669630 8.323058e-15
9515.408369 9.328816e-15
9517.147108 9.898828e-15
9518.885846 9.576760e-15
9520.624585 8.787346e-15
9522.363324 7.948150e-15
9524.102062 7.247662e-15
9525.840801 6.826798e-15
9527.579540 6.657662e-15
9529.318278 6.665185e-15
9531.057017 6.735295e-15
9532.795756 6.782578e-15
9534.534494 6.916666e-15
9536.273233 7.216255e-15
9538.011972 7.546300e-15
9539.750710 7.775593e-15
9541.489449 7.871486e-15
9543.228188 7.830045e-15
9544.966926 7.710984e-15
9546.705665 7.584308e-15
9548.444404 7.497813e-15
9550.183142 7.479946e-15
9551.921881 7.460210e-15
9553.660619 7.365834e-15
9555.399358 7.246057e-15
9557.138097 7.163198e-15
9558.876835 7.105376e-15
9560.615574 7.051628e-15
9562.354313 7.035825e-15
9564.093051 7.089981e-15
9565.831790 7.148834e-15
9567.570529 7.138126e-15
9569.309267 7.056023e-15
9571.048006 6.924725e-15
9572.786745 6.866495e-15
9574.525483 7.013692e-15
9576.264222 7.271233e-15
9578.002961 7.478919e-15
9579.741699 7.631434e-15
9581.480438 7.768481e-15
9583.219177 7.833866e-15
9584.957915 7.753037e-15
9586.696654 7.583924e-15
9588.435393 7.430543e-15
9590.174131 7.296373e-15
9591.912870 7.149908e-15
9593.651609 6.988964e-15
9595.390347 6.819229e-15
9597.129086 6.697222e-15
9598.867825 6.698333e-15
9600.606563 6.811736e-15
9602.345302 6.982768e-15
9604.084041 7.148856e-15
9605.822779 7.242472e-15
9607.561518 7.268108e-15
9609.300256 7.277245e-15
9611.038995 7.279776e-15
9612.777734 7.258147e-15
9614.516472 7.236983e-15
9616.255211 7.269000e-15
9617.993950 7.317680e-15
9619.732688 7.283371e-15
9621.471427 7.171483e-15
9623.210166 7.068714e-15
9624.948904 7.002815e-15
9626.687643 6.949324e-15
9628.426382 6.937393e-15
9630.165120 7.044623e-15
9631.903859 7.221439e-15
9633.642598 7.299494e-15
9635.381336 7.238943e-15
9637.120075 7.131682e-15
9638.858814 7.028893e-15
9640.597552 6.936244e-15
9642.336291 6.884035e-15
9644.075030 6.930622e-15
9645.813768 7.045961e-15
9647.552507 7.085631e-15
9649.291246 7.014967e-15
9651.029984 6.952382e-15
9652.768723 6.947881e-15
9654.507462 6.956716e-15
9656.246200 6.946572e-15
9657.984939 6.890151e-15
9659.723678 6.800626e-15
9661.462416 6.772243e-15
9663.201155 6.830650e-15
9664.939893 6.870589e-15
9666.678632 6.842599e-15
9668.417371 6.806410e-15
9670.156109 6.805903e-15
9671.894848 6.854659e-15
9673.633587 6.951794e-15
9675.372325 7.064206e-15
9677.111064 7.156439e-15
9678.849803 7.191206e-15
9680.588541 7.157332e-15
9682.327280 7.115798e-15
9684.066019 7.103091e-15
9685.804757 7.064163e-15
9687.543496 6.970806e-15
9689.282235 6.886580e-15
9691.020973 6.858730e-15
9692.759712 6.881576e-15
9694.498451 6.931100e-15
9696.237189 6.918808e-15
9697.975928 6.791867e-15
9699.714667 6.660498e-15
9701.453405 6.619054e-15
9703.192144 6.626921e-15
9704.930883 6.639115e-15
9706.669621 6.650915e-15
9708.408360 6.658477e-15
9710.147099 6.669834e-15
9711.885837 6.689100e-15
9713.624576 6.668433e-15
9715.363315 6.571411e-15
9717.102053 6.458067e-15
9718.840792 6.392324e-15
9720.579530 6.392951e-15
9722.318269 6.459381e-15
9724.057008 6.470369e-15
9725.795746 6.312252e-15
9727.534485 6.140738e-15
9729.273224 6.137466e-15
9731.011962 6.232722e-15
9732.750701 6.310677e-15
9734.489440 6.330872e-15
9736.228178 6.273133e-15
9737.966917 6.181522e-15
9739.705656 6.118514e-15
9741.444394 6.098859e-15
9743.183133 6.121439e-15
9744.921872 6.172750e-15
9746.660610 6.232286e-15
9748.399349 6.288821e-15
9750.138088 6.334944e-15
9751.876826 6.365802e-15
9753.615565 6.380430e-15
9755.354304 6.376972e-15
9757.093042 6.353717e-15
9758.831781 6.337553e-15
9760.570520 6.365558e-15
9762.309258 6.421161e-15
9764.047997 6.463957e-15
9765.786736 6.491807e-15
9767.525474 6.520862e-15
9769.264213 6.551096e-15
9771.002952 6.573093e-15
9772.741690 6.607201e-15
9774.480429 6.691331e-15
9776.219167 6.783738e-15
9777.957906 6.793905e-15
9779.696645 6.739192e-15
9781.435383 6.708690e-15
9783.174122 6.695798e-15
9784.912861 6.629697e-15
9786.651599 6.527750e-15
9788.390338 6.465856e-15
9790.129077 6.467346e-15
9791.867815 6.518856e-15
9793.606554 6.577249e-15
9795.345293 6.572918e-15
9797.084031 6.489020e-15
9798.822770 6.356920e-15
9800.561509 6.225273e-15
9802.300247 6.161762e-15
9804.038986 6.177469e-15
9805.777725 6.219747e-15
9807.516463 6.259562e-15
9809.255202 6.293786e-15
9810.993941 6.325554e-15
9812.732679 6.371160e-15
9814.471418 6.427979e-15
9816.210157 6.468854e-15
9817.948895 6.473321e-15
9819.687634 6.423503e-15
9821.426373 6.340020e-15
9823.165111 6.311182e-15
9824.903850 6.347544e-15
9826.642588 6.322249e-15
9828.381327 6.201273e-15
9830.120066 6.113576e-15
9831.858804 6.132405e-15
9833.597543 6.236120e-15
9835.336282 6.377804e-15
9837.075020 6.449193e-15
9838.813759 6.408807e-15
9840.552498 6.376337e-15
9842.291236 6.422571e-15
9844.029975 6.486051e-15
9845.768714 6.529579e-15
9847.507452 6.581833e-15
9849.246191 6.658901e-15
9850.984930 6.749195e-15
9852.723668 6.838980e-15
9854.462407 6.906394e-15
9856.201146 6.939930e-15
9857.939884 6.962258e-15
9859.678623 6.993853e-15
9861.417362 7.033379e-15
9863.156100 7.080592e-15
9864.894839 7.157015e-15
9866.633578 7.265127e-15
9868.372316 7.325084e-15
9870.111055 7.277363e-15
9871.849794 7.172324e-15
9873.588532 7.069441e-15
9875.327271 7.011864e-15
9877.066010 7.027071e-15
9878.804748 7.068447e-15
9880.543487 7.085033e-15
9882.282225 7.076713e-15
9884.020964 7.051525e-15
9885.759703 7.026970e-15
9887.498441 7.019939e-15
9889.237180 7.012082e-15
9890.975919 6.982337e-15
9892.714657 6.952709e-15
9894.453396 6.947494e-15
9896.192135 6.924526e-15
9897.930873 6.838803e-15
9899.669612 6.743170e-15
9901.408351 6.704658e-15
9903.147089 6.715468e-15
9904.885828 6.748533e-15
9906.624567 6.782161e-15
9908.363305 6.796039e-15
9910.102044 6.778884e-15
9911.840783 6.725589e-15
9913.579521 6.670833e-15
9915.318260 6.657275e-15
9917.056999 6.669190e-15
9918.795737 6.675359e-15
9920.534476 6.615487e-15
9922.273215 6.419373e-15
9924.011953 6.218770e-15
9925.750692 6.222352e-15
9927.489431 6.321661e-15
9929.228169 6.279310e-15
9930.966908 6.132164e-15
9932.705647 6.034092e-15
9934.444385 6.043767e-15
9936.183124 6.178197e-15
9937.921862 6.383841e-15
9939.660601 6.564095e-15
9941.399340 6.686752e-15
9943.138078 6.756951e-15
9944.876817 6.810001e-15
9946.615556 6.905853e-15
9948.354294 7.027782e-15
9950.093033 7.106005e-15
9951.831772 7.141297e-15
9953.570510 7.181323e-15
9955.309249 7.249348e-15
9957.047988 7.354817e-15
9958.786726 7.474010e-15
9960.525465 7.551178e-15
9962.264204 7.587392e-15
9964.002942 7.637003e-15
9965.741681 7.703517e-15
9967.480420 7.742760e-15
9969.219158 7.747284e-15
9970.957897 7.746753e-15
9972.696636 7.748680e-15
9974.435374 7.731144e-15
9976.174113 7.718633e-15
9977.912852 7.798531e-15
9979.651590 7.943424e-15
9981.390329 7.975931e-15
9983.129068 7.849998e-15
9984.867806 7.696611e-15
9986.606545 7.595151e-15
9988.345284 7.557817e-15
9990.084022 7.563438e-15
9991.822761 7.525309e-15
9993.561499 7.413718e-15
9995.300238 7.298752e-15
9997.038977 7.237333e-15
9998.777715 7.272768e-15
