4203.147110 9.290208e-15
4206.752088 1.318132e-14
4210.357066 1.120298e-14
4213.962044 7.415986e-15
4217.567021 5.223402e-15
4221.171999 6.668466e-15
4224.776977 4.184974e-15
4228.381955 2.289292e-15
4231.986933 5.979086e-16
4235.591911 9.826193e-16
4239.196889 4.921113e-15
4242.801867 8.173701e-15
4246.406845 1.113706e-14
4250.011823 1.072727e-14
4253.616801 1.011510e-14
4257.221779 9.231923e-15
4260.826757 7.313172e-15
4264.431735 5.493835e-15
4268.036713 4.893773e-15
4271.641691 6.317596e-15
4275.246669 8.024262e-15
4278.851647 9.905201e-15
4282.456625 9.290299e-15
4286.061603 5.301928e-15
4289.666581 3.983697e-15
4293.271558 6.493182e-15
4296.876536 8.394679e-15
4300.481514 6.593080e-15
4304.086492 6.340663e-15
4307.691470 7.500540e-15
4311.296448 6.098199e-15
4314.901426 1.935773e-15
4318.506404 8.633066e-16
4325.716360 1.852100e-16
4329.321338 1.458044e-15
4332.926316 2.201818e-15
4336.531294 3.328358e-15
4340.136272 5.018493e-15
4343.741250 5.807650e-15
4347.346228 5.874713e-15
4350.951206 4.170086e-15
4354.556184 5.787212e-15
4358.161162 6.403333e-15
4361.766140 7.624106e-15
4365.371118 4.995871e-15
4368.976096 3.132157e-15
4372.581073 3.613043e-15
4376.186051 6.927104e-15
4379.791029 9.770539e-15
4383.396007 8.617909e-15
4387.000985 6.411544e-15
4390.605963 2.854549e-15
4394.210941 3.288895e-15
4397.815919 4.601353e-15
4401.420897 6.312963e-15
4405.025875 7.151915e-15
4408.630853 4.019048e-15
4412.235831 3.539020e-15
4415.840809 1.734450e-15
4419.445787 1.882978e-15
4423.050765 2.478444e-15
4426.655743 1.817798e-15
4430.260721 1.126568e-15
4433.865699 1.459313e-15
4437.470677 2.880696e-15
4441.075655 6.499368e-15
4444.680633 7.463127e-15
4448.285610 8.308732e-15
4451.890588 5.210357e-15
4455.495566 3.352292e-15
4459.100544 3.525430e-15
4462.705522 3.832795e-15
4466.310500 4.346128e-15
4469.915478 2.964859e-15
4473.520456 4.782659e-15
4477.125434 5.283643e-15
4480.730412 8.173398e-15
4484.335390 9.359690e-15
4487.940368 8.263263e-15
4491.545346 7.605419e-15
4495.150324 9.264247e-15
4498.755302 1.322642e-14
4502.360280 1.385188e-14
4505.965258 1.050590e-14
4509.570236 8.600463e-15
4513.175214 8.559643e-15
4516.780192 1.082835e-14
4520.385170 1.241104e-14
4523.990147 1.235461e-14
4527.595125 8.311952e-15
4531.200103 6.313731e-15
4534.805081 8.741236e-15
4538.410059 1.108138e-14
4542.015037 1.209050e-14
4545.620015 1.087188e-14
4549.224993 1.331591e-14
4552.829971 1.268642e-14
4556.434949 1.090538e-14
4560.039927 1.159674e-14
4563.644905 1.284673e-14
4567.249883 1.597087e-14
4570.854861 1.541830e-14
4574.459839 1.372251e-14
4578.064817 1.253270e-14
4581.669795 9.471203e-15
4585.274773 1.011582e-14
4588.879751 1.086153e-14
4592.484729 1.524480e-14
4596.089707 1.722435e-14
4599.694684 1.616693e-14
4603.299662 1.385836e-14
4606.904640 1.148369e-14
4610.509618 1.099713e-14
4614.114596 9.519824e-15
4617.719574 8.703924e-15
4621.324552 1.007176e-14
4624.929530 1.155936e-14
4628.534508 1.451329e-14
4632.139486 1.357900e-14
4635.744464 1.241314e-14
4639.349442 9.989334e-15
4642.954420 1.030628e-14
4646.559398 1.162066e-14
4650.164376 1.312056e-14
4653.769354 1.351271e-14
4657.374332 1.483770e-14
4660.979310 1.446335e-14
4664.584288 1.377812e-14
4668.189266 1.284832e-14
4671.794244 1.364733e-14
4675.399221 1.334471e-14
4679.004199 8.518382e-15
4682.609177 6.328404e-15
4686.214155 4.271072e-15
4689.819133 8.837460e-15
4693.424111 1.156983e-14
4697.029089 1.316926e-14
4700.634067 1.065307e-14
4704.239045 8.729719e-15
4707.844023 8.381146e-15
4711.449001 1.134653e-14
4715.053979 1.226485e-14
4718.658957 1.321592e-14
4722.263935 1.223685e-14
4725.868913 1.190303e-14
4729.473891 1.088095e-14
4733.078869 1.002941e-14
4736.683847 1.001922e-14
4740.288825 1.117735e-14
4743.893803 1.163442e-14
4747.498781 1.184445e-14
4751.103759 1.037424e-14
4754.708736 9.838804e-15
4758.313714 9.681670e-15
4761.918692 1.091646e-14
4765.523670 1.164925e-14
4769.128648 1.169573e-14
4772.733626 1.136278e-14
4776.338604 1.121097e-14
4779.943582 1.020450e-14
4783.548560 8.332824e-15
4787.153538 7.832742e-15
4790.758516 9.235062e-15
4794.363494 1.167824e-14
4797.968472 1.265831e-14
4801.573450 1.172727e-14
4805.178428 1.145303e-14
4808.783406 1.180034e-14
4812.388384 1.267876e-14
4815.993362 1.231673e-14
4819.598340 1.107727e-14
4823.203318 1.001773e-14
4826.808296 9.972884e-15
4830.413273 1.103446e-14
4834.018251 1.260147e-14
4837.623229 1.183865e-14
4841.228207 1.072802e-14
4844.833185 1.052031e-14
4848.438163 1.142521e-14
4852.043141 1.301397e-14
4855.648119 1.244416e-14
4859.253097 1.166124e-14
4862.858075 1.003524e-14
4866.463053 9.832997e-15
4870.068031 1.014724e-14
4873.673009 1.005371e-14
4877.277987 9.973883e-15
4880.882965 1.095450e-14
4884.487943 1.169288e-14
4888.092921 1.129370e-14
4891.697899 1.051581e-14
4895.302877 1.010220e-14
4898.907855 9.944747e-15
4902.512833 9.751316e-15
4906.117810 9.510990e-15
4909.722788 1.047754e-14
4913.327766 1.209476e-14
4916.932744 1.349029e-14
4920.537722 1.319214e-14
4924.142700 1.261633e-14
4927.747678 1.204452e-14
4931.352656 1.210964e-14
4934.957634 1.166740e-14
4938.562612 1.010371e-14
4942.167590 9.906342e-15
4945.772568 9.678614e-15
4949.377546 9.792677e-15
4952.982524 8.508483e-15
4956.587502 6.375897e-15
4960.192480 6.471559e-15
4963.797458 7.864492e-15
4967.402436 9.796363e-15
4971.007414 1.045482e-14
4974.612392 1.028525e-14
4978.217370 9.224834e-15
4981.822347 8.870381e-15
4985.427325 9.952573e-15
4989.032303 1.191682e-14
4992.637281 1.244339e-14
4996.242259 1.133762e-14
4999.847237 1.099343e-14
5003.452215 1.167065e-14
5007.057193 1.150709e-14
5010.662171 1.113825e-14
5014.267149 1.064097e-14
5017.872127 1.154781e-14
5021.477105 1.120305e-14
5025.082083 1.085068e-14
5028.687061 1.011259e-14
5032.292039 1.049555e-14
5035.897017 1.166717e-14
5039.501995 1.183102e-14
5043.106973 1.102864e-14
5046.711951 9.712090e-15
5050.316929 1.032945e-14
5053.921907 1.129159e-14
5057.526884 1.199124e-14
5061.131862 1.087135e-14
5064.736840 1.042793e-14
5068.341818 8.936901e-15
5071.946796 8.875645e-15
5075.551774 8.834437e-15
5079.156752 1.016834e-14
5082.761730 1.113152e-14
5086.366708 1.091396e-14
5089.971686 1.126115e-14
5093.576664 1.101495e-14
5097.181642 1.171591e-14
5100.786620 1.147213e-14
5104.391598 1.108139e-14
5107.996576 1.127764e-14
5111.601554 1.207730e-14
5115.206532 1.245033e-14
5118.811510 1.170917e-14
5122.416488 1.017148e-14
5126.021466 9.239920e-15
5129.626444 8.850725e-15
5133.231422 9.598761e-15
5136.836399 1.127819e-14
5140.441377 1.264001e-14
5144.046355 1.234475e-14
5147.651333 1.031380e-14
5151.256311 1.053423e-14
5154.861289 1.035527e-14
5158.466267 1.114054e-14
5162.071245 1.081017e-14
5165.676223 1.128179e-14
5169.281201 1.183395e-14
5172.886179 1.178439e-14
5176.491157 1.296807e-14
5180.096135 1.326348e-14
5183.701113 1.325714e-14
5187.306091 1.243741e-14
5190.911069 1.285254e-14
5194.516047 1.312309e-14
5198.121025 1.318061e-14
5201.726003 1.264662e-14
5205.330981 1.283850e-14
5208.935959 1.273510e-14
5212.540936 1.324516e-14
5216.145914 1.378065e-14
5219.750892 1.431311e-14
5223.355870 1.444579e-14
5226.960848 1.377467e-14
5230.565826 1.373759e-14
5234.170804 1.370175e-14
5237.775782 1.394324e-14
5241.380760 1.342172e-14
5244.985738 1.281205e-14
5248.590716 1.283641e-14
5252.195694 1.387384e-14
5255.800672 1.489476e-14
5259.405650 1.484008e-14
5263.010628 1.480710e-14
5266.615606 1.533778e-14
5270.220584 1.503030e-14
5273.825562 1.493626e-14
5277.430540 1.486187e-14
5281.035518 1.517802e-14
5284.640496 1.517415e-14
5288.245473 1.499206e-14
5291.850451 1.476622e-14
5295.455429 1.414925e-14
5299.060407 1.452066e-14
5302.665385 1.547603e-14
5306.270363 1.679467e-14
5309.875341 1.845822e-14
5313.480319 1.876750e-14
5317.085297 1.841038e-14
5320.690275 1.700547e-14
5324.295253 1.663749e-14
5327.900231 1.646776e-14
5331.505209 1.613105e-14
5335.110187 1.613494e-14
5338.715165 1.674954e-14
5342.320143 1.683023e-14
5345.925121 1.701336e-14
5349.530099 1.678308e-14
5353.135077 1.711689e-14
5356.740055 1.740681e-14
5360.345033 1.763434e-14
5363.950010 1.699837e-14
5367.554988 1.723517e-14
5371.159966 1.778643e-14
5374.764944 1.882875e-14
5378.369922 1.865286e-14
5381.974900 1.791255e-14
5385.579878 1.755311e-14
5389.184856 1.777700e-14
5392.789834 1.803061e-14
5396.394812 1.784091e-14
5399.999790 1.786304e-14
5403.604768 1.810287e-14
5407.209746 1.832363e-14
5410.814724 1.736289e-14
5414.419702 1.659928e-14
5418.024680 1.601964e-14
5421.629658 1.623335e-14
5425.234636 1.660855e-14
5428.839614 1.686465e-14
5432.444592 1.693007e-14
5436.049570 1.644926e-14
5439.654547 1.655163e-14
5443.259525 1.770707e-14
5446.864503 1.889918e-14
5450.469481 1.931971e-14
5454.074459 1.889439e-14
5457.679437 1.765878e-14
5461.284415 1.796887e-14
5464.889393 1.832415e-14
5468.494371 1.961121e-14
5472.099349 1.880265e-14
5475.704327 1.806827e-14
5479.309305 1.814041e-14
5482.914283 1.922554e-14
5486.519261 1.865650e-14
5490.124239 1.791850e-14
5493.729217 1.762485e-14
5497.334195 1.915873e-14
5500.939173 1.914600e-14
5504.544151 1.861169e-14
5508.149129 1.770940e-14
5511.754107 1.811370e-14
5515.359085 1.837767e-14
5518.964062 1.766383e-14
5522.569040 1.636161e-14
5526.174018 1.599506e-14
5529.778996 1.698680e-14
5533.383974 1.774769e-14
5536.988952 1.802148e-14
5540.593930 1.818335e-14
5544.198908 1.822465e-14
5547.803886 1.819734e-14
5551.408864 1.721694e-14
5555.013842 1.677562e-14
5558.618820 1.565658e-14
5562.223798 1.606987e-14
5565.828776 1.685010e-14
5569.433754 1.681428e-14
5573.038732 1.692962e-14
5576.643710 1.700766e-14
5580.248688 1.762251e-14
5583.853666 1.714584e-14
5587.458644 1.741151e-14
5591.063622 1.726634e-14
5594.668599 1.690250e-14
5598.273577 1.603572e-14
5601.878555 1.664936e-14
5605.483533 1.698803e-14
5609.088511 1.704062e-14
5612.693489 1.672520e-14
5616.298467 1.671163e-14
5619.903445 1.651364e-14
5623.508423 1.599067e-14
5627.113401 1.578083e-14
5630.718379 1.582002e-14
5634.323357 1.617252e-14
5637.928335 1.623346e-14
5641.533313 1.593323e-14
5645.138291 1.630057e-14
5648.743269 1.693619e-14
5652.348247 1.643917e-14
5655.953225 1.605378e-14
5659.558203 1.510726e-14
5663.163181 1.507726e-14
5666.768159 1.467165e-14
5670.373136 1.450563e-14
5673.978114 1.377154e-14
5677.583092 1.220119e-14
5681.188070 1.194928e-14
5684.793048 1.247782e-14
5688.398026 1.382144e-14
5692.003004 1.338249e-14
5695.607982 1.249831e-14
5699.212960 1.204566e-14
5702.817938 1.229516e-14
5706.422916 1.324980e-14
5710.027894 1.383782e-14
5713.632872 1.402012e-14
5717.237850 1.366141e-14
5720.842828 1.304360e-14
5724.447806 1.291854e-14
5728.052784 1.300666e-14
5731.657762 1.237075e-14
5735.262740 1.241268e-14
5738.867718 1.303812e-14
5742.472696 1.415863e-14
5746.077673 1.511323e-14
5749.682651 1.526376e-14
5753.287629 1.415524e-14
5756.892607 1.241816e-14
5760.497585 1.150932e-14
5764.102563 1.150746e-14
5767.707541 1.248149e-14
5771.312519 1.371833e-14
5774.917497 1.407042e-14
5778.522475 1.405459e-14
5782.127453 1.394750e-14
5785.732431 1.516764e-14
5789.337409 1.573634e-14
5792.942387 1.559133e-14
5796.547365 1.536510e-14
5800.152343 1.575280e-14
5803.757321 1.590199e-14
5807.362299 1.564698e-14
5810.967277 1.595966e-14
5814.572255 1.680347e-14
5818.177233 1.588009e-14
5821.782210 1.438566e-14
5825.387188 1.436802e-14
5828.992166 1.629465e-14
5832.597144 1.723605e-14
5836.202122 1.709890e-14
5839.807100 1.738361e-14
5843.412078 1.743089e-14
5847.017056 1.679338e-14
5850.622034 1.620310e-14
5854.227012 1.638181e-14
5857.831990 1.664914e-14
5861.436968 1.699476e-14
5865.041946 1.744203e-14
5868.646924 1.707323e-14
5872.251902 1.635853e-14
5875.856880 1.591539e-14
5879.461858 1.550557e-14
5883.066836 1.467892e-14
5886.671814 1.403403e-14
5890.276792 1.414829e-14
5893.881770 1.413286e-14
5897.486748 1.401921e-14
5901.091725 1.453851e-14
5904.696703 1.550228e-14
5908.301681 1.426500e-14
5911.906659 1.359125e-14
5915.511637 1.311317e-14
5919.116615 1.511052e-14
5922.721593 1.465079e-14
5926.326571 1.604370e-14
5929.931549 1.650351e-14
5933.536527 1.922557e-14
5937.141505 2.006492e-14
5944.351461 1.952756e-14
5947.956439 1.714334e-14
5951.561417 1.575708e-14
5955.166395 1.560019e-14
5958.771373 1.577140e-14
5962.376351 1.490691e-14
5965.981329 1.430590e-14
5969.586307 1.431620e-14
5973.191285 1.473635e-14
5976.796262 1.501739e-14
5980.401240 1.498041e-14
5984.006218 1.576553e-14
5987.611196 1.632416e-14
5991.216174 1.701337e-14
5994.821152 1.625481e-14
5998.426130 1.566225e-14
6002.031108 1.533156e-14
6005.636086 1.577011e-14
6009.241064 1.460291e-14
6012.846042 1.394833e-14
6016.451020 1.446650e-14
6020.055998 1.622558e-14
6023.660976 1.648515e-14
6027.265954 1.544839e-14
6030.870932 1.565325e-14
6034.475910 1.622619e-14
6038.080888 1.679669e-14
6041.685866 1.685061e-14
6045.290844 1.725941e-14
6048.895822 1.776042e-14
6052.500799 1.713623e-14
6056.105777 1.619220e-14
6059.710755 1.484732e-14
6063.315733 1.366518e-14
6066.920711 1.385750e-14
6070.525689 1.388591e-14
6074.130667 1.372650e-14
6077.735645 1.466350e-14
6081.340623 1.505173e-14
6084.945601 1.545428e-14
6088.550579 1.525204e-14
6092.155557 1.639491e-14
6095.760535 1.685197e-14
6099.365513 1.603245e-14
6102.970491 1.557048e-14
6106.575469 1.612164e-14
6110.180447 1.659177e-14
6113.785425 1.643829e-14
6117.390403 1.616672e-14
6120.995381 1.607548e-14
6124.600359 1.650820e-14
6128.205336 1.595544e-14
6131.810314 1.606839e-14
6135.415292 1.504641e-14
6139.020270 1.618468e-14
6142.625248 1.605157e-14
6146.230226 1.590143e-14
6149.835204 1.539493e-14
6153.440182 1.492306e-14
6157.045160 1.561976e-14
6160.650138 1.529898e-14
6164.255116 1.609277e-14
6167.860094 1.656803e-14
6171.465072 1.669157e-14
6175.070050 1.641524e-14
6178.675028 1.646934e-14
6182.280006 1.705180e-14
6185.884984 1.785118e-14
6189.489962 1.727122e-14
6193.094940 1.646334e-14
6196.699918 1.678594e-14
6200.304896 1.780685e-14
6203.909873 1.802269e-14
6207.514851 1.703124e-14
6211.119829 1.618633e-14
6214.724807 1.643231e-14
6218.329785 1.587588e-14
6221.934763 1.520990e-14
6225.539741 1.475160e-14
6229.144719 1.501433e-14
6232.749697 1.607938e-14
6236.354675 1.630738e-14
6239.959653 1.560192e-14
6243.564631 1.425939e-14
6247.169609 1.385336e-14
6250.774587 1.451218e-14
6254.379565 1.512787e-14
6257.984543 1.505829e-14
6261.589521 1.442458e-14
6265.194499 1.445105e-14
6268.799477 1.460396e-14
6272.404455 1.463202e-14
6276.009433 1.449573e-14
6279.614411 1.415250e-14
6283.219388 1.428131e-14
6286.824366 1.412574e-14
6290.429344 1.385385e-14
6294.034322 1.404551e-14
6297.639300 1.439734e-14
6301.244278 1.545586e-14
6304.849256 1.496145e-14
6308.454234 1.457689e-14
6312.059212 1.389278e-14
6315.664190 1.459033e-14
6319.269168 1.477739e-14
6322.874146 1.448553e-14
6326.479124 1.431067e-14
6330.084102 1.376093e-14
6333.689080 1.430249e-14
6337.294058 1.425519e-14
6340.899036 1.444520e-14
6344.504014 1.459113e-14
6348.108992 1.463365e-14
6351.713970 1.461874e-14
6355.318948 1.450861e-14
6358.923925 1.425276e-14
6362.528903 1.469817e-14
6366.133881 1.503265e-14
6369.738859 1.602739e-14
6373.343837 1.687603e-14
6376.948815 1.756948e-14
6380.553793 1.698360e-14
6384.158771 1.595900e-14
6387.763749 1.494958e-14
6391.368727 1.478861e-14
6394.973705 1.611666e-14
6398.578683 1.676768e-14
6402.183661 1.798782e-14
6405.788639 1.777236e-14
6409.393617 1.802406e-14
6412.998595 1.816525e-14
6416.603573 1.807987e-14
6420.208551 1.808813e-14
6423.813529 1.774202e-14
6427.418507 1.731916e-14
6431.023485 1.696459e-14
6434.628462 1.615123e-14
6438.233440 1.626039e-14
6441.838418 1.572109e-14
6445.443396 1.632853e-14
6449.048374 1.638707e-14
6452.653352 1.710044e-14
6456.258330 1.730559e-14
6459.863308 1.669196e-14
6463.468286 1.562281e-14
6467.073264 1.460791e-14
6470.678242 1.558405e-14
6474.283220 1.654986e-14
6477.888198 1.759418e-14
6481.493176 1.743747e-14
6485.098154 1.748790e-14
6488.703132 1.652223e-14
6492.308110 1.615968e-14
6495.913088 1.610474e-14
6499.518066 1.678303e-14
6503.123044 1.703832e-14
6506.728022 1.729359e-14
6510.332999 1.729150e-14
6513.937977 1.715964e-14
6517.542955 1.618636e-14
6521.147933 1.552757e-14
6524.752911 1.508478e-14
6528.357889 1.529838e-14
6531.962867 1.550815e-14
6535.567845 1.529989e-14
6539.172823 1.537980e-14
6542.777801 1.581121e-14
6546.382779 1.717860e-14
6549.987757 1.692055e-14
6553.592735 1.750765e-14
6557.197713 1.726902e-14
6560.802691 1.793156e-14
6564.407669 1.713198e-14
6568.012647 1.620708e-14
6571.617625 1.645955e-14
6575.222603 1.619725e-14
6578.827581 1.576922e-14
6582.432559 1.492567e-14
6586.037536 1.496542e-14
6589.642514 1.529910e-14
6593.247492 1.534731e-14
6596.852470 1.551880e-14
6600.457448 1.537437e-14
6604.062426 1.542530e-14
6607.667404 1.550988e-14
6611.272382 1.577407e-14
6614.877360 1.630403e-14
6618.482338 1.652622e-14
6622.087316 1.726877e-14
6625.692294 1.737548e-14
6629.297272 1.684083e-14
6632.902250 1.602327e-14
6636.507228 1.540349e-14
6640.112206 1.504181e-14
6643.717184 1.487892e-14
6647.322162 1.475521e-14
6650.927140 1.556461e-14
6654.532118 1.572648e-14
6658.137096 1.549759e-14
6661.742074 1.462365e-14
6665.347051 1.451229e-14
6668.952029 1.504833e-14
6672.557007 1.552477e-14
6676.161985 1.546891e-14
6679.766963 1.607572e-14
6683.371941 1.648984e-14
6686.976919 1.715689e-14
6690.581897 1.661575e-14
6694.186875 1.556436e-14
6697.791853 1.466494e-14
6701.396831 1.480248e-14
6705.001809 1.568739e-14
6708.606787 1.575911e-14
6712.211765 1.503136e-14
6715.816743 1.438969e-14
6719.421721 1.440531e-14
6723.026699 1.479267e-14
6726.631677 1.531312e-14
6730.236655 1.601089e-14
6733.841633 1.562669e-14
6737.446611 1.553905e-14
6741.051588 1.533311e-14
6744.656566 1.563360e-14
6748.261544 1.558487e-14
6751.866522 1.536142e-14
6755.471500 1.529073e-14
6759.076478 1.505967e-14
6762.681456 1.485051e-14
6766.286434 1.465773e-14
6769.891412 1.439643e-14
6773.496390 1.424130e-14
6777.101368 1.466674e-14
6780.706346 1.471610e-14
6784.311324 1.462313e-14
6787.916302 1.399348e-14
6791.521280 1.370163e-14
6795.126258 1.398415e-14
6798.731236 1.454186e-14
6802.336214 1.460296e-14
6805.941192 1.434369e-14
6809.546170 1.448904e-14
6813.151148 1.443754e-14
6816.756125 1.460341e-14
6820.361103 1.454348e-14
6823.966081 1.469104e-14
6827.571059 1.459981e-14
6831.176037 1.413672e-14
6834.781015 1.434061e-14
6838.385993 1.437579e-14
6841.990971 1.393801e-14
6845.595949 1.367540e-14
6849.200927 1.364945e-14
6852.805905 1.397099e-14
6856.410883 1.410340e-14
6860.015861 1.339499e-14
6863.620839 1.244731e-14
6867.225817 1.113861e-14
6870.830795 1.009231e-14
6874.435773 9.632846e-15
6878.040751 1.005243e-14
6881.645729 1.112370e-14
6885.250707 1.194373e-14
6888.855685 1.189037e-14
6892.460662 1.160679e-14
6896.065640 1.141920e-14
6899.670618 1.153746e-14
6903.275596 1.213838e-14
6906.880574 1.234663e-14
6910.485552 1.307987e-14
6914.090530 1.359890e-14
6917.695508 1.395370e-14
6921.300486 1.383207e-14
6924.905464 1.357008e-14
6928.510442 1.455587e-14
6932.115420 1.510603e-14
6935.720398 1.503614e-14
6939.325376 1.469630e-14
6942.930354 1.476260e-14
6946.535332 1.548120e-14
6950.140310 1.560140e-14
6953.745288 1.488139e-14
6957.350266 1.430986e-14
6960.955244 1.473029e-14
6964.560222 1.540373e-14
6968.165199 1.526790e-14
6971.770177 1.415083e-14
6975.375155 1.390271e-14
6978.980133 1.440816e-14
6982.585111 1.493089e-14
6986.190089 1.515987e-14
6989.795067 1.513789e-14
6993.400045 1.468858e-14
6997.005023 1.474947e-14
7000.610001 1.483874e-14
7004.214979 1.476789e-14
7007.819957 1.426115e-14
7011.424935 1.403978e-14
7015.029913 1.429802e-14
7018.634891 1.434196e-14
7022.239869 1.428382e-14
7025.844847 1.417476e-14
7029.449825 1.403011e-14
7033.054803 1.377230e-14
7036.659781 1.401347e-14
7040.264759 1.465482e-14
7043.869737 1.519438e-14
7047.474714 1.475517e-14
7051.079692 1.384730e-14
7054.684670 1.360278e-14
7058.289648 1.376162e-14
7061.894626 1.432741e-14
7065.499604 1.437326e-14
7069.104582 1.407237e-14
7072.709560 1.353099e-14
7076.314538 1.400642e-14
7079.919516 1.457730e-14
7083.524494 1.431182e-14
7087.129472 1.388691e-14
7090.734450 1.378552e-14
7094.339428 1.450809e-14
7097.944406 1.452606e-14
7101.549384 1.420020e-14
7105.154362 1.390806e-14
7108.759340 1.455026e-14
7112.364318 1.558047e-14
7115.969296 1.640116e-14
7119.574274 1.571143e-14
7123.179251 1.483600e-14
7126.784229 1.488839e-14
7130.389207 1.480072e-14
7133.994185 1.506477e-14
7137.599163 1.444934e-14
7141.204141 1.493709e-14
7144.809119 1.540238e-14
7148.414097 1.559599e-14
7152.019075 1.607589e-14
7155.624053 1.547370e-14
7159.229031 1.607871e-14
7162.834009 1.519539e-14
7166.438987 1.507526e-14
7170.043965 1.389325e-14
7173.648943 1.312686e-14
7177.253921 1.300775e-14
7180.858899 1.342807e-14
7184.463877 1.408100e-14
7188.068855 1.360023e-14
7191.673833 1.309537e-14
7195.278811 1.185233e-14
7198.883788 1.160258e-14
7202.488766 1.194740e-14
7206.093744 1.303443e-14
7209.698722 1.430719e-14
7213.303700 1.478222e-14
7216.908678 1.545530e-14
7220.513656 1.561596e-14
7224.118634 1.522385e-14
7227.723612 1.418879e-14
7231.328590 1.335878e-14
7234.933568 1.260314e-14
7238.538546 1.257669e-14
7242.143524 1.273470e-14
7245.748502 1.354397e-14
7249.353480 1.360115e-14
7252.958458 1.380137e-14
7256.563436 1.403644e-14
7260.168414 1.492431e-14
7263.773392 1.453859e-14
7267.378370 1.344460e-14
7270.983348 1.260839e-14
7274.588325 1.254350e-14
7278.193303 1.367035e-14
7281.798281 1.481844e-14
7285.403259 1.502862e-14
7289.008237 1.425505e-14
7292.613215 1.344858e-14
7296.218193 1.421196e-14
7299.823171 1.457951e-14
7303.428149 1.484264e-14
7307.033127 1.410866e-14
7310.638105 1.404538e-14
7314.243083 1.405477e-14
7317.848061 1.440690e-14
7321.453039 1.484330e-14
7325.058017 1.416270e-14
7328.662995 1.386796e-14
7332.267973 1.359006e-14
7335.872951 1.347582e-14
7339.477929 1.278294e-14
7343.082907 1.294122e-14
7346.687885 1.346618e-14
7350.292862 1.461478e-14
7353.897840 1.503032e-14
7357.502818 1.459189e-14
7361.107796 1.381239e-14
7364.712774 1.279136e-14
7368.317752 1.313227e-14
7371.922730 1.331040e-14
7375.527708 1.340734e-14
7379.132686 1.374278e-14
7382.737664 1.445796e-14
7386.342642 1.470179e-14
7389.947620 1.445978e-14
7393.552598 1.392764e-14
7397.157576 1.342218e-14
7400.762554 1.265649e-14
7404.367532 1.215293e-14
7407.972510 1.128428e-14
7411.577488 1.021866e-14
7415.182466 9.799257e-15
7418.787444 1.043263e-14
7422.392422 1.067484e-14
7425.997400 9.606145e-15
7429.602377 8.864410e-15
7433.207355 9.018011e-15
7436.812333 1.023812e-14
7440.417311 1.099692e-14
7444.022289 1.128470e-14
7447.627267 1.125894e-14
7451.232245 1.078314e-14
7454.837223 1.039492e-14
7458.442201 9.813401e-15
7462.047179 1.017346e-14
7465.652157 1.019666e-14
7469.257135 1.016316e-14
7472.862113 1.040637e-14
7476.467091 1.088387e-14
7480.072069 1.115584e-14
7483.677047 9.685586e-15
7487.282025 8.111808e-15
7490.887003 7.942412e-15
7494.491981 8.783433e-15
7498.096959 9.919166e-15
