3502.000000 3.134950e-15
3504.000000 7.359770e-15
3506.000000 3.521650e-15
3508.000000 3.066750e-16
3514.000000 1.376620e-15
3516.000000 3.317410e-15
3518.000000 1.125920e-15
3524.000000 3.972730e-15
3526.000000 2.300450e-15
3530.000000 1.090540e-16
3532.000000 3.583890e-15
3534.000000 5.661910e-16
3538.000000 3.029140e-15
3540.000000 7.896920e-15
3542.000000 7.607000e-15
3544.000000 2.712450e-15
3546.000000 2.790630e-15
3548.000000 3.515020e-15
3550.000000 4.239410e-15
3552.000000 4.963800e-15
3554.000000 5.688190e-15
3556.000000 6.412580e-15
3558.000000 7.136970e-15
3560.000000 7.861360e-15
3562.000000 7.861360e-15
3564.000000 4.976430e-15
3566.000000 8.203710e-15
3568.000000 1.437110e-15
3572.000000 4.098870e-16
3574.000000 1.325180e-15
3584.000000 5.770840e-15
3586.000000 8.392650e-15
3588.000000 3.987170e-15
3590.000000 1.181280e-15
3592.000000 2.164870e-15
3594.000000 3.545030e-15
3596.000000 6.548540e-16
3608.000000 1.788050e-15
3610.000000 5.388630e-15
3612.000000 2.441620e-15
3622.000000 9.388460e-17
3624.000000 2.983580e-15
3626.000000 2.768940e-15
3632.000000 2.699060e-15
3634.000000 4.455090e-15
3642.000000 3.992580e-15
3644.000000 4.467230e-15
3646.000000 4.030120e-16
3648.000000 3.540890e-15
3650.000000 3.811490e-15
3652.000000 4.216900e-15
3654.000000 3.890690e-15
3656.000000 2.028840e-15
3664.000000 9.796210e-16
3666.000000 7.343380e-16
3668.000000 1.431370e-15
3670.000000 4.710560e-17
3672.000000 7.832160e-17
3674.000000 3.674620e-16
3676.000000 1.026350e-15
3678.000000 3.373290e-15
3680.000000 3.137030e-15
3682.000000 2.700770e-15
3684.000000 1.007070e-15
3688.000000 2.353220e-15
3690.000000 2.094940e-15
3692.000000 1.712550e-15
3694.000000 8.613200e-16
3696.000000 5.257490e-17
3698.000000 9.580210e-17
3700.000000 8.069370e-17
3706.000000 1.688780e-15
3708.000000 4.910140e-15
3710.000000 2.356800e-15
3712.000000 1.964000e-15
3714.000000 2.838160e-15
3716.000000 2.824250e-15
3718.000000 8.386190e-16
3722.000000 4.064620e-15
3724.000000 3.224180e-15
3728.000000 1.443380e-16
3730.000000 2.553410e-15
3732.000000 3.780130e-15
3734.000000 4.094880e-15
3736.000000 2.039040e-15
3742.000000 1.004730e-15
3744.000000 1.244960e-15
3750.000000 1.346750e-15
3752.000000 1.755250e-15
3760.000000 5.753590e-16
3762.000000 1.192160e-15
3764.000000 2.000490e-15
3766.000000 2.402410e-15
3768.000000 2.148950e-15
3770.000000 1.702540e-15
3772.000000 1.461420e-15
3774.000000 1.856920e-15
3776.000000 3.990630e-16
3780.000000 1.075920e-15
3782.000000 2.242590e-15
3784.000000 4.235130e-16
3788.000000 1.021700e-15
3790.000000 1.780290e-15
3792.000000 2.538890e-15
3794.000000 3.297480e-15
3796.000000 4.056080e-15
3798.000000 4.056080e-15
3800.000000 2.177160e-15
3802.000000 8.294840e-16
3812.000000 2.671280e-15
3814.000000 2.679270e-15
3816.000000 2.983260e-15
3818.000000 3.115930e-15
3820.000000 1.409980e-15
3822.000000 5.433710e-16
3824.000000 2.081700e-17
3832.000000 8.572010e-16
3834.000000 3.634310e-15
3836.000000 1.512480e-15
3838.000000 1.470090e-16
3840.000000 2.627720e-15
3842.000000 1.274660e-16
3844.000000 1.452200e-15
3846.000000 2.200010e-15
3848.000000 2.235280e-15
3850.000000 2.031560e-15
3852.000000 1.102580e-15
3854.000000 2.236300e-15
3856.000000 1.657870e-15
3858.000000 2.575510e-16
3862.000000 1.305100e-15
3864.000000 4.698710e-15
3866.000000 4.727140e-15
3868.000000 3.335670e-15
3870.000000 1.685720e-15
3878.000000 1.283890e-15
3880.000000 4.663900e-15
3882.000000 3.611300e-15
3884.000000 1.298140e-15
3886.000000 5.956910e-16
3888.000000 2.602130e-15
3890.000000 4.083110e-15
3892.000000 7.683090e-16
3896.000000 1.415210e-15
3898.000000 2.904580e-15
3900.000000 3.398050e-15
3902.000000 5.439270e-15
3904.000000 6.025310e-15
3906.000000 4.550870e-15
3908.000000 3.671560e-15
3910.000000 3.859270e-15
3912.000000 3.910970e-15
3914.000000 2.282990e-15
3916.000000 3.491760e-15
3918.000000 3.361670e-15
3920.000000 2.648520e-15
3922.000000 3.176760e-15
3924.000000 1.951520e-15
3926.000000 1.903230e-15
3928.000000 4.098940e-15
3930.000000 5.541660e-15
3932.000000 4.166140e-15
3934.000000 4.037400e-15
3936.000000 3.108320e-15
3938.000000 2.777660e-15
3940.000000 2.752450e-15
3942.000000 2.595290e-15
3944.000000 2.785520e-15
3946.000000 3.058540e-15
3948.000000 3.178340e-15
3950.000000 3.002040e-15
3952.000000 2.935870e-15
3954.000000 4.042190e-15
3956.000000 7.503880e-15
3958.000000 7.434760e-15
3960.000000 5.153910e-15
3962.000000 3.254160e-15
3964.000000 2.951190e-15
3966.000000 3.096050e-15
3968.000000 3.832570e-15
3970.000000 4.231140e-15
3972.000000 4.110540e-15
3974.000000 4.382340e-15
3976.000000 6.184330e-15
3978.000000 6.450850e-15
3980.000000 5.754670e-15
3982.000000 4.863520e-15
3984.000000 4.219390e-15
3986.000000 5.474220e-15
3988.000000 5.572200e-15
3990.000000 4.947800e-15
3992.000000 4.617730e-15
3994.000000 5.324320e-15
3996.000000 6.385470e-15
3998.000000 4.990030e-15
4000.000000 4.386630e-15
4002.000000 4.896330e-15
4004.000000 4.676270e-15
4006.000000 3.683800e-15
4008.000000 3.543510e-15
4010.000000 4.298240e-15
4012.000000 4.985980e-15
4014.000000 4.687100e-15
4016.000000 4.325810e-15
4018.000000 4.460590e-15
4020.000000 3.660670e-15
4022.000000 3.409340e-15
4024.000000 5.097100e-15
4026.000000 5.862150e-15
4028.000000 5.614450e-15
4030.000000 6.016390e-15
4032.000000 6.582180e-15
4034.000000 5.963740e-15
4036.000000 3.050670e-15
4038.000000 3.204720e-15
4040.000000 4.788370e-15
4042.000000 6.248180e-15
4044.000000 6.959580e-15
4046.000000 8.104260e-15
4048.000000 7.104060e-15
4050.000000 6.130080e-15
4052.000000 5.673970e-15
4054.000000 5.495820e-15
4056.000000 5.072150e-15
4058.000000 2.927070e-15
4060.000000 2.569900e-15
4062.000000 3.518290e-15
4064.000000 4.284660e-15
4066.000000 3.894890e-15
4068.000000 5.531570e-15
4070.000000 6.151220e-15
4072.000000 5.372180e-15
4074.000000 4.119340e-15
4076.000000 3.932410e-15
4078.000000 5.152480e-15
4080.000000 5.289180e-15
4082.000000 5.762780e-15
4084.000000 6.384450e-15
4086.000000 5.381550e-15
4088.000000 4.834800e-15
4090.000000 4.834590e-15
4092.000000 5.024210e-15
4094.000000 4.735610e-15
4096.000000 3.725840e-15
4098.000000 4.704860e-15
4100.000000 4.050670e-15
4102.000000 3.862230e-15
4104.000000 4.093140e-15
4106.000000 3.380380e-15
4108.000000 2.663900e-15
4110.000000 3.197460e-15
4112.000000 3.233720e-15
4114.000000 3.127200e-15
4116.000000 4.066400e-15
4118.000000 5.477710e-15
4120.000000 4.984630e-15
4122.000000 4.171700e-15
4124.000000 4.133850e-15
4126.000000 5.066740e-15
4128.000000 5.937470e-15
4130.000000 5.986460e-15
4132.000000 5.377980e-15
4134.000000 4.387350e-15
4136.000000 3.710990e-15
4138.000000 4.900680e-15
4140.000000 3.379980e-15
4142.000000 1.518350e-15
4144.000000 1.804320e-15
4146.000000 4.218620e-15
4148.000000 4.413800e-15
4150.000000 3.865810e-15
4152.000000 5.098370e-15
4154.000000 5.716000e-15
4156.000000 4.314580e-15
4158.000000 3.437980e-15
4160.000000 4.645500e-15
4162.000000 4.076510e-15
4164.000000 3.053980e-15
4166.000000 3.000840e-15
4168.000000 3.546390e-15
4170.000000 4.238580e-15
4172.000000 3.866560e-15
4174.000000 3.791590e-15
4176.000000 4.166800e-15
4178.000000 3.520220e-15
4180.000000 3.826500e-15
4182.000000 3.394500e-15
4184.000000 2.755730e-15
4186.000000 2.295540e-15
4188.000000 1.945610e-15
4190.000000 1.906350e-15
4192.000000 3.377800e-15
4194.000000 4.967960e-15
4196.000000 4.845930e-15
4198.000000 2.334260e-15
4200.000000 1.811940e-15
4202.000000 2.924130e-15
4204.000000 3.690410e-15
4206.000000 4.230600e-15
4208.000000 5.474830e-15
4210.000000 4.764460e-15
4212.000000 3.915540e-15
4214.000000 4.493040e-15
4216.000000 6.081480e-15
4218.000000 6.957260e-15
4220.000000 5.397580e-15
4222.000000 3.412240e-15
4224.000000 2.539700e-15
4226.000000 2.579250e-15
4228.000000 2.649010e-15
4230.000000 2.820370e-15
4232.000000 2.935090e-15
4234.000000 3.262170e-15
4236.000000 3.198060e-15
4238.000000 2.626360e-15
4240.000000 3.166310e-15
4242.000000 5.267680e-15
4244.000000 6.091320e-15
4246.000000 6.251240e-15
4248.000000 6.128400e-15
4250.000000 3.300390e-15
4252.000000 3.863340e-15
4254.000000 3.486030e-15
4256.000000 3.307730e-15
4258.000000 4.140650e-15
4260.000000 3.940400e-15
4262.000000 4.156070e-15
4264.000000 3.429370e-15
4266.000000 3.982210e-15
4268.000000 5.856260e-15
4270.000000 5.569290e-15
4272.000000 5.020080e-15
4274.000000 5.394900e-15
4276.000000 5.186350e-15
4278.000000 4.194190e-15
4280.000000 4.080430e-15
4282.000000 3.890020e-15
4284.000000 5.498390e-15
4286.000000 6.222360e-15
4288.000000 5.408660e-15
4290.000000 4.854160e-15
4292.000000 4.277760e-15
4294.000000 3.604140e-15
4296.000000 4.456340e-15
4298.000000 5.539290e-15
4300.000000 4.244380e-15
4302.000000 3.947470e-15
4304.000000 3.461150e-15
4306.000000 2.661730e-15
4308.000000 2.635970e-15
4310.000000 4.242730e-15
4312.000000 4.546440e-15
4314.000000 4.835600e-15
4316.000000 4.283700e-15
4318.000000 3.691650e-15
4320.000000 4.025440e-15
4322.000000 3.520640e-15
4324.000000 2.984620e-15
4326.000000 4.168670e-15
4328.000000 5.640130e-15
4330.000000 5.343980e-15
4332.000000 4.001020e-15
4334.000000 3.181800e-15
4336.000000 3.778980e-15
4338.000000 4.724440e-15
4340.000000 4.830590e-15
4342.000000 4.685050e-15
4344.000000 4.591030e-15
4346.000000 3.578690e-15
4348.000000 2.673470e-15
4350.000000 2.705620e-15
4352.000000 2.776530e-15
4354.000000 5.445560e-15
4356.000000 5.776300e-15
4358.000000 4.662440e-15
4360.000000 4.262020e-15
4362.000000 5.435770e-15
4364.000000 4.003010e-15
4366.000000 3.147730e-15
4368.000000 3.871540e-15
4370.000000 5.050950e-15
4372.000000 4.067320e-15
4374.000000 3.957220e-15
4376.000000 4.638690e-15
4378.000000 4.183240e-15
4380.000000 3.505660e-15
4382.000000 5.893600e-15
4384.000000 4.004900e-15
4386.000000 3.624840e-15
4388.000000 4.384940e-15
4390.000000 4.979960e-15
4392.000000 4.553340e-15
4394.000000 4.739500e-15
4396.000000 4.275900e-15
4398.000000 4.043860e-15
4400.000000 4.538470e-15
4402.000000 5.559970e-15
4404.000000 6.490520e-15
4406.000000 6.215550e-15
4408.000000 4.972790e-15
4410.000000 3.848350e-15
4412.000000 3.959250e-15
4414.000000 4.883850e-15
4416.000000 5.791380e-15
4418.000000 6.294550e-15
4420.000000 6.025720e-15
4422.000000 4.988730e-15
4424.000000 3.941550e-15
4426.000000 5.175470e-15
4428.000000 6.305280e-15
4430.000000 6.128310e-15
4432.000000 4.812960e-15
4434.000000 3.934040e-15
4436.000000 2.973800e-15
4438.000000 3.609820e-15
4440.000000 5.448910e-15
4442.000000 6.809050e-15
4444.000000 5.469610e-15
4446.000000 4.855170e-15
4448.000000 4.780950e-15
4450.000000 4.986110e-15
4452.000000 4.997580e-15
4454.000000 4.254850e-15
4456.000000 4.101700e-15
4458.000000 4.909950e-15
4460.000000 5.947020e-15
4462.000000 6.074790e-15
4464.000000 4.405460e-15
4466.000000 3.801510e-15
4468.000000 4.162690e-15
4470.000000 5.426190e-15
4472.000000 6.363400e-15
4474.000000 4.908520e-15
4476.000000 4.205990e-15
4478.000000 5.311080e-15
4480.000000 5.873740e-15
4482.000000 5.454940e-15
4484.000000 6.204510e-15
4486.000000 6.817080e-15
4488.000000 6.215300e-15
4490.000000 5.866950e-15
4492.000000 6.101090e-15
4494.000000 6.080650e-15
4496.000000 7.619350e-15
4498.000000 7.583820e-15
4500.000000 7.919840e-15
4502.000000 8.490650e-15
4504.000000 7.771850e-15
4506.000000 8.181100e-15
4508.000000 9.441970e-15
4510.000000 9.869660e-15
4512.000000 9.150550e-15
4514.000000 8.315480e-15
4516.000000 9.159490e-15
4518.000000 9.291010e-15
4520.000000 9.233120e-15
4522.000000 9.473390e-15
4524.000000 1.004810e-14
4526.000000 9.858300e-15
4528.000000 1.086700e-14
4530.000000 1.168390e-14
4532.000000 1.189400e-14
4534.000000 1.172750e-14
4536.000000 1.159440e-14
4538.000000 1.058330e-14
4540.000000 9.970060e-15
4542.000000 1.031140e-14
4544.000000 1.149130e-14
4546.000000 1.288740e-14
4548.000000 1.291960e-14
4550.000000 1.159420e-14
4552.000000 1.073430e-14
4554.000000 1.124960e-14
4556.000000 1.125450e-14
4558.000000 1.262520e-14
4560.000000 1.208840e-14
4562.000000 1.172560e-14
4564.000000 1.265300e-14
4566.000000 1.222610e-14
4568.000000 1.161200e-14
4570.000000 1.250310e-14
4572.000000 1.308330e-14
4574.000000 1.249570e-14
4576.000000 1.221690e-14
4578.000000 1.190500e-14
4580.000000 1.217140e-14
4582.000000 1.246620e-14
4584.000000 1.279400e-14
4586.000000 1.386670e-14
4588.000000 1.520740e-14
4590.000000 1.542540e-14
4592.000000 1.496240e-14
4594.000000 1.415870e-14
4596.000000 1.304770e-14
4598.000000 1.224180e-14
4600.000000 1.264110e-14
4602.000000 1.248480e-14
4604.000000 1.143550e-14
4606.000000 1.068540e-14
4608.000000 1.183500e-14
4610.000000 1.037420e-14
4612.000000 9.928200e-15
4614.000000 1.083580e-14
4616.000000 1.100650e-14
4618.000000 9.855110e-15
4620.000000 1.124100e-14
4622.000000 1.097470e-14
4624.000000 9.232590e-15
4626.000000 8.432020e-15
4628.000000 8.701700e-15
4630.000000 8.508390e-15
4632.000000 8.742940e-15
4634.000000 9.391220e-15
4636.000000 9.944080e-15
4638.000000 9.976630e-15
4640.000000 9.274940e-15
4642.000000 8.645150e-15
4644.000000 8.716780e-15
4646.000000 9.267220e-15
4648.000000 8.674580e-15
4650.000000 7.095520e-15
4652.000000 6.577230e-15
4654.000000 7.196940e-15
4656.000000 8.008240e-15
4658.000000 7.829220e-15
4660.000000 8.420430e-15
4662.000000 8.242860e-15
4664.000000 7.402720e-15
4666.000000 6.665970e-15
4668.000000 6.876040e-15
4670.000000 7.857530e-15
4672.000000 6.303880e-15
4674.000000 5.437660e-15
4676.000000 6.827740e-15
4678.000000 7.842330e-15
4680.000000 7.611530e-15
4682.000000 5.871390e-15
4684.000000 4.894000e-15
4686.000000 5.702560e-15
4688.000000 7.138640e-15
4690.000000 7.048900e-15
4692.000000 7.009800e-15
4694.000000 6.731970e-15
4696.000000 6.247000e-15
4698.000000 6.072880e-15
4700.000000 6.481260e-15
4702.000000 6.557250e-15
4704.000000 7.111860e-15
4706.000000 7.440060e-15
4708.000000 6.220880e-15
4710.000000 5.548370e-15
4712.000000 5.166200e-15
4714.000000 5.717780e-15
4716.000000 6.296450e-15
4718.000000 5.621080e-15
4720.000000 4.987640e-15
4722.000000 5.199020e-15
4724.000000 5.714750e-15
4726.000000 5.625790e-15
4728.000000 4.690840e-15
4730.000000 5.036960e-15
4732.000000 5.630720e-15
4734.000000 5.697220e-15
4736.000000 5.626620e-15
4738.000000 5.791110e-15
4740.000000 4.848700e-15
4742.000000 4.473170e-15
4744.000000 5.636830e-15
4746.000000 6.471560e-15
4748.000000 5.541280e-15
4750.000000 4.872660e-15
4752.000000 5.687010e-15
4754.000000 5.792860e-15
4756.000000 5.503600e-15
4758.000000 5.486890e-15
4760.000000 5.360550e-15
4762.000000 6.068050e-15
4764.000000 6.254740e-15
4766.000000 5.878650e-15
4768.000000 5.366620e-15
4770.000000 5.145690e-15
4772.000000 4.692520e-15
4774.000000 4.590470e-15
4776.000000 4.935080e-15
4778.000000 5.260020e-15
4780.000000 4.731900e-15
4782.000000 3.950630e-15
4784.000000 3.919830e-15
4786.000000 4.317120e-15
4788.000000 4.639980e-15
4790.000000 4.618870e-15
4792.000000 4.472540e-15
4794.000000 4.678730e-15
4796.000000 5.133530e-15
4798.000000 5.525130e-15
4800.000000 5.525980e-15
4802.000000 4.981220e-15
4804.000000 6.019910e-15
4806.000000 7.006810e-15
4808.000000 6.883710e-15
4810.000000 5.797320e-15
4812.000000 4.971390e-15
4814.000000 5.477160e-15
4816.000000 6.168350e-15
4818.000000 6.276180e-15
4820.000000 5.769310e-15
4822.000000 5.587710e-15
4824.000000 5.038590e-15
4826.000000 4.908500e-15
4828.000000 5.155280e-15
4830.000000 5.344150e-15
4832.000000 5.600630e-15
4834.000000 5.211140e-15
4836.000000 5.566080e-15
4838.000000 6.068060e-15
4840.000000 5.879160e-15
4842.000000 6.281460e-15
4844.000000 5.601070e-15
4846.000000 5.263580e-15
4848.000000 5.563280e-15
4850.000000 6.121890e-15
4852.000000 6.325330e-15
4854.000000 5.664500e-15
4856.000000 5.233480e-15
4858.000000 5.374000e-15
4860.000000 5.646530e-15
4862.000000 4.894070e-15
4864.000000 4.659000e-15
4866.000000 5.031550e-15
4868.000000 5.548500e-15
4870.000000 5.774040e-15
4872.000000 5.681490e-15
4874.000000 5.720270e-15
4876.000000 6.100670e-15
4878.000000 6.627930e-15
4880.000000 6.774470e-15
4882.000000 5.923640e-15
4884.000000 4.655180e-15
4886.000000 4.805230e-15
4888.000000 5.683890e-15
4890.000000 6.312290e-15
4892.000000 6.193570e-15
4894.000000 5.740040e-15
4896.000000 5.167170e-15
4898.000000 5.103190e-15
4900.000000 5.668850e-15
4902.000000 6.378310e-15
4904.000000 6.431730e-15
4906.000000 6.229820e-15
4908.000000 5.851030e-15
4910.000000 5.765650e-15
4912.000000 6.307870e-15
4914.000000 5.740650e-15
4916.000000 5.957450e-15
4918.000000 5.801380e-15
4920.000000 5.879930e-15
4922.000000 7.087570e-15
4924.000000 6.330230e-15
4926.000000 5.564430e-15
4928.000000 5.611110e-15
4930.000000 6.062480e-15
4932.000000 6.082600e-15
4934.000000 5.879470e-15
4936.000000 5.133660e-15
4938.000000 4.867690e-15
4940.000000 5.191440e-15
4942.000000 5.602660e-15
4944.000000 5.364970e-15
4946.000000 5.794190e-15
4948.000000 5.921030e-15
4950.000000 6.113930e-15
4952.000000 6.540440e-15
4954.000000 5.812870e-15
4956.000000 5.506310e-15
4958.000000 5.807710e-15
4960.000000 5.899770e-15
4962.000000 5.435130e-15
4964.000000 5.511860e-15
4966.000000 6.130560e-15
4968.000000 6.190910e-15
4970.000000 5.693270e-15
4972.000000 5.185100e-15
4974.000000 5.378130e-15
4976.000000 6.464940e-15
4978.000000 6.431120e-15
4980.000000 5.826720e-15
4982.000000 5.503900e-15
4984.000000 5.726130e-15
4986.000000 6.021640e-15
4988.000000 6.576720e-15
4990.000000 7.150400e-15
4992.000000 7.304080e-15
4994.000000 6.694140e-15
4996.000000 6.300140e-15
4998.000000 6.713140e-15
5000.000000 6.832980e-15
5002.000000 6.148330e-15
5004.000000 5.198440e-15
5006.000000 5.659950e-15
5008.000000 6.200140e-15
5010.000000 6.256560e-15
5012.000000 6.082210e-15
5014.000000 6.242380e-15
5016.000000 5.804450e-15
5018.000000 6.523090e-15
5020.000000 6.377810e-15
5022.000000 5.559320e-15
5024.000000 5.454530e-15
5026.000000 5.366430e-15
5028.000000 5.080460e-15
5030.000000 4.685980e-15
5032.000000 4.441630e-15
5034.000000 4.514000e-15
5036.000000 4.566930e-15
5038.000000 4.696900e-15
5040.000000 5.124030e-15
5042.000000 5.323130e-15
5044.000000 4.919150e-15
5046.000000 4.790910e-15
5048.000000 4.650120e-15
5050.000000 4.600320e-15
5052.000000 4.742130e-15
5054.000000 4.776560e-15
5056.000000 3.583960e-15
5058.000000 4.036350e-15
5060.000000 4.719770e-15
5062.000000 5.475220e-15
5064.000000 6.083050e-15
5066.000000 5.620290e-15
5068.000000 4.527010e-15
5070.000000 4.395930e-15
5072.000000 4.826820e-15
5074.000000 5.064510e-15
5076.000000 4.872880e-15
5078.000000 4.627050e-15
5080.000000 3.990200e-15
5082.000000 3.958690e-15
5084.000000 4.537070e-15
5086.000000 4.350840e-15
5088.000000 4.796410e-15
5090.000000 5.324660e-15
5092.000000 5.550110e-15
5094.000000 5.256360e-15
5096.000000 4.615870e-15
5098.000000 5.515220e-15
5100.000000 5.982720e-15
5102.000000 5.686110e-15
5104.000000 5.321510e-15
5106.000000 5.837850e-15
5108.000000 5.467280e-15
5110.000000 5.730640e-15
5112.000000 5.977940e-15
5114.000000 5.888020e-15
5116.000000 5.752600e-15
5118.000000 6.629530e-15
5120.000000 6.524310e-15
5122.000000 5.702810e-15
5124.000000 5.275640e-15
5126.000000 6.089800e-15
5128.000000 6.625900e-15
5130.000000 6.453260e-15
5132.000000 6.284480e-15
5134.000000 6.387560e-15
5136.000000 6.707260e-15
5138.000000 7.260550e-15
5140.000000 7.521160e-15
5142.000000 7.127130e-15
5144.000000 6.772470e-15
5146.000000 6.962530e-15
5148.000000 6.373750e-15
5150.000000 6.804120e-15
5152.000000 7.094560e-15
5154.000000 7.341700e-15
5156.000000 7.887050e-15
5158.000000 8.553130e-15
5160.000000 7.755420e-15
5162.000000 7.177140e-15
5164.000000 7.579250e-15
5166.000000 8.543670e-15
5168.000000 8.400580e-15
5170.000000 7.782560e-15
5172.000000 7.914610e-15
5174.000000 8.499420e-15
5176.000000 8.742510e-15
5178.000000 8.030120e-15
5180.000000 7.761070e-15
5182.000000 8.346240e-15
5184.000000 9.348070e-15
5186.000000 1.004230e-14
5188.000000 9.883560e-15
5190.000000 9.994160e-15
5192.000000 1.042660e-14
5194.000000 1.045910e-14
5196.000000 1.019740e-14
5198.000000 1.055790e-14
5200.000000 1.061030e-14
5202.000000 9.546440e-15
5204.000000 9.910360e-15
5206.000000 1.097540e-14
5208.000000 9.699170e-15
5210.000000 9.730000e-15
5212.000000 1.008250e-14
5214.000000 1.034280e-14
5216.000000 1.002820e-14
5218.000000 9.060220e-15
5220.000000 9.252300e-15
5222.000000 9.544960e-15
5224.000000 9.345750e-15
5226.000000 9.009310e-15
5228.000000 9.181690e-15
5230.000000 9.271450e-15
5232.000000 8.701250e-15
5234.000000 8.473700e-15
5236.000000 8.663840e-15
5238.000000 8.690290e-15
5240.000000 7.782510e-15
5242.000000 8.069480e-15
5244.000000 8.098860e-15
5246.000000 8.268520e-15
5248.000000 8.874380e-15
5250.000000 7.634630e-15
5252.000000 6.791050e-15
5254.000000 6.934540e-15
5256.000000 7.332980e-15
5258.000000 7.326850e-15
5260.000000 7.694380e-15
5262.000000 7.981300e-15
5264.000000 7.639520e-15
5266.000000 7.649130e-15
5268.000000 8.409490e-15
5270.000000 8.475580e-15
5272.000000 9.463920e-15
5274.000000 9.378380e-15
5276.000000 8.222130e-15
5278.000000 7.285680e-15
5280.000000 7.452110e-15
5282.000000 7.385370e-15
5284.000000 7.055030e-15
5286.000000 7.173750e-15
5288.000000 7.899670e-15
5290.000000 7.743840e-15
5292.000000 8.018580e-15
5294.000000 7.941300e-15
5296.000000 7.226850e-15
5298.000000 6.302070e-15
5300.000000 6.548730e-15
5302.000000 7.085070e-15
5304.000000 7.033340e-15
5306.000000 6.820040e-15
5308.000000 6.624090e-15
5310.000000 6.615480e-15
5312.000000 6.463960e-15
5314.000000 6.278230e-15
5316.000000 5.805170e-15
5318.000000 5.888360e-15
5320.000000 6.544770e-15
5322.000000 7.506950e-15
5324.000000 8.257360e-15
5326.000000 9.307630e-15
5328.000000 1.001040e-14
5330.000000 9.717760e-15
5332.000000 8.528290e-15
5334.000000 6.743430e-15
5336.000000 6.307250e-15
5338.000000 7.047460e-15
5340.000000 7.947400e-15
5342.000000 8.368920e-15
5344.000000 8.812010e-15
5346.000000 8.975510e-15
5348.000000 8.123300e-15
5350.000000 7.680660e-15
5352.000000 7.132240e-15
5354.000000 6.631220e-15
5356.000000 6.414560e-15
5358.000000 6.518540e-15
5360.000000 6.481500e-15
5362.000000 6.017760e-15
5364.000000 5.788630e-15
5366.000000 5.605400e-15
5368.000000 5.750690e-15
5370.000000 6.392890e-15
5372.000000 6.677570e-15
5374.000000 6.607260e-15
5376.000000 6.473220e-15
5378.000000 6.897720e-15
5380.000000 7.644590e-15
5382.000000 8.326180e-15
5384.000000 8.073020e-15
5386.000000 6.992640e-15
5388.000000 5.734360e-15
5390.000000 4.754540e-15
5392.000000 4.932770e-15
5394.000000 6.522590e-15
5396.000000 7.420300e-15
5398.000000 7.430940e-15
5400.000000 6.741120e-15
5402.000000 5.764890e-15
5404.000000 5.433540e-15
5406.000000 4.563660e-15
5408.000000 6.282440e-15
5410.000000 7.305070e-15
5412.000000 8.462800e-15
5414.000000 9.199180e-15
5416.000000 9.451350e-15
5418.000000 9.336620e-15
5420.000000 8.905080e-15
5422.000000 8.087580e-15
5424.000000 7.182080e-15
5426.000000 5.466750e-15
5428.000000 4.865190e-15
5430.000000 5.703230e-15
5432.000000 6.696950e-15
5434.000000 6.886110e-15
5436.000000 6.721280e-15
5438.000000 6.474290e-15
5440.000000 6.171780e-15
5442.000000 5.428290e-15
5444.000000 3.744210e-15
5446.000000 2.625850e-15
5448.000000 2.748170e-15
5450.000000 3.657990e-15
5452.000000 4.984570e-15
5454.000000 7.402950e-15
5456.000000 9.013840e-15
5458.000000 1.076790e-14
5460.000000 1.157970e-14
5462.000000 1.100300e-14
5464.000000 9.718150e-15
5466.000000 8.739690e-15
5468.000000 7.633500e-15
5470.000000 6.545160e-15
5472.000000 4.802860e-15
5474.000000 4.287020e-15
5476.000000 5.616030e-15
5478.000000 7.120160e-15
5480.000000 7.079020e-15
5482.000000 6.086360e-15
5484.000000 6.203910e-15
5486.000000 7.279320e-15
5488.000000 7.623620e-15
5490.000000 7.323610e-15
5492.000000 6.956120e-15
5494.000000 6.810380e-15
5496.000000 6.719100e-15
5498.000000 6.522400e-15
5500.000000 6.129790e-15
5502.000000 6.035040e-15
5504.000000 6.203410e-15
5506.000000 6.356540e-15
5508.000000 6.581760e-15
5510.000000 6.696660e-15
5512.000000 6.018150e-15
5514.000000 4.279380e-15
5516.000000 3.776280e-15
5518.000000 4.095590e-15
5520.000000 4.384480e-15
5522.000000 4.711180e-15
5524.000000 4.997230e-15
5526.000000 4.953390e-15
5528.000000 4.593370e-15
5530.000000 4.758500e-15
5532.000000 5.710130e-15
5534.000000 5.781970e-15
5536.000000 4.631180e-15
5538.000000 3.678230e-15
5540.000000 3.966460e-15
5542.000000 4.974120e-15
5544.000000 5.527820e-15
5546.000000 6.656500e-15
5548.000000 6.305460e-15
5550.000000 3.733110e-15
5552.000000 2.243610e-15
5554.000000 3.519090e-15
5556.000000 5.984650e-15
5558.000000 6.536940e-15
5560.000000 6.104550e-15
5562.000000 5.563140e-15
5564.000000 4.168740e-15
5566.000000 3.296310e-15
5568.000000 2.999930e-15
5570.000000 3.212980e-15
5572.000000 4.367510e-15
5574.000000 6.997680e-15
5576.000000 6.910320e-15
5578.000000 4.192070e-15
5580.000000 2.645780e-15
5582.000000 1.884390e-15
5584.000000 1.807330e-15
5586.000000 2.920320e-15
5588.000000 5.159940e-15
5590.000000 5.366540e-15
5592.000000 3.709100e-15
5594.000000 3.085930e-15
5596.000000 3.031950e-15
5598.000000 3.136250e-15
5600.000000 3.318160e-15
5602.000000 3.601050e-15
5604.000000 3.676230e-15
5606.000000 3.509040e-15
5608.000000 3.604300e-15
5610.000000 4.071740e-15
5612.000000 4.189720e-15
5614.000000 3.597910e-15
5616.000000 2.834800e-15
5618.000000 2.831340e-15
5620.000000 3.425710e-15
5622.000000 3.607200e-15
5624.000000 3.670910e-15
5626.000000 3.675200e-15
5628.000000 3.510010e-15
5630.000000 3.402490e-15
5632.000000 3.714920e-15
5634.000000 4.413870e-15
5636.000000 4.204220e-15
5638.000000 2.927200e-15
5640.000000 2.439880e-15
5642.000000 2.741700e-15
5644.000000 3.004120e-15
5646.000000 2.684400e-15
5648.000000 2.105280e-15
5650.000000 2.154100e-15
5652.000000 2.732540e-15
5654.000000 3.123940e-15
5656.000000 3.656690e-15
5658.000000 3.967900e-15
5660.000000 3.887310e-15
5662.000000 3.607910e-15
5664.000000 3.482180e-15
5666.000000 3.491630e-15
5668.000000 3.146180e-15
5670.000000 2.200960e-15
5672.000000 1.807580e-15
5674.000000 2.261940e-15
5676.000000 2.912030e-15
5678.000000 3.029580e-15
5680.000000 2.867410e-15
5682.000000 2.840230e-15
5684.000000 3.028290e-15
5686.000000 2.766530e-15
5688.000000 1.648450e-15
5690.000000 8.583080e-16
5692.000000 1.436180e-15
5694.000000 2.895070e-15
5696.000000 3.388460e-15
5698.000000 3.440980e-15
5700.000000 3.413130e-15
5702.000000 3.085050e-15
5704.000000 2.805440e-15
5706.000000 2.762520e-15
5708.000000 2.789410e-15
5710.000000 2.547580e-15
5712.000000 2.014280e-15
5714.000000 1.743160e-15
5716.000000 1.409790e-15
5718.000000 1.465200e-15
5720.000000 2.290480e-15
5722.000000 3.199050e-15
5724.000000 3.028790e-15
5726.000000 1.965210e-15
5728.000000 1.639700e-15
5730.000000 1.757000e-15
5732.000000 1.646340e-15
5734.000000 1.116790e-15
5736.000000 7.541390e-16
5738.000000 1.140850e-15
5740.000000 2.071560e-15
5742.000000 2.504990e-15
5744.000000 2.749120e-15
5746.000000 2.937420e-15
5748.000000 2.963950e-15
5750.000000 3.026460e-15
5752.000000 3.365180e-15
5754.000000 3.775790e-15
5756.000000 3.379840e-15
5758.000000 1.933490e-15
5760.000000 1.336040e-15
5762.000000 9.818120e-16
5764.000000 1.004750e-15
5766.000000 1.673750e-15
5768.000000 2.554470e-15
5770.000000 2.709990e-15
5772.000000 2.438040e-15
5774.000000 2.072430e-15
5776.000000 1.066330e-15
5778.000000 7.381660e-16
5780.000000 1.584200e-15
5782.000000 2.381810e-15
5784.000000 1.656440e-15
5790.000000 1.050760e-15
5792.000000 1.628510e-15
5794.000000 1.528000e-15
5796.000000 1.326780e-15
5798.000000 1.295700e-15
5800.000000 1.289000e-15
5802.000000 1.263010e-15
5804.000000 1.226920e-15
5806.000000 1.201090e-15
5808.000000 9.461330e-16
5810.000000 1.091670e-15
5812.000000 2.082480e-15
5814.000000 3.381030e-15
5816.000000 3.737880e-15
5818.000000 3.437450e-15
5820.000000 3.259820e-15
5822.000000 2.923210e-15
5824.000000 2.556750e-15
5826.000000 1.928710e-15
5828.000000 1.493600e-15
5830.000000 2.039460e-15
5832.000000 3.497430e-15
5834.000000 4.083530e-15
5836.000000 4.385550e-15
5838.000000 4.358330e-15
5840.000000 3.895550e-15
5842.000000 3.259610e-15
5844.000000 2.535900e-15
5846.000000 1.655290e-15
5848.000000 1.539530e-15
5850.000000 2.046440e-15
5852.000000 2.610690e-15
5854.000000 3.703790e-15
5856.000000 4.442860e-15
5858.000000 4.471740e-15
5860.000000 4.038680e-15
5862.000000 3.272010e-15
5864.000000 1.447530e-15
5866.000000 1.037790e-15
5868.000000 1.744660e-15
5870.000000 2.321650e-15
5872.000000 2.563600e-15
5874.000000 2.764710e-15
5876.000000 3.140310e-15
5878.000000 3.671970e-15
5880.000000 3.987410e-15
5882.000000 4.222130e-15
5884.000000 4.320800e-15
5886.000000 4.304610e-15
5888.000000 4.138370e-15
5890.000000 3.608070e-15
5892.000000 2.676860e-15
5894.000000 3.164240e-15
5896.000000 5.533420e-15
5898.000000 6.350220e-15
5900.000000 5.959350e-15
5902.000000 5.238120e-15
5904.000000 4.335690e-15
5906.000000 3.242890e-15
5908.000000 3.232320e-15
5910.000000 4.629170e-15
5912.000000 4.795970e-15
5914.000000 4.123200e-15
5916.000000 3.625200e-15
5918.000000 3.412910e-15
5920.000000 3.447990e-15
5922.000000 4.143590e-15
5924.000000 5.872780e-15
5926.000000 6.194490e-15
5928.000000 5.440510e-15
5930.000000 4.859690e-15
5932.000000 4.347740e-15
5934.000000 3.986680e-15
5936.000000 4.115220e-15
5938.000000 4.707520e-15
5940.000000 4.713680e-15
5942.000000 4.225940e-15
5944.000000 4.032650e-15
5946.000000 4.045330e-15
5948.000000 4.160380e-15
5950.000000 4.382290e-15
5952.000000 4.705910e-15
5954.000000 4.827300e-15
5956.000000 5.011470e-15
5958.000000 4.730790e-15
5960.000000 3.914450e-15
5962.000000 3.116990e-15
5964.000000 2.350020e-15
5966.000000 1.704990e-15
5968.000000 1.868900e-15
5970.000000 2.957340e-15
5972.000000 3.473360e-15
5974.000000 4.016020e-15
5976.000000 4.165160e-15
5978.000000 3.680040e-15
5980.000000 3.033090e-15
5982.000000 2.855260e-15
5984.000000 2.886040e-15
5986.000000 3.100920e-15
5988.000000 3.858160e-15
5990.000000 4.078720e-15
5992.000000 3.626720e-15
5994.000000 3.135930e-15
5996.000000 3.110480e-15
5998.000000 3.327650e-15
6000.000000 3.195390e-15
6002.000000 2.766750e-15
6004.000000 2.524740e-15
6006.000000 2.272510e-15
6008.000000 2.234370e-15
6010.000000 2.602830e-15
6012.000000 3.201330e-15
6014.000000 3.492840e-15
6016.000000 3.795960e-15
6018.000000 3.674480e-15
6020.000000 2.763580e-15
6022.000000 2.455720e-15
6024.000000 3.269850e-15
6026.000000 4.393580e-15
6028.000000 4.634030e-15
6030.000000 4.291350e-15
6032.000000 4.298560e-15
6034.000000 4.635670e-15
6036.000000 4.481330e-15
6038.000000 3.546930e-15
6040.000000 2.621690e-15
6042.000000 2.461860e-15
6044.000000 2.764370e-15
6046.000000 3.011690e-15
6048.000000 3.837830e-15
6050.000000 3.767370e-15
6052.000000 2.361580e-15
6054.000000 1.431900e-15
6056.000000 2.228140e-15
6058.000000 3.930860e-15
6060.000000 4.238000e-15
6062.000000 3.552230e-15
6064.000000 3.275800e-15
6066.000000 3.076760e-15
6068.000000 2.782010e-15
6070.000000 2.240300e-15
6072.000000 1.667430e-15
6074.000000 1.539580e-15
6076.000000 1.728940e-15
6078.000000 1.984260e-15
6080.000000 2.589160e-15
6082.000000 2.935970e-15
6084.000000 2.896220e-15
6086.000000 2.787790e-15
6088.000000 2.959080e-15
6090.000000 3.319960e-15
6092.000000 3.382130e-15
6094.000000 3.106140e-15
6096.000000 3.112670e-15
6098.000000 3.457690e-15
6100.000000 3.771020e-15
6102.000000 3.778960e-15
6104.000000 3.622460e-15
6106.000000 3.728490e-15
6108.000000 4.303990e-15
6110.000000 4.175820e-15
6112.000000 3.362620e-15
6114.000000 2.602070e-15
6116.000000 2.008500e-15
6118.000000 1.570840e-15
6120.000000 1.813130e-15
6122.000000 3.033800e-15
6124.000000 3.305280e-15
6126.000000 2.874890e-15
6128.000000 2.703970e-15
6130.000000 2.895500e-15
6132.000000 3.262670e-15
6134.000000 3.772670e-15
6136.000000 4.606090e-15
6138.000000 4.744390e-15
6140.000000 4.232190e-15
6142.000000 3.927420e-15
6144.000000 3.675570e-15
6146.000000 3.594430e-15
6148.000000 3.901120e-15
6150.000000 4.520610e-15
6152.000000 4.849760e-15
6154.000000 5.179910e-15
6156.000000 5.228310e-15
6158.000000 4.971230e-15
6160.000000 4.630320e-15
6162.000000 4.199910e-15
6164.000000 3.730700e-15
6166.000000 3.745400e-15
6168.000000 4.264950e-15
6170.000000 4.550320e-15
6172.000000 4.824950e-15
6174.000000 5.076560e-15
6176.000000 5.210630e-15
6178.000000 5.391120e-15
6180.000000 6.001480e-15
6182.000000 7.147110e-15
6184.000000 7.533000e-15
6186.000000 7.435130e-15
6188.000000 7.238650e-15
6190.000000 6.785510e-15
6192.000000 6.352870e-15
6194.000000 6.266780e-15
6196.000000 6.378980e-15
6198.000000 6.696030e-15
6200.000000 7.364070e-15
6202.000000 7.911410e-15
6204.000000 8.519180e-15
6206.000000 8.958000e-15
6208.000000 9.048340e-15
6210.000000 8.900930e-15
6212.000000 8.810950e-15
6214.000000 8.447470e-15
6216.000000 8.569740e-15
6218.000000 9.036290e-15
6220.000000 9.662110e-15
6222.000000 1.056530e-14
6224.000000 1.153180e-14
6226.000000 1.186740e-14
6228.000000 1.158700e-14
6230.000000 1.177500e-14
6232.000000 1.209480e-14
6234.000000 1.255950e-14
6236.000000 1.332430e-14
6238.000000 1.407320e-14
6240.000000 1.437840e-14
6242.000000 1.439480e-14
6244.000000 1.434040e-14
6246.000000 1.381650e-14
6248.000000 1.384580e-14
6250.000000 1.451120e-14
6252.000000 1.524970e-14
6254.000000 1.568910e-14
6256.000000 1.601580e-14
6258.000000 1.646820e-14
6260.000000 1.715680e-14
6262.000000 1.744720e-14
6264.000000 1.736100e-14
6266.000000 1.725310e-14
6268.000000 1.719710e-14
6270.000000 1.716690e-14
6272.000000 1.734900e-14
6274.000000 1.770410e-14
6276.000000 1.811710e-14
6278.000000 1.884870e-14
6280.000000 1.925250e-14
6282.000000 1.910440e-14
6284.000000 1.880650e-14
6286.000000 1.890200e-14
6288.000000 1.924260e-14
6290.000000 1.939000e-14
6292.000000 1.939790e-14
6294.000000 1.952640e-14
6296.000000 1.975100e-14
6298.000000 2.006180e-14
6300.000000 2.054030e-14
6302.000000 2.118830e-14
6304.000000 2.131370e-14
6306.000000 2.074990e-14
6308.000000 2.078800e-14
6310.000000 2.121750e-14
6312.000000 2.186930e-14
6314.000000 2.280470e-14
6316.000000 2.393380e-14
6318.000000 2.458990e-14
6320.000000 2.491930e-14
6322.000000 2.524790e-14
6324.000000 2.554190e-14
6328.000000 2.542250e-14
6330.000000 2.504710e-14
6332.000000 2.470490e-14
6334.000000 2.436240e-14
6336.000000 2.379190e-14
6338.000000 2.292680e-14
6340.000000 2.217730e-14
6342.000000 2.152350e-14
6344.000000 2.094760e-14
6346.000000 2.049690e-14
6348.000000 2.017700e-14
6350.000000 1.972510e-14
6352.000000 1.910170e-14
6354.000000 1.870590e-14
6356.000000 1.846680e-14
6358.000000 1.838200e-14
6360.000000 1.858680e-14
6362.000000 1.898370e-14
6364.000000 1.871400e-14
6366.000000 1.763480e-14
6368.000000 1.723310e-14
6370.000000 1.717670e-14
6372.000000 1.727860e-14
6374.000000 1.757240e-14
6376.000000 1.797640e-14
6378.000000 1.816360e-14
6380.000000 1.827490e-14
6382.000000 1.824330e-14
6384.000000 1.800880e-14
6386.000000 1.780560e-14
6388.000000 1.766000e-14
6390.000000 1.750850e-14
6392.000000 1.730170e-14
6394.000000 1.705950e-14
6396.000000 1.678950e-14
6398.000000 1.661290e-14
6400.000000 1.614600e-14
6402.000000 1.523230e-14
6404.000000 1.436830e-14
6406.000000 1.395470e-14
6408.000000 1.380160e-14
6410.000000 1.340680e-14
6412.000000 1.284430e-14
6414.000000 1.243640e-14
6416.000000 1.216650e-14
6418.000000 1.187570e-14
6420.000000 1.145850e-14
6422.000000 1.101750e-14
6424.000000 1.083290e-14
6426.000000 1.107440e-14
6428.000000 1.072570e-14
6430.000000 9.749760e-15
6432.000000 9.117300e-15
6434.000000 9.046050e-15
6436.000000 9.181680e-15
6438.000000 9.160730e-15
6440.000000 9.172000e-15
6442.000000 8.989390e-15
6444.000000 8.523310e-15
6446.000000 8.262940e-15
6448.000000 8.246440e-15
6450.000000 8.275970e-15
6452.000000 8.198600e-15
6454.000000 8.078980e-15
6456.000000 8.019970e-15
6458.000000 8.032120e-15
6460.000000 7.970630e-15
6462.000000 7.888340e-15
6464.000000 7.727560e-15
6466.000000 7.418070e-15
6468.000000 7.018000e-15
6470.000000 6.773470e-15
6472.000000 6.599660e-15
6474.000000 6.484140e-15
6476.000000 6.497030e-15
6478.000000 6.454340e-15
6480.000000 6.279870e-15
6482.000000 6.076770e-15
6484.000000 6.006600e-15
6486.000000 5.998250e-15
6488.000000 6.087680e-15
6490.000000 6.465200e-15
6492.000000 6.532430e-15
6494.000000 6.196640e-15
6496.000000 5.728650e-15
6498.000000 5.331560e-15
6500.000000 4.866070e-15
6502.000000 4.779110e-15
6504.000000 5.220750e-15
6506.000000 5.255530e-15
6508.000000 4.801450e-15
6510.000000 4.450640e-15
6512.000000 4.619610e-15
6514.000000 5.074930e-15
6516.000000 5.153420e-15
6518.000000 4.939790e-15
6520.000000 4.924630e-15
6522.000000 5.043020e-15
6524.000000 5.121790e-15
6526.000000 5.132760e-15
6528.000000 5.085390e-15
6530.000000 4.894980e-15
6532.000000 4.473010e-15
6534.000000 4.310950e-15
6536.000000 4.306980e-15
6538.000000 4.323150e-15
6540.000000 4.384190e-15
6542.000000 4.444820e-15
6544.000000 4.401980e-15
6546.000000 4.269920e-15
6548.000000 4.243560e-15
6550.000000 4.252020e-15
6552.000000 4.321020e-15
6554.000000 4.571580e-15
6556.000000 4.714010e-15
6558.000000 4.421730e-15
6560.000000 3.826660e-15
6562.000000 3.855930e-15
6564.000000 4.541550e-15
6566.000000 4.745020e-15
6568.000000 4.618490e-15
6570.000000 4.456860e-15
6572.000000 4.367600e-15
6574.000000 4.275820e-15
6576.000000 4.127750e-15
6578.000000 3.833130e-15
6580.000000 3.791890e-15
6582.000000 4.064300e-15
6584.000000 4.142490e-15
6586.000000 3.876410e-15
6588.000000 3.503570e-15
6590.000000 3.313500e-15
6592.000000 3.154630e-15
6594.000000 3.211570e-15
6596.000000 3.583260e-15
6598.000000 3.794880e-15
6600.000000 3.888070e-15
6602.000000 3.869460e-15
6604.000000 3.657900e-15
6606.000000 3.252780e-15
6608.000000 3.150130e-15
6610.000000 3.296340e-15
6612.000000 3.332980e-15
6614.000000 3.343230e-15
6616.000000 3.298530e-15
6618.000000 3.125400e-15
6620.000000 2.884810e-15
6622.000000 2.901740e-15
6624.000000 3.292550e-15
6626.000000 3.272350e-15
6628.000000 2.870440e-15
6630.000000 2.624420e-15
6632.000000 2.714800e-15
6634.000000 2.925350e-15
6636.000000 2.956620e-15
6638.000000 2.871660e-15
6640.000000 2.913800e-15
6642.000000 3.076770e-15
6644.000000 3.157160e-15
6646.000000 3.137640e-15
6648.000000 3.075460e-15
6650.000000 2.995740e-15
6652.000000 2.860760e-15
6654.000000 2.894980e-15
6656.000000 3.159900e-15
6658.000000 3.232280e-15
6660.000000 3.101940e-15
6662.000000 2.961690e-15
6664.000000 2.922490e-15
6666.000000 2.925980e-15
6668.000000 2.935100e-15
6670.000000 3.024810e-15
6672.000000 2.989470e-15
6674.000000 2.815800e-15
6676.000000 2.680560e-15
6678.000000 2.661710e-15
6680.000000 2.683300e-15
6682.000000 2.612370e-15
6684.000000 2.439860e-15
6686.000000 2.400710e-15
6688.000000 2.456400e-15
6690.000000 2.512840e-15
6692.000000 2.580010e-15
6694.000000 2.638980e-15
6696.000000 2.632040e-15
6698.000000 2.556490e-15
6700.000000 2.582190e-15
6702.000000 2.696310e-15
6704.000000 2.771300e-15
6706.000000 2.890240e-15
6708.000000 2.898930e-15
6710.000000 2.596590e-15
6712.000000 2.054880e-15
6714.000000 1.902380e-15
6716.000000 1.971620e-15
6718.000000 2.112590e-15
6720.000000 2.531160e-15
6722.000000 2.783320e-15
6724.000000 2.617260e-15
6726.000000 2.231850e-15
6728.000000 2.035780e-15
6730.000000 1.781540e-15
6732.000000 1.818150e-15
6734.000000 2.219780e-15
6736.000000 2.486170e-15
6738.000000 2.536500e-15
6740.000000 2.471530e-15
6742.000000 2.323860e-15
6744.000000 2.028670e-15
6746.000000 1.852870e-15
6748.000000 1.695390e-15
6750.000000 1.608770e-15
6752.000000 1.591320e-15
6754.000000 1.636970e-15
6756.000000 1.772620e-15
6758.000000 2.012340e-15
6760.000000 2.049600e-15
6762.000000 1.888890e-15
6764.000000 1.840650e-15
6766.000000 1.915650e-15
6768.000000 1.937770e-15
6770.000000 1.790530e-15
6772.000000 1.549300e-15
6774.000000 1.425140e-15
6776.000000 1.227480e-15
6778.000000 1.344870e-15
6780.000000 1.920820e-15
6782.000000 2.265030e-15
6784.000000 2.137720e-15
6786.000000 1.809950e-15
6788.000000 1.649350e-15
6790.000000 1.504680e-15
6792.000000 1.415590e-15
6794.000000 1.381110e-15
6796.000000 1.368230e-15
6798.000000 1.399490e-15
6800.000000 1.431330e-15
6802.000000 1.378420e-15
6804.000000 1.233120e-15
6806.000000 1.345770e-15
6808.000000 1.838650e-15
6810.000000 1.973380e-15
6812.000000 1.675370e-15
6814.000000 1.400040e-15
6816.000000 1.468680e-15
6818.000000 1.717210e-15
6820.000000 1.762610e-15
6822.000000 1.686840e-15
6824.000000 1.657300e-15
6826.000000 1.629200e-15
6828.000000 1.609810e-15
6830.000000 1.631980e-15
6832.000000 1.652870e-15
6834.000000 1.522330e-15
6836.000000 1.156070e-15
6838.000000 1.098290e-15
6840.000000 1.267670e-15
6842.000000 1.426540e-15
6844.000000 1.560350e-15
6846.000000 1.693220e-15
6848.000000 1.827430e-15
6850.000000 2.007670e-15
6852.000000 1.958480e-15
6854.000000 1.658420e-15
6856.000000 1.441610e-15
6858.000000 1.222390e-15
6860.000000 1.106100e-15
6862.000000 1.268110e-15
6864.000000 1.655440e-15
6866.000000 1.657460e-15
6868.000000 1.355500e-15
6870.000000 1.154950e-15
6872.000000 8.872630e-16
6874.000000 7.562180e-16
6876.000000 9.270070e-16
6878.000000 1.261410e-15
6880.000000 1.338340e-15
6882.000000 1.260740e-15
6884.000000 1.202980e-15
6886.000000 1.078690e-15
6888.000000 9.849630e-16
6890.000000 8.870690e-16
6892.000000 8.553730e-16
6894.000000 1.099130e-15
6896.000000 1.692150e-15
6898.000000 1.853230e-15
6900.000000 1.725430e-15
6902.000000 1.610380e-15
6904.000000 1.450350e-15
6906.000000 1.320540e-15
6908.000000 1.352410e-15
6910.000000 1.510180e-15
6912.000000 1.545320e-15
6914.000000 1.509540e-15
6916.000000 1.499540e-15
6918.000000 1.483140e-15
6920.000000 1.495460e-15
6922.000000 1.573520e-15
6924.000000 1.693200e-15
6926.000000 1.751250e-15
6928.000000 1.811830e-15
6930.000000 1.782250e-15
6932.000000 1.583140e-15
6934.000000 1.499290e-15
6936.000000 1.670610e-15
6938.000000 1.929760e-15
6940.000000 1.961510e-15
6942.000000 1.820040e-15
6944.000000 1.791380e-15
6946.000000 1.807010e-15
6948.000000 1.811260e-15
6950.000000 1.770870e-15
6952.000000 1.756590e-15
6954.000000 1.882550e-15
6956.000000 2.156290e-15
6958.000000 2.161150e-15
6960.000000 1.883410e-15
6962.000000 1.785490e-15
6964.000000 1.863910e-15
6966.000000 1.963640e-15
6968.000000 1.996070e-15
6970.000000 2.005960e-15
6972.000000 2.004410e-15
6974.000000 1.995220e-15
6976.000000 1.953310e-15
6978.000000 1.844830e-15
6980.000000 1.775140e-15
6982.000000 1.779270e-15
6984.000000 1.833150e-15
6986.000000 1.940090e-15
6988.000000 2.204750e-15
6990.000000 2.226610e-15
6992.000000 2.044960e-15
6994.000000 1.891170e-15
6996.000000 1.747690e-15
6998.000000 1.655370e-15
7000.000000 1.760040e-15
7002.000000 2.073690e-15
7004.000000 2.181660e-15
7006.000000 2.138410e-15
7008.000000 2.178550e-15
7010.000000 2.354840e-15
7012.000000 2.490280e-15
7014.000000 2.408780e-15
7016.000000 2.171710e-15
7018.000000 2.141930e-15
7020.000000 2.294950e-15
7022.000000 2.315850e-15
7024.000000 2.194770e-15
7026.000000 2.127400e-15
7028.000000 2.222160e-15
7030.000000 2.402170e-15
7032.000000 2.510560e-15
7034.000000 2.641680e-15
7036.000000 2.666740e-15
7038.000000 2.555970e-15
7040.000000 2.497730e-15
7042.000000 2.538220e-15
7044.000000 2.621310e-15
7046.000000 2.698790e-15
7048.000000 2.819110e-15
7050.000000 2.840980e-15
7052.000000 2.792780e-15
7054.000000 2.720820e-15
7056.000000 2.541000e-15
7058.000000 2.426060e-15
7060.000000 2.624430e-15
7062.000000 3.090240e-15
7064.000000 3.196160e-15
7066.000000 3.047830e-15
7068.000000 2.964090e-15
7070.000000 2.878010e-15
7072.000000 2.814240e-15
7074.000000 2.789590e-15
7076.000000 2.796120e-15
7078.000000 2.878950e-15
7080.000000 3.099950e-15
7082.000000 3.199700e-15
7084.000000 3.225130e-15
7086.000000 3.237580e-15
7088.000000 3.247260e-15
7090.000000 3.249570e-15
7092.000000 3.269120e-15
7094.000000 3.341630e-15
7096.000000 3.279500e-15
7098.000000 3.038570e-15
7100.000000 2.913970e-15
7102.000000 2.932340e-15
7104.000000 3.028510e-15
7106.000000 3.184640e-15
7108.000000 3.458120e-15
7110.000000 3.502660e-15
7112.000000 3.333800e-15
7114.000000 3.249190e-15
7116.000000 3.236590e-15
7118.000000 3.226210e-15
7120.000000 3.169850e-15
7122.000000 3.089210e-15
7124.000000 3.082450e-15
7126.000000 3.084260e-15
7128.000000 3.198320e-15
7130.000000 3.480510e-15
7132.000000 3.720050e-15
7134.000000 3.860330e-15
7136.000000 3.928520e-15
7138.000000 3.832700e-15
7140.000000 3.447800e-15
7142.000000 3.361830e-15
7144.000000 3.516270e-15
7146.000000 3.577600e-15
7148.000000 3.442160e-15
7150.000000 3.282720e-15
7152.000000 3.337700e-15
7154.000000 3.576370e-15
7156.000000 3.631890e-15
7158.000000 3.513790e-15
7160.000000 3.544480e-15
7162.000000 3.766280e-15
7164.000000 4.012250e-15
7166.000000 4.149740e-15
7168.000000 4.237680e-15
7170.000000 4.319220e-15
7172.000000 4.338330e-15
7174.000000 4.428630e-15
7176.000000 4.668770e-15
7178.000000 4.790650e-15
7180.000000 4.573950e-15
7182.000000 4.186270e-15
7184.000000 4.215820e-15
7186.000000 4.603520e-15
7188.000000 4.834430e-15
7190.000000 5.075510e-15
7192.000000 5.279260e-15
7194.000000 5.414650e-15
7196.000000 5.526740e-15
7198.000000 5.713300e-15
7200.000000 6.018390e-15
7202.000000 6.059180e-15
7204.000000 5.797670e-15
7206.000000 5.698170e-15
7208.000000 5.790560e-15
7210.000000 5.956000e-15
7212.000000 6.142430e-15
7214.000000 6.413960e-15
7216.000000 6.404710e-15
7218.000000 5.971650e-15
7220.000000 5.943050e-15
7222.000000 6.346450e-15
7224.000000 6.771480e-15
7226.000000 6.955280e-15
7228.000000 7.041860e-15
7230.000000 7.334850e-15
7232.000000 7.960000e-15
7234.000000 8.146350e-15
7236.000000 7.810140e-15
7238.000000 7.718660e-15
7240.000000 8.278590e-15
7242.000000 9.044340e-15
7244.000000 9.090070e-15
7246.000000 8.443700e-15
7248.000000 8.412370e-15
7250.000000 8.865320e-15
7252.000000 9.031400e-15
7254.000000 8.728660e-15
7256.000000 8.329990e-15
7258.000000 8.246750e-15
7260.000000 8.326390e-15
7262.000000 8.432820e-15
7264.000000 8.589450e-15
7266.000000 8.858710e-15
7268.000000 9.371380e-15
7270.000000 9.804540e-15
7272.000000 9.873750e-15
7274.000000 9.707070e-15
7276.000000 9.653170e-15
7278.000000 9.685790e-15
7280.000000 9.502530e-15
7282.000000 8.967830e-15
7284.000000 8.615770e-15
7286.000000 8.748310e-15
7288.000000 9.112130e-15
7290.000000 9.151110e-15
7292.000000 9.005570e-15
7294.000000 8.906680e-15
7296.000000 8.751250e-15
7298.000000 8.636060e-15
7300.000000 8.567460e-15
7302.000000 8.540960e-15
7304.000000 8.589140e-15
7306.000000 8.753620e-15
7308.000000 8.743470e-15
7310.000000 8.597890e-15
7312.000000 8.474660e-15
7314.000000 8.333620e-15
7316.000000 8.231360e-15
7318.000000 8.254190e-15
7320.000000 8.377360e-15
7322.000000 8.410170e-15
7324.000000 8.374480e-15
7326.000000 8.403710e-15
7328.000000 8.465420e-15
7330.000000 8.574460e-15
7332.000000 8.799900e-15
7334.000000 9.081850e-15
7336.000000 9.051460e-15
7338.000000 8.744630e-15
7340.000000 8.484370e-15
7342.000000 8.046190e-15
7344.000000 7.793870e-15
7346.000000 7.875930e-15
7348.000000 8.106110e-15
7350.000000 8.193000e-15
7352.000000 8.275770e-15
7354.000000 8.238200e-15
7356.000000 8.011530e-15
7358.000000 7.904550e-15
7360.000000 8.001680e-15
7362.000000 8.097050e-15
7364.000000 7.941460e-15
7366.000000 7.580410e-15
7368.000000 7.538380e-15
7370.000000 7.792740e-15
7372.000000 7.877940e-15
7374.000000 7.841580e-15
7376.000000 7.751840e-15
7378.000000 7.619780e-15
7380.000000 7.440150e-15
7382.000000 7.326840e-15
7384.000000 7.283990e-15
7386.000000 7.166720e-15
7388.000000 6.987690e-15
7390.000000 6.812040e-15
7392.000000 6.656730e-15
7394.000000 6.510510e-15
7396.000000 6.375180e-15
7398.000000 6.179070e-15
7400.000000 6.202380e-15
7402.000000 6.479410e-15
7404.000000 6.667030e-15
7406.000000 6.744840e-15
7408.000000 6.752260e-15
7410.000000 6.673260e-15
7412.000000 6.495730e-15
7414.000000 6.337350e-15
7416.000000 6.068190e-15
7418.000000 5.972080e-15
7420.000000 6.107470e-15
7422.000000 6.258720e-15
7424.000000 6.295610e-15
7426.000000 6.291490e-15
7428.000000 6.010440e-15
7430.000000 5.216870e-15
7432.000000 4.936670e-15
7434.000000 5.131430e-15
7436.000000 5.305000e-15
7438.000000 5.257730e-15
7440.000000 5.121840e-15
7442.000000 4.974100e-15
7444.000000 4.682540e-15
7446.000000 4.615220e-15
7448.000000 4.797620e-15
7450.000000 4.851220e-15
7452.000000 4.685180e-15
7454.000000 4.426190e-15
7456.000000 4.192510e-15
7458.000000 3.870960e-15
7460.000000 3.798110e-15
7462.000000 3.993720e-15
7464.000000 4.081670e-15
7466.000000 4.090380e-15
7468.000000 4.025940e-15
7470.000000 3.822680e-15
7472.000000 3.475290e-15
7474.000000 3.383960e-15
7476.000000 3.494590e-15
7478.000000 3.556490e-15
7480.000000 3.662130e-15
7482.000000 3.700980e-15
7484.000000 3.562500e-15
7486.000000 3.322100e-15
7488.000000 3.284870e-15
7490.000000 3.440320e-15
7492.000000 3.459770e-15
7494.000000 3.432000e-15
7496.000000 3.365100e-15
7498.000000 3.242240e-15
7500.000000 3.090960e-15
7502.000000 2.983400e-15
7504.000000 2.873240e-15
7506.000000 2.841170e-15
7508.000000 2.881440e-15
7510.000000 2.938190e-15
7512.000000 3.051630e-15
7514.000000 3.143750e-15
7516.000000 3.086820e-15
7518.000000 2.900320e-15
7520.000000 2.860870e-15
7522.000000 2.959460e-15
7524.000000 2.943750e-15
7526.000000 2.820580e-15
7528.000000 2.667070e-15
7530.000000 2.502810e-15
7532.000000 2.316780e-15
7534.000000 2.276420e-15
7536.000000 2.395620e-15
7538.000000 2.437520e-15
7540.000000 2.484060e-15
7542.000000 2.474920e-15
7544.000000 2.363580e-15
7546.000000 2.199770e-15
7548.000000 2.105480e-15
7550.000000 1.968960e-15
7552.000000 2.045030e-15
7554.000000 2.394640e-15
7556.000000 2.622980e-15
7558.000000 2.711460e-15
7560.000000 2.687650e-15
7562.000000 2.481220e-15
7564.000000 2.038700e-15
7566.000000 1.853120e-15
7568.000000 1.759630e-15
7570.000000 1.782970e-15
7572.000000 2.002010e-15
7574.000000 2.230830e-15
7576.000000 2.308400e-15
7578.000000 2.308890e-15
7580.000000 2.285170e-15
7582.000000 2.239020e-15
7584.000000 2.106890e-15
7586.000000 1.799110e-15
7588.000000 1.580700e-15
7590.000000 1.537000e-15
7592.000000 1.628610e-15
7594.000000 2.006330e-15
7596.000000 3.123840e-15
7598.000000 3.217680e-15
7600.000000 2.238780e-15
7602.000000 1.780990e-15
7604.000000 2.455710e-15
7606.000000 3.374760e-15
7608.000000 3.151400e-15
7610.000000 1.956830e-15
7612.000000 1.664570e-15
7614.000000 1.875710e-15
7616.000000 2.036450e-15
7618.000000 2.185590e-15
7620.000000 2.327620e-15
7622.000000 2.419330e-15
7624.000000 2.490660e-15
7626.000000 2.433670e-15
7628.000000 2.229600e-15
7630.000000 2.051130e-15
7632.000000 1.834100e-15
7634.000000 1.658250e-15
7636.000000 1.567040e-15
7638.000000 1.537750e-15
7640.000000 1.603290e-15
7642.000000 1.891020e-15
7644.000000 1.935780e-15
7646.000000 1.799730e-15
7648.000000 1.658930e-15
7650.000000 1.528770e-15
7652.000000 1.415640e-15
7654.000000 1.430320e-15
7656.000000 1.546490e-15
7658.000000 1.695490e-15
7660.000000 1.967780e-15
7662.000000 2.160230e-15
7664.000000 2.274340e-15
7666.000000 2.318620e-15
7668.000000 2.257860e-15
7670.000000 2.078310e-15
7672.000000 1.989480e-15
7674.000000 1.892860e-15
7676.000000 1.884300e-15
7678.000000 1.997360e-15
7680.000000 2.119420e-15
7682.000000 2.160570e-15
7684.000000 2.164240e-15
7686.000000 2.252610e-15
7688.000000 2.413520e-15
7690.000000 2.548720e-15
7692.000000 2.672010e-15
7694.000000 2.809980e-15
7696.000000 3.018540e-15
7698.000000 3.229830e-15
7700.000000 3.201440e-15
7702.000000 2.920720e-15
7704.000000 2.774020e-15
7706.000000 2.480380e-15
7708.000000 2.510310e-15
7710.000000 3.125440e-15
7712.000000 3.855970e-15
7714.000000 3.979660e-15
7716.000000 3.676680e-15
7718.000000 3.608860e-15
7720.000000 3.544930e-15
7722.000000 3.551060e-15
7724.000000 3.700820e-15
7726.000000 3.812650e-15
7728.000000 3.699560e-15
7730.000000 3.430940e-15
7732.000000 3.307440e-15
7734.000000 3.237440e-15
7736.000000 3.190540e-15
7738.000000 3.156650e-15
7740.000000 3.177720e-15
7742.000000 3.294560e-15
7744.000000 3.473030e-15
7746.000000 3.580990e-15
7748.000000 3.690960e-15
7750.000000 3.718430e-15
7752.000000 3.618730e-15
7754.000000 3.585040e-15
7756.000000 3.692710e-15
7758.000000 3.837950e-15
7760.000000 3.865080e-15
7762.000000 3.843180e-15
7764.000000 3.735520e-15
7766.000000 3.426540e-15
7768.000000 3.294390e-15
7770.000000 3.410540e-15
7772.000000 3.571180e-15
7774.000000 3.564090e-15
7776.000000 3.448610e-15
7778.000000 3.557660e-15
7780.000000 3.952510e-15
7782.000000 4.093530e-15
7784.000000 4.006020e-15
7786.000000 3.861120e-15
7788.000000 3.731250e-15
7790.000000 3.579170e-15
7792.000000 3.479550e-15
7794.000000 3.453090e-15
7796.000000 3.343400e-15
7798.000000 3.055990e-15
7800.000000 2.958230e-15
7802.000000 3.220330e-15
7804.000000 3.656450e-15
7806.000000 3.941680e-15
7808.000000 4.277010e-15
7810.000000 4.343160e-15
7812.000000 4.143470e-15
7814.000000 3.951090e-15
7816.000000 3.703750e-15
7818.000000 3.515350e-15
7820.000000 3.634870e-15
7822.000000 4.048460e-15
7824.000000 4.126140e-15
7826.000000 3.984670e-15
7828.000000 3.890210e-15
7830.000000 3.774410e-15
7832.000000 3.710460e-15
7834.000000 3.794120e-15
7836.000000 3.983980e-15
7838.000000 4.041970e-15
7840.000000 4.092980e-15
7842.000000 3.995050e-15
7844.000000 3.656310e-15
7846.000000 3.404500e-15
7848.000000 3.375830e-15
7850.000000 3.468890e-15
7852.000000 3.580080e-15
7854.000000 3.777200e-15
7856.000000 3.951530e-15
7858.000000 4.252880e-15
7860.000000 4.348590e-15
7862.000000 4.113010e-15
7864.000000 3.757030e-15
7866.000000 3.575630e-15
7868.000000 3.463850e-15
7870.000000 3.339950e-15
7872.000000 3.258610e-15
7874.000000 3.132180e-15
7876.000000 2.849290e-15
7878.000000 2.677000e-15
7880.000000 2.927690e-15
7882.000000 3.507790e-15
7884.000000 3.695110e-15
7886.000000 3.729980e-15
7888.000000 3.616380e-15
7890.000000 3.225910e-15
7892.000000 2.880210e-15
7894.000000 2.772700e-15
7896.000000 2.775080e-15
7898.000000 2.637080e-15
7900.000000 2.450190e-15
7902.000000 2.208540e-15
7904.000000 1.855270e-15
7906.000000 1.552020e-15
7908.000000 1.294660e-15
7910.000000 1.112300e-15
7912.000000 1.153760e-15
7914.000000 1.454260e-15
7916.000000 1.582540e-15
7918.000000 1.644640e-15
7920.000000 1.721510e-15
7922.000000 1.777550e-15
7924.000000 1.878130e-15
7926.000000 2.159130e-15
7928.000000 2.632000e-15
7930.000000 2.673020e-15
7932.000000 2.348650e-15
7934.000000 2.092060e-15
7936.000000 1.742240e-15
7938.000000 1.511900e-15
7940.000000 1.595040e-15
7942.000000 1.884600e-15
7944.000000 2.020410e-15
7946.000000 2.098140e-15
7948.000000 2.217780e-15
7950.000000 2.412150e-15
7952.000000 2.523420e-15
7954.000000 2.459030e-15
7956.000000 2.322140e-15
7958.000000 2.340570e-15
7960.000000 2.493310e-15
7962.000000 2.518070e-15
7964.000000 2.557660e-15
7966.000000 2.429110e-15
7968.000000 1.998450e-15
7970.000000 1.530650e-15
7972.000000 1.398800e-15
7974.000000 1.483730e-15
7976.000000 1.540720e-15
7978.000000 1.691780e-15
7980.000000 1.802440e-15
7982.000000 1.871520e-15
7984.000000 1.942600e-15
7986.000000 2.036690e-15
7988.000000 2.141850e-15
7990.000000 2.304260e-15
7992.000000 2.596690e-15
7994.000000 2.730620e-15
7996.000000 2.758330e-15
7998.000000 2.716500e-15
8000.000000 2.607130e-15
8002.000000 2.433940e-15
8004.000000 2.243710e-15
8006.000000 1.996420e-15
8008.000000 1.774300e-15
8010.000000 1.435970e-15
8012.000000 1.311080e-15
8014.000000 1.543720e-15
8016.000000 1.900190e-15
8018.000000 2.039920e-15
8020.000000 2.129500e-15
8022.000000 2.014500e-15
8024.000000 1.543860e-15
8026.000000 1.319770e-15
8028.000000 1.451690e-15
8030.000000 1.579690e-15
8032.000000 1.341660e-15
8034.000000 8.493960e-16
8036.000000 7.783570e-16
8038.000000 1.023800e-15
8040.000000 1.201590e-15
8042.000000 1.410530e-15
8044.000000 1.592810e-15
8046.000000 1.715090e-15
8048.000000 1.795070e-15
8050.000000 1.809450e-15
8052.000000 1.628570e-15
8054.000000 1.717330e-15
8056.000000 2.082910e-15
8058.000000 2.343840e-15
8060.000000 2.440290e-15
8062.000000 2.410910e-15
8064.000000 2.158040e-15
8066.000000 1.552190e-15
8068.000000 1.342300e-15
8070.000000 1.429030e-15
8072.000000 1.425140e-15
8074.000000 1.279310e-15
8076.000000 1.134270e-15
8078.000000 1.122960e-15
8080.000000 1.203640e-15
8082.000000 1.244120e-15
8084.000000 1.280210e-15
8086.000000 1.334600e-15
8088.000000 1.441830e-15
8090.000000 1.510180e-15
8092.000000 1.460860e-15
8094.000000 1.335140e-15
8096.000000 1.288950e-15
8098.000000 1.218700e-15
8100.000000 1.287930e-15
8102.000000 1.585030e-15
8104.000000 1.763920e-15
8106.000000 1.627150e-15
8108.000000 1.380760e-15
8110.000000 1.486020e-15
8112.000000 1.996560e-15
8114.000000 2.021590e-15
8116.000000 1.674790e-15
8118.000000 1.403890e-15
8120.000000 1.218260e-15
8122.000000 1.101870e-15
8124.000000 1.150440e-15
8126.000000 1.401500e-15
8128.000000 1.375850e-15
8130.000000 1.127290e-15
8132.000000 9.599440e-16
8134.000000 8.244150e-16
8136.000000 7.483840e-16
8138.000000 8.026010e-16
8140.000000 9.651600e-16
8142.000000 9.673880e-16
8144.000000 8.575760e-16
8146.000000 7.746740e-16
8148.000000 6.272220e-16
8150.000000 5.707470e-16
8152.000000 7.599940e-16
8154.000000 1.051990e-15
8156.000000 9.436720e-16
8158.000000 3.121520e-16
8160.000000 2.366590e-16
8162.000000 6.323090e-16
8164.000000 8.389990e-16
8166.000000 6.490570e-16
8168.000000 3.661420e-16
8170.000000 3.700570e-16
8172.000000 4.231100e-16
8174.000000 9.606930e-16
8176.000000 2.424970e-15
8178.000000 3.078940e-15
8180.000000 2.716950e-15
8182.000000 2.091530e-15
8184.000000 1.844550e-15
8186.000000 1.722410e-15
8188.000000 1.301580e-15
8190.000000 3.298340e-16
8192.000000 5.739740e-17
8194.000000 5.587680e-16
8196.000000 1.060390e-15
8198.000000 1.085370e-15
8200.000000 9.263570e-16
8202.000000 1.228810e-15
8204.000000 2.144210e-15
8206.000000 2.395870e-15
8208.000000 2.195700e-15
8210.000000 1.932780e-15
8212.000000 1.643760e-15
8214.000000 1.333980e-15
8216.000000 1.217830e-15
8218.000000 1.317720e-15
8220.000000 1.177380e-15
8222.000000 8.079700e-16
8224.000000 5.875040e-16
8226.000000 5.417290e-16
8228.000000 5.905200e-16
8230.000000 7.205800e-16
8232.000000 1.000280e-15
8234.000000 9.522170e-16
8236.000000 5.017070e-16
8238.000000 3.650550e-16
8240.000000 5.787740e-16
8242.000000 7.943320e-16
8244.000000 7.695170e-16
8246.000000 6.257740e-16
8248.000000 6.489910e-16
8250.000000 7.793900e-16
8252.000000 8.884010e-16
8254.000000 9.935200e-16
8256.000000 1.132890e-15
8258.000000 1.389170e-15
8260.000000 1.658500e-15
8262.000000 1.588940e-15
8264.000000 1.202030e-15
8266.000000 9.184930e-16
8268.000000 4.956130e-16
8270.000000 2.657080e-16
8272.000000 3.196270e-16
8274.000000 4.935250e-16
8276.000000 6.014330e-16
8278.000000 7.432050e-16
8280.000000 7.822080e-16
8282.000000 7.233140e-16
8284.000000 6.842750e-16
8286.000000 6.147500e-16
8288.000000 5.984480e-16
8290.000000 7.461290e-16
8292.000000 1.021370e-15
8294.000000 1.128190e-15
8296.000000 1.113670e-15
8298.000000 1.148470e-15
8300.000000 1.194920e-15
8302.000000 1.254790e-15
8304.000000 1.366010e-15
8306.000000 1.489120e-15
8308.000000 1.424730e-15
8310.000000 1.113610e-15
8312.000000 1.009750e-15
8314.000000 9.921700e-16
8316.000000 1.024000e-15
8318.000000 1.147980e-15
8320.000000 1.286470e-15
8322.000000 1.252420e-15
8324.000000 1.067850e-15
8326.000000 9.880710e-16
8328.000000 8.294900e-16
8330.000000 9.032800e-16
8332.000000 1.257150e-15
8334.000000 1.740750e-15
8336.000000 2.255830e-15
8338.000000 2.881830e-15
8340.000000 3.262170e-15
8342.000000 3.617750e-15
8344.000000 3.620980e-15
8346.000000 3.191120e-15
8348.000000 2.673870e-15
8350.000000 2.198980e-15
8352.000000 1.707010e-15
8354.000000 1.561820e-15
8356.000000 1.867260e-15
8358.000000 1.846970e-15
8360.000000 1.640210e-15
8362.000000 1.441360e-15
8364.000000 1.272790e-15
8366.000000 1.133530e-15
8368.000000 1.128430e-15
8370.000000 1.274580e-15
8372.000000 1.330400e-15
8374.000000 1.396490e-15
8376.000000 1.394620e-15
8378.000000 1.316800e-15
8380.000000 1.183160e-15
8382.000000 9.582170e-16
8384.000000 5.540620e-16
8386.000000 7.100680e-16
8388.000000 1.305050e-15
8390.000000 1.973820e-15
8392.000000 3.077740e-15
8394.000000 3.890240e-15
8396.000000 3.742680e-15
8398.000000 2.951170e-15
8400.000000 2.620060e-15
8402.000000 2.385730e-15
8404.000000 2.195530e-15
8406.000000 2.133380e-15
8408.000000 2.012360e-15
8410.000000 1.703970e-15
8412.000000 1.334610e-15
8414.000000 1.232150e-15
8416.000000 1.373950e-15
8418.000000 1.389650e-15
8420.000000 1.318130e-15
8422.000000 1.364980e-15
8424.000000 1.622850e-15
8426.000000 1.928490e-15
8428.000000 2.086730e-15
8430.000000 2.301310e-15
8432.000000 1.871260e-15
8434.000000 3.096250e-16
8438.000000 4.985610e-16
8440.000000 1.441280e-15
8442.000000 1.807980e-15
8444.000000 1.961970e-15
8446.000000 2.049750e-15
8448.000000 1.846610e-15
8450.000000 1.917920e-15
8452.000000 2.340460e-15
8454.000000 2.618900e-15
8456.000000 2.486440e-15
8458.000000 2.122890e-15
8460.000000 1.834680e-15
8462.000000 1.185890e-15
8464.000000 1.280810e-15
8466.000000 2.121740e-15
8468.000000 2.802380e-15
8470.000000 3.159910e-15
8472.000000 3.353970e-15
8474.000000 3.384050e-15
8476.000000 3.178740e-15
8478.000000 3.076890e-15
8480.000000 2.937640e-15
8482.000000 2.867380e-15
8484.000000 2.843040e-15
8486.000000 2.899440e-15
8488.000000 3.129900e-15
8490.000000 3.547740e-15
8492.000000 3.644190e-15
8494.000000 3.367210e-15
8496.000000 3.408730e-15
8498.000000 3.822070e-15
8500.000000 4.181860e-15
8502.000000 4.217730e-15
8504.000000 4.080690e-15
8506.000000 4.066850e-15
8508.000000 4.084710e-15
8510.000000 4.093170e-15
8512.000000 4.090980e-15
8514.000000 4.110920e-15
8516.000000 4.160530e-15
8518.000000 4.234700e-15
8520.000000 4.340280e-15
8522.000000 4.506170e-15
8524.000000 4.602930e-15
8526.000000 4.660570e-15
8528.000000 4.706330e-15
8530.000000 4.723160e-15
8532.000000 4.743960e-15
8534.000000 4.809030e-15
8536.000000 4.874960e-15
8538.000000 5.120380e-15
8540.000000 5.645440e-15
8542.000000 5.962560e-15
8544.000000 6.151360e-15
8546.000000 6.182390e-15
8548.000000 5.912430e-15
8550.000000 5.389440e-15
8552.000000 5.426260e-15
8554.000000 6.015930e-15
8556.000000 6.272100e-15
8558.000000 6.327250e-15
8560.000000 6.379760e-15
8562.000000 6.485860e-15
8564.000000 6.613340e-15
8566.000000 6.801870e-15
8568.000000 7.067670e-15
8570.000000 7.297870e-15
8572.000000 7.515340e-15
8574.000000 7.750830e-15
8576.000000 8.030130e-15
8578.000000 8.308120e-15
8580.000000 8.503560e-15
8582.000000 8.620920e-15
8584.000000 8.814760e-15
8586.000000 9.024030e-15
8588.000000 9.286180e-15
8590.000000 9.597290e-15
8592.000000 9.958020e-15
8594.000000 1.041760e-14
8596.000000 1.098790e-14
8598.000000 1.119980e-14
8600.000000 1.106920e-14
8602.000000 1.104760e-14
8604.000000 1.100500e-14
8606.000000 1.103840e-14
8608.000000 1.124260e-14
8610.000000 1.154800e-14
8612.000000 1.171130e-14
8614.000000 1.167510e-14
8616.000000 1.192810e-14
8618.000000 1.244820e-14
8620.000000 1.290800e-14
8622.000000 1.327980e-14
8624.000000 1.356300e-14
8626.000000 1.361190e-14
8628.000000 1.342690e-14
8630.000000 1.326670e-14
8632.000000 1.298380e-14
8634.000000 1.277820e-14
8636.000000 1.266460e-14
8638.000000 1.259030e-14
8640.000000 1.255070e-14
8642.000000 1.259670e-14
8644.000000 1.230880e-14
8646.000000 1.161270e-14
8648.000000 1.117300e-14
8650.000000 1.090160e-14
8652.000000 1.074250e-14
8654.000000 1.072810e-14
8656.000000 1.083800e-14
8658.000000 1.074970e-14
8660.000000 1.040650e-14
8662.000000 1.036970e-14
8664.000000 1.059090e-14
8666.000000 1.081020e-14
8668.000000 1.100850e-14
8670.000000 1.116370e-14
8672.000000 1.102440e-14
8674.000000 1.050110e-14
8676.000000 1.033250e-14
8678.000000 1.038460e-14
8680.000000 1.039760e-14
8682.000000 1.035550e-14
8684.000000 1.029260e-14
8686.000000 1.019810e-14
8688.000000 1.004580e-14
8690.000000 1.003380e-14
8692.000000 1.018010e-14
8694.000000 1.023370e-14
8696.000000 1.017410e-14
8698.000000 1.012370e-14
8700.000000 1.017660e-14
8702.000000 1.029100e-14
8704.000000 1.036030e-14
8706.000000 1.042870e-14
8708.000000 1.047030e-14
8710.000000 1.049600e-14
8712.000000 1.049320e-14
8714.000000 1.043950e-14
8716.000000 1.035860e-14
8718.000000 1.034360e-14
8720.000000 1.037860e-14
8722.000000 1.039810e-14
8724.000000 1.042190e-14
8726.000000 1.044920e-14
8728.000000 1.047330e-14
8730.000000 1.050610e-14
8732.000000 1.058300e-14
8734.000000 1.074690e-14
8736.000000 1.070050e-14
8738.000000 1.043100e-14
8740.000000 1.025830e-14
8742.000000 1.016410e-14
8744.000000 1.012700e-14
8746.000000 1.016420e-14
8748.000000 1.027680e-14
8750.000000 1.035810e-14
8752.000000 1.063230e-14
8754.000000 1.049640e-14
8756.000000 9.801330e-15
8758.000000 9.213400e-15
8760.000000 9.055220e-15
8762.000000 9.144850e-15
8764.000000 9.491930e-15
8766.000000 1.062110e-14
8768.000000 1.075450e-14
8770.000000 1.005290e-14
8772.000000 9.450850e-15
8774.000000 9.205480e-15
8776.000000 9.048760e-15
8778.000000 8.712550e-15
8780.000000 8.155240e-15
8782.000000 8.023610e-15
8784.000000 8.039200e-15
8786.000000 8.436120e-15
8788.000000 9.577610e-15
8790.000000 1.069320e-14
8792.000000 1.076560e-14
8794.000000 1.008360e-14
8796.000000 9.879060e-15
8798.000000 9.752200e-15
8800.000000 9.699660e-15
8802.000000 9.838520e-15
8804.000000 9.889440e-15
8806.000000 9.633350e-15
8808.000000 9.183560e-15
8810.000000 8.824710e-15
8812.000000 8.341230e-15
8814.000000 8.119230e-15
8816.000000 8.051070e-15
8818.000000 8.162980e-15
8820.000000 8.558260e-15
8822.000000 9.100630e-15
8824.000000 9.353420e-15
8826.000000 9.540650e-15
8828.000000 9.427310e-15
8830.000000 8.933320e-15
8832.000000 8.492940e-15
8834.000000 8.041510e-15
8836.000000 7.706870e-15
8838.000000 7.855720e-15
8840.000000 8.544370e-15
8842.000000 8.494590e-15
8844.000000 7.660930e-15
8846.000000 7.432120e-15
8848.000000 7.913040e-15
8850.000000 8.480020e-15
8852.000000 8.718180e-15
8854.000000 8.832210e-15
8856.000000 8.719320e-15
8858.000000 8.304360e-15
8860.000000 7.944040e-15
8862.000000 7.492740e-15
8864.000000 7.121250e-15
8866.000000 6.886930e-15
8868.000000 6.763150e-15
8870.000000 6.847530e-15
8872.000000 7.262660e-15
8874.000000 7.453960e-15
8876.000000 7.547280e-15
8878.000000 7.650670e-15
8880.000000 7.847120e-15
8882.000000 8.001860e-15
8884.000000 7.886870e-15
8886.000000 7.641730e-15
8888.000000 7.022130e-15
8890.000000 5.508510e-15
8892.000000 4.888740e-15
8894.000000 5.479670e-15
8896.000000 6.288980e-15
8898.000000 6.426100e-15
8900.000000 6.254980e-15
8902.000000 6.207400e-15
8904.000000 6.134660e-15
8906.000000 6.055140e-15
8908.000000 6.198280e-15
8910.000000 5.987380e-15
8912.000000 4.804020e-15
8914.000000 3.072110e-15
8916.000000 2.839820e-15
8918.000000 3.776330e-15
8920.000000 4.558740e-15
8922.000000 6.107190e-15
8924.000000 6.912080e-15
8926.000000 6.343510e-15
8928.000000 5.127820e-15
8930.000000 4.420470e-15
8932.000000 3.640230e-15
8934.000000 3.375600e-15
8936.000000 3.660350e-15
8938.000000 3.866820e-15
8940.000000 4.006790e-15
8942.000000 4.099090e-15
8944.000000 4.100830e-15
8946.000000 4.082700e-15
8948.000000 3.652300e-15
8950.000000 2.548970e-15
8952.000000 1.981870e-15
8954.000000 1.783640e-15
8956.000000 1.916130e-15
8958.000000 2.569360e-15
8960.000000 3.660160e-15
8962.000000 3.892050e-15
8964.000000 3.484170e-15
8966.000000 3.188390e-15
8968.000000 2.679310e-15
8970.000000 2.325970e-15
8972.000000 2.299800e-15
8974.000000 2.452630e-15
8976.000000 2.555970e-15
8978.000000 2.710390e-15
8980.000000 2.857190e-15
8982.000000 3.066700e-15
8984.000000 3.188250e-15
8986.000000 3.200490e-15
8988.000000 3.139330e-15
8990.000000 3.036170e-15
8992.000000 2.899380e-15
8994.000000 2.604410e-15
8996.000000 1.991090e-15
8998.000000 1.669110e-15
9000.000000 1.572980e-15
9002.000000 1.695990e-15
9004.000000 2.183280e-15
9006.000000 3.025510e-15
9008.000000 3.184240e-15
9010.000000 2.806820e-15
9012.000000 2.547810e-15
9014.000000 2.158140e-15
9016.000000 1.914130e-15
9018.000000 2.026730e-15
9020.000000 2.331130e-15
9022.000000 2.358040e-15
9024.000000 2.128390e-15
9026.000000 2.153930e-15
9028.000000 2.329080e-15
9030.000000 2.526940e-15
9032.000000 2.799960e-15
9034.000000 3.043850e-15
9036.000000 2.976430e-15
9038.000000 2.636310e-15
9040.000000 2.378540e-15
9042.000000 2.009660e-15
9044.000000 1.777510e-15
9046.000000 1.638490e-15
9048.000000 1.649020e-15
9050.000000 1.956970e-15
9052.000000 2.567030e-15
9054.000000 2.776310e-15
9056.000000 2.800300e-15
9058.000000 2.690010e-15
9060.000000 2.296010e-15
9062.000000 1.962590e-15
9064.000000 1.925610e-15
9066.000000 2.048850e-15
9068.000000 2.054890e-15
9070.000000 2.019410e-15
9072.000000 2.015960e-15
9074.000000 1.983090e-15
9076.000000 2.033240e-15
9078.000000 2.221510e-15
9080.000000 2.484760e-15
9082.000000 2.716010e-15
9084.000000 3.048610e-15
9086.000000 3.094710e-15
9088.000000 2.881770e-15
9090.000000 2.675030e-15
9092.000000 2.436870e-15
9094.000000 2.230170e-15
9096.000000 2.199910e-15
9098.000000 2.315380e-15
9100.000000 2.356310e-15
9102.000000 2.461940e-15
9104.000000 2.420540e-15
9106.000000 2.152480e-15
9108.000000 1.916610e-15
9110.000000 1.926670e-15
9112.000000 2.081910e-15
9114.000000 2.071740e-15
9116.000000 1.950290e-15
9118.000000 1.889770e-15
9120.000000 1.817420e-15
9122.000000 1.815450e-15
9124.000000 1.952850e-15
9126.000000 2.159500e-15
9128.000000 2.237300e-15
9130.000000 2.259380e-15
9132.000000 2.226600e-15
9134.000000 2.071410e-15
9136.000000 1.985240e-15
9138.000000 2.006740e-15
9140.000000 2.073520e-15
9142.000000 2.128070e-15
9144.000000 2.204800e-15
9146.000000 2.242510e-15
9148.000000 2.246240e-15
9150.000000 2.259430e-15
9152.000000 2.342490e-15
9154.000000 2.350090e-15
9156.000000 2.095270e-15
9158.000000 1.626770e-15
9160.000000 1.527130e-15
9162.000000 1.782760e-15
9164.000000 1.808740e-15
9166.000000 1.598700e-15
9168.000000 1.476870e-15
9170.000000 1.629230e-15
9172.000000 1.926780e-15
9174.000000 2.087630e-15
9176.000000 2.239760e-15
9178.000000 2.293130e-15
9180.000000 2.198660e-15
9182.000000 2.165160e-15
9184.000000 2.250880e-15
9186.000000 2.385360e-15
9188.000000 2.500580e-15
9190.000000 2.686080e-15
9192.000000 2.646850e-15
9194.000000 2.357230e-15
9196.000000 2.165140e-15
9198.000000 2.024960e-15
9200.000000 1.988790e-15
9202.000000 2.212670e-15
9204.000000 2.702460e-15
9206.000000 2.774120e-15
9208.000000 2.367370e-15
9210.000000 2.380340e-15
9212.000000 2.869590e-15
9214.000000 3.318650e-15
9216.000000 3.442350e-15
9218.000000 3.393780e-15
9220.000000 3.222230e-15
9222.000000 2.707930e-15
9224.000000 2.524930e-15
9226.000000 2.575140e-15
9228.000000 2.643360e-15
9230.000000 2.649310e-15
9232.000000 2.671710e-15
9234.000000 2.831720e-15
9236.000000 3.190070e-15
9238.000000 3.310990e-15
9240.000000 3.267920e-15
9242.000000 3.232210e-15
9244.000000 3.229710e-15
9246.000000 3.204830e-15
9248.000000 3.096430e-15
9250.000000 2.902140e-15
9252.000000 2.810750e-15
9254.000000 2.845620e-15
9256.000000 2.747140e-15
9258.000000 2.467680e-15
9260.000000 2.200150e-15
9262.000000 2.084910e-15
9264.000000 2.054880e-15
9266.000000 2.037830e-15
9268.000000 2.061420e-15
9270.000000 2.115920e-15
9272.000000 2.226890e-15
9274.000000 2.333730e-15
9276.000000 2.411390e-15
9278.000000 2.477630e-15
9280.000000 2.548750e-15
9282.000000 2.689600e-15
9284.000000 2.642200e-15
9286.000000 2.376810e-15
9288.000000 2.195380e-15
9290.000000 2.159950e-15
9292.000000 2.177850e-15
9294.000000 2.148300e-15
9296.000000 2.058740e-15
9298.000000 2.196190e-15
9300.000000 2.479100e-15
9302.000000 2.880930e-15
9304.000000 4.103600e-15
9306.000000 4.598860e-15
9308.000000 2.489190e-15
9310.000000 2.443010e-15
9312.000000 2.396840e-15
9314.000000 2.350670e-15
9316.000000 2.304490e-15
9318.000000 2.258320e-15
9320.000000 2.212150e-15
9322.000000 2.165970e-15
9324.000000 2.119800e-15
9326.000000 2.073630e-15
9328.000000 2.027450e-15
9330.000000 2.027450e-15
9332.000000 1.657540e-15
9334.000000 1.266100e-15
9336.000000 1.156840e-15
9338.000000 1.005110e-15
9340.000000 4.642140e-16
9346.000000 8.727730e-16
9348.000000 2.330300e-15
9350.000000 4.100350e-15
9352.000000 5.625570e-15
9354.000000 6.018790e-15
9356.000000 5.584080e-15
9358.000000 5.039980e-15
9360.000000 2.773980e-15
9362.000000 3.115450e-15
9364.000000 3.180300e-15
9366.000000 3.245150e-15
9368.000000 3.310010e-15
9370.000000 3.374860e-15
9372.000000 3.439710e-15
9374.000000 3.504570e-15
9376.000000 3.569420e-15
9378.000000 3.634270e-15
9380.000000 3.699130e-15
9382.000000 3.763980e-15
9384.000000 3.828830e-15
9386.000000 3.893690e-15
9388.000000 3.893690e-15
9390.000000 2.441970e-15
9392.000000 2.541080e-15
9394.000000 2.610200e-15
9396.000000 2.661990e-15
9398.000000 2.682030e-15
9400.000000 2.258200e-15
9402.000000 1.359340e-15
9404.000000 1.280490e-15
9406.000000 1.609140e-15
9408.000000 2.340500e-15
9410.000000 4.118940e-15
9412.000000 5.459930e-15
9414.000000 4.984260e-15
9416.000000 3.290520e-15
9418.000000 2.178900e-15
9420.000000 4.606160e-16
9422.000000 1.281680e-17
9424.000000 9.021050e-16
9426.000000 1.854400e-15
9428.000000 2.348480e-15
9430.000000 2.736660e-15
9432.000000 3.265790e-15
9434.000000 4.054990e-15
9436.000000 4.357930e-15
9438.000000 4.177300e-15
9440.000000 4.129870e-15
9442.000000 4.389890e-15
9444.000000 4.699120e-15
9446.000000 4.767260e-15
9448.000000 4.820970e-15
9450.000000 4.290580e-15
9452.000000 2.800730e-15
9454.000000 2.019330e-15
9456.000000 2.108230e-15
9458.000000 2.400020e-15
9460.000000 2.369270e-15
9462.000000 2.245180e-15
9464.000000 2.158810e-15
9466.000000 2.262850e-15
9468.000000 1.930960e-15
9470.000000 9.077260e-16
9472.000000 1.320890e-16
9474.000000 1.809750e-16
9476.000000 6.958570e-16
9478.000000 9.727830e-16
9480.000000 1.549600e-15
9482.000000 1.459210e-15
9484.000000 4.030930e-16
9488.000000 6.168390e-16
9490.000000 1.811250e-15
9492.000000 2.715350e-15
9494.000000 3.932410e-15
9496.000000 4.182510e-15
9498.000000 3.613600e-15
9500.000000 2.948110e-15
9502.000000 1.938580e-15
9504.000000 1.032960e-15
9506.000000 9.342400e-16
9508.000000 1.401650e-15
9510.000000 1.927410e-15
9512.000000 3.028230e-15
9514.000000 3.603890e-15
9516.000000 3.829480e-15
9518.000000 3.701460e-15
9520.000000 3.062200e-15
9522.000000 1.990790e-15
9524.000000 1.345180e-15
9526.000000 6.122730e-16
9528.000000 5.047630e-16
9530.000000 1.123290e-15
9532.000000 1.724710e-15
9534.000000 2.172050e-15
9536.000000 2.503310e-15
9538.000000 2.282290e-15
9540.000000 1.355440e-15
9542.000000 9.530330e-16
9544.000000 6.432320e-16
9546.000000 6.002930e-16
9548.000000 9.629430e-16
9550.000000 1.468610e-15
9552.000000 1.723430e-15
9554.000000 1.853860e-15
9556.000000 2.083230e-15
9558.000000 2.418440e-15
9560.000000 2.620530e-15
9562.000000 2.727960e-15
9564.000000 2.717770e-15
9566.000000 2.509530e-15
9568.000000 2.120570e-15
9570.000000 1.975970e-15
9572.000000 2.167250e-15
9574.000000 1.931730e-15
9576.000000 9.545860e-16
9578.000000 4.747540e-16
9580.000000 1.262440e-15
9582.000000 2.711760e-15
9584.000000 3.327630e-15
9586.000000 3.659430e-15
9588.000000 3.686590e-15
9590.000000 3.136440e-15
9592.000000 2.788740e-15
9594.000000 2.855780e-15
9596.000000 3.046610e-15
9598.000000 3.023800e-15
9600.000000 2.929130e-15
9602.000000 2.725780e-15
9604.000000 2.528450e-15
9606.000000 2.027780e-15
9608.000000 8.192920e-16
9612.000000 1.601010e-16
9614.000000 1.491610e-15
9616.000000 1.940970e-15
9618.000000 2.114250e-15
9620.000000 2.063230e-15
9622.000000 1.674400e-15
9624.000000 1.204480e-15
9626.000000 7.677400e-16
9628.000000 3.075210e-16
9638.000000 3.157430e-16
9640.000000 6.999850e-16
9642.000000 1.086510e-15
9644.000000 1.243060e-15
9646.000000 1.267670e-15
9648.000000 1.122820e-15
9650.000000 4.630920e-16
9652.000000 3.335850e-16
9654.000000 1.084280e-15
9656.000000 1.939360e-15
9658.000000 1.965660e-15
9660.000000 1.429020e-15
9662.000000 1.330520e-15
9664.000000 1.454480e-15
9666.000000 1.463630e-15
9668.000000 1.377610e-15
9670.000000 1.269660e-15
9672.000000 1.183400e-15
9674.000000 1.097490e-15
9676.000000 9.505810e-16
9678.000000 5.969800e-16
9680.000000 5.855960e-16
9682.000000 8.824030e-16
9684.000000 1.222100e-15
9686.000000 1.669250e-15
9688.000000 2.085000e-15
9690.000000 1.721770e-15
9692.000000 4.794930e-16
9702.000000 7.449550e-16
9704.000000 1.333520e-15
9706.000000 1.649670e-15
9708.000000 2.112400e-15
9710.000000 2.837250e-15
9712.000000 3.066710e-15
9714.000000 2.700910e-15
9716.000000 2.154010e-15
9718.000000 1.700940e-15
9720.000000 1.192430e-15
9722.000000 9.487260e-16
9724.000000 9.349120e-16
9726.000000 9.157150e-16
9728.000000 9.557090e-16
9730.000000 1.018340e-15
9732.000000 1.118810e-15
9734.000000 1.232160e-15
9736.000000 1.155510e-15
9738.000000 8.867710e-16
9740.000000 6.839760e-16
9742.000000 2.742500e-16
9744.000000 2.046920e-16
9746.000000 7.478710e-16
9748.000000 1.503650e-15
9750.000000 1.800400e-15
9752.000000 1.893550e-15
9754.000000 1.831380e-15
9756.000000 1.400250e-15
9758.000000 1.192660e-15
9760.000000 1.277720e-15
9762.000000 1.422480e-15
9764.000000 1.443830e-15
9766.000000 1.433110e-15
9768.000000 1.298070e-15
9770.000000 1.013570e-15
9772.000000 7.553100e-16
9774.000000 3.694040e-16
9776.000000 1.559190e-16
9778.000000 3.545070e-16
9780.000000 8.238340e-16
9782.000000 1.125260e-15
9784.000000 1.520820e-15
9786.000000 1.650790e-15
9788.000000 1.504760e-15
9790.000000 1.372290e-15
9792.000000 1.350280e-15
9794.000000 1.344980e-15
9796.000000 1.223220e-15
9798.000000 7.784680e-16
9800.000000 1.083600e-15
9802.000000 2.394010e-15
9804.000000 3.012390e-15
9806.000000 2.574630e-15
9808.000000 1.880240e-15
9810.000000 1.797700e-15
9812.000000 2.056440e-15
9814.000000 1.965270e-15
9816.000000 1.581890e-15
9818.000000 1.418110e-15
9820.000000 1.444310e-15
9822.000000 1.559620e-15
9824.000000 1.776360e-15
9826.000000 2.099840e-15
9828.000000 2.028110e-15
9830.000000 1.438100e-15
9832.000000 1.297230e-15
9834.000000 1.486240e-15
9836.000000 1.712410e-15
9838.000000 1.937440e-15
9840.000000 2.152490e-15
9842.000000 2.062810e-15
9844.000000 1.552690e-15
9846.000000 1.454530e-15
9848.000000 1.698880e-15
9850.000000 1.775070e-15
9852.000000 1.567090e-15
9854.000000 1.262180e-15
9856.000000 1.002370e-15
9858.000000 5.218650e-16
9860.000000 9.744850e-16
9862.000000 2.346840e-15
9864.000000 3.573650e-15
9866.000000 5.134630e-15
9868.000000 6.200240e-15
9870.000000 5.726340e-15
9872.000000 4.061630e-15
9874.000000 3.229110e-15
9876.000000 2.568610e-15
9878.000000 2.023800e-15
9880.000000 1.646330e-15
9882.000000 1.335070e-15
9884.000000 1.049520e-15
9886.000000 8.103230e-16
9888.000000 5.724320e-16
9890.000000 2.360540e-16
9892.000000 1.939340e-16
9894.000000 3.496500e-16
9896.000000 6.534250e-16
9898.000000 1.240790e-15
9900.000000 1.879550e-15
9902.000000 1.978150e-15
9904.000000 1.528810e-15
9906.000000 1.649360e-15
9908.000000 2.391710e-15
9910.000000 2.574450e-15
9912.000000 1.957690e-15
9914.000000 1.191560e-15
9916.000000 9.176250e-16
9918.000000 8.993940e-16
9920.000000 7.143570e-16
9922.000000 2.237460e-16
9924.000000 3.013620e-16
9926.000000 1.273820e-15
9928.000000 1.983400e-15
9930.000000 1.545970e-15
9932.000000 4.561530e-16
9934.000000 2.683470e-16
9936.000000 8.544970e-16
9938.000000 8.322470e-16
9940.000000 2.448020e-16
9944.000000 4.329240e-16
9946.000000 1.149720e-15
9948.000000 9.442330e-16
9964.000000 1.638540e-15
9966.000000 2.375380e-15
9968.000000 2.593950e-15
9970.000000 2.484220e-15
9972.000000 1.807100e-15
9974.000000 1.059210e-15
9976.000000 6.357120e-16
9978.000000 3.439030e-16
9980.000000 1.299330e-16
9982.000000 2.198460e-17
9986.000000 4.405970e-17
9988.000000 1.679310e-16
9990.000000 4.312730e-16
9992.000000 7.420960e-16
9994.000000 6.596170e-16
9998.000000 1.854440e-16
