3957.501000 1.284000e-17
3965.327000 1.442000e-17
3970.543000 1.005000e-17
3983.586000 1.156000e-17
3986.194000 1.180000e-17
3994.020000 1.295000e-17
3996.628000 1.160000e-17
4001.845000 1.017000e-17
4007.062000 1.477000e-17
4012.279000 1.030000e-17
4014.888000 1.343000e-17
4017.496000 1.058000e-17
4022.713000 1.308000e-17
4025.322000 1.089000e-17
4038.364000 1.523000e-17
4040.972000 1.037000e-17
4048.798000 1.038000e-17
4054.015000 1.865000e-17
4056.623000 1.433000e-17
4059.231000 1.290000e-17
4067.057000 1.096000e-17
4069.666000 1.415000e-17
4072.274000 1.816000e-17
4074.883000 1.786000e-17
4077.491000 1.876000e-17
4082.708000 1.719000e-17
4085.317000 2.053000e-17
4087.925000 1.218000e-17
4090.533000 2.123000e-17
4093.142000 1.981000e-17
4095.750000 2.083000e-17
4098.358000 2.061000e-17
4100.967000 1.226000e-17
4103.575000 1.066000e-17
4106.184000 1.763000e-17
4108.792000 2.131000e-17
4111.401000 2.126000e-17
4114.009000 1.536000e-17
4116.618000 2.162000e-17
4119.227000 1.726000e-17
4121.834000 2.347000e-17
4124.443000 2.513000e-17
4127.052000 2.050000e-17
4129.661000 1.998000e-17
4132.269000 2.776000e-17
4134.877000 2.322000e-17
4137.486000 2.435000e-17
4140.094000 2.422000e-17
4142.703000 2.970000e-17
4145.311000 2.590000e-17
4147.919000 2.256000e-17
4150.528000 2.889000e-17
4153.137000 3.250000e-17
4155.746000 3.062000e-17
4158.354000 2.191000e-17
4160.962000 1.785000e-17
4163.570000 2.455000e-17
4166.179000 2.183000e-17
4168.788000 2.060000e-17
4171.396000 3.041000e-17
4174.004000 3.215000e-17
4176.613000 2.817000e-17
4179.222000 2.951000e-17
4181.830000 3.718000e-17
4184.438000 2.856000e-17
4187.047000 2.634000e-17
4189.655000 3.372000e-17
4192.264000 3.471000e-17
4194.872000 2.789000e-17
4197.481000 3.403000e-17
4200.089000 3.528000e-17
4202.698000 3.745000e-17
4205.306000 3.746000e-17
4207.915000 3.593000e-17
4210.523000 3.156000e-17
4213.132000 3.285000e-17
4215.741000 3.761000e-17
4218.348000 3.630000e-17
4220.957000 3.308000e-17
4223.565000 3.286000e-17
4226.174000 2.930000e-17
4228.783000 3.780000e-17
4231.391000 3.181000e-17
4233.999000 4.737000e-17
4236.608000 5.437000e-17
4239.216000 4.188000e-17
4241.825000 3.967000e-17
4244.433000 3.500000e-17
4247.042000 4.020000e-17
4249.650000 4.599000e-17
4252.259000 4.606000e-17
4254.867000 4.638000e-17
4257.476000 4.000000e-17
4260.084000 3.629000e-17
4262.693000 3.878000e-17
4265.301000 4.779000e-17
4267.910000 4.157000e-17
4270.518000 3.542000e-17
4273.127000 4.153000e-17
4275.735000 4.553000e-17
4278.343000 4.580000e-17
4280.952000 4.507000e-17
4283.561000 4.352000e-17
4286.169000 3.973000e-17
4288.777000 4.004000e-17
4291.386000 4.418000e-17
4293.994000 4.520000e-17
4296.603000 4.550000e-17
4299.211000 4.356000e-17
4301.820000 4.236000e-17
4304.428000 4.124000e-17
4307.037000 4.301000e-17
4309.646000 3.996000e-17
4312.254000 3.979000e-17
4314.862000 3.637000e-17
4317.471000 3.449000e-17
4320.079000 3.500000e-17
4322.688000 4.122000e-17
4325.296000 4.233000e-17
4327.905000 4.735000e-17
4330.513000 4.649000e-17
4333.122000 4.498000e-17
4335.730000 4.515000e-17
4338.338000 4.553000e-17
4340.947000 4.189000e-17
4343.555000 4.901000e-17
4346.164000 5.019000e-17
4348.772000 4.424000e-17
4351.381000 4.873000e-17
4353.989000 4.805000e-17
4356.598000 4.724000e-17
4359.207000 4.980000e-17
4361.814000 4.847000e-17
4364.423000 5.158000e-17
4367.032000 4.515000e-17
4369.641000 4.888000e-17
4372.249000 4.868000e-17
4374.857000 4.348000e-17
4377.466000 4.915000e-17
4380.074000 5.022000e-17
4382.683000 4.738000e-17
4385.292000 4.671000e-17
4387.899000 5.162000e-17
4390.508000 4.752000e-17
4393.117000 5.176000e-17
4395.725000 5.270000e-17
4398.333000 5.652000e-17
4400.942000 6.128000e-17
4403.550000 5.438000e-17
4406.159000 4.867000e-17
4408.768000 5.634000e-17
4411.375000 5.137000e-17
4413.984000 5.985000e-17
4416.593000 5.874000e-17
4419.202000 5.287000e-17
4421.810000 5.633000e-17
4424.418000 5.279000e-17
4427.027000 6.257000e-17
4429.635000 5.744000e-17
4432.244000 5.406000e-17
4434.852000 6.368000e-17
4437.461000 6.423000e-17
4440.069000 5.949000e-17
4442.678000 5.597000e-17
4445.287000 5.543000e-17
4447.895000 6.232000e-17
4450.503000 6.640000e-17
4453.111000 6.948000e-17
4455.720000 6.420000e-17
4458.328000 6.893000e-17
4460.937000 6.559000e-17
4463.545000 6.552000e-17
4466.154000 6.919000e-17
4489.630000 8.585000e-17
4492.239000 8.664000e-17
4494.847000 8.402000e-17
4497.456000 8.451000e-17
4500.064000 8.552000e-17
4502.673000 8.559000e-17
4505.282000 9.020000e-17
4507.890000 9.618000e-17
4510.498000 9.105000e-17
4513.106000 9.345000e-17
4515.715000 9.428000e-17
4518.323000 9.398000e-17
4520.932000 8.887000e-17
4523.541000 9.274000e-17
4526.149000 9.148000e-17
4528.757000 9.178000e-17
4531.366000 9.178000e-17
4533.974000 9.707000e-17
4536.583000 9.561000e-17
4539.191000 9.638000e-17
4541.800000 9.559000e-17
4544.408000 9.671000e-17
4547.017000 9.611000e-17
4549.625000 9.712000e-17
4552.234000 9.955000e-17
4554.842000 1.014000e-16
4557.451000 1.033000e-16
4560.059000 9.930000e-17
4562.668000 1.039000e-16
4565.276000 1.039000e-16
4567.885000 1.009000e-16
4570.493000 1.104000e-16
4573.102000 1.097000e-16
4575.710000 1.042000e-16
4578.318000 1.077000e-16
4580.927000 1.095000e-16
4583.535000 1.077000e-16
4586.144000 1.075000e-16
4588.752000 1.089000e-16
4591.361000 1.080000e-16
4593.969000 1.075000e-16
4596.578000 1.078000e-16
4599.187000 1.133000e-16
4601.795000 1.067000e-16
4604.403000 1.073000e-16
4607.012000 1.116000e-16
4609.621000 1.087000e-16
4612.229000 1.034000e-16
4614.837000 1.124000e-16
4617.446000 1.158000e-16
4620.054000 1.096000e-16
4622.663000 1.074000e-16
4625.271000 1.076000e-16
4627.879000 1.101000e-16
4630.488000 1.061000e-16
4633.096000 1.032000e-16
4635.705000 1.068000e-16
4638.313000 1.078000e-16
4640.922000 1.065000e-16
4643.530000 1.023000e-16
4646.139000 1.054000e-16
4648.748000 1.051000e-16
4651.355000 1.062000e-16
4653.964000 1.096000e-16
4656.573000 1.081000e-16
4659.182000 1.091000e-16
4661.790000 1.095000e-16
4664.398000 1.049000e-16
4667.007000 1.103000e-16
4669.615000 1.034000e-16
4672.224000 1.016000e-16
4674.832000 1.034000e-16
4677.441000 1.055000e-16
4680.049000 1.081000e-16
4682.658000 1.094000e-16
4685.266000 1.071000e-16
4687.874000 1.011000e-16
4690.483000 1.031000e-16
4693.091000 1.037000e-16
4695.700000 1.020000e-16
4698.308000 1.037000e-16
4700.917000 1.045000e-16
4703.525000 1.060000e-16
4706.134000 1.078000e-16
4708.743000 1.086000e-16
4711.351000 1.109000e-16
4713.959000 1.067000e-16
4716.568000 1.068000e-16
4719.176000 1.061000e-16
4721.785000 1.041000e-16
4724.393000 1.061000e-16
4727.002000 1.110000e-16
4729.610000 1.022000e-16
4732.219000 1.076000e-16
4734.827000 1.065000e-16
4737.436000 1.124000e-16
4740.044000 1.110000e-16
4742.653000 1.128000e-16
4745.261000 1.157000e-16
4747.869000 1.145000e-16
4750.478000 1.114000e-16
4753.086000 1.135000e-16
4755.695000 1.162000e-16
4758.303000 1.188000e-16
4760.912000 1.152000e-16
4763.521000 1.151000e-16
4766.129000 1.116000e-16
4768.737000 1.118000e-16
4771.346000 1.211000e-16
4773.954000 1.146000e-16
4776.563000 1.175000e-16
4779.171000 1.235000e-16
4781.780000 1.118000e-16
4784.388000 1.114000e-16
4786.997000 1.165000e-16
4789.605000 1.123000e-16
4792.214000 1.137000e-16
4794.822000 1.167000e-16
4797.431000 1.155000e-16
4800.039000 1.213000e-16
4802.647000 1.163000e-16
4805.256000 1.168000e-16
4807.864000 1.201000e-16
4810.473000 1.197000e-16
4813.082000 1.203000e-16
4815.690000 1.239000e-16
4818.298000 1.215000e-16
4820.907000 1.258000e-16
4823.515000 1.271000e-16
4826.124000 1.319000e-16
4828.732000 1.250000e-16
4831.341000 1.265000e-16
4833.949000 1.304000e-16
4836.558000 1.319000e-16
4839.167000 1.349000e-16
4841.775000 1.398000e-16
4844.383000 1.372000e-16
4846.992000 1.291000e-16
4849.601000 1.358000e-16
4852.209000 1.410000e-16
4854.817000 1.418000e-16
4857.426000 1.391000e-16
4860.034000 1.369000e-16
4862.643000 1.398000e-16
4865.251000 1.427000e-16
4867.859000 1.461000e-16
4870.468000 1.425000e-16
4873.076000 1.366000e-16
4875.685000 1.407000e-16
4878.293000 1.437000e-16
4880.902000 1.362000e-16
4883.510000 1.384000e-16
4886.119000 1.334000e-16
4888.728000 1.373000e-16
4891.335000 1.386000e-16
4893.944000 1.377000e-16
4896.553000 1.352000e-16
4899.162000 1.287000e-16
4901.770000 1.334000e-16
4904.378000 1.375000e-16
4906.987000 1.354000e-16
4909.595000 1.377000e-16
4912.204000 1.375000e-16
4914.812000 1.354000e-16
4917.421000 1.312000e-16
4920.029000 1.303000e-16
4922.637000 1.366000e-16
4925.246000 1.331000e-16
4927.854000 1.374000e-16
4930.463000 1.354000e-16
4933.071000 1.354000e-16
4935.680000 1.355000e-16
4938.289000 1.343000e-16
4940.896000 1.259000e-16
4943.505000 1.253000e-16
4946.114000 1.310000e-16
4948.723000 1.293000e-16
4951.331000 1.349000e-16
4953.939000 1.353000e-16
4956.548000 1.332000e-16
4959.156000 1.335000e-16
4961.765000 1.322000e-16
4964.373000 1.360000e-16
4966.982000 1.320000e-16
4969.590000 1.303000e-16
4972.199000 1.273000e-16
4974.807000 1.295000e-16
4977.415000 1.364000e-16
4980.024000 1.314000e-16
4982.632000 1.249000e-16
4985.241000 1.260000e-16
4987.849000 1.332000e-16
4990.458000 1.301000e-16
4993.066000 1.265000e-16
4995.675000 1.253000e-16
4998.284000 1.294000e-16
5026.977000 1.414000e-16
5029.585000 1.312000e-16
5032.194000 1.239000e-16
5034.802000 1.231000e-16
5037.410000 1.215000e-16
5040.019000 1.218000e-16
5042.627000 1.271000e-16
5045.236000 1.271000e-16
5047.844000 1.255000e-16
5050.453000 1.279000e-16
5053.062000 1.290000e-16
5055.670000 1.263000e-16
5058.278000 1.260000e-16
5060.887000 1.267000e-16
5063.495000 1.269000e-16
5066.104000 1.282000e-16
5068.712000 1.300000e-16
5071.321000 1.263000e-16
5073.929000 1.318000e-16
5076.538000 1.324000e-16
5079.146000 1.295000e-16
5081.755000 1.285000e-16
5084.363000 1.312000e-16
5086.972000 1.334000e-16
5089.581000 1.307000e-16
5092.189000 1.316000e-16
5094.797000 1.350000e-16
5097.405000 1.291000e-16
5186.094000 1.544000e-16
5188.703000 1.526000e-16
5191.311000 1.528000e-16
5193.919000 1.562000e-16
5196.528000 1.622000e-16
5199.136000 1.604000e-16
5201.745000 1.545000e-16
5204.353000 1.569000e-16
5206.962000 1.623000e-16
5209.570000 1.618000e-16
5212.178000 1.668000e-16
5214.787000 1.663000e-16
5217.395000 1.655000e-16
5220.004000 1.696000e-16
5222.612000 1.742000e-16
5225.221000 1.715000e-16
5227.829000 1.760000e-16
5230.438000 1.778000e-16
5233.046000 1.750000e-16
5235.655000 1.749000e-16
5238.264000 1.789000e-16
5240.872000 1.788000e-16
5243.480000 1.769000e-16
5246.089000 1.789000e-16
5248.697000 1.801000e-16
5251.306000 1.799000e-16
5253.914000 1.835000e-16
5256.523000 1.859000e-16
5259.131000 1.842000e-16
5261.740000 1.814000e-16
5264.348000 1.839000e-16
5266.957000 1.841000e-16
5269.565000 1.851000e-16
5272.173000 1.858000e-16
5274.782000 1.861000e-16
5277.390000 1.887000e-16
5279.999000 1.855000e-16
5282.607000 1.893000e-16
5285.216000 1.861000e-16
5287.824000 1.858000e-16
5290.433000 1.861000e-16
5293.042000 1.889000e-16
5295.650000 1.855000e-16
5298.258000 1.895000e-16
5300.867000 1.906000e-16
5303.475000 1.886000e-16
5306.084000 1.929000e-16
5308.692000 1.924000e-16
5311.301000 1.929000e-16
5313.909000 1.915000e-16
5316.518000 1.974000e-16
5319.126000 1.991000e-16
5321.735000 2.008000e-16
5324.343000 1.963000e-16
5326.951000 2.027000e-16
5329.560000 1.981000e-16
5332.168000 2.009000e-16
5334.777000 2.026000e-16
5337.385000 2.054000e-16
5339.994000 2.086000e-16
5342.603000 2.163000e-16
5345.211000 2.138000e-16
5347.819000 2.135000e-16
5350.428000 2.213000e-16
5353.036000 2.218000e-16
5355.645000 2.150000e-16
5358.253000 2.215000e-16
5360.862000 2.266000e-16
5363.470000 2.246000e-16
5366.079000 2.265000e-16
5368.688000 2.302000e-16
5371.296000 2.314000e-16
5373.904000 2.315000e-16
5376.513000 2.349000e-16
5379.122000 2.394000e-16
5381.730000 2.371000e-16
5384.338000 2.371000e-16
5386.946000 2.398000e-16
5389.555000 2.406000e-16
5392.164000 2.421000e-16
5394.772000 2.410000e-16
5397.380000 2.429000e-16
5399.989000 2.459000e-16
5402.597000 2.442000e-16
5405.206000 2.465000e-16
5407.814000 2.497000e-16
5410.423000 2.488000e-16
5413.031000 2.528000e-16
5415.640000 2.526000e-16
5418.249000 2.514000e-16
5420.856000 2.527000e-16
5423.465000 2.549000e-16
5426.074000 2.525000e-16
5428.683000 2.542000e-16
5431.291000 2.587000e-16
5433.899000 2.595000e-16
5436.508000 2.551000e-16
5439.116000 2.553000e-16
5441.725000 2.596000e-16
5444.333000 2.606000e-16
5446.941000 2.630000e-16
5449.550000 2.646000e-16
5452.158000 2.628000e-16
5454.767000 2.638000e-16
5457.375000 2.716000e-16
5459.984000 2.732000e-16
5462.592000 2.708000e-16
5465.201000 2.706000e-16
5467.809000 2.730000e-16
5470.417000 2.711000e-16
5473.026000 2.737000e-16
5475.635000 2.724000e-16
5478.244000 2.765000e-16
5480.852000 2.765000e-16
5483.460000 2.749000e-16
5486.069000 2.788000e-16
5488.677000 2.774000e-16
5491.286000 2.786000e-16
5493.894000 2.789000e-16
5496.503000 2.789000e-16
5499.111000 2.781000e-16
5501.719000 2.828000e-16
5504.328000 2.775000e-16
5506.936000 2.822000e-16
5509.545000 2.804000e-16
5512.153000 2.836000e-16
5514.762000 2.886000e-16
5517.370000 2.881000e-16
5519.979000 2.870000e-16
5522.587000 2.838000e-16
5525.196000 2.829000e-16
5527.804000 2.855000e-16
5530.413000 2.911000e-16
5533.021000 2.914000e-16
5535.630000 2.902000e-16
5538.238000 2.891000e-16
5540.847000 2.923000e-16
5543.455000 2.896000e-16
5546.064000 2.848000e-16
5548.672000 2.848000e-16
5551.281000 2.815000e-16
5553.889000 2.837000e-16
5556.498000 2.885000e-16
5559.106000 2.875000e-16
5561.714000 2.842000e-16
5564.323000 2.851000e-16
5566.931000 2.825000e-16
5569.540000 2.801000e-16
5572.148000 2.810000e-16
5574.757000 2.859000e-16
5577.365000 2.749000e-16
5579.974000 2.760000e-16
5582.583000 2.747000e-16
5585.191000 2.754000e-16
5587.799000 2.815000e-16
5590.408000 2.767000e-16
5593.016000 2.782000e-16
5595.625000 2.819000e-16
5598.233000 2.804000e-16
5600.842000 2.768000e-16
5603.450000 2.793000e-16
5606.059000 2.750000e-16
5608.667000 2.740000e-16
5611.276000 2.725000e-16
5613.884000 2.657000e-16
5616.493000 2.696000e-16
5619.101000 2.720000e-16
5621.709000 2.661000e-16
5624.317000 2.544000e-16
5626.926000 2.618000e-16
5629.535000 2.690000e-16
5632.144000 2.679000e-16
5634.752000 2.704000e-16
5637.360000 2.697000e-16
5639.969000 2.696000e-16
5642.577000 2.640000e-16
5645.186000 2.586000e-16
5647.794000 2.538000e-16
5650.403000 2.649000e-16
5653.011000 2.615000e-16
5655.620000 2.589000e-16
5658.229000 2.605000e-16
5660.836000 2.593000e-16
5663.445000 2.614000e-16
5666.054000 2.613000e-16
5668.663000 2.619000e-16
5671.271000 2.578000e-16
5673.879000 2.543000e-16
5676.487000 2.522000e-16
5679.096000 2.499000e-16
5681.705000 2.510000e-16
5684.312000 2.517000e-16
5686.921000 2.541000e-16
5689.530000 2.480000e-16
5692.138000 2.474000e-16
5694.747000 2.493000e-16
5697.355000 2.520000e-16
5699.964000 2.538000e-16
5702.572000 2.524000e-16
5705.181000 2.524000e-16
5707.790000 2.534000e-16
5710.397000 2.518000e-16
5713.006000 2.512000e-16
5715.615000 2.490000e-16
5718.224000 2.414000e-16
5720.832000 2.430000e-16
5723.440000 2.405000e-16
5726.049000 2.413000e-16
5728.657000 2.488000e-16
5731.266000 2.460000e-16
5733.874000 2.430000e-16
5736.482000 2.433000e-16
5739.091000 2.451000e-16
5741.699000 2.471000e-16
5744.308000 2.471000e-16
5746.916000 2.451000e-16
5749.525000 2.465000e-16
5752.133000 2.460000e-16
5754.742000 2.456000e-16
5757.350000 2.452000e-16
5759.958000 2.413000e-16
5762.567000 2.442000e-16
5765.176000 2.469000e-16
5767.785000 2.414000e-16
5770.393000 2.343000e-16
5773.001000 2.349000e-16
5775.610000 2.380000e-16
5778.218000 2.343000e-16
5780.827000 2.405000e-16
5783.435000 2.399000e-16
5786.044000 2.369000e-16
5788.652000 2.391000e-16
5791.261000 2.383000e-16
5793.869000 2.373000e-16
5796.477000 2.342000e-16
5799.086000 2.347000e-16
5801.694000 2.379000e-16
5804.303000 2.406000e-16
5806.911000 2.403000e-16
5809.520000 2.386000e-16
5812.128000 2.450000e-16
5814.737000 2.384000e-16
5817.345000 2.385000e-16
5819.954000 2.393000e-16
5822.562000 2.350000e-16
5825.171000 2.369000e-16
5827.779000 2.383000e-16
5830.388000 2.379000e-16
5832.996000 2.373000e-16
5835.605000 2.377000e-16
5838.213000 2.369000e-16
5840.822000 2.352000e-16
5843.430000 2.328000e-16
5846.039000 2.336000e-16
5848.647000 2.314000e-16
5851.255000 2.315000e-16
5853.864000 2.360000e-16
5856.472000 2.352000e-16
5859.081000 2.371000e-16
5861.689000 2.299000e-16
5864.298000 2.295000e-16
5866.906000 2.261000e-16
5869.515000 2.263000e-16
5872.124000 2.292000e-16
5874.732000 2.245000e-16
5877.340000 2.231000e-16
5879.949000 2.199000e-16
5882.557000 2.179000e-16
5885.166000 2.123000e-16
5887.774000 2.106000e-16
5890.383000 2.021000e-16
5892.991000 2.048000e-16
5895.600000 2.084000e-16
5898.208000 2.082000e-16
5900.816000 2.124000e-16
5903.425000 2.140000e-16
5906.034000 2.166000e-16
5908.643000 2.150000e-16
5911.250000 2.110000e-16
5913.858000 2.090000e-16
5916.467000 2.108000e-16
5919.076000 2.138000e-16
5921.685000 2.111000e-16
5924.293000 2.108000e-16
5926.901000 2.129000e-16
5929.510000 2.164000e-16
5932.118000 2.130000e-16
5934.727000 2.080000e-16
5937.335000 2.094000e-16
5939.944000 2.072000e-16
5942.552000 2.058000e-16
5945.161000 2.072000e-16
5947.770000 2.125000e-16
5950.377000 2.143000e-16
5952.986000 2.117000e-16
5955.595000 2.101000e-16
5958.204000 2.099000e-16
5960.812000 2.126000e-16
5963.420000 2.108000e-16
5966.029000 2.142000e-16
5968.637000 2.096000e-16
5971.246000 2.055000e-16
5973.854000 2.070000e-16
5976.462000 2.110000e-16
5979.071000 2.087000e-16
5981.679000 2.074000e-16
5984.288000 2.067000e-16
5986.896000 2.076000e-16
5989.505000 2.030000e-16
5992.113000 2.056000e-16
5994.722000 2.047000e-16
5997.330000 2.073000e-16
5999.938000 2.061000e-16
6002.547000 2.041000e-16
6005.156000 2.079000e-16
6007.765000 2.048000e-16
6010.373000 2.031000e-16
6012.981000 2.089000e-16
6015.590000 2.081000e-16
6018.198000 2.041000e-16
6020.807000 2.101000e-16
6023.415000 2.108000e-16
6026.024000 2.071000e-16
6028.632000 2.064000e-16
6031.241000 2.062000e-16
6033.849000 2.076000e-16
6036.457000 2.054000e-16
6039.066000 2.063000e-16
6041.674000 2.058000e-16
6044.283000 2.105000e-16
6046.891000 2.105000e-16
6049.500000 2.087000e-16
6052.108000 2.037000e-16
6054.717000 2.072000e-16
6057.325000 2.125000e-16
6059.934000 2.104000e-16
6062.542000 2.136000e-16
6065.151000 2.197000e-16
6067.759000 2.159000e-16
6070.368000 2.130000e-16
6072.976000 2.134000e-16
6075.585000 2.124000e-16
6078.193000 2.081000e-16
6080.802000 2.044000e-16
6083.410000 2.013000e-16
6086.018000 1.988000e-16
6088.627000 1.988000e-16
6091.235000 1.996000e-16
6093.844000 2.017000e-16
6096.452000 2.018000e-16
6099.061000 2.024000e-16
6101.669000 2.020000e-16
6104.278000 2.016000e-16
6106.886000 1.994000e-16
6109.495000 1.952000e-16
6112.104000 1.940000e-16
6114.712000 1.945000e-16
6117.320000 1.946000e-16
6119.929000 1.960000e-16
6122.537000 1.944000e-16
6125.146000 1.962000e-16
6127.754000 1.915000e-16
6130.363000 1.905000e-16
6132.971000 1.922000e-16
6135.580000 1.910000e-16
6138.188000 1.899000e-16
6140.797000 1.903000e-16
6143.405000 1.884000e-16
6146.013000 1.880000e-16
6148.622000 1.899000e-16
6151.230000 1.878000e-16
6153.838000 1.879000e-16
6156.447000 1.917000e-16
6159.056000 1.897000e-16
6161.665000 1.879000e-16
6164.273000 1.842000e-16
6166.881000 1.831000e-16
6169.490000 1.819000e-16
6172.098000 1.829000e-16
6174.707000 1.834000e-16
6177.315000 1.818000e-16
6179.924000 1.799000e-16
6182.532000 1.763000e-16
6185.141000 1.773000e-16
6187.750000 1.829000e-16
6190.357000 1.824000e-16
6192.966000 1.838000e-16
6195.575000 1.833000e-16
6198.184000 1.784000e-16
6200.792000 1.780000e-16
6203.400000 1.779000e-16
6206.008000 1.771000e-16
6208.617000 1.798000e-16
6211.226000 1.807000e-16
6213.833000 1.821000e-16
6216.442000 1.809000e-16
6219.051000 1.771000e-16
6221.659000 1.778000e-16
6224.268000 1.792000e-16
6226.876000 1.800000e-16
6229.485000 1.782000e-16
6232.093000 1.795000e-16
6234.702000 1.759000e-16
6237.310000 1.785000e-16
6239.918000 1.784000e-16
6242.527000 1.808000e-16
6245.136000 1.798000e-16
6247.745000 1.758000e-16
6250.353000 1.803000e-16
6252.961000 1.810000e-16
6255.570000 1.813000e-16
6258.178000 1.801000e-16
6260.787000 1.794000e-16
6263.395000 1.810000e-16
6266.003000 1.831000e-16
6268.612000 1.797000e-16
6271.221000 1.769000e-16
6273.829000 1.750000e-16
6276.437000 1.673000e-16
6279.046000 1.671000e-16
6281.654000 1.730000e-16
6284.263000 1.755000e-16
6286.871000 1.779000e-16
6289.480000 1.725000e-16
6292.088000 1.784000e-16
6294.697000 1.799000e-16
6297.305000 1.810000e-16
6299.914000 1.807000e-16
6302.522000 1.760000e-16
6305.131000 1.802000e-16
6307.739000 1.862000e-16
6310.348000 1.845000e-16
6312.956000 1.846000e-16
6315.565000 1.870000e-16
6318.173000 1.874000e-16
6320.782000 1.871000e-16
6323.390000 1.904000e-16
6325.998000 1.932000e-16
6328.607000 1.910000e-16
6331.215000 1.908000e-16
6333.824000 1.944000e-16
6336.432000 1.937000e-16
6339.041000 1.893000e-16
6341.649000 1.907000e-16
6344.258000 1.930000e-16
6346.866000 1.982000e-16
6349.475000 1.991000e-16
6352.083000 1.913000e-16
6354.692000 1.912000e-16
6357.300000 1.967000e-16
6359.909000 1.946000e-16
6362.517000 1.922000e-16
6365.126000 1.966000e-16
6367.734000 1.938000e-16
6370.343000 1.968000e-16
6372.951000 1.982000e-16
6375.560000 2.001000e-16
6378.168000 1.996000e-16
6380.776000 2.012000e-16
6383.385000 1.990000e-16
6385.993000 2.020000e-16
6388.602000 2.044000e-16
6391.210000 2.054000e-16
6393.818000 2.059000e-16
6396.427000 2.025000e-16
6399.036000 2.006000e-16
6401.645000 2.037000e-16
6404.253000 2.059000e-16
6406.861000 2.054000e-16
6409.470000 2.044000e-16
6412.078000 2.055000e-16
6414.687000 2.053000e-16
6417.295000 2.031000e-16
6419.904000 2.048000e-16
6422.512000 2.075000e-16
6425.121000 2.101000e-16
6427.729000 2.081000e-16
6430.337000 2.070000e-16
6432.946000 2.091000e-16
6435.554000 2.076000e-16
6438.163000 2.079000e-16
6440.771000 2.078000e-16
6443.380000 2.089000e-16
6445.988000 2.096000e-16
6448.597000 2.114000e-16
6451.206000 2.124000e-16
6453.813000 2.111000e-16
6456.422000 2.115000e-16
6459.031000 2.148000e-16
6461.639000 2.136000e-16
6464.248000 2.134000e-16
6466.856000 2.106000e-16
6469.465000 2.133000e-16
6472.073000 2.120000e-16
6474.682000 2.069000e-16
6477.291000 2.081000e-16
6479.898000 2.092000e-16
6482.507000 2.073000e-16
6485.116000 2.100000e-16
6487.725000 2.134000e-16
6490.333000 2.118000e-16
6492.941000 2.141000e-16
6495.549000 2.115000e-16
6498.158000 2.144000e-16
6500.767000 2.205000e-16
6503.375000 2.212000e-16
6505.983000 2.204000e-16
6508.592000 2.199000e-16
6511.201000 2.208000e-16
6513.809000 2.162000e-16
6516.417000 2.131000e-16
6519.026000 2.175000e-16
6521.634000 2.208000e-16
6524.243000 2.169000e-16
6526.851000 2.158000e-16
6529.459000 2.190000e-16
6532.068000 2.156000e-16
6534.677000 2.157000e-16
6537.286000 2.195000e-16
6539.894000 2.190000e-16
6542.502000 2.193000e-16
6545.111000 2.173000e-16
6547.719000 2.149000e-16
6550.328000 2.161000e-16
6552.936000 2.174000e-16
6555.544000 2.162000e-16
6558.153000 2.181000e-16
6560.762000 2.185000e-16
6563.370000 2.163000e-16
6565.978000 2.193000e-16
6568.587000 2.196000e-16
6571.195000 2.174000e-16
6573.804000 2.190000e-16
6576.412000 2.214000e-16
6579.021000 2.236000e-16
6581.629000 2.212000e-16
6584.238000 2.193000e-16
6586.846000 2.188000e-16
6589.455000 2.171000e-16
6592.063000 2.163000e-16
6594.672000 2.197000e-16
6597.281000 2.179000e-16
6599.889000 2.160000e-16
6602.497000 2.187000e-16
6605.106000 2.204000e-16
6607.714000 2.180000e-16
6610.322000 2.164000e-16
6612.931000 2.191000e-16
6615.539000 2.212000e-16
6618.148000 2.204000e-16
6620.756000 2.203000e-16
6623.365000 2.227000e-16
6625.973000 2.227000e-16
6628.582000 2.219000e-16
6631.190000 2.239000e-16
6633.799000 2.239000e-16
6636.407000 2.237000e-16
6639.016000 2.214000e-16
6641.625000 2.220000e-16
6644.233000 2.198000e-16
6646.841000 2.223000e-16
6649.450000 2.231000e-16
6652.058000 2.255000e-16
6654.667000 2.200000e-16
6657.275000 2.180000e-16
6659.884000 2.173000e-16
6662.492000 2.205000e-16
6665.101000 2.224000e-16
6667.709000 2.205000e-16
6670.317000 2.168000e-16
6672.926000 2.174000e-16
6675.534000 2.210000e-16
6678.143000 2.183000e-16
6680.751000 2.156000e-16
6683.360000 2.170000e-16
6685.968000 2.150000e-16
6688.577000 2.173000e-16
6691.186000 2.193000e-16
6693.794000 2.182000e-16
6696.402000 2.165000e-16
6699.011000 2.161000e-16
6701.619000 2.171000e-16
6704.228000 2.174000e-16
6706.836000 2.163000e-16
6709.445000 2.164000e-16
6712.053000 2.140000e-16
6714.662000 2.117000e-16
6717.271000 2.148000e-16
6719.878000 2.130000e-16
6722.487000 2.142000e-16
6725.096000 2.171000e-16
6727.704000 2.158000e-16
6730.312000 2.144000e-16
6732.921000 2.133000e-16
6735.529000 2.129000e-16
6738.138000 2.105000e-16
6740.747000 2.087000e-16
6743.354000 2.091000e-16
6745.963000 2.098000e-16
6748.572000 2.084000e-16
6928.557000 1.744000e-16
6931.166000 1.803000e-16
6933.774000 1.857000e-16
6936.382000 1.844000e-16
6938.991000 1.835000e-16
6941.599000 1.847000e-16
6944.208000 1.838000e-16
6946.816000 1.835000e-16
6949.425000 1.840000e-16
6952.033000 1.846000e-16
6954.642000 1.836000e-16
6957.250000 1.821000e-16
6959.858000 1.807000e-16
6962.467000 1.778000e-16
6965.075000 1.825000e-16
6967.684000 1.847000e-16
6970.292000 1.801000e-16
6972.901000 1.804000e-16
6975.509000 1.802000e-16
6978.118000 1.743000e-16
6980.727000 1.752000e-16
6983.334000 1.756000e-16
6985.943000 1.714000e-16
6988.552000 1.668000e-16
6991.161000 1.687000e-16
6993.769000 1.786000e-16
6996.377000 1.772000e-16
6998.986000 1.748000e-16
7001.594000 1.713000e-16
7004.203000 1.703000e-16
7006.811000 1.681000e-16
7009.419000 1.662000e-16
7012.028000 1.657000e-16
7014.637000 1.672000e-16
7017.246000 1.659000e-16
7019.853000 1.656000e-16
7022.462000 1.644000e-16
7025.070000 1.670000e-16
7027.679000 1.689000e-16
7030.288000 1.673000e-16
7032.896000 1.683000e-16
7035.504000 1.668000e-16
7038.113000 1.656000e-16
7040.722000 1.650000e-16
7043.330000 1.661000e-16
7045.938000 1.690000e-16
7048.547000 1.700000e-16
7051.155000 1.656000e-16
7053.764000 1.659000e-16
7056.372000 1.666000e-16
7058.981000 1.653000e-16
7061.589000 1.648000e-16
7064.198000 1.653000e-16
7066.806000 1.658000e-16
7069.415000 1.644000e-16
7072.023000 1.628000e-16
7074.632000 1.660000e-16
7077.240000 1.673000e-16
7079.848000 1.624000e-16
7082.457000 1.649000e-16
7085.065000 1.655000e-16
7087.674000 1.662000e-16
7090.283000 1.665000e-16
7092.891000 1.646000e-16
7095.499000 1.643000e-16
7098.108000 1.639000e-16
7100.716000 1.642000e-16
7103.325000 1.663000e-16
7105.933000 1.657000e-16
7108.542000 1.649000e-16
7111.150000 1.662000e-16
7113.759000 1.656000e-16
7116.367000 1.655000e-16
7118.976000 1.663000e-16
7121.584000 1.643000e-16
7124.193000 1.631000e-16
7126.801000 1.658000e-16
7129.410000 1.642000e-16
7132.018000 1.590000e-16
7134.626000 1.597000e-16
7137.235000 1.606000e-16
7139.843000 1.585000e-16
7142.452000 1.593000e-16
7145.061000 1.599000e-16
7147.669000 1.585000e-16
7150.277000 1.572000e-16
7152.886000 1.571000e-16
7155.494000 1.585000e-16
7158.103000 1.543000e-16
7160.711000 1.528000e-16
7163.320000 1.503000e-16
7165.928000 1.435000e-16
7168.537000 1.361000e-16
7171.146000 1.306000e-16
7173.754000 1.282000e-16
7176.362000 1.293000e-16
7178.971000 1.285000e-16
7181.579000 1.266000e-16
7184.188000 1.255000e-16
7186.796000 1.231000e-16
7189.405000 1.267000e-16
7192.013000 1.282000e-16
7194.622000 1.246000e-16
7197.230000 1.243000e-16
7199.838000 1.238000e-16
7202.447000 1.269000e-16
7205.055000 1.352000e-16
7207.664000 1.383000e-16
7210.272000 1.426000e-16
7212.881000 1.458000e-16
7215.489000 1.500000e-16
7218.098000 1.484000e-16
7220.707000 1.467000e-16
7223.314000 1.442000e-16
7225.923000 1.411000e-16
7228.532000 1.373000e-16
7231.141000 1.328000e-16
7233.749000 1.275000e-16
7236.357000 1.277000e-16
7238.966000 1.306000e-16
7241.574000 1.323000e-16
7244.183000 1.309000e-16
7246.792000 1.297000e-16
7249.399000 1.314000e-16
7252.008000 1.343000e-16
7254.616000 1.334000e-16
7257.225000 1.342000e-16
7259.833000 1.376000e-16
7262.442000 1.353000e-16
7265.050000 1.342000e-16
7267.659000 1.345000e-16
7270.268000 1.357000e-16
7272.875000 1.290000e-16
7275.484000 1.271000e-16
7278.093000 1.307000e-16
7280.702000 1.340000e-16
7283.310000 1.394000e-16
7285.918000 1.393000e-16
7288.527000 1.378000e-16
7291.135000 1.348000e-16
7293.744000 1.309000e-16
7296.352000 1.338000e-16
7298.961000 1.372000e-16
7301.569000 1.349000e-16
7304.178000 1.367000e-16
7306.787000 1.368000e-16
7309.394000 1.336000e-16
7312.003000 1.329000e-16
7314.611000 1.382000e-16
7317.220000 1.405000e-16
7319.828000 1.385000e-16
7322.437000 1.406000e-16
7325.045000 1.433000e-16
7327.654000 1.446000e-16
7330.263000 1.454000e-16
7332.871000 1.452000e-16
7335.479000 1.462000e-16
7338.088000 1.460000e-16
7340.696000 1.464000e-16
7343.305000 1.446000e-16
7345.913000 1.434000e-16
7348.522000 1.462000e-16
7351.130000 1.459000e-16
7353.739000 1.419000e-16
7356.347000 1.416000e-16
7358.956000 1.464000e-16
7361.564000 1.415000e-16
7364.173000 1.469000e-16
7366.782000 1.438000e-16
7369.389000 1.397000e-16
7371.998000 1.435000e-16
7374.606000 1.485000e-16
7377.215000 1.475000e-16
7379.823000 1.432000e-16
7382.432000 1.420000e-16
7385.041000 1.425000e-16
7387.649000 1.428000e-16
7390.257000 1.420000e-16
7392.866000 1.419000e-16
7395.474000 1.447000e-16
7398.083000 1.445000e-16
7400.691000 1.420000e-16
7403.300000 1.426000e-16
7405.908000 1.421000e-16
7408.517000 1.426000e-16
7411.125000 1.444000e-16
7413.734000 1.423000e-16
7416.342000 1.410000e-16
7418.951000 1.405000e-16
7421.559000 1.406000e-16
7424.168000 1.397000e-16
7426.776000 1.376000e-16
7429.384000 1.356000e-16
7431.993000 1.393000e-16
7434.602000 1.389000e-16
7437.210000 1.381000e-16
7439.818000 1.357000e-16
7442.427000 1.347000e-16
7445.035000 1.343000e-16
7447.644000 1.313000e-16
7450.252000 1.316000e-16
7452.861000 1.331000e-16
7455.469000 1.348000e-16
7458.078000 1.365000e-16
7460.687000 1.327000e-16
7463.295000 1.329000e-16
7465.903000 1.344000e-16
7468.512000 1.339000e-16
7471.121000 1.385000e-16
7473.729000 1.390000e-16
7476.337000 1.364000e-16
7478.946000 1.348000e-16
7481.554000 1.311000e-16
7484.163000 1.309000e-16
7486.771000 1.330000e-16
7489.379000 1.318000e-16
7491.988000 1.295000e-16
7494.596000 1.281000e-16
7497.205000 1.268000e-16
7499.813000 1.301000e-16
7502.422000 1.327000e-16
7505.030000 1.331000e-16
7507.639000 1.324000e-16
7510.248000 1.290000e-16
7512.855000 1.282000e-16
7515.464000 1.298000e-16
7518.073000 1.310000e-16
7520.682000 1.302000e-16
7523.290000 1.306000e-16
7525.898000 1.304000e-16
7528.507000 1.282000e-16
7531.115000 1.258000e-16
7533.724000 1.200000e-16
7536.332000 1.211000e-16
7538.941000 1.254000e-16
7541.549000 1.245000e-16
7544.157000 1.262000e-16
7546.766000 1.256000e-16
7549.374000 1.263000e-16
7551.983000 1.284000e-16
7554.591000 1.277000e-16
7557.200000 1.253000e-16
7559.808000 1.263000e-16
7562.417000 1.300000e-16
7565.025000 1.311000e-16
7567.634000 1.290000e-16
7570.243000 1.275000e-16
7572.851000 1.267000e-16
7575.459000 1.258000e-16
7578.068000 1.273000e-16
7580.676000 1.251000e-16
7583.285000 1.221000e-16
7585.893000 1.187000e-16
7687.624000 1.232000e-16
7690.232000 1.236000e-16
7692.841000 1.259000e-16
7695.449000 1.284000e-16
7698.058000 1.275000e-16
7700.667000 1.282000e-16
7703.275000 1.235000e-16
7705.883000 1.230000e-16
7708.492000 1.254000e-16
7711.101000 1.326000e-16
7713.709000 1.292000e-16
7716.317000 1.258000e-16
7718.925000 1.293000e-16
7721.534000 1.296000e-16
7724.143000 1.337000e-16
7726.751000 1.369000e-16
7729.359000 1.319000e-16
7731.968000 1.317000e-16
7734.576000 1.334000e-16
7737.185000 1.314000e-16
7739.793000 1.296000e-16
7742.402000 1.337000e-16
7745.010000 1.332000e-16
7747.619000 1.295000e-16
7750.228000 1.336000e-16
7752.835000 1.328000e-16
7755.444000 1.333000e-16
7758.053000 1.361000e-16
7760.662000 1.335000e-16
7763.270000 1.383000e-16
7765.878000 1.371000e-16
7768.487000 1.334000e-16
7771.095000 1.364000e-16
7773.704000 1.394000e-16
7776.312000 1.364000e-16
7778.920000 1.330000e-16
7781.529000 1.387000e-16
7784.137000 1.313000e-16
7786.746000 1.312000e-16
7789.354000 1.347000e-16
7791.963000 1.292000e-16
7794.571000 1.350000e-16
7797.180000 1.398000e-16
7799.789000 1.379000e-16
7802.396000 1.394000e-16
7805.005000 1.386000e-16
7807.614000 1.365000e-16
7810.223000 1.370000e-16
7812.831000 1.396000e-16
7815.439000 1.440000e-16
7818.048000 1.444000e-16
7820.656000 1.421000e-16
7823.265000 1.424000e-16
7825.873000 1.430000e-16
7828.482000 1.399000e-16
7831.090000 1.380000e-16
7833.699000 1.398000e-16
7836.307000 1.438000e-16
7838.915000 1.449000e-16
7841.524000 1.401000e-16
7844.132000 1.377000e-16
7846.741000 1.417000e-16
7849.349000 1.437000e-16
7851.958000 1.408000e-16
7854.566000 1.436000e-16
7857.175000 1.434000e-16
7859.784000 1.417000e-16
7862.392000 1.427000e-16
7865.000000 1.401000e-16
7867.609000 1.406000e-16
7870.217000 1.409000e-16
7872.826000 1.397000e-16
7875.434000 1.396000e-16
7878.043000 1.390000e-16
7880.651000 1.394000e-16
7883.260000 1.437000e-16
7885.868000 1.444000e-16
7888.477000 1.384000e-16
7891.085000 1.383000e-16
7893.693000 1.408000e-16
7896.302000 1.358000e-16
7898.910000 1.308000e-16
7901.519000 1.325000e-16
7904.127000 1.355000e-16
7906.736000 1.363000e-16
7909.344000 1.361000e-16
7911.953000 1.394000e-16
7914.562000 1.386000e-16
7917.170000 1.241000e-16
7919.778000 1.319000e-16
7922.387000 1.298000e-16
7924.995000 1.308000e-16
7927.604000 1.414000e-16
7930.212000 1.387000e-16
7932.821000 1.377000e-16
7935.429000 1.397000e-16
7938.038000 1.366000e-16
7940.646000 1.234000e-16
7943.255000 1.159000e-16
7945.863000 1.288000e-16
7948.472000 1.373000e-16
7951.080000 1.327000e-16
7953.688000 1.275000e-16
7956.297000 1.344000e-16
7958.905000 1.401000e-16
7961.514000 1.260000e-16
7964.123000 1.274000e-16
7966.731000 1.281000e-16
7969.339000 1.284000e-16
7971.948000 1.296000e-16
7974.556000 1.303000e-16
7977.165000 1.292000e-16
7979.773000 1.315000e-16
7982.382000 1.296000e-16
7984.990000 1.277000e-16
7987.599000 1.332000e-16
7990.208000 1.336000e-16
7992.815000 1.285000e-16
7995.424000 1.265000e-16
7998.033000 1.225000e-16
8000.642000 1.235000e-16
8003.250000 1.226000e-16
8005.858000 1.259000e-16
8008.467000 1.284000e-16
8011.075000 1.297000e-16
8013.684000 1.288000e-16
8016.292000 1.265000e-16
8018.900000 1.270000e-16
8021.509000 1.252000e-16
8024.117000 1.222000e-16
8026.726000 1.202000e-16
8029.334000 1.190000e-16
8031.943000 1.211000e-16
8034.551000 1.222000e-16
8037.160000 1.195000e-16
8039.769000 1.207000e-16
8042.376000 1.201000e-16
8044.985000 1.155000e-16
8047.594000 1.164000e-16
8050.203000 1.191000e-16
8052.811000 1.167000e-16
8055.419000 1.122000e-16
8058.028000 1.142000e-16
8060.636000 1.149000e-16
8063.245000 1.149000e-16
8065.853000 1.141000e-16
8068.461000 1.128000e-16
8071.070000 1.158000e-16
8073.678000 1.150000e-16
8076.287000 1.119000e-16
8078.895000 1.080000e-16
8081.504000 1.052000e-16
8084.112000 1.034000e-16
8086.721000 1.005000e-16
8089.329000 1.020000e-16
8091.938000 1.053000e-16
8094.546000 9.795000e-17
8097.155000 9.176000e-17
8099.764000 9.825000e-17
8102.372000 9.858000e-17
8104.980000 9.556000e-17
8107.589000 9.613000e-17
8110.197000 9.455000e-17
8112.806000 9.241000e-17
8115.414000 9.104000e-17
8118.023000 9.047000e-17
8120.631000 8.918000e-17
8123.240000 8.586000e-17
8125.848000 8.385000e-17
8128.456000 8.537000e-17
8131.065000 8.353000e-17
8133.673000 7.994000e-17
8136.282000 8.027000e-17
8138.890000 7.965000e-17
8141.499000 7.700000e-17
8144.107000 7.793000e-17
8146.716000 7.506000e-17
8149.324000 7.239000e-17
8151.933000 7.297000e-17
8154.542000 7.255000e-17
8157.150000 6.963000e-17
8159.758000 6.777000e-17
8162.367000 6.419000e-17
8164.975000 6.282000e-17
8167.584000 7.033000e-17
8170.192000 7.144000e-17
8172.801000 7.190000e-17
8175.409000 7.360000e-17
8178.018000 6.953000e-17
8180.626000 6.505000e-17
8183.235000 7.203000e-17
8185.843000 7.079000e-17
8188.451000 7.013000e-17
8191.060000 6.978000e-17
8193.668000 6.765000e-17
8196.277000 6.714000e-17
8198.886000 7.303000e-17
8201.494000 7.626000e-17
8204.103000 7.946000e-17
8206.711000 8.291000e-17
8209.319000 7.934000e-17
8211.928000 7.606000e-17
8214.537000 7.586000e-17
8217.145000 7.244000e-17
8219.753000 6.714000e-17
8222.361000 6.724000e-17
8224.971000 6.121000e-17
8227.579000 5.222000e-17
8230.187000 5.735000e-17
8232.796000 6.567000e-17
8235.404000 6.992000e-17
8238.013000 7.267000e-17
8240.620000 7.038000e-17
8243.229000 7.247000e-17
8245.838000 7.721000e-17
8248.447000 7.826000e-17
8251.055000 7.863000e-17
8253.663000 7.460000e-17
8256.272000 7.048000e-17
8258.881000 6.904000e-17
8261.489000 7.277000e-17
8264.098000 7.321000e-17
8266.706000 7.141000e-17
8269.314000 6.850000e-17
8271.923000 6.696000e-17
8274.532000 6.287000e-17
8277.140000 6.418000e-17
8279.748000 7.483000e-17
8282.356000 7.403000e-17
8284.965000 6.425000e-17
8287.574000 6.907000e-17
8290.182000 7.427000e-17
8292.791000 7.730000e-17
8295.398000 8.238000e-17
8298.008000 8.052000e-17
8300.615000 7.446000e-17
8303.225000 6.884000e-17
8305.833000 6.648000e-17
8308.442000 6.743000e-17
8311.050000 6.787000e-17
8313.658000 6.760000e-17
8316.267000 6.824000e-17
8318.876000 6.991000e-17
8321.484000 7.231000e-17
8324.093000 7.512000e-17
8326.701000 7.928000e-17
8329.310000 7.380000e-17
8331.918000 7.352000e-17
8334.526000 7.306000e-17
8337.135000 7.402000e-17
8339.743000 7.936000e-17
8342.352000 8.174000e-17
8344.960000 7.971000e-17
8347.568000 8.554000e-17
8350.177000 8.098000e-17
8352.786000 7.835000e-17
8355.394000 8.045000e-17
8358.003000 8.458000e-17
8360.610000 8.358000e-17
8363.220000 8.407000e-17
8365.827000 8.176000e-17
8368.438000 8.088000e-17
8371.045000 8.717000e-17
8373.653000 8.764000e-17
8376.262000 8.599000e-17
8378.871000 8.557000e-17
8381.479000 8.595000e-17
8384.088000 8.620000e-17
8386.695000 8.455000e-17
8389.305000 8.910000e-17
8391.913000 8.943000e-17
8394.521000 8.919000e-17
8397.129000 9.453000e-17
8399.738000 9.457000e-17
8402.347000 9.232000e-17
8404.955000 8.667000e-17
8407.563000 8.738000e-17
8410.172000 8.744000e-17
8412.781000 9.514000e-17
8415.389000 9.483000e-17
8417.998000 9.375000e-17
8420.605000 9.841000e-17
8423.215000 9.383000e-17
8425.822000 9.497000e-17
8428.433000 1.013000e-16
8431.040000 9.971000e-17
8433.648000 1.028000e-16
8436.257000 1.021000e-16
8438.865000 9.807000e-17
8441.475000 1.017000e-16
8444.083000 1.028000e-16
8446.690000 1.032000e-16
8449.300000 1.030000e-16
8451.908000 9.743000e-17
8454.516000 9.256000e-17
8457.124000 8.886000e-17
8459.733000 9.475000e-17
8462.342000 1.044000e-16
8464.950000 1.020000e-16
8467.559000 9.870000e-17
8470.166000 1.014000e-16
8472.776000 1.044000e-16
8475.384000 1.028000e-16
8477.993000 1.018000e-16
8480.601000 1.032000e-16
8483.210000 1.040000e-16
8485.817000 1.060000e-16
8488.427000 1.070000e-16
8491.035000 1.085000e-16
8493.644000 1.068000e-16
8496.252000 1.046000e-16
8498.860000 1.075000e-16
8501.469000 1.055000e-16
8504.078000 1.073000e-16
8506.686000 1.066000e-16
8509.295000 1.043000e-16
8511.903000 1.064000e-16
8514.511000 1.063000e-16
8517.119000 1.083000e-16
8519.728000 1.131000e-16
8522.337000 1.125000e-16
8524.945000 1.102000e-16
8527.554000 1.113000e-16
8530.161000 1.121000e-16
8532.771000 1.112000e-16
8535.379000 1.079000e-16
8537.988000 1.107000e-16
8540.596000 1.130000e-16
8543.205000 1.164000e-16
8545.812000 1.169000e-16
8548.422000 1.138000e-16
8551.030000 1.117000e-16
8553.639000 1.131000e-16
8556.247000 1.140000e-16
8558.855000 1.133000e-16
8561.464000 1.156000e-16
8564.073000 1.172000e-16
8566.681000 1.158000e-16
8569.289000 1.126000e-16
8571.897000 1.171000e-16
8574.506000 1.192000e-16
8577.114000 1.202000e-16
8579.723000 1.216000e-16
8582.332000 1.150000e-16
8584.940000 1.153000e-16
8587.549000 1.215000e-16
8590.156000 1.234000e-16
8592.766000 1.172000e-16
8595.374000 1.124000e-16
8597.983000 1.186000e-16
8600.591000 1.196000e-16
8603.199000 1.169000e-16
8605.808000 1.146000e-16
8608.417000 1.172000e-16
8611.024000 1.147000e-16
8613.634000 1.141000e-16
8616.242000 1.160000e-16
8618.851000 1.191000e-16
8621.459000 1.188000e-16
8624.067000 1.194000e-16
8626.676000 1.275000e-16
8629.284000 1.259000e-16
8631.893000 1.232000e-16
8634.501000 1.121000e-16
8637.109000 1.131000e-16
8639.718000 1.167000e-16
8642.326000 1.133000e-16
8644.936000 1.107000e-16
8647.544000 1.122000e-16
8650.151000 1.141000e-16
8652.761000 1.152000e-16
8655.368000 1.211000e-16
8657.979000 1.288000e-16
8660.586000 1.270000e-16
8663.194000 1.222000e-16
8665.803000 1.215000e-16
8668.412000 1.251000e-16
8671.020000 1.307000e-16
8673.628000 1.250000e-16
8676.237000 1.201000e-16
8678.846000 1.252000e-16
8681.454000 1.233000e-16
8684.062000 1.249000e-16
8686.671000 1.248000e-16
8689.279000 1.236000e-16
8691.888000 1.240000e-16
8694.496000 1.214000e-16
8697.104000 1.197000e-16
8699.713000 1.183000e-16
8702.321000 1.199000e-16
8704.931000 1.188000e-16
8707.539000 1.218000e-16
8710.146000 1.147000e-16
8712.756000 1.159000e-16
8715.363000 1.245000e-16
8717.974000 1.203000e-16
8720.581000 1.202000e-16
8723.189000 1.199000e-16
8725.798000 1.257000e-16
8728.407000 1.234000e-16
8731.015000 1.216000e-16
8733.623000 1.175000e-16
8736.232000 1.160000e-16
8738.841000 1.241000e-16
8741.449000 1.264000e-16
8744.057000 1.241000e-16
8746.665000 1.242000e-16
8749.274000 1.258000e-16
8751.883000 1.322000e-16
8754.491000 1.347000e-16
8757.100000 1.304000e-16
8759.708000 1.363000e-16
8762.316000 1.404000e-16
8764.925000 1.271000e-16
8767.534000 1.174000e-16
8770.142000 1.289000e-16
8772.751000 1.181000e-16
8775.358000 1.252000e-16
8777.968000 1.290000e-16
8780.576000 1.235000e-16
8783.185000 1.189000e-16
8785.793000 1.120000e-16
8788.402000 1.154000e-16
8791.010000 1.146000e-16
8793.618000 1.193000e-16
8796.227000 1.222000e-16
8798.836000 1.242000e-16
8801.444000 1.262000e-16
8804.052000 1.231000e-16
8806.660000 1.197000e-16
8809.269000 1.221000e-16
8811.878000 1.122000e-16
8814.486000 1.048000e-16
8817.095000 1.007000e-16
8819.703000 1.003000e-16
8822.312000 1.083000e-16
8824.920000 1.242000e-16
8827.528000 1.313000e-16
8830.137000 1.287000e-16
8832.746000 1.338000e-16
8835.354000 1.280000e-16
8837.963000 1.219000e-16
8840.571000 1.153000e-16
8843.180000 1.136000e-16
8845.788000 1.139000e-16
8848.396000 1.141000e-16
8851.005000 1.187000e-16
8853.613000 1.179000e-16
8856.222000 1.209000e-16
8858.831000 1.208000e-16
8861.439000 1.196000e-16
8864.047000 1.212000e-16
8866.655000 1.239000e-16
8869.264000 1.205000e-16
8871.873000 1.256000e-16
8874.481000 1.195000e-16
8877.090000 1.036000e-16
8879.697000 1.029000e-16
8882.307000 9.952000e-17
8884.915000 9.662000e-17
8887.523000 9.684000e-17
8890.132000 9.906000e-17
8892.741000 1.067000e-16
8895.349000 1.128000e-16
8897.958000 1.138000e-16
8900.565000 1.123000e-16
8903.175000 1.209000e-16
