3800.321000 3.319000e-16
3803.575000 3.193000e-16
3806.830000 3.291000e-16
3810.085000 3.260000e-16
3813.340000 3.354000e-16
3816.595000 3.419000e-16
3819.850000 3.474000e-16
3823.105000 3.524000e-16
3826.360000 3.533000e-16
3829.615000 3.483000e-16
3858.909000 3.698000e-16
3862.165000 3.622000e-16
3865.419000 3.637000e-16
3868.674000 3.589000e-16
3871.929000 3.637000e-16
3875.184000 3.627000e-16
3878.439000 3.599000e-16
3881.694000 3.565000e-16
3884.949000 3.635000e-16
3888.204000 3.719000e-16
3891.459000 3.776000e-16
3894.714000 3.787000e-16
3897.969000 3.828000e-16
3901.224000 3.843000e-16
3904.479000 3.750000e-16
3907.733000 3.764000e-16
3910.989000 3.722000e-16
3914.243000 3.780000e-16
3917.499000 3.747000e-16
3920.753000 3.803000e-16
3924.009000 3.731000e-16
3927.263000 3.758000e-16
3930.518000 3.633000e-16
3933.773000 3.659000e-16
3937.028000 3.653000e-16
3940.283000 3.628000e-16
3943.538000 3.617000e-16
3946.793000 3.616000e-16
3950.048000 3.612000e-16
3953.303000 3.525000e-16
3956.558000 3.527000e-16
3959.813000 3.498000e-16
3963.068000 3.523000e-16
3966.323000 3.458000e-16
3969.578000 3.409000e-16
3972.833000 3.419000e-16
3976.088000 3.479000e-16
3979.343000 3.488000e-16
3982.598000 3.476000e-16
3985.853000 3.430000e-16
3989.107000 3.517000e-16
3992.362000 3.506000e-16
3995.617000 3.624000e-16
3998.872000 3.490000e-16
4002.127000 3.482000e-16
4005.382000 3.454000e-16
4008.637000 3.426000e-16
4011.892000 3.441000e-16
4015.147000 3.455000e-16
4018.402000 3.435000e-16
4021.657000 3.421000e-16
4024.912000 3.427000e-16
4028.167000 3.367000e-16
4031.422000 3.391000e-16
4034.677000 3.378000e-16
4037.931000 3.340000e-16
4041.187000 3.321000e-16
4044.441000 3.338000e-16
4047.697000 3.322000e-16
4050.951000 3.227000e-16
4054.206000 3.250000e-16
4057.461000 3.308000e-16
4060.716000 3.243000e-16
4063.971000 3.167000e-16
4067.226000 3.230000e-16
4070.481000 3.262000e-16
4073.736000 3.236000e-16
4076.991000 3.233000e-16
4080.246000 3.278000e-16
4083.501000 3.243000e-16
4086.756000 3.276000e-16
4090.011000 3.266000e-16
4093.266000 3.354000e-16
4096.521000 3.367000e-16
4099.775000 3.379000e-16
4103.030000 3.414000e-16
4106.286000 3.481000e-16
4109.541000 3.397000e-16
4112.795000 3.416000e-16
4116.050000 3.398000e-16
4119.305000 3.378000e-16
4122.560000 3.391000e-16
4125.814000 3.385000e-16
4129.070000 3.408000e-16
4132.325000 3.404000e-16
4135.580000 3.390000e-16
4138.834000 3.314000e-16
4142.090000 3.334000e-16
4145.345000 3.305000e-16
4148.600000 3.299000e-16
4151.854000 3.316000e-16
4155.109000 3.330000e-16
4158.364000 3.325000e-16
4161.619000 3.362000e-16
4164.874000 3.364000e-16
4168.129000 3.360000e-16
4171.384000 3.334000e-16
4174.639000 3.345000e-16
4177.894000 3.345000e-16
4181.149000 3.318000e-16
4184.404000 3.380000e-16
4187.659000 3.383000e-16
4190.914000 3.363000e-16
4194.169000 3.373000e-16
4197.424000 3.389000e-16
4200.679000 3.364000e-16
4203.934000 3.389000e-16
4207.189000 3.390000e-16
4210.444000 3.345000e-16
4213.698000 3.328000e-16
4216.953000 3.319000e-16
4220.208000 3.355000e-16
4223.463000 3.390000e-16
4226.718000 3.355000e-16
4229.973000 3.383000e-16
4233.229000 3.398000e-16
4236.483000 3.392000e-16
4239.738000 3.402000e-16
4242.993000 3.379000e-16
4246.248000 3.347000e-16
4249.503000 3.363000e-16
4252.758000 3.408000e-16
4256.013000 3.430000e-16
4259.268000 3.397000e-16
4262.523000 3.352000e-16
4265.778000 3.421000e-16
4269.033000 3.425000e-16
4272.288000 3.378000e-16
4275.542000 3.383000e-16
4278.797000 3.404000e-16
4282.052000 3.416000e-16
4285.307000 3.430000e-16
4288.562000 3.396000e-16
4291.817000 3.411000e-16
4295.072000 3.420000e-16
4298.327000 3.456000e-16
4301.583000 3.464000e-16
4304.837000 3.451000e-16
4308.092000 3.447000e-16
4311.347000 3.465000e-16
4314.602000 3.405000e-16
4317.856000 3.498000e-16
4321.112000 3.545000e-16
4324.367000 3.531000e-16
4327.622000 3.519000e-16
4330.876000 3.560000e-16
4334.132000 3.569000e-16
4337.386000 3.582000e-16
4340.642000 3.584000e-16
4343.896000 3.576000e-16
4347.151000 3.545000e-16
4350.406000 3.557000e-16
4353.662000 3.573000e-16
4356.916000 3.623000e-16
4360.171000 3.593000e-16
4363.426000 3.594000e-16
4366.682000 3.615000e-16
4369.936000 3.580000e-16
4373.191000 3.633000e-16
4376.446000 3.630000e-16
4379.701000 3.637000e-16
4382.956000 3.645000e-16
4386.211000 3.679000e-16
4389.466000 3.641000e-16
4392.721000 3.670000e-16
4395.976000 3.707000e-16
4399.230000 3.719000e-16
4402.485000 3.747000e-16
4405.741000 3.762000e-16
4408.995000 3.725000e-16
4412.250000 3.781000e-16
4415.505000 3.821000e-16
4418.761000 3.711000e-16
4422.015000 3.792000e-16
4425.271000 3.789000e-16
4428.525000 3.803000e-16
4431.780000 3.783000e-16
4435.035000 3.817000e-16
4438.290000 3.852000e-16
4441.545000 3.839000e-16
4444.800000 3.897000e-16
4448.055000 3.879000e-16
4451.310000 3.908000e-16
4454.565000 4.000000e-16
4457.819000 3.931000e-16
4461.074000 3.962000e-16
4464.329000 4.022000e-16
4467.584000 3.968000e-16
4490.369000 4.054000e-16
4493.624000 4.030000e-16
4496.878000 4.056000e-16
4500.134000 4.025000e-16
4503.389000 4.025000e-16
4506.644000 4.057000e-16
4509.898000 4.110000e-16
4513.154000 4.063000e-16
4516.409000 4.035000e-16
4519.664000 4.037000e-16
4522.918000 3.995000e-16
4526.173000 4.052000e-16
4529.428000 4.069000e-16
4532.684000 4.030000e-16
4535.938000 4.068000e-16
4539.193000 4.038000e-16
4542.448000 4.062000e-16
4545.704000 4.042000e-16
4548.958000 4.028000e-16
4552.213000 4.063000e-16
4555.468000 4.051000e-16
4558.723000 4.053000e-16
4561.978000 4.003000e-16
4565.233000 4.000000e-16
4568.488000 3.987000e-16
4571.743000 3.945000e-16
4574.998000 3.918000e-16
4578.253000 3.871000e-16
4581.508000 3.941000e-16
4584.763000 3.913000e-16
4588.017000 3.885000e-16
4591.272000 3.862000e-16
4594.527000 3.856000e-16
4597.783000 3.857000e-16
4601.037000 3.842000e-16
4604.292000 3.860000e-16
4607.547000 3.836000e-16
4610.802000 3.863000e-16
4614.057000 3.941000e-16
4617.312000 3.944000e-16
4620.567000 3.873000e-16
4623.822000 3.790000e-16
4627.077000 3.827000e-16
4630.332000 3.803000e-16
4633.587000 3.795000e-16
4636.842000 3.823000e-16
4640.097000 3.777000e-16
4643.352000 3.766000e-16
4646.607000 3.828000e-16
4649.861000 3.841000e-16
4653.116000 3.832000e-16
4656.371000 3.817000e-16
4659.626000 3.766000e-16
4662.881000 3.704000e-16
4666.136000 3.738000e-16
4669.391000 3.734000e-16
4672.646000 3.680000e-16
4675.901000 3.682000e-16
4679.156000 3.714000e-16
4682.411000 3.688000e-16
4685.666000 3.674000e-16
4688.921000 3.643000e-16
4692.176000 3.642000e-16
4695.431000 3.612000e-16
4698.686000 3.649000e-16
4701.941000 3.632000e-16
4705.196000 3.554000e-16
4708.451000 3.606000e-16
4711.706000 3.595000e-16
4714.960000 3.636000e-16
4718.215000 3.601000e-16
4721.470000 3.563000e-16
4724.726000 3.590000e-16
4727.980000 3.568000e-16
4731.235000 3.623000e-16
4734.490000 3.573000e-16
4737.746000 3.570000e-16
4741.000000 3.556000e-16
4744.255000 3.546000e-16
4747.510000 3.563000e-16
4750.765000 3.614000e-16
4754.020000 3.569000e-16
4757.275000 3.528000e-16
4760.530000 3.537000e-16
4763.785000 3.503000e-16
4767.040000 3.494000e-16
4770.295000 3.516000e-16
4773.549000 3.481000e-16
4776.804000 3.430000e-16
4780.059000 3.437000e-16
4783.314000 3.445000e-16
4786.569000 3.453000e-16
4789.824000 3.420000e-16
4793.079000 3.425000e-16
4796.334000 3.429000e-16
4799.589000 3.429000e-16
4802.844000 3.404000e-16
4806.099000 3.369000e-16
4809.354000 3.404000e-16
4812.609000 3.411000e-16
4815.864000 3.385000e-16
4819.119000 3.283000e-16
4822.374000 3.307000e-16
4825.629000 3.325000e-16
4828.884000 3.316000e-16
4832.139000 3.386000e-16
4835.393000 3.371000e-16
4838.648000 3.379000e-16
4841.903000 3.390000e-16
4845.158000 3.361000e-16
4848.413000 3.340000e-16
4851.668000 3.304000e-16
4854.923000 3.374000e-16
4858.178000 3.347000e-16
4861.433000 3.327000e-16
4864.688000 3.308000e-16
4867.943000 3.272000e-16
4871.198000 3.283000e-16
4874.453000 3.270000e-16
4877.708000 3.228000e-16
4880.963000 3.256000e-16
4884.218000 3.241000e-16
4887.473000 3.248000e-16
4890.728000 3.285000e-16
4893.983000 3.261000e-16
4897.237000 3.311000e-16
4900.492000 3.262000e-16
4903.748000 3.254000e-16
4907.002000 3.252000e-16
4910.257000 3.256000e-16
4913.512000 3.254000e-16
4916.768000 3.236000e-16
4920.022000 3.246000e-16
4923.277000 3.250000e-16
4926.532000 3.276000e-16
4929.787000 3.258000e-16
4933.042000 3.279000e-16
4936.297000 3.266000e-16
4939.552000 3.245000e-16
4942.807000 3.242000e-16
4946.062000 3.247000e-16
4949.316000 3.260000e-16
4952.572000 3.277000e-16
4955.827000 3.280000e-16
4959.082000 3.274000e-16
4962.336000 3.315000e-16
4965.591000 3.333000e-16
4968.846000 3.334000e-16
4972.102000 3.320000e-16
4975.356000 3.321000e-16
4978.611000 3.364000e-16
4981.866000 3.390000e-16
4985.122000 3.389000e-16
4988.376000 3.409000e-16
4991.631000 3.404000e-16
4994.886000 3.386000e-16
4998.141000 3.414000e-16
5027.435000 3.483000e-16
5030.690000 3.489000e-16
5033.945000 3.469000e-16
5037.201000 3.519000e-16
5040.455000 3.546000e-16
5043.710000 3.532000e-16
5046.965000 3.563000e-16
5050.221000 3.570000e-16
5053.475000 3.599000e-16
5056.730000 3.589000e-16
5059.985000 3.601000e-16
5063.240000 3.589000e-16
5066.495000 3.563000e-16
5069.750000 3.594000e-16
5073.005000 3.644000e-16
5076.260000 3.663000e-16
5079.515000 3.678000e-16
5082.770000 3.654000e-16
5086.024000 3.651000e-16
5089.279000 3.622000e-16
5092.534000 3.598000e-16
5095.790000 3.660000e-16
5186.928000 3.675000e-16
5190.183000 3.688000e-16
5193.438000 3.715000e-16
5196.693000 3.700000e-16
5199.948000 3.674000e-16
5203.203000 3.681000e-16
5206.458000 3.695000e-16
5209.712000 3.674000e-16
5212.967000 3.645000e-16
5216.223000 3.636000e-16
5219.477000 3.652000e-16
5222.732000 3.666000e-16
5225.987000 3.636000e-16
5229.243000 3.650000e-16
5232.497000 3.648000e-16
5235.752000 3.600000e-16
5239.007000 3.612000e-16
5242.262000 3.646000e-16
5245.517000 3.636000e-16
5248.772000 3.605000e-16
5252.027000 3.598000e-16
5255.282000 3.592000e-16
5258.537000 3.632000e-16
5261.792000 3.643000e-16
5265.047000 3.611000e-16
5268.302000 3.599000e-16
5271.556000 3.619000e-16
5274.811000 3.568000e-16
5278.066000 3.544000e-16
5281.321000 3.586000e-16
5284.576000 3.609000e-16
5287.831000 3.627000e-16
5291.086000 3.582000e-16
5294.341000 3.553000e-16
5297.596000 3.595000e-16
5300.851000 3.528000e-16
5304.106000 3.493000e-16
5307.361000 3.559000e-16
5310.616000 3.561000e-16
5313.871000 3.569000e-16
5317.126000 3.564000e-16
5320.381000 3.587000e-16
5323.636000 3.599000e-16
5326.891000 3.566000e-16
5330.146000 3.514000e-16
5333.400000 3.514000e-16
5336.655000 3.554000e-16
5339.910000 3.530000e-16
5343.166000 3.510000e-16
5346.420000 3.526000e-16
5349.675000 3.520000e-16
5352.930000 3.508000e-16
5356.186000 3.520000e-16
5359.440000 3.461000e-16
5362.695000 3.465000e-16
5365.950000 3.491000e-16
5369.205000 3.506000e-16
5372.460000 3.534000e-16
5375.715000 3.512000e-16
5378.970000 3.506000e-16
5382.225000 3.494000e-16
5385.479000 3.520000e-16
5388.735000 3.517000e-16
5391.990000 3.471000e-16
5395.245000 3.473000e-16
5398.499000 3.474000e-16
5401.754000 3.415000e-16
5405.009000 3.446000e-16
5408.265000 3.463000e-16
5411.519000 3.453000e-16
5414.774000 3.460000e-16
5418.029000 3.409000e-16
5421.285000 3.424000e-16
5424.539000 3.453000e-16
5427.794000 3.430000e-16
5431.049000 3.428000e-16
5434.304000 3.401000e-16
5437.559000 3.436000e-16
5440.813000 3.423000e-16
5444.069000 3.410000e-16
5447.324000 3.380000e-16
5450.579000 3.433000e-16
5453.833000 3.434000e-16
5457.088000 3.412000e-16
5460.343000 3.382000e-16
5463.598000 3.357000e-16
5466.853000 3.352000e-16
5470.108000 3.364000e-16
5473.363000 3.385000e-16
5476.618000 3.367000e-16
5479.873000 3.318000e-16
5483.128000 3.374000e-16
5486.383000 3.377000e-16
5489.638000 3.328000e-16
5492.893000 3.312000e-16
5496.148000 3.334000e-16
5499.403000 3.321000e-16
5502.658000 3.293000e-16
5505.913000 3.313000e-16
5509.168000 3.298000e-16
5512.423000 3.259000e-16
5515.678000 3.242000e-16
5518.932000 3.293000e-16
5522.188000 3.268000e-16
5525.442000 3.263000e-16
5528.697000 3.274000e-16
5531.952000 3.234000e-16
5535.208000 3.252000e-16
5538.462000 3.268000e-16
5541.717000 3.247000e-16
5544.972000 3.250000e-16
5548.228000 3.260000e-16
5551.482000 3.220000e-16
5554.737000 3.277000e-16
5557.992000 3.262000e-16
5561.247000 3.213000e-16
5564.502000 3.203000e-16
5567.757000 3.198000e-16
5571.012000 3.195000e-16
5574.267000 3.210000e-16
5577.522000 3.193000e-16
5580.776000 3.181000e-16
5584.031000 3.188000e-16
5587.287000 3.188000e-16
5590.542000 3.172000e-16
5593.796000 3.169000e-16
5597.051000 3.117000e-16
5600.306000 3.100000e-16
5603.562000 3.122000e-16
5606.816000 3.137000e-16
5610.071000 3.126000e-16
5613.326000 3.133000e-16
5616.581000 3.100000e-16
5619.835000 3.077000e-16
5623.091000 3.135000e-16
5626.346000 3.094000e-16
5629.601000 3.085000e-16
5632.855000 3.126000e-16
5636.111000 3.116000e-16
5639.366000 3.108000e-16
5642.621000 3.084000e-16
5645.875000 3.087000e-16
5649.130000 3.094000e-16
5652.385000 3.091000e-16
5655.641000 3.094000e-16
5658.895000 3.072000e-16
5662.150000 3.100000e-16
5665.405000 3.073000e-16
5668.661000 3.108000e-16
5671.915000 3.092000e-16
5675.170000 3.078000e-16
5678.425000 3.061000e-16
5681.680000 3.088000e-16
5684.935000 3.097000e-16
5688.190000 3.036000e-16
5691.445000 3.067000e-16
5694.700000 3.089000e-16
5697.955000 3.032000e-16
5701.210000 3.053000e-16
5704.464000 3.025000e-16
5707.719000 3.035000e-16
5710.974000 3.031000e-16
5714.229000 2.970000e-16
5717.484000 2.985000e-16
5720.739000 2.996000e-16
5723.994000 3.001000e-16
5727.250000 2.995000e-16
5730.504000 3.036000e-16
5733.759000 3.001000e-16
5737.014000 2.956000e-16
5740.269000 2.956000e-16
5743.524000 2.963000e-16
5746.779000 2.979000e-16
5750.034000 3.014000e-16
5753.289000 2.964000e-16
5756.544000 2.959000e-16
5759.799000 2.948000e-16
5763.054000 2.932000e-16
5766.309000 2.918000e-16
5769.563000 2.881000e-16
5772.818000 2.872000e-16
5776.073000 2.869000e-16
5779.328000 2.849000e-16
5782.583000 2.858000e-16
5785.838000 2.875000e-16
5789.093000 2.856000e-16
5792.348000 2.874000e-16
5795.604000 2.893000e-16
5798.857000 2.878000e-16
5802.113000 2.908000e-16
5805.368000 2.918000e-16
5808.623000 2.891000e-16
5811.877000 2.893000e-16
5815.133000 2.904000e-16
5818.388000 2.887000e-16
5821.643000 2.893000e-16
5824.897000 2.877000e-16
5828.153000 2.867000e-16
5831.407000 2.909000e-16
5834.663000 2.887000e-16
5837.917000 2.890000e-16
5841.172000 2.891000e-16
5844.427000 2.882000e-16
5847.683000 2.867000e-16
5850.937000 2.884000e-16
5854.192000 2.864000e-16
5857.447000 2.858000e-16
5860.702000 2.892000e-16
5863.957000 2.913000e-16
5867.212000 2.882000e-16
5870.467000 2.847000e-16
5873.722000 2.833000e-16
5876.977000 2.818000e-16
5880.232000 2.837000e-16
5883.487000 2.720000e-16
5886.742000 2.618000e-16
5889.997000 2.623000e-16
5893.251000 2.670000e-16
5896.506000 2.735000e-16
5899.762000 2.778000e-16
5903.016000 2.798000e-16
5906.271000 2.803000e-16
5909.526000 2.765000e-16
5912.782000 2.737000e-16
5916.036000 2.766000e-16
5919.292000 2.788000e-16
5922.546000 2.772000e-16
5925.801000 2.764000e-16
5929.056000 2.765000e-16
5932.311000 2.752000e-16
5935.566000 2.733000e-16
5938.821000 2.684000e-16
5942.076000 2.684000e-16
5945.331000 2.717000e-16
5948.586000 2.701000e-16
5951.841000 2.711000e-16
5955.095000 2.708000e-16
5958.350000 2.715000e-16
5961.605000 2.677000e-16
5964.860000 2.665000e-16
5968.115000 2.665000e-16
5971.370000 2.642000e-16
5974.625000 2.674000e-16
5977.880000 2.672000e-16
5981.135000 2.661000e-16
5984.390000 2.698000e-16
5987.645000 2.645000e-16
5990.900000 2.626000e-16
5994.155000 2.617000e-16
5997.410000 2.639000e-16
6000.665000 2.616000e-16
6003.919000 2.577000e-16
6007.175000 2.592000e-16
6010.430000 2.590000e-16
6013.685000 2.590000e-16
6016.939000 2.592000e-16
6020.194000 2.567000e-16
6023.449000 2.563000e-16
6026.705000 2.542000e-16
6029.959000 2.528000e-16
6033.214000 2.527000e-16
6036.469000 2.515000e-16
6039.725000 2.475000e-16
6042.979000 2.475000e-16
6046.234000 2.489000e-16
6049.489000 2.485000e-16
6052.744000 2.477000e-16
6055.999000 2.481000e-16
6059.254000 2.453000e-16
6062.509000 2.460000e-16
6065.764000 2.485000e-16
6069.019000 2.487000e-16
6072.274000 2.481000e-16
6075.529000 2.414000e-16
6078.784000 2.422000e-16
6082.038000 2.402000e-16
6085.293000 2.390000e-16
6088.548000 2.380000e-16
6091.803000 2.388000e-16
6095.058000 2.399000e-16
6098.313000 2.392000e-16
6101.568000 2.382000e-16
6104.823000 2.379000e-16
6108.078000 2.384000e-16
6111.333000 2.366000e-16
6114.588000 2.370000e-16
6117.843000 2.356000e-16
6121.098000 2.385000e-16
6124.353000 2.376000e-16
6127.608000 2.383000e-16
6130.863000 2.390000e-16
6134.118000 2.363000e-16
6137.373000 2.344000e-16
6140.627000 2.371000e-16
6143.882000 2.423000e-16
6147.137000 2.413000e-16
6150.392000 2.388000e-16
6153.647000 2.381000e-16
6156.902000 2.397000e-16
6160.157000 2.393000e-16
6163.412000 2.380000e-16
6166.667000 2.384000e-16
6169.922000 2.382000e-16
6173.177000 2.357000e-16
6176.432000 2.370000e-16
6179.687000 2.386000e-16
6182.942000 2.359000e-16
6186.197000 2.359000e-16
6189.452000 2.375000e-16
6192.707000 2.387000e-16
6195.962000 2.345000e-16
6199.217000 2.362000e-16
6202.471000 2.390000e-16
6205.727000 2.371000e-16
6208.981000 2.392000e-16
6212.236000 2.406000e-16
6215.491000 2.419000e-16
6218.747000 2.399000e-16
6222.001000 2.394000e-16
6225.256000 2.408000e-16
6228.511000 2.403000e-16
6231.767000 2.378000e-16
6235.021000 2.382000e-16
6238.276000 2.344000e-16
6241.531000 2.392000e-16
6244.786000 2.404000e-16
6248.041000 2.375000e-16
6251.296000 2.400000e-16
6254.551000 2.390000e-16
6257.806000 2.344000e-16
6261.061000 2.347000e-16
6264.315000 2.338000e-16
6267.570000 2.309000e-16
6270.825000 2.282000e-16
6274.081000 2.206000e-16
6277.335000 2.150000e-16
6280.590000 2.191000e-16
6283.845000 2.244000e-16
6287.101000 2.204000e-16
6290.355000 2.190000e-16
6293.610000 2.262000e-16
6296.865000 2.271000e-16
6300.120000 2.279000e-16
6303.375000 2.284000e-16
6306.630000 2.306000e-16
6309.885000 2.309000e-16
6313.140000 2.310000e-16
6316.395000 2.325000e-16
6319.650000 2.315000e-16
6322.905000 2.325000e-16
6326.160000 2.312000e-16
6329.414000 2.341000e-16
6332.669000 2.361000e-16
6335.924000 2.329000e-16
6339.179000 2.363000e-16
6342.434000 2.380000e-16
6345.689000 2.349000e-16
6348.944000 2.355000e-16
6352.199000 2.339000e-16
6355.454000 2.335000e-16
6358.709000 2.353000e-16
6361.964000 2.353000e-16
6365.219000 2.332000e-16
6368.474000 2.345000e-16
6371.729000 2.359000e-16
6374.984000 2.361000e-16
6378.239000 2.344000e-16
6381.494000 2.341000e-16
6384.749000 2.362000e-16
6388.004000 2.335000e-16
6391.258000 2.315000e-16
6394.513000 2.365000e-16
6397.769000 2.385000e-16
6401.023000 2.353000e-16
6404.278000 2.398000e-16
6407.533000 2.377000e-16
6410.789000 2.336000e-16
6414.043000 2.345000e-16
6417.298000 2.350000e-16
6420.553000 2.326000e-16
6423.808000 2.385000e-16
6427.063000 2.365000e-16
6430.317000 2.363000e-16
6433.573000 2.359000e-16
6436.828000 2.370000e-16
6440.083000 2.407000e-16
6443.337000 2.357000e-16
6446.593000 2.356000e-16
6449.848000 2.397000e-16
6453.103000 2.378000e-16
6456.357000 2.366000e-16
6459.612000 2.371000e-16
6462.867000 2.372000e-16
6466.123000 2.342000e-16
6469.377000 2.351000e-16
6472.632000 2.377000e-16
6475.887000 2.347000e-16
6479.143000 2.335000e-16
6482.396000 2.348000e-16
6485.652000 2.345000e-16
6488.907000 2.344000e-16
6492.162000 2.332000e-16
6495.417000 2.338000e-16
6498.672000 2.358000e-16
6501.927000 2.377000e-16
6505.182000 2.367000e-16
6508.437000 2.377000e-16
6511.692000 2.346000e-16
6514.946000 2.302000e-16
6518.202000 2.289000e-16
6521.456000 2.337000e-16
6524.711000 2.356000e-16
6527.966000 2.348000e-16
6531.222000 2.347000e-16
6534.476000 2.327000e-16
6537.731000 2.325000e-16
6540.986000 2.330000e-16
6544.241000 2.344000e-16
6547.496000 2.355000e-16
6550.751000 2.337000e-16
6554.006000 2.328000e-16
6557.261000 2.337000e-16
6560.516000 2.347000e-16
6563.771000 2.352000e-16
6567.026000 2.327000e-16
6570.281000 2.306000e-16
6573.536000 2.329000e-16
6576.791000 2.343000e-16
6580.045000 2.329000e-16
6583.300000 2.325000e-16
6586.555000 2.314000e-16
6589.810000 2.309000e-16
6593.065000 2.306000e-16
6596.320000 2.315000e-16
6599.575000 2.328000e-16
6602.830000 2.321000e-16
6606.085000 2.326000e-16
6609.340000 2.317000e-16
6612.595000 2.291000e-16
6615.850000 2.306000e-16
6619.105000 2.318000e-16
6622.360000 2.310000e-16
6625.615000 2.275000e-16
6628.870000 2.315000e-16
6632.125000 2.317000e-16
6635.379000 2.284000e-16
6638.634000 2.303000e-16
6641.889000 2.324000e-16
6645.145000 2.321000e-16
6648.399000 2.273000e-16
6651.654000 2.284000e-16
6654.909000 2.296000e-16
6658.165000 2.284000e-16
6661.419000 2.309000e-16
6664.674000 2.293000e-16
6667.929000 2.290000e-16
6671.184000 2.274000e-16
6674.438000 2.259000e-16
6677.694000 2.261000e-16
6680.949000 2.266000e-16
6684.204000 2.270000e-16
6687.458000 2.238000e-16
6690.714000 2.256000e-16
6693.969000 2.227000e-16
6697.224000 2.294000e-16
6700.478000 2.258000e-16
6703.733000 2.234000e-16
6706.988000 2.243000e-16
6710.244000 2.237000e-16
6713.498000 2.216000e-16
6716.753000 2.217000e-16
6720.008000 2.253000e-16
6723.264000 2.244000e-16
6726.518000 2.238000e-16
6729.773000 2.220000e-16
6733.028000 2.204000e-16
6736.283000 2.193000e-16
6739.538000 2.195000e-16
6742.793000 2.223000e-16
6746.048000 2.219000e-16
6749.303000 2.190000e-16
6928.325000 1.896000e-16
6931.580000 1.912000e-16
6934.834000 1.975000e-16
6938.090000 2.014000e-16
6941.345000 1.997000e-16
6944.600000 1.957000e-16
6947.854000 1.938000e-16
6951.109000 1.982000e-16
6954.364000 2.005000e-16
6957.619000 1.944000e-16
6960.874000 1.889000e-16
6964.129000 1.893000e-16
6967.384000 1.916000e-16
6970.639000 1.911000e-16
6973.894000 1.938000e-16
6977.149000 1.942000e-16
6980.404000 1.906000e-16
6983.659000 1.888000e-16
6986.914000 1.864000e-16
6990.169000 1.842000e-16
6993.424000 1.834000e-16
6996.679000 1.847000e-16
6999.934000 1.853000e-16
7003.189000 1.848000e-16
7006.444000 1.862000e-16
7009.699000 1.869000e-16
7012.953000 1.847000e-16
7016.208000 1.849000e-16
7019.463000 1.827000e-16
7022.718000 1.811000e-16
7025.973000 1.829000e-16
7029.229000 1.857000e-16
7032.483000 1.865000e-16
7035.738000 1.842000e-16
7038.993000 1.827000e-16
7042.248000 1.846000e-16
7045.503000 1.855000e-16
7048.758000 1.862000e-16
7052.013000 1.845000e-16
7055.268000 1.821000e-16
7058.523000 1.841000e-16
7061.778000 1.837000e-16
7065.033000 1.804000e-16
7068.288000 1.806000e-16
7071.543000 1.810000e-16
7074.797000 1.811000e-16
7078.052000 1.799000e-16
7081.307000 1.805000e-16
7084.562000 1.839000e-16
7087.817000 1.823000e-16
7091.072000 1.805000e-16
7094.327000 1.801000e-16
7097.583000 1.808000e-16
7100.837000 1.803000e-16
7104.092000 1.791000e-16
7107.347000 1.799000e-16
7110.602000 1.793000e-16
7113.856000 1.809000e-16
7117.112000 1.805000e-16
7120.367000 1.812000e-16
7123.622000 1.819000e-16
7126.876000 1.801000e-16
7130.132000 1.792000e-16
7133.387000 1.782000e-16
7136.642000 1.772000e-16
7139.896000 1.783000e-16
7143.151000 1.749000e-16
7146.406000 1.688000e-16
7149.662000 1.715000e-16
7152.916000 1.765000e-16
7156.171000 1.768000e-16
7159.426000 1.742000e-16
7162.682000 1.705000e-16
7165.936000 1.666000e-16
7169.191000 1.580000e-16
7172.446000 1.569000e-16
7175.701000 1.564000e-16
7178.956000 1.546000e-16
7182.211000 1.541000e-16
7185.466000 1.502000e-16
7188.721000 1.509000e-16
7191.976000 1.502000e-16
7195.231000 1.522000e-16
7198.485000 1.526000e-16
7201.741000 1.520000e-16
7204.995000 1.573000e-16
7208.250000 1.623000e-16
7211.505000 1.653000e-16
7214.761000 1.677000e-16
7218.015000 1.678000e-16
7221.271000 1.678000e-16
7224.525000 1.642000e-16
7227.781000 1.586000e-16
7231.035000 1.536000e-16
7234.290000 1.470000e-16
7237.545000 1.509000e-16
7240.800000 1.512000e-16
7244.055000 1.494000e-16
7247.310000 1.527000e-16
7250.565000 1.530000e-16
7253.819000 1.509000e-16
7257.075000 1.561000e-16
7260.329000 1.564000e-16
7263.584000 1.533000e-16
7266.839000 1.520000e-16
7270.094000 1.500000e-16
7273.349000 1.483000e-16
7276.604000 1.490000e-16
7279.859000 1.505000e-16
7283.114000 1.541000e-16
7286.369000 1.542000e-16
7289.625000 1.505000e-16
7292.878000 1.526000e-16
7296.134000 1.539000e-16
7299.389000 1.550000e-16
7302.644000 1.510000e-16
7305.898000 1.478000e-16
7309.154000 1.499000e-16
7312.409000 1.522000e-16
7315.664000 1.496000e-16
7318.918000 1.502000e-16
7322.173000 1.591000e-16
7325.428000 1.568000e-16
7328.684000 1.565000e-16
7331.938000 1.519000e-16
7335.193000 1.552000e-16
7338.448000 1.581000e-16
7341.704000 1.561000e-16
7344.958000 1.544000e-16
7348.213000 1.546000e-16
7351.468000 1.536000e-16
7354.723000 1.527000e-16
7357.978000 1.528000e-16
7361.233000 1.497000e-16
7364.488000 1.492000e-16
7367.743000 1.532000e-16
7370.998000 1.545000e-16
7374.253000 1.524000e-16
7377.508000 1.559000e-16
7380.763000 1.536000e-16
7384.017000 1.512000e-16
7387.272000 1.522000e-16
7390.527000 1.540000e-16
7393.783000 1.514000e-16
7397.037000 1.536000e-16
7400.292000 1.510000e-16
7403.547000 1.512000e-16
7406.802000 1.522000e-16
7410.057000 1.490000e-16
7413.312000 1.498000e-16
7416.567000 1.503000e-16
7419.822000 1.492000e-16
7423.077000 1.493000e-16
7426.332000 1.500000e-16
7429.587000 1.507000e-16
7432.842000 1.492000e-16
7436.097000 1.487000e-16
7439.352000 1.483000e-16
7442.607000 1.475000e-16
7445.861000 1.484000e-16
7449.116000 1.488000e-16
7452.371000 1.486000e-16
7455.626000 1.497000e-16
7458.881000 1.498000e-16
7462.136000 1.468000e-16
7465.391000 1.460000e-16
7468.646000 1.472000e-16
7471.901000 1.473000e-16
7475.156000 1.482000e-16
7478.411000 1.470000e-16
7481.666000 1.453000e-16
7484.921000 1.458000e-16
7488.176000 1.479000e-16
7491.431000 1.479000e-16
7494.686000 1.457000e-16
7497.941000 1.441000e-16
7501.196000 1.447000e-16
7504.451000 1.471000e-16
7507.706000 1.456000e-16
7510.960000 1.460000e-16
7514.215000 1.457000e-16
7517.470000 1.427000e-16
7520.726000 1.453000e-16
7523.980000 1.455000e-16
7527.235000 1.446000e-16
7530.490000 1.464000e-16
7533.746000 1.441000e-16
7537.000000 1.470000e-16
7540.255000 1.446000e-16
7543.510000 1.429000e-16
7546.765000 1.436000e-16
7550.020000 1.428000e-16
7553.275000 1.435000e-16
7556.530000 1.447000e-16
7559.785000 1.443000e-16
7563.040000 1.451000e-16
7566.295000 1.463000e-16
7569.550000 1.460000e-16
7572.804000 1.463000e-16
7576.059000 1.447000e-16
7579.314000 1.433000e-16
7582.569000 1.455000e-16
7585.824000 1.423000e-16
7686.728000 1.351000e-16
7689.983000 1.382000e-16
7693.238000 1.373000e-16
7696.492000 1.365000e-16
7699.748000 1.399000e-16
7703.002000 1.377000e-16
7706.257000 1.362000e-16
7709.512000 1.409000e-16
7712.768000 1.422000e-16
7716.022000 1.428000e-16
7719.277000 1.412000e-16
7722.532000 1.417000e-16
7725.787000 1.414000e-16
7729.042000 1.416000e-16
7732.297000 1.428000e-16
7735.552000 1.390000e-16
7738.807000 1.408000e-16
7742.062000 1.393000e-16
7745.316000 1.408000e-16
7748.572000 1.427000e-16
7751.827000 1.397000e-16
7755.082000 1.404000e-16
7758.336000 1.430000e-16
7761.591000 1.414000e-16
7764.846000 1.417000e-16
7768.102000 1.440000e-16
7771.356000 1.419000e-16
7774.611000 1.406000e-16
7777.866000 1.427000e-16
7781.122000 1.429000e-16
7784.376000 1.427000e-16
7787.631000 1.432000e-16
7790.886000 1.432000e-16
7794.141000 1.438000e-16
7797.396000 1.417000e-16
7800.651000 1.416000e-16
7803.906000 1.467000e-16
7807.161000 1.438000e-16
7810.416000 1.414000e-16
7813.671000 1.402000e-16
7816.926000 1.432000e-16
7820.181000 1.444000e-16
7823.435000 1.452000e-16
7826.690000 1.463000e-16
7829.945000 1.439000e-16
7833.201000 1.445000e-16
7836.455000 1.460000e-16
7839.710000 1.433000e-16
7842.965000 1.413000e-16
7846.221000 1.401000e-16
7849.475000 1.418000e-16
7852.730000 1.420000e-16
7855.985000 1.453000e-16
7859.240000 1.428000e-16
7862.495000 1.401000e-16
7865.750000 1.406000e-16
7869.005000 1.450000e-16
7872.260000 1.419000e-16
7875.515000 1.435000e-16
7878.770000 1.428000e-16
7882.024000 1.408000e-16
7885.279000 1.412000e-16
7888.534000 1.403000e-16
7891.790000 1.378000e-16
7895.044000 1.370000e-16
7898.299000 1.381000e-16
7901.554000 1.397000e-16
7904.809000 1.398000e-16
7908.064000 1.393000e-16
7911.319000 1.417000e-16
7914.574000 1.397000e-16
7917.829000 1.374000e-16
7921.084000 1.373000e-16
7924.338000 1.361000e-16
7927.594000 1.366000e-16
7930.849000 1.381000e-16
7934.104000 1.387000e-16
7937.358000 1.378000e-16
7940.614000 1.391000e-16
7943.868000 1.392000e-16
7947.124000 1.381000e-16
7950.378000 1.374000e-16
7953.633000 1.363000e-16
7956.888000 1.324000e-16
7960.144000 1.329000e-16
7963.398000 1.357000e-16
7966.653000 1.344000e-16
7969.908000 1.335000e-16
7973.164000 1.324000e-16
7976.417000 1.346000e-16
7979.673000 1.364000e-16
7982.928000 1.355000e-16
7986.183000 1.335000e-16
7989.438000 1.369000e-16
7992.693000 1.378000e-16
7995.948000 1.367000e-16
7999.203000 1.327000e-16
8002.458000 1.328000e-16
8005.712000 1.345000e-16
8008.967000 1.326000e-16
8012.223000 1.351000e-16
8015.477000 1.340000e-16
8018.732000 1.312000e-16
8021.987000 1.325000e-16
8025.243000 1.334000e-16
8028.497000 1.320000e-16
8031.752000 1.312000e-16
8035.007000 1.329000e-16
8038.262000 1.335000e-16
8041.517000 1.331000e-16
8044.772000 1.312000e-16
8048.027000 1.324000e-16
8051.282000 1.322000e-16
8054.537000 1.304000e-16
8057.792000 1.315000e-16
8061.047000 1.337000e-16
8064.302000 1.352000e-16
8067.556000 1.318000e-16
8070.811000 1.297000e-16
8074.066000 1.312000e-16
8077.321000 1.300000e-16
8080.576000 1.288000e-16
8083.831000 1.295000e-16
8087.086000 1.295000e-16
8090.341000 1.292000e-16
8093.596000 1.299000e-16
8096.851000 1.298000e-16
8100.106000 1.290000e-16
8103.361000 1.299000e-16
8106.616000 1.292000e-16
8109.871000 1.270000e-16
8113.126000 1.261000e-16
8116.381000 1.257000e-16
8119.636000 1.253000e-16
8122.891000 1.257000e-16
8126.146000 1.245000e-16
8129.401000 1.218000e-16
8132.655000 1.198000e-16
8135.910000 1.173000e-16
8139.166000 1.188000e-16
8142.420000 1.169000e-16
8145.675000 1.165000e-16
8148.930000 1.144000e-16
8152.186000 1.118000e-16
8155.440000 1.130000e-16
8158.695000 1.125000e-16
8161.950000 1.095000e-16
8165.205000 1.060000e-16
8168.460000 1.091000e-16
8171.715000 1.132000e-16
8174.970000 1.143000e-16
8178.225000 1.105000e-16
8181.479000 1.078000e-16
8184.735000 1.151000e-16
8187.990000 1.167000e-16
8191.245000 1.141000e-16
8194.500000 1.154000e-16
8197.755000 1.177000e-16
8201.010000 1.163000e-16
8204.265000 1.202000e-16
8207.520000 1.246000e-16
8210.774000 1.248000e-16
8214.028000 1.228000e-16
8217.284000 1.224000e-16
8220.539000 1.226000e-16
8223.794000 1.263000e-16
8227.049000 1.193000e-16
8230.304000 9.607000e-17
8233.559000 1.003000e-16
8236.813000 1.126000e-16
8240.068000 1.192000e-16
8243.323000 1.224000e-16
8246.579000 1.219000e-16
8249.834000 1.264000e-16
8253.089000 1.259000e-16
8256.344000 1.215000e-16
8259.599000 1.185000e-16
8262.854000 1.227000e-16
8266.108000 1.252000e-16
8269.363000 1.258000e-16
8272.617000 1.213000e-16
8275.873000 1.149000e-16
8279.127000 1.118000e-16
8282.383000 1.151000e-16
8285.638000 1.170000e-16
8288.893000 1.130000e-16
8292.147000 1.143000e-16
8295.403000 1.151000e-16
8298.657000 1.197000e-16
8301.913000 1.231000e-16
8305.167000 1.181000e-16
8308.423000 1.230000e-16
8311.678000 1.240000e-16
8314.934000 1.225000e-16
8318.188000 1.205000e-16
8321.443000 1.194000e-16
8324.697000 1.206000e-16
8327.953000 1.271000e-16
8331.208000 1.262000e-16
8334.463000 1.239000e-16
8337.717000 1.196000e-16
8340.973000 1.173000e-16
8344.227000 1.221000e-16
8347.482000 1.230000e-16
8350.737000 1.247000e-16
8353.992000 1.304000e-16
8357.247000 1.266000e-16
8360.502000 1.239000e-16
8363.757000 1.294000e-16
8367.012000 1.309000e-16
8370.267000 1.293000e-16
8373.521000 1.302000e-16
8376.777000 1.284000e-16
8380.032000 1.306000e-16
8383.287000 1.316000e-16
8386.542000 1.305000e-16
8389.797000 1.286000e-16
8393.052000 1.265000e-16
8396.307000 1.290000e-16
8399.561000 1.314000e-16
8402.815000 1.284000e-16
8406.071000 1.287000e-16
8409.325000 1.318000e-16
8412.581000 1.329000e-16
8415.836000 1.331000e-16
8419.091000 1.305000e-16
8422.346000 1.283000e-16
8425.601000 1.268000e-16
8428.855000 1.352000e-16
8432.110000 1.365000e-16
8435.365000 1.294000e-16
8438.620000 1.330000e-16
8441.876000 1.320000e-16
8445.131000 1.343000e-16
8448.386000 1.381000e-16
8451.641000 1.361000e-16
8454.896000 1.351000e-16
8458.150000 1.316000e-16
8461.405000 1.326000e-16
8464.659000 1.357000e-16
8467.915000 1.336000e-16
8471.170000 1.328000e-16
8474.425000 1.348000e-16
8477.680000 1.363000e-16
8480.936000 1.377000e-16
8484.189000 1.375000e-16
8487.445000 1.357000e-16
8490.699000 1.348000e-16
8493.955000 1.345000e-16
8497.210000 1.338000e-16
8500.465000 1.344000e-16
8503.720000 1.339000e-16
8506.976000 1.384000e-16
8510.229000 1.370000e-16
8513.485000 1.377000e-16
8516.740000 1.377000e-16
8519.995000 1.366000e-16
8523.249000 1.350000e-16
8526.504000 1.377000e-16
8529.759000 1.390000e-16
8533.014000 1.379000e-16
8536.269000 1.388000e-16
8539.523000 1.391000e-16
8542.779000 1.371000e-16
8546.034000 1.344000e-16
8549.289000 1.381000e-16
8552.544000 1.403000e-16
8555.799000 1.392000e-16
8559.054000 1.390000e-16
8562.309000 1.366000e-16
8565.563000 1.388000e-16
8568.818000 1.373000e-16
8572.074000 1.401000e-16
8575.328000 1.406000e-16
8578.584000 1.383000e-16
8581.839000 1.373000e-16
8585.093000 1.364000e-16
8588.348000 1.360000e-16
8591.603000 1.370000e-16
8594.857000 1.389000e-16
8598.112000 1.397000e-16
8601.367000 1.387000e-16
8604.622000 1.373000e-16
8607.878000 1.374000e-16
8611.133000 1.383000e-16
8614.388000 1.358000e-16
8617.643000 1.354000e-16
8620.897000 1.368000e-16
8624.152000 1.377000e-16
8627.408000 1.371000e-16
8630.662000 1.337000e-16
8633.918000 1.339000e-16
8637.173000 1.350000e-16
8640.428000 1.353000e-16
8643.683000 1.362000e-16
8646.938000 1.352000e-16
8650.191000 1.348000e-16
8653.447000 1.335000e-16
8656.702000 1.349000e-16
8659.957000 1.373000e-16
8663.212000 1.370000e-16
8666.467000 1.377000e-16
8669.722000 1.379000e-16
8672.978000 1.340000e-16
8676.232000 1.301000e-16
8679.487000 1.360000e-16
8682.742000 1.329000e-16
8685.997000 1.346000e-16
8689.252000 1.364000e-16
8692.507000 1.346000e-16
8695.762000 1.349000e-16
8699.017000 1.334000e-16
8702.272000 1.354000e-16
8705.526000 1.380000e-16
8708.781000 1.351000e-16
8712.036000 1.318000e-16
8715.291000 1.331000e-16
8718.546000 1.352000e-16
8721.801000 1.347000e-16
8725.056000 1.337000e-16
8728.311000 1.341000e-16
8731.565000 1.348000e-16
8734.820000 1.351000e-16
8738.076000 1.364000e-16
8741.331000 1.331000e-16
8744.586000 1.310000e-16
8747.841000 1.355000e-16
8751.096000 1.341000e-16
8754.351000 1.296000e-16
8757.605000 1.302000e-16
8760.860000 1.331000e-16
8764.115000 1.296000e-16
8767.371000 1.302000e-16
8770.624000 1.309000e-16
8773.880000 1.282000e-16
8777.135000 1.321000e-16
8780.390000 1.333000e-16
8783.645000 1.282000e-16
8786.900000 1.265000e-16
8790.154000 1.269000e-16
8793.410000 1.296000e-16
8796.664000 1.313000e-16
8799.920000 1.294000e-16
8803.175000 1.319000e-16
8806.430000 1.297000e-16
8809.685000 1.267000e-16
8812.940000 1.263000e-16
8816.194000 1.282000e-16
8819.450000 1.253000e-16
8822.705000 1.165000e-16
8825.960000 1.267000e-16
8829.215000 1.290000e-16
8832.469000 1.215000e-16
8835.724000 1.223000e-16
8838.979000 1.235000e-16
8842.234000 1.237000e-16
8845.489000 1.240000e-16
8848.744000 1.267000e-16
8851.999000 1.295000e-16
8855.254000 1.269000e-16
8858.509000 1.253000e-16
8861.764000 1.240000e-16
8865.019000 1.242000e-16
8868.274000 1.248000e-16
8871.528000 1.282000e-16
8874.784000 1.235000e-16
8878.039000 1.218000e-16
8881.294000 1.123000e-16
8884.549000 1.233000e-16
8887.804000 1.194000e-16
8891.059000 1.175000e-16
8894.312000 1.218000e-16
8897.567000 1.233000e-16
8900.822000 1.242000e-16
8904.078000 1.249000e-16
8907.333000 1.227000e-16
8910.588000 1.208000e-16
8913.843000 1.189000e-16
8917.098000 1.197000e-16
8920.353000 1.221000e-16
8923.607000 1.193000e-16
8926.862000 1.218000e-16
8930.117000 1.217000e-16
8933.373000 1.211000e-16
8936.627000 1.174000e-16
8939.883000 1.140000e-16
8943.138000 1.158000e-16
8946.393000 1.126000e-16
8949.647000 1.142000e-16
8952.903000 1.090000e-16
8956.157000 1.106000e-16
8959.412000 1.113000e-16
8962.666000 1.104000e-16
8965.922000 1.086000e-16
8969.177000 1.045000e-16
8972.433000 1.029000e-16
8975.687000 1.031000e-16
8978.942000 1.048000e-16
8982.196000 1.069000e-16
8985.452000 1.049000e-16
8988.707000 9.852000e-17
8991.962000 8.989000e-17
8995.217000 8.843000e-17
8998.473000 9.543000e-17
9001.727000 1.017000e-16
9004.982000 9.661000e-17
9008.237000 9.703000e-17
9011.492000 1.002000e-16
9014.747000 1.020000e-16
9018.002000 1.003000e-16
9021.256000 9.802000e-17
9024.511000 1.030000e-16
9027.766000 1.048000e-16
9031.021000 1.062000e-16
9034.276000 1.093000e-16
9037.531000 1.109000e-16
9040.786000 1.128000e-16
9044.041000 1.107000e-16
9047.296000 1.066000e-16
9050.551000 1.106000e-16
9053.806000 1.157000e-16
9057.061000 1.114000e-16
9060.315000 1.104000e-16
9063.571000 1.067000e-16
9066.825000 1.061000e-16
9070.081000 1.040000e-16
9073.336000 1.005000e-16
9076.591000 9.904000e-17
9079.846000 1.032000e-16
9083.100000 1.015000e-16
9086.354000 9.703000e-17
9089.609000 9.704000e-17
9092.864000 9.854000e-17
9096.119000 9.857000e-17
9099.375000 9.688000e-17
9102.630000 9.588000e-17
9105.885000 9.563000e-17
9109.140000 9.721000e-17
9112.395000 1.023000e-16
9115.649000 1.047000e-16
9118.905000 1.033000e-16
9122.159000 9.841000e-17
9125.415000 9.985000e-17
9128.669000 9.998000e-17
9131.925000 9.596000e-17
9135.180000 9.034000e-17
9138.436000 9.121000e-17
9141.689000 9.333000e-17
9144.944000 1.008000e-16
9148.198000 1.031000e-16
9151.454000 9.832000e-17
9154.709000 9.192000e-17
9157.964000 8.905000e-17
9161.219000 9.443000e-17
9164.475000 1.023000e-16
9167.729000 1.032000e-16
9170.984000 9.984000e-17
9174.239000 9.673000e-17
9177.494000 9.258000e-17
9180.749000 9.254000e-17
9184.004000 9.804000e-17
9187.259000 1.015000e-16
9190.514000 1.046000e-16
9193.769000 1.031000e-16
9197.023000 1.048000e-16
9200.279000 1.086000e-16
9203.534000 1.053000e-16
9206.788000 1.076000e-16
9210.043000 1.082000e-16
9213.298000 1.049000e-16
9216.553000 9.869000e-17
9219.808000 9.924000e-17
9223.062000 1.039000e-16
9226.317000 1.057000e-16
9229.573000 1.083000e-16
9232.827000 1.080000e-16
9236.083000 1.044000e-16
9239.338000 1.037000e-16
9242.593000 1.015000e-16
9245.848000 1.006000e-16
9249.103000 1.008000e-16
9252.357000 1.005000e-16
9255.612000 1.041000e-16
9258.867000 1.026000e-16
9262.122000 1.004000e-16
9265.378000 9.984000e-17
9268.632000 1.012000e-16
9271.887000 1.023000e-16
9275.142000 1.011000e-16
9278.396000 9.799000e-17
9281.651000 9.241000e-17
9284.907000 8.822000e-17
9288.161000 8.722000e-17
9291.417000 8.461000e-17
9294.672000 8.351000e-17
9297.927000 8.171000e-17
9301.182000 7.433000e-17
9304.438000 7.224000e-17
9307.691000 7.213000e-17
9310.947000 6.992000e-17
9314.202000 7.331000e-17
9317.457000 6.023000e-17
9320.712000 4.962000e-17
9323.967000 4.708000e-17
9327.222000 4.904000e-17
9330.477000 4.879000e-17
9333.731000 5.323000e-17
9336.986000 4.863000e-17
9340.241000 3.673000e-17
9343.496000 3.198000e-17
9346.751000 3.219000e-17
9350.006000 3.668000e-17
9353.261000 4.777000e-17
9356.516000 4.805000e-17
9359.771000 3.950000e-17
9363.025000 4.177000e-17
9366.281000 5.057000e-17
9369.536000 5.033000e-17
9372.791000 4.275000e-17
9376.046000 5.261000e-17
9379.301000 6.500000e-17
9382.556000 5.151000e-17
9385.811000 3.578000e-17
9389.065000 5.498000e-17
9392.319000 6.910000e-17
9395.575000 7.423000e-17
9398.830000 8.065000e-17
9402.085000 7.911000e-17
9405.340000 7.084000e-17
9408.595000 6.822000e-17
9411.850000 6.525000e-17
9415.104000 6.132000e-17
9418.359000 6.197000e-17
9421.614000 6.624000e-17
9424.869000 6.241000e-17
9428.124000 5.371000e-17
9431.380000 4.931000e-17
9434.635000 4.197000e-17
9437.890000 4.381000e-17
9441.145000 5.038000e-17
9444.399000 3.872000e-17
9447.654000 3.789000e-17
9450.910000 5.006000e-17
9454.163000 5.966000e-17
9457.419000 5.497000e-17
9460.674000 5.139000e-17
9463.929000 4.799000e-17
9467.184000 5.125000e-17
9470.439000 5.521000e-17
9473.693000 5.217000e-17
9476.949000 5.357000e-17
9480.204000 6.041000e-17
9483.459000 5.359000e-17
9486.714000 4.516000e-17
9489.969000 5.491000e-17
9493.224000 6.552000e-17
9496.479000 5.854000e-17
9499.734000 4.636000e-17
9502.989000 4.355000e-17
9506.244000 4.758000e-17
9509.499000 6.032000e-17
9512.754000 6.986000e-17
9516.009000 6.661000e-17
9519.263000 6.236000e-17
9522.518000 5.180000e-17
9525.773000 4.309000e-17
9529.027000 4.593000e-17
9532.283000 5.524000e-17
9535.538000 6.195000e-17
9538.793000 6.477000e-17
9542.048000 6.499000e-17
9545.303000 6.259000e-17
9548.558000 5.380000e-17
9551.812000 5.302000e-17
9555.067000 6.011000e-17
9558.322000 5.789000e-17
9561.578000 5.068000e-17
9564.833000 4.910000e-17
9568.088000 4.820000e-17
9571.343000 4.594000e-17
9574.598000 5.464000e-17
9577.853000 6.253000e-17
9581.106000 6.652000e-17
9584.361000 6.050000e-17
9587.616000 5.674000e-17
9590.872000 5.898000e-17
9594.126000 5.426000e-17
9597.382000 5.077000e-17
9600.637000 5.786000e-17
9603.892000 6.456000e-17
9607.146000 6.871000e-17
9610.402000 6.716000e-17
9613.656000 6.435000e-17
9616.912000 6.724000e-17
9620.166000 6.639000e-17
9623.422000 5.911000e-17
9626.677000 5.869000e-17
9629.933000 6.272000e-17
9633.187000 6.509000e-17
9636.442000 7.090000e-17
9639.696000 6.942000e-17
9642.951000 6.124000e-17
9646.206000 5.993000e-17
9649.461000 6.181000e-17
9652.716000 3.796000e-17
