3800.000000 1.827360e-17
3803.041410 3.828971e-17
3806.082820 5.767582e-17
3809.124231 3.513925e-17
3812.165641 5.137894e-17
3815.207051 4.581161e-17
3818.248461 6.223519e-17
3821.289871 3.818543e-17
3824.331281 3.187558e-17
3830.414102 1.453563e-17
3833.455512 1.809770e-17
3839.538332 3.201526e-17
3842.579743 5.774426e-17
3845.621153 4.260166e-17
3848.662563 2.185537e-17
3851.703973 2.496597e-17
3854.745383 1.947780e-17
3857.786794 2.164766e-17
3860.828204 2.469867e-17
3863.869614 2.902753e-17
3866.911024 2.227963e-17
3869.952434 1.021926e-17
3872.993844 3.018038e-17
3876.035255 3.132314e-17
3879.076665 2.321795e-17
3882.118075 1.138101e-17
3888.200895 4.549914e-17
3891.242306 5.895295e-17
3894.283716 1.849055e-17
3897.325126 2.486246e-17
3900.366536 1.702193e-17
3906.449356 1.391455e-17
3909.490767 3.458654e-17
3912.532177 2.872163e-17
3915.573587 1.435939e-17
3918.614997 4.494369e-17
3921.656407 6.288524e-17
3924.697818 7.288672e-17
3927.739228 7.057662e-17
3930.780638 7.435170e-17
3933.822048 8.198301e-17
3936.863458 8.528915e-17
3939.904868 1.014868e-16
3942.946279 9.318096e-17
3945.987689 1.062074e-16
3949.029099 9.388892e-17
3952.070509 1.274568e-16
3955.111919 1.299278e-16
3958.153330 9.547442e-17
3961.194740 1.138538e-16
3964.236150 1.006387e-16
3967.277560 1.178021e-16
3970.318970 1.027636e-16
3973.360381 9.374523e-17
3976.401791 1.069932e-16
3979.443201 1.239949e-16
3982.484611 1.289231e-16
3985.526021 1.014839e-16
3988.567431 7.448364e-17
3991.608842 9.099249e-17
3994.650252 8.128317e-17
3997.691662 8.380545e-17
4000.733072 1.087447e-16
4003.774482 8.991616e-17
4006.815893 1.079627e-16
4009.857303 1.206747e-16
4012.898713 8.656079e-17
4015.940123 9.778223e-17
4018.981533 1.114521e-16
4022.022943 9.320245e-17
4025.064354 1.172854e-16
4028.105764 1.095599e-16
4031.147174 1.132297e-16
4034.188584 1.166950e-16
4037.229994 8.926096e-17
4040.271405 1.242236e-16
4043.312815 1.482129e-16
4046.354225 1.190876e-16
4049.395635 1.002040e-16
4052.437045 1.271464e-16
4055.478456 1.371951e-16
4058.519866 1.436629e-16
4061.561276 1.153234e-16
4064.602686 1.273595e-16
4067.644096 1.441222e-16
4070.685506 1.168469e-16
4073.726917 1.471115e-16
4076.768327 1.483375e-16
4079.809737 1.424464e-16
4082.851147 1.281702e-16
4085.892557 1.264520e-16
4088.933968 1.433572e-16
4091.975378 1.700386e-16
4095.016788 1.482903e-16
4098.058198 1.535712e-16
4101.099608 1.471327e-16
4104.141018 1.406522e-16
4107.182429 1.497442e-16
4110.223839 1.305085e-16
4113.265249 1.212063e-16
4116.306659 1.067560e-16
4119.348069 1.220280e-16
4122.389480 1.413958e-16
4125.430890 1.100299e-16
4128.472300 1.224140e-16
4131.513710 9.023493e-17
4134.555120 1.034006e-16
4137.596530 1.268327e-16
4140.637941 1.168282e-16
4143.679351 1.020814e-16
4146.720761 9.818569e-17
4149.762171 8.014715e-17
4152.803581 1.222482e-16
4155.844992 1.209328e-16
4158.886402 8.213696e-17
4161.927812 9.851110e-17
4164.969222 1.105558e-16
4168.010632 1.096448e-16
4171.052043 7.688742e-17
4174.093453 8.857702e-17
4177.134863 1.165814e-16
4180.176273 9.352573e-17
4183.217683 5.131714e-17
4186.259093 6.375220e-17
4189.300504 1.034690e-16
4192.341914 8.216840e-17
4195.383324 9.960061e-17
4198.424734 8.428166e-17
4201.466144 7.707577e-17
4204.507555 1.024510e-16
4207.548965 8.907992e-17
4210.590375 7.280232e-17
4213.631785 6.799635e-17
4216.673195 8.834832e-17
4219.714605 9.252499e-17
4222.756016 7.089407e-17
4225.797426 7.795845e-17
4228.838836 8.790654e-17
4231.880246 8.618867e-17
4234.921656 8.299234e-17
4237.963067 8.953621e-17
4241.004477 8.626047e-17
4244.045887 8.972776e-17
4247.087297 8.129099e-17
4250.128707 1.012750e-16
4253.170118 1.005519e-16
4256.211528 7.514621e-17
4259.252938 7.705696e-17
4262.294348 8.718948e-17
4265.335758 8.814015e-17
4268.377168 8.262630e-17
4271.418579 7.890327e-17
4274.459989 8.346898e-17
4277.501399 9.885671e-17
4280.542809 7.975192e-17
4283.584219 7.371125e-17
4286.625630 9.373991e-17
4289.667040 8.911750e-17
4292.708450 1.069965e-16
4295.749860 9.324499e-17
4298.791270 8.289666e-17
4301.832680 1.163768e-16
4304.874091 1.163871e-16
4307.915501 9.892397e-17
4310.956911 9.466348e-17
4313.998321 9.744258e-17
4317.039731 9.533736e-17
4320.081142 9.567439e-17
4323.122552 1.016470e-16
4326.163962 1.074893e-16
4329.205372 1.000937e-16
4332.246782 7.777326e-17
4335.288193 9.286463e-17
4338.329603 1.070604e-16
4341.371013 8.978726e-17
4344.412423 7.860046e-17
4347.453833 9.824600e-17
4350.495243 9.655553e-17
4353.536654 8.346093e-17
4356.578064 8.018341e-17
4359.619474 1.047873e-16
4362.660884 1.065800e-16
4365.702294 1.064703e-16
4368.743705 1.042322e-16
4371.785115 8.954475e-17
4374.826525 8.894051e-17
4377.867935 8.018882e-17
4380.909345 8.097093e-17
4383.950755 8.073180e-17
4386.992166 9.403701e-17
4390.033576 8.108179e-17
4393.074986 6.008131e-17
4396.116396 7.051815e-17
4399.157806 7.143115e-17
4402.199217 7.384551e-17
4405.240627 6.966246e-17
4408.282037 7.441287e-17
4411.323447 6.930369e-17
4414.364857 4.731558e-17
4417.406267 6.154226e-17
4420.447678 6.513056e-17
4423.489088 6.763608e-17
4426.530498 4.101332e-17
4429.571908 6.785301e-17
4432.613318 5.290204e-17
4435.654729 5.819042e-17
4438.696139 6.007157e-17
4441.737549 8.777789e-17
4444.778959 6.245851e-17
4447.820369 7.911959e-17
4450.861780 7.920930e-17
4453.903190 7.809267e-17
4456.944600 8.333306e-17
4459.986010 9.062135e-17
4463.027420 1.055698e-16
4466.068830 8.355803e-17
4469.110241 7.388565e-17
4472.151651 8.232838e-17
4475.193061 6.392005e-17
4478.234471 7.770490e-17
4481.275881 1.030770e-16
4484.317292 8.158565e-17
4487.358702 9.399898e-17
4490.400112 8.411684e-17
4493.441522 1.014199e-16
4496.482932 1.019920e-16
4499.524342 7.900262e-17
4502.565753 6.964108e-17
4505.607163 8.766522e-17
4508.648573 1.035974e-16
4511.689983 7.909670e-17
4514.731393 1.016883e-16
4517.772804 9.983745e-17
4520.814214 1.013974e-16
4523.855624 9.269553e-17
4526.897034 8.265964e-17
4529.938444 8.898315e-17
4532.979855 8.935664e-17
4536.021265 9.152911e-17
4539.062675 9.883898e-17
4542.104085 1.013853e-16
4545.145495 9.419696e-17
4548.186905 1.106620e-16
4551.228316 1.159717e-16
4554.269726 9.976302e-17
4557.311136 1.009400e-16
4560.352546 1.303056e-16
4563.393956 1.180446e-16
4566.435367 1.327838e-16
4569.476777 1.348405e-16
4572.518187 1.339300e-16
4575.559597 1.395194e-16
4578.601007 1.253190e-16
4581.642417 1.378887e-16
4584.683828 1.571242e-16
4587.725238 1.522579e-16
4590.766648 1.565365e-16
4593.808058 1.575907e-16
4596.849468 1.530433e-16
4599.890879 1.496565e-16
4602.932289 1.629401e-16
4605.973699 1.840955e-16
4609.015109 1.673827e-16
4612.056519 1.673753e-16
4615.097929 1.879127e-16
4618.139340 1.741545e-16
4621.180750 1.861483e-16
4624.222160 1.788172e-16
4627.263570 1.511500e-16
4630.304980 1.807476e-16
4633.346391 1.922221e-16
4636.387801 1.950970e-16
4639.429211 2.028159e-16
4642.470621 1.666533e-16
4645.512031 1.846238e-16
4648.553442 1.782178e-16
4651.594852 1.835023e-16
4654.636262 1.758967e-16
4657.677672 1.746579e-16
4660.719082 1.688287e-16
4663.760492 1.558082e-16
4666.801903 1.393709e-16
4669.843313 1.477260e-16
4672.884723 1.353975e-16
4675.926133 1.553308e-16
4678.967543 1.424539e-16
4682.008954 1.352098e-16
4685.050364 1.385086e-16
4688.091774 1.291716e-16
4691.133184 1.380761e-16
4694.174594 1.478022e-16
4697.216004 1.582539e-16
4700.257415 1.529072e-16
4703.298825 1.503898e-16
4706.340235 1.487939e-16
4709.381645 1.420685e-16
4712.423055 1.226368e-16
4715.464466 1.323267e-16
4718.505876 1.190909e-16
4721.547286 1.016449e-16
4724.588696 1.261272e-16
4727.630106 1.262157e-16
4730.671517 1.089009e-16
4733.712927 9.891726e-17
4736.754337 9.065546e-17
4739.795747 9.537854e-17
4742.837157 9.825692e-17
4745.878567 1.212666e-16
4748.919978 1.403225e-16
4751.961388 1.336420e-16
4755.002798 1.263481e-16
4758.044208 1.418877e-16
4761.085618 1.499169e-16
4764.127029 1.517781e-16
4767.168439 1.501861e-16
4770.209849 1.461409e-16
4773.251259 1.283800e-16
4776.292669 1.509295e-16
4779.334079 1.522847e-16
4782.375490 1.392325e-16
4785.416900 1.499865e-16
4788.458310 1.555200e-16
4791.499720 1.545472e-16
4794.541130 1.517606e-16
4797.582541 1.588092e-16
4800.623951 1.531679e-16
4803.665361 1.546433e-16
4806.706771 1.631061e-16
4809.748181 1.654763e-16
4812.789591 1.551512e-16
4815.831002 1.647346e-16
4818.872412 1.561253e-16
4821.913822 1.752249e-16
4824.955232 1.570806e-16
4827.996642 1.608677e-16
4831.038053 1.605035e-16
4834.079463 1.484943e-16
4837.120873 1.486787e-16
4840.162283 1.512506e-16
4843.203693 1.434657e-16
4846.245104 1.569451e-16
4849.286514 1.316054e-16
4852.327924 1.234901e-16
4855.369334 1.391508e-16
4858.410744 1.284934e-16
4861.452154 1.125583e-16
4864.493565 1.142170e-16
4867.534975 1.179029e-16
4870.576385 1.148057e-16
4873.617795 1.215003e-16
4876.659205 1.125717e-16
4879.700616 1.119824e-16
4882.742026 1.211110e-16
4885.783436 1.053421e-16
4888.824846 1.125842e-16
4891.866256 1.140149e-16
4894.907666 1.086359e-16
4897.949077 1.114963e-16
4900.990487 1.133786e-16
4904.031897 1.198510e-16
4907.073307 1.043444e-16
4910.114717 1.018143e-16
4913.156128 8.869790e-17
4916.197538 9.628229e-17
4919.238948 8.494532e-17
4922.280358 8.854368e-17
4925.321768 8.176437e-17
4928.363179 7.659490e-17
4931.404589 7.926842e-17
4934.445999 8.281730e-17
4937.487409 7.967886e-17
4940.528819 7.884944e-17
4943.570229 8.226939e-17
4946.611640 7.786174e-17
4949.653050 8.707230e-17
4952.694460 7.631056e-17
4955.735870 8.453477e-17
4958.777280 8.103962e-17
4961.818691 9.844384e-17
4964.860101 9.629972e-17
4967.901511 8.704229e-17
4970.942921 9.027250e-17
4973.984331 1.020536e-16
4977.025741 1.004855e-16
4980.067152 9.270270e-17
4983.108562 1.028856e-16
4986.149972 1.193667e-16
4989.191382 1.244515e-16
4992.232792 1.322606e-16
4995.274203 1.340840e-16
4998.315613 1.399520e-16
5001.357023 1.428710e-16
5004.398433 1.595043e-16
5007.439843 1.454289e-16
5010.481253 1.603353e-16
5013.522664 1.703778e-16
5016.564074 1.687964e-16
5019.605484 1.839695e-16
5022.646894 1.757492e-16
5025.688304 1.807627e-16
5028.729715 1.926865e-16
5031.771125 2.050888e-16
5034.812535 1.953050e-16
5037.853945 1.860947e-16
5040.895355 2.082086e-16
5043.936766 2.042897e-16
5046.978176 2.121561e-16
5050.019586 2.190231e-16
5053.060996 2.021732e-16
5056.102406 2.090690e-16
5059.143816 1.992062e-16
5062.185227 2.096261e-16
5065.226637 2.017558e-16
5068.268047 1.991475e-16
5071.309457 1.993143e-16
5074.350867 1.849808e-16
5077.392278 1.848931e-16
5080.433688 1.852377e-16
5083.475098 1.734912e-16
5086.516508 1.645834e-16
5089.557918 1.686898e-16
5092.599328 1.739303e-16
5095.640739 1.463463e-16
5098.682149 1.449724e-16
5101.723559 1.473616e-16
5104.764969 1.331679e-16
5107.806379 1.250128e-16
5110.847790 1.355175e-16
5113.889200 1.288187e-16
5116.930610 1.180525e-16
5119.972020 1.139110e-16
5123.013430 1.166929e-16
5126.054841 1.137890e-16
5129.096251 1.101735e-16
5132.137661 1.233388e-16
5135.179071 1.139354e-16
5138.220481 1.176430e-16
5141.261891 1.178230e-16
5144.303302 1.154146e-16
5147.344712 1.284973e-16
5150.386122 1.242173e-16
5153.427532 1.299059e-16
5156.468942 1.493212e-16
5159.510353 1.356761e-16
5162.551763 1.349729e-16
5165.593173 1.429074e-16
5168.634583 1.476029e-16
5171.675993 1.527892e-16
5174.717403 1.609209e-16
5177.758814 1.702913e-16
5180.800224 1.795457e-16
5183.841634 1.682961e-16
5186.883044 1.621702e-16
5189.924454 1.526036e-16
5192.965865 1.537042e-16
5196.007275 1.660462e-16
5199.048685 1.561430e-16
5202.090095 1.546149e-16
5205.131505 1.524036e-16
5208.172916 1.469589e-16
5211.214326 1.484270e-16
5214.255736 1.568629e-16
5217.297146 1.515656e-16
5220.338556 1.674695e-16
5223.379966 1.833759e-16
5226.421377 1.612336e-16
5229.462787 1.417674e-16
5232.504197 1.569440e-16
5235.545607 1.591887e-16
5238.587017 1.645400e-16
5241.628428 1.645161e-16
5244.669838 1.569322e-16
5247.711248 1.605521e-16
5250.752658 1.638906e-16
5253.794068 1.618649e-16
5256.835478 1.585128e-16
5259.876889 1.588160e-16
5262.918299 1.685755e-16
5265.959709 1.727510e-16
5269.001119 1.636446e-16
5272.042529 1.565284e-16
5275.083940 1.593042e-16
5278.125350 1.843689e-16
5281.166760 1.820639e-16
5284.208170 1.631190e-16
5287.249580 1.731738e-16
5290.290990 1.796947e-16
5293.332401 1.722421e-16
5296.373811 1.801970e-16
5299.415221 1.666577e-16
5302.456631 1.683127e-16
5305.498041 1.842862e-16
5308.539452 1.768717e-16
5311.580862 1.734173e-16
5314.622272 1.791325e-16
5317.663682 1.799567e-16
5320.705092 1.827031e-16
5323.746503 1.813383e-16
5326.787913 2.001429e-16
5329.829323 1.921666e-16
5332.870733 1.778693e-16
5335.912143 1.860096e-16
5338.953553 1.934794e-16
5341.994964 1.954767e-16
5345.036374 1.996147e-16
5348.077784 1.885666e-16
5351.119194 1.852624e-16
5354.160604 2.016312e-16
5357.202015 2.073449e-16
5360.243425 2.184290e-16
5363.284835 2.028058e-16
5366.326245 1.885708e-16
5369.367655 2.013547e-16
5372.409065 1.982268e-16
5375.450476 2.158600e-16
5378.491886 2.261525e-16
5381.533296 2.154228e-16
5384.574706 2.045484e-16
5387.616116 2.215607e-16
5390.657527 2.042251e-16
5393.698937 2.225989e-16
5396.740347 1.982677e-16
5399.781757 1.958851e-16
5402.823167 2.009917e-16
5405.864578 2.100112e-16
5408.905988 2.044541e-16
5411.947398 2.136970e-16
5414.988808 2.230775e-16
5418.030218 2.094543e-16
5421.071628 2.234244e-16
5424.113039 2.245833e-16
5427.154449 2.030313e-16
5430.195859 2.258902e-16
5433.237269 1.948217e-16
5436.278679 2.178290e-16
5439.320090 2.234087e-16
5442.361500 2.243732e-16
5445.402910 2.231979e-16
5448.444320 2.156074e-16
5451.485730 2.157932e-16
5454.527140 2.187042e-16
5457.568551 2.237257e-16
5460.609961 2.296523e-16
5463.651371 2.134344e-16
5466.692781 2.142825e-16
5469.734191 2.149570e-16
5472.775602 2.055127e-16
5475.817012 2.058633e-16
5478.858422 2.158948e-16
5481.899832 2.059525e-16
5484.941242 2.054699e-16
5487.982652 2.079261e-16
5491.024063 2.056999e-16
5494.065473 1.965523e-16
5497.106883 1.970654e-16
5500.148293 1.989539e-16
5503.189703 1.723222e-16
5506.231114 1.961244e-16
5509.272524 1.990032e-16
5512.313934 1.998466e-16
5515.355344 2.015614e-16
5518.396754 1.979630e-16
5521.438165 1.962383e-16
5524.479575 2.147278e-16
5527.520985 2.124107e-16
5530.562395 2.105927e-16
5533.603805 2.273934e-16
5536.645215 2.301302e-16
5539.686626 2.508444e-16
5542.728036 2.534865e-16
5545.769446 2.513648e-16
5548.810856 2.495657e-16
5551.852266 2.636159e-16
5554.893677 2.391579e-16
5557.935087 2.668525e-16
5560.976497 2.663348e-16
5564.017907 2.695619e-16
5567.059317 2.912497e-16
5570.100727 2.853775e-16
5573.142138 2.705634e-16
5576.183548 2.891268e-16
5579.224958 2.909882e-16
5582.266368 2.746045e-16
5585.307778 2.833539e-16
5588.349189 2.721767e-16
5591.390599 2.687034e-16
5594.432009 2.725885e-16
5597.473419 2.582614e-16
5600.514829 2.667919e-16
5603.556240 2.502689e-16
5606.597650 2.364961e-16
5609.639060 2.540096e-16
5612.680470 2.394186e-16
5615.721880 2.246413e-16
5618.763290 2.228610e-16
5621.804701 2.093858e-16
5624.846111 2.294511e-16
5627.887521 2.079723e-16
5630.928931 2.009058e-16
5633.970341 1.951746e-16
5637.011752 1.988025e-16
5640.053162 1.749466e-16
5643.094572 1.884647e-16
5646.135982 1.963724e-16
5649.177392 1.817816e-16
5652.218802 1.658710e-16
5655.260213 1.630002e-16
5658.301623 1.601262e-16
5661.343033 1.561994e-16
5664.384443 1.582381e-16
5667.425853 1.582133e-16
5670.467264 1.541175e-16
5673.508674 1.489074e-16
5676.550084 1.489583e-16
5679.591494 1.416424e-16
5682.632904 1.452297e-16
5685.674314 1.369006e-16
5688.715725 1.257828e-16
5691.757135 1.208515e-16
5694.798545 1.290597e-16
5697.839955 1.320735e-16
5700.881365 1.559237e-16
5703.922776 1.527516e-16
5706.964186 1.386487e-16
5710.005596 1.345356e-16
5713.047006 1.419368e-16
5716.088416 1.282385e-16
5719.129827 1.114560e-16
5722.171237 9.908405e-17
5725.212647 1.042316e-16
5728.254057 9.423012e-17
5731.295467 7.992944e-17
5734.336877 8.326767e-17
5737.378288 7.100611e-17
5740.419698 7.465743e-17
5743.461108 6.846113e-17
5746.502518 6.848184e-17
5749.543928 6.941717e-17
5752.585339 6.391420e-17
5755.626749 6.975794e-17
5758.668159 5.079543e-17
5761.709569 4.739853e-17
5764.750979 5.099130e-17
5767.792389 5.970597e-17
5770.833800 6.093952e-17
5773.875210 5.420373e-17
5776.916620 5.400918e-17
5779.958030 5.870825e-17
5782.999440 6.310786e-17
5786.040851 5.325877e-17
5789.082261 6.139918e-17
5792.123671 5.952675e-17
5795.165081 5.859130e-17
5798.206491 6.719080e-17
5801.247902 6.998847e-17
5804.289312 6.887279e-17
5807.330722 7.726815e-17
5810.372132 8.462078e-17
5813.413542 9.178372e-17
5816.454952 1.017677e-16
5819.496363 9.195991e-17
5822.537773 9.633389e-17
5825.579183 9.948117e-17
5828.620593 9.973298e-17
5831.662003 1.086988e-16
5834.703414 1.216754e-16
5837.744824 1.288639e-16
5840.786234 1.288863e-16
5843.827644 1.423415e-16
5846.869054 1.398350e-16
5849.910464 1.509555e-16
5852.951875 1.566283e-16
5855.993285 1.617458e-16
5859.034695 1.886414e-16
5862.076105 1.937422e-16
5865.117515 1.821564e-16
5868.158926 1.942607e-16
5871.200336 2.065702e-16
5874.241746 2.134582e-16
5877.283156 2.376952e-16
5880.324566 2.363335e-16
5883.365976 2.034313e-16
5886.407387 2.111741e-16
5889.448797 2.491238e-16
5892.490207 2.554428e-16
5895.531617 2.484099e-16
5898.573027 2.691879e-16
5901.614438 2.948401e-16
5904.655848 2.821209e-16
5907.697258 2.914755e-16
5910.738668 2.921937e-16
5913.780078 2.722932e-16
5916.821489 2.952633e-16
5919.862899 2.895026e-16
5922.904309 3.219824e-16
5925.945719 3.147471e-16
5928.987129 3.132907e-16
5932.028539 3.239745e-16
5935.069950 2.926774e-16
5938.111360 2.831408e-16
5941.152770 2.845054e-16
5944.194180 2.783350e-16
5947.235590 3.036642e-16
5950.277001 3.019960e-16
5953.318411 3.109486e-16
5956.359821 3.201689e-16
5959.401231 3.062958e-16
5962.442641 3.039357e-16
5965.484051 2.927100e-16
5968.525462 2.996793e-16
5971.566872 3.031478e-16
5974.608282 2.830399e-16
5977.649692 3.129323e-16
5980.691102 3.212878e-16
5983.732513 2.892329e-16
5986.773923 3.049256e-16
5989.815333 3.103623e-16
5992.856743 3.104247e-16
5995.898153 3.031851e-16
5998.939564 3.027068e-16
6001.980974 2.999495e-16
6005.022384 2.992666e-16
6008.063794 3.052344e-16
6011.105204 2.876630e-16
6014.146614 2.893775e-16
6017.188025 2.899586e-16
6020.229435 2.733433e-16
6023.270845 2.761640e-16
6026.312255 2.887297e-16
6029.353665 2.717255e-16
6032.395076 2.694705e-16
6035.436486 2.740222e-16
6038.477896 2.532069e-16
6041.519306 2.575255e-16
6044.560716 2.589187e-16
6047.602126 2.510207e-16
6050.643537 2.512552e-16
6053.684947 2.551481e-16
6056.726357 2.475354e-16
6059.767767 2.401346e-16
6062.809177 2.378585e-16
6065.850588 2.336165e-16
6068.891998 2.307385e-16
6071.933408 2.278007e-16
6074.974818 2.249488e-16
6078.016228 2.214792e-16
6081.057639 2.236642e-16
6084.099049 2.375452e-16
6087.140459 2.449475e-16
6090.181869 2.365050e-16
6093.223279 2.316619e-16
6096.264689 2.352568e-16
6099.306100 2.202447e-16
6102.347510 2.261733e-16
6105.388920 2.301258e-16
6108.430330 2.180941e-16
6111.471740 2.168927e-16
6114.513151 2.075268e-16
6117.554561 2.011440e-16
6120.595971 1.962969e-16
6123.637381 1.912328e-16
6126.678791 1.852978e-16
6129.720201 1.903870e-16
6132.761612 1.959380e-16
6135.803022 1.927868e-16
6138.844432 1.784545e-16
6141.885842 1.842095e-16
6144.927252 1.910338e-16
6147.968663 1.920201e-16
6151.010073 1.919349e-16
6154.051483 1.958882e-16
6157.092893 2.010911e-16
6160.134303 1.910667e-16
6163.175713 2.027657e-16
6166.217124 2.154314e-16
6169.258534 2.229178e-16
6172.299944 2.023277e-16
6175.341354 2.146060e-16
6178.382764 2.181349e-16
6181.424175 2.089693e-16
6184.465585 1.915026e-16
6187.506995 2.075524e-16
6190.548405 1.952357e-16
6193.589815 2.001589e-16
6196.631226 2.026345e-16
6199.672636 1.806354e-16
6202.714046 1.819113e-16
6205.755456 1.986019e-16
6208.796866 1.788787e-16
6211.838276 1.867692e-16
6214.879687 1.754002e-16
6217.921097 1.639466e-16
6220.962507 1.695463e-16
6224.003917 1.689511e-16
6227.045327 1.710446e-16
6230.086738 1.649009e-16
6233.128148 1.583013e-16
6236.169558 1.791119e-16
6239.210968 1.733182e-16
6242.252378 1.635797e-16
6245.293788 1.645079e-16
6248.335199 1.613860e-16
6251.376609 1.735702e-16
6254.418019 1.737797e-16
6257.459429 1.747399e-16
6260.500839 1.755197e-16
6263.542250 1.792853e-16
6266.583660 1.867192e-16
6269.625070 1.889403e-16
6272.666480 1.813640e-16
6275.707890 1.719102e-16
6278.749301 1.917484e-16
6281.790711 1.767621e-16
6284.832121 1.762320e-16
6287.873531 1.761780e-16
6290.914941 1.846699e-16
6293.956351 1.653638e-16
6296.997762 1.779155e-16
6300.039172 1.762879e-16
6303.080582 1.668506e-16
6306.121992 1.645744e-16
6309.163402 1.464422e-16
6312.204813 1.512884e-16
6315.246223 1.438250e-16
6318.287633 1.602060e-16
6321.329043 1.501043e-16
6324.370453 1.405147e-16
6327.411863 1.387685e-16
6330.453274 1.334415e-16
6333.494684 1.301722e-16
6336.536094 1.258640e-16
6339.577504 1.318454e-16
6342.618914 1.131086e-16
6345.660325 1.104581e-16
6348.701735 1.085008e-16
6351.743145 9.386741e-17
6354.784555 9.250803e-17
6357.825965 9.272357e-17
6360.867375 8.320164e-17
6363.908786 8.780891e-17
6366.950196 8.493353e-17
6369.991606 7.419016e-17
6373.033016 6.158226e-17
6376.074426 6.791292e-17
6379.115837 6.513873e-17
6382.157247 6.421177e-17
6385.198657 7.085938e-17
6388.240067 6.991341e-17
6391.281477 5.915655e-17
6394.322888 5.974182e-17
6397.364298 6.508607e-17
6400.405708 7.104523e-17
6403.447118 9.151062e-17
6406.488528 1.059532e-16
6409.529938 1.077019e-16
6412.571349 1.190741e-16
6415.612759 1.393899e-16
6418.654169 1.499751e-16
6421.695579 1.495432e-16
6424.736989 1.597050e-16
6427.778400 1.756232e-16
6430.819810 1.801833e-16
6433.861220 1.875420e-16
6436.902630 1.851799e-16
6439.944040 1.885266e-16
6442.985450 2.017252e-16
6446.026861 1.970357e-16
6449.068271 2.119622e-16
6452.109681 2.110775e-16
6455.151091 2.175734e-16
6458.192501 2.178449e-16
6461.233912 2.089470e-16
6464.275322 2.195495e-16
6467.316732 2.227190e-16
6470.358142 2.105317e-16
6473.399552 2.120970e-16
6476.440963 2.262501e-16
6479.482373 2.266129e-16
6482.523783 2.223234e-16
6485.565193 2.221789e-16
6488.606603 2.155937e-16
6491.648013 2.091639e-16
6494.689424 2.120738e-16
6497.730834 2.276874e-16
6500.772244 2.310524e-16
6503.813654 2.236210e-16
6506.855064 2.322620e-16
6509.896475 2.411916e-16
6512.937885 2.392756e-16
6515.979295 2.442946e-16
6519.020705 2.445556e-16
6522.062115 2.330512e-16
6525.103525 2.156266e-16
6528.144936 2.375149e-16
6531.186346 2.417359e-16
6534.227756 2.441400e-16
6537.269166 2.331214e-16
6540.310576 2.162930e-16
6543.351987 2.105853e-16
6546.393397 2.191015e-16
6549.434807 2.013019e-16
6552.476217 1.996935e-16
6555.517627 1.966322e-16
6558.559037 1.858353e-16
6561.600448 1.918099e-16
6564.641858 1.805785e-16
6567.683268 1.832916e-16
6570.724678 1.721501e-16
6573.766088 1.631196e-16
6576.807499 1.686947e-16
6579.848909 1.610388e-16
6582.890319 1.436589e-16
6585.931729 1.532388e-16
6588.973139 1.584047e-16
6592.014550 1.438412e-16
6595.055960 1.349681e-16
6598.097370 1.436295e-16
6601.138780 1.566700e-16
6604.180190 1.613091e-16
6607.221600 1.589193e-16
6610.263011 1.673199e-16
6613.304421 1.721663e-16
6616.345831 1.659731e-16
6619.387241 1.768765e-16
6622.428651 1.694835e-16
6625.470062 1.609487e-16
6628.511472 1.666912e-16
6631.552882 1.738849e-16
6634.594292 1.769051e-16
6637.635702 1.915455e-16
6640.677112 2.027665e-16
6643.718523 1.933893e-16
6646.759933 2.048788e-16
6649.801343 2.086676e-16
6652.842753 2.133539e-16
6655.884163 2.198475e-16
6658.925574 2.174760e-16
6661.966984 2.266777e-16
6665.008394 2.189301e-16
6668.049804 2.272026e-16
6671.091214 2.307744e-16
6674.132625 2.351495e-16
6677.174035 2.424120e-16
6680.215445 2.520020e-16
6683.256855 2.452350e-16
6686.298265 2.516281e-16
6689.339675 2.624548e-16
6692.381086 2.656392e-16
6695.422496 2.559634e-16
6698.463906 2.609514e-16
6701.505316 2.631149e-16
6704.546726 2.402042e-16
6707.588137 2.500174e-16
6710.629547 2.632547e-16
6713.670957 2.683245e-16
6716.712367 2.562082e-16
6719.753777 2.431922e-16
6722.795187 2.378505e-16
6725.836598 2.620660e-16
6728.878008 2.605416e-16
6731.919418 2.494813e-16
6734.960828 2.547693e-16
6738.002238 2.528748e-16
6741.043649 2.457271e-16
6744.085059 2.529701e-16
6747.126469 2.504617e-16
6750.167879 2.368407e-16
6753.209289 2.408190e-16
6756.250699 2.377857e-16
6759.292110 2.353096e-16
6762.333520 2.409405e-16
6765.374930 2.554413e-16
6768.416340 2.554792e-16
6771.457750 2.352305e-16
6774.499161 2.328066e-16
6777.540571 2.377210e-16
6780.581981 2.415876e-16
6783.623391 2.277484e-16
6786.664801 2.167660e-16
6789.706212 2.340019e-16
6792.747622 2.278337e-16
6795.789032 2.220446e-16
6798.830442 2.124061e-16
6801.871852 2.024716e-16
6804.913262 2.200893e-16
6807.954673 2.234979e-16
6810.996083 2.129836e-16
6814.037493 2.200666e-16
6817.078903 2.140248e-16
6820.120313 2.184301e-16
6823.161724 2.028055e-16
6826.203134 2.031879e-16
6829.244544 2.035701e-16
6832.285954 2.039524e-16
6835.327364 2.043345e-16
6838.368774 2.047166e-16
6841.410185 2.024488e-16
6844.451595 1.965766e-16
6847.493005 1.915057e-16
6850.534415 1.947488e-16
6853.575825 1.955998e-16
6856.617236 1.968545e-16
6859.658646 1.733454e-16
6862.700056 1.558870e-16
6865.741466 1.296548e-16
6868.782876 1.446692e-16
6871.824287 2.079822e-16
6874.865697 2.341268e-16
6877.907107 2.245000e-16
6880.948517 2.053023e-16
6883.989927 1.749203e-16
6887.031337 1.681131e-16
6890.072748 1.728175e-16
6893.114158 1.775463e-16
6896.155568 1.734708e-16
6899.196978 1.694722e-16
6902.238388 1.695516e-16
6905.279799 1.654787e-16
6908.321209 1.696980e-16
6911.362619 1.557983e-16
6914.404029 1.370147e-16
6917.445439 1.415366e-16
6920.486849 1.431581e-16
6923.528260 1.399174e-16
6926.569670 1.362906e-16
6929.611080 1.345230e-16
6932.652490 1.217146e-16
6935.693900 1.229686e-16
6938.735311 1.216199e-16
6941.776721 1.203539e-16
6944.818131 1.132459e-16
6947.859541 1.130215e-16
6950.900951 1.149097e-16
6953.942361 1.049262e-16
6956.983772 1.026106e-16
6960.025182 9.475326e-17
6963.066592 9.394775e-17
6966.108002 9.529764e-17
6969.149412 9.883072e-17
6972.190823 1.080339e-16
6975.232233 1.094415e-16
6978.273643 1.040693e-16
6981.315053 9.607839e-17
6984.356463 1.080507e-16
6987.397874 1.156057e-16
6990.439284 1.171532e-16
6993.480694 1.178971e-16
6996.522104 1.186230e-16
6999.563514 1.213272e-16
7002.604924 1.391679e-16
7005.646335 1.500413e-16
7008.687745 1.543381e-16
7011.729155 1.500018e-16
7014.770565 1.553347e-16
7017.811975 1.598283e-16
7020.853386 1.684064e-16
7023.894796 1.857059e-16
7026.936206 1.796697e-16
7029.977616 1.867016e-16
7033.019026 1.935485e-16
7036.060436 1.974503e-16
7039.101847 1.987437e-16
7042.143257 2.040135e-16
7045.184667 2.066816e-16
7048.226077 2.081065e-16
7051.267487 2.128643e-16
7054.308898 2.135319e-16
7057.350308 2.183323e-16
7060.391718 2.263916e-16
7063.433128 2.302611e-16
7066.474538 2.312572e-16
7069.515949 2.449069e-16
7072.557359 2.443766e-16
7075.598769 2.476230e-16
7078.640179 2.478175e-16
7081.681589 2.544107e-16
7084.722999 2.362738e-16
7087.764410 2.406005e-16
7090.805820 2.541863e-16
7093.847230 2.430010e-16
7096.888640 2.356731e-16
7099.930050 2.466812e-16
7102.971461 2.463186e-16
7106.012871 2.490881e-16
7109.054281 2.440725e-16
7112.095691 2.463680e-16
7115.137101 2.540019e-16
7118.178511 2.418474e-16
7121.219922 2.340239e-16
7124.261332 2.154522e-16
7127.302742 2.140216e-16
7130.344152 2.205861e-16
7133.385562 2.316376e-16
7136.426973 2.281775e-16
7139.468383 2.080254e-16
7142.509793 2.164461e-16
7145.551203 2.281852e-16
7148.592613 2.290821e-16
7151.634024 2.313890e-16
7154.675434 2.213935e-16
7157.716844 2.275153e-16
7160.758254 2.254761e-16
7163.799664 2.061604e-16
7166.841074 2.008078e-16
7169.882485 2.140615e-16
7172.923895 1.893878e-16
7175.965305 2.013016e-16
7179.006715 2.102605e-16
7182.048125 1.909518e-16
7185.089536 1.944605e-16
7188.130946 1.917490e-16
7191.172356 1.984950e-16
7194.213766 1.937075e-16
7197.255176 1.798234e-16
7200.296586 1.791272e-16
7203.337997 1.991746e-16
7206.379407 2.014222e-16
7209.420817 1.874090e-16
7212.462227 1.902956e-16
7215.503637 1.884298e-16
7218.545048 1.881880e-16
7221.586458 1.766160e-16
7224.627868 1.806435e-16
7227.669278 1.647915e-16
7230.710688 1.716182e-16
7233.752098 1.806547e-16
7236.793509 1.771187e-16
7239.834919 1.759620e-16
7242.876329 1.840836e-16
7245.917739 2.135022e-16
7248.959149 1.862579e-16
7252.000560 1.907390e-16
7255.041970 1.928045e-16
7258.083380 1.948272e-16
7261.124790 1.912226e-16
7264.166200 1.963534e-16
7267.207611 1.969936e-16
7270.249021 1.857093e-16
7273.290431 1.963177e-16
7276.331841 2.135878e-16
7279.373251 2.093990e-16
7282.414661 2.019605e-16
7285.456072 2.013907e-16
7288.497482 2.019943e-16
7291.538892 2.096381e-16
7294.580302 1.999930e-16
7297.621712 1.953053e-16
7300.663123 1.966004e-16
7303.704533 2.205850e-16
7306.745943 2.053167e-16
7309.787353 1.831369e-16
7312.828763 1.967850e-16
7315.870173 2.201874e-16
7318.911584 2.226702e-16
7321.952994 2.217015e-16
7324.994404 2.257356e-16
7328.035814 2.249812e-16
7331.077224 2.125015e-16
7334.118635 2.223501e-16
7337.160045 2.242999e-16
7340.201455 2.166084e-16
7343.242865 2.415621e-16
7346.284275 2.314432e-16
7349.325686 2.218333e-16
7352.367096 2.229014e-16
7355.408506 2.376585e-16
7358.449916 2.184866e-16
7361.491326 2.163605e-16
7364.532736 2.198333e-16
7367.574147 2.056420e-16
7370.615557 2.020301e-16
7373.656967 2.180934e-16
7376.698377 2.171484e-16
7379.739787 2.259054e-16
7382.781198 2.239517e-16
7385.822608 2.092113e-16
7388.864018 2.108085e-16
7391.905428 2.188664e-16
7394.946838 2.026696e-16
7397.988248 1.987141e-16
7401.029659 1.962975e-16
7404.071069 2.025515e-16
7407.112479 2.052064e-16
7410.153889 1.936768e-16
7413.195299 1.990684e-16
7416.236710 2.109268e-16
7419.278120 1.980393e-16
7422.319530 1.928912e-16
7425.360940 1.903393e-16
7428.402350 1.940537e-16
7431.443760 1.773109e-16
7434.485171 1.711032e-16
7437.526581 1.785020e-16
7440.567991 1.861351e-16
7443.609401 1.972753e-16
7446.650811 1.969474e-16
7449.692222 1.854057e-16
7452.733632 1.802930e-16
7455.775042 1.721967e-16
7458.816452 1.882522e-16
7461.857862 1.816095e-16
7464.899273 1.879124e-16
7467.940683 1.975940e-16
7470.982093 1.941043e-16
7474.023503 1.908450e-16
7477.064913 1.883806e-16
7480.106323 1.869764e-16
7483.147734 1.826862e-16
7486.189144 1.820233e-16
7489.230554 1.825633e-16
7492.271964 1.785354e-16
7495.313374 1.741076e-16
7498.354785 1.777350e-16
7501.396195 1.886470e-16
7504.437605 1.873191e-16
7507.479015 1.852450e-16
7510.520425 1.889918e-16
7513.561835 1.919108e-16
7516.603246 1.838928e-16
7519.644656 1.822093e-16
7522.686066 1.589741e-16
7525.727476 1.521488e-16
7528.768886 1.698747e-16
7531.810297 1.695549e-16
7534.851707 1.649737e-16
7537.893117 1.653613e-16
7540.934527 1.674089e-16
7543.975937 1.611484e-16
7547.017348 1.606985e-16
7550.058758 1.635487e-16
7553.100168 1.768216e-16
7556.141578 1.686432e-16
7559.182988 1.603748e-16
7562.224398 1.705384e-16
7565.265809 1.633982e-16
7568.307219 1.540675e-16
7571.348629 1.532766e-16
7574.390039 1.651671e-16
7577.431449 1.582881e-16
7580.472860 1.481310e-16
7583.514270 1.521102e-16
7586.555680 1.483110e-16
7589.597090 1.353115e-16
7592.638500 9.074378e-17
7595.679910 6.844023e-17
7598.721321 7.364044e-17
7601.762731 8.274454e-17
7604.804141 1.322171e-16
7607.845551 1.618909e-16
7610.886961 2.179058e-16
7613.928372 2.655931e-16
7616.969782 1.868649e-16
7620.011192 1.130135e-16
7623.052602 1.085062e-16
7626.094012 1.270050e-16
7629.135422 1.492126e-16
7632.176833 1.390553e-16
7635.218243 1.377567e-16
7638.259653 1.336779e-16
7641.301063 1.491870e-16
7644.342473 1.493900e-16
7647.383884 1.426073e-16
7650.425294 1.473819e-16
7653.466704 1.479815e-16
7656.508114 1.347399e-16
7659.549524 1.305635e-16
7662.590935 1.405331e-16
7665.632345 1.344438e-16
7668.673755 1.330062e-16
7671.715165 1.392727e-16
7674.756575 1.342389e-16
7677.797985 1.399517e-16
7680.839396 1.225636e-16
7683.880806 1.238362e-16
7686.922216 1.340088e-16
7689.963626 1.234693e-16
7693.005036 1.281777e-16
7696.046447 1.264091e-16
7699.087857 1.173446e-16
7702.129267 1.204698e-16
7705.170677 1.179180e-16
7708.212087 1.039204e-16
7711.253497 9.314791e-17
7714.294908 8.713866e-17
7717.336318 1.000754e-16
7720.377728 1.145592e-16
7723.419138 1.045510e-16
7726.460548 9.857692e-17
7729.501959 1.079844e-16
7732.543369 1.055592e-16
7735.584779 1.221655e-16
7738.626189 1.204554e-16
7741.667599 1.308146e-16
7744.709010 1.096976e-16
7747.750420 1.038571e-16
7750.791830 1.162821e-16
7753.833240 1.197962e-16
7756.874650 1.165093e-16
7759.916060 1.257608e-16
7762.957471 1.421672e-16
7765.998881 1.289014e-16
7769.040291 1.300059e-16
7772.081701 1.445527e-16
7775.123111 1.517877e-16
7778.164522 1.474255e-16
7781.205932 1.559222e-16
7784.247342 1.548962e-16
7787.288752 1.645402e-16
7790.330162 1.654365e-16
7793.371572 1.648772e-16
7796.412983 1.560570e-16
7799.454393 1.524201e-16
7802.495803 1.803803e-16
7805.537213 1.826127e-16
7808.578623 1.801683e-16
7811.620034 1.897035e-16
7814.661444 1.613342e-16
7817.702854 1.552653e-16
7820.744264 1.867415e-16
7823.785674 1.954624e-16
7826.827084 1.902212e-16
7829.868495 1.812229e-16
7832.909905 1.787797e-16
7835.951315 1.698334e-16
7838.992725 1.558904e-16
7842.034135 1.690007e-16
7845.075546 1.842059e-16
7848.116956 1.835974e-16
7851.158366 1.545024e-16
7854.199776 1.462277e-16
7857.241186 1.757362e-16
7860.282597 1.834194e-16
7863.324007 1.770150e-16
7866.365417 1.896399e-16
7869.406827 1.736871e-16
7872.448237 1.616636e-16
7875.489647 1.864132e-16
7878.531058 1.780799e-16
7881.572468 1.630923e-16
7884.613878 1.572027e-16
7887.655288 1.726031e-16
7890.696698 1.709289e-16
7893.738109 1.664211e-16
7896.779519 1.635483e-16
7899.820929 1.697734e-16
7902.862339 1.552753e-16
7905.903749 1.452149e-16
7908.945159 1.460070e-16
7911.986570 1.437493e-16
7915.027980 1.489781e-16
7918.069390 1.420037e-16
7921.110800 1.691331e-16
7924.152210 1.643202e-16
7927.193621 1.485422e-16
7930.235031 1.482684e-16
7933.276441 1.490540e-16
7936.317851 1.465385e-16
7939.359261 1.371807e-16
7942.400672 1.328063e-16
7945.442082 1.366012e-16
7948.483492 1.460862e-16
7951.524902 1.404763e-16
7954.566312 1.416724e-16
7957.607722 1.302085e-16
7960.649133 1.183372e-16
7963.690543 1.327587e-16
7966.731953 1.419526e-16
7969.773363 1.372030e-16
7972.814773 1.270347e-16
7975.856184 1.265739e-16
7978.897594 1.385389e-16
7981.939004 1.498124e-16
7984.980414 1.346938e-16
7988.021824 1.206613e-16
7991.063234 1.339524e-16
7994.104645 1.482472e-16
7997.146055 1.473679e-16
8000.187465 1.255602e-16
8003.228875 1.200097e-16
8006.270285 1.297348e-16
8009.311696 1.267817e-16
8012.353106 1.208784e-16
8015.394516 1.286973e-16
8018.435926 1.335734e-16
8021.477336 1.373059e-16
8024.518747 1.294919e-16
8027.560157 1.346160e-16
8030.601567 1.417120e-16
8033.642977 1.352443e-16
8036.684387 1.250191e-16
8039.725797 1.254336e-16
8042.767208 1.220219e-16
8045.808618 1.344668e-16
8048.850028 1.389649e-16
8051.891438 1.365502e-16
8054.932848 1.248342e-16
8057.974259 1.233897e-16
8061.015669 1.245656e-16
8064.057079 1.257394e-16
8067.098489 1.189655e-16
8070.139899 1.196865e-16
8073.181309 1.283090e-16
8076.222720 1.237387e-16
8079.264130 1.212597e-16
8082.305540 1.254039e-16
8085.346950 1.169470e-16
8088.388360 1.067676e-16
8091.429771 1.051177e-16
8094.471181 1.192822e-16
8097.512591 1.076834e-16
8100.554001 1.268897e-16
8103.595411 1.209528e-16
8106.636821 1.143049e-16
8109.678232 1.143516e-16
8112.719642 1.243568e-16
8115.761052 1.080997e-16
8118.802462 1.086055e-16
8121.843872 1.194267e-16
8124.885283 1.078691e-16
8127.926693 9.901463e-17
8130.968103 1.125781e-16
8134.009513 1.146132e-16
8137.050923 1.077240e-16
8140.092334 1.062672e-16
8143.133744 1.179844e-16
8146.175154 1.166462e-16
8149.216564 9.673047e-17
8152.257974 1.036449e-16
8155.299384 1.080136e-16
8158.340795 1.019213e-16
8161.382205 1.051208e-16
8164.423615 1.032490e-16
8167.465025 1.080342e-16
8170.506435 1.085306e-16
8173.547846 1.042277e-16
8176.589256 8.633078e-17
8179.630666 9.793830e-17
8182.672076 9.129940e-17
8185.713486 9.768607e-17
8188.754896 8.993895e-17
8191.796307 1.048443e-16
8194.837717 8.790025e-17
8197.879127 1.084332e-16
8200.920537 1.207712e-16
8203.961947 1.227941e-16
8207.003358 9.940871e-17
8210.044768 1.022029e-16
8213.086178 1.098190e-16
8216.127588 1.074538e-16
8219.168998 1.042457e-16
8222.210409 8.713644e-17
8225.251819 7.178840e-17
8228.293229 9.081678e-17
8231.334639 1.050445e-16
8234.376049 1.046672e-16
8237.417459 9.841522e-17
8240.458870 1.055896e-16
8243.500280 1.152398e-16
8246.541690 1.272113e-16
8249.583100 1.128063e-16
8252.624510 1.042632e-16
8255.665921 9.676868e-17
8258.707331 1.068588e-16
8261.748741 1.145988e-16
8264.790151 1.094228e-16
8267.831561 1.031292e-16
8270.872971 1.098060e-16
8273.914382 1.039645e-16
8276.955792 9.698810e-17
8279.997202 7.831306e-17
8283.038612 9.559513e-17
8286.080022 7.992733e-17
8289.121433 7.784183e-17
8292.162843 7.442319e-17
8295.204253 9.194628e-17
8298.245663 9.218386e-17
8301.287073 1.016538e-16
8304.328483 9.717897e-17
8307.369894 7.259597e-17
8310.411304 7.300328e-17
8313.452714 7.912409e-17
8316.494124 7.521285e-17
8319.535534 8.396600e-17
8322.576945 9.526906e-17
8325.618355 9.027371e-17
8328.659765 7.032851e-17
8331.701175 7.209284e-17
8334.742585 8.258241e-17
8337.783996 5.809535e-17
8340.825406 4.410843e-17
8343.866816 3.058411e-17
8346.908226 6.354718e-17
8349.949636 6.473733e-17
8352.991046 4.899660e-17
8356.032457 4.790186e-17
8359.073867 5.032203e-17
8362.115277 5.138660e-17
8365.156687 5.145233e-17
8368.198097 4.436354e-17
8371.239508 3.270024e-17
8374.280918 3.170293e-17
8377.322328 3.062892e-17
8380.363738 1.917017e-17
8383.405148 4.127273e-17
8386.446558 2.897587e-17
8389.487969 3.030019e-17
8392.529379 1.994541e-17
8398.612199 3.453050e-17
8401.653609 4.317690e-17
8404.695020 2.687150e-17
8407.736430 3.321399e-17
8410.777840 2.044472e-17
8413.819250 2.780753e-17
8416.860660 2.338501e-17
8419.902071 1.987608e-17
8432.067711 2.989606e-17
8435.109121 3.490827e-17
8438.150532 2.893638e-17
8441.191942 3.956677e-17
8444.233352 5.011392e-17
8447.274762 4.493941e-17
8450.316172 4.580010e-17
8453.357583 5.491118e-17
8456.398993 3.379972e-17
8459.440403 2.631993e-17
8462.481813 2.418161e-17
8465.523223 4.403973e-17
8468.564633 4.684737e-17
8471.606044 4.705382e-17
8474.647454 4.847409e-17
8477.688864 6.194172e-17
8480.730274 6.295591e-17
8483.771684 7.465904e-17
8486.813095 6.550976e-17
8489.854505 6.212802e-17
8492.895915 6.425486e-17
8495.937325 8.082580e-17
8498.978735 6.772839e-17
8502.020145 5.166349e-17
8505.061556 5.049317e-17
8508.102966 9.261536e-17
8511.144376 9.335181e-17
8514.185786 6.752278e-17
8517.227196 5.716260e-17
8520.268607 6.250446e-17
8523.310017 7.928925e-17
8526.351427 9.428390e-17
8529.392837 8.435155e-17
8532.434247 7.836339e-17
8535.475658 9.616735e-17
8538.517068 8.784923e-17
8541.558478 6.586238e-17
8544.599888 7.339434e-17
8547.641298 7.647710e-17
8550.682708 8.171745e-17
8553.724119 8.734360e-17
8556.765529 7.796824e-17
8559.806939 7.441125e-17
8562.848349 7.431716e-17
8565.889759 8.943911e-17
8568.931170 1.025111e-16
8571.972580 1.005444e-16
8575.013990 9.798812e-17
8578.055400 1.049091e-16
8581.096810 9.831664e-17
8584.138220 9.439430e-17
8587.179631 1.144000e-16
8590.221041 9.764177e-17
8593.262451 1.164191e-16
8596.303861 1.180658e-16
8599.345271 1.301859e-16
8602.386682 1.319698e-16
8605.428092 1.197866e-16
8608.469502 1.253035e-16
8611.510912 1.400194e-16
8614.552322 1.427258e-16
8617.593733 1.257586e-16
8620.635143 1.399278e-16
8623.676553 1.663146e-16
8626.717963 1.595272e-16
8629.759373 1.593316e-16
8632.800783 1.655881e-16
8635.842194 1.916496e-16
8638.883604 1.855597e-16
8641.925014 1.787226e-16
8644.966424 1.930110e-16
8648.007834 2.140361e-16
8651.049245 2.119726e-16
8654.090655 2.087805e-16
8657.132065 2.182564e-16
8660.173475 2.259818e-16
8663.214885 2.407550e-16
8666.256295 2.532915e-16
8669.297706 2.454673e-16
8672.339116 2.466082e-16
8675.380526 2.757503e-16
8678.421936 2.670744e-16
8681.463346 2.912833e-16
8684.504757 2.636758e-16
8687.546167 2.692431e-16
8690.587577 2.844413e-16
8693.628987 2.745779e-16
8696.670397 2.964310e-16
8699.711807 3.042056e-16
8702.753218 3.110332e-16
8705.794628 3.213221e-16
8708.836038 3.269098e-16
8711.877448 2.970481e-16
8714.918858 2.964334e-16
8717.960269 3.121617e-16
8721.001679 3.183402e-16
8724.043089 2.901371e-16
8727.084499 2.830884e-16
8730.125909 2.849305e-16
8733.167320 2.649761e-16
8736.208730 2.796933e-16
8739.250140 2.771325e-16
8742.291550 2.901661e-16
8745.332960 2.877993e-16
8748.374370 2.774231e-16
8751.415781 2.874575e-16
8754.457191 2.593869e-16
8757.498601 2.344106e-16
8760.540011 2.606470e-16
8763.581421 2.727753e-16
8766.622832 2.902195e-16
8769.664242 2.892013e-16
8772.705652 2.754988e-16
8775.747062 2.629967e-16
8778.788472 2.813792e-16
8781.829882 2.495734e-16
8784.871293 2.569738e-16
8787.912703 2.547817e-16
8790.954113 2.333393e-16
8793.995523 2.713881e-16
8797.036933 2.379604e-16
8800.078344 2.653309e-16
8803.119754 2.552547e-16
8806.161164 2.404068e-16
8809.202574 2.614427e-16
8812.243984 2.561834e-16
8815.285395 2.340431e-16
8818.326805 2.301790e-16
8821.368215 2.473775e-16
8824.409625 2.424673e-16
8827.451035 2.145657e-16
8830.492445 2.360960e-16
8833.533856 2.078133e-16
8836.575266 3.040822e-16
8839.616676 2.586900e-16
8842.658086 2.452129e-16
8845.699496 2.138601e-16
8848.740907 2.155839e-16
8851.782317 2.204260e-16
8854.823727 1.826719e-16
8857.865137 1.937415e-16
8860.906547 2.077715e-16
8863.947957 2.160841e-16
8866.989368 1.627713e-16
8870.030778 1.944980e-16
8873.072188 1.974370e-16
8876.113598 2.045715e-16
8879.155008 1.782569e-16
8882.196419 1.529434e-16
8885.237829 1.671866e-16
8888.279239 1.785935e-16
8891.320649 1.627340e-16
8894.362059 1.910064e-16
8897.403470 1.636202e-16
8900.444880 1.339603e-16
8903.486290 1.590005e-16
8906.527700 1.607288e-16
8909.569110 1.697192e-16
8912.610520 1.439075e-16
8915.651931 1.329494e-16
8918.693341 1.092547e-16
8921.734751 1.501087e-16
8924.776161 1.598031e-16
8927.817571 1.497820e-16
8930.858982 1.657221e-16
8933.900392 1.343135e-16
8936.941802 1.260790e-16
8939.983212 1.289820e-16
8943.024622 1.026230e-16
8946.066032 1.201632e-16
8949.107443 1.216632e-16
8952.148853 1.342789e-16
8955.190263 1.313313e-16
8958.231673 1.402042e-16
8961.273083 9.326152e-17
8964.314494 1.046609e-16
8967.355904 1.252619e-16
8970.397314 1.112245e-16
8973.438724 1.201719e-16
8976.480134 1.216790e-16
8979.521544 1.289279e-16
8982.562955 1.048769e-16
8985.604365 9.116894e-17
8988.645775 9.831392e-17
8991.687185 1.128693e-16
8994.728595 9.207106e-17
8997.770006 8.714399e-17
9000.811416 1.113041e-16
9003.852826 1.108819e-16
9006.894236 9.770465e-17
9009.935646 1.073838e-16
9012.977057 8.373286e-17
9016.018467 9.512191e-17
9019.059877 8.541341e-17
9022.101287 1.062629e-16
9025.142697 1.189517e-16
9028.184107 1.121956e-16
9031.225518 1.121014e-16
9034.266928 9.483651e-17
9037.308338 7.813130e-17
9040.349748 8.948187e-17
9043.391158 9.953610e-17
9046.432569 1.103488e-16
9049.473979 1.198773e-16
9052.515389 9.854675e-17
9055.556799 1.010088e-16
9058.598209 8.995115e-17
9061.639619 8.069984e-17
9064.681030 8.651257e-17
9067.722440 7.723884e-17
9070.763850 8.134160e-17
9073.805260 7.229256e-17
9076.846670 6.506610e-17
9079.888081 7.970778e-17
9082.929491 1.013736e-16
9085.970901 1.104263e-16
9089.012311 1.135146e-16
9092.053721 1.041624e-16
9095.095132 7.336720e-17
9098.136542 7.868774e-17
9101.177952 9.785875e-17
9104.219362 9.170839e-17
9107.260772 1.110191e-16
9110.302182 1.010871e-16
9113.343593 1.034359e-16
9116.385003 6.823495e-17
9119.426413 8.406372e-17
9122.467823 7.669714e-17
9125.509233 8.358535e-17
9128.550644 1.077331e-16
9131.592054 1.156518e-16
9134.633464 1.098594e-16
9137.674874 1.208500e-16
9140.716284 1.202968e-16
9143.757694 1.138107e-16
9146.799105 1.007870e-16
9149.840515 1.065409e-16
9152.881925 1.101427e-16
9155.923335 1.057251e-16
9158.964745 1.092263e-16
9162.006156 1.111842e-16
9165.047566 9.887182e-17
9168.088976 1.064854e-16
9171.130386 1.031087e-16
9174.171796 6.727497e-17
9177.213206 7.749738e-17
9180.254617 9.294201e-17
9183.296027 7.441418e-17
9186.337437 9.618933e-17
9189.378847 1.005202e-16
9192.420257 8.774082e-17
9195.461668 7.725966e-17
9198.503078 6.951768e-17
9201.544488 7.884779e-17
9204.585898 8.010016e-17
9207.627308 7.470550e-17
9210.668719 5.396111e-17
9213.710129 7.065816e-17
9216.751539 7.011712e-17
9219.792949 6.881460e-17
9222.834359 8.172926e-17
9225.875769 7.632520e-17
9228.917180 8.581233e-17
9231.958590 9.702551e-17
9235.000000 8.740723e-17
