3.742654238699999951e+03 5.666696107556008499e+00 4.944212354189999710e-18 4.944212354189999710e-19
3.748185745239999960e+03 5.666696107556008499e+00 1.457707373820000070e-17 1.457707373820000070e-18
3.753717251779999970e+03 5.666696107556008499e+00 1.566904943050000002e-17 1.566904943050000002e-18
3.759248758319999979e+03 5.666696107556008499e+00 2.003684965189999990e-17 2.003684965189999913e-18
3.764780264850000094e+03 5.666696107556008499e+00 2.126357685310000040e-17 2.126357685310000271e-18
3.770311771390000104e+03 5.666696107556008499e+00 1.075953932430000001e-17 1.075953932430000155e-18
3.775843277930000113e+03 5.666696107556008499e+00 2.247800512919999957e-18 2.247800512919999957e-19
3.781374784470000122e+03 5.666696107556008499e+00 2.026267405219999886e-18 2.026267405219999983e-19
3.786906291010000132e+03 5.666696107556008499e+00 1.943952456070000094e-18 1.943952456070000287e-19
3.792437797550000141e+03 5.666696107556008499e+00 1.766311607560000136e-18 1.766311607560000136e-19
3.797969304079999802e+03 5.666696107556008499e+00 3.124572702820000087e-18 3.124572702820000183e-19
3.803500810619999811e+03 5.666696107556008499e+00 4.440048715599999940e-18 4.440048715599999748e-19
3.809032317159999820e+03 5.666696107556008499e+00 4.055596210480000082e-18 4.055596210480000371e-19
3.814563823699999830e+03 5.666696107556008499e+00 2.060500666960000174e-18 2.060500666960000222e-19
3.820095330239999839e+03 5.666696107556008499e+00 2.535230632700000107e-18 2.535230632700000300e-19
3.825626836779999849e+03 5.666696107556008499e+00 2.195837383179999894e-18 2.195837383179999894e-19
3.831158343319999858e+03 5.666696107556008499e+00 1.237265718819999931e-18 1.237265718819999979e-19
3.836689849849999973e+03 5.666696107556008499e+00 2.447726754030000051e-18 2.447726754030000051e-19
3.842221356389999983e+03 5.666696107556008499e+00 5.143606712939999822e-18 5.143606712940000400e-19
3.847752862929999992e+03 5.666696107556008499e+00 4.459724261249999633e-18 4.459724261250000019e-19
3.853284369470000001e+03 5.666696107556008499e+00 2.261069542299999893e-18 2.261069542299999893e-19
3.858815876010000011e+03 5.666696107556008499e+00 8.770483858850000467e-19 8.770483858850001430e-20
3.864347382550000020e+03 5.666696107556008499e+00 4.209640419099999771e-18 4.209640419099999963e-19
3.869878889080000135e+03 5.666696107556008499e+00 2.455530657910000099e-18 2.455530657910000195e-19
3.875410395620000145e+03 5.666696107556008499e+00 3.643366866590000109e-18 3.643366866590000398e-19
3.880941902160000154e+03 5.666696107556008499e+00 4.916531226900000035e-18 4.916531226900000613e-19
3.886473408700000164e+03 5.666696107556008499e+00 7.241520313729999538e-18 7.241520313730000309e-19
3.892004915240000173e+03 5.666696107556008499e+00 1.039594850359999958e-17 1.039594850359999958e-18
3.897536421780000182e+03 5.666696107556008499e+00 1.030840668210000009e-17 1.030840668210000086e-18
3.903067928309999843e+03 5.666696107556008499e+00 4.714207413210000180e-18 4.714207413210000180e-19
3.908599434849999852e+03 5.666696107556008499e+00 3.638342013899999970e-18 3.638342013900000355e-19
3.914130941389999862e+03 5.666696107556008499e+00 4.006178322449999863e-18 4.006178322449999863e-19
3.919662447929999871e+03 5.666696107556008499e+00 4.033647517179999777e-18 4.033647517179999777e-19
3.925193954469999881e+03 5.666696107556008499e+00 2.642205986460000134e-18 2.642205986460000327e-19
3.930725461009999890e+03 5.666696107556008499e+00 3.100084237029999817e-18 3.100084237030000105e-19
3.936256967540000005e+03 5.666696107556008499e+00 4.957000091559999822e-18 4.957000091559999822e-19
3.941788474080000015e+03 5.666696107556008499e+00 6.762822765330000232e-18 6.762822765330001002e-19
3.947319980620000024e+03 5.666696107556008499e+00 1.008874541750000000e-17 1.008874541750000038e-18
3.952851487160000033e+03 5.666696107556008499e+00 7.010698406909999674e-18 7.010698406910000252e-19
3.958382993700000043e+03 5.666696107556008499e+00 6.551266212099999662e-18 6.551266212100000047e-19
3.963914500240000052e+03 5.666696107556008499e+00 6.449025841969999860e-18 6.449025841970000438e-19
3.969446006770000167e+03 5.666696107556008499e+00 5.957448262990000267e-18 5.957448262990000460e-19
3.974977513310000177e+03 5.666696107556008499e+00 5.914627630539999786e-18 5.914627630540000363e-19
3.980509019850000186e+03 5.666696107556008499e+00 7.131537568539999813e-18 7.131537568540000005e-19
3.986040526390000196e+03 5.666696107556008499e+00 6.394145563059999890e-18 6.394145563060000082e-19
3.991572032930000205e+03 5.666696107556008499e+00 4.741023718919999687e-18 4.741023718919999687e-19
3.997103539470000214e+03 5.666696107556008499e+00 3.275942459220000064e-18 3.275942459220000257e-19
4.002635046010000224e+03 5.666696107556008499e+00 1.506821719729999905e-18 1.506821719729999905e-19
4.008166552539999884e+03 5.666696107556008499e+00 4.148060336589999864e-18 4.148060336590000153e-19
4.013698059079999894e+03 5.666696107556008499e+00 4.392384398610000174e-18 4.392384398610000751e-19
4.019229565619999903e+03 5.666696107556008499e+00 3.481070961100000164e-18 3.481070961100000356e-19
4.024761072159999912e+03 5.666696107556008499e+00 5.830541677180000177e-18 5.830541677180000177e-19
4.030292578699999922e+03 5.666696107556008499e+00 8.338859267219999861e-18 8.338859267219999861e-19
4.035824085239999931e+03 5.666696107556008499e+00 8.812193554479999922e-18 8.812193554479999922e-19
4.041355591770000046e+03 5.666696107556008499e+00 7.926219731269999489e-18 7.926219731269999682e-19
4.046887098310000056e+03 5.666696107556008499e+00 7.991279609730000318e-18 7.991279609730000510e-19
4.052418604850000065e+03 5.666696107556008499e+00 9.702334245340000085e-18 9.702334245340000085e-19
4.057950111390000075e+03 5.666696107556008499e+00 7.319436294900000736e-18 7.319436294900001313e-19
4.063481617930000084e+03 5.666696107556008499e+00 5.266664329940000208e-18 5.266664329940000978e-19
4.069013124470000093e+03 5.666696107556008499e+00 5.465836501329999962e-18 5.465836501330000540e-19
4.074544631000000209e+03 5.666696107556008499e+00 9.027476018890000147e-18 9.027476018890000147e-19
4.080076137540000218e+03 5.666696107556008499e+00 8.009608358120000264e-18 8.009608358120001034e-19
4.085607644079999773e+03 5.666696107556008499e+00 5.728619205899999829e-18 5.728619205900000214e-19
4.091139150619999782e+03 5.666696107556008499e+00 6.875810167339999718e-18 6.875810167340000103e-19
4.096670657159999791e+03 5.666696107556008499e+00 7.221195297330000473e-18 7.221195297330001051e-19
4.102202163699999801e+03 5.666696107556008499e+00 6.355635365469999984e-18 6.355635365470000562e-19
4.107733670229999916e+03 5.666696107556008499e+00 4.703347578509999701e-18 4.703347578509999701e-19
4.113265176769999925e+03 5.666696107556008499e+00 5.217055018949999880e-18 5.217055018949999880e-19
4.118796683309999935e+03 5.666696107556008499e+00 3.912281942409999919e-18 3.912281942410000208e-19
4.124328189849999944e+03 5.666696107556008499e+00 1.896590313899999879e-18 1.896590313899999976e-19
4.129859696389999954e+03 5.666696107556008499e+00 1.649975671059999980e-18 1.649975671060000076e-19
4.135391202929999963e+03 5.666696107556008499e+00 2.971203260130000142e-18 2.971203260130000527e-19
4.140922709469999972e+03 5.666696107556008499e+00 3.244061648930000027e-18 3.244061648930000123e-19
4.146454216000000088e+03 5.666696107556008499e+00 1.539299701290000086e-18 1.539299701290000134e-19
4.151985722540000097e+03 5.666696107556008499e+00 3.156308920420000143e-18 3.156308920420000143e-19
4.157517229080000106e+03 5.666696107556008499e+00 4.697851004950000008e-18 4.697851004950000393e-19
4.163048735620000116e+03 5.666696107556008499e+00 4.137292795100000329e-18 4.137292795100000715e-19
4.168580242160000125e+03 5.666696107556008499e+00 5.410265732450000148e-18 5.410265732450000340e-19
4.174111748700000135e+03 5.666696107556008499e+00 5.303526922769999926e-18 5.303526922770000504e-19
4.179643255230000250e+03 5.666696107556008499e+00 5.728215850379999961e-18 5.728215850379999961e-19
4.185174761770000259e+03 5.666696107556008499e+00 5.133608281560000215e-18 5.133608281560000408e-19
4.190706268310000269e+03 5.666696107556008499e+00 4.540566279090000309e-18 4.540566279090000309e-19
4.196237774850000278e+03 5.666696107556008499e+00 4.900954183549999617e-18 4.900954183549999809e-19
4.201769281390000288e+03 5.666696107556008499e+00 4.748848132400000157e-18 4.748848132400000350e-19
4.207300787930000297e+03 5.666696107556008499e+00 5.712826811720000156e-18 5.712826811720000733e-19
4.212832294460000412e+03 5.666696107556008499e+00 4.811812613099999621e-18 4.811812613100000006e-19
4.218363801000000421e+03 5.666696107556008499e+00 4.610268164320000290e-18 4.610268164320000482e-19
4.223895307540000431e+03 5.666696107556008499e+00 5.154322980420000028e-18 5.154322980419999835e-19
4.229426814080000440e+03 5.666696107556008499e+00 3.574782754710000330e-18 3.574782754710000427e-19
4.234958320620000450e+03 5.666696107556008499e+00 4.082990203329999980e-18 4.082990203330000269e-19
4.240489827159999550e+03 5.666696107556008499e+00 6.157656169309999678e-18 6.157656169310000255e-19
4.246021333689999665e+03 5.666696107556008499e+00 5.399077744099999618e-18 5.399077744100000196e-19
4.251552840229999674e+03 5.666696107556008499e+00 4.415177403899999652e-18 4.415177403899999845e-19
4.257084346769999684e+03 5.666696107556008499e+00 4.281266788729999889e-18 4.281266788730000275e-19
4.262615853309999693e+03 5.666696107556008499e+00 6.452943176109999623e-18 6.452943176109999815e-19
4.268147359849999702e+03 5.666696107556008499e+00 4.944837897080000135e-18 4.944837897080000520e-19
4.273678866389999712e+03 5.666696107556008499e+00 3.290473854659999810e-18 3.290473854659999906e-19
4.279210372919999827e+03 5.666696107556008499e+00 4.862806322280000275e-18 4.862806322280000468e-19
4.284741879459999836e+03 5.666696107556008499e+00 3.968703859810000010e-18 3.968703859810000395e-19
4.290273385999999846e+03 5.666696107556008499e+00 5.582843785489999982e-18 5.582843785490000560e-19
4.295804892539999855e+03 5.666696107556008499e+00 6.821056364309999665e-18 6.821056364309999858e-19
4.301336399079999865e+03 5.666696107556008499e+00 5.563974950890000225e-18 5.563974950890000225e-19
4.306867905619999874e+03 5.666696107556008499e+00 2.520943643359999832e-18 2.520943643359999832e-19
4.312399412159999883e+03 5.666696107556008499e+00 3.175522316349999981e-18 3.175522316350000174e-19
4.317930918689999999e+03 5.666696107556008499e+00 5.301687895049999631e-18 5.301687895050000401e-19
4.323462425230000008e+03 5.666696107556008499e+00 4.108822048100000304e-18 4.108822048100000689e-19
4.328993931770000017e+03 5.666696107556008499e+00 2.167087021929999979e-18 2.167087021930000172e-19
4.334525438310000027e+03 5.666696107556008499e+00 2.382906154280000135e-18 2.382906154280000231e-19
4.340056944850000036e+03 5.666696107556008499e+00 3.884300007610000375e-18 3.884300007610000472e-19
4.345588451390000046e+03 5.666696107556008499e+00 4.852243876820000170e-18 4.852243876820000170e-19
4.351119957920000161e+03 5.666696107556008499e+00 3.563403343409999891e-18 3.563403343410000084e-19
4.356651464460000170e+03 5.666696107556008499e+00 4.197064614290000190e-18 4.197064614290000479e-19
4.362182971000000180e+03 5.666696107556008499e+00 2.715129246649999969e-18 2.715129246650000354e-19
4.367714477540000189e+03 5.666696107556008499e+00 1.153286073569999981e-18 1.153286073570000077e-19
4.373245984080000198e+03 5.666696107556008499e+00 2.367687345320000075e-18 2.367687345320000171e-19
4.378777490620000208e+03 5.666696107556008499e+00 3.072157336340000030e-18 3.072157336340000319e-19
4.384308997150000323e+03 5.666696107556008499e+00 3.053034182649999972e-18 3.053034182649999972e-19
4.389840503690000332e+03 5.666696107556008499e+00 3.184357853249999875e-18 3.184357853249999972e-19
4.395372010230000342e+03 5.666696107556008499e+00 4.568278170780000233e-18 4.568278170780000426e-19
4.400903516770000351e+03 5.666696107556008499e+00 4.379702627529999755e-18 4.379702627530000140e-19
4.406435023310000361e+03 5.666696107556008499e+00 3.381366261539999934e-18 3.381366261540000223e-19
4.411966529850000370e+03 5.666696107556008499e+00 4.173417042229999797e-18 4.173417042229999797e-19
4.417498036379999576e+03 5.666696107556008499e+00 3.090547271719999938e-18 3.090547271720000323e-19
4.423029542919999585e+03 5.666696107556008499e+00 1.232475017420000008e-18 1.232475017420000153e-19
4.428561049459999595e+03 5.666696107556008499e+00 3.255204174320000113e-18 3.255204174320000305e-19
4.434092555999999604e+03 5.666696107556008499e+00 3.097062147059999934e-18 3.097062147060000223e-19
4.439624062539999613e+03 5.666696107556008499e+00 4.269521622840000162e-18 4.269521622840000258e-19
4.445155569079999623e+03 5.666696107556008499e+00 4.490717689400000039e-18 4.490717689400000039e-19
4.450687075609999738e+03 5.666696107556008499e+00 3.174604169799999902e-18 3.174604169800000095e-19
4.456218582149999747e+03 5.666696107556008499e+00 4.461498341899999937e-18 4.461498341900000515e-19
4.461750088689999757e+03 5.666696107556008499e+00 4.565881965519999969e-18 4.565881965519999969e-19
4.467281595229999766e+03 5.666696107556008499e+00 4.078700278069999826e-18 4.078700278070000212e-19
4.472813101769999776e+03 5.666696107556008499e+00 4.129075280899999817e-18 4.129075280899999817e-19
4.478344608309999785e+03 5.666696107556008499e+00 5.712526004210000287e-18 5.712526004210001058e-19
4.483876114849999794e+03 5.666696107556008499e+00 4.406460822690000173e-18 4.406460822690000173e-19
4.489407621379999910e+03 5.666696107556008499e+00 3.242573335409999817e-18 3.242573335409999817e-19
4.494939127919999919e+03 5.666696107556008499e+00 3.352340046129999974e-18 3.352340046130000359e-19
4.500470634459999928e+03 5.666696107556008499e+00 2.948565102350000097e-18 2.948565102350000482e-19
4.506002140999999938e+03 5.666696107556008499e+00 2.786554622169999896e-18 2.786554622170000088e-19
4.511533647539999947e+03 5.666696107556008499e+00 4.459997722620000090e-18 4.459997722620000668e-19
4.517065154079999957e+03 5.666696107556008499e+00 5.212054094129999658e-18 5.212054094129999851e-19
4.522596660610000072e+03 5.666696107556008499e+00 3.513517152780000383e-18 3.513517152780000768e-19
4.528128167150000081e+03 5.666696107556008499e+00 4.339961853769999622e-18 4.339961853769999430e-19
4.533659673690000091e+03 5.666696107556008499e+00 3.954135205260000033e-18 3.954135205260000226e-19
4.539191180230000100e+03 5.666696107556008499e+00 5.183658549009999650e-18 5.183658549009999842e-19
4.544722686770000109e+03 5.666696107556008499e+00 5.890860419120000379e-18 5.890860419120001149e-19
4.550254193310000119e+03 5.666696107556008499e+00 7.164899855810000300e-18 7.164899855810000492e-19
4.555785699840000234e+03 5.666696107556008499e+00 6.868580532339999995e-18 6.868580532340000766e-19
4.561317206380000243e+03 5.666696107556008499e+00 5.426000016090000161e-18 5.426000016090000738e-19
4.566848712920000253e+03 5.666696107556008499e+00 7.640572237800000392e-18 7.640572237800000392e-19
4.572380219460000262e+03 5.666696107556008499e+00 9.449748231640000265e-18 9.449748231640001035e-19
4.577911726000000272e+03 5.666696107556008499e+00 8.897417790789999385e-18 8.897417790789999385e-19
4.583443232540000281e+03 5.666696107556008499e+00 8.993706957829999526e-18 8.993706957829999911e-19
4.588974739070000396e+03 5.666696107556008499e+00 8.789082650359999846e-18 8.789082650360001002e-19
4.594506245610000406e+03 5.666696107556008499e+00 9.172974559660000043e-18 9.172974559659999657e-19
4.600037752150000415e+03 5.666696107556008499e+00 8.969761996520000102e-18 8.969761996520000102e-19
4.605569258690000424e+03 5.666696107556008499e+00 8.342219423809999457e-18 8.342219423809999457e-19
4.611100765230000434e+03 5.666696107556008499e+00 8.416484695669999277e-18 8.416484695669999855e-19
4.616632271770000443e+03 5.666696107556008499e+00 8.647812506040000178e-18 8.647812506040000563e-19
4.622163778310000453e+03 5.666696107556008499e+00 7.908188372110000489e-18 7.908188372110000874e-19
4.627695284839999658e+03 5.666696107556008499e+00 7.056151105059999526e-18 7.056151105059999911e-19
4.633226791379999668e+03 5.666696107556008499e+00 6.807048305569999923e-18 6.807048305570000500e-19
4.638758297919999677e+03 5.666696107556008499e+00 7.152122373250000213e-18 7.152122373250000790e-19
4.644289804459999687e+03 5.666696107556008499e+00 6.724630466580000352e-18 6.724630466580000737e-19
4.649821310999999696e+03 5.666696107556008499e+00 6.603729776149999716e-18 6.603729776149999909e-19
4.655352817539999705e+03 5.666696107556008499e+00 4.944584945310000101e-18 4.944584945309999908e-19
4.660884324069999820e+03 5.666696107556008499e+00 3.598358543169999629e-18 3.598358543170000014e-19
4.666415830609999830e+03 5.666696107556008499e+00 5.335559504129999680e-18 5.335559504129999680e-19
4.671947337149999839e+03 5.666696107556008499e+00 4.791374793870000331e-18 4.791374793870000331e-19
4.677478843689999849e+03 5.666696107556008499e+00 3.565823476540000072e-18 3.565823476540000072e-19
4.683010350229999858e+03 5.666696107556008499e+00 8.973839989220000495e-19 8.973839989220001458e-20
4.688541856769999868e+03 5.666696107556008499e+00 1.587476074699999931e-18 1.587476074700000124e-19
4.694073363299999983e+03 5.666696107556008499e+00 3.438971583020000160e-18 3.438971583020000160e-19
4.699604869839999992e+03 5.666696107556008499e+00 2.945389190349999916e-18 2.945389190350000109e-19
4.705136376380000002e+03 5.666696107556008499e+00 3.155711749150000192e-18 3.155711749150000289e-19
4.710667882920000011e+03 5.666696107556008499e+00 2.536646820769999818e-18 2.536646820769999722e-19
4.716199389460000020e+03 5.666696107556008499e+00 3.340713152280000148e-18 3.340713152280000437e-19
4.721730896000000030e+03 5.666696107556008499e+00 5.505402943460000145e-18 5.505402943460000722e-19
4.727262402530000145e+03 5.666696107556008499e+00 3.774351445089999623e-18 3.774351445089999719e-19
4.732793909070000154e+03 5.666696107556008499e+00 3.402696932140000087e-18 3.402696932140000472e-19
4.738325415610000164e+03 5.666696107556008499e+00 3.985097869010000190e-18 3.985097869010000190e-19
4.743856922150000173e+03 5.666696107556008499e+00 3.998866649039999791e-18 3.998866649039999984e-19
4.749388428690000183e+03 5.666696107556008499e+00 1.479116322739999956e-18 1.479116322740000101e-19
4.754919935230000192e+03 5.666696107556008499e+00 3.561875378000000061e-18 3.561875378000000157e-19
4.760451441760000307e+03 5.666696107556008499e+00 3.579052170370000061e-18 3.579052170370000446e-19
4.765982948300000317e+03 5.666696107556008499e+00 1.722242623959999912e-18 1.722242623959999960e-19
4.771514454840000326e+03 5.666696107556008499e+00 2.707890724149999905e-18 2.707890724150000097e-19
4.777045961380000335e+03 5.666696107556008499e+00 3.947937886940000098e-18 3.947937886940000483e-19
4.782577467920000345e+03 5.666696107556008499e+00 4.806862962280000070e-18 4.806862962280000070e-19
4.788108974460000354e+03 5.666696107556008499e+00 4.655416636690000008e-18 4.655416636690000008e-19
4.793640481000000364e+03 5.666696107556008499e+00 3.082553312189999850e-18 3.082553312190000043e-19
4.799171987529999569e+03 5.666696107556008499e+00 2.520681462269999877e-18 2.520681462270000166e-19
4.804703494069999579e+03 5.666696107556008499e+00 1.844477805880000074e-18 1.844477805880000122e-19
4.810235000609999588e+03 5.666696107556008499e+00 3.417902409850000021e-18 3.417902409850000117e-19
4.815766507149999597e+03 5.666696107556008499e+00 4.848470109899999910e-18 4.848470109899999910e-19
4.821298013689999607e+03 5.666696107556008499e+00 5.396585827359999685e-18 5.396585827359999685e-19
4.826829520229999616e+03 5.666696107556008499e+00 5.905589732220000016e-18 5.905589732220000016e-19
4.832361026759999731e+03 5.666696107556008499e+00 5.201382264119999793e-18 5.201382264119999985e-19
4.837892533299999741e+03 5.666696107556008499e+00 4.911892638390000179e-18 4.911892638390000372e-19
4.843424039839999750e+03 5.666696107556008499e+00 4.535609791739999657e-18 4.535609791739999849e-19
4.848955546379999760e+03 5.666696107556008499e+00 4.590261046750000281e-18 4.590261046750000088e-19
4.854487052919999769e+03 5.666696107556008499e+00 4.540132159159999993e-18 4.540132159160000571e-19
4.860018559459999778e+03 5.666696107556008499e+00 5.123685052049999656e-18 5.123685052050000041e-19
4.865550065989999894e+03 5.666696107556008499e+00 5.641617470679999997e-18 5.641617470680000189e-19
4.871081572529999903e+03 5.666696107556008499e+00 4.219334624700000015e-18 4.219334624700000304e-19
4.876613079069999912e+03 5.666696107556008499e+00 3.585358873239999757e-18 3.585358873239999757e-19
4.882144585609999922e+03 5.666696107556008499e+00 3.949124025639999985e-18 3.949124025640000178e-19
4.887676092149999931e+03 5.666696107556008499e+00 6.041958081459999968e-18 6.041958081460000546e-19
4.893207598689999941e+03 5.666696107556008499e+00 7.100335626089999713e-18 7.100335626089999906e-19
4.898739105220000056e+03 5.666696107556008499e+00 9.887241987950000569e-18 9.887241987950000184e-19
4.904270611760000065e+03 5.666696107556008499e+00 1.153661057479999999e-17 1.153661057480000153e-18
4.909802118300000075e+03 5.666696107556008499e+00 1.173552295790000035e-17 1.173552295790000035e-18
4.915333624840000084e+03 5.666696107556008499e+00 1.007269665330000042e-17 1.007269665330000158e-18
4.920865131380000093e+03 5.666696107556008499e+00 5.003379140099999768e-18 5.003379140099999575e-19
4.926396637920000103e+03 5.666696107556008499e+00 2.552797449350000048e-18 2.552797449350000337e-19
4.931928144450000218e+03 5.666696107556008499e+00 3.088421109559999865e-18 3.088421109560000058e-19
4.937459650990000227e+03 5.666696107556008499e+00 4.092462221569999867e-18 4.092462221569999963e-19
4.942991157530000237e+03 5.666696107556008499e+00 5.755811520989999793e-18 5.755811520989999985e-19
4.948522664070000246e+03 5.666696107556008499e+00 4.931188756389999921e-18 4.931188756389999921e-19
4.954054170610000256e+03 5.666696107556008499e+00 2.663835413609999959e-18 2.663835413610000248e-19
4.959585677150000265e+03 5.666696107556008499e+00 3.271911638610000148e-18 3.271911638610000341e-19
4.965117183690000275e+03 5.666696107556008499e+00 3.546800819920000215e-18 3.546800819920000600e-19
4.970648690220000390e+03 5.666696107556008499e+00 3.903373938249999760e-18 3.903373938249999856e-19
4.976180196760000399e+03 5.666696107556008499e+00 4.058491482750000082e-18 4.058491482750000082e-19
4.981711703300000408e+03 5.666696107556008499e+00 4.667835201199999796e-18 4.667835201199999988e-19
4.987243209840000418e+03 5.666696107556008499e+00 7.277019017969999352e-18 7.277019017969999545e-19
4.992774716380000427e+03 5.666696107556008499e+00 8.262963481929999241e-18 8.262963481930000012e-19
4.998306222920000437e+03 5.666696107556008499e+00 9.458430630169999802e-18 9.458430630169999802e-19
5.003837729449999642e+03 5.666696107556008499e+00 1.001837697020000069e-17 1.001837697020000107e-18
5.009369235989999652e+03 5.666696107556008499e+00 9.396724071779999977e-18 9.396724071780000362e-19
5.014900742529999661e+03 5.666696107556008499e+00 6.507539738860000280e-18 6.507539738860000857e-19
5.020432249069999671e+03 5.666696107556008499e+00 4.670265589140000002e-18 4.670265589140000387e-19
5.025963755609999680e+03 5.666696107556008499e+00 5.792366469780000082e-18 5.792366469780000275e-19
5.031495262149999689e+03 5.666696107556008499e+00 1.089748691299999992e-17 1.089748691300000069e-18
5.037026768679999805e+03 5.666696107556008499e+00 1.432892805350000067e-17 1.432892805350000144e-18
5.042558275219999814e+03 5.666696107556008499e+00 1.739490858110000041e-17 1.739490858110000272e-18
5.048089781759999823e+03 5.666696107556008499e+00 1.916626828559999991e-17 1.916626828560000068e-18
5.053621288299999833e+03 5.666696107556008499e+00 2.024126886329999936e-17 2.024126886330000167e-18
5.059152794839999842e+03 5.666696107556008499e+00 1.862995242630000080e-17 1.862995242630000003e-18
5.064684301379999852e+03 5.666696107556008499e+00 9.863044074870000341e-18 9.863044074870000726e-19
5.070215807909999967e+03 5.666696107556008499e+00 4.134428287240000006e-18 4.134428287240000006e-19
5.075747314449999976e+03 5.666696107556008499e+00 3.398878727740000060e-18 3.398878727740000252e-19
5.081278820989999986e+03 5.666696107556008499e+00 3.445859391300000127e-18 3.445859391300000319e-19
5.086810327529999995e+03 5.666696107556008499e+00 3.943056601460000034e-18 3.943056601460000130e-19
5.092341834070000004e+03 5.666696107556008499e+00 4.778101662570000003e-18 4.778101662570000388e-19
5.097873340610000014e+03 5.666696107556008499e+00 3.722137414540000108e-18 3.722137414540000493e-19
5.103404847150000023e+03 5.666696107556008499e+00 4.214624252589999835e-18 4.214624252589999931e-19
5.108936353680000138e+03 5.666696107556008499e+00 3.381847895379999922e-18 3.381847895380000018e-19
5.114467860220000148e+03 5.666696107556008499e+00 2.194988969269999942e-18 2.194988969269999942e-19
5.119999366760000157e+03 5.666696107556008499e+00 2.158312672009999847e-18 2.158312672009999944e-19
5.125530873300000167e+03 5.666696107556008499e+00 2.932375847360000151e-18 2.932375847360000247e-19
5.131062379840000176e+03 5.666696107556008499e+00 3.916520593659999973e-18 3.916520593660000262e-19
5.136593886380000185e+03 5.666696107556008499e+00 3.492641795370000139e-18 3.492641795370000236e-19
5.142125392910000301e+03 5.666696107556008499e+00 4.278535593279999815e-18 4.278535593280000200e-19
5.147656899450000310e+03 5.666696107556008499e+00 3.691591779390000109e-18 3.691591779390000205e-19
5.153188405990000319e+03 5.666696107556008499e+00 2.160877739669999986e-18 2.160877739669999986e-19
5.158719912530000329e+03 5.666696107556008499e+00 4.491083443979999899e-18 4.491083443980000285e-19
5.164251419070000338e+03 5.666696107556008499e+00 4.104374882549999786e-18 4.104374882550000075e-19
5.169782925610000348e+03 5.666696107556008499e+00 2.467331541560000097e-18 2.467331541560000193e-19
5.175314432139999553e+03 5.666696107556008499e+00 3.990245779320000180e-18 3.990245779320000277e-19
5.180845938679999563e+03 5.666696107556008499e+00 3.399016825740000071e-18 3.399016825740000263e-19
5.186377445219999572e+03 5.666696107556008499e+00 3.669479009269999879e-18 3.669479009269999975e-19
5.191908951759999582e+03 5.666696107556008499e+00 3.732306759280000170e-18 3.732306759280000556e-19
5.197440458299999591e+03 5.666696107556008499e+00 3.423866260529999868e-18 3.423866260530000157e-19
5.202971964839999600e+03 5.666696107556008499e+00 2.171731079660000098e-18 2.171731079660000002e-19
5.208503471369999716e+03 5.666696107556008499e+00 3.576047513559999729e-18 3.576047513560000114e-19
5.214034977909999725e+03 5.666696107556008499e+00 3.732337523679999649e-18 3.732337523679999649e-19
5.219566484449999734e+03 5.666696107556008499e+00 2.285795577649999874e-18 2.285795577650000163e-19
5.225097990989999744e+03 5.666696107556008499e+00 3.465541773489999965e-18 3.465541773490000061e-19
5.230629497529999753e+03 5.666696107556008499e+00 3.605820620339999734e-18 3.605820620339999926e-19
5.236161004069999763e+03 5.666696107556008499e+00 2.452108288849999866e-18 2.452108288850000155e-19
5.241692510599999878e+03 5.666696107556008499e+00 3.645335788459999816e-18 3.645335788460000105e-19
5.247224017139999887e+03 5.666696107556008499e+00 4.044859433400000224e-18 4.044859433400000417e-19
5.252755523679999897e+03 5.666696107556008499e+00 3.553712556069999714e-18 3.553712556069999810e-19
5.258287030219999906e+03 5.666696107556008499e+00 3.617220541239999825e-18 3.617220541239999825e-19
5.263818536759999915e+03 5.666696107556008499e+00 2.845903259889999977e-18 2.845903259890000074e-19
5.269350043299999925e+03 5.666696107556008499e+00 3.020110459050000158e-18 3.020110459050000254e-19
5.274881549839999934e+03 5.666696107556008499e+00 2.960809335240000133e-18 2.960809335240000325e-19
5.280413056370000049e+03 5.666696107556008499e+00 3.169525650310000075e-18 3.169525650310000075e-19
5.285944562910000059e+03 5.666696107556008499e+00 3.045879407700000103e-18 3.045879407700000199e-19
5.291476069450000068e+03 5.666696107556008499e+00 1.346989701189999968e-18 1.346989701190000112e-19
5.297007575990000078e+03 5.666696107556008499e+00 2.262718514359999950e-18 2.262718514359999950e-19
5.302539082530000087e+03 5.666696107556008499e+00 4.585865155209999862e-18 4.585865155210000440e-19
5.308070589070000096e+03 5.666696107556008499e+00 4.670935569499999995e-18 4.670935569499999803e-19
5.313602095600000212e+03 5.666696107556008499e+00 3.126760051959999922e-18 3.126760051960000018e-19
5.319133602140000221e+03 5.666696107556008499e+00 3.340091027659999989e-18 3.340091027660000086e-19
5.324665108680000230e+03 5.666696107556008499e+00 3.954456522370000324e-18 3.954456522370000420e-19
5.330196615220000240e+03 5.666696107556008499e+00 4.291736940969999622e-18 4.291736940969999622e-19
5.335728121760000249e+03 5.666696107556008499e+00 4.539127188619999618e-18 4.539127188620000003e-19
5.341259628300000259e+03 5.666696107556008499e+00 4.180328778380000066e-18 4.180328778380000451e-19
5.346791134830000374e+03 5.666696107556008499e+00 3.108946778249999929e-18 3.108946778250000314e-19
5.352322641370000383e+03 5.666696107556008499e+00 3.198244563500000185e-18 3.198244563500000282e-19
5.357854147910000393e+03 5.666696107556008499e+00 4.157012778229999791e-18 4.157012778229999983e-19
5.363385654450000402e+03 5.666696107556008499e+00 3.003427948109999945e-18 3.003427948110000234e-19
5.368917160990000411e+03 5.666696107556008499e+00 3.137300962340000084e-18 3.137300962340000277e-19
5.374448667530000421e+03 5.666696107556008499e+00 2.602998462379999866e-18 2.602998462379999866e-19
5.379980174059999626e+03 5.666696107556008499e+00 2.616222370629999906e-18 2.616222370630000291e-19
5.385511680599999636e+03 5.666696107556008499e+00 3.194876203059999991e-18 3.194876203060000280e-19
5.391043187139999645e+03 5.666696107556008499e+00 1.920929401410000022e-18 1.920929401410000022e-19
5.396574693679999655e+03 5.666696107556008499e+00 2.930154315539999989e-18 2.930154315539999989e-19
5.402106200219999664e+03 5.666696107556008499e+00 2.938098710199999823e-18 2.938098710200000209e-19
5.407637706759999674e+03 5.666696107556008499e+00 2.617246825299999842e-18 2.617246825299999842e-19
5.413169213289999789e+03 5.666696107556008499e+00 5.252416992509999950e-18 5.252416992509999950e-19
5.418700719829999798e+03 5.666696107556008499e+00 8.356665020740000352e-18 8.356665020740000545e-19
5.424232226369999808e+03 5.666696107556008499e+00 7.375663371070000453e-18 7.375663371070000453e-19
5.429763732909999817e+03 5.666696107556008499e+00 3.931359291310000140e-18 3.931359291310000140e-19
5.435295239449999826e+03 5.666696107556008499e+00 3.580487842569999717e-18 3.580487842569999814e-19
5.440826745989999836e+03 5.666696107556008499e+00 3.598023552990000017e-18 3.598023552990000306e-19
5.446358252529999845e+03 5.666696107556008499e+00 2.963276982290000184e-18 2.963276982290000280e-19
5.451889759059999960e+03 5.666696107556008499e+00 2.468073647350000192e-18 2.468073647350000192e-19
5.457421265599999970e+03 5.666696107556008499e+00 3.323110101999999882e-18 3.323110101999999882e-19
5.462952772139999979e+03 5.666696107556008499e+00 3.168238672729999835e-18 3.168238672729999835e-19
5.468484278679999989e+03 5.666696107556008499e+00 3.472990177580000165e-18 3.472990177580000550e-19
5.474015785219999998e+03 5.666696107556008499e+00 4.384710388889999737e-18 4.384710388890000122e-19
5.479547291760000007e+03 5.666696107556008499e+00 3.728392843409999902e-18 3.728392843410000191e-19
5.485078798290000123e+03 5.666696107556008499e+00 3.260814234349999958e-18 3.260814234350000151e-19
5.490610304830000132e+03 5.666696107556008499e+00 3.333094860310000168e-18 3.333094860310000361e-19
5.496141811370000141e+03 5.666696107556008499e+00 3.637179803069999999e-18 3.637179803070000192e-19
5.501673317910000151e+03 5.666696107556008499e+00 3.977601609170000342e-18 3.977601609170000727e-19
5.507204824450000160e+03 5.666696107556008499e+00 2.193584403310000126e-18 2.193584403310000030e-19
5.512736330990000170e+03 5.666696107556008499e+00 2.056474290100000044e-18 2.056474290100000044e-19
5.518267837520000285e+03 5.666696107556008499e+00 3.330694553120000084e-18 3.330694553120000469e-19
5.523799344060000294e+03 5.666696107556008499e+00 4.014686389359999647e-18 4.014686389359999936e-19
5.529330850600000304e+03 5.666696107556008499e+00 4.461604308180000202e-18 4.461604308180000587e-19
5.534862357140000313e+03 5.666696107556008499e+00 4.200824708149999786e-18 4.200824708150000172e-19
5.540393863680000322e+03 5.666696107556008499e+00 2.897092835769999942e-18 2.897092835770000231e-19
5.545925370220000332e+03 5.666696107556008499e+00 4.062425908220000002e-18 4.062425908220000002e-19
5.551456876750000447e+03 5.666696107556008499e+00 4.986886001149999653e-18 4.986886001150000231e-19
5.556988383289999547e+03 5.666696107556008499e+00 4.110049206000000266e-18 4.110049206000000459e-19
5.562519889829999556e+03 5.666696107556008499e+00 4.461734202330000385e-18 4.461734202330000192e-19
5.568051396369999566e+03 5.666696107556008499e+00 4.503966892829999680e-18 4.503966892829999488e-19
5.573582902909999575e+03 5.666696107556008499e+00 5.068900484620000125e-18 5.068900484620000703e-19
5.579114409449999584e+03 5.666696107556008499e+00 6.222575898819999727e-18 6.222575898820000497e-19
5.584645915989999594e+03 5.666696107556008499e+00 5.957185056419999637e-18 5.957185056419999830e-19
5.590177422519999709e+03 5.666696107556008499e+00 3.559926965730000005e-18 3.559926965730000005e-19
5.595708929059999718e+03 5.666696107556008499e+00 1.559522169689999927e-18 1.559522169689999927e-19
5.601240435599999728e+03 5.666696107556008499e+00 1.697552822240000063e-18 1.697552822240000208e-19
5.606771942139999737e+03 5.666696107556008499e+00 2.429709751599999927e-18 2.429709751600000216e-19
5.612303448679999747e+03 5.666696107556008499e+00 3.008329743179999848e-18 3.008329743180000233e-19
5.617834955219999756e+03 5.666696107556008499e+00 2.801814108499999867e-18 2.801814108500000253e-19
5.623366461749999871e+03 5.666696107556008499e+00 2.836590532890000068e-18 2.836590532890000068e-19
5.628897968289999881e+03 5.666696107556008499e+00 3.695577478870000129e-18 3.695577478870000129e-19
5.634429474829999890e+03 5.666696107556008499e+00 4.056932752929999804e-18 4.056932752930000189e-19
5.639960981369999899e+03 5.666696107556008499e+00 3.360035249110000004e-18 3.360035249110000004e-19
5.645492487909999909e+03 5.666696107556008499e+00 3.022214060649999997e-18 3.022214060649999997e-19
5.651023994449999918e+03 5.666696107556008499e+00 2.433729291930000111e-18 2.433729291930000111e-19
5.656555500980000033e+03 5.666696107556008499e+00 2.649417504650000179e-18 2.649417504650000564e-19
5.662087007520000043e+03 5.666696107556008499e+00 2.862198822989999966e-18 2.862198822990000352e-19
5.667618514060000052e+03 5.666696107556008499e+00 2.475789359940000073e-18 2.475789359940000266e-19
5.673150020600000062e+03 5.666696107556008499e+00 1.897243886579999843e-18 1.897243886579999843e-19
5.678681527140000071e+03 5.666696107556008499e+00 2.053314102130000150e-18 2.053314102130000150e-19
5.684213033680000080e+03 5.666696107556008499e+00 2.857274467350000017e-18 2.857274467350000402e-19
5.689744540210000196e+03 5.666696107556008499e+00 3.489541427069999940e-18 3.489541427069999940e-19
5.695276046750000205e+03 5.666696107556008499e+00 3.002444170820000120e-18 3.002444170820000216e-19
5.700807553290000214e+03 5.666696107556008499e+00 3.152366291100000009e-18 3.152366291100000298e-19
5.706339059830000224e+03 5.666696107556008499e+00 4.201111842590000334e-18 4.201111842590000334e-19
5.711870566370000233e+03 5.666696107556008499e+00 3.848254380629999649e-18 3.848254380629999937e-19
5.717402072910000243e+03 5.666696107556008499e+00 3.160941356039999982e-18 3.160941356039999982e-19
5.722933579440000358e+03 5.666696107556008499e+00 3.271535971059999855e-18 3.271535971060000047e-19
5.728465085980000367e+03 5.666696107556008499e+00 2.236825140789999899e-18 2.236825140789999899e-19
5.733996592520000377e+03 5.666696107556008499e+00 2.231895999570000001e-18 2.231895999570000001e-19
5.739528099060000386e+03 5.666696107556008499e+00 2.966898636330000190e-18 2.966898636330000383e-19
5.745059605600000395e+03 5.666696107556008499e+00 2.244932244959999976e-18 2.244932244960000265e-19
5.750591112140000405e+03 5.666696107556008499e+00 9.424569275889999578e-19 9.424569275889999578e-20
5.756122618680000414e+03 5.666696107556008499e+00 9.683660251960000888e-19 9.683660251960001610e-20
5.761654125209999620e+03 5.666696107556008499e+00 2.220629049259999809e-18 2.220629049259999712e-19
5.767185631749999629e+03 5.666696107556008499e+00 2.159258164700000109e-18 2.159258164700000253e-19
5.772717138289999639e+03 5.666696107556008499e+00 2.869061677929999923e-18 2.869061677929999923e-19
5.778248644829999648e+03 5.666696107556008499e+00 2.427257828580000164e-18 2.427257828580000260e-19
5.783780151369999658e+03 5.666696107556008499e+00 2.292323784230000184e-18 2.292323784230000088e-19
5.789311657909999667e+03 5.666696107556008499e+00 2.473830351040000028e-18 2.473830351040000125e-19
5.794843164439999782e+03 5.666696107556008499e+00 2.165709460269999983e-18 2.165709460270000128e-19
5.800374670979999792e+03 5.666696107556008499e+00 2.061982143939999854e-18 2.061982143939999854e-19
5.805906177519999801e+03 5.666696107556008499e+00 3.045099017319999872e-18 3.045099017320000161e-19
5.811437684059999810e+03 5.666696107556008499e+00 4.259058307129999990e-18 4.259058307129999990e-19
5.816969190599999820e+03 5.666696107556008499e+00 3.480178793379999813e-18 3.480178793379999813e-19
5.822500697139999829e+03 5.666696107556008499e+00 3.552082042639999684e-18 3.552082042639999877e-19
5.828032203669999944e+03 5.666696107556008499e+00 2.971691730509999889e-18 2.971691730510000274e-19
5.833563710209999954e+03 5.666696107556008499e+00 1.593619726219999985e-18 1.593619726220000130e-19
5.839095216749999963e+03 5.666696107556008499e+00 1.218753409469999915e-18 1.218753409469999963e-19
5.844626723289999973e+03 5.666696107556008499e+00 2.523151502109999903e-18 2.523151502110000095e-19
5.850158229829999982e+03 5.666696107556008499e+00 3.594677069460000314e-18 3.594677069460000314e-19
5.855689736369999991e+03 5.666696107556008499e+00 4.074441117220000120e-18 4.074441117220000120e-19
5.861221242900000107e+03 5.666696107556008499e+00 4.473147796309999996e-18 4.473147796309999996e-19
5.866752749440000116e+03 5.666696107556008499e+00 3.365588565900000059e-18 3.365588565900000348e-19
5.872284255980000125e+03 5.666696107556008499e+00 3.012555405020000137e-18 3.012555405020000233e-19
5.877815762520000135e+03 5.666696107556008499e+00 1.840385798290000011e-18 1.840385798290000155e-19
5.883347269060000144e+03 5.666696107556008499e+00 3.372852041749999946e-18 3.372852041750000139e-19
5.888878775600000154e+03 5.666696107556008499e+00 4.314953811380000162e-18 4.314953811380000451e-19
5.894410282140000163e+03 5.666696107556008499e+00 4.562603847329999753e-18 4.562603847329999560e-19
5.899941788670000278e+03 5.666696107556008499e+00 5.667175854079999865e-18 5.667175854080000442e-19
5.905473295210000288e+03 5.666696107556008499e+00 4.067461015720000166e-18 4.067461015720000455e-19
5.911004801750000297e+03 5.666696107556008499e+00 5.565796887270000164e-18 5.565796887270000357e-19
5.916536308290000306e+03 5.666696107556008499e+00 7.555368511100000010e-18 7.555368511100000395e-19
5.922067814830000316e+03 5.666696107556008499e+00 7.642004491729999784e-18 7.642004491729999784e-19
5.927599321370000325e+03 5.666696107556008499e+00 7.355495594950000013e-18 7.355495594950000398e-19
5.933130827900000440e+03 5.666696107556008499e+00 7.790897371769999988e-18 7.790897371770000758e-19
5.938662334440000450e+03 5.666696107556008499e+00 5.969272049020000078e-18 5.969272049020000078e-19
5.944193840979999550e+03 5.666696107556008499e+00 7.037118193629999644e-18 7.037118193630000029e-19
5.949725347519999559e+03 5.666696107556008499e+00 6.371010731059999698e-18 6.371010731060000275e-19
5.955256854059999569e+03 5.666696107556008499e+00 5.428861105689999647e-18 5.428861105690000417e-19
5.960788360599999578e+03 5.666696107556008499e+00 4.999160998450000136e-18 4.999160998450000522e-19
5.966319867129999693e+03 5.666696107556008499e+00 5.302843269339999841e-18 5.302843269340000612e-19
5.971851373669999703e+03 5.666696107556008499e+00 4.903425590689999897e-18 4.903425590690000283e-19
5.977382880209999712e+03 5.666696107556008499e+00 4.684246301740000332e-18 4.684246301740000718e-19
5.982914386749999721e+03 5.666696107556008499e+00 4.693301291390000260e-18 4.693301291390000645e-19
5.988445893289999731e+03 5.666696107556008499e+00 3.979033863099999733e-18 3.979033863100000119e-19
5.993977399829999740e+03 5.666696107556008499e+00 4.396776871889999756e-18 4.396776871890000333e-19
5.999508906359999855e+03 5.666696107556008499e+00 3.978121185779999731e-18 3.978121185780000019e-19
6.005040412899999865e+03 5.666696107556008499e+00 4.134773532220000214e-18 4.134773532220000214e-19
6.010571919439999874e+03 5.666696107556008499e+00 3.796935936080000177e-18 3.796935936080000177e-19
6.016103425979999884e+03 5.666696107556008499e+00 3.141589862119999947e-18 3.141589862120000332e-19
6.021634932519999893e+03 5.666696107556008499e+00 3.205555211429999966e-18 3.205555211430000158e-19
6.027166439059999902e+03 5.666696107556008499e+00 1.992889052079999906e-18 1.992889052080000098e-19
6.032697945590000018e+03 5.666696107556008499e+00 2.721351860149999890e-18 2.721351860150000083e-19
6.038229452130000027e+03 5.666696107556008499e+00 2.580889452349999865e-18 2.580889452350000154e-19
6.043760958670000036e+03 5.666696107556008499e+00 1.204986680399999932e-18 1.204986680399999932e-19
6.049292465210000046e+03 5.666696107556008499e+00 1.328750853220000029e-18 1.328750853220000173e-19
6.054823971750000055e+03 5.666696107556008499e+00 2.853101105000000118e-18 2.853101105000000407e-19
6.060355478290000065e+03 5.666696107556008499e+00 1.852691218170000008e-18 1.852691218170000200e-19
6.065886984830000074e+03 5.666696107556008499e+00 1.512383924009999910e-18 1.512383924010000054e-19
6.071418491360000189e+03 5.666696107556008499e+00 2.539218724970000101e-18 2.539218724970000198e-19
6.076949997900000199e+03 5.666696107556008499e+00 3.276618934290000039e-18 3.276618934290000136e-19
6.082481504440000208e+03 5.666696107556008499e+00 3.521293710520000248e-18 3.521293710520000441e-19
6.088013010980000217e+03 5.666696107556008499e+00 2.703031657410000110e-18 2.703031657410000206e-19
6.093544517520000227e+03 5.666696107556008499e+00 4.081325507239999635e-18 4.081325507239999731e-19
6.099076024060000236e+03 5.666696107556008499e+00 5.296673297160000088e-18 5.296673297160000859e-19
6.104607530590000351e+03 5.666696107556008499e+00 5.231999682889999741e-18 5.231999682889999741e-19
6.110139037130000361e+03 5.666696107556008499e+00 5.276365372080000211e-18 5.276365372080000789e-19
6.115670543670000370e+03 5.666696107556008499e+00 4.291849743789999647e-18 4.291849743789999647e-19
6.121202050210000380e+03 5.666696107556008499e+00 4.352623115249999618e-18 4.352623115250000003e-19
6.126733556750000389e+03 5.666696107556008499e+00 4.371703882420000105e-18 4.371703882419999912e-19
6.132265063290000398e+03 5.666696107556008499e+00 3.910412150290000145e-18 3.910412150290000530e-19
6.137796569819999604e+03 5.666696107556008499e+00 3.613419428190000352e-18 3.613419428190000449e-19
6.143328076359999613e+03 5.666696107556008499e+00 3.452104565359999897e-18 3.452104565360000089e-19
6.148859582899999623e+03 5.666696107556008499e+00 3.072034962369999922e-18 3.072034962370000307e-19
6.154391089439999632e+03 5.666696107556008499e+00 3.489148326349999897e-18 3.489148326350000186e-19
6.159922595979999642e+03 5.666696107556008499e+00 3.904180649290000268e-18 3.904180649290000364e-19
6.165454102519999651e+03 5.666696107556008499e+00 3.003756101750000182e-18 3.003756101750000471e-19
6.170985609049999766e+03 5.666696107556008499e+00 2.899981271509999996e-18 2.899981271510000381e-19
6.176517115589999776e+03 5.666696107556008499e+00 4.188153191859999766e-18 4.188153191860000151e-19
6.182048622129999785e+03 5.666696107556008499e+00 4.433294219729999838e-18 4.433294219730000223e-19
6.187580128669999795e+03 5.666696107556008499e+00 2.032062393499999859e-18 2.032062393499999955e-19
6.193111635209999804e+03 5.666696107556008499e+00 4.165548191270000329e-18 4.165548191270000618e-19
6.198643141749999813e+03 5.666696107556008499e+00 3.321522316910000159e-18 3.321522316910000448e-19
6.204174648279999928e+03 5.666696107556008499e+00 2.818130181210000092e-18 2.818130181210000478e-19
6.209706154819999938e+03 5.666696107556008499e+00 3.745029549570000092e-18 3.745029549570000188e-19
6.215237661359999947e+03 5.666696107556008499e+00 2.475531622599999904e-18 2.475531622600000097e-19
6.220769167899999957e+03 5.666696107556008499e+00 3.966358928549999646e-18 3.966358928550000032e-19
6.226300674439999966e+03 5.666696107556008499e+00 4.414237380430000039e-18 4.414237380429999846e-19
6.231832180979999976e+03 5.666696107556008499e+00 6.080307620490000014e-18 6.080307620490000014e-19
6.237363687519999985e+03 5.666696107556008499e+00 5.017616222730000199e-18 5.017616222730000584e-19
6.242895194050000100e+03 5.666696107556008499e+00 5.443429760230000195e-18 5.443429760230000195e-19
6.248426700590000110e+03 5.666696107556008499e+00 5.926427488699999680e-18 5.926427488700000450e-19
6.253958207130000119e+03 5.666696107556008499e+00 7.184455762120000605e-18 7.184455762120000605e-19
6.259489713670000128e+03 5.666696107556008499e+00 8.462460388690000124e-18 8.462460388690000316e-19
6.265021220210000138e+03 5.666696107556008499e+00 1.076284820689999990e-17 1.076284820690000144e-18
6.270552726750000147e+03 5.666696107556008499e+00 1.367188241709999924e-17 1.367188241710000079e-18
6.276084233280000262e+03 5.666696107556008499e+00 1.544864982019999968e-17 1.544864982020000006e-18
6.281615739820000272e+03 5.666696107556008499e+00 1.861342852289999944e-17 1.861342852289999867e-18
6.287147246360000281e+03 5.666696107556008499e+00 1.990982000849999902e-17 1.990982000849999902e-18
6.292678752900000291e+03 5.666696107556008499e+00 2.104567599609999938e-17 2.104567599610000015e-18
6.298210259440000300e+03 5.666696107556008499e+00 2.253548670939999923e-17 2.253548670940000000e-18
6.303741765980000309e+03 5.666696107556008499e+00 2.542769279050000099e-17 2.542769279050000099e-18
6.309273272510000425e+03 5.666696107556008499e+00 2.615802607430000008e-17 2.615802607430000008e-18
6.314804779050000434e+03 5.666696107556008499e+00 2.853384821180000060e-17 2.853384821180000214e-18
6.320336285590000443e+03 5.666696107556008499e+00 3.386596552089999974e-17 3.386596552090000051e-18
6.325867792130000453e+03 5.666696107556008499e+00 4.033664608519999825e-17 4.033664608520000133e-18
6.331399298669999553e+03 5.666696107556008499e+00 4.609420434070000279e-17 4.609420434070000279e-18
6.336930805209999562e+03 5.666696107556008499e+00 4.893608327469999802e-17 4.893608327469999802e-18
6.342462311739999677e+03 5.666696107556008499e+00 4.869642856550000065e-17 4.869642856550000528e-18
6.347993818279999687e+03 5.666696107556008499e+00 4.682755937269999894e-17 4.682755937270000510e-18
6.353525324819999696e+03 5.666696107556008499e+00 4.092164832330000263e-17 4.092164832330000263e-18
6.359056831359999705e+03 5.666696107556008499e+00 3.442550508710000124e-17 3.442550508710000432e-18
6.364588337899999715e+03 5.666696107556008499e+00 3.262990645039999763e-17 3.262990645039999840e-18
6.370119844439999724e+03 5.666696107556008499e+00 3.106551256629999902e-17 3.106551256629999979e-18
6.375651350979999734e+03 5.666696107556008499e+00 3.031010287480000003e-17 3.031010287480000235e-18
6.381182857509999849e+03 5.666696107556008499e+00 3.142371277980000007e-17 3.142371277980000084e-18
6.386714364049999858e+03 5.666696107556008499e+00 3.278113058859999751e-17 3.278113058859999905e-18
6.392245870589999868e+03 5.666696107556008499e+00 3.394519753489999907e-17 3.394519753489999907e-18
6.397777377129999877e+03 5.666696107556008499e+00 3.180893439509999739e-17 3.180893439510000047e-18
6.403308883669999886e+03 5.666696107556008499e+00 3.073045402140000219e-17 3.073045402140000373e-18
6.408840390209999896e+03 5.666696107556008499e+00 2.924226014839999723e-17 2.924226014839999954e-18
6.414371896740000011e+03 5.666696107556008499e+00 2.596441884179999930e-17 2.596441884180000238e-18
6.419903403280000020e+03 5.666696107556008499e+00 2.229917848379999988e-17 2.229917848379999988e-18
6.425434909820000030e+03 5.666696107556008499e+00 1.815066009940000035e-17 1.815066009939999958e-18
6.430966416360000039e+03 5.666696107556008499e+00 1.650726322529999912e-17 1.650726322530000066e-18
6.436497922900000049e+03 5.666696107556008499e+00 1.539879097570000092e-17 1.539879097570000131e-18
6.442029429440000058e+03 5.666696107556008499e+00 1.547808451859999965e-17 1.547808451860000004e-18
6.447560935970000173e+03 5.666696107556008499e+00 1.397686704780000107e-17 1.397686704780000184e-18
6.453092442510000183e+03 5.666696107556008499e+00 1.256925882259999956e-17 1.256925882260000072e-18
6.458623949050000192e+03 5.666696107556008499e+00 1.121416885379999987e-17 1.121416885380000025e-18
6.464155455590000201e+03 5.666696107556008499e+00 1.102186056289999982e-17 1.102186056290000059e-18
6.469686962130000211e+03 5.666696107556008499e+00 9.634591027179999986e-18 9.634591027179999601e-19
6.475218468670000220e+03 5.666696107556008499e+00 9.372468048160000088e-18 9.372468048160000859e-19
6.480749975200000335e+03 5.666696107556008499e+00 8.948931076569999999e-18 8.948931076570001155e-19
6.486281481740000345e+03 5.666696107556008499e+00 6.682151660850000012e-18 6.682151660850000783e-19
6.491812988280000354e+03 5.666696107556008499e+00 6.151216154020000305e-18 6.151216154020000883e-19
6.497344494820000364e+03 5.666696107556008499e+00 6.537408557119999953e-18 6.537408557120000723e-19
6.502876001360000373e+03 5.666696107556008499e+00 6.591584673000000186e-18 6.591584673000000186e-19
6.508407507900000383e+03 5.666696107556008499e+00 6.638582427900000224e-18 6.638582427900000224e-19
6.513939014429999588e+03 5.666696107556008499e+00 5.707716502350000174e-18 5.707716502350000174e-19
6.519470520969999598e+03 5.666696107556008499e+00 6.344194425350000191e-18 6.344194425350000768e-19
6.525002027509999607e+03 5.666696107556008499e+00 5.402451573770000274e-18 5.402451573770000659e-19
6.530533534049999616e+03 5.666696107556008499e+00 4.372849001909999719e-18 4.372849001910000104e-19
6.536065040589999626e+03 5.666696107556008499e+00 4.292225753170000104e-18 4.292225753170000393e-19
6.541596547129999635e+03 5.666696107556008499e+00 4.203012399110000356e-18 4.203012399110000549e-19
6.547128053669999645e+03 5.666696107556008499e+00 4.832072682430000235e-18 4.832072682430000620e-19
6.552659560199999760e+03 5.666696107556008499e+00 4.733995761679999898e-18 4.733995761680000476e-19
6.558191066739999769e+03 5.666696107556008499e+00 3.270395978970000154e-18 3.270395978970000346e-19
6.563722573279999779e+03 5.666696107556008499e+00 2.548705441759999985e-18 2.548705441759999889e-19
6.569254079819999788e+03 5.666696107556008499e+00 3.271083734310000047e-18 3.271083734310000336e-19
6.574785586359999797e+03 5.666696107556008499e+00 4.488461633089999784e-18 4.488461633090000169e-19
6.580317092899999807e+03 5.666696107556008499e+00 6.479458674310000032e-18 6.479458674310000610e-19
6.585848599429999922e+03 5.666696107556008499e+00 7.519056259279999929e-18 7.519056259280000699e-19
6.591380105969999931e+03 5.666696107556008499e+00 7.048501023200000348e-18 7.048501023200000348e-19
6.596911612509999941e+03 5.666696107556008499e+00 1.416216789109999868e-17 1.416216789109999907e-18
6.602443119049999950e+03 5.666696107556008499e+00 2.803554690130000247e-17 2.803554690130000555e-18
6.607974625589999960e+03 5.666696107556008499e+00 3.617316252719999956e-17 3.617316252720000264e-18
6.613506132129999969e+03 5.666696107556008499e+00 3.974207269900000188e-17 3.974207269900000034e-18
6.619037638660000084e+03 5.666696107556008499e+00 4.494802518629999839e-17 4.494802518629999993e-18
6.624569145200000094e+03 5.666696107556008499e+00 5.092346378919999813e-17 5.092346378919999813e-18
6.630100651740000103e+03 5.666696107556008499e+00 4.290588403209999897e-17 4.290588403210000513e-18
6.635632158280000112e+03 5.666696107556008499e+00 2.067062714389999955e-17 2.067062714389999877e-18
6.641163664820000122e+03 5.666696107556008499e+00 1.265846534019999960e-17 1.265846534020000037e-18
6.646695171360000131e+03 5.666696107556008499e+00 1.223628200239999959e-17 1.223628200239999997e-18
6.652226677890000246e+03 5.666696107556008499e+00 9.574070607479999851e-18 9.574070607479999465e-19
6.657758184430000256e+03 5.666696107556008499e+00 5.745594320509999896e-18 5.745594320509999896e-19
6.663289690970000265e+03 5.666696107556008499e+00 3.682222309160000223e-18 3.682222309160000608e-19
6.668821197510000275e+03 5.666696107556008499e+00 5.144758668969999966e-18 5.144758668970000544e-19
6.674352704050000284e+03 5.666696107556008499e+00 4.312044866050000269e-18 4.312044866050000655e-19
6.679884210590000293e+03 5.666696107556008499e+00 3.215440156350000004e-18 3.215440156350000004e-19
6.685415717120000409e+03 5.666696107556008499e+00 3.761221881010000338e-18 3.761221881010000338e-19
6.690947223660000418e+03 5.666696107556008499e+00 4.714788518630000264e-18 4.714788518630000457e-19
6.696478730200000427e+03 5.666696107556008499e+00 4.232481280119999655e-18 4.232481280119999655e-19
6.702010236740000437e+03 5.666696107556008499e+00 3.862552992070000005e-18 3.862552992070000005e-19
6.707541743280000446e+03 5.666696107556008499e+00 3.462731957899999808e-18 3.462731957899999904e-19
6.713073249819999546e+03 5.666696107556008499e+00 2.866598474630000043e-18 2.866598474630000428e-19
6.718604756359999556e+03 5.666696107556008499e+00 2.632694316320000042e-18 2.632694316320000139e-19
6.724136262889999671e+03 5.666696107556008499e+00 3.407069579459999946e-18 3.407069579460000139e-19
6.729667769429999680e+03 5.666696107556008499e+00 5.163945402419999948e-18 5.163945402420000526e-19
6.735199275969999690e+03 5.666696107556008499e+00 4.206317863439999985e-18 4.206317863439999985e-19
6.740730782509999699e+03 5.666696107556008499e+00 3.606911047549999754e-18 3.606911047550000139e-19
6.746262289049999708e+03 5.666696107556008499e+00 2.271660017549999923e-18 2.271660017550000212e-19
6.751793795589999718e+03 5.666696107556008499e+00 3.142001421479999831e-18 3.142001421480000120e-19
6.757325302119999833e+03 5.666696107556008499e+00 4.669503315569999834e-18 4.669503315570000411e-19
6.762856808659999842e+03 5.666696107556008499e+00 6.354739779480000139e-18 6.354739779480000524e-19
6.768388315199999852e+03 5.666696107556008499e+00 8.776547864759999768e-18 8.776547864760000538e-19
6.773919821739999861e+03 5.666696107556008499e+00 9.342930801810000532e-18 9.342930801810001688e-19
6.779451328279999871e+03 5.666696107556008499e+00 1.012189235399999934e-17 1.012189235399999973e-18
6.784982834819999880e+03 5.666696107556008499e+00 9.968282265279999373e-18 9.968282265280000144e-19
6.790514341349999995e+03 5.666696107556008499e+00 7.514192065140000221e-18 7.514192065140000799e-19
6.796045847890000005e+03 5.666696107556008499e+00 5.731117959180000292e-18 5.731117959180000677e-19
6.801577354430000014e+03 5.666696107556008499e+00 4.965080875069999623e-18 4.965080875070000200e-19
6.807108860970000023e+03 5.666696107556008499e+00 2.768499335139999822e-18 2.768499335139999822e-19
6.812640367510000033e+03 5.666696107556008499e+00 2.208509241289999879e-18 2.208509241289999976e-19
6.818171874050000042e+03 5.666696107556008499e+00 2.604701784899999938e-18 2.604701784900000323e-19
6.823703380580000157e+03 5.666696107556008499e+00 2.119684202380000039e-18 2.119684202380000087e-19
6.829234887120000167e+03 5.666696107556008499e+00 3.146235970809999877e-18 3.146235970810000166e-19
6.834766393660000176e+03 5.666696107556008499e+00 2.882138600689999810e-18 2.882138600689999810e-19
6.840297900200000186e+03 5.666696107556008499e+00 3.400631956960000162e-18 3.400631956960000259e-19
6.845829406740000195e+03 5.666696107556008499e+00 2.837427324690000125e-18 2.837427324690000510e-19
6.851360913280000204e+03 5.666696107556008499e+00 1.283908657580000057e-18 1.283908657580000153e-19
6.856892419820000214e+03 5.666696107556008499e+00 4.962688088080000201e-19 4.962688088080000563e-20
6.862423926350000329e+03 5.666696107556008499e+00 1.637317486020000086e-18 1.637317486020000230e-19
6.867955432890000338e+03 5.666696107556008499e+00 2.409905679099999922e-18 2.409905679099999922e-19
6.873486939430000348e+03 5.666696107556008499e+00 8.983496593880000345e-19 8.983496593880000345e-20
6.879018445970000357e+03 5.666696107556008499e+00 1.016547184170000027e-18 1.016547184170000076e-19
6.884549952510000367e+03 5.666696107556008499e+00 1.233298136149999974e-18 1.233298136150000119e-19
6.890081459050000376e+03 5.666696107556008499e+00 8.280981168020000269e-19 8.280981168020000992e-20
6.895612965579999582e+03 5.666696107556008499e+00 1.859040649380000010e-18 1.859040649380000010e-19
6.901144472119999591e+03 5.666696107556008499e+00 1.521988571019999924e-18 1.521988571020000021e-19
6.917738991739999619e+03 5.666696107556008499e+00 2.670275428900000102e-18 2.670275428900000102e-19
6.923270498279999629e+03 5.666696107556008499e+00 3.281084216660000049e-18 3.281084216660000242e-19
6.928802004809999744e+03 5.666696107556008499e+00 3.040032119939999939e-18 3.040032119940000131e-19
6.934333511349999753e+03 5.666696107556008499e+00 1.662500543690000010e-18 1.662500543690000010e-19
6.939865017889999763e+03 5.666696107556008499e+00 2.351489202830000173e-18 2.351489202830000462e-19
6.945396524429999772e+03 5.666696107556008499e+00 3.847806587640000210e-18 3.847806587640000596e-19
6.950928030969999782e+03 5.666696107556008499e+00 4.385076143470000367e-18 4.385076143470000367e-19
6.956459537509999791e+03 5.666696107556008499e+00 2.411263072979999844e-18 2.411263072979999748e-19
6.961991044039999906e+03 5.666696107556008499e+00 2.611716410889999985e-18 2.611716410890000081e-19
6.967522550579999915e+03 5.666696107556008499e+00 3.757188325780000285e-18 3.757188325780000477e-19
6.973054057119999925e+03 5.666696107556008499e+00 1.841105001699999907e-18 1.841105001700000052e-19
6.978585563659999934e+03 5.666696107556008499e+00 8.068713615220000395e-19 8.068713615220000395e-20
6.984117070199999944e+03 5.666696107556008499e+00 3.043755296499999841e-18 3.043755296499999938e-19
6.989648576739999953e+03 5.666696107556008499e+00 2.805123674749999889e-18 2.805123674750000178e-19
6.995180083270000068e+03 5.666696107556008499e+00 1.855611443780000017e-18 1.855611443780000017e-19
7.000711589810000078e+03 5.666696107556008499e+00 2.223931437139999907e-18 2.223931437140000196e-19
7.006243096350000087e+03 5.666696107556008499e+00 2.008930979769999932e-18 2.008930979770000124e-19
7.011774602890000097e+03 5.666696107556008499e+00 2.704941101439999902e-18 2.704941101440000287e-19
7.017306109430000106e+03 5.666696107556008499e+00 3.722431385510000216e-18 3.722431385510000216e-19
7.022837615970000115e+03 5.666696107556008499e+00 4.288814322569999638e-18 4.288814322569999831e-19
7.028369122510000125e+03 5.666696107556008499e+00 4.115795313059999728e-18 4.115795313059999921e-19
7.033900629040000240e+03 5.666696107556008499e+00 3.814553684910000055e-18 3.814553684910000248e-19
7.039432135580000249e+03 5.666696107556008499e+00 3.287713945770000069e-18 3.287713945770000261e-19
7.044963642120000259e+03 5.666696107556008499e+00 3.447284808699999957e-18 3.447284808700000150e-19
7.050495148660000268e+03 5.666696107556008499e+00 5.284887112060000087e-18 5.284887112060000857e-19
7.056026655200000278e+03 5.666696107556008499e+00 4.795480132710000136e-18 4.795480132710000714e-19
7.061558161740000287e+03 5.666696107556008499e+00 3.234533912929999870e-18 3.234533912929999966e-19
7.067089668270000402e+03 5.666696107556008499e+00 4.181925109130000154e-18 4.181925109130000443e-19
7.072621174810000412e+03 5.666696107556008499e+00 3.929028033130000067e-18 3.929028033130000164e-19
7.078152681350000421e+03 5.666696107556008499e+00 4.791501269759999677e-18 4.791501269759999870e-19
7.083684187890000430e+03 5.666696107556008499e+00 3.849348226120000132e-18 3.849348226120000517e-19
7.089215694430000440e+03 5.666696107556008499e+00 3.291898930229999862e-18 3.291898930230000247e-19
7.094747200970000449e+03 5.666696107556008499e+00 4.748253353920000180e-18 4.748253353919999988e-19
7.100278707499999655e+03 5.666696107556008499e+00 5.119446400800000373e-18 5.119446400800000951e-19
7.105810214039999664e+03 5.666696107556008499e+00 4.156961504219999691e-18 4.156961504219999980e-19
7.111341720579999674e+03 5.666696107556008499e+00 3.323232134130000014e-18 3.323232134130000014e-19
7.116873227119999683e+03 5.666696107556008499e+00 1.968244029670000180e-18 1.968244029670000277e-19
7.122404733659999692e+03 5.666696107556008499e+00 4.660728623819999924e-18 4.660728623819999731e-19
7.127936240199999702e+03 5.666696107556008499e+00 6.600472167559999922e-18 6.600472167560000500e-19
7.133467746729999817e+03 5.666696107556008499e+00 5.818188059740000381e-18 5.818188059740000767e-19
7.138999253269999826e+03 5.666696107556008499e+00 4.801585157819999897e-18 4.801585157819999897e-19
7.144530759809999836e+03 5.666696107556008499e+00 3.252707130170000068e-18 3.252707130170000357e-19
7.150062266349999845e+03 5.666696107556008499e+00 2.876255079289999893e-18 2.876255079290000279e-19
7.155593772889999855e+03 5.666696107556008499e+00 2.520590878190000122e-18 2.520590878190000122e-19
7.161125279429999864e+03 5.666696107556008499e+00 2.499449921420000044e-18 2.499449921419999948e-19
7.166656785959999979e+03 5.666696107556008499e+00 2.751054550620000013e-18 2.751054550620000398e-19
7.172188292499999989e+03 5.666696107556008499e+00 2.951584799539999818e-18 2.951584799539999818e-19
7.177719799039999998e+03 5.666696107556008499e+00 3.731862384550000028e-18 3.731862384550000317e-19
7.183251305580000007e+03 5.666696107556008499e+00 3.815722732270000357e-18 3.815722732270000453e-19
7.188782812120000017e+03 5.666696107556008499e+00 4.283628811319999640e-18 4.283628811319999736e-19
7.194314318660000026e+03 5.666696107556008499e+00 4.527412787140000337e-18 4.527412787140000915e-19
7.199845825200000036e+03 5.666696107556008499e+00 4.096465012390000243e-18 4.096465012390000339e-19
7.205377331730000151e+03 5.666696107556008499e+00 4.053972533589999812e-18 4.053972533589999908e-19
7.210908838270000160e+03 5.666696107556008499e+00 3.213680432419999919e-18 3.213680432420000015e-19
7.216440344810000170e+03 5.666696107556008499e+00 3.795695105099999925e-18 3.795695105100000022e-19
7.221971851350000179e+03 5.666696107556008499e+00 4.024811296630000141e-18 4.024811296630000430e-19
7.227503357890000188e+03 5.666696107556008499e+00 4.252023513349999671e-18 4.252023513349999864e-19
7.233034864430000198e+03 5.666696107556008499e+00 3.850582220549999655e-18 3.850582220549999848e-19
7.238566370960000313e+03 5.666696107556008499e+00 4.908655539410000236e-18 4.908655539410000428e-19
7.244097877500000322e+03 5.666696107556008499e+00 4.796440665769999974e-18 4.796440665770000359e-19
7.249629384040000332e+03 5.666696107556008499e+00 3.313342745470000005e-18 3.313342745470000101e-19
7.255160890580000341e+03 5.666696107556008499e+00 3.925418343029999734e-18 3.925418343030000023e-19
7.260692397120000351e+03 5.666696107556008499e+00 7.106960227809999633e-18 7.106960227809999826e-19
7.266223903660000360e+03 5.666696107556008499e+00 6.425853409039999858e-18 6.425853409040000051e-19
7.271755410189999566e+03 5.666696107556008499e+00 8.929149564640000041e-18 8.929149564640000811e-19
7.277286916729999575e+03 5.666696107556008499e+00 1.012254524299999935e-17 1.012254524299999935e-18
7.282818423269999585e+03 5.666696107556008499e+00 1.109960904890000001e-17 1.109960904890000078e-18
7.288349929809999594e+03 5.666696107556008499e+00 1.311867689990000051e-17 1.311867689990000166e-18
7.293881436349999603e+03 5.666696107556008499e+00 1.239791476400000022e-17 1.239791476400000022e-18
7.299412942889999613e+03 5.666696107556008499e+00 1.256162583209999960e-17 1.256162583209999998e-18
7.304944449419999728e+03 5.666696107556008499e+00 1.511393310200000029e-17 1.511393310200000144e-18
7.310475955959999737e+03 5.666696107556008499e+00 1.730219492149999951e-17 1.730219492150000028e-18
7.316007462499999747e+03 5.666696107556008499e+00 1.758248257210000117e-17 1.758248257210000271e-18
7.321538969039999756e+03 5.666696107556008499e+00 1.684074253080000027e-17 1.684074253080000142e-18
7.327070475579999766e+03 5.666696107556008499e+00 1.732127910699999915e-17 1.732127910699999915e-18
7.332601982119999775e+03 5.666696107556008499e+00 1.805509560499999980e-17 1.805509560500000134e-18
7.338133488659999784e+03 5.666696107556008499e+00 1.820449438859999893e-17 1.820449438860000047e-18
7.343664995189999900e+03 5.666696107556008499e+00 1.772707527209999871e-17 1.772707527210000102e-18
7.349196501729999909e+03 5.666696107556008499e+00 1.644464057129999940e-17 1.644464057129999940e-18
7.354728008269999918e+03 5.666696107556008499e+00 1.585750875269999869e-17 1.585750875269999946e-18
7.360259514809999928e+03 5.666696107556008499e+00 1.573502198630000047e-17 1.573502198630000124e-18
7.365791021349999937e+03 5.666696107556008499e+00 1.514450266499999980e-17 1.514450266500000096e-18
7.371322527889999947e+03 5.666696107556008499e+00 1.448997287320000034e-17 1.448997287320000188e-18
7.376854034420000062e+03 5.666696107556008499e+00 1.387689298880000020e-17 1.387689298880000097e-18
7.382385540960000071e+03 5.666696107556008499e+00 1.273918430039999925e-17 1.273918430040000080e-18
7.387917047500000081e+03 5.666696107556008499e+00 1.197825410739999927e-17 1.197825410740000081e-18
7.393448554040000090e+03 5.666696107556008499e+00 1.279135047520000028e-17 1.279135047520000105e-18
7.398980060580000099e+03 5.666696107556008499e+00 1.209267034510000002e-17 1.209267034510000002e-18
7.404511567120000109e+03 5.666696107556008499e+00 1.031212233849999954e-17 1.031212233849999993e-18
7.410043073650000224e+03 5.666696107556008499e+00 8.182008661280000280e-18 8.182008661280001050e-19
7.415574580190000233e+03 5.666696107556008499e+00 9.140859939890000711e-18 9.140859939890001866e-19
7.421106086730000243e+03 5.666696107556008499e+00 9.724053914739999503e-18 9.724053914739999118e-19
7.426637593270000252e+03 5.666696107556008499e+00 9.420696379220000155e-18 9.420696379219999770e-19
7.432169099810000262e+03 5.666696107556008499e+00 7.701872022409999511e-18 7.701872022409999511e-19
7.437700606350000271e+03 5.666696107556008499e+00 7.237291917279999311e-18 7.237291917279999311e-19
7.443232112880000386e+03 5.666696107556008499e+00 7.528183032539999608e-18 7.528183032540000185e-19
7.448763619420000396e+03 5.666696107556008499e+00 6.812257744689999839e-18 6.812257744690000609e-19
7.454295125960000405e+03 5.666696107556008499e+00 7.311051285610000032e-18 7.311051285610000802e-19
7.459826632500000414e+03 5.666696107556008499e+00 7.037131866690000307e-18 7.037131866690001077e-19
7.465358139040000424e+03 5.666696107556008499e+00 7.053245577990000470e-18 7.053245577990000662e-19
7.470889645580000433e+03 5.666696107556008499e+00 7.484176261389999238e-18 7.484176261389999431e-19
7.476421152109999639e+03 5.666696107556008499e+00 7.279835670089999841e-18 7.279835670090000226e-19
7.481952658649999648e+03 5.666696107556008499e+00 6.250718492169999702e-18 6.250718492169999894e-19
7.487484165189999658e+03 5.666696107556008499e+00 5.987788802110000066e-18 5.987788802110000644e-19
7.493015671729999667e+03 5.666696107556008499e+00 6.499455537070000016e-18 6.499455537070000594e-19
7.498547178269999677e+03 5.666696107556008499e+00 5.647688313120000015e-18 5.647688313120000785e-19
7.504078684809999686e+03 5.666696107556008499e+00 5.565116652110000344e-18 5.565116652110000922e-19
7.509610191349999695e+03 5.666696107556008499e+00 6.836841921950000350e-18 6.836841921950000350e-19
7.515141697879999811e+03 5.666696107556008499e+00 6.964490271720000757e-18 6.964490271720001142e-19
7.520673204419999820e+03 5.666696107556008499e+00 5.365018130329999725e-18 5.365018130330000303e-19
7.526204710959999829e+03 5.666696107556008499e+00 3.983286187419999878e-18 3.983286187420000167e-19
7.531736217499999839e+03 5.666696107556008499e+00 5.075367846040000252e-18 5.075367846040000637e-19
7.537267724039999848e+03 5.666696107556008499e+00 6.224821700330000156e-18 6.224821700330000348e-19
7.542799230579999858e+03 5.666696107556008499e+00 5.765580928480000252e-18 5.765580928480000252e-19
7.548330737109999973e+03 5.666696107556008499e+00 5.786630617519999676e-18 5.786630617519999869e-19
7.553862243649999982e+03 5.666696107556008499e+00 5.245324088189999971e-18 5.245324088190000741e-19
7.559393750189999992e+03 5.666696107556008499e+00 4.377979820890000322e-18 4.377979820890000129e-19
7.564925256730000001e+03 5.666696107556008499e+00 3.667116986669999930e-18 3.667116986670000122e-19
7.570456763270000010e+03 5.666696107556008499e+00 3.746615625520000353e-18 3.746615625520000642e-19
7.575988269810000020e+03 5.666696107556008499e+00 3.735957468579999808e-18 3.735957468579999808e-19
7.581519776340000135e+03 5.666696107556008499e+00 2.593884678529999952e-18 2.593884678529999952e-19
7.587051282880000144e+03 5.666696107556008499e+00 2.884396024310000134e-18 2.884396024310000134e-19
7.592582789420000154e+03 5.666696107556008499e+00 4.532868341489999757e-18 4.532868341489999757e-19
7.598114295960000163e+03 5.666696107556008499e+00 4.645565190789999971e-18 4.645565190790000163e-19
7.603645802500000173e+03 5.666696107556008499e+00 2.727061391750000020e-18 2.727061391750000020e-19
7.609177309040000182e+03 5.666696107556008499e+00 1.489474355819999990e-18 1.489474355820000086e-19
7.625771828650000316e+03 5.666696107556008499e+00 2.669106039710000022e-18 2.669106039710000407e-19
7.631303335190000325e+03 5.666696107556008499e+00 1.162291156520000070e-18 1.162291156520000214e-19
7.636834841730000335e+03 5.666696107556008499e+00 1.085763675469999984e-18 1.085763675469999935e-19
7.642366348270000344e+03 5.666696107556008499e+00 1.990226563810000065e-18 1.990226563810000209e-19
7.647897854799999550e+03 5.666696107556008499e+00 9.932369950720000635e-19 9.932369950720000875e-20
7.653429361339999559e+03 5.666696107556008499e+00 1.032600733959999942e-18 1.032600733959999942e-19
7.658960867879999569e+03 5.666696107556008499e+00 3.100115685090000006e-18 3.100115685090000103e-19
7.664492374419999578e+03 5.666696107556008499e+00 3.920270432719999743e-18 3.920270432719999936e-19
7.670023880959999588e+03 5.666696107556008499e+00 3.548431333340000046e-18 3.548431333340000142e-19
7.675555387499999597e+03 5.666696107556008499e+00 3.551972658100000123e-18 3.551972658100000219e-19
7.681086894039999606e+03 5.666696107556008499e+00 4.894182596339999928e-18 4.894182596340000314e-19
7.686618400569999721e+03 5.666696107556008499e+00 5.495298545800000272e-18 5.495298545800000658e-19
7.692149907109999731e+03 5.666696107556008499e+00 5.040026382100000231e-18 5.040026382100000424e-19
7.697681413649999740e+03 5.666696107556008499e+00 3.617815319730000001e-18 3.617815319730000097e-19
7.703212920189999750e+03 5.666696107556008499e+00 1.154905648540000051e-18 1.154905648540000051e-19
7.708744426729999759e+03 5.666696107556008499e+00 1.267480807539999911e-18 1.267480807540000055e-19
7.714275933269999769e+03 5.666696107556008499e+00 2.721195987160000166e-18 2.721195987160000551e-19
7.719807439799999884e+03 5.666696107556008499e+00 5.036932850330000363e-18 5.036932850330000171e-19
7.725338946339999893e+03 5.666696107556008499e+00 4.823321918550000243e-18 4.823321918550000435e-19
7.730870452879999903e+03 5.666696107556008499e+00 2.045930986929999907e-18 2.045930986930000051e-19
7.736401959419999912e+03 5.666696107556008499e+00 2.918364712179999921e-18 2.918364712179999921e-19
7.741933465959999921e+03 5.666696107556008499e+00 2.893932647800000049e-18 2.893932647800000338e-19
7.747464972499999931e+03 5.666696107556008499e+00 5.639819462169999975e-18 5.639819462170000553e-19
7.752996479030000046e+03 5.666696107556008499e+00 5.351013489860000248e-18 5.351013489860000440e-19
7.758527985570000055e+03 5.666696107556008499e+00 6.010551042989999868e-18 6.010551042990000253e-19
7.764059492110000065e+03 5.666696107556008499e+00 5.639289630759999990e-18 5.639289630760000760e-19
7.769590998650000074e+03 5.666696107556008499e+00 5.579449446229999873e-18 5.579449446230000450e-19
7.775122505190000084e+03 5.666696107556008499e+00 4.470570422880000021e-18 4.470570422880000021e-19
7.780654011730000093e+03 5.666696107556008499e+00 5.151694332990000152e-18 5.151694332990000730e-19
7.786185518260000208e+03 5.666696107556008499e+00 5.339001699139999823e-18 5.339001699140000208e-19
7.791717024800000218e+03 5.666696107556008499e+00 7.752441866460000447e-18 7.752441866460001217e-19
7.797248531340000227e+03 5.666696107556008499e+00 7.312203241629999977e-18 7.312203241630000555e-19
7.802780037880000236e+03 5.666696107556008499e+00 6.091386224290000014e-18 6.091386224290000591e-19
7.808311544420000246e+03 5.666696107556008499e+00 3.478291909919999683e-18 3.478291909919999683e-19
7.813843050960000255e+03 5.666696107556008499e+00 4.803995036150000252e-18 4.803995036150000830e-19
7.819374557500000265e+03 5.666696107556008499e+00 6.835843787949999734e-18 6.835843787949999734e-19
7.824906064030000380e+03 5.666696107556008499e+00 8.018916299539999454e-18 8.018916299539999647e-19
7.830437570570000389e+03 5.666696107556008499e+00 7.546067406210000381e-18 7.546067406210000381e-19
7.835969077110000399e+03 5.666696107556008499e+00 3.589553087020000241e-18 3.589553087020000241e-19
7.841500583650000408e+03 5.666696107556008499e+00 2.111219547459999918e-18 2.111219547460000063e-19
7.847032090190000417e+03 5.666696107556008499e+00 3.490481450530000125e-18 3.490481450530000510e-19
7.852563596730000427e+03 5.666696107556008499e+00 4.250037500149999806e-18 4.250037500150000095e-19
7.858095103259999632e+03 5.666696107556008499e+00 5.722640656680000184e-18 5.722640656680000570e-19
7.863626609799999642e+03 5.666696107556008499e+00 3.794003062870000169e-18 3.794003062870000458e-19
7.869158116339999651e+03 5.666696107556008499e+00 1.413316389450000000e-18 1.413316389450000000e-19
7.874689622879999661e+03 5.666696107556008499e+00 4.568712290709999779e-18 4.568712290710000164e-19
7.880221129419999670e+03 5.666696107556008499e+00 2.563874685839999979e-18 2.563874685839999979e-19
7.885752635959999679e+03 5.666696107556008499e+00 1.861946176440000022e-18 1.861946176440000071e-19
7.891284142489999795e+03 5.666696107556008499e+00 4.726144002060000016e-18 4.726144002059999824e-19
7.896815649029999804e+03 5.666696107556008499e+00 4.397655366540000015e-18 4.397655366540000400e-19
7.902347155569999813e+03 5.666696107556008499e+00 3.045813776979999983e-18 3.045813776980000079e-19
7.918941675189999842e+03 5.666696107556008499e+00 7.776971351450000407e-19 7.776971351450001129e-20
7.924473181719999957e+03 5.666696107556008499e+00 2.795152589499999880e-18 2.795152589500000265e-19
7.930004688259999966e+03 5.666696107556008499e+00 5.937379616610000333e-18 5.937379616610000526e-19
7.935536194799999976e+03 5.666696107556008499e+00 3.981218135800000237e-18 3.981218135800000429e-19
7.941067701339999985e+03 5.666696107556008499e+00 4.684447979500000267e-18 4.684447979500000845e-19
7.946599207879999994e+03 5.666696107556008499e+00 4.912842916659999619e-18 4.912842916659999426e-19
7.952130714420000004e+03 5.666696107556008499e+00 4.955010660080000264e-18 4.955010660080000649e-19
7.957662220950000119e+03 5.666696107556008499e+00 5.618441619479999730e-18 5.618441619480000308e-19
7.963193727490000128e+03 5.666696107556008499e+00 5.451028568080000043e-18 5.451028568080000236e-19
7.968725234030000138e+03 5.666696107556008499e+00 3.482397248750000060e-18 3.482397248750000156e-19
7.974256740570000147e+03 5.666696107556008499e+00 3.435529388010000018e-18 3.435529388010000114e-19
7.979788247110000157e+03 5.666696107556008499e+00 7.127794566019999802e-19 7.127794566020000283e-20
7.985319753650000166e+03 5.666696107556008499e+00 4.727812116419999855e-19 4.727812116420000337e-20
7.990851260190000175e+03 5.666696107556008499e+00 2.729100388099999831e-18 2.729100388100000216e-19
7.996382766720000291e+03 5.666696107556008499e+00 3.033274205799999956e-18 3.033274205800000149e-19
8.001914273260000300e+03 5.666696107556008499e+00 4.319975245810000235e-18 4.319975245810000427e-19
8.007445779800000309e+03 5.666696107556008499e+00 3.756323504200000116e-18 3.756323504200000405e-19
8.012977286340000319e+03 5.666696107556008499e+00 2.425177813020000079e-18 2.425177813020000079e-19
8.018508792880000328e+03 5.666696107556008499e+00 3.128453119669999969e-18 3.128453119670000066e-19
8.024040299420000338e+03 5.666696107556008499e+00 4.258726735209999674e-18 4.258726735209999867e-19
8.029571805950000453e+03 5.666696107556008499e+00 5.066411986140000259e-18 5.066411986140000259e-19
8.035103312489999553e+03 5.666696107556008499e+00 2.830118727720000156e-18 2.830118727720000156e-19
8.040634819029999562e+03 5.666696107556008499e+00 3.824794813259999870e-18 3.824794813259999870e-19
8.046166325569999572e+03 5.666696107556008499e+00 5.061520445869999797e-18 5.061520445869999797e-19
8.051697832109999581e+03 5.666696107556008499e+00 3.447978716929999868e-18 3.447978716930000060e-19
8.057229338649999590e+03 5.666696107556008499e+00 3.984462071319999940e-18 3.984462071320000325e-19
8.062760845179999706e+03 5.666696107556008499e+00 4.897761522040000013e-18 4.897761522040000399e-19
8.068292351719999715e+03 5.666696107556008499e+00 3.934558789360000274e-18 3.934558789360000467e-19
8.073823858259999724e+03 5.666696107556008499e+00 4.608080473350000292e-18 4.608080473350000677e-19
8.079355364799999734e+03 5.666696107556008499e+00 4.800323817239999993e-18 4.800323817240000186e-19
8.084886871339999743e+03 5.666696107556008499e+00 5.147107018489999625e-18 5.147107018490000011e-19
8.090418377879999753e+03 5.666696107556008499e+00 3.098942877639999860e-18 3.098942877639999860e-19
8.095949884409999868e+03 5.666696107556008499e+00 2.543464554579999880e-18 2.543464554579999783e-19
8.101481390949999877e+03 5.666696107556008499e+00 4.698380836359999993e-18 4.698380836360000185e-19
8.107012897489999887e+03 5.666696107556008499e+00 4.621739868840000332e-18 4.621739868840000332e-19
8.112544404029999896e+03 5.666696107556008499e+00 6.546063609510000078e-18 6.546063609510000463e-19
8.118075910569999905e+03 5.666696107556008499e+00 5.563657052040000000e-18 5.563657052040000578e-19
8.123607417109999915e+03 5.666696107556008499e+00 4.489080339439999678e-18 4.489080339440000063e-19
8.129138923649999924e+03 5.666696107556008499e+00 4.233988735929999834e-18 4.233988735930000026e-19
8.134670430180000039e+03 5.666696107556008499e+00 4.467972539859999823e-18 4.467972539860000401e-19
8.140201936720000049e+03 5.666696107556008499e+00 5.492974124140000332e-18 5.492974124140000332e-19
8.145733443260000058e+03 5.666696107556008499e+00 5.197916141239999733e-18 5.197916141239999925e-19
8.151264949800000068e+03 5.666696107556008499e+00 4.299448551640000266e-18 4.299448551640000651e-19
8.156796456340000077e+03 5.666696107556008499e+00 5.971469994789999903e-18 5.971469994789999903e-19
8.162327962880000086e+03 5.666696107556008499e+00 7.030558538989999914e-18 7.030558538990000107e-19
8.167859469410000202e+03 5.666696107556008499e+00 6.133355708220000219e-18 6.133355708220000219e-19
8.173390975950000211e+03 5.666696107556008499e+00 5.770899752139999729e-18 5.770899752140000500e-19
8.178922482490000220e+03 5.666696107556008499e+00 4.428915419529999775e-18 4.428915419529999583e-19
8.184453989030000230e+03 5.666696107556008499e+00 4.658363182959999909e-18 4.658363182960000294e-19
8.189985495570000239e+03 5.666696107556008499e+00 5.522644682910000336e-18 5.522644682910000529e-19
8.195517002110000249e+03 5.666696107556008499e+00 5.364122544339999880e-18 5.364122544340000265e-19
8.201048508640000364e+03 5.666696107556008499e+00 6.208530239139999976e-18 6.208530239140000168e-19
8.206580015179999464e+03 5.666696107556008499e+00 5.628275974040000181e-18 5.628275974040000181e-19
8.212111521720000383e+03 5.666696107556008499e+00 4.107666673810000093e-18 4.107666673810000479e-19
8.217643028259999483e+03 5.666696107556008499e+00 4.558959974559999676e-18 4.558959974559999868e-19
8.223174534800000401e+03 5.666696107556008499e+00 6.019178749250000009e-18 6.019178749250000394e-19
8.228706041339999501e+03 5.666696107556008499e+00 6.320885261730000247e-18 6.320885261730000824e-19
8.234237547869999617e+03 5.666696107556008499e+00 5.264842393560000268e-18 5.264842393560000846e-19
8.239769054410000535e+03 5.666696107556008499e+00 5.024592905959999888e-18 5.024592905960000273e-19
8.245300560949999635e+03 5.666696107556008499e+00 4.764572161240000344e-18 4.764572161240000729e-19
8.250832067490000554e+03 5.666696107556008499e+00 5.767064456410000315e-18 5.767064456410000700e-19
8.256363574029999654e+03 5.666696107556008499e+00 6.138619839619999729e-18 6.138619839620000307e-19
8.261895080570000573e+03 5.666696107556008499e+00 5.737961329990000304e-18 5.737961329990000304e-19
8.267426587100000688e+03 5.666696107556008499e+00 6.066265379089999956e-18 6.066265379090000534e-19
8.272958093639999788e+03 5.666696107556008499e+00 3.422290439379999817e-18 3.422290439380000203e-19
8.278489600180000707e+03 5.666696107556008499e+00 2.176376162879999936e-18 2.176376162880000225e-19
8.284021106719999807e+03 5.666696107556008499e+00 5.481410126410000116e-18 5.481410126410000886e-19
8.289552613260000726e+03 5.666696107556008499e+00 5.629650117429999912e-18 5.629650117430000490e-19
8.295084119799999826e+03 5.666696107556008499e+00 6.754783001019999736e-18 6.754783001019999736e-19
8.300615626340000745e+03 5.666696107556008499e+00 9.154919272629999584e-18 9.154919272630000354e-19
8.306147132870000860e+03 5.666696107556008499e+00 6.677277211909999708e-18 6.677277211909999901e-19
8.311678639409999960e+03 5.666696107556008499e+00 5.981423988699999940e-18 5.981423988700000325e-19
8.317210145950000879e+03 5.666696107556008499e+00 6.505611836189999876e-18 6.505611836190000262e-19
8.322741652489999979e+03 5.666696107556008499e+00 4.613334349939999777e-18 4.613334349940000355e-19
8.328273159030000897e+03 5.666696107556008499e+00 6.501738939519999683e-18 6.501738939520000453e-19
8.333804665569999997e+03 5.666696107556008499e+00 8.554862985989999980e-18 8.554862985990000558e-19
8.339336172100000113e+03 5.666696107556008499e+00 6.879587352530000243e-18 6.879587352530000820e-19
8.344867678639999212e+03 5.666696107556008499e+00 4.476367803950000353e-18 4.476367803950000931e-19
8.350399185180000131e+03 5.666696107556008499e+00 2.047219331819999830e-18 2.047219331820000023e-19
8.355930691719999231e+03 5.666696107556008499e+00 7.418497676590000063e-19 7.418497676590000063e-20
8.361462198260000150e+03 5.666696107556008499e+00 6.015305852579999816e-18 6.015305852580000586e-19
8.366993704799999250e+03 5.666696107556008499e+00 5.180257373200000352e-18 5.180257373200000352e-19
8.372525211329999365e+03 5.666696107556008499e+00 3.808250400309999854e-18 3.808250400309999951e-19
8.378056717870000284e+03 5.666696107556008499e+00 3.873559812260000253e-18 3.873559812260000542e-19
8.383588224409999384e+03 5.666696107556008499e+00 2.590609294959999873e-18 2.590609294959999969e-19
8.389119730950000303e+03 5.666696107556008499e+00 1.457532358539999992e-18 1.457532358539999992e-19
8.394651237489999403e+03 5.666696107556008499e+00 2.828657418520000164e-18 2.828657418520000260e-19
8.400182744030000322e+03 5.666696107556008499e+00 7.220101451840000760e-18 7.220101451840000952e-19
8.405714250560000437e+03 5.666696107556008499e+00 6.292069269750000013e-18 6.292069269750000591e-19
8.411245757099999537e+03 5.666696107556008499e+00 2.775918683970000005e-18 2.775918683970000198e-19
8.416777263640000456e+03 5.666696107556008499e+00 2.443191397190000137e-18 2.443191397190000329e-19
8.422308770179999556e+03 5.666696107556008499e+00 3.511688379859999914e-18 3.511688379860000203e-19
8.427840276720000475e+03 5.666696107556008499e+00 4.734002598210000230e-18 4.734002598210000037e-19
8.433371783259999575e+03 5.666696107556008499e+00 4.389420760999999916e-18 4.389420761000000494e-19
8.438903289789999690e+03 5.666696107556008499e+00 4.516983654099999909e-18 4.516983654099999716e-19
8.444434796330000609e+03 5.666696107556008499e+00 5.409725646240000337e-18 5.409725646240000529e-19
8.449966302869999708e+03 5.666696107556008499e+00 3.923651098919999960e-18 3.923651098919999960e-19
8.455497809410000627e+03 5.666696107556008499e+00 1.742290077070000055e-18 1.742290077070000247e-19
8.466560822490000646e+03 5.666696107556008499e+00 2.198014477519999903e-18 2.198014477520000192e-19
8.472092329029999746e+03 5.666696107556008499e+00 4.713222952279999655e-18 4.713222952280000040e-19
8.477623835559999861e+03 5.666696107556008499e+00 2.895840724520000157e-18 2.895840724520000446e-19
8.483155342100000780e+03 5.666696107556008499e+00 3.040204058770000102e-18 3.040204058770000294e-19
8.488686848639999880e+03 5.666696107556008499e+00 2.625835905140000069e-18 2.625835905140000454e-19
8.494218355180000799e+03 5.666696107556008499e+00 2.373111793439999853e-18 2.373111793439999949e-19
8.499749861719999899e+03 5.666696107556008499e+00 2.397891153760000130e-18 2.397891153760000226e-19
8.505281368260000818e+03 5.666696107556008499e+00 6.671329427090000312e-19 6.671329427090000794e-20
8.510812874789999114e+03 5.666696107556008499e+00 2.095137967879999886e-18 2.095137967879999934e-19
8.516344381330000033e+03 5.666696107556008499e+00 2.628470021789999822e-18 2.628470021790000111e-19
8.521875887869999133e+03 5.666696107556008499e+00 4.669845142279999777e-18 4.669845142280000162e-19
8.527407394410000052e+03 5.666696107556008499e+00 4.878677336600000032e-18 4.878677336600000032e-19
8.532938900949999152e+03 5.666696107556008499e+00 4.706232595979999875e-18 4.706232595979999875e-19
8.538470407490000071e+03 5.666696107556008499e+00 2.689460795049999828e-18 2.689460795050000021e-19
8.544001914020000186e+03 5.666696107556008499e+00 2.652271074049999965e-18 2.652271074050000350e-19
8.549533420559999286e+03 5.666696107556008499e+00 4.325649569259999945e-18 4.325649569260000330e-19
8.555064927100000205e+03 5.666696107556008499e+00 6.284501226309999842e-18 6.284501226310000034e-19
8.560596433639999304e+03 5.666696107556008499e+00 4.543919599150000344e-18 4.543919599150000344e-19
8.566127940180000223e+03 5.666696107556008499e+00 4.629458316039999766e-18 4.629458316039999959e-19
8.571659446719999323e+03 5.666696107556008499e+00 4.954419299869999782e-18 4.954419299869999782e-19
8.577190953249999438e+03 5.666696107556008499e+00 3.042888765779999826e-18 3.042888765779999923e-19
8.582722459790000357e+03 5.666696107556008499e+00 2.292874467060000171e-18 2.292874467060000460e-19
8.588253966329999457e+03 5.666696107556008499e+00 4.667623268640000035e-18 4.667623268639999843e-19
8.593785472870000376e+03 5.666696107556008499e+00 4.372647324149999784e-18 4.372647324149999977e-19
8.599316979409999476e+03 5.666696107556008499e+00 3.668918413450000217e-18 3.668918413450000217e-19
8.604848485950000395e+03 5.666696107556008499e+00 5.555419028239999835e-18 5.555419028240000606e-19
8.610379992489999495e+03 5.666696107556008499e+00 5.609191788600000200e-18 5.609191788600000778e-19
8.615911499019999610e+03 5.666696107556008499e+00 2.673539532190000064e-18 2.673539532190000064e-19
8.621443005560000529e+03 5.666696107556008499e+00 1.019951436420000005e-18 1.019951436420000053e-19
8.626974512099999629e+03 5.666696107556008499e+00 2.068872345010000179e-18 2.068872345010000228e-19
8.632506018640000548e+03 5.666696107556008499e+00 5.652155988270000185e-18 5.652155988270000955e-19
8.638037525179999648e+03 5.666696107556008499e+00 9.335154244070000667e-18 9.335154244070001052e-19
8.643569031720000567e+03 5.666696107556008499e+00 7.087811095300000430e-18 7.087811095300000815e-19
8.649100538250000682e+03 5.666696107556008499e+00 3.241443256299999978e-18 3.241443256300000074e-19
8.654632044789999782e+03 5.666696107556008499e+00 1.685600509359999940e-18 1.685600509360000084e-19
8.660163551330000701e+03 5.666696107556008499e+00 2.766439487359999810e-18 2.766439487360000099e-19
8.665695057869999800e+03 5.666696107556008499e+00 5.409534223280000228e-18 5.409534223280000421e-19
8.671226564410000719e+03 5.666696107556008499e+00 5.488814093039999789e-18 5.488814093039999789e-19
8.676758070949999819e+03 5.666696107556008499e+00 7.306053779050000647e-18 7.306053779050000839e-19
8.682289577479999934e+03 5.666696107556008499e+00 5.635714123330000170e-18 5.635714123330000170e-19
8.687821084020000853e+03 5.666696107556008499e+00 7.934871365399999548e-18 7.934871365400000318e-19
8.693352590559999953e+03 5.666696107556008499e+00 7.688537362299999257e-18 7.688537362300000027e-19
8.698884097100000872e+03 5.666696107556008499e+00 9.053058330159999932e-18 9.053058330159999932e-19
8.704415603639999972e+03 5.666696107556008499e+00 8.678887972600000161e-18 8.678887972600000161e-19
8.709947110180000891e+03 5.666696107556008499e+00 5.866587304160000134e-18 5.866587304160000712e-19
8.715478616709999187e+03 5.666696107556008499e+00 6.775870290999999939e-18 6.775870291000000324e-19
8.721010123250000106e+03 5.666696107556008499e+00 5.104881164519999891e-18 5.104881164520000276e-19
8.726541629789999206e+03 5.666696107556008499e+00 4.178247053690000333e-18 4.178247053690000719e-19
8.732073136330000125e+03 5.666696107556008499e+00 6.037739939810000337e-18 6.037739939810000530e-19
8.737604642869999225e+03 5.666696107556008499e+00 8.130215077590000219e-18 8.130215077590000604e-19
8.743136149410000144e+03 5.666696107556008499e+00 8.001380589120000695e-18 8.001380589120001080e-19
8.748667655940000259e+03 5.666696107556008499e+00 1.121001907749999992e-17 1.121001907750000069e-18
8.754199162479999359e+03 5.666696107556008499e+00 1.528801177429999957e-17 1.528801177430000073e-18
8.759730669020000278e+03 5.666696107556008499e+00 1.282492811330000002e-17 1.282492811330000117e-18
8.765262175559999378e+03 5.666696107556008499e+00 8.036598995449999523e-18 8.036598995449999715e-19
8.770793682100000296e+03 5.666696107556008499e+00 7.426790392670000015e-18 7.426790392670000015e-19
8.776325188639999396e+03 5.666696107556008499e+00 9.770525256489999622e-18 9.770525256490000393e-19
8.781856695180000315e+03 5.666696107556008499e+00 9.777430156109999560e-18 9.777430156109999560e-19
8.787388201710000430e+03 5.666696107556008499e+00 7.765961112989999509e-18 7.765961112989999894e-19
8.792919708249999530e+03 5.666696107556008499e+00 8.735737173379999839e-18 8.735737173380000224e-19
8.798451214790000449e+03 5.666696107556008499e+00 9.237162779999999402e-18 9.237162779999999017e-19
8.803982721329999549e+03 5.666696107556008499e+00 7.051427059870000597e-18 7.051427059870000597e-19
8.809514227870000468e+03 5.666696107556008499e+00 2.626837799230000144e-18 2.626837799230000144e-19
8.820577240939999683e+03 5.666696107556008499e+00 7.741937531539999231e-18 7.741937531540000002e-19
8.826108747480000602e+03 5.666696107556008499e+00 1.477825585070000103e-17 1.477825585070000257e-18
8.831640254019999702e+03 5.666696107556008499e+00 1.669960228069999909e-17 1.669960228069999948e-18
8.837171760560000621e+03 5.666696107556008499e+00 9.232113999429999918e-18 9.232113999429999532e-19
8.842703267099999721e+03 5.666696107556008499e+00 5.269604039679999777e-18 5.269604039679999777e-19
8.848234773640000640e+03 5.666696107556008499e+00 5.963406302610000260e-18 5.963406302610001030e-19
8.853766280170000755e+03 5.666696107556008499e+00 3.475581224070000032e-18 3.475581224070000128e-19
8.859297786709999855e+03 5.666696107556008499e+00 4.455888965520000219e-18 4.455888965520000219e-19
8.864829293250000774e+03 5.666696107556008499e+00 8.795197930269999433e-18 8.795197930270000204e-19
8.870360799789999874e+03 5.666696107556008499e+00 8.704022490869999539e-18 8.704022490870000695e-19
8.875892306330000793e+03 5.666696107556008499e+00 3.680523430389999936e-18 3.680523430390000129e-19
8.892486825939999108e+03 5.666696107556008499e+00 3.332117577729999939e-18 3.332117577730000325e-19
8.898018332480000026e+03 5.666696107556008499e+00 5.859118390469999897e-18 5.859118390470000667e-19
8.903549839019999126e+03 5.666696107556008499e+00 6.570955430820000217e-18 6.570955430820000795e-19
8.909081345560000045e+03 5.666696107556008499e+00 4.630415430830000109e-18 4.630415430830000109e-19
8.931207371709999279e+03 5.666696107556008499e+00 6.119610856059999957e-19 6.119610856060000680e-20
8.936738878250000198e+03 5.666696107556008499e+00 1.422675604870000054e-18 1.422675604870000151e-19
8.942270384789999298e+03 5.666696107556008499e+00 2.247516454919999897e-18 2.247516454919999800e-19
8.947801891330000217e+03 5.666696107556008499e+00 3.670682239299999924e-18 3.670682239300000213e-19
8.953333397869999317e+03 5.666696107556008499e+00 6.091379387760000067e-19 6.091379387760000067e-20
8.964396410940000351e+03 5.666696107556008499e+00 2.515184546889999835e-18 2.515184546889999835e-19
8.969927917479999451e+03 5.666696107556008499e+00 1.580471703500000089e-18 1.580471703500000234e-19
8.997585450169999604e+03 5.666696107556008499e+00 2.722781379459999914e-18 2.722781379460000011e-19
9.003116956710000522e+03 5.666696107556008499e+00 2.240577714450000180e-18 2.240577714450000180e-19
9.008648463249999622e+03 5.666696107556008499e+00 8.962053804120000493e-19 8.962053804120000734e-20
9.014179969790000541e+03 5.666696107556008499e+00 9.437473234339999782e-19 9.437473234339999782e-20
9.019711476329999641e+03 5.666696107556008499e+00 2.535189955319999997e-18 2.535189955320000286e-19
9.025242982859999756e+03 5.666696107556008499e+00 6.466773484959999541e-19 6.466773484959999541e-20
9.030774489400000675e+03 5.666696107556008499e+00 2.174581230799999817e-18 2.174581230799999721e-19
9.036305995939999775e+03 5.666696107556008499e+00 2.835787581940000175e-18 2.835787581940000560e-19
9.041837502480000694e+03 5.666696107556008499e+00 1.924168893179999939e-18 1.924168893179999939e-19
9.047369009019999794e+03 5.666696107556008499e+00 3.056311617190000061e-18 3.056311617190000350e-19
9.052900515560000713e+03 5.666696107556008499e+00 1.976602376470000059e-18 1.976602376470000107e-19
9.058432022090000828e+03 5.666696107556008499e+00 5.363736280150000169e-18 5.363736280150000554e-19
9.063963528629999928e+03 5.666696107556008499e+00 3.945784378639999843e-18 3.945784378640000228e-19
9.069495035170000847e+03 5.666696107556008499e+00 4.434524795900000065e-18 4.434524795900000450e-19
9.075026541709999947e+03 5.666696107556008499e+00 5.508906667280000213e-18 5.508906667280000791e-19
9.080558048250000866e+03 5.666696107556008499e+00 6.777825539800000326e-18 6.777825539800000518e-19
9.086089554789999966e+03 5.666696107556008499e+00 6.955842055859999422e-18 6.955842055860000000e-19
9.091621061330000884e+03 5.666696107556008499e+00 2.554077932219999921e-18 2.554077932220000114e-19
9.097152567859999181e+03 5.666696107556008499e+00 6.091707541400000304e-19 6.091707541400001027e-20
9.102684074400000100e+03 5.666696107556008499e+00 8.383905191570000343e-19 8.383905191570001306e-20
9.108215580939999199e+03 5.666696107556008499e+00 6.867503778189999868e-18 6.867503778190000638e-19
9.113747087480000118e+03 5.666696107556008499e+00 1.021335492780000053e-17 1.021335492780000169e-18
9.119278594019999218e+03 5.666696107556008499e+00 8.426100281139999636e-18 8.426100281140000021e-19
9.124810100560000137e+03 5.666696107556008499e+00 5.524152138719999744e-18 5.524152138719999936e-19
9.130341607090000252e+03 5.666696107556008499e+00 6.514618970099999969e-18 6.514618970100000162e-19
9.135873113629999352e+03 5.666696107556008499e+00 7.322916090849999346e-18 7.322916090849999924e-19
9.141404620170000271e+03 5.666696107556008499e+00 5.660817877200000070e-18 5.660817877200000647e-19
9.146936126709999371e+03 5.666696107556008499e+00 6.547195055939999799e-18 6.547195055940000570e-19
9.152467633250000290e+03 5.666696107556008499e+00 8.012677962019999444e-18 8.012677962019999829e-19
9.180125165940000443e+03 5.666696107556008499e+00 6.237438524339999812e-18 6.237438524340000389e-19
9.185656672479999543e+03 5.666696107556008499e+00 2.722844959230000036e-18 2.722844959230000036e-19
9.202251192089999677e+03 5.666696107556008499e+00 2.812400481829999890e-18 2.812400481830000083e-19
9.207782698630000596e+03 5.666696107556008499e+00 1.099110983170000000e-17 1.099110983170000038e-18
9.213314205169999695e+03 5.666696107556008499e+00 1.601224686960000005e-17 1.601224686960000044e-18
9.218845711710000614e+03 5.666696107556008499e+00 6.485690175299999710e-18 6.485690175299999903e-19
9.224377218249999714e+03 5.666696107556008499e+00 4.770803662230000023e-18 4.770803662230000023e-19
9.229908724779999829e+03 5.666696107556008499e+00 1.160565957099999936e-17 1.160565957100000090e-18
9.235440231320000748e+03 5.666696107556008499e+00 1.649233565269999962e-17 1.649233565270000077e-18
9.240971737859999848e+03 5.666696107556008499e+00 1.945417525360000008e-17 1.945417525359999931e-18
9.246503244400000767e+03 5.666696107556008499e+00 1.437998670979999846e-17 1.437998670979999962e-18
9.252034750939999867e+03 5.666696107556008499e+00 1.125200907100000072e-17 1.125200907100000111e-18
9.257566257480000786e+03 5.666696107556008499e+00 1.585080211260000056e-17 1.585080211260000210e-18
9.263097764019999886e+03 5.666696107556008499e+00 1.639168819499999865e-17 1.639168819500000019e-18
9.268629270550000001e+03 5.666696107556008499e+00 1.220009964470000063e-17 1.220009964470000063e-18
9.274160777089999101e+03 5.666696107556008499e+00 8.381146649989999322e-18 8.381146649989999708e-19
9.279692283630000020e+03 5.666696107556008499e+00 5.798758629329999620e-18 5.798758629329999620e-19
9.285223790169999120e+03 5.666696107556008499e+00 4.111211416830000236e-18 4.111211416830000622e-19
9.290755296710000039e+03 5.666696107556008499e+00 2.548390619360000061e-17 2.548390619360000061e-18
9.296286803249999139e+03 5.666696107556008499e+00 5.856599127579999429e-17 5.856599127579999583e-18
9.301818309779999254e+03 5.666696107556008499e+00 3.684782591249999995e-17 3.684782591249999841e-18
9.307349816320000173e+03 5.666696107556008499e+00 1.158136594640000021e-17 1.158136594640000175e-18
