3900.000000 4.154324e-16
3904.495210 2.569894e-16
3913.485631 1.275010e-16
3917.980841 6.336273e-17
3940.456892 3.596325e-16
3953.942522 8.303051e-17
3962.932942 7.744383e-17
3967.428153 2.896149e-16
3971.923363 6.290201e-17
3989.904203 1.766981e-17
3994.399414 3.118896e-16
3998.894624 2.928705e-16
4007.885044 2.116587e-16
4012.380254 4.034989e-16
4016.875464 3.218980e-17
4021.370675 1.564730e-18
4025.865885 1.637373e-16
4030.361095 1.734445e-16
4034.856305 3.007363e-17
4039.351515 2.935002e-16
4043.846725 2.652691e-16
4048.341936 1.629942e-16
4052.837146 1.695418e-16
4061.827566 1.258062e-16
4066.322776 8.102573e-17
4070.817986 1.262191e-16
4075.313197 3.489595e-16
4079.808407 2.626138e-16
4084.303617 2.183490e-17
4093.294037 6.727886e-18
4097.789248 2.345437e-16
4102.284458 8.379600e-17
4106.779668 4.235362e-17
4111.274878 2.889599e-16
4115.770088 3.279842e-16
4120.265298 2.149400e-16
4124.760509 6.448889e-17
4138.246139 7.295705e-17
4142.741349 4.064915e-17
4147.236559 2.058009e-16
4151.731770 2.058821e-16
4156.226980 9.350708e-17
4160.722190 6.867856e-17
4165.217400 1.016424e-16
4169.712610 7.847770e-17
4174.207820 1.331443e-16
4178.703031 3.741181e-16
4183.198241 2.944938e-16
4187.693451 1.503093e-16
4192.188661 2.396813e-16
4196.683871 2.197023e-16
4201.179081 3.626591e-16
4205.674292 2.493061e-16
4210.169502 2.880440e-17
4214.664712 1.352972e-16
4219.159922 1.281096e-16
4223.655132 1.558473e-17
4228.150342 1.698335e-16
4232.645553 1.334842e-16
4246.131183 2.018947e-16
4250.626393 2.685364e-16
4255.121603 1.210795e-16
4268.607234 6.523520e-17
4273.102444 1.484263e-16
4291.083285 9.930139e-18
4295.578495 2.394762e-16
4300.073705 1.636086e-16
4304.568915 1.589503e-17
4309.064126 4.917758e-17
4313.559336 9.398117e-18
4318.054546 6.929501e-17
4322.549756 1.128733e-16
4327.044966 1.103464e-16
4331.540176 1.291795e-16
4336.035387 1.101069e-16
4340.530597 1.640027e-16
4345.025807 2.023142e-16
4349.521017 1.108882e-16
4354.016227 9.723908e-17
4363.006648 1.176254e-16
4367.501858 1.307770e-16
4371.997068 1.741940e-16
4376.492278 1.735531e-16
4380.987488 1.031768e-16
4385.482698 4.550467e-17
4389.977909 5.029481e-17
4394.473119 1.011531e-16
4403.463539 9.215445e-17
4407.958749 1.754314e-16
4412.453959 4.484554e-18
4421.444380 3.372082e-17
4425.939590 1.732163e-16
4430.434800 2.967092e-16
4434.930010 1.653918e-16
4439.425220 9.555322e-17
4443.920431 2.382315e-16
4448.415641 1.529315e-16
4457.406061 7.684119e-17
4461.901271 2.760935e-16
4466.396482 1.930897e-16
4470.891692 9.215929e-17
4475.386902 7.275725e-17
4479.882112 7.816392e-17
4484.377322 6.203333e-17
4488.872532 2.231234e-16
4493.367743 3.931953e-16
4497.862953 3.273735e-16
4502.358163 8.090296e-17
4506.853373 1.286178e-16
4511.348583 1.077303e-16
4520.339004 2.658211e-17
4524.834214 3.548106e-17
4529.329424 1.453751e-16
4533.824634 9.592296e-17
4538.319844 1.070000e-16
4542.815054 1.131525e-16
4547.310265 6.671207e-17
4551.805475 1.689072e-16
4556.300685 2.333431e-16
4560.795895 9.650027e-17
4565.291105 1.125864e-16
4569.786315 1.965531e-16
4574.281526 7.915307e-17
4578.776736 1.512125e-17
4583.271946 1.999734e-16
4587.767156 2.317224e-16
4592.262366 7.683812e-17
4596.757576 1.403975e-16
4601.252787 2.238242e-16
4605.747997 1.887515e-16
4610.243207 8.490531e-17
4614.738417 1.358534e-17
4619.233627 4.956125e-17
4623.728837 1.514935e-16
4628.224048 2.026270e-16
4632.719258 2.522242e-16
4637.214468 1.582116e-16
4641.709678 9.313463e-17
4650.700099 1.070100e-16
4655.195309 1.676701e-16
4659.690519 2.071683e-16
4664.185729 2.061014e-16
4668.680939 7.653154e-17
4673.176149 1.218494e-16
4677.671360 1.510417e-16
4682.166570 2.096392e-16
4686.661780 9.126036e-17
4691.156990 1.093289e-16
4695.652200 2.001335e-16
4700.147410 2.334008e-16
4704.642621 1.513618e-16
4709.137831 1.625882e-16
4713.633041 1.553311e-16
4718.128251 2.966885e-16
4722.623461 3.023273e-16
4727.118671 2.803269e-16
4731.613882 2.366968e-16
4736.109092 6.963480e-17
4740.604302 7.586904e-17
4745.099512 1.800048e-16
4749.594722 1.991353e-16
4754.089932 9.783800e-17
4758.585143 1.331261e-16
4763.080353 1.236941e-16
4767.575563 1.077961e-16
4772.070773 1.425142e-16
4776.565983 1.460702e-16
4781.061193 1.693974e-16
4785.556404 1.120183e-16
4790.051614 1.308109e-16
4794.546824 1.251474e-16
4799.042034 2.211269e-16
4803.537244 1.899151e-16
4808.032454 2.130435e-16
4812.527665 1.975926e-16
4817.022875 2.142171e-16
4821.518085 1.235785e-16
4826.013295 4.944689e-17
4830.508505 1.136327e-16
4835.003716 1.818114e-16
4839.498926 1.608847e-16
4843.994136 1.279066e-16
4848.489346 1.184089e-16
4852.984556 2.932136e-17
4857.479766 7.114815e-17
4861.974977 2.075266e-16
4866.470187 2.264642e-16
4870.965397 1.665604e-16
4875.460607 1.052612e-16
4879.955817 9.644401e-17
4884.451027 8.650690e-17
4888.946238 7.619832e-17
4893.441448 5.347404e-17
4897.936658 1.344065e-16
4902.431868 1.045375e-16
4906.927078 1.451209e-16
4911.422288 2.378281e-16
4915.917499 6.222411e-17
4920.412709 2.255516e-17
4924.907919 5.838643e-17
4929.403129 9.164245e-17
4933.898339 8.078720e-17
4938.393549 1.144719e-16
4942.888760 1.072988e-16
4947.383970 1.684744e-16
4951.879180 2.227258e-16
4956.374390 1.680590e-16
4960.869600 2.123060e-16
4965.364810 1.852761e-16
4969.860021 1.532857e-16
4974.355231 2.031606e-16
4978.850441 1.932349e-16
4983.345651 1.844196e-16
4987.840861 2.073643e-16
4992.336071 1.761189e-16
4996.831282 2.697206e-16
5001.326492 3.196824e-16
5005.821702 2.223215e-16
5010.316912 1.294384e-16
5014.812122 1.141783e-16
5019.307333 1.409889e-16
5023.802543 1.650880e-16
5028.297753 1.253479e-16
5032.792963 1.617728e-16
5037.288173 1.392850e-16
5041.783383 5.645094e-17
5046.278594 1.354302e-16
5050.773804 1.481592e-16
5055.269014 1.815582e-16
5059.764224 1.972999e-16
5064.259434 1.746999e-16
5068.754644 1.296654e-16
5073.249855 4.011554e-17
5077.745065 9.005137e-17
5082.240275 1.458162e-16
5086.735485 1.863754e-16
5091.230695 1.651765e-16
5095.725905 2.370534e-16
5100.221116 2.301644e-16
5104.716326 2.559741e-16
5109.211536 1.698342e-16
5113.706746 1.940058e-16
5118.201956 2.899889e-16
5122.697166 3.107967e-16
5127.192377 2.597643e-16
5131.687587 1.299095e-16
5136.182797 5.071796e-17
5140.678007 8.235288e-17
5145.173217 4.609188e-17
5149.668427 1.055988e-16
5154.163638 1.743004e-16
5158.658848 1.327640e-16
5163.154058 1.407139e-16
5167.649268 2.249509e-16
5172.144478 2.657581e-16
5176.639688 2.347023e-16
5181.134899 1.316233e-16
5185.630109 1.347538e-16
5190.125319 1.465532e-16
5194.620529 1.228972e-16
5199.115739 1.196644e-16
5203.610950 8.838500e-17
5208.106160 1.090715e-16
5212.601370 1.364416e-16
5217.096580 8.881010e-17
5221.591790 1.272607e-16
5226.087000 1.159517e-16
5230.582211 6.721048e-17
5235.077421 8.918375e-17
5239.572631 1.256058e-16
5244.067841 1.485028e-16
5248.563051 1.771770e-16
5253.058261 1.568632e-16
5257.553472 1.451985e-16
5262.048682 1.324237e-16
5266.543892 1.406156e-16
5271.039102 1.498543e-16
5275.534312 1.742498e-16
5280.029522 1.473270e-16
5284.524733 7.258205e-17
5289.019943 1.351510e-16
5293.515153 1.504123e-16
5298.010363 1.193180e-16
5302.505573 1.625356e-16
5307.000783 1.837923e-16
5311.495994 2.598507e-16
5315.991204 2.818265e-16
5320.486414 2.406350e-16
5324.981624 1.646896e-16
5329.476834 1.073758e-16
5333.972044 7.667691e-17
5338.467255 1.199662e-16
5342.962465 1.862411e-16
5347.457675 2.115575e-16
5351.952885 1.926975e-16
5356.448095 1.234516e-16
5360.943305 1.669062e-16
5365.438516 2.096928e-16
5369.933726 1.605455e-16
5374.428936 2.033864e-16
5378.924146 1.668538e-16
5383.419356 1.493429e-16
5387.914567 1.939305e-16
5392.409777 1.998316e-16
5396.904987 1.121371e-16
5401.400197 2.463399e-16
5405.895407 2.527331e-16
5410.390617 1.754146e-16
5414.885828 1.843391e-16
5419.381038 2.033007e-16
5423.876248 2.656467e-16
5428.371458 2.180800e-16
5432.866668 1.998194e-16
5437.361878 2.241318e-16
5441.857089 2.795208e-16
5446.352299 2.236620e-16
5450.847509 1.872761e-16
5455.342719 1.674761e-16
5459.837929 1.915539e-16
5464.333139 1.627980e-16
5468.828350 1.360476e-16
5473.323560 1.300725e-16
5477.818770 1.482223e-16
5482.313980 2.599703e-16
5486.809190 2.304919e-16
5491.304400 1.986927e-16
5495.799611 2.398294e-16
5500.294821 2.809521e-16
5504.790031 2.581390e-16
5509.285241 2.125249e-16
5513.780451 1.658291e-16
5518.275661 1.506240e-16
5522.770872 1.938942e-16
5527.266082 2.909500e-16
5531.761292 2.177500e-16
5536.256502 1.713246e-16
5540.751712 1.832525e-16
5545.246922 1.417949e-16
5549.742133 1.035754e-16
5554.237343 1.238146e-16
5558.732553 1.536517e-16
5563.227763 2.172164e-16
5567.722973 2.492152e-16
5572.218184 1.471064e-16
5576.713394 1.427433e-16
5581.208604 2.818605e-16
5585.703814 2.446186e-16
5590.199024 2.446476e-16
5594.694234 2.038077e-16
5599.189445 2.583410e-16
5603.684655 3.517058e-16
5608.179865 3.481870e-16
5612.675075 2.196777e-16
5617.170285 2.604349e-16
5621.665495 3.477446e-16
5626.160706 3.031404e-16
5630.655916 2.713058e-16
5635.151126 3.261319e-16
5639.646336 3.028247e-16
5644.141546 3.079180e-16
5648.636756 3.345938e-16
5653.131967 3.359095e-16
5657.627177 3.278449e-16
5662.122387 3.127088e-16
5666.617597 2.421883e-16
5671.112807 2.715108e-16
5675.608017 3.225435e-16
5680.103228 3.565829e-16
5684.598438 3.694575e-16
5689.093648 3.652501e-16
5693.588858 3.420655e-16
5698.084068 2.809515e-16
5702.579278 2.171430e-16
5707.074489 2.089788e-16
5711.569699 1.901270e-16
5716.064909 2.160740e-16
5720.560119 2.500025e-16
5725.055329 1.944015e-16
5729.550539 1.260654e-16
5734.045750 1.229557e-16
5738.540960 1.808800e-16
5743.036170 2.612741e-16
5747.531380 2.813480e-16
5752.026590 2.555840e-16
5756.521801 2.020257e-16
5761.017011 1.921444e-16
5765.512221 2.521191e-16
5770.007431 2.289764e-16
5774.502641 1.713384e-16
5778.997851 1.954856e-16
5783.493062 2.003602e-16
5787.988272 1.577755e-16
5792.483482 1.313339e-16
5796.978692 1.374260e-16
5801.473902 1.810169e-16
5805.969112 2.140870e-16
5810.464323 2.089071e-16
5814.959533 1.517988e-16
5819.454743 9.320843e-17
5823.949953 1.525545e-16
5828.445163 1.921635e-16
5832.940373 1.411797e-16
5837.435584 1.324186e-16
5841.930794 9.901498e-17
5846.426004 1.165354e-16
5850.921214 1.826000e-16
5855.416424 1.247397e-16
5859.911634 1.236250e-16
5864.406845 1.360884e-16
5868.902055 1.356772e-16
5873.397265 1.415830e-16
5877.892475 1.043375e-16
5882.387685 6.373431e-17
5886.882895 3.970158e-17
5891.378106 3.263087e-17
5895.873316 4.511470e-17
5900.368526 2.912234e-17
5904.863736 2.653402e-17
5909.358946 5.640695e-17
5913.854156 1.083015e-16
5918.349367 1.410606e-16
5922.844577 9.473901e-17
5927.339787 4.643092e-17
5931.834997 1.653743e-17
5936.330207 9.301806e-18
5940.825418 5.423887e-18
5945.320628 3.876831e-17
5949.815838 1.455478e-16
5954.311048 1.402466e-16
5958.806258 1.161195e-16
5963.301468 1.354912e-16
5967.796679 1.246514e-16
5972.291889 1.323755e-16
5976.787099 1.168628e-16
5981.282309 1.098230e-16
5985.777519 9.249105e-17
5990.272729 1.129054e-16
5994.767940 1.969221e-16
5999.263150 2.224280e-16
6003.758360 1.508190e-16
6008.253570 1.681504e-16
6012.748780 1.956135e-16
6017.243990 1.828615e-16
6021.739201 8.960874e-17
6026.234411 6.045614e-17
6030.729621 1.733389e-16
6035.224831 1.690279e-16
6039.720041 1.414011e-16
6044.215251 1.582024e-16
6048.710462 1.364127e-16
6053.205672 1.761683e-16
6057.700882 1.586097e-16
6062.196092 1.040656e-16
6066.691302 1.630961e-16
6071.186512 1.844476e-16
6075.681723 1.664141e-16
6080.176933 1.697398e-16
6084.672143 1.576227e-16
6089.167353 1.524247e-16
6093.662563 9.937301e-17
6098.157773 6.597356e-17
6102.652984 9.149367e-17
6107.148194 1.024258e-16
6111.643404 1.034893e-16
6116.138614 1.047085e-16
6120.633824 1.224611e-16
6125.129035 1.377983e-16
6129.624245 1.375705e-16
6134.119455 1.226502e-16
6138.614665 1.147763e-16
6143.109875 1.044327e-16
6147.605085 1.343988e-16
6152.100296 1.052641e-16
6156.595506 1.789023e-16
6161.090716 1.964288e-16
6165.585926 1.873687e-16
6170.081136 1.564789e-16
6174.576346 1.359436e-16
6179.071557 1.216605e-16
6183.566767 7.187356e-17
6188.061977 1.148694e-16
6192.557187 1.216730e-16
6197.052397 1.458655e-16
6201.547607 1.425147e-16
6206.042818 1.177327e-16
6210.538028 1.166861e-16
6215.033238 1.267473e-16
6219.528448 1.365117e-16
6224.023658 1.174618e-16
6228.518868 1.594592e-16
6233.014079 1.850717e-16
6237.509289 8.709937e-17
6242.004499 6.410631e-17
6246.499709 1.269567e-16
6250.994919 1.426537e-16
6255.490129 1.484697e-16
6259.985340 1.549623e-16
6264.480550 1.702381e-16
6268.975760 1.870262e-16
6273.470970 1.863251e-16
6277.966180 1.410783e-16
6282.461390 1.202778e-16
6286.956601 1.145397e-16
6291.451811 1.148809e-16
6295.947021 1.364768e-16
6300.442231 1.723867e-16
6304.937441 2.223940e-16
6309.432652 2.515016e-16
6313.927862 1.735146e-16
6318.423072 1.671919e-16
6322.918282 1.670803e-16
6327.413492 1.869372e-16
6331.908702 2.850420e-16
6336.403913 2.712666e-16
6340.899123 2.126422e-16
6345.394333 2.165692e-16
6349.889543 2.693406e-16
6354.384753 2.861442e-16
6358.879963 2.972779e-16
6363.375174 3.102709e-16
6367.870384 2.853881e-16
6372.365594 2.989085e-16
6376.860804 3.853534e-16
6381.356014 3.724321e-16
6385.851224 3.306804e-16
6390.346435 4.023647e-16
6394.841645 4.113750e-16
6399.336855 3.432635e-16
6403.832065 3.420611e-16
6408.327275 3.593243e-16
6412.822485 3.725886e-16
6417.317696 3.752699e-16
6421.812906 3.506177e-16
6426.308116 3.982949e-16
6430.803326 4.419152e-16
6435.298536 3.978168e-16
6439.793746 3.104450e-16
6444.288957 3.220268e-16
6448.784167 3.325064e-16
6453.279377 2.978746e-16
6457.774587 2.886648e-16
6462.269797 2.687118e-16
6466.765007 2.720544e-16
6471.260218 2.701715e-16
6475.755428 2.158518e-16
6480.250638 1.797173e-16
6484.745848 1.829820e-16
6489.241058 2.235982e-16
6493.736269 2.294533e-16
6498.231479 2.030782e-16
6502.726689 1.606501e-16
6507.221899 2.056126e-16
6511.717109 2.245370e-16
6516.212319 2.157735e-16
6520.707530 2.182491e-16
6525.202740 2.049003e-16
6529.697950 1.613119e-16
6534.193160 1.297267e-16
6538.688370 1.908157e-16
6543.183580 2.191315e-16
6547.678791 1.931659e-16
6552.174001 1.998642e-16
6556.669211 2.007126e-16
6561.164421 2.306779e-16
6565.659631 2.031998e-16
6570.154841 1.557015e-16
6574.650052 1.804576e-16
6579.145262 1.662703e-16
6583.640472 1.780464e-16
6588.135682 2.000348e-16
6592.630892 2.061781e-16
6597.126102 1.782950e-16
6601.621313 2.010096e-16
6606.116523 1.911456e-16
6610.611733 2.602572e-16
6615.106943 2.808152e-16
6619.602153 2.336608e-16
6624.097363 2.104735e-16
6628.592574 2.042046e-16
6633.087784 2.030925e-16
6637.582994 2.117373e-16
6642.078204 1.909305e-16
6646.573414 1.764178e-16
6651.068624 1.792359e-16
6655.563835 1.785992e-16
6660.059045 1.828898e-16
6664.554255 2.024661e-16
6669.049465 2.099885e-16
6673.544675 1.822199e-16
6678.039886 1.927888e-16
6682.535096 2.108102e-16
6687.030306 1.931345e-16
6691.525516 2.094763e-16
6696.020726 2.122488e-16
6700.515936 1.771932e-16
6705.011147 1.906105e-16
6709.506357 2.951813e-16
6714.001567 3.086730e-16
6718.496777 2.166905e-16
6722.991987 2.258545e-16
6727.487197 1.882343e-16
6731.982408 1.857671e-16
6736.477618 1.911575e-16
6740.972828 1.872965e-16
6745.468038 1.781620e-16
6749.963248 1.348858e-16
6754.458458 1.585529e-16
6758.953669 2.486155e-16
6763.448879 2.383924e-16
6767.944089 1.443453e-16
6772.439299 1.377361e-16
6776.934509 1.651105e-16
6781.429719 1.118780e-16
6785.924930 8.994384e-17
6790.420140 1.533106e-16
6794.915350 1.600360e-16
6799.410560 9.610575e-17
6803.905770 9.520746e-17
6808.400980 1.108186e-16
6812.896191 9.250419e-17
6817.391401 1.426097e-16
6821.886611 1.452585e-16
6826.381821 1.164992e-16
6830.877031 6.855985e-17
6835.372241 7.232018e-17
6839.867452 1.042858e-16
6844.362662 1.205178e-16
6848.857872 1.061656e-16
6853.353082 1.289965e-16
6857.848292 7.268080e-17
6862.343503 4.648028e-17
6866.838713 9.695330e-17
6871.333923 1.264947e-16
6875.829133 7.477430e-17
6880.324343 6.144668e-17
6884.819553 8.877752e-17
6889.314764 9.535163e-17
6893.809974 1.033549e-16
6898.305184 1.125381e-16
6902.800394 1.287651e-16
6907.295604 8.486995e-17
6911.790814 5.635774e-17
6916.286025 1.325753e-16
6920.781235 8.963238e-17
6925.276445 8.765156e-17
6929.771655 9.740647e-17
6934.266865 1.355504e-16
6938.762075 1.494740e-16
6943.257286 9.849130e-17
6947.752496 7.286257e-17
6952.247706 9.467925e-17
6956.742916 6.735401e-17
6961.238126 3.602416e-17
6965.733336 3.469395e-17
6970.228547 2.987535e-17
6974.723757 8.213732e-17
6979.218967 8.465139e-17
6983.714177 3.436883e-17
6988.209387 3.881601e-17
6992.704597 5.784475e-17
6997.199808 7.332554e-17
7001.695018 5.768091e-17
7006.190228 3.148846e-17
7010.685438 4.801465e-17
7015.180648 4.178101e-17
7019.675858 3.482786e-17
7024.171069 5.631300e-17
7028.666279 7.469398e-17
7033.161489 1.050371e-16
7037.656699 6.184397e-17
7042.151909 6.220753e-18
7046.647120 2.547128e-18
7051.142330 4.079793e-17
7055.637540 7.966766e-17
7060.132750 4.642657e-17
7064.627960 5.168163e-17
7069.123170 6.878388e-17
7073.618381 6.966291e-17
7078.113591 1.114912e-16
7082.608801 8.710263e-17
7087.104011 4.730647e-17
7091.599221 5.922395e-17
7096.094431 7.963410e-17
7100.589642 1.147967e-16
7105.084852 8.199128e-17
7109.580062 3.999933e-17
7114.075272 8.313369e-17
7118.570482 1.012595e-16
7123.065692 9.037638e-17
7127.560903 9.442748e-17
7132.056113 7.552482e-17
7136.551323 7.787521e-17
7141.046533 1.056696e-16
7145.541743 7.405043e-17
7150.036953 3.806737e-17
7154.532164 4.274401e-17
7159.027374 4.542446e-17
7163.522584 4.737365e-17
7168.017794 7.438177e-17
7172.513004 5.466337e-17
7177.008214 7.967756e-17
7181.503425 7.613534e-17
7185.998635 1.318050e-16
7190.493845 1.390987e-16
7194.989055 1.166717e-16
7199.484265 9.771324e-17
7203.979475 7.193223e-17
7208.474686 7.886898e-17
7212.969896 1.345062e-16
7217.465106 1.358876e-16
7221.960316 7.276480e-17
7226.455526 8.488647e-17
7230.950737 1.201785e-16
7235.445947 1.185945e-16
7239.941157 1.401944e-16
7244.436367 9.883008e-17
7248.931577 6.159119e-17
7253.426787 4.410339e-17
7257.921998 5.821411e-17
7262.417208 5.846540e-17
7266.912418 7.800976e-17
7271.407628 9.667116e-17
7275.902838 1.065582e-16
7280.398048 1.003363e-16
7284.893259 1.246172e-16
7289.388469 1.323894e-16
7293.883679 1.016114e-16
7298.378889 9.607058e-17
7302.874099 9.280708e-17
7307.369309 7.624344e-17
7311.864520 1.075278e-16
7316.359730 1.500633e-16
7320.854940 1.241503e-16
7325.350150 7.838379e-17
7329.845360 1.111516e-16
7334.340570 1.792451e-16
7338.835781 1.791655e-16
7343.330991 1.361540e-16
7347.826201 1.139759e-16
7352.321411 1.420434e-16
7356.816621 1.494399e-16
7361.311831 1.644416e-16
7365.807042 1.274865e-16
7370.302252 2.101737e-16
7374.797462 1.891132e-16
7379.292672 2.132740e-16
7383.787882 1.840779e-16
7388.283092 1.569288e-16
7392.778303 1.840480e-16
7397.273513 1.772738e-16
7401.768723 2.479045e-16
7406.263933 2.818502e-16
7410.759143 2.373796e-16
7415.254354 2.238567e-16
7419.749564 2.085548e-16
7424.244774 1.776743e-16
7428.739984 2.042601e-16
7433.235194 2.314671e-16
7437.730404 2.048878e-16
7442.225615 2.500804e-16
7446.720825 2.846980e-16
7451.216035 2.037926e-16
7455.711245 2.016751e-16
7460.206455 2.263223e-16
7464.701665 2.379397e-16
7469.196876 2.550536e-16
7473.692086 2.607794e-16
7478.187296 2.322971e-16
7482.682506 2.163750e-16
7487.177716 1.677890e-16
7491.672926 1.808239e-16
7496.168137 1.808367e-16
7500.663347 1.540872e-16
7505.158557 2.167579e-16
7509.653767 2.340091e-16
7514.148977 2.020533e-16
7518.644187 1.991929e-16
7523.139398 2.012260e-16
7527.634608 2.135612e-16
7532.129818 2.014290e-16
7536.625028 1.644924e-16
7541.120238 1.525886e-16
7545.615448 1.835662e-16
7550.110659 2.214900e-16
7554.605869 1.736626e-16
7559.101079 1.741323e-16
7563.596289 1.633143e-16
7568.091499 1.614191e-16
7572.586709 1.801146e-16
7577.081920 1.784629e-16
7581.577130 1.688582e-16
7586.072340 1.462227e-16
7590.567550 1.546270e-16
7595.062760 2.169529e-16
7599.557971 2.474167e-16
7604.053181 1.453659e-16
7608.548391 9.254517e-17
7613.043601 1.162791e-16
7617.538811 1.780494e-16
7622.034021 1.834074e-16
7626.529232 1.433529e-16
7631.024442 2.066991e-16
7635.519652 2.214030e-16
7640.014862 9.244646e-17
7644.510072 6.580905e-17
7649.005282 9.306471e-17
7653.500493 5.955492e-17
7657.995703 1.087784e-16
7662.490913 1.692160e-16
7666.986123 1.039503e-16
7671.481333 9.303277e-17
7675.976543 8.579004e-17
7680.471754 9.621693e-17
7684.966964 1.391946e-16
7689.462174 1.195310e-16
7693.957384 1.238927e-16
7698.452594 1.845451e-16
7702.947804 1.790224e-16
7707.443015 1.937503e-16
7711.938225 1.677806e-16
7716.433435 6.600163e-17
7720.928645 6.876395e-17
7725.423855 1.229827e-16
7729.919065 1.226281e-16
7734.414276 1.229804e-16
7738.909486 1.172574e-16
7743.404696 7.378544e-17
7747.899906 2.017746e-17
7752.395116 5.039330e-17
7756.890326 9.948996e-17
7761.385537 5.593823e-17
7765.880747 5.166013e-17
7770.375957 6.028285e-17
7774.871167 6.401236e-17
7779.366377 1.028127e-16
7783.861588 6.702889e-17
7788.356798 6.071966e-17
7792.852008 3.433718e-17
7797.347218 5.916604e-17
7801.842428 4.089334e-17
7806.337638 4.850041e-17
7810.832849 4.384768e-17
7815.328059 6.753496e-17
7819.823269 7.911554e-17
7824.318479 7.776846e-17
7828.813689 1.387194e-16
7833.308899 1.373220e-16
7837.804110 9.569175e-17
7842.299320 1.033177e-16
7846.794530 1.281438e-16
7851.289740 1.530753e-16
7855.784950 1.892358e-16
7860.280160 1.682898e-16
7864.775371 1.767287e-16
7869.270581 1.732512e-16
7873.765791 1.933704e-16
7878.261001 1.850822e-16
7882.756211 1.232824e-16
7887.251421 1.963301e-16
7891.746632 2.499036e-16
7896.241842 2.288043e-16
7900.737052 2.098706e-16
7905.232262 2.216877e-16
7909.727472 1.940573e-16
7914.222682 1.505636e-16
7918.717893 2.031591e-16
7923.213103 2.512494e-16
7927.708313 2.116463e-16
7932.203523 2.082060e-16
7936.698733 2.501233e-16
7941.193944 2.393729e-16
7945.689154 1.909842e-16
7950.184364 1.817450e-16
7954.679574 2.292072e-16
7959.174784 2.234346e-16
7963.669994 1.621791e-16
7968.165205 1.164858e-16
7972.660415 1.431249e-16
7977.155625 1.752076e-16
7981.650835 1.980182e-16
7986.146045 2.114804e-16
7990.641255 2.104464e-16
7995.136466 2.057036e-16
7999.631676 2.294964e-16
8004.126886 2.327648e-16
8008.622096 1.973936e-16
8013.117306 1.751274e-16
8017.612516 1.681544e-16
8022.107727 9.809972e-17
8026.602937 1.076790e-16
8031.098147 1.708012e-16
8035.593357 1.646300e-16
8040.088567 1.692135e-16
8044.583777 1.549448e-16
8049.078988 1.389009e-16
8053.574198 1.165488e-16
8058.069408 1.600884e-16
8062.564618 1.853474e-16
8067.059828 1.680366e-16
8071.555038 1.268569e-16
8076.050249 1.318421e-16
8080.545459 1.136088e-16
8085.040669 1.027955e-16
8089.535879 1.072959e-16
8094.031089 1.147038e-16
8098.526299 1.039539e-16
8103.021510 1.396257e-16
8107.516720 1.758033e-16
8112.011930 1.344660e-16
8116.507140 1.282255e-16
8121.002350 1.094257e-16
8125.497561 1.167118e-16
8129.992771 9.608578e-17
8134.487981 4.273763e-17
8138.983191 9.770389e-17
8143.478401 1.145585e-16
8147.973611 1.000256e-16
8152.468822 1.196525e-16
8156.964032 1.218288e-16
8161.459242 1.235885e-16
8165.954452 1.486361e-16
8170.449662 1.376830e-16
8174.944872 7.808307e-17
8179.440083 3.287447e-17
8183.935293 1.063595e-16
8188.430503 1.237214e-16
8192.925713 3.781019e-17
8197.420923 8.397155e-17
8201.916133 1.120644e-16
8206.411344 7.481098e-17
8210.906554 6.525554e-17
8215.401764 8.868268e-17
8219.896974 7.706332e-17
8224.392184 4.187484e-17
8228.887394 5.304575e-17
8233.382605 8.471978e-17
8237.877815 6.444250e-17
8242.373025 4.777969e-17
8246.868235 8.094026e-17
8251.363445 8.140606e-17
8255.858655 6.527180e-17
8260.353866 9.329772e-17
8264.849076 8.625513e-17
8269.344286 6.384166e-17
8273.839496 2.323240e-17
8278.334706 2.122468e-17
8282.829916 2.840208e-17
8287.325127 7.531798e-17
8291.820337 6.051105e-17
8296.315547 9.419447e-17
8300.810757 1.109067e-16
8305.305967 1.211686e-16
8309.801178 6.536406e-17
8314.296388 1.804884e-17
8318.791598 5.890724e-17
8323.286808 1.335165e-16
8327.782018 8.009047e-17
8332.277228 2.104724e-17
8336.772439 5.067829e-17
8341.267649 7.199281e-17
8345.762859 1.024130e-16
8350.258069 1.427378e-16
8354.753279 1.354141e-16
8359.248489 1.060560e-16
8363.743700 9.893574e-17
8368.238910 8.980189e-17
8372.734120 1.115990e-16
8377.229330 1.236021e-16
8381.724540 9.645534e-17
8386.219750 4.853257e-17
8390.714961 6.845647e-17
8395.210171 7.664276e-17
8399.705381 8.792502e-17
8404.200591 7.415207e-17
8408.695801 4.220885e-17
8413.191011 3.603448e-17
8417.686222 4.131867e-17
8422.181432 2.483586e-17
8426.676642 9.287569e-18
8431.171852 2.323509e-17
8435.667062 3.838003e-17
8440.162272 4.650430e-17
8444.657483 2.652634e-17
8462.638323 1.974361e-17
8467.133533 8.826069e-17
8471.628744 6.514670e-17
8485.114374 1.971875e-17
8489.609584 4.790115e-17
8494.104795 5.745841e-17
8516.580845 2.144428e-17
8521.076056 4.708610e-17
8525.571266 4.284602e-17
8530.066476 2.444509e-17
8534.561686 2.969632e-17
8539.056896 4.432833e-17
8543.552106 3.682074e-17
8548.047317 5.135772e-17
8552.542527 4.964878e-17
8557.037737 2.467627e-17
8561.532947 1.626199e-17
8566.028157 4.399016e-17
8570.523367 7.623158e-17
8575.018578 6.926615e-17
8579.513788 4.230235e-17
8584.008998 4.132250e-17
8588.504208 1.159161e-16
8592.999418 1.366934e-16
8597.494628 1.246914e-16
8601.989839 1.373090e-16
8606.485049 1.650455e-16
8610.980259 1.687522e-16
8615.475469 1.149884e-16
8619.970679 4.914977e-17
8624.465889 4.248645e-17
8628.961100 1.379866e-17
8633.456310 8.783978e-17
8637.951520 1.324437e-16
8642.446730 5.005080e-17
8646.941940 3.645985e-17
8651.437150 8.689526e-17
8655.932361 7.366200e-17
8660.427571 5.159804e-17
8664.922781 7.356854e-17
8669.417991 1.530777e-16
8673.913201 1.590337e-16
8678.408412 6.799178e-17
8682.903622 3.886728e-17
8687.398832 1.044852e-16
8691.894042 1.640064e-16
8696.389252 1.357076e-16
8700.884462 1.425893e-16
8705.379673 1.910343e-16
8709.874883 1.691901e-16
8714.370093 1.640452e-16
8718.865303 2.011638e-16
8723.360513 1.864539e-16
8727.855723 1.674797e-16
8732.350934 2.253430e-16
8736.846144 2.303691e-16
8741.341354 2.313068e-16
8745.836564 2.530425e-16
8750.331774 2.470725e-16
8754.826984 2.358083e-16
8759.322195 2.477189e-16
8763.817405 3.036655e-16
8768.312615 3.115057e-16
8772.807825 3.319406e-16
8777.303035 3.009627e-16
8781.798245 3.348730e-16
8786.293456 3.766148e-16
8790.788666 3.312809e-16
8795.283876 3.164388e-16
8799.779086 3.584625e-16
8804.274296 3.893263e-16
8808.769506 3.876527e-16
8813.264717 3.899636e-16
8817.759927 3.870799e-16
8822.255137 4.094615e-16
8826.750347 4.070658e-16
8831.245557 3.950291e-16
8858.216818 3.671938e-16
8862.712029 4.404364e-16
8867.207239 4.314941e-16
8871.702449 4.050558e-16
8876.197659 4.735961e-16
8880.692869 4.602759e-16
8885.188079 3.539453e-16
8889.683290 3.569935e-16
8894.178500 3.409080e-16
8898.673710 3.265695e-16
8903.168920 3.136627e-16
8907.664130 3.093893e-16
8912.159340 2.562410e-16
8916.654551 2.665973e-16
8921.149761 4.086028e-16
8925.644971 4.081632e-16
8930.140181 3.197397e-16
8934.635391 3.311112e-16
8939.130601 3.242984e-16
8943.625812 2.824148e-16
8948.121022 3.113001e-16
8952.616232 3.113013e-16
8957.111442 2.556760e-16
8961.606652 2.230285e-16
8966.101862 2.875360e-16
8970.597073 2.909073e-16
8975.092283 2.338916e-16
8979.587493 2.473428e-16
8984.082703 2.851310e-16
8988.577913 2.453964e-16
8993.073123 1.446099e-16
8997.568334 1.652690e-16
9002.063544 2.645023e-16
9006.558754 2.694317e-16
9011.053964 2.752032e-16
9015.549174 2.341020e-16
9020.044384 2.469748e-16
9024.539595 1.682055e-16
9029.034805 7.731348e-17
9033.530015 9.820413e-17
9038.025225 6.503121e-17
9042.520435 3.684407e-17
9047.015646 7.425810e-17
9051.510856 1.015033e-16
9056.006066 1.440493e-16
9060.501276 2.079261e-16
9064.996486 2.218861e-16
9069.491696 1.742450e-16
9073.986907 1.268665e-16
9078.482117 1.471928e-16
9082.977327 1.438690e-16
9087.472537 9.203907e-17
9091.967747 1.128846e-16
9096.462957 1.129018e-16
9100.958168 5.425951e-17
9105.453378 2.435273e-17
9109.948588 9.792467e-17
9114.443798 1.958738e-16
9118.939008 8.340273e-17
9127.929429 8.744565e-17
9132.424639 1.169200e-16
9136.919849 1.177402e-17
9141.415059 4.398115e-17
9145.910269 6.502081e-17
9150.405479 1.456880e-16
9154.900690 2.470485e-16
9159.395900 1.449027e-16
9163.891110 6.752703e-17
9168.386320 1.279083e-16
9172.881530 1.414076e-16
9177.376740 8.252005e-17
9181.871951 5.995473e-17
9186.367161 5.911522e-17
9190.862371 9.416850e-17
9195.357581 1.546923e-16
9199.852791 1.069947e-16
9204.348001 5.958874e-17
9208.843212 1.483578e-16
9213.338422 1.702226e-16
9217.833632 4.872294e-17
9222.328842 2.283473e-17
9226.824052 8.772715e-17
9231.319263 1.268563e-16
9235.814473 1.370230e-16
9240.309683 3.448741e-17
9249.300103 8.047501e-17
9253.795313 8.393420e-17
9258.290524 6.130323e-17
9262.785734 6.750148e-17
9267.280944 1.089549e-16
9271.776154 1.017707e-16
9276.271364 5.183353e-17
9280.766574 6.566320e-17
9285.261785 7.698266e-17
9289.756995 5.871180e-17
9294.252205 3.937639e-17
9298.747415 5.598777e-17
9303.242625 1.523817e-17
9316.728256 5.926693e-17
9321.223466 6.471957e-17
9325.718676 1.698123e-16
9330.213886 1.444703e-16
9334.709096 8.841266e-17
9352.689937 3.397726e-17
9370.670778 7.056316e-17
9375.165988 1.352860e-16
9379.661198 2.151880e-16
9384.156408 3.044632e-16
9388.651618 2.435911e-16
9393.146829 1.022561e-16
9397.642039 1.352988e-16
9402.137249 1.131825e-16
9406.632459 4.993246e-17
9411.127669 7.573347e-17
9424.613300 2.499747e-17
9433.603720 9.744175e-18
9438.098930 9.624883e-17
9442.594141 2.584638e-17
9447.089351 2.166374e-16
9451.584561 1.202170e-16
9460.574981 8.541167e-17
9465.070191 1.327245e-16
9469.565402 2.048003e-17
9474.060612 8.290860e-17
9478.555822 1.928967e-16
9483.051032 1.354967e-16
9487.546242 8.785229e-17
9492.041452 1.601132e-16
9496.536663 1.876884e-16
9501.031873 1.325875e-16
9510.022293 3.399768e-17
9514.517503 1.362187e-16
9519.012713 1.449043e-16
9523.507924 1.493972e-16
9528.003134 1.029521e-16
9532.498344 8.343962e-17
9536.993554 6.664252e-17
9541.488764 3.660232e-17
9545.983974 7.560664e-17
9550.479185 9.757703e-18
9554.974395 7.583305e-18
9559.469605 2.485561e-16
9563.964815 2.606760e-16
9568.460025 1.526347e-17
9581.945656 7.506200e-17
9586.440866 1.258260e-16
9590.936076 8.874742e-17
9595.431286 8.601810e-18
9608.916917 2.633332e-17
9613.412127 5.082358e-17
9622.402547 6.333226e-17
9626.897758 1.127356e-16
9631.392968 8.018483e-17
9644.878598 3.202211e-17
9649.373808 1.485459e-17
9653.869019 5.888746e-17
9658.364229 1.310363e-16
9662.859439 5.779179e-17
9667.354649 3.640575e-17
9680.840280 2.845579e-17
9689.830700 3.929396e-17
9694.325910 6.501015e-17
9698.821120 1.425347e-16
9703.316330 1.362719e-16
9707.811541 7.561787e-17
9712.306751 1.751414e-16
9716.801961 1.385528e-16
9721.297171 1.401395e-16
9725.792381 9.751840e-17
9734.782802 5.054118e-17
9739.278012 6.503268e-17
9743.773222 3.234600e-17
9748.268432 3.768734e-17
9752.763642 3.767807e-17
9757.258852 1.081463e-16
9761.754063 5.382817e-17
9766.249273 4.412971e-17
9770.744483 1.011619e-16
9775.239693 3.399184e-17
9779.734903 6.090977e-18
9788.725324 1.462159e-17
9793.220534 1.238348e-16
9797.715744 3.676913e-17
9802.210954 1.122420e-17
9806.706164 1.303255e-16
9811.201375 2.024465e-16
9815.696585 1.792998e-16
9820.191795 1.482042e-16
9824.687005 6.129956e-17
9833.677425 7.372378e-17
9838.172636 1.419620e-16
9842.667846 3.756112e-17
9847.163056 1.393329e-17
9851.658266 1.022228e-16
9856.153476 4.657621e-17
9860.648686 1.101765e-17
9865.143897 1.904108e-16
9869.639107 1.448833e-16
9883.124737 9.942476e-18
9892.115158 5.775065e-17
9896.610368 1.467395e-16
9901.105578 8.620952e-17
9905.600788 1.145174e-16
9910.095998 2.296103e-16
9914.591208 1.647767e-16
9919.086419 5.938257e-17
9937.067259 2.875585e-17
9950.552890 3.339957e-17
9955.048100 7.442318e-17
9964.038520 6.238060e-17
9968.533731 1.033548e-16
9982.019361 1.335588e-16
9986.514571 1.809510e-16
9991.009781 6.281876e-17
10000.000202 4.917038e-17
