3250.000000 1.458628e-14
3252.660194 1.851785e-14
3255.320388 1.755581e-14
3257.980582 1.260286e-14
3260.640777 1.311530e-14
3263.300971 1.678153e-14
3265.961165 1.535648e-14
3268.621359 1.181749e-14
3271.281553 1.124136e-14
3273.941747 1.122868e-14
3276.601942 1.151887e-14
3279.262136 1.324432e-14
3281.922330 1.269885e-14
3284.582524 1.366361e-14
3287.242718 1.543349e-14
3289.902912 1.519110e-14
3292.563107 1.463123e-14
3295.223301 1.351077e-14
3297.883495 1.310560e-14
3300.543689 1.402408e-14
3303.203883 1.519000e-14
3305.864077 1.527950e-14
3308.524271 1.469933e-14
3311.184466 1.422571e-14
3313.844660 1.399863e-14
3316.504854 1.496659e-14
3319.165048 1.564530e-14
3321.825242 1.530693e-14
3324.485436 1.553206e-14
3327.145631 1.535206e-14
3329.805825 1.474164e-14
3332.466019 1.544875e-14
3335.126213 1.702175e-14
3337.786407 1.682155e-14
3340.446601 1.486484e-14
3343.106796 1.410713e-14
3345.766990 1.463253e-14
3348.427184 1.634777e-14
3351.087378 1.655644e-14
3353.747572 1.581130e-14
3356.407766 1.524739e-14
3359.067961 1.488295e-14
3361.728155 1.476361e-14
3364.388349 1.522629e-14
3367.048543 1.622396e-14
3369.708737 1.659023e-14
3372.368931 1.658638e-14
3375.029125 1.644141e-14
3377.689320 1.675024e-14
3380.349514 1.732392e-14
3383.009708 1.655484e-14
3385.669902 1.632517e-14
3388.330096 1.783294e-14
3390.990290 1.850509e-14
3393.650485 1.765684e-14
3396.310679 1.727323e-14
3398.970873 1.751303e-14
3401.631067 1.763884e-14
3404.291261 1.749856e-14
3406.951455 1.822104e-14
3409.611650 1.898918e-14
3412.271844 1.943242e-14
3414.932038 2.025508e-14
3417.592232 2.085115e-14
3420.252426 2.075100e-14
3422.912620 2.076507e-14
3425.572814 2.161975e-14
3428.233009 2.245762e-14
3430.893203 2.320776e-14
3433.553397 2.411330e-14
3436.213591 2.435236e-14
3438.873785 2.464457e-14
3441.533979 2.545316e-14
3444.194174 2.605033e-14
3446.854368 2.656483e-14
3449.514562 2.723529e-14
3452.174756 2.794830e-14
3454.834950 2.851461e-14
3457.495144 2.888161e-14
3460.155339 2.942430e-14
3462.815533 2.976409e-14
3465.475727 2.943453e-14
3468.135921 2.875649e-14
3470.796115 2.836829e-14
3473.456309 2.825101e-14
3476.116503 2.785339e-14
3478.776698 2.770042e-14
3481.436892 2.755506e-14
3484.097086 2.643367e-14
3486.757280 2.548040e-14
3489.417474 2.530095e-14
3492.077668 2.515755e-14
3494.737863 2.458522e-14
3497.398057 2.360180e-14
3500.058251 2.313315e-14
3502.718445 2.302213e-14
3505.378639 2.273130e-14
3508.038833 2.256091e-14
3510.699028 2.258453e-14
3513.359222 2.278372e-14
3516.019416 2.302856e-14
3518.679610 2.300748e-14
3521.339804 2.283152e-14
3523.999998 2.252695e-14
3526.660192 2.237758e-14
3529.320387 2.250925e-14
3531.980581 2.226807e-14
3534.640775 2.188410e-14
3537.300969 2.203453e-14
3539.961163 2.200019e-14
3542.621357 2.140513e-14
3545.281552 2.098413e-14
3547.941746 2.086189e-14
3550.601940 2.076849e-14
3553.262134 2.076981e-14
3555.922328 2.091039e-14
3558.582522 2.098527e-14
3561.242717 2.088289e-14
3563.902911 2.073594e-14
3566.563105 2.066434e-14
3569.223299 2.062606e-14
3571.883493 2.048947e-14
3574.543687 2.043385e-14
3577.203882 2.043359e-14
3579.864076 2.026276e-14
3582.524270 1.983136e-14
3585.184464 1.957706e-14
3587.844658 1.957967e-14
3590.504852 1.929845e-14
3593.165046 1.909279e-14
3595.825241 1.921639e-14
3598.485435 1.903030e-14
3601.145629 1.892386e-14
3603.805823 1.903709e-14
3606.466017 1.904176e-14
3609.126211 1.897121e-14
3611.786406 1.901521e-14
3614.446600 1.925609e-14
3617.106794 1.933560e-14
3619.766988 1.892944e-14
3622.427182 1.859514e-14
3625.087376 1.854454e-14
3627.747571 1.835705e-14
3630.407765 1.792937e-14
3633.067959 1.748997e-14
3635.728153 1.728679e-14
3638.388347 1.702207e-14
3641.048541 1.669521e-14
3643.708735 1.646960e-14
3646.368930 1.609532e-14
3649.029124 1.547302e-14
3651.689318 1.503359e-14
3654.349512 1.490778e-14
3657.009706 1.483161e-14
3659.669900 1.486792e-14
3662.330095 1.502363e-14
3664.990289 1.494154e-14
3667.650483 1.479358e-14
3670.310677 1.489520e-14
3672.970871 1.503454e-14
3675.631065 1.533782e-14
3678.291260 1.571232e-14
3680.951454 1.606170e-14
3683.611648 1.658917e-14
3686.271842 1.726057e-14
3688.932036 1.817079e-14
3691.592230 1.922212e-14
3694.252424 2.003812e-14
3696.912619 2.078024e-14
3699.572813 2.165174e-14
3702.233007 2.240953e-14
3704.893201 2.320596e-14
3707.553395 2.400080e-14
3710.213589 2.459652e-14
3712.873784 2.512680e-14
3715.533978 2.564320e-14
3718.194172 2.609017e-14
3720.854366 2.650584e-14
3723.514560 2.690627e-14
3726.174754 2.743236e-14
3728.834949 2.790057e-14
3731.495143 2.807388e-14
3734.155337 2.830939e-14
3736.815531 2.838125e-14
3739.475725 2.820814e-14
3742.135919 2.803352e-14
3744.796113 2.792702e-14
3747.456308 2.799184e-14
3750.116502 2.782722e-14
3752.776696 2.740965e-14
3755.436890 2.706784e-14
3758.097084 2.691849e-14
3760.757278 2.692814e-14
3763.417473 2.690142e-14
3766.077667 2.682493e-14
3768.737861 2.653050e-14
3771.398055 2.578772e-14
3774.058249 2.490687e-14
3776.718443 2.402867e-14
3779.378638 2.295325e-14
3782.038832 2.186444e-14
3784.699026 2.092936e-14
3787.359220 2.000048e-14
3790.019414 1.903170e-14
3792.679608 1.801711e-14
3795.339803 1.708014e-14
3797.999997 1.620630e-14
3800.660191 1.537126e-14
3803.320385 1.462940e-14
3805.980579 1.386595e-14
3808.640773 1.314171e-14
3811.300967 1.246185e-14
3813.961162 1.176778e-14
3816.621356 1.117067e-14
3819.281550 1.075036e-14
3821.941744 1.025388e-14
3824.601938 9.784768e-15
3827.262132 9.468866e-15
3829.922327 9.203167e-15
3832.582521 9.030612e-15
3835.242715 8.828607e-15
3837.902909 8.740202e-15
3840.563103 8.668303e-15
3843.223297 8.594455e-15
3845.883492 8.660078e-15
3848.543686 8.854203e-15
3851.203880 9.077999e-15
3853.864074 9.198516e-15
3856.524268 9.419056e-15
3859.184462 9.752932e-15
3861.844656 1.010729e-14
3864.504851 1.049200e-14
3867.165045 1.089237e-14
3869.825239 1.121767e-14
3872.485433 1.160612e-14
3875.145627 1.223232e-14
3877.805821 1.289630e-14
3880.466016 1.357896e-14
3883.126210 1.433341e-14
3885.786404 1.512107e-14
3888.446598 1.602365e-14
3891.106792 1.708409e-14
3893.766986 1.823008e-14
3896.427181 1.928556e-14
3899.087375 2.039007e-14
3901.747569 2.164639e-14
3904.407763 2.283583e-14
3907.067957 2.394227e-14
3909.728151 2.491528e-14
3912.388345 2.583070e-14
3915.048540 2.685619e-14
3917.708734 2.763280e-14
3920.368928 2.816260e-14
3923.029122 2.854549e-14
3925.689316 2.873709e-14
3928.349510 2.905159e-14
3931.009705 2.958585e-14
3933.669899 3.023197e-14
3936.330093 3.092404e-14
3938.990287 3.105563e-14
3941.650481 3.103761e-14
3944.310675 3.129026e-14
3946.970870 3.180469e-14
3949.631064 3.219713e-14
3965.592229 3.150645e-14
3968.252423 3.179033e-14
3970.912617 3.186179e-14
3973.572811 3.158189e-14
3976.233005 3.125827e-14
3978.893199 3.097626e-14
3981.553394 3.093732e-14
3984.213588 3.077439e-14
3986.873782 3.025072e-14
3989.533976 2.958687e-14
3992.194170 2.895861e-14
3994.854364 2.853479e-14
3997.514559 2.818521e-14
4000.174753 2.766782e-14
4002.834947 2.697994e-14
4005.495141 2.627137e-14
4008.155335 2.576987e-14
4010.815529 2.534620e-14
4013.475724 2.483031e-14
4016.135918 2.451036e-14
4018.796112 2.452437e-14
4021.456306 2.458322e-14
4024.116500 2.445807e-14
4026.776694 2.451169e-14
4029.436888 2.472595e-14
4032.097083 2.477690e-14
4034.757277 2.490438e-14
4037.417471 2.513402e-14
4040.077665 2.530024e-14
4042.737859 2.552660e-14
4045.398053 2.568544e-14
4048.058248 2.578081e-14
4050.718442 2.579248e-14
4053.378636 2.570459e-14
4056.038830 2.566248e-14
4058.699024 2.559286e-14
4061.359218 2.541243e-14
4064.019413 2.537814e-14
4066.679607 2.531918e-14
4069.339801 2.504127e-14
4071.999995 2.482457e-14
4074.660189 2.460945e-14
4077.320383 2.421092e-14
4079.980577 2.378516e-14
4082.640772 2.346427e-14
4085.300966 2.319256e-14
4087.961160 2.296866e-14
4090.621354 2.269835e-14
4093.281548 2.252590e-14
4095.941742 2.252197e-14
4098.601937 2.238664e-14
4101.262131 2.226667e-14
4103.922325 2.237734e-14
4106.582519 2.247215e-14
4109.242713 2.247160e-14
4111.902907 2.259969e-14
4114.563102 2.269472e-14
4117.223296 2.244613e-14
4119.883490 2.223481e-14
4122.543684 2.220858e-14
4125.203878 2.201843e-14
4127.864072 2.172951e-14
4130.524266 2.142208e-14
4133.184461 2.117013e-14
4135.844655 2.091112e-14
4138.504849 2.062319e-14
4141.165043 2.028377e-14
4143.825237 1.994025e-14
4146.485431 1.975509e-14
4149.145626 1.957692e-14
4151.805820 1.930929e-14
4154.466014 1.894682e-14
4157.126208 1.889086e-14
4159.786402 1.901519e-14
4162.446596 1.896940e-14
4165.106791 1.895434e-14
4167.766985 1.889926e-14
4170.427179 1.887936e-14
4173.087373 1.877179e-14
4175.747567 1.860588e-14
4178.407761 1.836541e-14
4181.067955 1.809914e-14
4183.728150 1.792804e-14
4186.388344 1.770592e-14
4189.048538 1.735941e-14
4191.708732 1.699869e-14
4194.368926 1.670288e-14
4197.029120 1.634102e-14
4199.689315 1.605689e-14
4202.349509 1.587485e-14
4205.009703 1.564284e-14
4207.669897 1.538062e-14
4210.330091 1.513823e-14
4212.990285 1.494936e-14
4215.650480 1.487543e-14
4218.310674 1.484743e-14
4220.970868 1.476156e-14
4223.631062 1.467064e-14
4226.291256 1.460100e-14
4228.951450 1.451015e-14
4231.611645 1.442627e-14
4234.271839 1.437583e-14
4236.932033 1.434785e-14
4239.592227 1.430625e-14
4242.252421 1.424759e-14
4244.912615 1.426552e-14
4247.572809 1.438353e-14
4250.233004 1.457733e-14
4252.893198 1.486102e-14
4255.553392 1.510864e-14
4258.213586 1.537684e-14
4260.873780 1.573998e-14
4263.533974 1.608827e-14
4266.194169 1.648400e-14
4268.854363 1.682989e-14
4271.514557 1.721911e-14
4274.174751 1.755875e-14
4276.834945 1.776426e-14
4279.495139 1.797515e-14
4282.155334 1.824922e-14
4284.815528 1.842066e-14
4287.475722 1.864504e-14
4290.135916 1.883834e-14
4292.796110 1.893815e-14
4295.456304 1.905559e-14
4298.116498 1.914942e-14
4300.776693 1.919830e-14
4303.436887 1.927017e-14
4306.097081 1.943060e-14
4308.757275 1.959620e-14
4311.417469 1.968373e-14
4314.077663 1.974122e-14
4316.737858 1.990183e-14
4319.398052 2.006087e-14
4322.058246 2.020532e-14
4324.718440 2.031165e-14
4327.378634 2.033254e-14
4330.038828 2.036067e-14
4332.699023 2.044371e-14
4335.359217 2.046438e-14
4338.019411 2.045256e-14
4340.679605 2.056436e-14
4343.339799 2.071910e-14
4345.999993 2.067795e-14
4348.660187 2.053012e-14
4351.320382 2.045719e-14
4353.980576 2.036243e-14
4356.640770 2.029111e-14
4359.300964 2.022047e-14
4361.961158 2.020793e-14
4364.621352 2.021826e-14
4367.281547 2.011816e-14
4369.941741 1.996638e-14
4372.601935 1.985292e-14
4375.262129 1.959558e-14
4377.922323 1.935452e-14
4380.582517 1.920188e-14
4383.242712 1.894180e-14
4385.902906 1.862940e-14
4388.563100 1.838862e-14
4391.223294 1.807347e-14
4393.883488 1.778847e-14
4396.543682 1.750915e-14
4399.203876 1.709982e-14
4401.864071 1.675342e-14
4404.524265 1.659152e-14
4407.184459 1.636444e-14
4409.844653 1.603561e-14
4412.504847 1.570774e-14
4415.165041 1.549131e-14
4417.825236 1.529735e-14
4420.485430 1.502704e-14
4423.145624 1.476530e-14
4425.805818 1.451271e-14
4428.466012 1.430947e-14
4431.126206 1.412139e-14
4433.786401 1.395866e-14
4436.446595 1.386240e-14
4439.106789 1.379032e-14
4441.766983 1.367934e-14
4444.427177 1.357498e-14
4447.087371 1.352807e-14
4449.747566 1.351039e-14
4452.407760 1.349269e-14
4455.067954 1.344565e-14
4457.728148 1.339451e-14
4460.388342 1.344887e-14
4463.048536 1.350982e-14
4465.708730 1.348542e-14
4468.368925 1.358321e-14
4471.029119 1.376680e-14
4473.689313 1.389005e-14
4476.349507 1.399272e-14
4479.009701 1.420209e-14
4481.669895 1.446166e-14
4484.330090 1.467835e-14
4486.990284 1.489149e-14
4489.650478 1.513833e-14
4492.310672 1.538397e-14
4494.970866 1.570512e-14
4497.631060 1.608852e-14
4500.291255 1.641513e-14
4502.951449 1.674015e-14
4505.611643 1.715561e-14
4508.271837 1.762773e-14
4510.932031 1.804242e-14
4513.592225 1.832510e-14
4516.252419 1.861032e-14
4518.912614 1.890121e-14
4521.572808 1.909536e-14
4524.233002 1.924576e-14
4526.893196 1.942159e-14
4529.553390 1.957094e-14
4532.213584 1.968095e-14
4534.873779 1.984382e-14
4537.533973 2.006699e-14
4540.194167 2.023927e-14
4542.854361 2.041910e-14
4545.514555 2.064098e-14
4548.174749 2.089811e-14
4550.834944 2.108718e-14
4553.495138 2.123050e-14
4556.155332 2.139124e-14
4558.815526 2.156878e-14
4561.475720 2.168457e-14
4564.135914 2.176067e-14
4566.796108 2.191925e-14
4569.456303 2.207552e-14
4572.116497 2.213915e-14
4574.776691 2.216192e-14
4577.436885 2.213982e-14
4580.097079 2.209743e-14
4582.757273 2.218616e-14
4585.417468 2.233585e-14
4588.077662 2.236572e-14
4590.737856 2.227354e-14
4593.398050 2.212718e-14
4596.058244 2.201859e-14
4598.718438 2.193891e-14
4601.378633 2.191048e-14
4604.038827 2.188161e-14
4606.699021 2.173765e-14
4609.359215 2.160450e-14
4612.019409 2.147389e-14
4614.679603 2.126481e-14
4617.339797 2.098422e-14
4619.999992 2.072717e-14
4622.660186 2.055311e-14
4625.320380 2.032053e-14
4627.980574 2.004880e-14
4630.640768 1.990021e-14
4633.300962 1.973546e-14
4635.961157 1.949746e-14
4638.621351 1.930896e-14
4641.281545 1.910729e-14
4643.941739 1.889120e-14
4646.601933 1.875725e-14
4649.262127 1.861213e-14
4651.922322 1.838586e-14
4654.582516 1.818524e-14
4657.242710 1.809846e-14
4659.902904 1.806504e-14
4662.563098 1.795899e-14
4665.223292 1.774928e-14
4667.883487 1.757854e-14
4670.543681 1.739519e-14
4673.203875 1.709997e-14
4675.864069 1.685681e-14
4678.524263 1.669217e-14
4681.184457 1.645451e-14
4683.844651 1.623816e-14
4686.504846 1.610620e-14
4689.165040 1.595563e-14
4691.825234 1.576865e-14
4694.485428 1.549323e-14
4697.145622 1.518855e-14
4699.805816 1.492375e-14
4702.466011 1.469275e-14
4705.126205 1.449068e-14
4707.786399 1.423744e-14
4710.446593 1.387512e-14
4713.106787 1.352873e-14
4715.766981 1.329022e-14
4718.427176 1.296511e-14
4721.087370 1.262416e-14
4723.747564 1.238064e-14
4726.407758 1.215913e-14
4729.067952 1.191748e-14
4731.728146 1.163122e-14
4734.388340 1.140650e-14
4737.048535 1.120726e-14
4739.708729 1.099391e-14
4742.368923 1.085809e-14
4745.029117 1.076592e-14
4747.689311 1.073579e-14
4750.349505 1.081966e-14
4753.009700 1.091169e-14
4755.669894 1.106920e-14
4758.330088 1.132161e-14
4760.990282 1.164153e-14
4763.650476 1.199203e-14
4766.310670 1.241210e-14
4768.970865 1.287708e-14
4771.631059 1.336189e-14
4774.291253 1.385627e-14
4776.951447 1.432117e-14
4779.611641 1.473369e-14
4782.271835 1.517295e-14
4784.932029 1.562146e-14
4787.592224 1.591068e-14
4790.252418 1.613446e-14
4792.912612 1.643429e-14
4795.572806 1.670633e-14
4798.233000 1.685640e-14
4800.893194 1.691771e-14
4803.553389 1.701329e-14
4806.213583 1.709689e-14
4808.873777 1.705627e-14
4811.533971 1.705507e-14
4814.194165 1.714072e-14
4816.854359 1.714129e-14
4819.514554 1.713325e-14
4822.174748 1.725023e-14
4824.834942 1.741463e-14
4827.495136 1.753856e-14
4830.155330 1.765164e-14
4832.815524 1.780453e-14
4835.475718 1.808035e-14
4838.135913 1.838565e-14
4840.796107 1.855823e-14
4843.456301 1.875186e-14
4846.116495 1.903177e-14
4848.776689 1.927654e-14
4851.436883 1.948319e-14
4854.097078 1.967014e-14
4856.757272 1.976908e-14
4859.417466 1.985216e-14
4862.077660 1.995114e-14
4864.737854 2.003508e-14
4867.398048 2.002180e-14
4870.058243 1.990929e-14
4872.718437 1.978136e-14
4875.378631 1.968808e-14
4878.038825 1.956744e-14
4880.699019 1.938458e-14
4883.359213 1.918634e-14
4886.019408 1.895286e-14
4888.679602 1.866897e-14
4891.339796 1.840266e-14
4893.999990 1.812237e-14
4896.660184 1.778058e-14
4899.320378 1.748588e-14
4901.980572 1.726784e-14
4904.640767 1.702507e-14
4907.300961 1.677070e-14
4909.961155 1.658337e-14
4912.621349 1.645131e-14
4915.281543 1.633554e-14
4917.941737 1.626447e-14
4920.601932 1.626310e-14
4923.262126 1.631068e-14
4925.922320 1.638526e-14
4928.582514 1.649326e-14
4931.242708 1.668230e-14
4933.902902 1.690469e-14
4936.563097 1.715458e-14
4939.223291 1.740276e-14
4941.883485 1.760031e-14
4944.543679 1.774307e-14
4947.203873 1.790206e-14
4949.864067 1.807581e-14
4952.524261 1.822960e-14
4955.184456 1.837761e-14
4957.844650 1.848616e-14
4960.504844 1.857616e-14
4963.165038 1.865261e-14
4965.825232 1.872049e-14
4968.485426 1.885972e-14
4971.145621 1.897871e-14
4973.805815 1.908844e-14
4976.466009 1.913884e-14
4979.126203 1.918779e-14
4981.786397 1.925936e-14
4984.446591 1.923448e-14
4987.106786 1.917534e-14
4989.766980 1.915257e-14
4992.427174 1.910729e-14
4995.087368 1.900831e-14
4997.747562 1.892333e-14
5000.407756 1.875718e-14
5003.067950 1.859308e-14
5005.728145 1.847494e-14
5008.388339 1.833757e-14
5011.048533 1.813320e-14
5013.708727 1.791667e-14
5016.368921 1.776016e-14
5019.029115 1.753742e-14
5021.689310 1.722752e-14
5024.349504 1.688278e-14
5027.009698 1.650130e-14
5029.669892 1.620445e-14
5032.330086 1.597658e-14
5034.990280 1.568072e-14
5037.650475 1.531690e-14
5040.310669 1.495996e-14
5042.970863 1.465836e-14
5045.631057 1.433783e-14
5048.291251 1.399964e-14
5050.951445 1.376059e-14
5053.611639 1.356741e-14
5056.271834 1.338504e-14
5058.932028 1.318079e-14
5061.592222 1.302702e-14
5064.252416 1.295444e-14
5066.912610 1.297123e-14
5069.572804 1.301415e-14
5072.232999 1.306074e-14
5074.893193 1.312832e-14
5077.553387 1.321921e-14
5080.213581 1.338052e-14
5082.873775 1.357520e-14
5085.533969 1.379586e-14
5088.194164 1.397623e-14
5090.854358 1.413198e-14
5093.514552 1.434976e-14
5096.174746 1.453738e-14
5098.834940 1.469297e-14
5101.495134 1.485396e-14
5104.155329 1.507321e-14
5106.815523 1.532659e-14
5109.475717 1.544786e-14
5112.135911 1.558007e-14
5114.796105 1.576090e-14
5117.456299 1.588735e-14
5120.116493 1.601276e-14
5122.776688 1.614129e-14
5125.436882 1.622009e-14
5128.097076 1.629559e-14
5130.757270 1.637039e-14
5133.417464 1.640553e-14
5136.077658 1.653861e-14
5138.737853 1.676264e-14
5141.398047 1.684607e-14
5144.058241 1.685049e-14
5146.718435 1.691909e-14
5149.378629 1.697295e-14
5152.038823 1.699639e-14
5154.699018 1.703882e-14
5157.359212 1.704478e-14
5160.019406 1.701079e-14
5162.679600 1.705563e-14
5165.339794 1.708464e-14
5167.999988 1.703492e-14
5170.660182 1.702702e-14
5173.320377 1.708990e-14
5175.980571 1.707917e-14
5178.640765 1.702218e-14
5181.300959 1.698411e-14
5183.961153 1.703474e-14
5186.621347 1.703967e-14
5189.281542 1.702632e-14
5191.941736 1.702463e-14
5194.601930 1.697453e-14
5197.262124 1.690236e-14
5199.922318 1.691439e-14
5202.582512 1.689770e-14
5205.242707 1.687352e-14
5207.902901 1.690391e-14
5210.563095 1.696956e-14
5213.223289 1.696523e-14
5215.883483 1.695075e-14
5218.543677 1.695878e-14
5221.203871 1.703870e-14
5223.864066 1.726725e-14
5226.524260 1.745198e-14
5229.184454 1.744751e-14
5231.844648 1.748643e-14
5234.504842 1.765165e-14
5237.165036 1.777269e-14
5239.825231 1.786212e-14
5242.485425 1.796278e-14
5245.145619 1.806101e-14
5247.805813 1.815597e-14
5250.466007 1.815198e-14
5253.126201 1.811408e-14
5255.786396 1.821604e-14
5258.446590 1.836363e-14
5261.106784 1.839316e-14
5263.766978 1.837179e-14
5266.427172 1.844788e-14
5269.087366 1.854243e-14
5271.747561 1.860381e-14
5274.407755 1.868402e-14
5277.067949 1.870620e-14
5279.728143 1.874560e-14
5282.388337 1.882800e-14
5285.048531 1.886921e-14
5287.708725 1.888791e-14
5290.368920 1.886905e-14
5293.029114 1.886192e-14
5295.689308 1.886343e-14
5298.349502 1.883678e-14
5301.009696 1.880473e-14
5303.669890 1.879770e-14
5306.330085 1.878603e-14
5308.990279 1.873334e-14
5311.650473 1.867442e-14
5314.310667 1.864327e-14
5316.970861 1.861874e-14
5319.631055 1.850616e-14
5322.291250 1.842126e-14
5324.951444 1.836259e-14
5327.611638 1.832490e-14
5330.271832 1.831030e-14
5332.932026 1.823424e-14
5335.592220 1.812553e-14
5338.252414 1.803878e-14
5340.912609 1.807151e-14
5343.572803 1.811082e-14
5346.232997 1.804211e-14
5348.893191 1.796347e-14
5351.553385 1.790428e-14
5354.213579 1.781430e-14
5356.873774 1.772851e-14
5359.533968 1.767346e-14
5362.194162 1.764177e-14
5364.854356 1.756773e-14
5367.514550 1.746311e-14
5370.174744 1.739756e-14
5372.834939 1.727477e-14
5375.495133 1.717666e-14
5378.155327 1.718506e-14
5380.815521 1.711823e-14
5383.475715 1.697955e-14
5386.135909 1.684483e-14
5388.796103 1.669488e-14
5391.456298 1.663270e-14
5394.116492 1.660011e-14
5396.776686 1.653135e-14
5399.436880 1.647982e-14
5402.097074 1.640798e-14
5404.757268 1.632950e-14
5407.417463 1.626737e-14
5410.077657 1.620184e-14
5412.737851 1.611134e-14
5415.398045 1.600383e-14
5418.058239 1.593475e-14
5420.718433 1.595133e-14
5423.378628 1.600958e-14
5426.038822 1.595697e-14
5428.699016 1.581034e-14
5431.359210 1.574808e-14
5434.019404 1.577901e-14
5436.679598 1.581044e-14
5439.339792 1.578040e-14
5441.999987 1.570032e-14
5444.660181 1.568638e-14
5447.320375 1.573773e-14
5449.980569 1.574126e-14
5452.640763 1.568976e-14
5455.300957 1.568302e-14
5457.961152 1.569397e-14
5460.621346 1.565305e-14
5463.281540 1.567036e-14
5465.941734 1.573756e-14
5468.601928 1.574003e-14
5471.262122 1.571994e-14
5473.922317 1.573993e-14
5476.582511 1.577552e-14
5479.242705 1.579039e-14
5481.902899 1.573265e-14
5484.563093 1.563711e-14
5487.223287 1.558763e-14
5489.883482 1.554124e-14
5492.543676 1.555309e-14
5495.203870 1.561431e-14
5497.864064 1.558088e-14
5500.524258 1.552150e-14
5503.184452 1.549261e-14
5505.844646 1.542715e-14
5508.504841 1.531739e-14
5511.165035 1.527214e-14
5513.825229 1.532540e-14
5516.485423 1.527684e-14
5519.145617 1.520379e-14
5521.805811 1.516351e-14
5524.466006 1.511626e-14
5527.126200 1.509329e-14
5529.786394 1.509439e-14
5532.446588 1.505974e-14
5535.106782 1.495229e-14
5537.766976 1.489844e-14
5540.427171 1.486463e-14
5543.087365 1.483811e-14
5545.747559 1.489288e-14
5548.407753 1.484918e-14
5551.067947 1.479311e-14
5553.728141 1.473742e-14
5556.388335 1.465293e-14
5559.048530 1.457013e-14
5561.708724 1.454466e-14
5564.368918 1.458139e-14
5567.029112 1.457877e-14
5569.689306 1.448371e-14
5572.349500 1.439631e-14
5575.009695 1.432881e-14
5577.669889 1.429862e-14
5580.330083 1.427723e-14
5582.990277 1.416254e-14
5585.650471 1.410358e-14
5588.310665 1.413570e-14
5590.970860 1.409743e-14
5593.631054 1.395857e-14
5596.291248 1.385392e-14
5598.951442 1.387077e-14
5601.611636 1.391259e-14
5604.271830 1.389799e-14
5606.932024 1.375127e-14
5609.592219 1.365605e-14
5612.252413 1.361512e-14
5614.912607 1.359443e-14
5617.572801 1.365222e-14
5620.232995 1.369767e-14
5622.893189 1.360359e-14
5625.553384 1.354588e-14
5628.213578 1.349599e-14
5630.873772 1.340866e-14
5633.533966 1.337136e-14
5636.194160 1.336225e-14
5638.854354 1.335467e-14
5641.514549 1.336987e-14
5644.174743 1.334362e-14
5646.834937 1.333738e-14
5649.495131 1.337997e-14
5652.155325 1.338297e-14
5654.815519 1.334970e-14
5657.475713 1.333671e-14
5660.135908 1.333619e-14
5662.796102 1.333947e-14
5665.456296 1.331320e-14
5668.116490 1.324631e-14
5670.776684 1.326498e-14
5673.436878 1.334640e-14
5676.097073 1.331881e-14
5678.757267 1.325176e-14
5681.417461 1.323208e-14
5684.077655 1.322179e-14
5686.737849 1.320861e-14
5689.398043 1.316831e-14
5692.058238 1.313916e-14
5694.718432 1.316678e-14
5697.378626 1.317660e-14
5700.038820 1.312610e-14
5702.699014 1.309713e-14
5705.359208 1.311575e-14
5708.019403 1.311246e-14
5710.679597 1.309883e-14
5713.339791 1.311369e-14
5715.999985 1.311244e-14
5718.660179 1.307029e-14
5721.320373 1.300890e-14
5723.980567 1.294725e-14
5726.640762 1.290784e-14
5729.300956 1.289886e-14
5731.961150 1.293487e-14
5734.621344 1.294709e-14
5737.281538 1.292173e-14
5739.941732 1.291558e-14
5742.601927 1.286537e-14
5745.262121 1.280234e-14
5747.922315 1.271582e-14
5750.582509 1.267982e-14
5753.242703 1.272454e-14
5755.902897 1.273781e-14
5758.563092 1.271210e-14
5761.223286 1.269892e-14
5763.883480 1.266599e-14
5766.543674 1.259493e-14
5769.203868 1.254023e-14
5771.864062 1.253350e-14
5774.524256 1.258085e-14
5777.184451 1.260851e-14
5779.844645 1.253800e-14
5782.504839 1.246618e-14
5785.165033 1.247381e-14
5787.825227 1.253024e-14
5790.485421 1.264546e-14
5793.145616 1.272557e-14
5795.805810 1.271549e-14
5798.466004 1.273519e-14
5801.126198 1.280694e-14
5803.786392 1.285110e-14
5806.446586 1.288593e-14
5809.106781 1.290248e-14
5811.766975 1.291255e-14
5814.427169 1.296673e-14
5817.087363 1.301128e-14
5819.747557 1.302798e-14
5822.407751 1.308390e-14
5825.067945 1.316887e-14
5827.728140 1.320981e-14
5830.388334 1.321090e-14
5833.048528 1.322402e-14
5835.708722 1.324109e-14
5838.368916 1.321912e-14
5841.029110 1.320480e-14
5843.689305 1.323410e-14
5846.349499 1.326528e-14
5849.009693 1.325827e-14
5851.669887 1.322939e-14
5854.330081 1.324789e-14
5856.990275 1.329620e-14
5859.650470 1.329708e-14
5862.310664 1.327908e-14
5864.970858 1.331289e-14
5867.631052 1.335593e-14
5870.291246 1.334599e-14
5872.951440 1.333827e-14
5875.611634 1.335340e-14
5878.271829 1.337647e-14
5880.932023 1.339752e-14
5883.592217 1.332738e-14
5886.252411 1.323306e-14
5888.912605 1.323489e-14
5891.572799 1.323975e-14
5894.232994 1.322183e-14
5896.893188 1.319483e-14
5899.553382 1.319841e-14
5902.213576 1.317905e-14
5904.873770 1.299912e-14
5907.533964 1.283058e-14
5910.194159 1.287658e-14
5912.854353 1.297588e-14
5915.514547 1.302618e-14
5918.174741 1.316044e-14
5920.834935 1.327850e-14
5923.495129 1.331086e-14
5926.155324 1.335414e-14
5928.815518 1.334428e-14
5931.475712 1.334111e-14
5934.135906 1.340410e-14
5936.796100 1.339931e-14
5939.456294 1.333520e-14
5942.116488 1.328578e-14
5944.776683 1.325849e-14
5947.436877 1.325182e-14
5950.097071 1.326603e-14
5952.757265 1.324970e-14
5955.417459 1.322554e-14
5958.077653 1.319962e-14
5960.737848 1.324527e-14
5963.398042 1.327455e-14
5966.058236 1.322453e-14
5968.718430 1.309691e-14
5971.378624 1.304234e-14
5974.038818 1.306783e-14
5976.699013 1.309587e-14
5979.359207 1.313967e-14
5982.019401 1.318253e-14
5984.679595 1.317042e-14
5987.339789 1.313241e-14
5989.999983 1.305736e-14
5992.660177 1.302112e-14
5995.320372 1.307889e-14
5997.980566 1.312493e-14
6000.640760 1.311381e-14
6003.300954 1.310948e-14
6005.961148 1.310265e-14
6008.621342 1.307271e-14
6011.281537 1.303923e-14
6013.941731 1.302226e-14
6016.601925 1.298755e-14
6019.262119 1.296350e-14
6021.922313 1.298910e-14
6024.582507 1.299505e-14
6027.242702 1.298066e-14
6029.902896 1.300396e-14
6032.563090 1.303504e-14
6035.223284 1.302138e-14
6037.883478 1.299865e-14
6040.543672 1.301539e-14
6043.203866 1.305000e-14
6045.864061 1.306696e-14
6048.524255 1.308169e-14
6051.184449 1.311796e-14
6053.844643 1.317377e-14
6056.504837 1.319216e-14
6059.165031 1.320137e-14
6061.825226 1.321183e-14
6064.485420 1.324635e-14
6067.145614 1.323928e-14
6069.805808 1.323264e-14
6072.466002 1.324673e-14
6075.126196 1.324949e-14
6077.786391 1.324047e-14
6080.446585 1.321943e-14
6083.106779 1.319602e-14
6085.766973 1.320258e-14
6088.427167 1.320900e-14
6091.087361 1.318155e-14
6093.747555 1.316507e-14
6096.407750 1.314341e-14
6099.067944 1.312138e-14
6101.728138 1.312100e-14
6104.388332 1.307902e-14
6107.048526 1.303262e-14
6109.708720 1.300868e-14
6112.368915 1.299509e-14
6115.029109 1.299353e-14
6117.689303 1.298228e-14
6120.349497 1.294942e-14
6123.009691 1.295496e-14
6125.669885 1.298098e-14
6128.330080 1.301625e-14
6130.990274 1.306423e-14
6133.650468 1.310807e-14
6136.310662 1.311551e-14
6138.970856 1.312541e-14
6141.631050 1.317020e-14
6144.291245 1.322437e-14
6146.951439 1.325548e-14
6149.611633 1.327128e-14
6152.271827 1.330728e-14
6154.932021 1.334684e-14
6157.592215 1.338369e-14
6160.252409 1.338697e-14
6162.912604 1.337523e-14
6165.572798 1.337636e-14
6168.232992 1.339192e-14
6170.893186 1.342729e-14
6173.553380 1.341466e-14
6176.213574 1.337926e-14
6178.873769 1.338079e-14
6181.533963 1.334918e-14
6184.194157 1.329066e-14
6186.854351 1.330558e-14
6189.514545 1.333076e-14
6192.174739 1.328785e-14
6194.834934 1.321930e-14
6197.495128 1.318490e-14
6200.155322 1.314880e-14
6202.815516 1.306305e-14
6205.475710 1.296891e-14
6208.135904 1.289023e-14
6210.796098 1.280705e-14
6213.456293 1.269703e-14
6216.116487 1.254949e-14
6218.776681 1.245220e-14
6221.436875 1.237385e-14
6224.097069 1.227744e-14
6226.757263 1.214190e-14
6229.417458 1.198048e-14
6232.077652 1.184277e-14
6234.737846 1.173338e-14
6237.398040 1.159713e-14
6240.058234 1.141108e-14
6242.718428 1.125181e-14
6245.378623 1.113309e-14
6248.038817 1.100436e-14
6250.699011 1.088990e-14
6253.359205 1.081365e-14
6256.019399 1.074558e-14
6258.679593 1.068681e-14
6261.339787 1.061830e-14
6263.999982 1.051011e-14
6266.660176 1.039492e-14
6269.320370 1.030847e-14
6271.980564 1.022787e-14
6274.640758 1.011099e-14
6277.300952 1.000216e-14
6279.961147 9.940245e-15
6282.621341 9.881335e-15
6285.281535 9.766248e-15
6287.941729 9.648867e-15
6290.601923 9.635877e-15
6293.262117 9.630453e-15
6295.922312 9.571378e-15
6298.582506 9.499696e-15
6301.242700 9.401948e-15
6303.902894 9.305423e-15
6306.563088 9.204454e-15
6309.223282 9.061772e-15
6311.883476 8.947288e-15
6314.543671 8.857746e-15
6317.203865 8.784112e-15
6319.864059 8.707590e-15
6322.524253 8.628342e-15
6325.184447 8.561838e-15
6327.844641 8.480854e-15
6330.504836 8.386696e-15
6333.165030 8.334591e-15
6335.825224 8.268741e-15
6338.485418 8.164432e-15
6341.145612 8.090876e-15
6343.805806 8.051131e-15
6346.466001 7.979304e-15
6349.126195 7.891698e-15
6351.786389 7.834465e-15
6354.446583 7.782320e-15
6357.106777 7.708742e-15
6359.766971 7.640363e-15
6362.427166 7.575750e-15
6365.087360 7.510890e-15
6367.747554 7.434844e-15
6370.407748 7.391905e-15
6373.067942 7.385118e-15
6375.728136 7.368167e-15
6378.388330 7.336988e-15
6381.048525 7.309722e-15
6383.708719 7.310353e-15
6386.368913 7.344830e-15
6389.029107 7.389852e-15
6391.689301 7.469326e-15
6394.349495 7.590888e-15
6397.009690 7.715636e-15
6399.669884 7.868997e-15
6402.330078 8.028118e-15
6404.990272 8.202444e-15
6407.650466 8.445341e-15
6410.310660 8.732049e-15
6412.970855 9.052451e-15
6415.631049 9.434499e-15
6418.291243 9.828313e-15
6420.951437 1.022776e-14
6423.611631 1.071386e-14
6426.271825 1.122248e-14
6428.932019 1.169705e-14
6431.592214 1.222824e-14
6434.252408 1.283191e-14
6436.912602 1.342768e-14
6439.572796 1.401039e-14
6442.232990 1.459116e-14
6444.893184 1.517807e-14
6447.553379 1.576646e-14
6450.213573 1.632181e-14
6452.873767 1.687040e-14
6455.533961 1.739840e-14
6458.194155 1.786560e-14
6460.854349 1.835099e-14
6463.514544 1.887896e-14
6466.174738 1.934760e-14
6468.834932 1.975003e-14
6471.495126 2.013574e-14
6474.155320 2.050227e-14
6476.815514 2.086578e-14
6479.475708 2.124540e-14
6482.135903 2.160914e-14
6484.796097 2.194501e-14
6487.456291 2.220327e-14
6490.116485 2.245384e-14
6492.776679 2.273319e-14
6495.436873 2.300046e-14
6498.097068 2.321859e-14
6500.757262 2.334131e-14
6503.417456 2.348735e-14
6506.077650 2.366259e-14
6508.737844 2.375207e-14
6511.398038 2.383350e-14
6514.058233 2.393436e-14
6516.718427 2.399073e-14
6519.378621 2.399050e-14
6522.038815 2.401289e-14
6524.699009 2.412094e-14
6527.359203 2.417515e-14
6530.019397 2.413121e-14
6532.679592 2.418361e-14
6535.339786 2.423294e-14
6537.999980 2.419775e-14
6540.660174 2.418494e-14
6543.320368 2.415537e-14
6545.980562 2.404056e-14
6548.640757 2.393849e-14
6551.300951 2.389353e-14
6553.961145 2.389642e-14
6556.621339 2.383938e-14
6559.281533 2.377876e-14
6561.941727 2.377236e-14
6564.601922 2.368416e-14
6567.262116 2.354552e-14
6569.922310 2.346374e-14
6572.582504 2.335993e-14
6575.242698 2.321071e-14
6577.902892 2.307796e-14
6580.563087 2.296151e-14
6583.223281 2.282605e-14
6585.883475 2.263106e-14
6588.543669 2.246630e-14
6591.203863 2.229423e-14
6593.864057 2.209787e-14
6596.524251 2.199002e-14
6599.184446 2.189247e-14
6601.844640 2.170946e-14
6604.504834 2.143143e-14
6607.165028 2.117416e-14
6609.825222 2.099167e-14
6612.485416 2.080871e-14
6615.145611 2.056587e-14
6617.805805 2.034138e-14
6620.465999 2.011505e-14
6623.126193 1.991682e-14
6625.786387 1.974961e-14
6628.446581 1.954877e-14
6631.106776 1.932919e-14
6633.766970 1.913205e-14
6636.427164 1.895868e-14
6639.087358 1.876209e-14
6641.747552 1.854777e-14
6644.407746 1.836990e-14
6647.067940 1.820877e-14
6649.728135 1.803143e-14
6652.388329 1.789251e-14
6655.048523 1.771566e-14
6657.708717 1.749759e-14
6660.368911 1.733772e-14
6663.029105 1.715080e-14
6665.689300 1.696024e-14
6668.349494 1.678928e-14
6671.009688 1.663506e-14
6673.669882 1.646826e-14
6676.330076 1.631335e-14
6678.990270 1.619758e-14
6681.650465 1.608158e-14
6684.310659 1.594914e-14
6686.970853 1.581702e-14
6689.631047 1.572172e-14
6692.291241 1.560921e-14
6694.951435 1.544685e-14
6697.611629 1.530603e-14
6700.271824 1.516721e-14
6702.932018 1.500882e-14
6705.592212 1.487777e-14
6708.252406 1.476596e-14
6710.912600 1.465613e-14
6713.572794 1.453919e-14
6716.232989 1.437699e-14
6718.893183 1.422577e-14
6721.553377 1.414435e-14
6724.213571 1.407262e-14
6726.873765 1.399507e-14
6729.533959 1.390512e-14
6732.194154 1.379508e-14
6734.854348 1.371376e-14
6737.514542 1.368067e-14
6740.174736 1.361482e-14
6742.834930 1.348858e-14
6745.495124 1.341062e-14
6748.155318 1.338212e-14
6750.815513 1.331567e-14
6753.475707 1.319193e-14
6756.135901 1.308940e-14
6758.796095 1.305603e-14
6761.456289 1.300436e-14
6764.116483 1.294102e-14
6766.776678 1.286742e-14
6769.436872 1.281217e-14
6772.097066 1.276326e-14
6774.757260 1.269183e-14
6777.417454 1.263971e-14
6780.077648 1.258611e-14
6782.737843 1.250851e-14
6785.398037 1.245164e-14
6788.058231 1.241684e-14
6790.718425 1.235724e-14
6793.378619 1.229575e-14
6796.038813 1.224240e-14
6798.699008 1.219891e-14
6801.359202 1.216064e-14
6804.019396 1.213141e-14
6806.679590 1.211252e-14
6809.339784 1.206485e-14
6811.999978 1.200113e-14
6814.660172 1.196033e-14
6817.320367 1.194045e-14
6819.980561 1.191935e-14
6822.640755 1.188994e-14
6825.300949 1.184310e-14
6827.961143 1.179154e-14
6830.621337 1.176383e-14
6833.281532 1.171598e-14
6835.941726 1.165889e-14
6838.601920 1.164179e-14
6841.262114 1.162189e-14
6843.922308 1.158432e-14
6846.582502 1.154965e-14
6849.242697 1.148927e-14
6851.902891 1.144719e-14
6854.563085 1.147057e-14
6857.223279 1.148401e-14
6859.883473 1.143433e-14
6862.543667 1.133575e-14
6865.203861 1.127086e-14
6867.864056 1.124823e-14
6870.524250 1.125444e-14
6873.184444 1.130257e-14
6875.844638 1.131881e-14
6878.504832 1.128127e-14
6881.165026 1.124229e-14
6883.825221 1.120345e-14
6886.485415 1.117411e-14
6889.145609 1.114569e-14
6891.805803 1.114142e-14
6894.465997 1.112391e-14
6897.126191 1.108830e-14
6899.786386 1.103499e-14
6902.446580 1.101469e-14
6905.106774 1.102463e-14
6907.766968 1.102295e-14
6910.427162 1.097772e-14
6913.087356 1.093048e-14
6915.747550 1.094350e-14
6918.407745 1.094549e-14
6921.067939 1.091816e-14
6923.728133 1.087795e-14
6926.388327 1.087130e-14
6929.048521 1.083267e-14
6931.708715 1.077471e-14
6934.368910 1.078792e-14
6937.029104 1.077193e-14
6939.689298 1.076627e-14
6942.349492 1.077565e-14
6945.009686 1.074739e-14
6947.669880 1.072525e-14
6950.330075 1.069515e-14
6952.990269 1.066217e-14
6955.650463 1.068072e-14
6958.310657 1.069092e-14
6960.970851 1.067398e-14
6963.631045 1.063655e-14
6966.291240 1.058977e-14
6968.951434 1.059015e-14
6971.611628 1.060846e-14
6974.271822 1.059953e-14
6976.932016 1.059480e-14
6979.592210 1.059027e-14
6982.252404 1.054717e-14
6984.912599 1.049495e-14
6987.572793 1.046138e-14
6990.232987 1.045440e-14
6992.893181 1.046778e-14
6995.553375 1.046598e-14
6998.213569 1.044848e-14
7000.873764 1.044457e-14
7003.533958 1.041155e-14
7006.194152 1.038763e-14
7008.854346 1.040854e-14
7011.514540 1.039326e-14
7014.174734 1.038451e-14
7016.834929 1.040604e-14
7019.495123 1.039912e-14
7022.155317 1.035548e-14
7024.815511 1.034946e-14
7027.475705 1.035740e-14
7030.135899 1.036061e-14
7032.796093 1.038742e-14
7035.456288 1.037594e-14
7038.116482 1.033150e-14
7040.776676 1.030983e-14
7043.436870 1.028829e-14
7046.097064 1.027933e-14
7048.757258 1.031650e-14
7051.417453 1.032457e-14
7054.077647 1.026761e-14
7056.737841 1.025337e-14
7059.398035 1.027528e-14
7062.058229 1.027527e-14
7064.718423 1.026905e-14
7067.378618 1.027191e-14
7070.038812 1.026564e-14
7072.699006 1.023799e-14
7075.359200 1.020663e-14
7078.019394 1.019656e-14
7080.679588 1.020164e-14
7083.339782 1.022097e-14
7085.999977 1.025016e-14
7088.660171 1.024722e-14
7091.320365 1.022650e-14
7093.980559 1.025822e-14
7096.640753 1.029328e-14
7099.300947 1.025373e-14
7101.961142 1.020439e-14
7104.621336 1.021912e-14
7107.281530 1.023212e-14
7109.941724 1.020284e-14
7112.601918 1.018631e-14
7115.262112 1.018481e-14
7117.922307 1.018699e-14
7120.582501 1.019496e-14
7123.242695 1.020009e-14
7125.902889 1.020331e-14
7128.563083 1.019840e-14
7131.223277 1.021757e-14
7133.883471 1.021352e-14
7136.543666 1.016851e-14
7139.203860 1.015498e-14
7141.864054 1.016628e-14
7144.524248 1.015575e-14
7147.184442 1.011861e-14
7149.844636 1.008564e-14
7152.504831 1.010443e-14
7155.165025 1.013914e-14
7157.825219 1.015300e-14
7160.485413 1.017684e-14
7163.145607 1.019437e-14
7165.805801 1.015597e-14
7168.465996 1.010308e-14
7171.126190 1.010155e-14
7173.786384 1.011069e-14
7176.446578 1.008398e-14
7179.106772 1.003012e-14
7181.766966 1.002919e-14
7184.427161 1.002847e-14
7187.087355 1.000237e-14
7189.747549 1.000796e-14
7192.407743 1.002610e-14
7195.067937 1.003093e-14
7197.728131 1.003334e-14
7200.388325 1.005973e-14
7203.048520 1.010637e-14
7205.708714 1.014723e-14
7208.368908 1.018944e-14
7211.029102 1.022381e-14
7213.689296 1.024235e-14
7216.349490 1.028392e-14
7219.009685 1.033530e-14
7221.669879 1.033224e-14
7224.330073 1.028159e-14
7226.990267 1.023129e-14
7229.650461 1.022260e-14
7232.310655 1.020259e-14
7234.970850 1.016180e-14
7237.631044 1.014885e-14
7240.291238 1.015895e-14
7242.951432 1.014677e-14
7245.611626 1.013817e-14
7248.271820 1.018195e-14
7250.932014 1.022383e-14
7253.592209 1.019578e-14
7256.252403 1.013086e-14
7258.912597 1.011892e-14
7261.572791 1.012784e-14
7264.232985 1.012301e-14
7266.893179 1.013400e-14
7269.553374 1.016031e-14
7272.213568 1.010096e-14
7274.873762 1.002873e-14
7277.533956 1.002363e-14
7280.194150 9.990743e-15
7282.854344 9.973465e-15
7285.514539 9.966517e-15
7288.174733 9.941058e-15
7290.834927 9.919244e-15
7293.495121 9.953902e-15
7296.155315 1.000853e-14
7298.815509 9.960135e-15
7301.475703 9.895151e-15
7304.135898 9.870838e-15
7306.796092 9.905659e-15
7309.456286 9.988917e-15
7312.116480 1.000997e-14
7314.776674 9.987754e-15
7317.436868 9.939715e-15
7320.097063 9.938100e-15
7322.757257 9.978656e-15
7325.417451 9.966482e-15
7328.077645 9.971077e-15
7330.737839 9.970636e-15
7333.398033 9.922502e-15
7336.058228 9.916764e-15
7338.718422 9.968055e-15
7341.378616 9.988919e-15
7344.038810 9.994796e-15
7346.699004 1.001751e-14
7349.359198 1.001747e-14
7352.019392 9.996140e-15
7354.679587 9.975951e-15
7357.339781 9.932590e-15
7359.999975 9.920706e-15
7362.660169 9.971860e-15
7365.320363 9.993903e-15
7367.980557 9.991242e-15
7370.640752 1.001184e-14
7373.300946 1.001992e-14
7375.961140 1.001623e-14
7378.621334 1.001420e-14
7381.281528 9.983100e-15
7383.941722 9.972100e-15
7386.601917 9.987950e-15
7389.262111 9.989237e-15
7391.922305 1.000138e-14
7394.582499 1.001705e-14
7397.242693 1.002126e-14
7399.902887 1.005887e-14
7402.563082 1.008712e-14
7405.223276 1.005839e-14
7407.883470 1.001739e-14
7410.543664 1.003314e-14
7413.203858 1.007091e-14
7415.864052 1.005185e-14
7418.524246 9.996359e-15
7421.184441 1.001665e-14
7423.844635 1.004998e-14
7426.504829 1.005739e-14
7429.165023 1.005994e-14
7431.825217 1.005447e-14
7434.485411 1.005915e-14
7437.145606 1.003348e-14
7439.805800 1.000594e-14
7442.465994 1.002567e-14
7445.126188 1.003508e-14
7447.786382 1.002219e-14
7450.446576 9.971778e-15
7453.106771 9.936937e-15
7455.766965 9.928724e-15
7458.427159 9.939744e-15
7461.087353 9.960870e-15
7463.747547 9.968005e-15
7466.407741 9.941390e-15
7469.067935 9.883774e-15
7471.728130 9.873290e-15
7474.388324 9.871679e-15
7477.048518 9.846925e-15
7479.708712 9.853168e-15
7482.368906 9.847375e-15
7485.029100 9.818249e-15
7487.689295 9.796007e-15
7490.349489 9.790305e-15
7493.009683 9.792492e-15
7495.669877 9.778940e-15
7498.330071 9.745967e-15
7500.990265 9.710651e-15
7503.650460 9.695503e-15
7506.310654 9.720758e-15
7508.970848 9.709589e-15
7511.631042 9.687919e-15
7514.291236 9.655528e-15
7516.951430 9.619288e-15
7519.611624 9.613045e-15
7522.271819 9.660828e-15
7524.932013 9.648830e-15
7527.592207 9.576626e-15
7530.252401 9.525406e-15
7532.912595 9.535344e-15
7535.572789 9.559080e-15
7538.232984 9.542938e-15
7540.893178 9.535024e-15
7543.553372 9.529943e-15
7546.213566 9.486877e-15
7548.873760 9.459965e-15
7551.533954 9.481908e-15
7554.194149 9.499360e-15
7556.854343 9.457478e-15
7559.514537 9.397148e-15
7562.174731 9.376965e-15
7564.834925 9.345371e-15
7567.495119 9.338508e-15
7570.155313 9.375537e-15
7572.815508 9.361024e-15
7575.475702 9.295970e-15
7578.135896 9.278506e-15
7580.796090 9.302345e-15
7583.456284 9.328905e-15
7586.116478 9.305148e-15
7588.776673 9.173435e-15
7591.436867 8.998264e-15
7594.097061 8.817577e-15
7596.757255 8.618842e-15
7599.417449 8.569073e-15
7602.077643 8.682444e-15
7604.737838 8.735895e-15
7607.398032 8.626927e-15
7610.058226 8.453642e-15
7612.718420 8.325436e-15
7615.378614 8.277345e-15
7618.038808 8.354257e-15
7620.699003 8.460719e-15
7623.359197 8.396212e-15
7626.019391 8.255900e-15
7628.679585 8.237343e-15
7631.339779 8.318183e-15
7633.999973 8.384262e-15
7636.660167 8.394614e-15
7639.320362 8.382810e-15
7641.980556 8.359756e-15
7644.640750 8.363502e-15
7647.300944 8.376471e-15
7649.961138 8.489618e-15
7652.621332 8.589049e-15
7655.281527 8.562821e-15
7657.941721 8.588697e-15
7660.601915 8.586446e-15
7663.262109 8.541493e-15
7665.922303 8.567954e-15
7668.582497 8.699250e-15
7671.242692 8.782919e-15
7673.902886 8.797021e-15
7676.563080 8.799451e-15
7679.223274 8.843453e-15
7681.883468 8.912504e-15
7684.543662 8.898526e-15
7687.203856 8.826301e-15
7689.864051 8.824655e-15
7692.524245 8.925532e-15
7695.184439 9.024017e-15
7697.844633 9.033042e-15
7700.504827 9.018540e-15
7703.165021 9.041288e-15
7705.825216 9.134194e-15
7708.485410 9.278994e-15
7711.145604 9.316996e-15
7713.805798 9.233760e-15
7716.465992 9.201511e-15
7719.126186 9.219260e-15
7721.786381 9.217906e-15
7724.446575 9.248703e-15
7727.106769 9.348476e-15
7729.766963 9.406594e-15
7732.427157 9.397764e-15
7735.087351 9.394131e-15
7737.747545 9.358220e-15
7740.407740 9.346907e-15
7743.067934 9.355678e-15
7745.728128 9.375156e-15
7748.388322 9.412069e-15
7751.048516 9.460237e-15
7753.708710 9.502653e-15
7756.368905 9.493262e-15
7759.029099 9.456821e-15
7761.689293 9.442807e-15
7764.349487 9.441780e-15
7767.009681 9.511512e-15
7769.669875 9.592309e-15
7772.330070 9.605327e-15
7774.990264 9.588386e-15
7777.650458 9.573553e-15
7780.310652 9.555861e-15
7782.970846 9.532782e-15
7785.631040 9.544293e-15
7788.291234 9.592369e-15
7790.951429 9.628598e-15
7793.611623 9.630452e-15
7796.271817 9.588106e-15
7798.932011 9.545444e-15
7801.592205 9.547281e-15
7804.252399 9.540053e-15
7806.912594 9.516284e-15
7809.572788 9.550867e-15
7812.232982 9.589241e-15
7814.893176 9.553517e-15
7817.553370 9.530562e-15
7820.213564 9.517220e-15
7822.873759 9.490687e-15
7825.533953 9.516640e-15
7828.194147 9.551202e-15
7830.854341 9.559448e-15
7833.514535 9.498757e-15
7836.174729 9.409191e-15
7838.834924 9.381271e-15
7841.495118 9.376865e-15
7844.155312 9.365604e-15
7846.815506 9.375100e-15
7849.475700 9.400488e-15
7852.135894 9.377484e-15
7854.796088 9.331775e-15
7857.456283 9.299551e-15
7860.116477 9.228737e-15
7862.776671 9.193931e-15
7865.436865 9.207782e-15
7868.097059 9.270341e-15
7870.757253 9.344391e-15
7873.417448 9.309105e-15
7876.077642 9.235741e-15
7878.737836 9.200135e-15
7881.398030 9.125029e-15
7884.058224 9.091159e-15
7886.718418 9.113708e-15
7889.378613 9.134811e-15
7892.038807 9.159641e-15
7894.699001 9.126227e-15
7897.359195 9.041896e-15
7900.019389 8.960734e-15
7902.679583 8.906006e-15
7905.339777 8.897934e-15
7907.999972 8.932566e-15
7910.660166 8.981373e-15
7913.320360 9.031003e-15
7915.980554 9.012010e-15
7918.640748 8.951247e-15
7921.300942 8.899982e-15
7923.961137 8.869838e-15
7926.621331 8.888839e-15
7929.281525 8.943305e-15
7931.941719 8.973938e-15
7934.601913 8.977933e-15
7937.262107 8.934033e-15
7939.922302 8.834689e-15
7942.582496 8.792118e-15
7945.242690 8.815041e-15
7947.902884 8.846041e-15
7950.563078 8.888595e-15
7953.223272 8.900017e-15
7955.883466 8.842831e-15
7958.543661 8.805302e-15
7961.203855 8.752136e-15
7963.864049 8.705163e-15
7966.524243 8.703284e-15
7969.184437 8.740572e-15
7971.844631 8.768812e-15
7974.504826 8.797068e-15
7977.165020 8.745662e-15
7979.825214 8.642779e-15
7982.485408 8.623555e-15
7985.145602 8.684536e-15
7987.805796 8.737881e-15
7990.465991 8.749197e-15
7993.126185 8.714261e-15
7995.786379 8.631587e-15
7998.446573 8.546496e-15
8001.106767 8.505612e-15
8003.766961 8.514011e-15
8006.427155 8.557661e-15
8009.087350 8.625627e-15
8011.747544 8.616342e-15
8014.407738 8.500240e-15
8017.067932 8.440793e-15
8019.728126 8.449722e-15
8022.388320 8.420370e-15
8025.048515 8.436472e-15
8027.708709 8.496758e-15
8030.368903 8.505597e-15
8033.029097 8.471851e-15
8035.689291 8.395589e-15
8038.349485 8.325134e-15
8041.009680 8.344943e-15
8043.669874 8.408344e-15
8046.330068 8.429786e-15
8048.990262 8.374206e-15
8051.650456 8.288534e-15
8054.310650 8.238528e-15
8056.970845 8.247586e-15
8059.631039 8.320411e-15
8062.291233 8.369338e-15
8064.951427 8.360369e-15
8067.611621 8.364851e-15
8070.271815 8.336611e-15
8072.932009 8.257795e-15
8075.592204 8.240330e-15
8078.252398 8.293822e-15
8080.912592 8.380390e-15
8083.572786 8.417350e-15
8086.232980 8.390622e-15
8088.893174 8.326635e-15
8091.553369 8.284467e-15
8094.213563 8.293341e-15
8096.873757 8.364631e-15
8099.533951 8.435477e-15
8102.194145 8.429757e-15
8104.854339 8.415736e-15
8107.514534 8.354616e-15
8110.174728 8.266654e-15
8112.834922 8.230268e-15
8115.495116 8.294696e-15
8118.155310 8.385874e-15
8120.815504 8.452060e-15
8123.475698 8.469291e-15
8126.135893 8.413438e-15
8128.796087 8.306703e-15
8131.456281 8.272298e-15
8134.116475 8.353974e-15
8136.776669 8.385278e-15
8139.436863 8.386157e-15
8142.097058 8.387374e-15
8144.757252 8.354186e-15
8147.417446 8.305322e-15
8150.077640 8.275294e-15
8152.737834 8.259068e-15
8155.398028 8.288195e-15
8158.058223 8.315398e-15
8160.718417 8.257055e-15
8163.378611 8.168156e-15
8166.038805 8.124446e-15
8168.698999 8.166950e-15
8171.359193 8.248494e-15
8174.019387 8.267745e-15
8176.679582 8.191983e-15
8179.339776 8.103961e-15
8181.999970 8.092729e-15
8184.660164 8.166862e-15
8187.320358 8.233254e-15
8189.980552 8.201779e-15
8192.640747 8.180659e-15
8195.300941 8.168198e-15
8197.961135 8.167361e-15
8200.621329 8.163857e-15
8203.281523 8.220561e-15
8205.941717 8.240789e-15
8208.601912 8.170406e-15
8211.262106 8.057759e-15
8213.922300 7.988631e-15
8216.582494 7.955485e-15
8219.242688 7.958563e-15
8221.902882 7.880845e-15
8224.563076 7.655234e-15
8227.223271 7.436204e-15
8229.883465 7.288136e-15
8232.543659 7.215616e-15
8235.203853 7.243849e-15
8237.864047 7.271270e-15
8240.524241 7.210510e-15
8243.184436 7.101455e-15
8245.844630 6.957983e-15
8248.504824 6.777100e-15
8251.165018 6.644515e-15
8253.825212 6.514599e-15
8256.485406 6.349303e-15
8259.145601 6.256272e-15
8261.805795 6.214643e-15
8264.465989 6.105183e-15
8267.126183 5.931858e-15
8269.786377 5.780202e-15
8272.446571 5.605715e-15
8275.106766 5.455383e-15
8277.766960 5.350900e-15
8280.427154 5.288803e-15
8283.087348 5.241253e-15
8285.747542 5.148676e-15
8288.407736 5.031612e-15
8291.067930 4.939546e-15
8293.728125 4.814657e-15
8296.388319 4.757181e-15
8299.048513 4.721747e-15
8301.708707 4.631621e-15
8304.368901 4.517379e-15
8307.029095 4.431689e-15
8309.689290 4.402287e-15
8312.349484 4.380831e-15
8315.009678 4.345936e-15
8317.669872 4.290925e-15
8320.330066 4.204303e-15
8322.990260 4.101188e-15
8325.650455 4.038273e-15
8328.310649 4.027773e-15
8330.970843 4.025606e-15
8333.631037 4.051188e-15
8336.291231 4.094115e-15
8338.951425 4.124164e-15
8341.611619 4.114143e-15
8344.271814 4.081623e-15
8346.932008 4.085392e-15
8349.592202 4.092302e-15
8352.252396 4.092931e-15
8354.912590 4.130752e-15
8357.572784 4.209263e-15
8360.232979 4.291849e-15
8362.893173 4.313626e-15
8365.553367 4.342931e-15
8368.213561 4.366667e-15
8370.873755 4.338460e-15
8373.533949 4.349489e-15
8376.194144 4.415276e-15
8378.854338 4.479967e-15
8381.514532 4.561383e-15
8384.174726 4.692579e-15
8386.834920 4.811382e-15
8389.495114 4.849937e-15
8392.155308 4.874694e-15
8394.815503 4.869931e-15
8397.475697 4.852592e-15
8400.135891 4.923745e-15
8402.796085 5.034766e-15
8405.456279 5.157638e-15
8408.116473 5.248145e-15
8410.776668 5.255763e-15
8413.436862 5.233327e-15
8416.097056 5.206458e-15
8418.757250 5.169915e-15
8421.417444 5.234457e-15
8424.077638 5.361430e-15
8426.737833 5.447790e-15
8429.398027 5.493983e-15
8432.058221 5.492802e-15
8434.718415 5.521006e-15
8437.378609 5.541327e-15
8440.038803 5.484815e-15
8442.698997 5.488233e-15
8445.359192 5.562027e-15
8448.019386 5.638600e-15
8450.679580 5.728475e-15
8453.339774 5.774187e-15
8455.999968 5.758654e-15
8458.660162 5.763545e-15
8461.320357 5.779127e-15
8463.980551 5.746452e-15
8466.640745 5.764716e-15
8469.300939 5.861625e-15
8471.961133 5.962790e-15
8474.621327 6.031002e-15
8477.281522 6.067159e-15
8479.941716 6.117737e-15
8482.601910 6.103495e-15
8485.262104 6.048768e-15
8487.922298 6.105257e-15
8490.582492 6.279129e-15
8493.242687 6.462158e-15
8495.902881 6.570912e-15
8498.563075 6.630402e-15
8501.223269 6.705765e-15
8503.883463 6.737962e-15
8506.543657 6.716477e-15
8509.203851 6.750903e-15
8511.864046 6.856350e-15
8514.524240 6.981080e-15
8517.184434 7.136894e-15
8519.844628 7.327393e-15
8522.504822 7.464728e-15
8525.165016 7.504011e-15
8527.825211 7.486753e-15
8530.485405 7.514687e-15
8533.145599 7.603341e-15
8535.805793 7.717944e-15
8538.465987 7.880147e-15
8541.126181 8.079955e-15
8543.786376 8.204086e-15
8546.446570 8.249610e-15
8549.106764 8.232512e-15
8551.766958 8.223933e-15
8554.427152 8.271808e-15
8557.087346 8.329994e-15
8559.747540 8.427465e-15
8562.407735 8.564640e-15
8565.067929 8.730192e-15
8567.728123 8.822099e-15
8570.388317 8.745992e-15
8573.048511 8.666067e-15
8575.708705 8.722966e-15
8578.368900 8.843150e-15
8581.029094 8.934830e-15
8583.689288 9.030366e-15
8586.349482 9.168830e-15
8589.009676 9.237204e-15
8591.669870 9.193914e-15
8594.330065 9.119825e-15
8596.990259 9.046267e-15
8599.650453 9.063691e-15
8602.310647 9.206518e-15
8604.970841 9.380854e-15
8607.631035 9.490382e-15
8610.291229 9.517630e-15
8612.951424 9.440271e-15
8615.611618 9.297817e-15
8618.271812 9.177919e-15
8620.932006 9.214417e-15
8623.592200 9.375467e-15
8626.252394 9.541697e-15
8628.912589 9.619409e-15
8631.572783 9.669310e-15
8634.232977 9.713356e-15
8636.893171 9.612969e-15
8639.553365 9.454204e-15
8642.213559 9.377320e-15
8644.873754 9.409836e-15
8647.533948 9.548343e-15
8650.194142 9.690139e-15
8652.854336 9.716051e-15
8655.514530 9.625737e-15
8658.174724 9.475937e-15
8660.834918 9.313309e-15
8663.495113 9.270179e-15
8666.155307 9.436299e-15
8668.815501 9.632731e-15
8671.475695 9.707121e-15
8674.135889 9.639492e-15
8676.796083 9.464570e-15
8679.456278 9.300109e-15
8682.116472 9.180271e-15
8684.776666 9.150970e-15
8687.436860 9.196392e-15
8690.097054 9.258996e-15
8692.757248 9.319854e-15
8695.417443 9.324637e-15
8698.077637 9.295465e-15
8700.737831 9.217988e-15
8703.398025 9.065509e-15
8706.058219 8.920544e-15
8708.718413 8.857550e-15
8711.378608 8.841061e-15
8714.038802 8.842373e-15
8716.698996 8.917667e-15
8719.359190 9.036755e-15
8722.019384 9.136929e-15
8724.679578 9.144073e-15
8727.339772 9.001703e-15
8729.999967 8.825981e-15
8732.660161 8.709893e-15
8735.320355 8.603148e-15
8737.980549 8.550219e-15
8740.640743 8.644217e-15
8743.300937 8.751904e-15
8745.961132 8.808870e-15
8748.621326 8.787380e-15
8751.281520 8.678485e-15
8753.941714 8.563352e-15
8756.601908 8.480967e-15
8759.262102 8.394347e-15
8761.922297 8.376454e-15
8764.582491 8.462727e-15
8767.242685 8.576280e-15
8769.902879 8.637854e-15
8772.563073 8.569536e-15
8775.223267 8.376578e-15
8777.883461 8.245785e-15
8780.543656 8.150381e-15
8783.203850 8.069128e-15
8785.864044 8.097721e-15
8788.524238 8.203860e-15
8791.184432 8.323456e-15
8793.844626 8.373154e-15
8796.504821 8.319492e-15
8799.165015 8.189982e-15
8801.825209 8.016190e-15
8804.485403 7.880533e-15
8807.145597 7.774449e-15
8809.805791 7.785122e-15
8812.465986 7.924735e-15
8815.126180 8.063690e-15
8817.786374 8.084816e-15
8820.446568 7.994356e-15
8823.106762 7.862028e-15
8825.766956 7.742647e-15
8828.427150 7.624641e-15
8831.087345 7.541134e-15
8833.747539 7.490037e-15
8836.407733 7.515437e-15
8839.067927 7.596936e-15
8841.728121 7.648176e-15
8844.388315 7.712959e-15
8847.048510 7.727041e-15
8849.708704 7.666228e-15
8852.368898 7.556430e-15
8855.029092 7.425953e-15
8857.689286 7.327964e-15
8860.349480 7.257434e-15
8863.009675 7.246463e-15
8865.669869 7.314120e-15
8868.330063 7.438310e-15
8870.990257 7.505413e-15
8873.650451 7.437352e-15
8876.310645 7.346261e-15
8878.970840 7.234308e-15
8881.631034 7.108412e-15
8884.291228 7.070551e-15
8886.951422 7.090377e-15
8889.611616 7.118456e-15
8892.271810 7.166649e-15
8894.932004 7.290402e-15
8897.592199 7.387162e-15
8900.252393 7.323593e-15
8902.912587 7.169563e-15
8905.572781 7.052651e-15
8908.232975 7.029058e-15
8910.893169 7.039104e-15
8913.553364 7.098804e-15
8916.213558 7.255489e-15
8918.873752 7.391380e-15
8921.533946 7.415522e-15
8924.194140 7.329565e-15
8926.854334 7.186611e-15
8929.514529 7.088031e-15
8932.174723 7.012713e-15
8934.834917 6.977710e-15
8937.495111 7.029203e-15
8940.155305 7.083550e-15
8942.815499 7.152727e-15
8945.475693 7.208297e-15
8948.135888 7.194188e-15
8950.796082 7.144709e-15
8953.456276 7.089868e-15
8956.116470 6.924560e-15
8958.776664 6.839510e-15
8961.436858 6.787555e-15
8964.097053 6.760505e-15
8966.757247 6.808460e-15
8969.417441 6.918491e-15
8972.077635 6.958717e-15
8974.737829 6.921139e-15
8977.398023 6.931160e-15
8980.058218 6.957253e-15
8982.718412 6.889074e-15
8985.378606 6.753925e-15
8988.038800 6.627246e-15
8990.698994 6.499720e-15
8993.359188 6.452830e-15
8996.019382 6.492962e-15
8998.679577 6.564457e-15
9001.339771 6.576604e-15
9003.999965 6.504502e-15
9006.660159 6.459209e-15
9009.320353 6.492629e-15
9011.980547 6.463256e-15
9014.640742 6.432488e-15
9017.300936 6.481437e-15
9019.961130 6.504577e-15
9022.621324 6.489601e-15
9025.281518 6.437918e-15
9027.941712 6.389964e-15
9030.601907 6.345171e-15
9033.262101 6.282989e-15
9035.922295 6.245329e-15
9038.582489 6.224969e-15
9041.242683 6.247984e-15
9043.902877 6.286815e-15
9046.563071 6.270496e-15
9049.223266 6.204159e-15
9051.883460 6.197131e-15
9054.543654 6.272234e-15
9057.203848 6.239530e-15
9059.864042 6.118666e-15
9062.524236 6.012579e-15
9065.184431 5.963807e-15
9067.844625 5.930262e-15
9070.504819 5.859046e-15
9073.165013 5.781671e-15
9075.825207 5.705417e-15
9078.485401 5.711031e-15
9081.145596 5.766651e-15
9083.805790 5.798680e-15
9086.465984 5.768880e-15
9089.126178 5.732705e-15
9091.786372 5.789001e-15
9094.446566 5.839313e-15
9097.106761 5.859111e-15
9099.766955 5.901314e-15
9102.427149 5.885396e-15
9105.087343 5.844388e-15
9107.747537 5.843334e-15
9110.407731 5.908005e-15
9113.067925 6.004225e-15
9115.728120 6.004958e-15
9118.388314 5.951018e-15
9121.048508 5.953286e-15
9123.708702 5.982667e-15
9126.368896 6.028164e-15
9129.029090 6.071015e-15
9131.689285 6.085582e-15
9134.349479 6.029304e-15
9137.009673 5.981047e-15
9139.669867 5.970766e-15
9142.330061 6.009713e-15
9144.990255 6.106610e-15
9147.650450 6.194326e-15
9150.310644 6.251181e-15
9152.970838 6.196212e-15
9155.631032 6.040351e-15
9158.291226 6.005143e-15
9160.951420 6.142211e-15
9163.611614 6.229335e-15
9166.271809 6.160414e-15
9168.932003 6.076212e-15
9171.592197 5.974823e-15
9174.252391 5.948128e-15
9176.912585 6.049222e-15
9179.572779 6.193152e-15
9182.232974 6.348727e-15
9184.893168 6.406948e-15
9187.553362 6.379190e-15
9190.213556 6.338960e-15
9192.873750 6.287225e-15
9195.533944 6.154344e-15
9198.194139 6.052675e-15
9200.854333 6.041874e-15
9203.514527 6.069362e-15
9206.174721 6.118475e-15
9208.834915 6.163513e-15
9211.495109 6.220401e-15
9214.155303 6.255366e-15
9216.815498 6.217220e-15
9219.475692 6.205119e-15
9222.135886 6.207805e-15
9224.796080 6.211095e-15
9227.456274 6.129433e-15
9230.116468 6.085839e-15
9232.776663 6.165943e-15
9235.436857 6.207513e-15
9238.097051 6.164710e-15
9240.757245 6.113778e-15
9243.417439 6.062277e-15
9246.077633 6.032662e-15
9248.737828 6.113136e-15
9251.398022 6.198398e-15
9254.058216 6.202744e-15
9256.718410 6.224985e-15
9259.378604 6.213517e-15
9262.038798 6.069384e-15
9264.698992 5.963644e-15
9267.359187 6.000302e-15
9270.019381 6.053737e-15
9272.679575 6.059053e-15
9275.339769 5.980742e-15
9277.999963 5.789612e-15
9280.660157 5.686089e-15
9283.320352 5.692456e-15
9285.980546 5.701983e-15
9288.640740 5.772352e-15
9291.300934 5.874297e-15
9293.961128 5.924612e-15
9296.621322 5.771176e-15
9299.281517 5.556758e-15
9301.941711 5.527412e-15
9304.601905 5.505732e-15
9307.262099 5.364575e-15
9309.922293 5.278053e-15
9312.582487 5.304973e-15
9315.242682 5.393328e-15
9317.902876 5.385247e-15
9320.563070 5.176128e-15
9323.223264 4.978641e-15
9325.883458 4.933531e-15
9328.543652 4.968273e-15
9331.203846 4.924954e-15
9333.864041 4.771067e-15
9336.524235 4.731809e-15
9339.184429 4.799640e-15
9341.844623 4.758332e-15
9344.504817 4.570611e-15
9347.165011 4.526720e-15
9349.825206 4.659795e-15
9352.485400 4.830921e-15
9355.145594 4.666262e-15
9357.805788 4.358904e-15
9360.465982 4.304465e-15
9363.126176 4.378788e-15
9365.786371 4.484173e-15
9368.446565 4.583273e-15
9371.106759 4.608088e-15
9373.766953 4.637746e-15
9376.427147 4.748462e-15
9379.087341 4.745979e-15
9381.747535 4.579211e-15
9384.407730 4.360501e-15
9387.067924 4.313758e-15
9389.728118 4.408098e-15
9392.388312 4.638621e-15
9395.048506 4.891730e-15
9397.708700 5.017335e-15
9400.368895 5.061002e-15
9403.029089 5.109688e-15
9405.689283 5.011047e-15
9408.349477 4.774686e-15
9411.009671 4.625824e-15
9413.669865 4.545134e-15
9416.330060 4.579782e-15
9418.990254 4.805323e-15
9421.650448 5.087356e-15
9424.310642 5.175234e-15
9426.970836 4.918042e-15
9429.631030 4.613631e-15
9432.291224 4.516697e-15
9434.951419 4.626976e-15
9437.611613 4.638034e-15
9440.271807 4.466591e-15
9442.932001 4.414427e-15
9445.592195 4.482006e-15
9448.252389 4.764618e-15
9450.912584 5.121578e-15
9453.572778 5.094016e-15
9456.232972 4.892584e-15
9458.893166 4.701566e-15
9461.553360 4.494039e-15
9464.213554 4.416445e-15
9466.873749 4.488534e-15
9469.533943 4.593227e-15
9472.194137 4.733753e-15
9474.854331 4.953948e-15
9477.514525 5.143223e-15
9480.174719 5.007766e-15
9482.834913 4.712342e-15
9485.495108 4.576006e-15
9488.155302 4.574815e-15
9490.815496 4.577820e-15
9493.475690 4.484478e-15
9496.135884 4.442465e-15
9498.796078 4.440899e-15
9501.456273 4.398217e-15
9504.116467 4.370366e-15
9506.776661 4.475845e-15
9509.436855 4.718932e-15
9512.097049 4.815634e-15
9514.757243 4.657927e-15
9517.417438 4.410582e-15
9520.077632 4.256650e-15
9522.737826 4.257298e-15
9525.398020 4.346476e-15
9528.058214 4.482384e-15
9530.718408 4.556668e-15
9533.378603 4.541238e-15
9536.038797 4.534187e-15
9538.698991 4.521105e-15
9541.359185 4.426597e-15
9544.019379 4.354380e-15
9546.679573 4.413746e-15
9549.339767 4.517199e-15
9551.999962 4.568819e-15
9554.660156 4.518875e-15
9557.320350 4.444448e-15
9559.980544 4.431460e-15
9562.640738 4.400907e-15
9565.300932 4.238480e-15
9567.961127 4.073855e-15
9570.621321 4.010261e-15
9573.281515 4.056015e-15
9575.941709 4.197409e-15
9578.601903 4.266778e-15
9581.262097 4.234852e-15
9583.922292 4.227853e-15
9586.582486 4.185618e-15
9589.242680 4.082369e-15
9591.902874 3.937553e-15
9594.563068 3.853075e-15
9597.223262 3.878275e-15
9599.883456 3.896783e-15
9602.543651 3.870312e-15
9605.203845 3.872902e-15
9607.864039 3.892825e-15
9610.524233 3.894516e-15
9613.184427 3.921148e-15
9615.844621 3.968541e-15
9618.504816 3.904009e-15
9621.165010 3.748165e-15
9623.825204 3.686975e-15
9626.485398 3.717131e-15
9629.145592 3.761371e-15
9631.805786 3.832263e-15
9634.465981 3.901588e-15
9637.126175 3.917315e-15
9639.786369 3.860109e-15
9642.446563 3.736087e-15
9645.106757 3.671183e-15
9647.766951 3.665443e-15
9650.427145 3.695927e-15
9653.087340 3.763401e-15
9655.747534 3.798974e-15
9658.407728 3.779029e-15
9661.067922 3.767459e-15
9663.728116 3.784462e-15
9666.388310 3.788981e-15
9669.048505 3.765964e-15
9671.708699 3.774798e-15
9674.368893 3.836582e-15
9677.029087 3.844892e-15
9679.689281 3.814478e-15
9682.349475 3.835914e-15
9685.009670 3.888619e-15
9687.669864 3.991540e-15
9690.330058 4.072481e-15
9692.990252 4.096458e-15
9695.650446 4.125821e-15
9698.310640 4.081775e-15
9700.970834 3.962622e-15
9703.631029 3.859169e-15
9706.291223 3.854545e-15
9708.951417 3.932106e-15
9711.611611 3.972363e-15
9714.271805 4.002797e-15
9716.931999 4.121344e-15
9719.592194 4.252928e-15
9722.252388 4.281187e-15
9724.912582 4.176382e-15
9727.572776 4.029833e-15
9730.232970 3.928772e-15
9732.893164 3.878052e-15
9735.553359 3.872251e-15
9738.213553 3.870630e-15
9740.873747 3.917944e-15
9743.533941 4.018052e-15
9746.194135 4.092463e-15
9748.854329 4.181019e-15
9751.514524 4.321213e-15
9754.174718 4.391757e-15
9756.834912 4.358058e-15
9759.495106 4.264379e-15
9762.155300 4.120285e-15
9764.815494 4.005755e-15
9767.475688 3.947205e-15
9770.135883 3.949123e-15
9772.796077 4.032900e-15
9775.456271 4.158737e-15
9778.116465 4.306830e-15
9780.776659 4.486004e-15
9783.436853 4.609710e-15
9786.097048 4.659527e-15
9788.757242 4.591669e-15
9791.417436 4.360468e-15
9794.077630 4.111469e-15
9796.737824 4.026512e-15
9799.398018 4.027126e-15
9802.058213 4.022883e-15
9804.718407 4.087501e-15
9807.378601 4.228908e-15
9810.038795 4.424513e-15
9812.698989 4.659784e-15
9815.359183 4.846512e-15
9818.019377 4.905090e-15
9820.679572 4.801850e-15
9823.339766 4.601391e-15
9825.999960 4.381246e-15
9828.660154 4.251378e-15
9831.320348 4.153984e-15
9833.980542 4.083912e-15
9836.640737 4.117355e-15
9839.300931 4.261959e-15
9841.961125 4.443533e-15
9844.621319 4.642355e-15
9847.281513 4.848960e-15
9849.941707 4.895219e-15
9852.601902 4.710851e-15
9855.262096 4.495990e-15
9857.922290 4.355366e-15
9860.582484 4.217826e-15
9863.242678 4.091345e-15
9865.902872 4.101207e-15
9868.563066 4.217261e-15
9871.223261 4.434057e-15
9873.883455 4.705960e-15
9876.543649 4.879892e-15
9879.203843 4.959718e-15
9881.864037 4.956605e-15
9884.524231 4.813325e-15
9887.184426 4.576347e-15
9889.844620 4.325576e-15
9892.504814 4.155457e-15
9895.165008 4.114885e-15
9897.825202 4.158559e-15
9900.485396 4.291138e-15
9903.145591 4.498325e-15
9905.805785 4.749373e-15
9908.465979 4.954690e-15
9911.126173 5.035913e-15
9913.786367 4.985613e-15
9916.446561 4.815067e-15
9919.106755 4.549612e-15
9921.766950 4.325916e-15
9924.427144 4.170302e-15
9927.087338 4.056295e-15
9929.747532 4.066624e-15
9932.407726 4.191291e-15
9935.067920 4.386830e-15
9937.728115 4.616546e-15
9940.388309 4.804530e-15
9943.048503 4.940672e-15
9945.708697 4.972079e-15
9948.368891 4.888428e-15
9951.029085 4.741914e-15
9953.689280 4.550773e-15
9956.349474 4.310368e-15
9959.009668 4.112304e-15
9961.669862 4.081032e-15
9964.330056 4.134156e-15
9966.990250 4.259906e-15
9969.650445 4.500073e-15
9972.310639 4.709684e-15
9974.970833 4.821812e-15
9977.631027 4.909249e-15
9980.291221 4.920454e-15
9982.951415 4.741568e-15
9985.611609 4.424949e-15
9988.271804 4.166930e-15
9990.931998 4.033765e-15
9993.592192 3.949126e-15
9996.252386 3.944154e-15
9998.912580 4.029886e-15
10001.572774 4.218205e-15
10004.232969 4.449489e-15
10006.893163 4.646533e-15
10009.553357 4.803227e-15
10012.213551 4.887889e-15
10014.873745 4.847559e-15
10017.533939 4.660254e-15
10020.194134 4.415467e-15
10022.854328 4.175154e-15
10025.514522 3.966632e-15
10028.174716 3.893482e-15
10030.834910 3.946656e-15
10033.495104 4.054448e-15
10036.155298 4.195894e-15
10038.815493 4.389794e-15
10041.475687 4.619228e-15
10044.135881 4.815147e-15
10046.796075 4.896402e-15
10049.456269 4.826892e-15
10052.116463 4.689083e-15
10054.776658 4.444056e-15
10057.436852 4.156549e-15
10060.097046 3.974761e-15
10062.757240 3.897347e-15
10065.417434 3.897551e-15
10068.077628 3.969949e-15
10070.737823 4.111190e-15
10073.398017 4.325686e-15
10076.058211 4.537352e-15
10078.718405 4.741642e-15
10081.378599 4.920290e-15
10084.038793 4.894243e-15
10086.698987 4.745828e-15
10089.359182 4.481268e-15
10092.019376 4.177865e-15
10094.679570 3.946323e-15
