3517.139905 4.201599e-14
3520.134886 4.165096e-14
3523.129866 4.126697e-14
3526.124847 4.103244e-14
3529.119828 4.154067e-14
3532.114809 4.131421e-14
3535.109790 4.180279e-14
3538.104771 4.153358e-14
3541.099752 4.088694e-14
3544.094733 4.098623e-14
3547.089714 4.095579e-14
3550.084695 4.026365e-14
3553.079676 4.010454e-14
3556.074657 4.017524e-14
3559.069638 3.996883e-14
3562.064618 3.975214e-14
3565.059599 3.936230e-14
3568.054580 3.947227e-14
3571.049561 3.956326e-14
3574.044542 3.923925e-14
3577.039523 3.878425e-14
3580.034504 3.861708e-14
3583.029485 3.842580e-14
3586.024466 3.860188e-14
3589.019447 3.794355e-14
3592.014428 3.746567e-14
3595.009409 3.722552e-14
3598.004390 3.751673e-14
3600.999370 3.721288e-14
3603.994351 3.646582e-14
3606.989332 3.664545e-14
3609.984313 3.613229e-14
3612.979294 3.555723e-14
3615.974275 3.578507e-14
3618.969256 3.557157e-14
3621.964237 3.540750e-14
3624.959218 3.549194e-14
3627.954199 3.492704e-14
3630.949180 3.480438e-14
3633.944161 3.528191e-14
3636.939141 3.584835e-14
3639.934122 3.550824e-14
3642.929103 3.589084e-14
3645.924084 3.542028e-14
3648.919065 3.462688e-14
3651.914046 3.492721e-14
3654.909027 3.530307e-14
3657.904008 3.442100e-14
3660.898989 3.463699e-14
3663.893970 3.462622e-14
3666.888951 3.419427e-14
3669.883932 3.407892e-14
3672.878913 3.415582e-14
3675.873893 3.398977e-14
3678.868874 3.375128e-14
3681.863855 3.392807e-14
3684.858836 3.365230e-14
3687.853817 3.335527e-14
3690.848798 3.351144e-14
3693.843779 3.391998e-14
3696.838760 3.389139e-14
3699.833741 3.351680e-14
3702.828722 3.350466e-14
3705.823703 3.327457e-14
3708.818684 3.343099e-14
3711.813665 3.385265e-14
3714.808645 3.367043e-14
3717.803626 3.327978e-14
3720.798607 3.320479e-14
3723.793588 3.333821e-14
3726.788569 3.295435e-14
3729.783550 3.311831e-14
3732.778531 3.311986e-14
3735.773512 3.301751e-14
3738.768493 3.255119e-14
3741.763474 3.268969e-14
3744.758455 3.305425e-14
3747.753436 3.284068e-14
3750.748417 3.335884e-14
3753.743397 3.379835e-14
3756.738378 3.440820e-14
3759.733359 3.490593e-14
3762.728340 3.510698e-14
3765.723321 3.519143e-14
3768.718302 3.532162e-14
3771.713283 3.517884e-14
3774.708264 3.481571e-14
3777.703245 3.485036e-14
3780.698226 3.474666e-14
3783.693207 3.460966e-14
3786.688188 3.453399e-14
3789.683169 3.397892e-14
3792.678149 3.400373e-14
3795.673130 3.395354e-14
3798.668111 3.376324e-14
3801.663092 3.382080e-14
3804.658073 3.356728e-14
3807.653054 3.360834e-14
3810.648035 3.413285e-14
3813.643016 3.450274e-14
3816.637997 3.380515e-14
3819.632978 3.376183e-14
3822.627959 3.338077e-14
3825.622940 3.325213e-14
3828.617921 3.332044e-14
3831.612901 3.324115e-14
3834.607882 3.314319e-14
3837.602863 3.329795e-14
3840.597844 3.344119e-14
3843.592825 3.364163e-14
3846.587806 3.372336e-14
3849.582787 3.334959e-14
3852.577768 3.286882e-14
3855.572749 3.315624e-14
3858.567730 3.319976e-14
3861.562711 3.272512e-14
3864.557692 3.252078e-14
3867.552672 3.284227e-14
3870.547653 3.306111e-14
3873.542634 3.305744e-14
3876.537615 3.283386e-14
3879.532596 3.269675e-14
3882.527577 3.271589e-14
3885.522558 3.250089e-14
3888.517539 3.256170e-14
3891.512520 3.264919e-14
3894.507501 3.227489e-14
3897.502482 3.205745e-14
3900.497463 3.243449e-14
3903.492444 3.235496e-14
3906.487424 3.207194e-14
3909.482405 3.224195e-14
3912.477386 3.267898e-14
3915.472367 3.278855e-14
3918.467348 3.258419e-14
3921.462329 3.266625e-14
3924.457310 3.265316e-14
3927.452291 3.243291e-14
3930.447272 3.194670e-14
3933.442253 3.162054e-14
3936.437234 3.143949e-14
3939.432215 3.131614e-14
3942.427196 3.147615e-14
3945.422176 3.139935e-14
3948.417157 3.132954e-14
3951.412138 3.172825e-14
3954.407119 3.180379e-14
3957.402100 3.171354e-14
3960.397081 3.161157e-14
3963.392062 3.129266e-14
3966.387043 3.128546e-14
3969.382024 3.123072e-14
3972.377005 3.157382e-14
3975.371986 3.205744e-14
3978.366967 3.195144e-14
3981.361948 3.197007e-14
3984.356928 3.175705e-14
3987.351909 3.231868e-14
3990.346890 3.275337e-14
3993.341871 3.267531e-14
3996.336852 3.290154e-14
3999.331833 3.346315e-14
4002.326814 3.339763e-14
4005.321795 3.321214e-14
4008.316776 3.346003e-14
4011.311757 3.367541e-14
4014.306738 3.358768e-14
4017.301719 3.340715e-14
4020.296700 3.321446e-14
4023.291680 3.322572e-14
4026.286661 3.337641e-14
4029.281642 3.321417e-14
4032.276623 3.323505e-14
4035.271604 3.319915e-14
4038.266585 3.289874e-14
4041.261566 3.284285e-14
4044.256547 3.287079e-14
4047.251528 3.294289e-14
4050.246509 3.272639e-14
4053.241490 3.267429e-14
4056.236471 3.259081e-14
4059.231452 3.248166e-14
4062.226432 3.247560e-14
4065.221413 3.242234e-14
4068.216394 3.222126e-14
4071.211375 3.231397e-14
4074.206356 3.214081e-14
4077.201337 3.213255e-14
4080.196318 3.210281e-14
4083.191299 3.166284e-14
4086.186280 3.149000e-14
4089.181261 3.135598e-14
4092.176242 3.109717e-14
4095.171223 3.091503e-14
4098.166203 3.082570e-14
4101.161184 3.058104e-14
4104.156165 3.058221e-14
4107.151146 3.030695e-14
4110.146127 3.033414e-14
4113.141108 3.049743e-14
4116.136089 3.048157e-14
4119.131070 3.035063e-14
4122.126051 3.022363e-14
4125.121032 3.030446e-14
4128.116013 2.988280e-14
4131.110994 2.954317e-14
4134.105975 2.941840e-14
4137.100955 2.910942e-14
4140.095936 2.916200e-14
4143.090917 2.903091e-14
4146.085898 2.877258e-14
4149.080879 2.869988e-14
4152.075860 2.859656e-14
4155.070841 2.857987e-14
4158.065822 2.845816e-14
4161.060803 2.828831e-14
4164.055784 2.817467e-14
4167.050765 2.801477e-14
4170.045746 2.794614e-14
4173.040727 2.782900e-14
4176.035707 2.756673e-14
4179.030688 2.768120e-14
4182.025669 2.755178e-14
4185.020650 2.734758e-14
4188.015631 2.737012e-14
4191.010612 2.726655e-14
4194.005593 2.724321e-14
4197.000574 2.734644e-14
4199.995555 2.701725e-14
4202.990536 2.691408e-14
4205.985517 2.701256e-14
4208.980498 2.688852e-14
4211.975479 2.641048e-14
4214.970459 2.630567e-14
4217.965440 2.657263e-14
4220.960421 2.674075e-14
4223.955402 2.658850e-14
4226.950383 2.639639e-14
4229.945364 2.636183e-14
4232.940345 2.654727e-14
4235.935326 2.663546e-14
4238.930307 2.648692e-14
4241.925288 2.646002e-14
4244.920269 2.645847e-14
4247.915250 2.637837e-14
4250.910231 2.649771e-14
4253.905211 2.636867e-14
4256.900192 2.645793e-14
4259.895173 2.654833e-14
4262.890154 2.642990e-14
4265.885135 2.645586e-14
4268.880116 2.627913e-14
4271.875097 2.623059e-14
4274.870078 2.655998e-14
4277.865059 2.641571e-14
4280.860040 2.630755e-14
4283.855021 2.625344e-14
4286.850002 2.654842e-14
4289.844983 2.659790e-14
4292.839963 2.637223e-14
4295.834944 2.625292e-14
4298.829925 2.604220e-14
4301.824906 2.588431e-14
4304.819887 2.598555e-14
4307.814868 2.579163e-14
4310.809849 2.566731e-14
4313.804830 2.557837e-14
4316.799811 2.577662e-14
4319.794792 2.576776e-14
4322.789773 2.571476e-14
4325.784754 2.580776e-14
4328.779734 2.586469e-14
4331.774715 2.581447e-14
4334.769696 2.576845e-14
4337.764677 2.576940e-14
4340.759658 2.588887e-14
4343.754639 2.587338e-14
4346.749620 2.568668e-14
4349.744601 2.576331e-14
4352.739582 2.548527e-14
4355.734563 2.549039e-14
4358.729544 2.553383e-14
4361.724525 2.541147e-14
4364.719506 2.534470e-14
4367.714486 2.545840e-14
4370.709467 2.529777e-14
4373.704448 2.528474e-14
4376.699429 2.536022e-14
4379.694410 2.512891e-14
4382.689391 2.489487e-14
4385.684372 2.495910e-14
4388.679353 2.481226e-14
4391.674334 2.471155e-14
4394.669315 2.455488e-14
4397.664296 2.468505e-14
4400.659277 2.474132e-14
4403.654258 2.455328e-14
4406.649238 2.447288e-14
4409.644219 2.428858e-14
4412.639200 2.439283e-14
4415.634181 2.421714e-14
4418.629162 2.404528e-14
4421.624143 2.394356e-14
4424.619124 2.391227e-14
4427.614105 2.380322e-14
4430.609086 2.374616e-14
4433.604067 2.375388e-14
4436.599048 2.374155e-14
4439.594029 2.387459e-14
4442.589010 2.366812e-14
4445.583990 2.349887e-14
4448.578971 2.333375e-14
4451.573952 2.345096e-14
4454.568933 2.341354e-14
4457.563914 2.328453e-14
4460.558895 2.333116e-14
4463.553876 2.337728e-14
4466.548857 2.330395e-14
4469.543838 2.327964e-14
4472.538819 2.328234e-14
4475.533800 2.319067e-14
4478.528781 2.308494e-14
4481.523762 2.324243e-14
4484.518742 2.342357e-14
4487.513723 2.347074e-14
4490.508704 2.337119e-14
4493.503685 2.355190e-14
4496.498666 2.379310e-14
4499.493647 2.387703e-14
4502.488628 2.387380e-14
4505.483609 2.386582e-14
4508.478590 2.397748e-14
4511.473571 2.388214e-14
4514.468552 2.396615e-14
4517.463533 2.404251e-14
4520.458514 2.406941e-14
4523.453494 2.413062e-14
4526.448475 2.439138e-14
4529.443456 2.428816e-14
4532.438437 2.444534e-14
4535.433418 2.447269e-14
4538.428399 2.442578e-14
4541.423380 2.439684e-14
4544.418361 2.443845e-14
4547.413342 2.458524e-14
4550.408323 2.460406e-14
4553.403304 2.464203e-14
4556.398285 2.468239e-14
4559.393266 2.458103e-14
4562.388246 2.457102e-14
4565.383227 2.459842e-14
4568.378208 2.440572e-14
4571.373189 2.432174e-14
4574.368170 2.442515e-14
4577.363151 2.439024e-14
4580.358132 2.427097e-14
4583.353113 2.437518e-14
4586.348094 2.429475e-14
4589.343075 2.418384e-14
4592.338056 2.408084e-14
4595.333037 2.417580e-14
4598.328017 2.408106e-14
4601.322998 2.387573e-14
4604.317979 2.400525e-14
4607.312960 2.404260e-14
4610.307941 2.377080e-14
4613.302922 2.362687e-14
4616.297903 2.363176e-14
4619.292884 2.365999e-14
4622.287865 2.356427e-14
4625.282846 2.343042e-14
4628.277827 2.326853e-14
4631.272808 2.301686e-14
4634.267789 2.310083e-14
4637.262769 2.312172e-14
4640.257750 2.294866e-14
4643.252731 2.293279e-14
4646.247712 2.310853e-14
4649.242693 2.301988e-14
4652.237674 2.277109e-14
4655.232655 2.253838e-14
4658.227636 2.249175e-14
4661.222617 2.265506e-14
4664.217598 2.259887e-14
4667.212579 2.244075e-14
4670.207560 2.247134e-14
4673.202541 2.257965e-14
4676.197521 2.262139e-14
4679.192502 2.256158e-14
4682.187483 2.231501e-14
4685.182464 2.229864e-14
4688.177445 2.227089e-14
4691.172426 2.232668e-14
4694.167407 2.225092e-14
4697.162388 2.217094e-14
4700.157369 2.226764e-14
4703.152350 2.231003e-14
4706.147331 2.215673e-14
4709.142312 2.215415e-14
4712.137293 2.216244e-14
4715.132273 2.209618e-14
4718.127254 2.206702e-14
4721.122235 2.210101e-14
4724.117216 2.203195e-14
4727.112197 2.205131e-14
4730.107178 2.201126e-14
4733.102159 2.206246e-14
4736.097140 2.228926e-14
4739.092121 2.231094e-14
4742.087102 2.220491e-14
4745.082083 2.223199e-14
4748.077064 2.219352e-14
4751.072045 2.222442e-14
4754.067025 2.209126e-14
4757.062006 2.230507e-14
4760.056987 2.232211e-14
4763.051968 2.219287e-14
4766.046949 2.215663e-14
4769.041930 2.218179e-14
4772.036911 2.216715e-14
4775.031892 2.217094e-14
4778.026873 2.218196e-14
4781.021854 2.211020e-14
4784.016835 2.211855e-14
4787.011816 2.207285e-14
4790.006797 2.226732e-14
4793.001777 2.219720e-14
4795.996758 2.192774e-14
4798.991739 2.207156e-14
4801.986720 2.206070e-14
4804.981701 2.189500e-14
4807.976682 2.197330e-14
4810.971663 2.201533e-14
4813.966644 2.190559e-14
4816.961625 2.183885e-14
4819.956606 2.179374e-14
4822.951587 2.180457e-14
4825.946568 2.175631e-14
4828.941548 2.168510e-14
4831.936529 2.176505e-14
4834.931510 2.165803e-14
4837.926491 2.149458e-14
4840.921472 2.152733e-14
4843.916453 2.147285e-14
4846.911434 2.137939e-14
4849.906415 2.130687e-14
4852.901396 2.138381e-14
4855.896377 2.128789e-14
4858.891358 2.117281e-14
4861.886339 2.116847e-14
4864.881320 2.120385e-14
4867.876300 2.102363e-14
4870.871281 2.092961e-14
4873.866262 2.099914e-14
4876.861243 2.095165e-14
4879.856224 2.094998e-14
4882.851205 2.087369e-14
4885.846186 2.090452e-14
4888.841167 2.081011e-14
4891.836148 2.074195e-14
4894.831129 2.063518e-14
4897.826110 2.055606e-14
4900.821091 2.054708e-14
4903.816072 2.045520e-14
4906.811052 2.035609e-14
4909.806033 2.025758e-14
4912.801014 2.030217e-14
4915.795995 2.020934e-14
4918.790976 1.999593e-14
4921.785957 2.002098e-14
4924.780938 1.999877e-14
4927.775919 1.995313e-14
4930.770900 2.003006e-14
4933.765881 1.980092e-14
4936.760862 1.970537e-14
4939.755843 1.976377e-14
4942.750824 1.966475e-14
4945.745804 1.958504e-14
4948.740785 1.959050e-14
4951.735766 1.945055e-14
4954.730747 1.942708e-14
4957.725728 1.945110e-14
4960.720709 1.938253e-14
4963.715690 1.921685e-14
4966.710671 1.922642e-14
4969.705652 1.912684e-14
4972.700633 1.903160e-14
4975.695614 1.909766e-14
4978.690595 1.902388e-14
4981.685576 1.892077e-14
4984.680556 1.862416e-14
4987.675537 1.846442e-14
4990.670518 1.842934e-14
4993.665499 1.849249e-14
4996.660480 1.849258e-14
4999.655461 1.851181e-14
5002.650442 1.848608e-14
5005.645423 1.825579e-14
5008.640404 1.815410e-14
5011.635385 1.818787e-14
5014.630366 1.811139e-14
5017.625347 1.804473e-14
5020.620328 1.807662e-14
5023.615308 1.797776e-14
5026.610289 1.782619e-14
5029.605270 1.780353e-14
5032.600251 1.791028e-14
5035.595232 1.778119e-14
5038.590213 1.764295e-14
5041.585194 1.756144e-14
5044.580175 1.754455e-14
5047.575156 1.766704e-14
5050.570137 1.764518e-14
5053.565118 1.751838e-14
5056.560099 1.741674e-14
5059.555079 1.737292e-14
5062.550060 1.737888e-14
5065.545041 1.720606e-14
5068.540022 1.727510e-14
5071.535003 1.721187e-14
5074.529984 1.705280e-14
5077.524965 1.713511e-14
5080.519946 1.698584e-14
5083.514927 1.697386e-14
5086.509908 1.692042e-14
5089.504889 1.686177e-14
5092.499870 1.675141e-14
5095.494851 1.670734e-14
5098.489831 1.675551e-14
5101.484812 1.674321e-14
5104.479793 1.665406e-14
5107.474774 1.673947e-14
5110.469755 1.662525e-14
5113.464736 1.655848e-14
5116.459717 1.657992e-14
5119.454698 1.651743e-14
5122.449679 1.646434e-14
5125.444660 1.651429e-14
5128.439641 1.644794e-14
5131.434622 1.622084e-14
5134.429603 1.618846e-14
5137.424583 1.627305e-14
5140.419564 1.615382e-14
5143.414545 1.608083e-14
5146.409526 1.614250e-14
5149.404507 1.606188e-14
5152.399488 1.617325e-14
5155.394469 1.615679e-14
5158.389450 1.600800e-14
5161.384431 1.591489e-14
5164.379412 1.597084e-14
5167.374393 1.602402e-14
5170.369374 1.598943e-14
5173.364355 1.596833e-14
5176.359335 1.588226e-14
5179.354316 1.583658e-14
5182.349297 1.588869e-14
5185.344278 1.587511e-14
5188.339259 1.574156e-14
5191.334240 1.571440e-14
5194.329221 1.577865e-14
5197.324202 1.569821e-14
5200.319183 1.566156e-14
5203.314164 1.569268e-14
5206.309145 1.562712e-14
5209.304126 1.557573e-14
5212.299107 1.559819e-14
5215.294087 1.560231e-14
5218.289068 1.552560e-14
5221.284049 1.546086e-14
5224.279030 1.540157e-14
5227.274011 1.528115e-14
5230.268992 1.524621e-14
5233.263973 1.537896e-14
5236.258954 1.521063e-14
5239.253935 1.517874e-14
5242.248916 1.516056e-14
5245.243897 1.502113e-14
5248.238878 1.499586e-14
5251.233859 1.504097e-14
5254.228839 1.499096e-14
5257.223820 1.499290e-14
5260.218801 1.501827e-14
5263.213782 1.497652e-14
5266.208763 1.498276e-14
5269.203744 1.492010e-14
5272.198725 1.477753e-14
5275.193706 1.469302e-14
5278.188687 1.466565e-14
5281.183668 1.477160e-14
5284.178649 1.479637e-14
5287.173630 1.470503e-14
5290.168610 1.467407e-14
5293.163591 1.463779e-14
5296.158572 1.468982e-14
5299.153553 1.464309e-14
5302.148534 1.464472e-14
5305.143515 1.452019e-14
5308.138496 1.455953e-14
5311.133477 1.456513e-14
5314.128458 1.452627e-14
5317.123439 1.455839e-14
5320.118420 1.449792e-14
5323.113401 1.439877e-14
5326.108382 1.438640e-14
5329.103362 1.439426e-14
5332.098343 1.430595e-14
5335.093324 1.422774e-14
5338.088305 1.427196e-14
5341.083286 1.434077e-14
5344.078267 1.427446e-14
5347.073248 1.415456e-14
5350.068229 1.411892e-14
5353.063210 1.416640e-14
5356.058191 1.418645e-14
5359.053172 1.414764e-14
5362.048153 1.406606e-14
5365.043134 1.398188e-14
5368.038114 1.405289e-14
5371.033095 1.397640e-14
5374.028076 1.388161e-14
5377.023057 1.404022e-14
5380.018038 1.394584e-14
5383.013019 1.395852e-14
5386.008000 1.399878e-14
5389.002981 1.380165e-14
5391.997962 1.385818e-14
5394.992943 1.388486e-14
5397.987924 1.383087e-14
5400.982905 1.387129e-14
5403.977886 1.382682e-14
5406.972866 1.374353e-14
5409.967847 1.366778e-14
5412.962828 1.359582e-14
5415.957809 1.357745e-14
5418.952790 1.366879e-14
5421.947771 1.357010e-14
5424.942752 1.349632e-14
5427.937733 1.348569e-14
5430.932714 1.343013e-14
5433.927695 1.347218e-14
5436.922676 1.349942e-14
5439.917657 1.341597e-14
5442.912638 1.343276e-14
5445.907618 1.343629e-14
5448.902599 1.338438e-14
5451.897580 1.331486e-14
5454.892561 1.329421e-14
5457.887542 1.324492e-14
5460.882523 1.334792e-14
5463.877504 1.344962e-14
5466.872485 1.331017e-14
5469.867466 1.327473e-14
5472.862447 1.324660e-14
5475.857428 1.320477e-14
5478.852409 1.326185e-14
5481.847390 1.321899e-14
5484.842370 1.316164e-14
5487.837351 1.304827e-14
5490.832332 1.303448e-14
5493.827313 1.319316e-14
5496.822294 1.316677e-14
5499.817275 1.314912e-14
5502.812256 1.316707e-14
5505.807237 1.320770e-14
5508.802218 1.317701e-14
5511.797199 1.319211e-14
5514.792180 1.308230e-14
5517.787161 1.303318e-14
5520.782141 1.306087e-14
5523.777122 1.307971e-14
5526.772103 1.301613e-14
5529.767084 1.301744e-14
5532.762065 1.296195e-14
5535.757046 1.294492e-14
5538.752027 1.301843e-14
5541.747008 1.300638e-14
5544.741989 1.300733e-14
5547.736970 1.304139e-14
5550.731951 1.293696e-14
5553.726932 1.292905e-14
5556.721913 1.289733e-14
5559.716893 1.280603e-14
5562.711874 1.279505e-14
5565.706855 1.282135e-14
5568.701836 1.286566e-14
5571.696817 1.295064e-14
5574.691798 1.296811e-14
5577.686779 1.282540e-14
5580.681760 1.274546e-14
5583.676741 1.279858e-14
5586.671722 1.289265e-14
5589.666703 1.289152e-14
5592.661684 1.280190e-14
5595.656665 1.275980e-14
5598.651645 1.268808e-14
5601.646626 1.266866e-14
5604.641607 1.262280e-14
5607.636588 1.264362e-14
5610.631569 1.267138e-14
5613.626550 1.267612e-14
5616.621531 1.258160e-14
5619.616512 1.253230e-14
5622.611493 1.253987e-14
5625.606474 1.256896e-14
5628.601455 1.252571e-14
5631.596436 1.245541e-14
5634.591417 1.244509e-14
5637.586397 1.258550e-14
5640.581378 1.257487e-14
5643.576359 1.251084e-14
5646.571340 1.246450e-14
5649.566321 1.244857e-14
5652.561302 1.249283e-14
5655.556283 1.248990e-14
5658.551264 1.246411e-14
5661.546245 1.242324e-14
5664.541226 1.245247e-14
5667.536207 1.250083e-14
5670.531188 1.249802e-14
5673.526169 1.246990e-14
5676.521149 1.246235e-14
5679.516130 1.245895e-14
5682.511111 1.245494e-14
5685.506092 1.254701e-14
5688.501073 1.248165e-14
5691.496054 1.251943e-14
5694.491035 1.253609e-14
5697.486016 1.253786e-14
5700.480997 1.261752e-14
5703.475978 1.258804e-14
5706.470959 1.263323e-14
5709.465940 1.257457e-14
5712.460921 1.267900e-14
5715.455901 1.270998e-14
5718.450882 1.268762e-14
5721.445863 1.268458e-14
5724.440844 1.268662e-14
5727.435825 1.270603e-14
5730.430806 1.269910e-14
5733.425787 1.274438e-14
5736.420768 1.279578e-14
5739.415749 1.278330e-14
5742.410730 1.276453e-14
5745.405711 1.270035e-14
5748.400692 1.271540e-14
5751.395672 1.277492e-14
5754.390653 1.278529e-14
5757.385634 1.273202e-14
5760.380615 1.270711e-14
5763.375596 1.276936e-14
5766.370577 1.280145e-14
5769.365558 1.277292e-14
5772.360539 1.274292e-14
5775.355520 1.260457e-14
5778.350501 1.260187e-14
5781.345482 1.266895e-14
5784.340463 1.266942e-14
5787.335444 1.268109e-14
5790.330424 1.274995e-14
5793.325405 1.277294e-14
5796.320386 1.269321e-14
5799.315367 1.269044e-14
5802.310348 1.278584e-14
5805.305329 1.278698e-14
5808.300310 1.280262e-14
5811.295291 1.286641e-14
5814.290272 1.278943e-14
5817.285253 1.272921e-14
5820.280234 1.275807e-14
5823.275215 1.273364e-14
5826.270196 1.271400e-14
5829.265176 1.271489e-14
5832.260157 1.270759e-14
5835.255138 1.269421e-14
5838.250119 1.267706e-14
5841.245100 1.265726e-14
5844.240081 1.271609e-14
5847.235062 1.278951e-14
5850.230043 1.279323e-14
5853.225024 1.259782e-14
5856.220005 1.254065e-14
5859.214986 1.266241e-14
5862.209967 1.248350e-14
5865.204948 1.249496e-14
5868.199928 1.258289e-14
5871.194909 1.247383e-14
5874.189890 1.237590e-14
5877.184871 1.236366e-14
5880.179852 1.240930e-14
5883.174833 1.240235e-14
5886.169814 1.231487e-14
5889.164795 1.212792e-14
5892.159776 1.204063e-14
5895.154757 1.207367e-14
5898.149738 1.203936e-14
5901.144719 1.196452e-14
5904.139700 1.197738e-14
5907.134680 1.184490e-14
5910.129661 1.168177e-14
5913.124642 1.156808e-14
5916.119623 1.164716e-14
5919.114604 1.181585e-14
5922.109585 1.195084e-14
5925.104566 1.193884e-14
5928.099547 1.191801e-14
5931.094528 1.191628e-14
5934.089509 1.186868e-14
5937.084490 1.181289e-14
5940.079471 1.173076e-14
5943.074452 1.173881e-14
5946.069432 1.179506e-14
5949.064413 1.170265e-14
5952.059394 1.155989e-14
5955.054375 1.154374e-14
5958.049356 1.158065e-14
5961.044337 1.151571e-14
5964.039318 1.149350e-14
5967.034299 1.145713e-14
5970.029280 1.137918e-14
5973.024261 1.134575e-14
5976.019242 1.128921e-14
5979.014223 1.131210e-14
5982.009203 1.129261e-14
5985.004184 1.132552e-14
5987.999165 1.120366e-14
5990.994146 1.115660e-14
5993.989127 1.119495e-14
5996.984108 1.117785e-14
5999.979089 1.120449e-14
6002.974070 1.120182e-14
6005.969051 1.108213e-14
6008.964032 1.101879e-14
6011.959013 1.099215e-14
6014.953994 1.090973e-14
6017.948975 1.096548e-14
6020.943955 1.090856e-14
6023.938936 1.083512e-14
6026.933917 1.080601e-14
6029.928898 1.085593e-14
6032.923879 1.080558e-14
6035.918860 1.087850e-14
6038.913841 1.080654e-14
6041.908822 1.074057e-14
6044.903803 1.075220e-14
6047.898784 1.073392e-14
6050.893765 1.065015e-14
6053.888746 1.060301e-14
6056.883727 1.060451e-14
6059.878707 1.057312e-14
6062.873688 1.057075e-14
6065.868669 1.061100e-14
6068.863650 1.064799e-14
6071.858631 1.060483e-14
6074.853612 1.046319e-14
6077.848593 1.045582e-14
6080.843574 1.049450e-14
6083.838555 1.049250e-14
6086.833536 1.045205e-14
6089.828517 1.038301e-14
6092.823498 1.042057e-14
6095.818479 1.032328e-14
6098.813459 1.029346e-14
6101.808440 1.035793e-14
6104.803421 1.028963e-14
6107.798402 1.022688e-14
6110.793383 1.019497e-14
6113.788364 1.020361e-14
6116.783345 1.022037e-14
6119.778326 1.018930e-14
6122.773307 1.008840e-14
6125.768288 1.007114e-14
6128.763269 1.010553e-14
6131.758250 1.003213e-14
6134.753231 9.969753e-15
6137.748211 9.983627e-15
6140.743192 9.973681e-15
6143.738173 9.901886e-15
6146.733154 9.859640e-15
6149.728135 9.793006e-15
6152.723116 9.752373e-15
6155.718097 9.798668e-15
6158.713078 9.793929e-15
6161.708059 9.650786e-15
6164.703040 9.682100e-15
6167.698021 9.665999e-15
6170.693002 9.636447e-15
6173.687983 9.604665e-15
6176.682963 9.530687e-15
6179.677944 9.505125e-15
6182.672925 9.513674e-15
6185.667906 9.481532e-15
6188.662887 9.463498e-15
6191.657868 9.471977e-15
6194.652849 9.463894e-15
6197.647830 9.448599e-15
6200.642811 9.394253e-15
6203.637792 9.349562e-15
6206.632773 9.410384e-15
6209.627754 9.397089e-15
6212.622734 9.328037e-15
6215.617715 9.254733e-15
6218.612696 9.211299e-15
6221.607677 9.210720e-15
6224.602658 9.193148e-15
6227.597639 9.204269e-15
6230.592620 9.146141e-15
6233.587601 9.037109e-15
6236.582582 9.048484e-15
6239.577563 9.101307e-15
6242.572544 9.050636e-15
6245.567525 8.924671e-15
6248.562506 8.989821e-15
6251.557486 9.101968e-15
6254.552467 9.014568e-15
6257.547448 9.005393e-15
6260.542429 8.973560e-15
6263.537410 8.910543e-15
6266.532391 8.915867e-15
6269.527372 8.969564e-15
6272.522353 8.886251e-15
6275.517334 8.734218e-15
6278.512315 8.680926e-15
6281.507296 8.657441e-15
6284.502277 8.766717e-15
6287.497258 8.905387e-15
6290.492238 8.943912e-15
6293.487219 8.955003e-15
6296.482200 8.980750e-15
6299.477181 9.075934e-15
6302.472162 9.165971e-15
6305.467143 9.129011e-15
6308.462124 9.085951e-15
6311.457105 9.086244e-15
6314.452086 9.255625e-15
6317.447067 9.216067e-15
6320.442048 9.273615e-15
6323.437029 9.236181e-15
6326.432010 9.379685e-15
6329.426990 9.372997e-15
6332.421971 9.447672e-15
6335.416952 9.535355e-15
6338.411933 9.574245e-15
6341.406914 9.565799e-15
6344.401895 9.591445e-15
6347.396876 9.699633e-15
6350.391857 9.736749e-15
6353.386838 9.765336e-15
6356.381819 9.832622e-15
6359.376800 9.802214e-15
6362.371781 9.793601e-15
6365.366762 9.890427e-15
6368.361742 9.884880e-15
6371.356723 9.829553e-15
6374.351704 9.934250e-15
6377.346685 1.011005e-14
6380.341666 1.013590e-14
6383.336647 1.017860e-14
6386.331628 1.023707e-14
6389.326609 1.028695e-14
6392.321590 1.028915e-14
6395.316571 1.031528e-14
6398.311552 1.041112e-14
6401.306533 1.048204e-14
6404.301514 1.047165e-14
6407.296494 1.044752e-14
6410.291475 1.050121e-14
6413.286456 1.053765e-14
6416.281437 1.065267e-14
6419.276418 1.062177e-14
6422.271399 1.055173e-14
6425.266380 1.077610e-14
6428.261361 1.076634e-14
6431.256342 1.078029e-14
6434.251323 1.079383e-14
6437.246304 1.074247e-14
6440.241285 1.067078e-14
6443.236266 1.063034e-14
6446.231246 1.060066e-14
6449.226227 1.066004e-14
6452.221208 1.076205e-14
6455.216189 1.077102e-14
6458.211170 1.075142e-14
6461.206151 1.073043e-14
6464.201132 1.069713e-14
6467.196113 1.068340e-14
6470.191094 1.067160e-14
6473.186075 1.070935e-14
6476.181056 1.074040e-14
6479.176037 1.075678e-14
6482.171017 1.079578e-14
6485.165998 1.080340e-14
6488.160979 1.078828e-14
6491.155960 1.075011e-14
6494.150941 1.066747e-14
6497.145922 1.062335e-14
6500.140903 1.058520e-14
6503.135884 1.055375e-14
6506.130865 1.065617e-14
6509.125846 1.068909e-14
6512.120827 1.062738e-14
6515.115808 1.069259e-14
6518.110789 1.072592e-14
6521.105769 1.069504e-14
6524.100750 1.061178e-14
6527.095731 1.061085e-14
6530.090712 1.060043e-14
6533.085693 1.062544e-14
6536.080674 1.067876e-14
6539.075655 1.067032e-14
6542.070636 1.058527e-14
6545.065617 1.055656e-14
6548.060598 1.052738e-14
6551.055579 1.049792e-14
6554.050560 1.048201e-14
6557.045541 1.036819e-14
6560.040521 1.034402e-14
6563.035502 1.043295e-14
6566.030483 1.050735e-14
6569.025464 1.055661e-14
6572.020445 1.051931e-14
6575.015426 1.046308e-14
6578.010407 1.045104e-14
6581.005388 1.039692e-14
6584.000369 1.038416e-14
6586.995350 1.040246e-14
6589.990331 1.034509e-14
6592.985312 1.028686e-14
6595.980293 1.029233e-14
6598.975273 1.030216e-14
6601.970254 1.028546e-14
6604.965235 1.024015e-14
6607.960216 1.018668e-14
6610.955197 1.011242e-14
6613.950178 1.003459e-14
6616.945159 1.005055e-14
6619.940140 9.975321e-15
6622.935121 9.998804e-15
6625.930102 1.007056e-14
6628.925083 9.897189e-15
6631.920064 9.877014e-15
6634.915045 9.886586e-15
6637.910025 9.788444e-15
6640.905006 9.669372e-15
6643.899987 9.593891e-15
6646.894968 9.564213e-15
6649.889949 9.529927e-15
6652.884930 9.518068e-15
6655.879911 9.552709e-15
6658.874892 9.576308e-15
6661.869873 9.506572e-15
6664.864854 9.415057e-15
6667.859835 9.362480e-15
6670.854816 9.323144e-15
6673.849797 9.231077e-15
6676.844777 9.302425e-15
6679.839758 9.337554e-15
6682.834739 9.217270e-15
6685.829720 9.149878e-15
6688.824701 9.164790e-15
6691.819682 9.076610e-15
6694.814663 8.973997e-15
6697.809644 9.003523e-15
6700.804625 8.998337e-15
6703.799606 8.982552e-15
6706.794587 9.009396e-15
6709.789568 8.908755e-15
6712.784548 8.918586e-15
6715.779529 8.952355e-15
6718.774510 8.831143e-15
6721.769491 8.748263e-15
6724.764472 8.777270e-15
6727.759453 8.691191e-15
6730.754434 8.513235e-15
6733.749415 8.549615e-15
6736.744396 8.643466e-15
6739.739377 8.546411e-15
6742.734358 8.448460e-15
6745.729339 8.418740e-15
6748.724320 8.399198e-15
6751.719300 8.435224e-15
6754.714281 8.462270e-15
6757.709262 8.472068e-15
6760.704243 8.413140e-15
6763.699224 8.413747e-15
6766.694205 8.428856e-15
6769.689186 8.400551e-15
6772.684167 8.290663e-15
6775.679148 8.188913e-15
6778.674129 8.143723e-15
6781.669110 8.103334e-15
6784.664091 8.109376e-15
6787.659072 8.168231e-15
6790.654052 8.199022e-15
6793.649033 8.229429e-15
6796.644014 8.206434e-15
6799.638995 8.129688e-15
6802.633976 8.138329e-15
6805.628957 8.161086e-15
6808.623938 8.117345e-15
6811.618919 8.153648e-15
6814.613900 8.159985e-15
6817.608881 8.137972e-15
6820.603862 8.213852e-15
6823.598843 8.028842e-15
6826.593824 7.858385e-15
6829.588804 7.916944e-15
6832.583785 7.891645e-15
6835.578766 7.884901e-15
6838.573747 7.878919e-15
6841.568728 7.803299e-15
6844.563709 7.879209e-15
6847.558690 7.911172e-15
6850.553671 7.909298e-15
6853.548652 7.865372e-15
6856.543633 7.799251e-15
6859.538614 7.711684e-15
6862.533595 7.492242e-15
6865.528576 6.997490e-15
6868.523556 6.295828e-15
6871.518537 5.790078e-15
6874.513518 5.782093e-15
6877.508499 6.151883e-15
6880.503480 6.614055e-15
6883.498461 6.978613e-15
6886.493442 6.855469e-15
6889.488423 6.699524e-15
6892.483404 6.631030e-15
6895.478385 6.593185e-15
6898.473366 6.620380e-15
6901.468347 6.716294e-15
6904.463328 6.901502e-15
6907.458308 7.073656e-15
6910.453289 7.211293e-15
6913.448270 7.332236e-15
6916.443251 7.387735e-15
6919.438232 7.424672e-15
6922.433213 7.480662e-15
6925.428194 7.505860e-15
6928.423175 7.435970e-15
6931.418156 7.441644e-15
6934.413137 7.456561e-15
6937.408118 7.459690e-15
6940.403099 7.310898e-15
6943.398079 7.430667e-15
6946.393060 7.548908e-15
6949.388041 7.629680e-15
6952.383022 7.613515e-15
6955.378003 7.550402e-15
6958.372984 7.556459e-15
6961.367965 7.489609e-15
6964.362946 7.538642e-15
6967.357927 7.535187e-15
6970.352908 7.510291e-15
6973.347889 7.425295e-15
6976.342870 7.465392e-15
6979.337851 7.499632e-15
6982.332831 7.495785e-15
6985.327812 7.498486e-15
6988.322793 7.481074e-15
6991.317774 7.470247e-15
6994.312755 7.500408e-15
6997.307736 7.514771e-15
7000.302717 7.450070e-15
7003.297698 7.360039e-15
7006.292679 7.334764e-15
7009.287660 7.326172e-15
7012.282641 7.314325e-15
7015.277622 7.306810e-15
7018.272603 7.303784e-15
7021.267583 7.347982e-15
7024.262564 7.385500e-15
7027.257545 7.369596e-15
7030.252526 7.382272e-15
7033.247507 7.429090e-15
7036.242488 7.359751e-15
7039.237469 7.269336e-15
7042.232450 7.289552e-15
7045.227431 7.295737e-15
7048.222412 7.260307e-15
7051.217393 7.208409e-15
7054.212374 7.228435e-15
7057.207355 7.268017e-15
7060.202335 7.186023e-15
7063.197316 7.204512e-15
7066.192297 7.204553e-15
7069.187278 7.171944e-15
7072.182259 7.235906e-15
7075.177240 7.266258e-15
7078.172221 7.242576e-15
7081.167202 7.180060e-15
7084.162183 7.114198e-15
7087.157164 7.132493e-15
7090.152145 7.086826e-15
7093.147126 7.146778e-15
7096.142107 7.076281e-15
7099.137087 7.039391e-15
7102.132068 6.988847e-15
7105.127049 6.999220e-15
7108.122030 7.000606e-15
7111.117011 7.070321e-15
7114.111992 7.060905e-15
7117.106973 6.956472e-15
7120.101954 6.883343e-15
7123.096935 6.874619e-15
7126.091916 6.925672e-15
7129.086897 6.933188e-15
7132.081878 6.911492e-15
7135.076859 6.833180e-15
7138.071839 6.883555e-15
7141.066820 6.844235e-15
7144.061801 6.818987e-15
7147.056782 6.850984e-15
7150.051763 6.890122e-15
7153.046744 6.904856e-15
7156.041725 6.864343e-15
7159.036706 6.801294e-15
7162.031687 6.769169e-15
7165.026668 6.763852e-15
7168.021649 6.776386e-15
7171.016630 6.777000e-15
7174.011610 6.745748e-15
7177.006591 6.688198e-15
7180.001572 6.544814e-15
7182.996553 6.454139e-15
7185.991534 6.419624e-15
7188.986515 6.325492e-15
7191.981496 6.302220e-15
7194.976477 6.446613e-15
7197.971458 6.496933e-15
7200.966439 6.481734e-15
7203.961420 6.492890e-15
7206.956401 6.437916e-15
7209.951382 6.494176e-15
7212.946362 6.554454e-15
7215.941343 6.598146e-15
7218.936324 6.563981e-15
7221.931305 6.544787e-15
7224.926286 6.591309e-15
7227.921267 6.581313e-15
7230.916248 6.595162e-15
7233.911229 6.555409e-15
7236.906210 6.445792e-15
7239.901191 6.487008e-15
7242.896172 6.567806e-15
7245.891153 6.445372e-15
7248.886134 6.301950e-15
7251.881114 6.321496e-15
7254.876095 6.262489e-15
7257.871076 6.232694e-15
7260.866057 6.281779e-15
7263.861038 6.153713e-15
7266.856019 6.228800e-15
7269.851000 6.354226e-15
7272.845981 6.342952e-15
7275.840962 6.312443e-15
7278.835943 6.291344e-15
7281.830924 6.290356e-15
7284.825905 6.318438e-15
7287.820886 6.328522e-15
7290.815866 6.296229e-15
7293.810847 6.219134e-15
7296.805828 6.130946e-15
7299.800809 6.017450e-15
7302.795790 5.943966e-15
7305.790771 6.082766e-15
7308.785752 6.196913e-15
7311.780733 6.205179e-15
7314.775714 6.209722e-15
7317.770695 6.166956e-15
7320.765676 6.146038e-15
7323.760657 6.242626e-15
7326.755638 6.315028e-15
7329.750618 6.284998e-15
7332.745599 6.258275e-15
7335.740580 6.213521e-15
7338.735561 6.255024e-15
7341.730542 6.291958e-15
7344.725523 6.258687e-15
7347.720504 6.250108e-15
7350.715485 6.253506e-15
7353.710466 6.220823e-15
7356.705447 6.186453e-15
7359.700428 6.234741e-15
7362.695409 6.288834e-15
7365.690390 6.225571e-15
7368.685370 6.216987e-15
7371.680351 6.132541e-15
7374.675332 6.046609e-15
7377.670313 6.104906e-15
7380.665294 6.184582e-15
7383.660275 6.200519e-15
7386.655256 6.173231e-15
7389.650237 6.222310e-15
7392.645218 6.320950e-15
7395.640199 6.324583e-15
7398.635180 6.247750e-15
7401.630161 6.134468e-15
7404.625141 6.066363e-15
7407.620122 6.050336e-15
7410.615103 6.049838e-15
7413.610084 6.055915e-15
7416.605065 5.958308e-15
7419.600046 5.946431e-15
7422.595027 6.024076e-15
7425.590008 6.075510e-15
7428.584989 6.113641e-15
7431.579970 6.170882e-15
7434.574951 6.146535e-15
7437.569932 6.096365e-15
7440.564913 6.171793e-15
7443.559893 5.947355e-15
7446.554874 5.936309e-15
7449.549855 5.894856e-15
7452.544836 5.720625e-15
7455.539817 5.635883e-15
7458.534798 5.708953e-15
7461.529779 5.787561e-15
7464.524760 5.752316e-15
7467.519741 5.736510e-15
7470.514722 5.843034e-15
7473.509703 5.905620e-15
7476.504684 5.919461e-15
7479.499665 6.000119e-15
7482.494645 6.039841e-15
7485.489626 6.034863e-15
7488.484607 5.923403e-15
7491.479588 5.754501e-15
7494.474569 5.636866e-15
7497.469550 5.551482e-15
7500.464531 5.435134e-15
7503.459512 5.427766e-15
7506.454493 5.675242e-15
7509.449474 5.825744e-15
7512.444455 5.852848e-15
7515.439436 6.042922e-15
7518.434417 5.987177e-15
7521.429397 5.974634e-15
7524.424378 5.938552e-15
7527.419359 5.887031e-15
7530.414340 5.780927e-15
7533.409321 5.600319e-15
7536.404302 5.460842e-15
7539.399283 5.488532e-15
7542.394264 5.604727e-15
7545.389245 5.648837e-15
7548.384226 5.613521e-15
7551.379207 5.626103e-15
7554.374188 5.819865e-15
7557.369169 5.897953e-15
7560.364149 5.997394e-15
7563.359130 6.072896e-15
7566.354111 6.082742e-15
7569.349092 5.966078e-15
7572.344073 5.697583e-15
7575.339054 5.541891e-15
7578.334035 5.527867e-15
7581.329016 5.436379e-15
7584.323997 5.371293e-15
7587.318978 5.292176e-15
7590.313959 5.063298e-15
7593.308940 4.486756e-15
7596.303921 3.606521e-15
7599.298901 2.285301e-15
7602.293882 1.252627e-15
7605.288863 7.473615e-16
7608.283844 7.494300e-16
7611.278825 1.142304e-15
7614.273806 1.774092e-15
7617.268787 2.503523e-15
7620.263768 2.933533e-15
7623.258749 2.722964e-15
7626.253730 2.236663e-15
7629.248711 1.835429e-15
7632.243692 1.788724e-15
7635.238672 1.993127e-15
7638.233653 2.302372e-15
7641.228634 2.638504e-15
7644.223615 2.963156e-15
7647.218596 3.353181e-15
7650.213577 3.638875e-15
7653.208558 3.775503e-15
7656.203539 4.016534e-15
7659.198520 4.119474e-15
7662.193501 4.271838e-15
7665.188482 4.461274e-15
7668.183463 4.492251e-15
7671.178444 4.498237e-15
7674.173424 4.646608e-15
7677.168405 4.830941e-15
7680.163386 4.910737e-15
7683.158367 5.103111e-15
7686.153348 5.374966e-15
7689.148329 5.463597e-15
7692.143310 5.471378e-15
7695.138291 5.591560e-15
7698.133272 5.777024e-15
7701.128253 5.650774e-15
7704.123234 5.365472e-15
7707.118215 5.240559e-15
7710.113196 5.159010e-15
7713.108176 5.093527e-15
7716.103157 5.083608e-15
7719.098138 5.156862e-15
7722.093119 5.296898e-15
7725.088100 5.341655e-15
7728.083081 5.325509e-15
7731.078062 5.378766e-15
7734.073043 5.584260e-15
7737.068024 5.689333e-15
7740.063005 5.493425e-15
7743.057986 5.182198e-15
7746.052967 5.189920e-15
7749.047948 5.219378e-15
7752.042928 5.244005e-15
7755.037909 5.233280e-15
7758.032890 5.095447e-15
7761.027871 5.240649e-15
7764.022852 5.281187e-15
7767.017833 5.264011e-15
7770.012814 5.337068e-15
7773.007795 5.323659e-15
7776.002776 5.188065e-15
7778.997757 5.128129e-15
7781.992738 5.151167e-15
7784.987719 5.193836e-15
7787.982700 5.271692e-15
7790.977680 5.323962e-15
7793.972661 5.294366e-15
7796.967642 5.228323e-15
7799.962623 5.114884e-15
7802.957604 5.045534e-15
7805.952585 5.118369e-15
7808.947566 5.161244e-15
7811.942547 5.117403e-15
7814.937528 5.150644e-15
7817.932509 5.176592e-15
7820.927490 5.183958e-15
7823.922471 5.243296e-15
7826.917452 5.292821e-15
7829.912432 5.257912e-15
7832.907413 5.139769e-15
7835.902394 5.109261e-15
7838.897375 5.086206e-15
7841.892356 5.086623e-15
7844.887337 5.110591e-15
7847.882318 5.121805e-15
7850.877299 5.205959e-15
7853.872280 5.294125e-15
7856.867261 5.358777e-15
7859.862242 5.479058e-15
7862.857223 5.524023e-15
7865.852203 5.434332e-15
7868.847184 5.435178e-15
7871.842165 5.473154e-15
7874.837146 5.314856e-15
7877.832127 5.253438e-15
7880.827108 5.131217e-15
7883.822089 4.962591e-15
7886.817070 4.834363e-15
7889.812051 4.856896e-15
7892.807032 5.074920e-15
7895.802013 5.250477e-15
7898.796994 5.311606e-15
7901.791975 5.486081e-15
7904.786955 5.517898e-15
7907.781936 5.685921e-15
7910.776917 5.649051e-15
7913.771898 5.353526e-15
7916.766879 5.167608e-15
7919.761860 5.084472e-15
7922.756841 4.944599e-15
7925.751822 4.821274e-15
7928.746803 4.763242e-15
7931.741784 4.759510e-15
7934.736765 4.891261e-15
7937.731746 5.128619e-15
7940.726727 5.259916e-15
7943.721707 5.346694e-15
7946.716688 5.406161e-15
7949.711669 5.504354e-15
7952.706650 5.662843e-15
7955.701631 5.698123e-15
7958.696612 5.608122e-15
7961.691593 5.445289e-15
7964.686574 5.235875e-15
7967.681555 5.145624e-15
7970.676536 5.088933e-15
7973.671517 5.062725e-15
7976.666498 4.991143e-15
7979.661479 4.983272e-15
7982.656459 4.920127e-15
7985.651440 4.821337e-15
7988.646421 4.963868e-15
7991.641402 5.211227e-15
7994.636383 5.297182e-15
7997.631364 5.272004e-15
8000.626345 5.207246e-15
8003.621326 5.274778e-15
8006.616307 5.377408e-15
8009.611288 5.423992e-15
8012.606269 5.404850e-15
8015.601250 5.418236e-15
8018.596231 5.359615e-15
8021.591211 5.218071e-15
8024.586192 5.173048e-15
8027.581173 5.143286e-15
8030.576154 5.031532e-15
8033.571135 5.030458e-15
8036.566116 5.066274e-15
8039.561097 4.971123e-15
8042.556078 5.011397e-15
8045.551059 5.225640e-15
8048.546040 5.311926e-15
8051.541021 5.266333e-15
8054.536002 5.323551e-15
8057.530983 5.405068e-15
8060.525963 5.401522e-15
8063.520944 5.408652e-15
8066.515925 5.369585e-15
8069.510906 5.433411e-15
8072.505887 5.361428e-15
8075.500868 5.377416e-15
8078.495849 5.267630e-15
8081.490830 5.073078e-15
8084.485811 4.964956e-15
8087.480792 4.891495e-15
8090.475773 4.831381e-15
8093.470754 4.909197e-15
8096.465734 5.012477e-15
8099.460715 5.043615e-15
8102.455696 5.135689e-15
8105.450677 5.190882e-15
8108.445658 5.241615e-15
8111.440639 5.176854e-15
8114.435620 5.072564e-15
8117.430601 5.149902e-15
8120.425582 5.184328e-15
8123.420563 5.288795e-15
8126.415544 5.351533e-15
8129.410525 5.070003e-15
8132.405506 4.952221e-15
8135.400486 5.138289e-15
8138.395467 5.195224e-15
8141.390448 5.174152e-15
8144.385429 5.162485e-15
8147.380410 5.126320e-15
8150.375391 5.034838e-15
8153.370372 4.984814e-15
8156.365353 4.871446e-15
8159.360334 4.770301e-15
8162.355315 4.791602e-15
8165.350296 4.770500e-15
8168.345277 4.762483e-15
8171.340258 4.832869e-15
8174.335238 5.082442e-15
8177.330219 5.255598e-15
8180.325200 5.082142e-15
8183.320181 4.862801e-15
8186.315162 4.898372e-15
8189.310143 4.910388e-15
8192.305124 4.781006e-15
8195.300105 4.721732e-15
8198.295086 4.695863e-15
8201.290067 4.652322e-15
8204.285048 4.540211e-15
8207.280029 4.623431e-15
8210.275010 4.783317e-15
8213.269990 4.811673e-15
8216.264971 4.888350e-15
8219.259952 4.844504e-15
8222.254933 4.771161e-15
8225.249914 4.653801e-15
8228.244895 4.225235e-15
8231.239876 4.120754e-15
8234.234857 4.109255e-15
8237.229838 4.272506e-15
8240.224819 4.484574e-15
8243.219800 4.594932e-15
8246.214781 4.721745e-15
8249.209762 4.813621e-15
8252.204742 4.876128e-15
8255.199723 4.958877e-15
8258.194704 4.992504e-15
8261.189685 5.034259e-15
8264.184666 5.106951e-15
8267.179647 5.141485e-15
8270.174628 5.367155e-15
8273.169609 5.336071e-15
8276.164590 5.261339e-15
8279.159571 5.034213e-15
8282.154552 4.732593e-15
8285.149533 4.556274e-15
8288.144514 4.636161e-15
8291.139494 4.718512e-15
8294.134475 4.664088e-15
8297.129456 4.701347e-15
8300.124437 4.564451e-15
8303.119418 4.555958e-15
8306.114399 4.594993e-15
8309.109380 4.564401e-15
8312.104361 4.665074e-15
8315.099342 4.833247e-15
8318.094323 4.885054e-15
8321.089304 4.727646e-15
8324.084285 4.560225e-15
8327.079266 4.615449e-15
8330.074246 4.558434e-15
8333.069227 4.416511e-15
8336.064208 4.423898e-15
8339.059189 4.515027e-15
8342.054170 4.721849e-15
8345.049151 4.787504e-15
8348.044132 4.654670e-15
8351.039113 4.550207e-15
8354.034094 4.526297e-15
8357.029075 4.538314e-15
8360.024056 4.594347e-15
8363.019037 4.632957e-15
8366.014017 4.709373e-15
8369.008998 4.750318e-15
8372.003979 4.758226e-15
8374.998960 4.757097e-15
8377.993941 4.619833e-15
8380.988922 4.545275e-15
8383.983903 4.526118e-15
8386.978884 4.299938e-15
8389.973865 4.252615e-15
8392.968846 4.491079e-15
8395.963827 4.520307e-15
8398.958808 4.679161e-15
8401.953789 4.854224e-15
8404.948769 4.939671e-15
8407.943750 4.952366e-15
8410.938731 4.963263e-15
8413.933712 5.019132e-15
8416.928693 4.988796e-15
8419.923674 4.972344e-15
8422.918655 5.002857e-15
8425.913636 4.729342e-15
8428.908617 4.677585e-15
8431.903598 4.466699e-15
8434.898579 4.262477e-15
8437.893560 4.282442e-15
8440.888541 4.315201e-15
8443.883521 4.342910e-15
8446.878502 4.556050e-15
8449.873483 4.969428e-15
8452.868464 5.285777e-15
8455.863445 5.301072e-15
8458.858426 5.379753e-15
8461.853407 5.746529e-15
8464.848388 5.292677e-15
8467.843369 4.862630e-15
8470.838350 4.751777e-15
8473.833331 4.557365e-15
8476.828312 4.361647e-15
8479.823293 4.241498e-15
8482.818273 4.145448e-15
8485.813254 4.161828e-15
8488.808235 4.208322e-15
8491.803216 4.268030e-15
8494.798197 4.388235e-15
8497.793178 4.447223e-15
8500.788159 4.471598e-15
8503.783140 4.578688e-15
8506.778121 4.702618e-15
8509.773102 4.847613e-15
8512.768083 4.916285e-15
8515.763064 4.884124e-15
8518.758045 4.998770e-15
8521.753025 4.954347e-15
8524.748006 4.782541e-15
8527.742987 4.540301e-15
8530.737968 4.360613e-15
8533.732949 4.164333e-15
8536.727930 4.043708e-15
8539.722911 4.041081e-15
8542.717892 3.969511e-15
8545.712873 4.020070e-15
8548.707854 4.537791e-15
8551.702835 4.764470e-15
8554.697816 4.892824e-15
8557.692797 5.031553e-15
8560.687777 5.095990e-15
8563.682758 4.931258e-15
8566.677739 4.845321e-15
8569.672720 4.794848e-15
8572.667701 4.527726e-15
8575.662682 4.216962e-15
8578.657663 4.019213e-15
8581.652644 3.967814e-15
8584.647625 4.088326e-15
8587.642606 4.370866e-15
8590.637587 4.642562e-15
8593.632568 4.800309e-15
8596.627548 4.899347e-15
8599.622529 4.918320e-15
8602.617510 4.784540e-15
8605.612491 4.627550e-15
8608.607472 4.536230e-15
8611.602453 4.474718e-15
8614.597434 4.592626e-15
8617.592415 4.497955e-15
8620.587396 4.547309e-15
8623.582377 4.449224e-15
8626.577358 4.398922e-15
8629.572339 4.375661e-15
8632.567320 4.244413e-15
8635.562300 4.370208e-15
8638.557281 4.614502e-15
8641.552262 4.545686e-15
8644.547243 4.567312e-15
8647.542224 4.606259e-15
8650.537205 4.711259e-15
8653.532186 4.735237e-15
8656.527167 4.648983e-15
8659.522148 4.606807e-15
8662.517129 4.545100e-15
8665.512110 4.573302e-15
8668.507091 4.650603e-15
8671.502072 4.480750e-15
8674.497052 4.418919e-15
8677.492033 4.223101e-15
8680.487014 4.081174e-15
8683.481995 4.114189e-15
8686.476976 4.333557e-15
8689.471957 4.078447e-15
8692.466938 3.996037e-15
8695.461919 4.282378e-15
8698.456900 4.229748e-15
8701.451881 4.292237e-15
8704.446862 4.117915e-15
8707.441843 3.804083e-15
8710.436824 3.956943e-15
8713.431804 4.073097e-15
8716.426785 4.106929e-15
8719.421766 4.277369e-15
8722.416747 4.324813e-15
8725.411728 4.504818e-15
8728.406709 4.931846e-15
8731.401690 5.015727e-15
8734.396671 4.974038e-15
8737.391652 4.994733e-15
8740.386633 5.023863e-15
8743.381614 4.979891e-15
8746.376595 4.781062e-15
8749.371576 4.519352e-15
8752.366556 4.282394e-15
8755.361537 4.151061e-15
8758.356518 4.274143e-15
8761.351499 4.491912e-15
8764.346480 4.477531e-15
8767.341461 4.588959e-15
8770.336442 4.714804e-15
8773.331423 4.632863e-15
8776.326404 4.532105e-15
8779.321385 4.395870e-15
8782.316366 4.393293e-15
8785.311347 4.345894e-15
8788.306328 4.078575e-15
8791.301308 3.836653e-15
8794.296289 3.616423e-15
8797.291270 3.627462e-15
8800.286251 3.728636e-15
8803.281232 3.907301e-15
8806.276213 4.059222e-15
8809.271194 4.277513e-15
8812.266175 4.177918e-15
8815.261156 3.926990e-15
8818.256137 3.940183e-15
8821.251118 3.962355e-15
8824.246099 4.063924e-15
8827.241079 4.327369e-15
8830.236060 4.347508e-15
8833.231041 4.502787e-15
8836.226022 4.588818e-15
8839.221003 4.487418e-15
8842.215984 4.489319e-15
8845.210965 4.635574e-15
8848.205946 4.661869e-15
8851.200927 4.632180e-15
8854.195908 4.797218e-15
8857.190889 4.870705e-15
8860.185870 4.870137e-15
8863.180851 4.551399e-15
8866.175831 4.266901e-15
8869.170812 4.149747e-15
8872.165793 4.128059e-15
8875.160774 3.892927e-15
8878.155755 3.576628e-15
8881.150736 3.581132e-15
8884.145717 3.654441e-15
8887.140698 3.755634e-15
8890.135679 3.845579e-15
8893.130660 3.910954e-15
8896.125641 3.809983e-15
8899.120622 4.057570e-15
8902.115603 4.842963e-15
8905.110583 5.182512e-15
8908.105564 4.909666e-15
8911.100545 5.066741e-15
8914.095526 5.169949e-15
8917.090507 4.703438e-15
8920.085488 4.286982e-15
8923.080469 3.991530e-15
8926.075450 3.805422e-15
8929.070431 3.930454e-15
8932.065412 3.995305e-15
8935.060393 3.873880e-15
8938.055374 4.020575e-15
8941.050355 4.198590e-15
8944.045335 4.171146e-15
8947.040316 4.319415e-15
8950.035297 4.250896e-15
8953.030278 4.114518e-15
8956.025259 4.151772e-15
8959.020240 4.012813e-15
8962.015221 4.024348e-15
8965.010202 4.324908e-15
8968.005183 4.426402e-15
8971.000164 4.171364e-15
8973.995145 3.865833e-15
8976.990126 3.843858e-15
8979.985107 3.569518e-15
8982.980087 3.445691e-15
8985.975068 3.308758e-15
8988.970049 3.240253e-15
8991.965030 3.204194e-15
8994.960011 3.270760e-15
8997.954992 3.525300e-15
9000.949973 3.582018e-15
9003.944954 3.368135e-15
9006.939935 3.535186e-15
9009.934916 3.771249e-15
9012.929897 3.853161e-15
9015.924878 3.819806e-15
9018.919859 3.612230e-15
9021.914839 3.813160e-15
9024.909820 4.155711e-15
9027.904801 4.141029e-15
9030.899782 4.184611e-15
9033.894763 4.166472e-15
9036.889744 4.043216e-15
9039.884725 3.729308e-15
9042.879706 3.641985e-15
9045.874687 3.589231e-15
9048.869668 3.740948e-15
9051.864649 4.049128e-15
9054.859630 4.131696e-15
9057.854610 3.928883e-15
9060.849591 3.770860e-15
9063.844572 3.896543e-15
9066.839553 3.945665e-15
9069.834534 4.081539e-15
9072.829515 4.194497e-15
9075.824496 4.283947e-15
9078.819477 4.270578e-15
9081.814458 4.138933e-15
9084.809439 4.161005e-15
9087.804420 4.125419e-15
9090.799401 3.788167e-15
9093.794382 3.596448e-15
9096.789362 3.521228e-15
9099.784343 3.462302e-15
9102.779324 3.398164e-15
9105.774305 3.096227e-15
9108.769286 2.731637e-15
9111.764267 2.250068e-15
9114.759248 2.527946e-15
9117.754229 3.718237e-15
9120.749210 4.261405e-15
9123.744191 4.563600e-15
9126.739172 4.795315e-15
9129.734153 5.249878e-15
9132.729134 5.538170e-15
9135.724114 5.437985e-15
9138.719095 5.476302e-15
9141.714076 5.735556e-15
9144.709057 5.788072e-15
9147.704038 5.583824e-15
9150.699019 5.423859e-15
9153.694000 5.559357e-15
