3350.703715 2.093638e-16
3352.427775 2.578920e-16
3354.151834 2.334353e-16
3355.875893 2.150584e-16
3357.599953 1.876481e-16
3359.324012 1.155243e-17
3361.048072 4.911233e-17
3362.772131 3.328798e-16
3364.496191 3.178531e-16
3366.220250 3.188578e-16
3367.944310 2.451034e-16
3369.668369 9.390338e-17
3371.392429 2.399277e-16
3373.116488 2.262645e-16
3374.840548 4.156963e-16
3376.564607 9.052911e-17
3378.288666 2.014430e-16
3380.012726 4.890671e-16
3381.736785 3.242956e-16
3383.460845 2.922422e-16
3385.184904 1.747382e-16
3386.908964 2.682204e-16
3388.633023 5.398022e-16
3390.357083 3.305200e-16
3392.081142 1.669831e-16
3393.805202 9.411783e-17
3395.529261 1.515553e-16
3397.253321 3.925931e-16
3398.977380 3.567856e-16
3400.701439 2.116071e-16
3402.425499 3.899658e-16
3404.149558 5.019872e-16
3405.873618 1.844185e-16
3411.045796 7.062788e-17
3412.769856 2.211237e-16
3414.493915 1.786230e-16
3416.217975 3.262056e-16
3417.942034 2.877800e-16
3419.666094 2.351306e-16
3421.390153 3.776943e-16
3423.114213 3.810816e-16
3424.838272 3.197463e-16
3426.562331 2.877923e-16
3428.286391 1.521104e-16
3430.010450 1.385197e-16
3431.734510 2.840510e-16
3433.458569 5.243788e-16
3435.182629 4.296565e-16
3436.906688 3.042686e-16
3438.630748 3.365869e-16
3440.354807 7.302374e-17
3443.802926 4.110809e-16
3445.526986 3.737929e-16
3447.251045 4.189208e-16
3448.975104 4.977662e-16
3450.699164 4.369282e-16
3452.423223 3.268904e-16
3454.147283 5.050248e-16
3455.871342 6.097766e-16
3457.595402 5.290735e-16
3459.319461 4.981219e-16
3461.043521 1.020157e-16
3462.767580 3.309675e-16
3464.491640 6.427659e-16
3466.215699 2.855570e-16
3467.939759 4.698821e-16
3469.663818 4.242961e-16
3471.387877 2.944869e-16
3473.111937 3.348659e-16
3474.835996 9.342210e-17
3476.560056 9.147259e-17
3478.284115 3.280644e-16
3480.008175 6.260143e-16
3481.732234 6.474646e-16
3483.456294 3.838981e-16
3485.180353 3.619936e-16
3486.904413 4.114995e-16
3488.628472 3.759959e-16
3490.352532 6.011835e-16
3492.076591 5.670683e-16
3493.800650 4.511820e-16
3495.524710 4.825423e-16
3497.248769 3.615112e-16
3498.972829 4.137816e-16
3500.696888 4.501175e-16
3502.420948 3.250957e-16
3504.145007 4.273864e-16
3505.869067 5.998066e-16
3507.593126 4.317199e-16
3509.317186 5.639219e-16
3511.041245 4.019961e-16
3512.765305 2.328219e-16
3514.489364 3.776841e-16
3516.213423 2.928575e-16
3517.937483 3.939142e-16
3519.661542 5.007698e-16
3521.385602 3.940611e-16
3523.109661 4.126606e-16
3524.833721 3.858014e-16
3526.557780 4.342450e-16
3528.281840 5.449588e-16
3530.005899 3.700625e-16
3531.729959 4.520065e-16
3533.454018 3.007375e-16
3535.178078 3.388256e-16
3536.902137 1.855039e-16
3538.626197 7.645833e-17
3540.350256 2.581736e-16
3542.074315 4.744808e-16
3543.798375 2.865377e-16
3545.522434 5.152866e-16
3547.246494 6.400417e-16
3548.970553 2.910860e-16
3550.694613 3.732326e-16
3552.418672 4.119926e-16
3554.142732 4.159410e-16
3555.866791 3.383650e-16
3557.590851 3.306651e-16
3559.314910 3.835352e-16
3561.038970 4.391139e-16
3562.763029 3.593651e-16
3564.487088 1.974540e-16
3566.211148 2.196243e-16
3567.935207 4.018237e-16
3569.659267 1.859082e-16
3571.383326 2.215970e-16
3573.107386 4.007650e-16
3574.831445 4.370669e-16
3576.555505 3.552661e-16
3578.279564 2.536019e-16
3580.003624 4.069660e-16
3581.727683 4.294002e-16
3583.451743 2.282903e-16
3585.175802 2.164851e-16
3586.899861 3.010718e-16
3588.623921 5.465852e-16
3590.347980 7.210681e-16
3592.072040 2.310430e-16
3593.796099 4.100334e-16
3595.520159 5.679501e-16
3597.244218 4.640975e-16
3598.968278 3.331145e-16
3600.692337 2.742665e-16
3602.416397 2.417429e-16
3604.140456 2.126820e-16
3605.864516 2.579337e-16
3607.588575 1.674624e-16
3609.312634 1.445895e-16
3611.036694 3.062767e-16
3612.760753 2.057190e-16
3614.484813 2.568330e-16
3616.208872 3.395737e-16
3617.932932 1.292892e-16
3621.381051 1.874629e-16
3623.105110 2.731062e-16
3624.829170 2.301315e-16
3626.553229 1.997784e-16
3628.277289 3.542821e-16
3630.001348 3.364119e-16
3631.725407 1.015324e-16
3633.449467 3.209905e-16
3635.173526 5.125789e-16
3636.897586 2.674860e-16
3638.621645 3.286728e-16
3640.345705 4.535770e-16
3642.069764 4.362453e-16
3643.793824 2.835173e-16
3645.517883 4.038369e-16
3647.241943 5.870305e-16
3648.966002 3.514004e-16
3650.690062 2.053327e-16
3652.414121 4.258739e-16
3654.138180 2.578006e-16
3655.862240 2.370250e-16
3657.586299 4.055519e-16
3659.310359 3.213705e-16
3661.034418 2.973453e-16
3662.758478 4.238111e-16
3664.482537 3.319526e-16
3666.206597 2.804467e-16
3667.930656 3.550739e-16
3669.654716 3.807134e-16
3671.378775 1.922043e-16
3673.102835 8.305368e-17
3674.826894 1.615058e-16
3676.550954 2.467260e-16
3678.275013 2.538063e-16
3679.999072 2.820345e-16
3681.723132 3.545177e-16
3683.447191 4.039359e-16
3685.171251 3.203795e-16
3686.895310 1.953470e-16
3688.619370 2.051009e-16
3690.343429 2.639742e-16
3692.067489 3.342852e-16
3693.791548 3.101883e-16
3695.515608 2.056398e-16
3697.239667 3.692075e-16
3698.963727 3.344592e-16
3700.687786 3.410717e-16
3702.411845 3.102583e-16
3704.135905 2.190226e-16
3705.859964 2.313710e-16
3707.584024 4.472766e-16
3709.308083 4.411923e-16
3711.032143 2.579168e-16
3712.756202 1.391241e-16
3714.480262 3.606621e-16
3716.204321 3.411728e-16
3717.928381 4.155096e-16
3719.652440 5.121297e-16
3721.376500 4.902313e-16
3723.100559 5.116659e-16
3724.824618 5.172576e-16
3726.548678 4.295452e-16
3728.272737 1.884741e-16
3729.996797 3.327519e-16
3731.720856 4.652036e-16
3733.444916 6.395909e-16
3735.168975 6.183344e-16
3736.893035 5.563441e-16
3738.617094 6.394400e-16
3740.341154 5.735901e-16
3742.065213 5.805807e-16
3743.789273 4.317550e-16
3745.513332 4.499115e-16
3747.237391 7.181574e-16
3748.961451 7.048098e-16
3750.685510 5.854200e-16
3752.409570 6.790952e-16
3754.133629 5.721485e-16
3755.857689 3.555722e-16
3757.581748 3.892743e-16
3759.305808 4.693175e-16
3761.029867 5.994324e-16
3762.753927 5.483381e-16
3764.477986 6.451397e-16
3766.202046 6.325622e-16
3767.926105 4.101568e-16
3769.650164 4.554345e-16
3771.374224 4.989497e-16
3773.098283 5.557176e-16
3774.822343 5.477902e-16
3776.546402 6.870572e-16
3778.270462 6.791513e-16
3779.994521 5.696293e-16
3781.718581 4.520533e-16
3783.442640 7.373694e-16
3785.166700 9.526990e-16
3786.890759 7.222059e-16
3788.614819 7.189056e-16
3790.338878 5.387320e-16
3792.062937 3.903163e-16
3793.786997 7.368766e-16
3795.511056 9.347247e-16
3797.235116 8.343054e-16
3798.959175 5.626906e-16
3800.683235 5.266833e-16
3802.407294 4.464825e-16
3804.131354 6.405988e-16
3805.855413 7.304054e-16
3807.579473 5.780638e-16
3809.303532 5.608804e-16
3811.027592 5.973114e-16
3812.751651 6.166607e-16
3814.475711 5.382432e-16
3816.199770 5.116874e-16
3817.923829 5.205220e-16
3819.647889 5.599600e-16
3821.371948 5.303305e-16
3823.096008 5.307425e-16
3824.820067 4.605372e-16
3826.544127 5.366186e-16
3828.268186 6.286441e-16
3829.992246 4.757708e-16
3831.716305 3.244734e-16
3833.440365 2.931338e-16
3835.164424 3.471989e-16
3836.888484 4.601358e-16
3838.612543 4.544817e-16
3840.336602 3.992164e-16
3842.060662 2.469951e-16
3843.784721 2.822632e-16
3845.508781 2.430067e-16
3847.232840 2.376409e-16
3848.956900 3.776312e-16
3850.680959 3.125427e-16
3852.405019 2.102217e-16
3854.129078 2.074022e-16
3855.853138 1.059774e-16
3857.577197 2.659480e-16
3859.301257 2.779124e-16
3861.025316 2.193882e-16
3862.749375 2.033204e-16
3864.473435 1.869240e-16
3866.197494 3.423550e-16
3867.921554 3.426411e-16
3869.645613 3.645682e-16
3871.369673 2.241424e-16
3873.093732 1.287906e-16
3874.817792 1.154160e-16
3876.541851 1.907766e-16
3878.265911 1.494746e-16
3879.989970 3.475730e-16
3881.714030 1.832692e-16
3883.438089 3.293581e-16
3885.162148 3.021953e-16
3886.886208 1.834373e-16
3888.610267 2.502195e-16
3890.334327 3.958250e-16
3892.058386 3.585266e-16
3893.782446 4.070621e-16
3895.506505 4.519224e-16
3897.230565 2.727675e-16
3898.954624 3.185311e-16
3900.678684 3.547427e-16
3902.402743 3.520309e-16
3904.126803 4.367973e-16
3905.850862 4.646401e-16
3907.574921 3.810016e-16
3909.298981 3.790382e-16
3911.023040 3.052867e-16
3912.747100 5.694733e-16
3914.471159 5.988370e-16
3916.195219 5.459441e-16
3917.919278 5.284862e-16
3919.643338 8.318237e-16
3921.367397 7.701341e-16
3923.091457 6.925730e-16
3924.815516 7.012754e-16
3926.539576 6.078047e-16
3928.263635 6.674556e-16
3929.987695 7.303068e-16
3931.711754 7.875381e-16
3933.435813 7.304879e-16
3935.159873 6.880283e-16
3936.883932 8.099232e-16
3938.607992 5.735238e-16
3940.332051 4.188093e-16
3942.056111 6.856094e-16
3943.780170 8.218585e-16
3945.504230 8.545117e-16
3947.228289 8.003899e-16
3948.952349 7.679923e-16
3950.676408 7.857152e-16
3952.400468 7.050377e-16
3954.124527 6.739714e-16
3955.848586 8.339818e-16
3957.572646 8.743145e-16
3959.296705 8.661580e-16
3961.020765 7.034256e-16
3962.744824 6.379654e-16
3964.468884 8.229220e-16
3966.192943 1.015557e-15
3967.917003 9.636714e-16
3969.641062 6.854889e-16
3971.365122 7.095053e-16
3973.089181 8.026575e-16
3974.813241 7.229384e-16
3976.537300 8.475216e-16
3978.261359 7.797802e-16
3979.985419 8.035773e-16
3981.709478 8.296073e-16
3983.433538 7.587169e-16
3985.157597 7.952726e-16
3986.881657 8.635750e-16
3988.605716 8.146215e-16
3990.329776 7.916835e-16
3992.053835 7.139300e-16
3993.777895 7.668580e-16
3995.501954 1.003937e-15
3997.226014 9.082767e-16
3998.950073 7.594482e-16
4000.674132 6.723778e-16
4002.398192 6.526307e-16
4004.122251 7.669632e-16
4005.846311 8.852241e-16
4007.570370 7.180384e-16
4009.294430 7.170846e-16
4011.018489 8.260786e-16
4012.742549 6.823908e-16
4014.466608 7.128800e-16
4016.190668 5.588591e-16
4017.914727 4.204299e-16
4019.638787 6.185239e-16
4021.362846 5.987576e-16
4023.086905 5.523965e-16
4024.810965 6.186025e-16
4026.535024 6.208741e-16
4028.259084 6.624527e-16
4029.983143 7.045756e-16
4031.707203 5.776418e-16
4033.431262 7.301990e-16
4035.155322 7.500426e-16
4036.879381 6.497834e-16
4038.603441 4.884863e-16
4040.327500 7.629620e-16
4042.051560 6.968671e-16
4043.775619 5.039045e-16
4045.499678 5.557549e-16
4047.223738 6.138399e-16
4048.947797 7.146107e-16
4050.671857 7.427144e-16
4052.395916 6.932986e-16
4054.119976 6.109973e-16
4055.844035 7.234821e-16
4057.568095 7.177433e-16
4059.292154 8.292176e-16
4061.016214 7.937558e-16
4062.740273 8.158862e-16
4064.464333 7.256817e-16
4066.188392 6.655492e-16
4067.912452 6.583567e-16
4069.636511 7.759642e-16
4071.360570 8.479336e-16
4073.084630 9.292665e-16
4074.808689 9.222349e-16
4076.532749 1.005936e-15
4078.256808 8.277563e-16
4079.980868 8.164322e-16
4081.704927 8.215044e-16
4083.428987 7.694933e-16
4085.153046 6.314266e-16
4086.877106 7.860822e-16
4088.601165 7.987966e-16
4090.325225 7.057736e-16
4092.049284 7.848159e-16
4093.773343 8.020284e-16
4095.497403 1.002928e-15
4097.221462 8.664611e-16
4098.945522 7.754921e-16
4100.669581 6.083132e-16
4102.393641 7.524333e-16
4104.117700 6.780717e-16
4105.841760 6.258939e-16
4107.565819 8.772988e-16
4109.289879 7.906185e-16
4111.013938 7.814039e-16
4112.737998 8.538482e-16
4114.462057 7.120602e-16
4116.186116 6.289147e-16
4117.910176 7.323806e-16
4119.634235 7.358989e-16
4121.358295 8.560327e-16
4123.082354 6.146415e-16
4124.806414 4.945413e-16
4126.530473 7.090431e-16
4128.254533 8.198928e-16
4129.978592 7.988084e-16
4131.702652 7.422228e-16
4133.426711 6.334953e-16
4135.150771 7.068542e-16
4136.874830 7.917711e-16
4138.598889 6.715473e-16
4140.322949 7.267816e-16
4142.047008 7.456996e-16
4143.771068 7.996227e-16
4145.495127 9.080782e-16
4147.219187 7.992272e-16
4148.943246 7.203776e-16
4150.667306 6.979649e-16
4152.391365 6.301359e-16
4154.115425 6.152708e-16
4155.839484 5.280633e-16
4157.563544 6.663774e-16
4159.287603 8.011435e-16
4161.011662 7.597951e-16
4162.735722 7.310109e-16
4164.459781 6.234319e-16
4166.183841 7.852976e-16
4167.907900 7.740729e-16
4169.631960 5.542374e-16
4171.356019 5.849799e-16
4173.080079 7.286715e-16
4174.804138 8.103859e-16
4176.528198 8.071102e-16
4178.252257 7.003403e-16
4179.976317 6.381471e-16
4181.700376 7.426508e-16
4183.424435 7.489783e-16
4185.148495 7.012402e-16
4186.872554 7.268757e-16
4188.596614 6.664023e-16
4190.320673 5.136884e-16
4192.044733 6.148439e-16
4193.768792 6.459984e-16
4195.492852 6.114066e-16
4197.216911 6.574416e-16
4198.940971 6.275674e-16
4200.665030 4.514481e-16
4202.389090 5.842860e-16
4204.113149 5.618625e-16
4205.837209 4.234570e-16
4207.561268 4.172749e-16
4209.285327 3.937374e-16
4211.009387 3.300424e-16
4212.733446 3.657725e-16
4214.457506 4.427219e-16
4216.181565 4.758845e-16
4217.905625 3.625732e-16
4219.629684 4.966809e-16
4221.353744 5.388191e-16
4223.077803 3.557381e-16
4224.801863 3.061543e-16
4226.525922 4.365731e-16
4228.249982 3.928728e-16
4229.974041 3.730168e-16
4231.698100 3.980215e-16
4233.422160 5.387891e-16
4235.146219 4.607388e-16
4236.870279 4.229361e-16
4238.594338 3.462101e-16
4240.318398 3.144194e-16
4242.042457 2.626601e-16
4243.766517 2.044687e-16
4245.490576 2.894390e-16
4247.214636 4.144197e-16
4248.938695 3.561490e-16
4250.662755 4.011775e-16
4252.386814 5.494708e-16
4254.110873 5.507882e-16
4255.834933 4.260911e-16
4257.558992 4.164224e-16
4259.283052 4.288748e-16
4261.007111 3.884438e-16
4262.731171 4.275243e-16
4264.455230 3.648030e-16
4266.179290 4.484392e-16
4267.903349 5.381015e-16
4269.627409 4.586140e-16
4271.351468 5.973830e-16
4273.075528 6.555309e-16
4274.799587 4.710243e-16
4276.523646 5.283432e-16
4278.247706 5.309894e-16
4279.971765 4.177920e-16
4281.695825 4.940496e-16
4283.419884 5.413831e-16
4285.143944 5.256890e-16
4286.868003 5.453539e-16
4288.592063 5.497048e-16
4290.316122 6.613634e-16
4292.040182 8.092758e-16
4293.764241 6.326697e-16
4295.488301 7.022668e-16
4297.212360 6.533058e-16
4298.936419 7.084461e-16
4300.660479 6.738166e-16
4302.384538 5.774498e-16
4304.108598 6.495569e-16
4305.832657 7.887321e-16
4307.556717 7.341507e-16
4309.280776 5.863682e-16
4311.004836 5.262691e-16
4312.728895 5.710863e-16
4314.452955 6.561455e-16
4316.177014 7.438913e-16
4317.901074 7.119323e-16
4319.625133 6.544793e-16
4321.349193 6.055671e-16
4323.073252 6.090138e-16
4324.797311 4.923623e-16
4326.521371 5.715281e-16
4328.245430 7.634599e-16
4329.969490 6.497795e-16
4331.693549 7.544902e-16
4333.417609 7.237104e-16
4335.141668 6.539065e-16
4336.865728 6.715914e-16
4338.589787 7.599453e-16
4340.313847 6.232147e-16
4342.037906 5.189425e-16
4343.761966 6.457269e-16
4345.486025 7.235459e-16
4347.210084 9.097860e-16
4348.934144 7.361175e-16
4350.658203 5.373436e-16
4352.382263 6.773270e-16
4354.106322 7.073196e-16
4355.830382 7.427047e-16
4357.554441 6.955875e-16
4359.278501 8.533504e-16
4361.002560 6.228545e-16
4362.726620 6.642914e-16
4364.450679 6.613045e-16
4366.174739 8.959303e-16
4367.898798 7.930019e-16
4369.622857 5.216462e-16
4371.346917 3.888144e-16
4373.070976 5.222323e-16
4374.795036 6.613126e-16
4376.519095 8.332546e-16
4378.243155 8.464154e-16
4379.967214 6.092297e-16
4381.691274 8.105158e-16
4383.415333 7.515200e-16
4385.139393 7.174878e-16
4386.863452 7.637173e-16
4388.587512 7.317288e-16
4390.311571 7.876988e-16
4392.035630 6.245980e-16
4393.759690 6.745905e-16
4395.483749 7.531306e-16
4397.207809 7.473421e-16
4398.931868 8.018311e-16
4400.655928 6.855717e-16
4402.379987 8.362748e-16
4404.104047 8.447332e-16
4405.828106 5.753976e-16
4407.552166 4.796042e-16
4409.276225 7.285977e-16
4411.000285 5.848839e-16
4412.724344 4.236084e-16
4414.448403 6.940816e-16
4416.172463 7.085677e-16
4417.896522 4.841991e-16
4419.620582 5.372267e-16
4421.344641 6.007064e-16
4423.068701 4.630141e-16
4424.792760 5.014985e-16
4426.516820 5.613544e-16
4428.240879 5.701839e-16
4429.964939 6.778705e-16
4431.688998 5.583403e-16
4433.413058 5.362136e-16
4435.137117 6.270004e-16
4436.861176 5.493794e-16
4438.585236 6.942896e-16
4440.309295 6.865537e-16
4442.033355 4.990563e-16
4443.757414 4.783730e-16
4445.481474 7.926914e-16
4447.205533 8.888536e-16
4448.929593 6.484233e-16
4450.653652 4.244706e-16
4452.377712 5.176360e-16
4454.101771 5.987117e-16
4455.825831 6.252328e-16
4457.549890 4.533975e-16
4459.273950 5.551083e-16
4460.998009 4.592769e-16
4462.722068 5.663034e-16
4464.446128 6.669280e-16
4466.170187 6.516692e-16
4467.894247 6.296023e-16
4469.618306 5.235965e-16
4471.342366 5.430879e-16
4473.066425 4.205312e-16
4474.790485 6.313636e-16
4476.514544 6.040368e-16
4478.238604 6.859139e-16
4479.962663 5.615570e-16
4481.686723 5.380017e-16
4483.410782 2.942386e-16
4485.134841 4.012845e-16
4486.858901 4.685826e-16
4488.582960 5.836700e-16
4490.307020 6.945165e-16
4492.031079 4.740875e-16
4493.755139 5.060705e-16
4495.479198 5.731633e-16
4497.203258 5.606066e-16
4498.927317 6.636701e-16
4500.651377 7.249775e-16
4502.375436 6.121109e-16
4504.099496 4.893848e-16
4505.823555 6.724797e-16
4507.547614 7.753731e-16
4509.271674 6.706232e-16
4510.995733 5.856211e-16
4512.719793 5.736268e-16
4514.443852 6.300547e-16
4516.167912 7.376630e-16
4517.891971 9.004692e-16
4519.616031 7.716249e-16
4521.340090 7.660189e-16
4523.064150 5.762105e-16
4524.788209 6.251232e-16
4526.512269 8.630310e-16
4528.236328 7.525210e-16
4529.960387 6.368545e-16
4531.684447 7.067972e-16
4533.408506 7.249396e-16
4535.132566 6.273252e-16
4536.856625 6.789426e-16
4538.580685 6.881243e-16
4540.304744 7.167796e-16
4542.028804 7.658769e-16
4543.752863 6.375834e-16
4545.476923 7.962378e-16
4547.200982 8.542876e-16
4548.925042 7.491688e-16
4550.649101 8.011963e-16
4552.373160 7.937376e-16
4554.097220 6.679190e-16
4555.821279 7.031224e-16
4557.545339 8.014132e-16
4559.269398 8.468379e-16
4560.993458 7.332934e-16
4562.717517 6.347025e-16
4564.441577 7.687841e-16
4566.165636 8.633788e-16
4567.889696 8.013697e-16
4569.613755 7.517332e-16
4571.337815 8.096104e-16
4573.061874 7.088254e-16
4574.785933 5.897489e-16
4576.509993 6.358703e-16
4578.234052 7.282290e-16
4579.958112 7.236531e-16
4581.682171 8.082005e-16
4583.406231 8.243430e-16
4585.130290 7.708506e-16
4586.854350 7.621293e-16
4588.578409 7.908446e-16
4590.302469 8.094348e-16
4592.026528 9.301934e-16
4593.750588 9.483691e-16
4595.474647 8.056738e-16
4597.198707 8.467081e-16
4598.922766 9.328078e-16
4600.646825 8.658688e-16
4602.370885 7.938316e-16
4604.094944 7.646345e-16
4605.819004 8.703439e-16
4607.543063 7.563053e-16
4609.267123 7.863181e-16
4610.991182 6.595227e-16
4612.715242 7.022535e-16
4614.439301 8.528883e-16
4616.163361 7.584576e-16
4617.887420 6.435752e-16
4619.611480 5.962468e-16
4621.335539 6.717850e-16
4623.059598 6.807353e-16
4624.783658 7.685252e-16
4626.507717 8.764114e-16
4628.231777 8.185446e-16
4629.955836 6.430147e-16
4631.679896 7.922072e-16
4633.403955 6.658191e-16
4635.128015 7.730170e-16
4636.852074 8.707709e-16
4638.576134 6.671165e-16
4640.300193 9.068002e-16
4642.024253 5.466229e-16
4643.748312 7.598014e-16
4645.472371 7.736414e-16
4647.196431 7.392300e-16
4648.920490 8.342001e-16
4650.644550 8.136642e-16
4652.368609 5.564061e-16
4654.092669 7.429641e-16
4655.816728 6.536826e-16
4657.540788 6.295021e-16
4659.264847 9.044652e-16
4660.988907 9.163432e-16
4662.712966 6.525705e-16
4664.437026 8.309442e-16
4666.161085 9.641266e-16
4667.885144 7.746557e-16
4669.609204 7.212642e-16
4671.333263 6.426631e-16
4673.057323 6.923799e-16
4674.781382 8.352738e-16
4676.505442 7.674555e-16
4678.229501 7.692357e-16
4679.953561 8.720091e-16
4681.677620 6.388417e-16
4683.401680 5.753894e-16
4685.125739 8.530396e-16
4686.849799 6.364268e-16
4688.573858 4.479510e-16
4690.297917 7.084886e-16
4692.021977 6.386813e-16
4693.746036 7.076204e-16
4695.470096 5.436506e-16
4697.194155 5.596254e-16
4698.918215 6.867108e-16
4700.642274 6.784041e-16
4702.366334 7.514864e-16
4704.090393 5.832216e-16
4705.814453 3.291404e-16
4707.538512 4.177315e-16
4709.262572 6.006366e-16
4710.986631 5.969780e-16
4712.710690 4.788434e-16
4714.434750 5.574243e-16
4716.158809 5.993566e-16
4717.882869 4.266576e-16
4719.606928 4.582751e-16
4721.330988 4.834261e-16
4723.055047 3.132039e-16
4724.779107 4.698427e-16
4726.503166 5.799981e-16
4728.227226 4.500408e-16
4729.951285 4.119596e-16
4731.675345 4.486495e-16
4733.399404 5.419076e-16
4735.123464 3.933239e-16
4736.847523 4.515280e-16
4738.571582 5.019357e-16
4740.295642 3.608903e-16
4742.019701 4.399006e-16
4743.743761 4.640343e-16
4745.467820 2.525542e-16
4747.191880 2.055995e-16
4748.915939 3.599155e-16
4750.639999 3.791171e-16
4752.364058 4.983595e-16
4754.088118 4.427957e-16
4755.812177 3.364263e-16
4757.536237 3.106346e-16
4759.260296 4.087704e-16
4760.984355 4.758271e-16
4762.708415 4.365929e-16
4764.432474 3.583857e-16
4766.156534 3.153131e-16
4767.880593 4.685226e-16
4769.604653 3.606397e-16
4771.328712 4.168896e-16
4773.052772 5.549241e-16
4774.776831 3.917242e-16
4776.500891 3.436748e-16
4778.224950 4.434694e-16
4779.949010 6.126202e-16
4781.673069 6.260787e-16
4783.397128 5.698328e-16
4785.121188 6.529084e-16
4786.845247 6.000082e-16
4788.569307 5.237757e-16
4790.293366 5.999283e-16
4792.017426 6.997110e-16
4793.741485 7.542143e-16
4795.465545 5.999304e-16
4797.189604 5.825009e-16
4798.913664 5.307538e-16
4800.637723 6.586859e-16
4802.361783 8.177008e-16
4804.085842 7.257224e-16
4805.809901 7.250873e-16
4807.533961 6.678029e-16
4809.258020 6.804542e-16
4810.982080 8.683681e-16
4812.706139 7.526786e-16
4814.430199 6.892525e-16
4816.154258 7.303350e-16
4817.878318 6.964090e-16
4819.602377 8.819265e-16
4821.326437 8.459842e-16
4823.050496 7.069434e-16
4824.774556 7.290405e-16
4826.498615 8.357972e-16
4828.222674 8.913307e-16
4829.946734 7.751428e-16
4831.670793 8.373031e-16
4833.394853 8.486723e-16
4835.118912 8.237494e-16
4836.842972 8.241593e-16
4838.567031 8.898890e-16
4840.291091 8.043015e-16
4842.015150 8.864746e-16
4843.739210 9.789370e-16
4845.463269 7.629359e-16
4847.187329 8.024140e-16
4848.911388 9.080025e-16
4850.635448 8.421431e-16
4852.359507 8.077497e-16
4854.083566 9.861286e-16
4855.807626 7.721040e-16
4857.531685 5.278643e-16
4859.255745 6.857218e-16
4860.979804 8.367205e-16
4862.703864 1.029664e-15
4864.427923 9.263903e-16
4866.151983 6.944738e-16
4867.876042 6.569356e-16
4869.600102 7.282051e-16
4871.324161 7.774539e-16
4873.048221 9.101800e-16
4874.772280 8.323334e-16
4876.496339 9.399945e-16
4878.220399 8.086156e-16
4879.944458 8.751310e-16
4881.668518 8.879189e-16
4883.392577 8.126394e-16
4885.116637 6.956343e-16
4886.840696 6.667011e-16
4888.564756 7.366728e-16
4890.288815 7.452286e-16
4892.012875 7.884046e-16
4893.736934 8.128862e-16
4895.460994 8.876754e-16
4897.185053 6.976684e-16
4898.909112 5.890115e-16
4900.633172 9.963067e-16
4902.357231 8.819856e-16
4904.081291 6.435877e-16
4905.805350 7.371734e-16
4907.529410 7.406915e-16
4909.253469 8.744711e-16
4910.977529 7.999588e-16
4912.701588 9.621657e-16
4914.425648 9.204025e-16
4916.149707 7.752615e-16
4917.873767 9.204879e-16
4919.597826 7.491367e-16
4921.321885 7.666247e-16
4923.045945 8.226136e-16
4924.770004 7.529842e-16
4926.494064 7.655725e-16
4928.218123 7.378584e-16
4929.942183 7.572484e-16
4931.666242 6.989668e-16
4933.390302 8.139381e-16
4935.114361 8.749726e-16
4936.838421 7.149072e-16
4938.562480 6.753049e-16
4940.286540 7.149679e-16
4942.010599 6.792959e-16
4943.734658 7.012205e-16
4945.458718 6.727382e-16
4947.182777 7.682038e-16
4948.906837 8.309895e-16
4950.630896 6.860774e-16
4952.354956 6.691542e-16
4954.079015 7.255260e-16
4955.803075 6.721692e-16
4957.527134 7.542598e-16
4959.251194 7.308396e-16
4960.975253 7.531862e-16
4962.699313 6.996383e-16
4964.423372 7.435475e-16
4966.147431 7.126028e-16
4967.871491 7.535574e-16
4969.595550 8.356094e-16
4971.319610 6.649988e-16
4973.043669 6.936050e-16
4974.767729 7.029364e-16
4976.491788 8.263057e-16
4978.215848 7.081599e-16
4979.939907 7.536849e-16
4981.663967 8.219757e-16
4983.388026 7.126288e-16
4985.112086 7.012824e-16
4986.836145 7.273720e-16
4988.560205 6.951383e-16
4990.284264 7.280067e-16
4992.008323 6.922616e-16
4993.732383 6.207640e-16
4995.456442 7.097320e-16
4997.180502 8.333579e-16
4998.904561 8.194587e-16
5000.628621 8.335801e-16
5002.352680 7.593450e-16
5004.076740 6.693266e-16
5005.800799 7.813625e-16
5007.524859 7.685635e-16
5009.248918 7.187101e-16
5010.972978 7.335850e-16
5012.697037 7.542115e-16
5014.421096 7.512354e-16
5016.145156 7.668858e-16
5017.869215 8.068981e-16
5019.593275 8.307779e-16
5021.317334 8.184222e-16
5023.041394 7.690326e-16
5024.765453 7.237077e-16
5026.489513 7.118858e-16
5028.213572 7.272940e-16
5029.937632 7.395129e-16
5031.661691 7.105483e-16
5033.385751 6.930292e-16
5035.109810 7.313144e-16
5036.833869 7.694226e-16
5038.557929 7.643825e-16
5040.281988 7.032057e-16
5042.006048 6.278275e-16
5043.730107 5.970163e-16
5045.454167 6.336432e-16
5047.178226 7.043724e-16
5048.902286 6.841503e-16
5050.626345 6.055569e-16
5052.350405 6.035683e-16
5054.074464 6.422570e-16
5055.798524 6.560497e-16
5057.522583 6.433400e-16
5059.246642 6.162046e-16
5060.970702 5.987277e-16
5062.694761 5.929899e-16
5064.418821 5.913229e-16
5066.142880 6.017496e-16
5067.866940 6.205597e-16
5069.590999 6.189137e-16
5071.315059 5.956502e-16
5073.039118 5.705478e-16
5074.763178 5.653061e-16
5076.487237 5.856061e-16
5078.211297 5.879411e-16
5079.935356 5.570951e-16
5081.659415 5.189604e-16
5083.383475 4.949192e-16
5085.107534 4.990859e-16
5086.831594 5.308141e-16
5088.555653 5.648878e-16
5090.279713 5.332653e-16
5092.003772 4.764954e-16
5093.727832 5.025484e-16
5095.451891 5.559754e-16
5097.175951 5.633019e-16
5098.900010 5.537908e-16
5100.624070 5.485380e-16
5102.348129 5.483404e-16
5104.072188 5.493473e-16
5105.796248 5.471757e-16
5107.520307 5.585319e-16
5109.244367 5.880642e-16
5110.968426 6.091393e-16
5112.692486 6.194701e-16
5114.416545 6.343428e-16
5116.140605 6.423810e-16
5117.864664 6.314377e-16
5119.588724 6.085096e-16
5121.312783 5.865171e-16
5123.036843 5.820496e-16
5124.760902 5.869909e-16
5126.484962 5.838427e-16
5128.209021 5.729456e-16
5129.933080 5.601795e-16
5131.657140 5.547277e-16
5133.381199 5.615690e-16
5135.105259 5.803735e-16
5136.829318 6.055201e-16
5138.553378 6.285361e-16
5140.277437 6.373298e-16
5142.001497 6.344180e-16
5143.725556 6.393710e-16
5145.449616 6.581981e-16
5147.173675 6.843738e-16
5148.897735 6.739282e-16
5150.621794 6.213413e-16
5152.345853 6.146893e-16
5154.069913 6.521133e-16
5155.793972 6.634560e-16
5157.518032 6.604485e-16
5159.242091 6.693298e-16
5160.966151 6.811025e-16
5162.690210 6.892597e-16
5164.414270 6.925487e-16
5166.138329 7.028409e-16
5167.862389 7.311936e-16
5169.586448 7.478609e-16
5171.310508 7.320354e-16
5173.034567 6.968070e-16
5174.758626 6.624445e-16
5176.482686 6.503981e-16
5178.206745 6.554464e-16
5179.930805 6.631856e-16
5181.654864 6.616882e-16
5183.378924 6.534770e-16
5185.102983 6.600167e-16
5186.827043 6.711132e-16
5188.551102 6.656368e-16
5190.275162 6.546609e-16
5191.999221 6.474524e-16
5193.723281 6.346989e-16
5195.447340 6.235957e-16
5197.171399 6.322106e-16
5198.895459 6.544033e-16
5200.619518 6.781721e-16
5202.343578 7.026138e-16
5204.067637 7.205329e-16
5205.791697 7.169597e-16
5207.515756 6.934179e-16
5209.239816 6.617086e-16
5210.963875 6.433060e-16
5212.687935 6.436761e-16
5214.411994 6.295785e-16
5216.136054 6.028353e-16
5217.860113 5.939165e-16
5219.584172 6.121503e-16
5221.308232 6.536076e-16
5223.032291 6.986459e-16
5224.756351 7.264114e-16
5226.480410 7.205868e-16
5228.204470 6.918988e-16
5229.928529 6.644962e-16
5231.652589 6.523805e-16
5233.376648 6.570083e-16
5235.100708 6.580479e-16
5236.824767 6.529872e-16
5238.548827 6.547816e-16
5240.272886 6.645252e-16
5241.996946 6.763362e-16
5243.721005 6.712625e-16
5245.445064 6.508208e-16
5247.169124 6.470638e-16
5248.893183 6.469673e-16
5250.617243 6.229262e-16
5252.341302 6.081996e-16
5254.065362 6.251252e-16
5255.789421 6.447542e-16
5257.513481 6.585750e-16
5259.237540 6.762520e-16
5260.961600 6.955297e-16
5262.685659 7.091327e-16
5264.409719 7.027006e-16
5266.133778 6.763754e-16
5267.857837 6.494608e-16
5269.581897 6.469438e-16
5271.305956 6.855452e-16
5273.030016 7.244791e-16
5274.754075 7.305446e-16
5276.478135 7.164505e-16
5278.202194 7.017763e-16
5279.926254 7.072050e-16
5281.650313 7.195430e-16
5283.374373 7.193536e-16
5285.098432 7.102796e-16
5286.822492 7.029757e-16
5288.546551 7.139036e-16
5290.270610 7.307379e-16
5291.994670 7.294281e-16
5293.718729 7.134997e-16
5295.442789 6.933173e-16
5297.166848 6.789459e-16
5298.890908 6.766038e-16
5300.614967 6.867330e-16
5302.339027 7.062542e-16
5304.063086 7.265077e-16
5305.787146 7.232813e-16
5307.511205 6.953536e-16
5309.235265 6.754652e-16
5310.959324 6.767630e-16
5312.683383 6.977357e-16
5314.407443 7.250003e-16
5316.131502 7.457101e-16
5317.855562 7.583296e-16
5319.579621 7.604348e-16
5321.303681 7.499160e-16
5323.027740 7.222572e-16
5324.751800 6.827484e-16
5326.475859 6.784063e-16
5328.199919 7.136625e-16
5329.923978 7.241221e-16
5331.648038 7.131329e-16
5333.372097 7.160542e-16
5335.096156 7.122269e-16
5336.820216 6.889597e-16
5338.544275 6.748350e-16
5340.268335 6.905168e-16
5341.992394 7.437914e-16
5343.716454 7.803790e-16
5345.440513 7.515398e-16
5347.164573 7.130161e-16
5348.888632 7.030556e-16
5350.612692 7.104910e-16
5352.336751 7.251725e-16
5354.060811 7.361931e-16
5355.784870 7.329834e-16
5357.508929 7.140043e-16
5359.232989 6.960364e-16
5360.957048 6.860448e-16
5362.681108 6.798279e-16
5364.405167 6.814833e-16
5366.129227 6.925567e-16
5367.853286 6.983803e-16
5369.577346 6.867982e-16
5371.301405 6.516063e-16
5373.025465 6.230138e-16
5374.749524 6.409377e-16
5376.473584 6.785949e-16
5378.197643 6.988805e-16
5379.921703 6.763436e-16
5381.645762 6.399743e-16
5383.369821 6.627468e-16
5385.093881 7.015139e-16
5386.817940 6.937123e-16
5388.542000 6.757742e-16
5390.266059 6.756546e-16
5391.990119 6.887471e-16
5393.714178 7.024639e-16
5395.438238 7.013196e-16
5397.162297 6.901865e-16
5398.886357 6.774178e-16
5400.610416 6.632752e-16
5402.334476 6.597617e-16
5404.058535 6.869858e-16
5405.782594 7.053529e-16
5407.506654 6.760062e-16
5409.230713 6.527109e-16
5410.954773 6.634721e-16
5412.678832 6.759122e-16
5414.402892 6.775746e-16
5416.126951 6.689112e-16
5417.851011 6.578725e-16
5419.575070 6.509334e-16
5421.299130 6.439444e-16
5423.023189 6.338819e-16
5424.747249 6.196845e-16
5426.471308 6.208844e-16
5428.195367 6.522771e-16
5429.919427 6.828693e-16
5431.643486 6.870622e-16
5433.367546 6.596577e-16
5435.091605 6.201350e-16
5436.815665 6.002280e-16
5438.539724 6.144126e-16
5440.263784 6.576986e-16
5441.987843 6.936331e-16
5443.711903 7.018815e-16
5445.435962 6.842056e-16
5447.160022 6.522922e-16
5448.884081 6.227723e-16
5450.608140 6.120728e-16
5452.332200 6.206048e-16
5454.056259 6.251467e-16
5455.780319 6.178577e-16
5457.504378 6.032309e-16
5459.228438 5.993510e-16
5460.952497 6.152710e-16
5462.676557 6.270676e-16
5464.400616 6.278708e-16
5466.124676 6.305074e-16
5467.848735 6.246352e-16
5469.572795 6.003785e-16
5471.296854 5.851118e-16
5473.020913 5.907036e-16
5474.744973 5.949999e-16
5476.469032 5.971607e-16
5478.193092 6.082775e-16
5479.917151 6.373665e-16
5481.641211 6.771841e-16
5483.365270 6.803440e-16
5485.089330 6.401586e-16
5486.813389 5.942098e-16
5488.537449 5.701647e-16
5490.261508 5.823626e-16
5491.985568 6.111026e-16
5493.709627 6.361628e-16
5495.433686 6.492537e-16
5497.157746 6.521295e-16
5498.881805 6.531988e-16
5500.605865 6.539309e-16
5502.329924 6.533194e-16
5504.053984 6.475490e-16
5505.778043 6.403834e-16
5507.502103 6.431380e-16
5509.226162 6.456502e-16
5510.950222 6.358421e-16
5512.674281 6.314166e-16
5514.398341 6.424601e-16
5516.122400 6.603768e-16
5517.846460 6.670515e-16
5519.570519 6.448443e-16
5521.294578 6.223754e-16
5523.018638 6.265968e-16
5524.742697 6.465985e-16
5526.466757 6.682844e-16
5528.190816 6.786497e-16
5529.914876 6.718712e-16
5531.638935 6.502456e-16
5533.362995 6.306592e-16
5535.087054 6.231553e-16
5536.811114 6.201270e-16
5538.535173 6.247311e-16
5540.259233 6.437984e-16
5541.983292 6.584153e-16
5543.707351 6.519510e-16
5545.431411 6.296967e-16
5547.155470 6.070373e-16
5548.879530 6.056095e-16
5550.603589 6.236671e-16
5552.327649 6.475055e-16
5554.051708 6.608859e-16
5555.775768 6.581366e-16
5557.499827 6.534092e-16
5559.223887 6.471139e-16
5560.947946 6.311261e-16
5562.672006 5.941639e-16
5564.396065 5.421034e-16
5566.120124 5.290862e-16
5567.844184 5.648611e-16
5569.568243 6.076738e-16
5571.292303 6.193332e-16
5573.016362 5.804558e-16
5574.740422 5.433707e-16
5576.464481 5.427494e-16
5578.188541 5.553574e-16
5579.912600 5.819058e-16
5581.636660 6.328254e-16
5583.360719 6.493927e-16
5585.084779 5.998439e-16
5586.808838 5.771096e-16
5588.532897 6.026629e-16
5590.256957 6.094550e-16
5591.981016 5.868644e-16
5593.705076 5.521258e-16
5595.429135 5.382734e-16
5597.153195 5.640519e-16
5598.877254 6.193718e-16
5600.601314 6.577812e-16
5602.325373 6.235754e-16
5604.049433 5.838319e-16
5605.773492 5.998262e-16
5607.497552 6.147104e-16
5609.221611 6.004030e-16
5610.945670 5.722889e-16
5612.669730 5.497020e-16
5614.393789 5.492579e-16
5616.117849 5.618634e-16
5617.841908 5.727813e-16
5619.565968 5.652785e-16
5621.290027 5.576550e-16
5623.014087 5.854112e-16
5624.738146 6.126143e-16
5626.462206 6.042229e-16
5628.186265 5.853132e-16
5629.910325 5.753479e-16
5631.634384 5.807785e-16
5633.358443 5.879763e-16
5635.082503 5.800960e-16
5636.806562 5.761458e-16
5638.530622 5.843017e-16
5640.254681 5.824085e-16
5641.978741 5.654417e-16
5643.702800 5.424889e-16
5645.426860 5.445032e-16
5647.150919 5.859497e-16
5648.874979 6.169726e-16
5650.599038 6.154453e-16
5652.323098 6.002041e-16
5654.047157 5.778880e-16
5655.771217 5.529049e-16
5657.495276 5.364511e-16
5659.219335 5.391024e-16
5660.943395 5.703140e-16
5662.667454 6.120856e-16
5664.391514 6.310726e-16
5666.115573 6.265708e-16
5667.839633 6.096255e-16
5669.563692 5.934603e-16
5671.287752 5.826624e-16
5673.011811 5.699288e-16
5674.735871 5.565013e-16
5676.459930 5.463632e-16
5678.183990 5.319368e-16
5679.908049 5.210928e-16
5681.632108 5.577359e-16
5683.356168 6.067072e-16
5685.080227 5.877372e-16
5686.804287 5.369394e-16
5688.528346 5.106044e-16
5690.252406 5.181201e-16
5691.976465 5.478899e-16
5693.700525 5.670281e-16
5695.424584 5.826190e-16
5697.148644 6.115480e-16
5698.872703 6.114768e-16
5700.596763 5.715184e-16
5702.320822 5.599854e-16
5704.044881 5.748328e-16
5705.768941 5.654393e-16
5707.493000 5.442241e-16
5709.217060 5.337269e-16
5710.941119 5.310145e-16
5712.665179 5.341644e-16
5714.389238 5.436273e-16
5716.113298 5.579629e-16
5717.837357 5.736344e-16
5719.561417 5.768166e-16
5721.285476 5.659092e-16
5723.009536 5.661032e-16
5724.733595 5.779188e-16
5726.457654 5.835593e-16
5728.181714 5.794828e-16
5729.905773 5.682210e-16
5731.629833 5.568109e-16
5733.353892 5.518303e-16
5735.077952 5.585272e-16
5736.802011 5.587818e-16
5738.526071 5.353346e-16
5740.250130 5.389811e-16
5741.974190 5.910431e-16
5743.698249 6.311048e-16
5745.422309 6.387129e-16
5747.146368 6.276979e-16
5748.870427 6.118914e-16
5750.594487 6.010800e-16
5752.318546 5.847429e-16
5754.042606 5.644149e-16
5755.766665 5.589928e-16
5757.490725 5.637911e-16
5759.214784 5.655759e-16
5760.938844 5.690394e-16
5762.662903 5.770611e-16
5764.386963 5.831445e-16
5766.111022 5.833200e-16
5767.835082 5.764951e-16
5769.559141 5.699157e-16
5771.283201 5.693619e-16
5773.007260 5.669802e-16
5774.731319 5.592195e-16
5776.455379 5.503420e-16
5778.179438 5.414488e-16
5779.903498 5.343134e-16
5781.627557 5.475307e-16
5783.351617 5.814576e-16
5785.075676 5.952595e-16
5786.799736 5.794819e-16
5788.523795 5.522539e-16
5790.247855 5.340235e-16
5791.971914 5.383951e-16
5793.695974 5.554334e-16
5795.420033 5.681847e-16
5797.144092 5.583601e-16
5798.868152 5.219976e-16
5800.592211 4.714896e-16
5802.316271 4.659040e-16
5804.040330 5.268856e-16
5805.764390 5.838143e-16
5807.488449 6.015039e-16
5809.212509 5.823069e-16
5810.936568 5.582370e-16
5812.660628 5.615686e-16
5814.384687 5.890564e-16
5816.108747 6.192472e-16
5817.832806 6.152514e-16
5819.556865 5.865206e-16
5821.280925 5.638564e-16
5823.004984 5.516238e-16
5824.729044 5.490499e-16
5826.453103 5.553411e-16
5828.177163 5.655400e-16
5829.901222 5.727894e-16
5831.625282 5.737692e-16
5833.349341 5.686889e-16
5835.073401 5.630554e-16
5836.797460 5.619462e-16
5838.521520 5.689894e-16
5840.245579 5.740492e-16
5841.969638 5.661261e-16
5843.693698 5.732754e-16
5845.417757 6.097989e-16
5847.141817 6.470659e-16
5848.865876 6.589380e-16
5850.589936 6.285245e-16
5852.313995 5.921402e-16
5854.038055 5.872540e-16
5855.762114 5.904641e-16
5857.486174 5.844572e-16
5859.210233 5.708359e-16
5860.934293 5.565253e-16
5862.658352 5.520525e-16
5864.382411 5.728277e-16
5866.106471 6.156177e-16
5867.830530 6.397952e-16
5869.554590 6.250845e-16
5871.278649 5.750311e-16
5873.002709 5.370516e-16
5874.726768 5.521124e-16
5876.450828 5.889593e-16
5878.174887 6.151697e-16
5879.898947 6.135716e-16
5881.623006 5.838001e-16
5883.347066 5.414338e-16
5885.071125 5.345104e-16
5886.795184 5.790255e-16
5888.519244 6.095825e-16
5890.243303 5.980954e-16
5891.967363 5.561794e-16
5893.691422 5.280064e-16
5895.415482 5.470609e-16
5897.139541 5.651008e-16
5898.863601 5.570921e-16
5900.587660 5.460928e-16
5902.311720 5.406493e-16
5904.035779 5.418487e-16
5905.759839 5.511754e-16
5907.483898 5.641899e-16
5909.207958 5.665779e-16
5910.932017 5.524825e-16
5912.656076 5.253619e-16
5914.380136 5.113751e-16
5916.104195 5.286892e-16
5917.828255 5.372642e-16
5919.552314 5.248673e-16
5921.276374 5.295354e-16
5923.000433 5.436433e-16
5924.724493 5.401582e-16
5926.448552 5.234306e-16
5928.172612 5.057688e-16
5929.896671 5.032458e-16
5931.620731 5.108588e-16
5933.344790 5.062658e-16
5935.068849 5.032645e-16
5936.792909 5.191839e-16
5938.516968 5.377964e-16
5940.241028 5.487620e-16
5941.965087 5.569990e-16
5943.689147 5.566667e-16
5945.413206 5.411144e-16
5947.137266 5.341123e-16
5948.861325 5.490054e-16
5950.585385 5.601967e-16
5952.309444 5.588030e-16
5954.033504 5.534390e-16
5955.757563 5.303097e-16
5957.481622 4.840283e-16
5959.205682 4.654403e-16
5960.929741 4.930645e-16
5962.653801 5.287977e-16
5964.377860 5.499287e-16
5966.101920 5.478143e-16
5967.825979 5.405095e-16
5969.550039 5.449591e-16
5971.274098 5.595366e-16
5972.998158 5.679835e-16
5974.722217 5.450683e-16
5976.446277 5.205178e-16
5978.170336 5.276177e-16
5979.894395 5.344981e-16
5981.618455 5.244984e-16
5983.342514 5.157877e-16
5985.066574 5.165920e-16
5986.790633 5.278955e-16
5988.514693 5.355859e-16
5990.238752 5.333213e-16
5991.962812 5.441206e-16
5993.686871 5.638904e-16
5995.410931 5.643283e-16
5997.134990 5.524616e-16
5998.859050 5.441394e-16
6000.583109 5.380250e-16
6002.307168 5.314147e-16
6004.031228 5.221616e-16
6005.755287 5.133724e-16
6007.479347 5.107488e-16
6009.203406 5.187066e-16
6010.927466 5.344528e-16
6012.651525 5.388064e-16
6014.375585 5.324384e-16
6016.099644 5.345894e-16
6017.823704 5.396887e-16
6019.547763 5.368422e-16
6021.271823 5.287635e-16
6022.995882 5.232105e-16
6024.719941 5.329724e-16
6026.444001 5.499852e-16
6028.168060 5.563431e-16
6029.892120 5.521497e-16
6031.616179 5.449081e-16
6033.340239 5.501383e-16
6035.064298 5.625925e-16
6036.788358 5.578579e-16
6038.512417 5.506101e-16
6040.236477 5.590838e-16
6041.960536 5.549141e-16
6043.684596 5.273110e-16
6045.408655 5.002229e-16
6047.132715 4.949788e-16
6048.856774 5.236324e-16
6050.580833 5.466884e-16
6052.304893 5.381031e-16
6054.028952 5.388679e-16
6055.753012 5.587434e-16
6057.477071 5.737907e-16
6059.201131 5.737851e-16
6060.925190 5.577442e-16
6062.649250 5.412182e-16
6064.373309 5.347094e-16
6066.097369 5.362156e-16
6067.821428 5.343948e-16
6069.545488 5.166842e-16
6071.269547 5.025972e-16
6072.993606 5.084429e-16
6074.717666 5.227645e-16
6076.441725 5.340698e-16
6078.165785 5.339847e-16
6079.889844 5.277350e-16
6081.613904 5.251141e-16
6083.337963 5.297547e-16
6085.062023 5.394512e-16
6086.786082 5.440029e-16
6088.510142 5.449965e-16
6090.234201 5.499611e-16
6091.958261 5.546918e-16
6093.682320 5.524179e-16
6095.406379 5.346708e-16
6097.130439 5.131010e-16
6098.854498 5.169803e-16
6100.578558 5.308479e-16
6102.302617 5.292843e-16
6104.026677 5.201752e-16
6105.750736 5.171874e-16
6107.474796 5.354861e-16
6109.198855 5.642280e-16
6110.922915 5.785050e-16
6112.646974 5.757767e-16
6114.371034 5.615898e-16
6116.095093 5.460434e-16
6117.819152 5.328792e-16
6119.543212 5.179474e-16
6121.267271 5.126947e-16
6122.991331 5.272797e-16
6124.715390 5.437497e-16
6126.439450 5.485065e-16
6128.163509 5.411976e-16
6129.887569 5.393357e-16
6131.611628 5.641543e-16
6133.335688 5.703207e-16
6135.059747 5.281530e-16
6136.783807 4.917367e-16
6138.507866 4.907136e-16
6140.231925 5.201369e-16
6141.955985 5.573565e-16
6143.680044 5.758478e-16
6145.404104 5.693726e-16
6147.128163 5.462398e-16
6148.852223 5.300046e-16
6150.576282 5.345109e-16
6152.300342 5.613564e-16
6154.024401 5.803591e-16
6155.748461 5.701559e-16
6157.472520 5.558291e-16
6159.196580 5.526491e-16
6160.920639 5.606357e-16
6162.644699 5.653997e-16
6164.368758 5.534092e-16
6166.092817 5.454288e-16
6167.816877 5.524426e-16
6169.540936 5.601699e-16
6171.264996 5.566461e-16
6172.989055 5.351217e-16
6174.713115 5.125642e-16
6176.437174 5.055454e-16
6178.161234 5.101657e-16
6179.885293 5.220985e-16
6181.609353 5.383620e-16
6183.333412 5.462207e-16
6185.057472 5.349225e-16
6186.781531 5.145252e-16
6188.505590 4.981521e-16
6190.229650 4.964721e-16
6191.953709 5.079830e-16
6193.677769 5.224017e-16
6195.401828 5.321757e-16
6197.125888 5.329791e-16
6198.849947 5.268616e-16
6200.574007 5.172020e-16
6202.298066 5.079045e-16
6204.022126 4.971215e-16
6205.746185 4.843781e-16
6207.470245 4.891402e-16
6209.194304 5.170576e-16
6210.918363 5.461541e-16
6212.642423 5.587560e-16
6214.366482 5.452362e-16
6216.090542 5.205942e-16
6217.814601 5.045994e-16
6219.538661 5.081382e-16
6221.262720 5.264449e-16
6222.986780 5.393982e-16
6224.710839 5.360505e-16
6226.434899 5.156435e-16
6228.158958 5.005818e-16
6229.883018 5.032775e-16
6231.607077 5.099127e-16
6233.331136 5.149252e-16
6235.055196 5.185970e-16
6236.779255 5.154872e-16
6238.503315 5.038130e-16
6240.227374 4.934318e-16
6241.951434 4.918235e-16
6243.675493 5.016776e-16
6245.399553 5.118999e-16
6247.123612 5.091610e-16
6248.847672 4.955433e-16
6250.571731 4.828472e-16
6252.295791 4.950981e-16
6254.019850 5.213321e-16
6255.743909 5.293787e-16
6257.467969 5.203230e-16
6259.192028 5.063749e-16
6260.916088 5.032157e-16
6262.640147 5.120321e-16
6264.364207 5.163899e-16
6266.088266 5.172138e-16
6267.812326 5.211004e-16
6269.536385 5.227069e-16
6271.260445 5.206256e-16
6272.984504 5.239657e-16
6274.708564 5.289617e-16
6276.432623 5.242823e-16
6278.156682 5.084773e-16
6279.880742 4.875941e-16
6281.604801 4.798965e-16
6283.328861 4.900045e-16
6285.052920 5.060369e-16
6286.776980 5.043106e-16
6288.501039 4.695527e-16
6290.225099 4.530756e-16
6291.949158 4.787358e-16
6293.673218 4.968791e-16
6295.397277 4.941883e-16
6297.121337 4.851385e-16
6298.845396 4.837227e-16
6300.569456 4.943892e-16
6302.293515 4.878638e-16
6304.017574 4.649338e-16
6305.741634 4.642467e-16
6307.465693 4.768905e-16
6309.189753 4.776395e-16
6310.913812 4.716706e-16
6312.637872 4.642706e-16
6314.361931 4.515605e-16
6316.085991 4.363938e-16
6317.810050 4.256778e-16
6319.534110 4.281691e-16
6321.258169 4.449431e-16
6322.982229 4.545017e-16
6324.706288 4.474786e-16
6326.430347 4.327212e-16
6328.154407 4.151401e-16
6329.878466 3.991157e-16
6331.602526 3.923795e-16
6333.326585 4.003833e-16
6335.050645 4.253424e-16
6336.774704 4.504048e-16
6338.498764 4.492769e-16
6340.222823 4.134053e-16
6341.946883 3.580105e-16
6343.670942 3.537849e-16
6345.395002 4.000332e-16
6347.119061 4.053924e-16
6348.843120 3.741126e-16
6350.567180 3.503409e-16
6352.291239 3.393785e-16
6354.015299 3.408282e-16
6355.739358 3.535470e-16
6357.463418 3.716831e-16
6359.187477 3.869813e-16
6360.911537 3.887310e-16
6362.635596 3.720353e-16
6364.359656 3.467543e-16
6366.083715 3.293608e-16
6367.807775 3.399885e-16
6369.531834 3.600350e-16
6371.255893 3.579836e-16
6372.979953 3.321790e-16
6374.704012 2.968378e-16
6376.428072 2.845119e-16
6378.152131 2.961361e-16
6379.876191 3.076719e-16
6381.600250 3.128552e-16
6383.324310 3.112294e-16
6385.048369 3.011795e-16
6386.772429 2.926087e-16
6388.496488 3.075869e-16
6390.220548 3.289747e-16
6391.944607 3.270447e-16
6393.668666 3.048928e-16
6395.392726 2.791506e-16
6397.116785 2.800895e-16
6398.840845 3.021429e-16
6400.564904 3.129843e-16
6402.288964 3.128538e-16
6404.013023 3.098477e-16
6405.737083 3.028169e-16
6407.461142 2.938114e-16
6409.185202 2.880484e-16
6410.909261 2.917128e-16
6412.633321 3.073536e-16
6414.357380 3.163620e-16
6416.081439 3.092313e-16
6417.805499 3.019905e-16
6419.529558 3.086556e-16
6421.253618 3.373794e-16
6422.977677 3.539638e-16
6424.701737 3.331799e-16
6426.425796 3.245842e-16
6428.149856 3.470955e-16
6429.873915 3.694387e-16
6431.597975 3.840811e-16
6433.322034 3.954246e-16
6435.046094 4.113241e-16
6436.770153 4.346647e-16
6438.494213 4.551368e-16
6440.218272 4.686611e-16
6441.942331 4.770458e-16
6443.666391 4.783535e-16
6445.390450 4.733989e-16
6447.114510 4.743075e-16
6448.838569 4.853293e-16
6450.562629 4.983792e-16
6452.286688 5.156293e-16
6454.010748 5.416758e-16
6455.734807 5.679068e-16
6457.458867 5.855284e-16
6459.182926 5.909488e-16
6460.906986 5.876460e-16
6462.631045 5.845213e-16
6464.355104 5.957208e-16
6466.079164 6.265950e-16
6467.803223 6.495390e-16
6469.527283 6.539938e-16
6471.251342 6.574025e-16
6472.975402 6.704691e-16
6474.699461 6.970718e-16
6476.423521 7.237442e-16
6478.147580 7.393602e-16
6479.871640 7.483407e-16
6481.595699 7.479732e-16
6483.319759 7.318370e-16
6485.043818 7.144003e-16
6486.767877 7.151756e-16
6488.491937 7.505004e-16
6490.215996 8.101302e-16
6491.940056 8.524539e-16
6493.664115 8.556205e-16
6495.388175 8.198824e-16
6497.112234 8.002476e-16
6498.836294 8.291164e-16
6500.560353 8.630553e-16
6502.284413 8.826940e-16
6504.008472 8.932787e-16
6505.732532 9.007335e-16
6507.456591 9.110458e-16
6509.180650 9.260800e-16
6510.904710 9.380247e-16
6512.628769 9.270490e-16
6514.352829 9.097792e-16
6516.076888 9.153254e-16
6517.800948 9.304143e-16
6519.525007 9.379699e-16
6521.249067 9.319931e-16
6522.973126 9.238647e-16
6524.697186 9.369911e-16
6526.421245 9.705595e-16
6528.145305 1.010281e-15
6529.869364 1.028554e-15
6531.593423 1.015845e-15
6533.317483 9.892125e-16
6535.041542 9.781973e-16
6536.765602 1.006203e-15
6538.489661 1.018423e-15
6540.213721 9.843950e-16
6541.937780 9.686311e-16
6543.661840 9.814680e-16
6545.385899 9.846078e-16
6547.109959 9.760076e-16
6548.834018 9.664204e-16
6550.558078 9.720788e-16
6552.282137 9.923429e-16
6554.006196 1.002161e-15
6555.730256 9.936683e-16
6557.454315 9.732926e-16
6559.178375 9.755328e-16
6569.522732 1.035311e-15
6571.246791 1.019688e-15
6572.970851 9.891832e-16
6574.694910 9.680801e-16
6576.418970 9.599830e-16
6578.143029 9.572139e-16
6579.867088 9.562314e-16
6581.591148 9.571153e-16
6583.315207 9.694868e-16
6585.039267 9.837392e-16
6586.763326 9.758014e-16
6588.487386 9.573047e-16
6590.211445 9.499978e-16
6591.935505 9.655654e-16
6593.659564 9.975324e-16
6595.383624 1.015533e-15
6597.107683 1.016812e-15
6598.831743 1.013810e-15
6600.555802 1.005668e-15
6602.279861 9.903440e-16
6604.003921 9.652895e-16
6605.727980 9.458186e-16
6607.452040 9.591465e-16
6609.176099 9.842448e-16
6610.900159 9.880141e-16
6612.624218 9.552551e-16
6614.348278 9.045894e-16
6616.072337 8.991836e-16
6617.796397 9.260950e-16
6619.520456 9.337629e-16
6621.244516 9.195061e-16
6622.968575 8.953896e-16
6624.692634 8.820742e-16
6626.416694 8.826772e-16
6628.140753 8.826944e-16
6629.864813 8.769013e-16
6631.588872 8.675058e-16
6633.312932 8.770888e-16
6635.036991 9.005210e-16
6636.761051 8.865411e-16
6638.485110 8.548738e-16
6640.209170 8.568128e-16
6641.933229 8.707878e-16
6643.657289 8.705731e-16
6645.381348 8.586237e-16
6647.105407 8.462963e-16
6648.829467 8.506654e-16
6650.553526 8.606314e-16
6652.277586 8.578434e-16
6654.001645 8.381616e-16
6655.725705 8.090898e-16
6657.449764 7.928014e-16
6659.173824 7.854767e-16
6660.897883 7.709825e-16
6662.621943 7.652803e-16
6664.346002 7.786961e-16
6666.070062 7.931269e-16
6667.794121 7.906859e-16
6669.518180 7.585869e-16
6671.242240 7.257780e-16
6672.966299 7.258358e-16
6674.690359 7.448485e-16
6676.414418 7.688308e-16
6678.138478 7.961303e-16
6679.862537 8.148919e-16
6681.586597 8.118053e-16
6683.310656 7.948168e-16
6685.034716 7.735942e-16
6686.758775 7.464695e-16
6688.482835 7.181112e-16
6690.206894 6.982327e-16
6691.930954 7.014308e-16
6693.655013 7.324632e-16
6695.379072 7.526945e-16
6697.103132 7.439907e-16
6698.827191 7.322961e-16
6700.551251 7.175324e-16
6702.275310 6.880655e-16
6703.999370 6.629470e-16
6705.723429 6.592542e-16
6707.447489 6.740156e-16
6709.171548 6.914846e-16
6710.895608 6.869281e-16
6712.619667 6.808440e-16
6714.343727 6.976310e-16
6716.067786 6.976431e-16
6717.791845 6.692689e-16
6719.515905 6.591915e-16
6721.239964 6.705903e-16
6722.964024 6.803989e-16
6724.688083 6.750836e-16
6726.412143 6.525899e-16
6728.136202 6.335405e-16
6729.860262 6.326274e-16
6731.584321 6.536071e-16
6733.308381 6.813697e-16
6735.032440 6.941166e-16
6736.756500 6.733941e-16
6738.480559 6.255694e-16
6740.204618 5.938911e-16
6741.928678 5.862002e-16
6743.652737 5.866792e-16
6745.376797 5.867906e-16
6747.100856 5.836102e-16
6748.824916 5.872143e-16
6750.548975 5.978012e-16
6752.273035 6.046273e-16
6753.997094 6.070381e-16
6755.721154 6.078676e-16
6757.445213 6.078135e-16
6759.169273 6.055992e-16
6760.893332 5.967927e-16
6762.617391 5.839782e-16
6764.341451 5.737403e-16
6766.065510 5.699906e-16
6767.789570 5.720428e-16
6769.513629 5.691100e-16
6771.237689 5.608746e-16
6772.961748 5.584268e-16
6774.685808 5.595449e-16
6776.409867 5.585148e-16
6778.133927 5.568813e-16
6779.857986 5.591633e-16
6781.582046 5.739359e-16
6783.306105 5.898840e-16
6785.030164 5.867578e-16
6786.754224 5.719849e-16
6788.478283 5.600202e-16
6790.202343 5.656588e-16
6791.926402 5.779332e-16
6793.650462 5.608151e-16
6795.374521 5.380112e-16
6797.098581 5.454985e-16
6798.822640 5.623003e-16
6800.546700 5.700832e-16
6802.270759 5.703395e-16
6803.994819 5.659671e-16
6805.718878 5.606152e-16
6807.442937 5.428859e-16
6809.166997 5.096626e-16
6810.891056 4.898309e-16
6812.615116 4.933740e-16
6814.339175 5.069358e-16
6816.063235 5.170472e-16
6817.787294 5.145740e-16
6819.511354 5.103786e-16
6821.235413 5.131888e-16
6822.959473 5.218920e-16
6824.683532 5.266531e-16
6826.407592 5.151410e-16
6828.131651 5.010078e-16
6829.855711 4.989859e-16
6831.579770 5.066272e-16
6833.303829 5.177601e-16
6835.027889 5.240608e-16
6836.751948 5.259232e-16
6838.476008 5.269044e-16
6840.200067 5.249446e-16
6841.924127 5.190202e-16
6843.648186 5.105024e-16
6845.372246 5.041529e-16
6847.096305 5.051970e-16
6848.820365 5.048816e-16
6850.544424 4.950064e-16
6852.268484 4.783152e-16
6853.992543 4.649877e-16
6855.716602 4.708218e-16
6857.440662 4.837262e-16
6859.164721 4.841048e-16
6860.888781 4.721668e-16
6862.612840 4.614123e-16
6864.336900 4.814326e-16
6866.060959 5.277954e-16
6867.785019 5.713122e-16
6869.509078 5.725844e-16
6871.233138 5.185972e-16
6872.957197 4.749523e-16
6874.681257 4.682451e-16
6876.405316 4.710392e-16
6878.129375 4.769083e-16
6879.853435 4.871371e-16
6881.577494 5.052327e-16
6883.301554 5.277114e-16
6885.025613 5.374085e-16
6886.749673 5.308297e-16
6888.473732 5.151697e-16
6890.197792 4.973671e-16
6891.921851 4.835582e-16
6893.645911 4.769847e-16
6895.369970 4.756375e-16
6897.094030 4.721912e-16
6898.818089 4.712298e-16
6900.542148 4.785725e-16
6902.266208 4.802807e-16
6903.990267 4.673626e-16
6905.714327 4.467042e-16
6907.438386 4.210845e-16
6909.162446 3.919921e-16
6910.886505 3.920650e-16
6912.610565 4.356229e-16
6914.334624 4.612723e-16
6916.058684 4.479767e-16
6917.782743 4.300068e-16
6919.506803 4.259116e-16
6921.230862 4.418634e-16
6922.954921 4.560450e-16
6924.678981 4.556316e-16
6926.403040 4.572327e-16
6928.127100 4.584493e-16
6929.851159 4.457002e-16
6931.575219 4.275318e-16
6933.299278 4.174161e-16
6935.023338 4.251918e-16
6936.747397 4.474711e-16
6938.471457 4.660184e-16
6940.195516 4.783344e-16
6941.919576 4.877664e-16
6943.643635 4.861252e-16
6945.367694 4.713815e-16
6947.091754 4.546556e-16
6948.815813 4.448507e-16
6950.539873 4.469254e-16
6952.263932 4.485150e-16
6953.987992 4.407283e-16
6955.712051 4.433632e-16
6957.436111 4.580473e-16
6959.160170 4.627310e-16
6960.884230 4.497453e-16
6962.608289 4.219126e-16
6964.332349 3.966501e-16
6966.056408 3.869465e-16
6967.780468 3.893173e-16
6969.504527 4.054547e-16
6971.228586 4.385704e-16
6972.952646 4.626484e-16
6974.676705 4.591550e-16
6976.400765 4.567105e-16
6978.124824 4.710694e-16
6979.848884 4.961012e-16
6981.572943 5.077345e-16
6983.297003 4.832769e-16
6985.021062 4.508860e-16
6986.745122 4.339735e-16
6988.469181 4.263418e-16
6990.193241 4.201478e-16
6991.917300 4.078196e-16
6993.641359 3.966262e-16
6995.365419 3.946513e-16
6997.089478 3.968341e-16
6998.813538 3.998169e-16
7000.537597 4.034927e-16
7002.261657 4.125813e-16
7003.985716 4.303464e-16
7005.709776 4.364294e-16
7007.433835 4.248307e-16
7009.157895 4.264354e-16
7010.881954 4.437614e-16
7012.606014 4.574534e-16
7014.330073 4.605884e-16
7016.054132 4.539895e-16
7017.778192 4.506647e-16
7019.502251 4.575348e-16
7021.226311 4.717317e-16
7022.950370 4.763172e-16
7024.674430 4.551328e-16
7026.398489 4.311940e-16
7028.122549 4.224086e-16
7029.846608 4.200564e-16
7031.570668 4.178075e-16
7033.294727 4.125794e-16
7035.018787 4.105598e-16
7036.742846 4.188977e-16
7038.466905 4.383991e-16
7040.190965 4.621470e-16
7041.915024 4.763464e-16
7043.639084 4.649164e-16
7045.363143 4.207038e-16
7047.087203 3.831979e-16
7048.811262 3.780922e-16
7050.535322 3.828411e-16
7052.259381 3.871281e-16
7053.983441 3.921897e-16
7055.707500 4.023709e-16
7057.431560 4.210431e-16
7059.155619 4.459101e-16
7060.879678 4.633411e-16
7062.603738 4.475492e-16
7064.327797 4.177772e-16
7066.051857 4.093777e-16
7067.775916 4.187984e-16
7069.499976 4.336011e-16
7071.224035 4.399814e-16
7072.948095 4.386765e-16
7074.672154 4.419655e-16
7076.396214 4.505535e-16
7078.120273 4.577330e-16
7079.844333 4.385702e-16
7081.568392 4.077950e-16
7083.292452 4.332272e-16
7085.016511 4.795904e-16
7086.740570 4.767712e-16
7088.464630 4.645864e-16
7090.188689 4.772684e-16
7091.912749 4.920088e-16
7093.636808 4.926822e-16
7095.360868 4.717481e-16
7097.084927 4.425079e-16
7098.808987 4.221590e-16
7100.533046 4.129953e-16
7102.257106 4.142955e-16
7103.981165 4.237898e-16
7105.705225 4.309914e-16
7107.429284 4.249460e-16
7109.153343 4.078175e-16
7110.877403 3.913411e-16
7112.601462 3.998347e-16
7114.325522 4.315210e-16
7116.049581 4.625675e-16
7117.773641 4.716546e-16
7119.497700 4.506047e-16
7121.221760 4.304892e-16
7122.945819 4.263412e-16
7124.669879 4.235425e-16
7126.393938 4.184457e-16
7128.117998 4.137142e-16
7129.842057 4.189838e-16
7131.566116 4.382045e-16
7133.290176 4.616267e-16
7135.014235 4.729901e-16
7136.738295 4.551336e-16
7138.462354 4.323182e-16
7140.186414 4.305145e-16
7141.910473 4.293590e-16
7143.634533 4.187248e-16
7145.358592 4.102761e-16
7147.082652 4.049306e-16
7148.806711 3.996339e-16
7150.530771 3.987868e-16
7152.254830 4.055374e-16
7153.978889 4.179408e-16
7155.702949 4.311496e-16
7157.427008 4.388608e-16
7159.151068 4.357478e-16
7160.875127 4.220832e-16
7162.599187 4.155647e-16
7164.323246 4.196615e-16
7166.047306 4.145843e-16
7167.771365 4.046551e-16
7169.495425 4.035612e-16
7171.219484 3.993637e-16
7172.943544 3.845559e-16
7174.667603 3.719245e-16
7176.391662 3.707747e-16
7178.115722 3.849674e-16
7179.839781 4.009723e-16
7181.563841 4.049477e-16
7183.287900 4.036443e-16
7185.011960 4.078732e-16
7186.736019 4.297345e-16
7188.460079 4.534333e-16
7190.184138 4.518174e-16
7191.908198 4.183811e-16
7193.632257 3.651198e-16
7195.356317 3.309097e-16
7197.080376 3.310584e-16
7198.804435 3.550959e-16
7200.528495 3.824647e-16
7202.252554 3.925380e-16
7203.976614 3.786327e-16
7205.700673 3.494248e-16
7207.424733 3.302752e-16
7209.148792 3.297601e-16
7210.872852 3.440027e-16
7212.596911 3.608547e-16
7214.320971 3.724067e-16
7216.045030 3.870087e-16
7217.769090 4.052948e-16
7219.493149 4.207547e-16
7221.217209 4.166674e-16
7222.941268 3.870024e-16
7224.665327 3.764490e-16
7226.389387 4.050413e-16
7228.113446 4.477785e-16
7229.837506 4.723776e-16
7231.561565 4.523773e-16
7233.285625 4.160075e-16
7235.009684 3.940438e-16
7236.733744 3.889350e-16
7238.457803 3.954529e-16
7240.181863 4.021822e-16
7241.905922 4.154113e-16
7243.629982 4.399269e-16
7245.354041 4.495246e-16
7247.078100 4.330612e-16
7248.802160 4.069399e-16
7250.526219 3.831192e-16
7252.250279 3.681072e-16
7253.974338 3.452719e-16
7255.698398 3.099655e-16
7257.422457 3.002145e-16
7259.146517 3.198201e-16
7260.870576 3.397333e-16
7262.594636 3.529380e-16
7264.318695 3.622682e-16
7266.042755 3.798688e-16
7267.766814 4.035894e-16
7269.490873 4.071765e-16
7271.214933 3.945046e-16
7272.938992 3.851868e-16
7274.663052 3.790113e-16
7276.387111 3.746927e-16
7278.111171 3.802937e-16
7279.835230 3.895496e-16
7281.559290 3.844674e-16
7283.283349 3.843962e-16
7285.007409 4.097435e-16
7286.731468 4.334794e-16
7288.455528 4.324198e-16
7290.179587 3.990254e-16
7291.903646 3.608276e-16
7293.627706 3.577419e-16
7295.351765 3.707508e-16
7297.075825 3.749488e-16
7298.799884 3.664614e-16
7300.523944 3.595597e-16
7302.248003 3.824178e-16
7303.972063 4.055086e-16
7305.696122 3.922836e-16
7307.420182 3.640016e-16
7309.144241 3.471958e-16
7310.868301 3.647157e-16
7312.592360 3.854271e-16
7314.316419 3.584837e-16
7316.040479 3.397208e-16
7317.764538 3.692707e-16
7319.488598 3.834433e-16
7321.212657 3.627799e-16
7322.936717 3.365970e-16
7324.660776 3.267848e-16
7326.384836 3.445654e-16
7328.108895 3.679237e-16
7329.832955 3.791695e-16
7331.557014 3.770855e-16
7333.281074 3.747550e-16
7335.005133 3.903016e-16
7336.729192 4.152300e-16
7338.453252 4.357331e-16
7340.177311 4.424940e-16
7341.901371 4.391497e-16
7343.625430 4.413620e-16
7345.349490 4.392322e-16
7347.073549 4.190454e-16
7348.797609 3.924077e-16
7350.521668 3.691509e-16
7352.245728 3.494502e-16
7353.969787 3.396246e-16
7355.693847 3.465478e-16
7357.417906 3.663106e-16
7359.141966 3.859668e-16
7360.866025 3.756006e-16
7362.590084 3.448825e-16
7364.314144 3.409458e-16
7366.038203 3.691376e-16
7367.762263 4.123214e-16
7369.486322 4.355070e-16
7371.210382 4.251288e-16
7372.934441 4.091976e-16
7374.658501 3.947786e-16
7376.382560 3.768845e-16
7378.106620 3.684809e-16
7379.830679 3.777851e-16
7381.554739 3.909908e-16
7383.278798 4.057835e-16
7385.002857 4.329046e-16
7386.726917 4.462378e-16
7388.450976 4.209718e-16
7390.175036 3.957552e-16
7391.899095 3.963150e-16
7393.623155 4.113333e-16
7395.347214 4.172330e-16
7397.071274 3.896325e-16
7398.795333 3.539700e-16
7400.519393 3.382628e-16
7402.243452 3.408441e-16
7403.967512 3.501988e-16
7405.691571 3.481822e-16
7407.415630 3.384752e-16
7409.139690 3.343120e-16
7410.863749 3.493349e-16
7412.587809 3.807347e-16
7414.311868 3.999732e-16
7416.035928 3.918257e-16
7417.759987 3.557699e-16
7419.484047 3.217947e-16
7421.208106 3.148040e-16
7422.932166 3.211254e-16
7424.656225 3.350436e-16
7426.380285 3.621045e-16
7428.104344 3.894894e-16
7429.828403 4.022655e-16
7431.552463 4.064468e-16
7433.276522 4.071304e-16
7435.000582 4.017264e-16
7436.724641 3.915322e-16
7438.448701 3.809902e-16
7440.172760 3.874315e-16
7441.896820 4.179984e-16
7443.620879 4.474221e-16
7445.344939 4.547196e-16
7447.068998 4.286790e-16
7448.793058 4.047968e-16
7450.517117 4.196046e-16
7452.241176 4.187581e-16
7453.965236 3.789353e-16
7455.689295 3.559729e-16
7457.413355 3.591117e-16
7459.137414 3.667549e-16
7460.861474 3.691207e-16
7462.585533 3.654943e-16
7464.309593 3.772075e-16
7466.033652 3.977214e-16
7467.757712 3.904234e-16
7469.481771 3.634783e-16
7471.205831 3.425766e-16
7472.929890 3.459643e-16
7474.653949 3.700470e-16
7476.378009 3.750595e-16
7478.102068 3.611374e-16
7479.826128 3.550595e-16
7481.550187 3.672675e-16
7483.274247 3.950751e-16
7484.998306 4.118984e-16
7486.722366 4.083874e-16
7488.446425 3.978988e-16
7490.170485 3.870011e-16
7491.894544 3.789887e-16
7493.618604 3.724421e-16
7495.342663 3.691284e-16
7497.066723 3.794061e-16
7498.790782 3.951409e-16
7500.514841 3.984382e-16
7502.238901 3.956164e-16
7503.962960 3.977085e-16
7505.687020 4.113412e-16
7507.411079 4.261900e-16
7509.135139 4.141360e-16
7510.859198 4.008154e-16
7512.583258 4.200402e-16
7514.307317 4.322790e-16
7516.031377 4.078544e-16
7517.755436 3.548872e-16
7519.479496 3.092772e-16
7521.203555 3.163085e-16
7522.927614 3.390647e-16
7524.651674 3.363023e-16
7526.375733 3.277714e-16
7528.099793 3.249456e-16
7529.823852 3.239774e-16
7531.547912 3.325137e-16
7533.271971 3.556185e-16
7534.996031 3.662588e-16
7536.720090 3.525848e-16
7538.444150 3.406296e-16
7540.168209 3.372619e-16
7541.892269 3.352816e-16
7543.616328 3.296071e-16
7545.340387 3.218012e-16
7547.064447 3.370684e-16
7548.788506 3.648591e-16
7550.512566 3.538261e-16
7552.236625 3.243127e-16
7553.960685 3.214558e-16
7555.684744 3.511461e-16
7557.408804 4.007849e-16
7559.132863 4.400067e-16
7560.856923 4.436182e-16
7562.580982 4.001531e-16
7564.305042 3.622552e-16
7566.029101 3.747300e-16
7567.753160 4.041910e-16
7569.477220 4.160486e-16
7571.201279 3.863843e-16
7572.925339 3.543986e-16
7574.649398 3.739504e-16
7576.373458 4.280872e-16
7578.097517 4.762451e-16
7579.821577 4.600168e-16
7581.545636 3.982071e-16
7583.269696 3.628197e-16
7584.993755 3.684177e-16
7586.717815 4.039703e-16
7588.441874 4.371837e-16
7590.165933 4.566778e-16
7591.889993 4.815519e-16
7593.614052 5.095120e-16
7595.338112 5.298008e-16
7597.062171 5.326729e-16
7598.786231 5.236935e-16
7600.510290 5.395852e-16
7602.234350 5.608164e-16
7603.958409 5.323909e-16
7605.682469 4.616442e-16
7607.406528 3.769710e-16
7609.130588 3.048311e-16
7610.854647 2.665728e-16
7612.578707 2.735951e-16
7614.302766 3.000319e-16
7616.026825 3.122770e-16
7617.750885 3.303135e-16
7619.474944 3.733623e-16
7621.199004 4.399227e-16
7622.923063 5.062584e-16
7624.647123 5.360086e-16
7626.371182 5.057348e-16
7628.095242 4.229434e-16
7629.819301 3.685682e-16
7631.543361 3.726831e-16
7633.267420 3.913820e-16
7634.991480 3.917111e-16
7636.715539 3.559566e-16
7638.439598 3.205408e-16
7640.163658 3.067696e-16
7641.887717 2.791322e-16
7643.611777 2.471828e-16
7645.335836 2.499921e-16
7647.059896 2.675150e-16
7648.783955 2.705483e-16
7650.508015 2.573535e-16
7652.232074 2.402368e-16
7653.956134 2.437858e-16
7655.680193 2.751575e-16
7657.404253 3.252868e-16
7659.128312 3.536495e-16
7660.852371 3.390146e-16
7662.576431 3.098929e-16
7664.300490 2.922263e-16
7666.024550 3.033937e-16
7667.748609 3.198543e-16
7669.472669 3.176046e-16
7671.196728 3.194944e-16
7672.920788 3.325780e-16
7674.644847 3.384099e-16
7676.368907 3.359630e-16
7678.092966 3.327264e-16
7679.817026 3.414808e-16
7681.541085 3.600745e-16
7683.265144 3.510676e-16
7684.989204 3.287921e-16
7686.713263 3.430142e-16
7688.437323 3.643723e-16
7690.161382 3.543769e-16
7691.885442 3.252451e-16
7693.609501 2.989030e-16
7695.333561 3.016824e-16
7697.057620 3.206361e-16
7698.781680 3.264142e-16
7700.505739 3.170217e-16
7702.229799 2.997991e-16
7703.953858 2.895909e-16
7705.677917 2.889118e-16
7707.401977 2.894679e-16
7709.126036 2.944169e-16
7710.850096 3.062871e-16
7712.574155 3.140602e-16
7714.298215 3.152468e-16
7716.022274 3.200377e-16
7717.746334 3.308095e-16
7719.470393 3.454200e-16
7721.194453 3.636807e-16
7722.918512 3.793679e-16
7724.642572 3.731435e-16
7726.366631 3.515075e-16
7728.090690 3.406139e-16
7729.814750 3.449819e-16
7731.538809 3.601320e-16
7733.262869 3.820640e-16
7734.986928 3.943805e-16
7736.710988 3.660976e-16
7738.435047 3.302232e-16
7740.159107 3.381433e-16
7741.883166 3.514323e-16
7743.607226 3.379884e-16
7745.331285 3.216073e-16
7747.055345 3.051315e-16
7748.779404 2.758188e-16
7750.503464 2.645937e-16
7752.227523 2.972681e-16
7753.951582 3.408703e-16
7755.675642 3.637133e-16
7757.399701 3.465767e-16
7759.123761 3.224530e-16
7760.847820 3.377407e-16
7762.571880 3.434907e-16
7764.295939 3.067118e-16
7766.019999 2.725587e-16
7767.744058 2.602755e-16
7769.468118 2.636492e-16
7771.192177 2.790332e-16
7772.916237 3.002115e-16
7774.640296 3.168014e-16
7776.364355 3.217783e-16
7778.088415 3.138956e-16
7779.812474 3.019739e-16
7781.536534 2.990469e-16
7783.260593 3.152488e-16
7784.984653 3.475861e-16
7786.708712 3.682227e-16
7788.432772 3.691424e-16
7790.156831 3.617814e-16
7791.880891 3.591135e-16
7793.604950 3.700935e-16
7795.329010 3.912382e-16
7797.053069 4.038436e-16
7798.777128 3.717649e-16
7800.501188 3.298102e-16
7802.225247 3.381381e-16
7803.949307 3.768316e-16
7805.673366 4.123230e-16
7807.397426 4.230667e-16
7809.121485 4.096441e-16
7810.845545 3.934188e-16
7812.569604 3.949599e-16
7814.293664 4.256842e-16
7816.017723 4.716248e-16
7817.741783 5.114563e-16
7819.465842 5.232145e-16
7821.189901 4.948171e-16
7822.913961 4.290744e-16
7824.638020 3.731290e-16
7826.362080 3.572768e-16
7828.086139 3.509822e-16
7829.810199 3.373148e-16
7831.534258 3.158978e-16
7833.258318 3.091807e-16
7834.982377 3.328289e-16
7836.706437 3.453137e-16
7838.430496 3.269051e-16
7840.154556 2.994815e-16
7841.878615 2.867380e-16
7843.602674 3.063368e-16
7845.326734 3.409042e-16
7847.050793 3.639911e-16
7848.774853 3.491089e-16
7850.498912 3.088400e-16
7852.222972 2.881315e-16
7853.947031 2.891211e-16
7855.671091 2.974870e-16
7857.395150 2.981005e-16
7859.119210 2.920579e-16
7860.843269 3.055398e-16
7862.567329 3.343984e-16
7864.291388 3.583320e-16
7866.015447 3.680900e-16
7867.739507 3.631005e-16
7869.463566 3.573736e-16
7871.187626 3.544640e-16
7872.911685 3.473573e-16
7874.635745 3.401635e-16
7876.359804 3.388313e-16
7878.083864 3.417113e-16
7879.807923 3.485270e-16
7881.531983 3.629498e-16
7883.256042 3.742222e-16
7884.980102 3.671038e-16
7886.704161 3.474428e-16
7888.428221 3.250790e-16
7890.152280 3.056972e-16
7891.876339 2.929171e-16
7893.600399 2.869248e-16
7895.324458 3.060225e-16
7897.048518 3.559915e-16
7898.772577 3.699846e-16
7900.496637 3.273884e-16
7902.220696 2.900188e-16
7903.944756 2.871849e-16
7905.668815 3.205754e-16
7907.392875 3.478208e-16
7909.116934 3.382572e-16
7910.840994 3.211268e-16
7912.565053 3.045535e-16
7914.289112 2.746348e-16
7916.013172 2.625107e-16
7917.737231 2.976445e-16
7919.461291 3.464525e-16
7921.185350 3.797855e-16
7922.909410 3.907062e-16
7924.633469 3.896241e-16
7926.357529 3.947500e-16
7928.081588 3.979628e-16
7929.805648 3.886235e-16
7931.529707 3.648036e-16
7933.253767 3.362358e-16
7934.977826 3.217929e-16
7936.701885 3.165845e-16
7938.425945 3.084655e-16
7940.150004 2.969025e-16
7941.874064 2.807893e-16
7943.598123 2.551288e-16
7945.322183 2.378497e-16
7947.046242 2.533916e-16
7948.770302 2.897892e-16
7950.494361 3.201771e-16
7952.218421 3.034003e-16
7953.942480 2.519095e-16
7955.666540 2.278264e-16
7957.390599 2.432018e-16
7959.114658 2.830771e-16
7960.838718 3.103819e-16
7962.562777 3.089484e-16
7964.286837 3.029692e-16
7966.010896 3.105363e-16
7967.734956 3.406875e-16
7969.459015 3.812214e-16
7971.183075 4.098950e-16
7972.907134 3.957828e-16
7974.631194 3.450008e-16
7976.355253 2.993825e-16
7978.079313 2.825874e-16
7979.803372 3.007529e-16
7981.527431 3.298496e-16
7983.251491 3.416984e-16
7984.975550 3.104571e-16
7986.699610 2.757771e-16
7988.423669 3.030409e-16
7990.147729 3.449528e-16
7991.871788 3.503189e-16
7993.595848 3.321033e-16
7995.319907 3.123856e-16
7997.043967 3.163153e-16
7998.768026 3.300713e-16
8000.492086 3.274814e-16
8002.216145 2.991939e-16
8003.940205 2.567078e-16
8005.664264 2.397665e-16
8007.388323 2.529999e-16
8009.112383 2.769775e-16
8010.836442 2.993660e-16
8012.560502 3.112013e-16
8014.284561 3.110632e-16
8016.008621 2.967432e-16
8017.732680 2.651435e-16
8019.456740 2.388741e-16
8021.180799 2.413584e-16
8022.904859 2.589637e-16
8024.628918 2.762101e-16
8026.352978 2.851694e-16
8028.077037 2.915888e-16
8029.801096 3.072518e-16
8031.525156 3.125216e-16
8033.249215 2.934415e-16
8034.973275 2.705996e-16
8036.697334 2.584326e-16
8038.421394 2.610516e-16
8040.145453 2.740755e-16
8041.869513 2.905855e-16
8043.593572 3.137889e-16
8045.317632 3.434750e-16
8047.041691 3.745904e-16
8048.765751 3.803289e-16
8050.489810 3.315085e-16
8052.213869 2.850591e-16
8053.937929 2.885801e-16
8055.661988 3.022815e-16
8057.386048 3.051843e-16
8059.110107 3.033480e-16
8060.834167 3.151797e-16
8062.558226 3.533005e-16
8064.282286 3.773427e-16
8066.006345 3.652080e-16
8067.730405 3.408583e-16
8069.454464 3.176047e-16
8071.178524 3.000547e-16
8072.902583 2.870185e-16
8074.626642 2.738288e-16
8076.350702 2.523085e-16
8078.074761 2.293265e-16
8079.798821 2.262445e-16
8081.522880 2.468994e-16
8083.246940 2.820785e-16
8084.970999 3.028088e-16
8086.695059 2.947475e-16
8088.419118 2.754606e-16
8090.143178 2.551528e-16
8091.867237 2.385471e-16
8093.591297 2.386229e-16
8095.315356 2.591962e-16
8097.039415 2.776922e-16
8098.763475 2.816249e-16
8100.487534 2.732050e-16
8102.211594 2.694722e-16
8103.935653 2.861745e-16
8105.659713 3.034215e-16
8107.383772 3.059955e-16
8109.107832 2.981442e-16
8110.831891 2.880547e-16
8112.555951 2.851598e-16
8114.280010 2.892863e-16
8116.004070 2.947994e-16
8117.728129 2.907738e-16
8119.452188 2.739752e-16
8121.176248 2.500021e-16
8122.900307 2.456745e-16
8124.624367 2.812644e-16
8126.348426 3.051272e-16
8128.072486 2.917660e-16
8129.796545 2.844419e-16
8131.520605 2.962730e-16
8133.244664 3.169781e-16
8134.968724 3.258600e-16
8136.692783 3.092626e-16
8138.416843 2.835109e-16
8140.140902 2.617316e-16
8141.864962 2.494934e-16
8143.589021 2.351540e-16
8145.313080 2.075850e-16
8147.037140 1.990876e-16
8148.761199 2.241937e-16
8150.485259 2.535749e-16
8152.209318 2.673849e-16
8153.933378 2.569552e-16
8155.657437 2.334685e-16
8157.381497 2.130084e-16
8159.105556 2.050284e-16
8160.829616 2.073285e-16
8162.553675 2.052738e-16
8164.277735 2.019930e-16
8166.001794 2.063383e-16
8167.725853 2.134095e-16
8169.449913 2.211631e-16
8171.173972 2.369997e-16
8172.898032 2.583726e-16
8174.622091 2.765762e-16
8176.346151 3.051141e-16
8178.070210 3.462361e-16
8179.794270 3.505480e-16
8181.518329 3.108689e-16
8183.242389 2.727570e-16
8184.966448 2.610078e-16
8186.690508 2.822574e-16
8188.414567 3.086707e-16
8190.138626 3.165878e-16
8191.862686 3.049526e-16
8193.586745 2.872471e-16
8195.310805 2.842204e-16
8197.034864 2.780164e-16
8198.758924 2.552808e-16
8200.482983 2.547132e-16
8202.207043 2.755200e-16
8203.931102 2.671531e-16
8205.655162 2.457471e-16
8207.379221 2.487682e-16
8209.103281 2.672275e-16
8210.827340 2.849026e-16
8212.551399 2.862778e-16
8214.275459 2.790700e-16
8215.999518 2.853665e-16
8217.723578 2.834320e-16
8219.447637 2.544834e-16
8221.171697 2.277071e-16
8222.895756 2.153182e-16
8224.619816 2.036511e-16
8226.343875 1.932960e-16
8228.067935 1.890291e-16
8229.791994 1.839912e-16
8231.516054 1.785971e-16
8233.240113 1.908077e-16
8234.964172 2.166379e-16
8236.688232 2.371193e-16
8238.412291 2.385413e-16
8240.136351 2.248802e-16
8241.860410 2.528267e-16
8243.584470 3.174386e-16
8245.308529 3.359572e-16
8247.032589 3.057030e-16
8248.756648 2.639187e-16
8250.480708 2.486222e-16
8252.204767 2.706259e-16
8253.928827 2.839622e-16
8255.652886 2.817144e-16
8257.376945 2.869878e-16
8259.101005 2.881719e-16
8260.825064 2.741233e-16
8262.549124 2.628686e-16
8264.273183 2.670748e-16
8265.997243 2.884487e-16
8267.721302 3.142455e-16
8269.445362 3.270581e-16
8271.169421 3.226655e-16
8272.893481 3.061446e-16
8274.617540 2.984363e-16
8276.341600 2.778519e-16
8278.065659 1.995146e-16
8279.789719 1.181388e-16
8281.513778 9.746358e-17
8283.237837 1.336141e-16
8284.961897 1.966533e-16
8286.685956 2.362539e-16
8288.410016 2.374793e-16
8290.134075 2.081270e-16
8291.858135 1.531723e-16
8293.582194 9.359899e-17
8295.306254 7.755702e-17
8297.030313 1.063463e-16
8298.754373 1.438498e-16
8300.478432 1.865210e-16
8302.202492 2.307966e-16
8303.926551 2.415171e-16
8305.650610 2.114897e-16
8307.374670 1.712024e-16
8309.098729 1.472829e-16
8310.822789 1.576566e-16
8312.546848 1.971443e-16
8314.270908 2.450323e-16
8315.994967 2.640666e-16
8317.719027 2.509368e-16
8319.443086 2.306454e-16
8321.167146 2.150360e-16
8322.891205 2.082661e-16
8324.615265 2.030752e-16
8326.339324 1.937776e-16
8328.063383 1.798975e-16
8329.787443 1.668462e-16
8331.511502 1.618801e-16
8333.235562 1.648228e-16
8334.959621 1.734928e-16
8336.683681 1.881810e-16
8338.407740 1.913902e-16
8340.131800 1.574692e-16
8341.855859 1.216500e-16
8343.579919 1.219506e-16
8345.303978 1.366230e-16
8347.028038 1.535232e-16
8348.752097 1.830668e-16
8350.476156 1.994880e-16
8352.200216 1.712768e-16
8353.924275 1.247660e-16
8355.648335 9.028400e-17
8357.372394 7.729008e-17
8359.096454 9.008334e-17
8360.820513 1.255874e-16
8362.544573 1.610324e-16
8364.268632 1.736371e-16
8365.992692 1.601305e-16
8367.716751 1.319445e-16
8369.440811 1.142593e-16
8371.164870 1.163820e-16
8372.888929 1.347849e-16
8374.612989 1.542546e-16
8376.337048 1.593450e-16
8378.061108 1.407876e-16
8379.785167 1.101541e-16
8381.509227 9.378944e-17
8383.233286 1.018589e-16
8384.957346 1.308572e-16
8386.681405 1.570084e-16
8388.405465 1.612318e-16
8390.129524 1.346546e-16
8391.853584 1.182010e-16
8393.577643 1.596962e-16
8395.301702 1.878273e-16
8397.025762 1.572884e-16
8398.749821 1.346421e-16
8400.473881 1.431020e-16
8402.197940 1.644367e-16
8403.922000 1.810827e-16
8405.646059 1.809411e-16
8407.370119 1.741164e-16
8409.094178 1.740373e-16
8410.818238 1.956492e-16
8412.542297 1.975399e-16
8414.266357 1.292385e-16
8415.990416 6.038925e-17
8417.714476 5.333123e-17
8419.438535 9.729421e-17
8421.162594 1.575437e-16
8422.886654 1.860875e-16
8424.610713 1.980144e-16
8426.334773 2.195385e-16
8428.058832 2.290409e-16
8429.782892 2.168781e-16
8431.506951 1.972203e-16
8433.231011 1.713023e-16
8434.955070 1.379757e-16
8436.679130 1.280173e-16
8438.403189 1.527168e-16
8440.127249 1.695201e-16
8441.851308 1.554908e-16
8443.575367 1.115417e-16
8445.299427 1.025213e-16
8447.023486 1.765962e-16
8448.747546 2.435938e-16
8450.471605 2.507372e-16
8452.195665 2.271165e-16
8453.919724 1.936115e-16
8455.643784 1.679080e-16
8457.367843 1.729322e-16
8459.091903 2.078870e-16
8460.815962 2.227848e-16
8462.540022 2.007128e-16
8464.264081 1.590198e-16
8465.988140 1.480218e-16
8467.712200 1.976177e-16
8469.436259 2.170630e-16
8471.160319 1.750611e-16
8472.884378 1.492984e-16
8474.608438 1.547503e-16
8476.332497 1.714186e-16
8478.056557 1.872435e-16
8479.780616 1.947616e-16
8481.504676 1.986676e-16
8483.228735 1.997955e-16
8484.952795 1.944721e-16
8486.676854 2.027617e-16
8488.400913 2.341867e-16
8490.124973 2.263917e-16
8491.849032 1.650876e-16
8493.573092 1.180726e-16
8495.297151 1.071262e-16
8497.021211 1.234508e-16
8498.745270 1.423218e-16
8500.469330 1.480411e-16
8502.193389 1.619821e-16
8503.917449 1.795556e-16
8505.641508 1.732802e-16
8507.365568 1.628675e-16
8509.089627 1.733354e-16
8510.813686 1.863767e-16
8512.537746 1.864317e-16
8514.261805 1.705157e-16
8515.985865 1.524850e-16
8517.709924 1.526845e-16
8519.433984 1.697556e-16
8521.158043 1.933538e-16
8522.882103 2.052294e-16
8524.606162 2.072024e-16
8526.330222 2.192974e-16
8528.054281 2.358501e-16
8529.778341 2.438797e-16
8531.502400 2.388547e-16
8533.226460 2.234066e-16
8534.950519 2.089050e-16
8536.674578 2.034797e-16
8538.398638 2.107169e-16
8540.122697 2.292577e-16
8541.846757 2.482970e-16
8543.570816 2.351027e-16
8545.294876 2.094227e-16
8547.018935 2.352586e-16
8548.742995 2.953810e-16
8550.467054 3.451557e-16
8552.191114 3.596157e-16
8553.915173 3.358311e-16
8555.639233 3.016685e-16
8557.363292 2.697283e-16
8559.087351 2.417235e-16
8560.811411 2.151120e-16
8562.535470 1.921619e-16
8564.259530 1.942845e-16
8565.983589 2.127600e-16
8567.707649 2.116792e-16
8569.431708 2.042504e-16
8571.155768 2.126220e-16
8572.879827 2.169119e-16
8574.603887 2.074092e-16
8576.327946 1.977035e-16
8578.052006 1.973368e-16
8579.776065 2.105955e-16
8581.500124 2.232714e-16
8583.224184 2.238419e-16
8584.948243 2.194105e-16
8586.672303 2.181971e-16
8588.396362 2.268671e-16
8590.120422 2.483928e-16
8591.844481 2.781353e-16
8593.568541 2.911930e-16
8595.292600 2.758399e-16
8597.016660 2.427912e-16
8598.740719 2.330124e-16
8600.464779 2.895828e-16
8602.188838 3.429514e-16
8603.912897 3.388256e-16
8605.636957 3.337730e-16
8607.361016 3.578229e-16
8609.085076 4.045855e-16
8610.809135 4.432408e-16
8612.533195 4.382186e-16
8614.257254 3.693872e-16
8615.981314 2.674477e-16
8617.705373 2.359730e-16
8619.429433 2.625255e-16
8621.153492 2.685028e-16
8622.877552 2.582738e-16
8624.601611 2.480461e-16
8626.325670 2.293465e-16
8628.049730 2.180208e-16
8629.773789 2.497132e-16
8631.497849 2.837805e-16
8633.221908 2.690313e-16
8634.945968 2.336848e-16
8636.670027 2.141339e-16
8638.394087 2.412511e-16
8640.118146 2.791156e-16
8641.842206 2.632420e-16
8643.566265 2.604423e-16
8645.290325 3.176199e-16
8647.014384 3.414226e-16
8648.738443 3.074208e-16
8650.462503 2.701874e-16
8652.186562 2.510496e-16
8653.910622 2.530286e-16
8655.634681 2.515597e-16
8657.358741 2.395555e-16
8659.082800 2.518552e-16
8660.806860 2.635381e-16
8662.530919 2.254044e-16
8664.254979 2.058636e-16
8665.979038 2.570053e-16
8667.703098 3.100448e-16
8669.427157 3.301573e-16
8671.151217 3.288028e-16
8672.875276 3.247842e-16
8674.599335 3.355029e-16
8676.323395 3.560449e-16
8678.047454 3.646667e-16
8679.771514 3.184210e-16
8681.495573 2.471447e-16
8683.219633 2.201102e-16
8684.943692 2.394537e-16
8686.667752 2.841266e-16
8688.391811 3.252430e-16
8690.115871 3.469805e-16
8691.839930 3.520606e-16
8693.563990 3.494962e-16
8695.288049 3.483986e-16
8697.012108 3.397143e-16
8698.736168 3.251268e-16
8700.460227 3.307163e-16
8702.184287 3.432827e-16
8703.908346 3.297143e-16
8705.632406 3.067019e-16
8707.356465 2.966997e-16
8709.080525 3.049675e-16
8710.804584 3.109741e-16
8712.528644 2.694531e-16
8714.252703 2.421465e-16
8715.976763 2.966107e-16
8717.700822 3.116683e-16
8719.424881 2.399631e-16
8721.148941 2.133508e-16
8722.873000 2.485182e-16
8724.597060 2.847673e-16
8726.321119 2.869641e-16
8728.045179 2.451252e-16
8729.769238 2.000737e-16
8731.493298 1.871043e-16
8733.217357 2.250844e-16
8734.941417 2.620433e-16
8736.665476 2.393144e-16
8738.389536 2.140111e-16
8740.113595 2.235808e-16
8741.837654 2.357315e-16
8743.561714 2.371793e-16
8745.285773 2.296217e-16
8747.009833 2.274207e-16
8748.733892 2.460303e-16
8750.457952 2.933736e-16
8752.182011 3.551833e-16
8753.906071 3.967444e-16
8755.630130 3.956058e-16
8757.354190 3.486568e-16
8759.078249 3.046996e-16
8760.802309 2.940231e-16
8762.526368 2.945662e-16
8764.250427 2.988069e-16
8765.974487 3.089484e-16
8767.698546 3.241515e-16
8769.422606 3.392677e-16
8771.146665 3.375688e-16
8772.870725 3.164811e-16
8774.594784 2.902290e-16
8776.318844 2.834493e-16
8778.042903 3.162408e-16
8779.766963 3.768837e-16
8781.491022 4.390042e-16
8783.215082 4.685744e-16
8784.939141 4.353563e-16
8786.663200 3.260971e-16
8788.387260 2.233596e-16
8790.111319 1.973477e-16
8791.835379 2.024054e-16
8793.559438 2.031588e-16
8795.283498 1.909941e-16
8797.007557 1.795580e-16
8798.731617 1.884897e-16
8800.455676 2.098566e-16
8802.179736 2.258849e-16
8803.903795 2.097327e-16
8805.627855 1.749529e-16
8807.351914 1.605332e-16
8809.075974 1.654151e-16
8810.800033 1.776259e-16
8812.524092 1.882765e-16
8814.248152 2.005196e-16
8815.972211 2.304189e-16
8817.696271 2.844100e-16
8819.420330 3.548386e-16
8821.144390 3.856562e-16
8822.868449 3.595013e-16
8824.592509 3.452148e-16
8826.316568 3.613643e-16
8828.040628 3.850865e-16
8829.764687 3.678949e-16
8831.488747 2.865888e-16
8833.212806 2.125322e-16
8834.936865 1.921893e-16
8836.660925 2.268232e-16
8838.384984 2.711691e-16
8840.109044 2.708204e-16
8841.833103 2.368519e-16
8843.557163 1.993094e-16
8845.281222 2.000234e-16
8847.005282 2.168354e-16
8848.729341 1.883613e-16
8850.453401 1.643786e-16
8852.177460 1.927371e-16
8853.901520 2.126087e-16
8855.625579 2.059662e-16
8857.349638 2.162174e-16
8859.073698 2.412677e-16
8860.797757 2.593173e-16
8862.521817 2.463484e-16
8864.245876 2.059818e-16
8865.969936 1.981167e-16
8867.693995 2.121898e-16
8869.418055 1.906693e-16
8871.142114 1.632036e-16
8872.866174 1.672775e-16
8874.590233 1.867540e-16
8876.314293 2.013003e-16
8878.038352 1.925658e-16
8879.762411 1.728052e-16
8881.486471 1.658262e-16
8883.210530 1.652171e-16
8884.934590 1.743538e-16
8886.658649 2.317809e-16
8888.382709 2.956805e-16
8890.106768 2.776626e-16
8891.830828 2.305824e-16
8893.554887 2.227458e-16
8895.278947 2.284428e-16
8897.003006 2.311071e-16
8898.727066 2.346111e-16
8900.451125 2.488572e-16
8902.175184 2.804405e-16
8903.899244 2.882977e-16
8905.623303 2.636858e-16
8907.347363 2.829354e-16
8909.071422 3.279536e-16
8910.795482 3.162316e-16
8912.519541 2.878986e-16
8914.243601 2.959485e-16
8915.967660 3.142107e-16
8917.691720 3.208453e-16
8919.415779 3.076445e-16
8921.139839 2.993101e-16
8922.863898 3.227077e-16
8924.587958 3.073487e-16
8926.312017 2.361452e-16
8928.036076 2.394779e-16
8929.760136 3.071537e-16
8931.484195 3.251703e-16
8933.208255 3.126985e-16
8934.932314 3.139863e-16
8936.656374 3.232758e-16
8938.380433 3.210515e-16
8940.104493 2.748547e-16
8941.828552 2.161997e-16
8943.552612 1.958802e-16
8945.276671 1.824610e-16
8947.000731 1.593056e-16
8948.724790 1.784314e-16
8950.448849 2.148481e-16
8952.172909 1.926984e-16
8953.896968 1.618637e-16
8955.621028 1.841543e-16
8957.345087 2.308633e-16
8959.069147 2.657356e-16
8960.793206 2.557916e-16
8962.517266 2.317522e-16
8964.241325 2.424214e-16
8965.965385 2.383352e-16
8967.689444 1.906730e-16
8969.413504 1.514993e-16
8971.137563 1.469729e-16
8972.861622 1.759844e-16
8974.585682 1.952885e-16
8976.309741 1.696467e-16
8978.033801 1.339699e-16
8979.757860 1.289362e-16
8981.481920 1.905432e-16
8983.205979 2.519656e-16
8984.930039 2.225025e-16
8986.654098 1.877573e-16
8988.378158 2.104558e-16
8990.102217 2.285111e-16
8991.826277 2.101496e-16
8993.550336 1.563012e-16
8995.274395 1.160729e-16
8996.998455 1.352194e-16
8998.722514 1.893782e-16
9000.446574 2.536794e-16
9002.170633 3.174268e-16
9003.894693 3.522353e-16
9005.618752 3.333082e-16
9007.342812 2.806836e-16
9009.066871 2.301033e-16
9010.790931 2.269895e-16
9012.514990 2.611978e-16
9014.239050 2.779870e-16
9015.963109 2.887005e-16
9017.687168 3.081106e-16
9019.411228 2.792059e-16
9021.135287 2.019373e-16
9022.859347 1.606319e-16
9024.583406 1.582046e-16
9026.307466 1.606237e-16
9028.031525 1.916648e-16
9029.755585 2.574641e-16
9031.479644 3.119880e-16
9033.203704 3.110767e-16
9034.927763 2.254125e-16
9036.651823 1.310477e-16
9038.375882 1.107206e-16
9040.099941 1.406261e-16
9041.824001 1.853416e-16
9043.548060 2.135134e-16
9045.272120 2.331643e-16
9046.996179 2.667424e-16
9048.720239 2.684050e-16
9050.444298 2.168618e-16
9052.168358 1.701449e-16
9053.892417 1.657938e-16
9055.616477 2.131414e-16
9057.340536 2.764876e-16
9059.064596 3.083349e-16
9060.788655 2.788615e-16
9062.512715 2.050939e-16
9064.236774 1.613250e-16
9065.960833 1.689875e-16
9067.684893 2.123659e-16
9069.408952 2.550006e-16
9071.133012 2.687265e-16
9072.857071 2.568898e-16
9074.581131 2.422538e-16
9076.305190 2.583301e-16
9078.029250 2.484880e-16
9079.753309 1.668774e-16
9081.477369 1.234040e-16
9083.201428 1.616479e-16
9084.925488 2.045684e-16
9086.649547 2.191749e-16
9088.373606 2.042605e-16
9090.097666 2.021851e-16
9091.821725 2.410826e-16
9093.545785 2.923137e-16
9095.269844 3.235680e-16
9096.993904 3.078380e-16
9098.717963 2.696993e-16
9100.442023 2.455939e-16
9102.166082 2.385463e-16
9103.890142 2.448056e-16
9105.614201 2.591002e-16
9107.338261 2.513697e-16
9109.062320 1.930614e-16
9110.786379 1.280577e-16
9112.510439 1.111229e-16
9114.234498 1.921541e-16
9115.958558 2.965518e-16
9117.682617 2.573577e-16
9119.406677 1.431399e-16
9121.130736 8.210049e-17
9122.854796 9.029425e-17
9124.578855 1.420532e-16
9126.302915 1.696333e-16
9128.026974 1.728346e-16
9129.751034 1.872726e-16
9131.475093 2.030784e-16
9133.199152 2.040226e-16
9134.923212 1.765378e-16
9136.647271 1.422043e-16
9138.371331 1.494875e-16
9140.095390 1.936921e-16
9141.819450 2.454817e-16
9143.543509 2.621213e-16
9145.267569 2.367518e-16
9146.991628 2.180068e-16
9148.715688 2.237110e-16
9150.439747 2.468350e-16
9152.163807 2.326721e-16
9153.887866 1.643838e-16
9155.611925 1.433881e-16
9157.335985 1.871416e-16
9159.060044 2.289250e-16
9160.784104 2.577330e-16
9162.508163 2.778883e-16
9164.232223 2.757519e-16
9165.956282 2.514604e-16
9167.680342 2.237742e-16
9169.404401 2.228752e-16
9171.128461 2.740294e-16
9172.852520 3.617768e-16
9174.576580 4.368752e-16
9176.300639 3.941326e-16
9178.024698 2.589246e-16
9179.748758 1.755567e-16
9181.472817 1.826523e-16
9183.196877 2.594612e-16
9184.920936 3.330801e-16
9186.644996 3.530750e-16
9188.369055 3.233011e-16
9190.093115 2.794878e-16
9191.817174 2.661399e-16
9193.541234 2.293194e-16
9195.265293 1.497363e-16
9196.989353 1.543229e-16
9198.713412 2.534266e-16
9200.437472 3.407146e-16
9202.161531 3.649387e-16
9203.885590 3.153838e-16
9205.609650 2.506285e-16
9207.333709 2.111551e-16
9209.057769 1.868206e-16
9210.781828 1.611849e-16
9212.505888 1.199906e-16
9214.229947 1.164208e-16
9215.954007 1.699961e-16
9217.678066 1.736933e-16
9219.402126 1.185341e-16
9221.126185 9.506750e-17
9222.850245 1.268789e-16
9224.574304 1.993407e-16
9226.298363 2.523422e-16
9228.022423 2.575675e-16
9229.746482 2.520264e-16
9231.470542 2.488237e-16
9233.194601 2.446341e-16
9234.918661 2.191878e-16
9236.642720 1.691695e-16
9238.366780 1.438178e-16
9240.090839 1.648833e-16
9241.814899 2.200344e-16
9243.538958 2.699981e-16
9245.263018 2.765271e-16
9246.987077 2.451081e-16
9248.711136 2.044862e-16
9250.435196 2.067328e-16
9252.159255 2.365295e-16
9253.883315 2.434699e-16
9255.607374 2.547498e-16
9257.331434 2.957148e-16
9259.055493 3.436559e-16
9260.779553 3.638207e-16
9262.503612 3.171735e-16
9264.227672 2.613135e-16
9265.951731 2.635826e-16
9267.675791 2.523208e-16
9269.399850 2.093785e-16
9271.123909 2.397350e-16
9272.847969 3.066969e-16
9274.572028 3.005463e-16
9276.296088 2.392495e-16
9278.020147 1.639440e-16
9279.744207 8.234540e-17
9281.468266 2.344180e-17
9283.192326 3.034889e-17
9284.916385 9.940998e-17
9286.640445 1.994907e-16
9288.364504 2.812680e-16
9290.088564 3.121351e-16
9291.812623 2.990784e-16
9293.536682 2.299231e-16
9295.260742 9.599861e-17
9298.708861 7.016470e-18
