6022.648090 1.695236e-16
6024.544961 1.593751e-16
6026.441831 1.509010e-16
6028.338702 1.435330e-16
6030.235573 1.403590e-16
6032.132443 1.515460e-16
6034.029314 1.531227e-16
6035.926185 1.518018e-16
6037.823055 1.358444e-16
6039.719926 1.328934e-16
6041.616797 1.367654e-16
6043.513668 1.402064e-16
6045.410538 1.378971e-16
6047.307409 1.394801e-16
6049.204280 1.579372e-16
6051.101150 1.516447e-16
6052.998021 1.290274e-16
6054.894892 1.349008e-16
6056.791762 1.387782e-16
6058.688633 1.358025e-16
6060.585504 1.473658e-16
6062.482375 1.406825e-16
6064.379245 1.375073e-16
6066.276116 1.255713e-16
6068.172987 1.299108e-16
6070.069857 1.403015e-16
6071.966728 1.323580e-16
6073.863599 1.329645e-16
6075.760469 1.294328e-16
6077.657340 1.380021e-16
6079.554211 1.407769e-16
6081.451082 1.326355e-16
6083.347952 1.249862e-16
6085.244823 1.250258e-16
6087.141694 1.351382e-16
6089.038564 1.430001e-16
6090.935435 1.389793e-16
6092.832306 1.387525e-16
6094.729176 1.425788e-16
6096.626047 1.348327e-16
6098.522918 1.165614e-16
6100.419789 1.151730e-16
6102.316659 1.417514e-16
6104.213530 1.489613e-16
6106.110401 1.528728e-16
6108.007271 1.451251e-16
6109.904142 1.269322e-16
6111.801013 1.359480e-16
6113.697883 1.255401e-16
6115.594754 1.303324e-16
6117.491625 1.279646e-16
6119.388496 1.373526e-16
6121.285366 1.459637e-16
6123.182237 1.502044e-16
6125.079108 1.469760e-16
6126.975978 1.579876e-16
6128.872849 1.470109e-16
6130.769720 1.284209e-16
6132.666590 1.384020e-16
6134.563461 1.467345e-16
6136.460332 1.429860e-16
6138.357203 1.385067e-16
6140.254073 1.430238e-16
6142.150944 1.399262e-16
6144.047815 1.328404e-16
6145.944685 1.359540e-16
6147.841556 1.310910e-16
6149.738427 1.426248e-16
6151.635297 1.256974e-16
6153.532168 1.424622e-16
6155.429039 1.534437e-16
6157.325910 1.328617e-16
6159.222780 1.233750e-16
6161.119651 1.439088e-16
6163.016522 1.380116e-16
6164.913392 1.428096e-16
6166.810263 1.328922e-16
6168.707134 1.402201e-16
6170.604004 1.193720e-16
6172.500875 1.349828e-16
6174.397746 1.321746e-16
6176.294617 1.265852e-16
6178.191487 1.220970e-16
6180.088358 1.291238e-16
6181.985229 1.397319e-16
6183.882099 1.393952e-16
6185.778970 1.409276e-16
6187.675841 1.357146e-16
6189.572711 1.246127e-16
6191.469582 1.292695e-16
6193.366453 1.352254e-16
6195.263324 1.264739e-16
6197.160194 1.317536e-16
6199.057065 1.330238e-16
6200.953936 1.313434e-16
6202.850806 1.262280e-16
6204.747677 1.188074e-16
6206.644548 1.280323e-16
6208.541418 1.307677e-16
6210.438289 1.340564e-16
6212.335160 1.127929e-16
6214.232031 1.164783e-16
6216.128901 1.111927e-16
6218.025772 1.013224e-16
6219.922643 1.169803e-16
6221.819513 1.249201e-16
6223.716384 1.143555e-16
6225.613255 1.067817e-16
6227.510125 1.096196e-16
6229.406996 1.094559e-16
6231.303867 1.114920e-16
6233.200738 1.166592e-16
6235.097608 1.097555e-16
6236.994479 1.056499e-16
6238.891350 1.243475e-16
6240.788220 1.216631e-16
6242.685091 8.720423e-17
6244.581962 8.741326e-17
6246.478832 9.538637e-17
6248.375703 9.231532e-17
6250.272574 9.410205e-17
6252.169445 1.028187e-16
6254.066315 8.531193e-17
6255.963186 9.953526e-17
6257.860057 1.024034e-16
6259.756927 9.671099e-17
6261.653798 8.638407e-17
6263.550669 8.639647e-17
6265.447539 7.603839e-17
6267.344410 7.423215e-17
6269.241281 8.530055e-17
6271.138152 8.094731e-17
6273.035022 8.555816e-17
6274.931893 8.736639e-17
6276.828764 8.004107e-17
6278.725634 7.623162e-17
6280.622505 8.822498e-17
6282.519376 8.465711e-17
6284.416246 7.359607e-17
6286.313117 8.942433e-17
6288.209988 9.144750e-17
6290.106859 8.272263e-17
6292.003729 8.461586e-17
6293.900600 8.413611e-17
6295.797471 9.266816e-17
6297.694341 9.684163e-17
6299.591212 1.065188e-16
6301.488083 1.032311e-16
6303.384953 9.470614e-17
6305.281824 7.559148e-17
6307.178695 7.450422e-17
6309.075566 8.060225e-17
6310.972436 7.187466e-17
6312.869307 6.368271e-17
6314.766178 7.609525e-17
6316.663048 7.509686e-17
6318.559919 7.410090e-17
6320.456790 7.310809e-17
6322.353660 7.211805e-17
6324.250531 7.406416e-17
6326.147402 6.639682e-17
6328.044273 6.992182e-17
6329.941143 7.574214e-17
6331.838014 6.173516e-17
6333.734885 4.224210e-17
6335.631755 4.878362e-17
6337.528626 6.345508e-17
6339.425497 5.684056e-17
6341.322367 5.310212e-17
6343.219238 5.496760e-17
6345.116109 5.426352e-17
6347.012980 6.187785e-17
6348.909850 5.578720e-17
6350.806721 5.143969e-17
6352.703592 5.484196e-17
6354.600462 6.028014e-17
6356.497333 6.794932e-17
6358.394204 6.268027e-17
6360.291074 7.926674e-17
6362.187945 8.336418e-17
6364.084816 8.550513e-17
6365.981687 8.137770e-17
6367.878557 8.877165e-17
6369.775428 8.603999e-17
6371.672299 8.754772e-17
6373.569169 9.090567e-17
6375.466040 9.262159e-17
6377.362911 9.695964e-17
6379.259781 1.066248e-16
6381.156652 1.053438e-16
6383.053523 1.172660e-16
6384.950394 1.267866e-16
6386.847264 1.229091e-16
6388.744135 1.362878e-16
6390.641006 1.342782e-16
6392.537876 1.310806e-16
6394.434747 1.405313e-16
6396.331618 1.423624e-16
6398.228488 1.552978e-16
6400.125359 1.574702e-16
6402.022230 1.614847e-16
6403.919101 1.551747e-16
6405.815971 1.531924e-16
6407.712842 1.505590e-16
6409.609713 1.381308e-16
6411.506583 1.366169e-16
6413.403454 1.549655e-16
6415.300325 1.619940e-16
6417.197195 1.502737e-16
6419.094066 1.486221e-16
6420.990937 1.604088e-16
6422.887808 1.636027e-16
6424.784678 1.779412e-16
6426.681549 1.723421e-16
6428.578420 1.537477e-16
6430.475290 1.665514e-16
6432.372161 1.695623e-16
6434.269032 1.656654e-16
6436.165902 1.661983e-16
6438.062773 1.562602e-16
6439.959644 1.577834e-16
6441.856515 1.600685e-16
6443.753385 1.597436e-16
6445.650256 1.640066e-16
6447.547127 1.604031e-16
6449.443997 1.601304e-16
6451.340868 1.597972e-16
6453.237739 1.674572e-16
6455.134609 1.511392e-16
6457.031480 1.655024e-16
6458.928351 1.640989e-16
6460.825222 1.652238e-16
6462.722092 1.619382e-16
6464.618963 1.647534e-16
6466.515834 1.705997e-16
6468.412704 1.520754e-16
6470.309575 1.545808e-16
6472.206446 1.597503e-16
6474.103316 1.347665e-16
6476.000187 1.383571e-16
6477.897058 1.426905e-16
6479.793929 1.489213e-16
6481.690799 1.540533e-16
6483.587670 1.520998e-16
6485.484541 1.459707e-16
6487.381411 1.474311e-16
6489.278282 1.443311e-16
6491.175153 1.358160e-16
6493.072023 1.360880e-16
6494.968894 1.354044e-16
6496.865765 1.340808e-16
6498.762636 1.249486e-16
6500.659506 1.163503e-16
6502.556377 1.264382e-16
6504.453248 1.311839e-16
6506.350118 1.266648e-16
6508.246989 1.189532e-16
6510.143860 1.150683e-16
6512.040730 1.057837e-16
6513.937601 9.541482e-17
6515.834472 1.144243e-16
6517.731343 1.232172e-16
6519.628213 1.188121e-16
6521.525084 1.213255e-16
6523.421955 1.200904e-16
6525.318825 1.279789e-16
6527.215696 1.251198e-16
6529.112567 1.406414e-16
6531.009437 1.325760e-16
6532.906308 1.151234e-16
6534.803179 1.201868e-16
6536.700050 1.125607e-16
6538.596920 1.128566e-16
6540.493791 1.322492e-16
6542.390662 1.272133e-16
6544.287532 1.281274e-16
6546.184403 1.360079e-16
6548.081274 1.285054e-16
6549.978144 1.361610e-16
6551.875015 1.434914e-16
6553.771886 1.399889e-16
6555.668757 1.423326e-16
6557.565627 1.453836e-16
6559.462498 1.484923e-16
6561.359369 1.498446e-16
6563.256239 1.526483e-16
6565.153110 1.495299e-16
6567.049981 1.501967e-16
6568.946851 1.644658e-16
6570.843722 1.672320e-16
6572.740593 1.628295e-16
6574.637464 1.645646e-16
6576.534334 1.596938e-16
6578.431205 1.577647e-16
6580.328076 1.563305e-16
6582.224946 1.603090e-16
6584.121817 1.562530e-16
6586.018688 1.484210e-16
6587.915558 1.543490e-16
6589.812429 1.615650e-16
6591.709300 1.582744e-16
6593.606171 1.603110e-16
6595.503041 1.588495e-16
6597.399912 1.651545e-16
6599.296783 1.678328e-16
6601.193653 1.617745e-16
6603.090524 1.656272e-16
6604.987395 1.707618e-16
6606.884265 1.778186e-16
6608.781136 1.757792e-16
6610.678007 1.629174e-16
6612.574878 1.640690e-16
6614.471748 1.665869e-16
6616.368619 1.677160e-16
6618.265490 1.604489e-16
6620.162360 1.642446e-16
6622.059231 1.830512e-16
6633.440455 1.636851e-16
6635.337326 1.733178e-16
6637.234197 1.736200e-16
6639.131067 1.704723e-16
6641.027938 1.596394e-16
6642.924809 1.680452e-16
6644.821680 1.772419e-16
6646.718550 1.784433e-16
6648.615421 1.846035e-16
6650.512292 1.698820e-16
6652.409162 1.619964e-16
6654.306033 1.541629e-16
6656.202904 1.520477e-16
6658.099774 1.476737e-16
6659.996645 1.465918e-16
6661.893516 1.557516e-16
6663.790387 1.623402e-16
6665.687257 1.579199e-16
6667.584128 1.490007e-16
6669.480999 1.495888e-16
6671.377869 1.530717e-16
6673.274740 1.536329e-16
6675.171611 1.418570e-16
6677.068481 1.559362e-16
6678.965352 1.607414e-16
6680.862223 1.594110e-16
6682.759094 1.600280e-16
6684.655964 1.567477e-16
6686.552835 1.479291e-16
6688.449706 1.496750e-16
6690.346576 1.424830e-16
6692.243447 1.413356e-16
6694.140318 1.381101e-16
6696.037188 1.326342e-16
6697.934059 1.486280e-16
6699.830930 1.828879e-16
6701.727801 1.619384e-16
6703.624671 1.499516e-16
6705.521542 1.486745e-16
6707.418413 1.555881e-16
6709.315283 1.635395e-16
6711.212154 1.630621e-16
6713.109025 1.538459e-16
6715.005895 1.550600e-16
6716.902766 1.428193e-16
6718.799637 1.324516e-16
6720.696508 1.363658e-16
6722.593378 1.412093e-16
6724.490249 1.415005e-16
6726.387120 1.415731e-16
6728.283990 1.372792e-16
6730.180861 1.306540e-16
6732.077732 1.342131e-16
6733.974602 1.357941e-16
6735.871473 1.373746e-16
6737.768344 1.389530e-16
6739.665215 1.405296e-16
6741.562085 1.421056e-16
6743.458956 1.436804e-16
6745.355827 1.452538e-16
6747.252697 1.468261e-16
6749.149568 1.358973e-16
6751.046439 1.404728e-16
6752.943309 1.379848e-16
6754.840180 1.442854e-16
6756.737051 1.471905e-16
6758.633922 1.435593e-16
6760.530792 1.473232e-16
6762.427663 1.419450e-16
6764.324534 1.382750e-16
6766.221404 1.501612e-16
6768.118275 1.512151e-16
6770.015146 1.428524e-16
6771.912016 1.412197e-16
6773.808887 1.453852e-16
6775.705758 1.427779e-16
6777.602629 1.363534e-16
6779.499499 1.476167e-16
6781.396370 1.604848e-16
6783.293241 1.652683e-16
6785.190111 1.616239e-16
6787.086982 1.467324e-16
6788.983853 1.458552e-16
6790.880723 1.456570e-16
6792.777594 1.404982e-16
6794.674465 1.574537e-16
6796.571336 1.653724e-16
6798.468206 1.589371e-16
6800.365077 1.532840e-16
6802.261948 1.394291e-16
6804.158818 1.335336e-16
6806.055689 1.321144e-16
6807.952560 1.379657e-16
6809.849430 1.432595e-16
6811.746301 1.328303e-16
6813.643172 1.431238e-16
6815.540043 1.359972e-16
6817.436913 1.463389e-16
6819.333784 1.481411e-16
6821.230655 1.433987e-16
6823.127525 1.410169e-16
6825.024396 1.403371e-16
6826.921267 1.364462e-16
6828.818137 1.366613e-16
6830.715008 1.409448e-16
6832.611879 1.306449e-16
6834.508750 1.306685e-16
6836.405620 1.319481e-16
6838.302491 1.328459e-16
6840.199362 1.377370e-16
6842.096232 1.356815e-16
6843.993103 1.328073e-16
6845.889974 1.273873e-16
6847.786844 1.313936e-16
6849.683715 1.420211e-16
6851.580586 1.465037e-16
6853.477457 1.376265e-16
6855.374327 1.280057e-16
6857.271198 1.345672e-16
6859.168069 1.312478e-16
6861.064939 1.148656e-16
6862.961810 1.184166e-16
6864.858681 1.192016e-16
6866.755551 9.828685e-17
6868.652422 8.648070e-17
6870.549293 7.863516e-17
6872.446164 8.260893e-17
6874.343034 8.932495e-17
6876.239905 8.996313e-17
6878.136776 1.092677e-16
6880.033646 1.019766e-16
6881.930517 9.218452e-17
6883.827388 8.701212e-17
6885.724258 8.483715e-17
6887.621129 8.742727e-17
6889.518000 9.001522e-17
6891.414871 9.260174e-17
6893.311741 9.518521e-17
6895.208612 9.776724e-17
6897.105483 1.003478e-16
6899.002353 1.032800e-16
6900.899224 1.037117e-16
6902.796095 9.872068e-17
6904.692965 9.839719e-17
6906.589836 9.358761e-17
6908.486707 8.957815e-17
6910.383578 9.491257e-17
6912.280448 1.001629e-16
6914.177319 1.076838e-16
6916.074190 1.002016e-16
6917.971060 1.090816e-16
6919.867931 1.269131e-16
6921.764802 1.203769e-16
6923.661672 1.138267e-16
6925.558543 1.135476e-16
6927.455414 1.164906e-16
6929.352285 1.190621e-16
6931.249155 1.188867e-16
6933.146026 1.174385e-16
6935.042897 1.227579e-16
6936.939767 1.369563e-16
6938.836638 1.299050e-16
6940.733509 1.291349e-16
6942.630379 1.316369e-16
6944.527250 1.425113e-16
6946.424121 1.383692e-16
6948.320992 1.350962e-16
6950.217862 1.420211e-16
6952.114733 1.527892e-16
6954.011604 1.383635e-16
6955.908474 1.351475e-16
6957.805345 1.372464e-16
6959.702216 1.365329e-16
6961.599086 1.358198e-16
6963.495957 1.351080e-16
6965.392828 1.343968e-16
6967.289699 1.336854e-16
6969.186569 1.329747e-16
6971.083440 1.322650e-16
6972.980311 1.315553e-16
6974.877181 1.308463e-16
6976.774052 1.313790e-16
6978.670923 1.402965e-16
6980.567793 1.535653e-16
6982.464664 1.425962e-16
6984.361535 1.422795e-16
6986.258406 1.357664e-16
6988.155276 1.406540e-16
6990.052147 1.560564e-16
6991.949018 1.566872e-16
6993.845888 1.466039e-16
6995.742759 1.398820e-16
6997.639630 1.425666e-16
6999.536500 1.419522e-16
7001.433371 1.384723e-16
7003.330242 1.390647e-16
7005.227113 1.394344e-16
7007.123983 1.332588e-16
7009.020854 1.308932e-16
7010.917725 1.307286e-16
7012.814595 1.341292e-16
7014.711466 1.461354e-16
7016.608337 1.310893e-16
7018.505207 1.306045e-16
7020.402078 1.301194e-16
7022.298949 1.296344e-16
7024.195820 1.291504e-16
7026.092690 1.286670e-16
7027.989561 1.281831e-16
7029.886432 1.276999e-16
7031.783302 1.272173e-16
7033.680173 1.267340e-16
7035.577044 1.262518e-16
7037.473914 1.257702e-16
7039.370785 1.252883e-16
7041.267656 1.248072e-16
7043.164527 1.243265e-16
7045.061397 1.238456e-16
7046.958268 1.233648e-16
7048.855139 1.228855e-16
7050.752009 1.224054e-16
7052.648880 1.219260e-16
7054.545751 1.214471e-16
7056.442621 1.209682e-16
7058.339492 1.204896e-16
7060.236363 1.200115e-16
7062.133234 1.195340e-16
7064.030104 1.190563e-16
7065.926975 1.185794e-16
7067.823846 1.181027e-16
7069.720716 1.176259e-16
7071.617587 1.171501e-16
7073.514458 1.166744e-16
7075.411328 1.166117e-16
7077.308199 1.154379e-16
7079.205070 1.141280e-16
7081.101941 1.202215e-16
7082.998811 1.247424e-16
7084.895682 1.277319e-16
7086.792553 1.215436e-16
7088.689423 1.069457e-16
7090.586294 1.094660e-16
7092.483165 1.162204e-16
7094.380035 9.461821e-17
7096.276906 9.768458e-17
7098.173777 1.094962e-16
7100.070648 1.060823e-16
7101.967518 1.088492e-16
7103.864389 1.071357e-16
7105.761260 1.139298e-16
7107.658130 1.140918e-16
7109.555001 1.036241e-16
7111.451872 1.103853e-16
7113.348742 1.007495e-16
7115.245613 1.008863e-16
7117.142484 9.964114e-17
7119.039355 1.077132e-16
7120.936225 9.933699e-17
7122.833096 9.118486e-17
7124.729967 1.016134e-16
7126.626837 1.091801e-16
7128.523708 8.742582e-17
7130.420579 1.015512e-16
7132.317449 1.080738e-16
7134.214320 1.040585e-16
7136.111191 1.005628e-16
7138.008062 1.058978e-16
7139.904932 9.902609e-17
7141.801803 1.073702e-16
7143.698674 1.010792e-16
7145.595544 9.094280e-17
7147.492415 1.074649e-16
7149.389286 1.088602e-16
7151.286156 1.024156e-16
7153.183027 1.061001e-16
7155.079898 1.077326e-16
7156.976769 1.103460e-16
7158.873639 1.149455e-16
7160.770510 1.077755e-16
7162.667381 9.515750e-17
7164.564251 1.052194e-16
7166.461122 1.187874e-16
7168.357993 1.140470e-16
7170.254863 1.114333e-16
7172.151734 1.003496e-16
7174.048605 1.001349e-16
7175.945476 1.153836e-16
7177.842346 1.098873e-16
7179.739217 1.017638e-16
7181.636088 1.108512e-16
7183.532958 1.202030e-16
7185.429829 1.059954e-16
7187.326700 1.018484e-16
7189.223570 1.099142e-16
7191.120441 1.113725e-16
7193.017312 1.086437e-16
7194.914183 1.140094e-16
7196.811053 1.127640e-16
7198.707924 1.020822e-16
7200.604795 1.076915e-16
7202.501665 9.394545e-17
7204.398536 1.062037e-16
7206.295407 1.080384e-16
7208.192277 1.031551e-16
7210.089148 1.135345e-16
7211.986019 1.059810e-16
7213.882890 1.204444e-16
7215.779760 1.160600e-16
7217.676631 1.075791e-16
7219.573502 1.127634e-16
7221.470372 1.086597e-16
7223.367243 1.131994e-16
7225.264114 1.133656e-16
7227.160984 1.103259e-16
7229.057855 1.082076e-16
7230.954726 1.232760e-16
7232.851597 1.033852e-16
7234.748467 1.011879e-16
7236.645338 1.166465e-16
7238.542209 1.125610e-16
7240.439079 1.115560e-16
7242.335950 1.029178e-16
7244.232821 1.077269e-16
7246.129691 1.089633e-16
7248.026562 9.025098e-17
7249.923433 9.179256e-17
7251.820304 1.005643e-16
7253.717174 9.695488e-17
7255.614045 1.119834e-16
7257.510916 1.172363e-16
7259.407786 1.118718e-16
7261.304657 1.047967e-16
7263.201528 1.060577e-16
7265.098398 9.916191e-17
7266.995269 9.592045e-17
7268.892140 1.000146e-16
7270.789011 1.069518e-16
7272.685881 1.110833e-16
7274.582752 1.075581e-16
7276.479623 1.157589e-16
7278.376493 1.002512e-16
7280.273364 9.052465e-17
7282.170235 1.087112e-16
7284.067105 1.114111e-16
7285.963976 1.043864e-16
7287.860847 9.088799e-17
7289.757718 9.829680e-17
7291.654588 1.053291e-16
7293.551459 1.088249e-16
7295.448330 9.837713e-17
7297.345200 9.815761e-17
7299.242071 1.093877e-16
7301.138942 1.044119e-16
7303.035812 1.005461e-16
7304.932683 1.005507e-16
7306.829554 1.022582e-16
7308.726425 9.904070e-17
7310.623295 1.014281e-16
7312.520166 9.326301e-17
7314.417037 8.968612e-17
7316.313907 9.143058e-17
7318.210778 9.571965e-17
7320.107649 9.941513e-17
7322.004519 9.228276e-17
7323.901390 9.793562e-17
7325.798261 1.017616e-16
7327.695132 9.776048e-17
7329.592002 9.392466e-17
7331.488873 9.846706e-17
7333.385744 9.238405e-17
7335.282614 1.098306e-16
7337.179485 1.212409e-16
7339.076356 1.114916e-16
7340.973226 1.054484e-16
7342.870097 8.658459e-17
7344.766968 8.766904e-17
7346.663839 1.044221e-16
7348.560709 1.032983e-16
7350.457580 9.515888e-17
7352.354451 9.867929e-17
7354.251321 9.656803e-17
7356.148192 9.941158e-17
7358.045063 1.024193e-16
7359.941933 9.674994e-17
7361.838804 9.598951e-17
7363.735675 8.966412e-17
7365.632546 9.668218e-17
7367.529416 1.020556e-16
7369.426287 1.023892e-16
7371.323158 8.018926e-17
7373.220028 7.904011e-17
7375.116899 9.071250e-17
7377.013770 8.368602e-17
7378.910640 8.937399e-17
7380.807511 9.256285e-17
7382.704382 9.180398e-17
7384.601253 9.597564e-17
7386.498123 9.651490e-17
7388.394994 1.006810e-16
7390.291865 1.039339e-16
7392.188735 9.737062e-17
7394.085606 9.585972e-17
7395.982477 9.503389e-17
7397.879347 9.161890e-17
7399.776218 8.544995e-17
7401.673089 8.369767e-17
7403.569960 9.460683e-17
7405.466830 8.861755e-17
7407.363701 8.346981e-17
7409.260572 9.228521e-17
7411.157442 9.088588e-17
7413.054313 8.974863e-17
7414.951184 8.266139e-17
7416.848054 8.180672e-17
7418.744925 8.095289e-17
7420.641796 8.009946e-17
7422.538667 7.924664e-17
7424.435537 7.839434e-17
7426.332408 8.203186e-17
7428.229279 8.970009e-17
7430.126149 9.131903e-17
7432.023020 8.366811e-17
7433.919891 8.225201e-17
7435.816761 9.615658e-17
7437.713632 1.003421e-16
7439.610503 7.770801e-17
7441.507374 8.295873e-17
7443.404244 9.507738e-17
7445.301115 9.411260e-17
7447.197986 8.707724e-17
7449.094856 8.904788e-17
7450.991727 8.526374e-17
7452.888598 8.550350e-17
7454.785468 8.702178e-17
7456.682339 8.919077e-17
7458.579210 8.013486e-17
7460.476081 9.318783e-17
7462.372951 9.205686e-17
7464.269822 8.610329e-17
7466.166693 7.882532e-17
7468.063563 8.832709e-17
7469.960434 9.043922e-17
7471.857305 8.065488e-17
7473.754175 8.922472e-17
7475.651046 9.431938e-17
7477.547917 9.977671e-17
7479.444788 1.010435e-16
7481.341658 9.062705e-17
7483.238529 8.927537e-17
7485.135400 8.757600e-17
7487.032270 7.869263e-17
7488.929141 7.588640e-17
7490.826012 8.640605e-17
7492.722882 9.780523e-17
7494.619753 1.031162e-16
7496.516624 9.211006e-17
7498.413495 9.173561e-17
7500.310365 8.510636e-17
7502.207236 8.475342e-17
7504.104107 8.617006e-17
7506.000977 9.163124e-17
7507.897848 8.007263e-17
7509.794719 9.398883e-17
7511.691590 9.030998e-17
7513.588460 8.264905e-17
7515.485331 9.197712e-17
7517.382202 8.078652e-17
7519.279072 8.793854e-17
7521.175943 1.038968e-16
7523.072814 9.476137e-17
7524.969684 9.532576e-17
7526.866555 8.683668e-17
7528.763426 9.543964e-17
7530.660297 8.936824e-17
7532.557167 7.913892e-17
7534.454038 7.767107e-17
7536.350909 8.940103e-17
7538.247779 8.164144e-17
7540.144650 8.088494e-17
7542.041521 9.009683e-17
7543.938391 8.763853e-17
7545.835262 7.812835e-17
7547.732133 8.227678e-17
7549.629004 8.797064e-17
7551.525874 8.492751e-17
7553.422745 8.936994e-17
7555.319616 9.115617e-17
7557.216486 8.672870e-17
7559.113357 8.054462e-17
7561.010228 7.381480e-17
7562.907098 7.698469e-17
7564.803969 7.914670e-17
7566.700840 7.703737e-17
7568.597711 8.933596e-17
7570.494581 9.834188e-17
7572.391452 9.118451e-17
7574.288323 8.344028e-17
7576.185193 7.710184e-17
7578.082064 7.717744e-17
7579.978935 7.592447e-17
7581.875805 7.458825e-17
7583.772676 8.413582e-17
7585.669547 7.962421e-17
7587.566418 7.526648e-17
7589.463288 8.231372e-17
7591.360159 7.341297e-17
7593.257030 6.007545e-17
7595.153900 4.674814e-17
7597.050771 3.096030e-17
7598.947642 3.303715e-17
7600.844512 3.378173e-17
7602.741383 2.568491e-17
7604.638254 2.410903e-17
7606.535125 2.273762e-17
7608.431995 2.780414e-17
7610.328866 3.061792e-17
7612.225737 3.327473e-17
7614.122607 3.722948e-17
7616.019478 5.353416e-17
7617.916349 6.181052e-17
7619.813219 6.251468e-17
7621.710090 4.964993e-17
7623.606961 4.036902e-17
7625.503832 4.679663e-17
7627.400702 4.757390e-17
7629.297573 4.460637e-17
7631.194444 5.241275e-17
7633.091314 5.028082e-17
7634.988185 4.171773e-17
7636.885056 4.882657e-17
7638.781926 4.471027e-17
7640.678797 5.121174e-17
7642.575668 5.772788e-17
7644.472539 5.970854e-17
7646.369409 5.766164e-17
7648.266280 5.451567e-17
7650.163151 5.365213e-17
7652.060021 5.811299e-17
7653.956892 6.896381e-17
7655.853763 6.689827e-17
7657.750633 6.474420e-17
7659.647504 6.688858e-17
7661.544375 6.995738e-17
7663.441246 7.005078e-17
7665.338116 7.321982e-17
7667.234987 6.869219e-17
7669.131858 7.023957e-17
7671.028728 7.067246e-17
7672.925599 7.249169e-17
7674.822470 7.612917e-17
7676.719340 8.526746e-17
7678.616211 8.567164e-17
7680.513082 7.478539e-17
7682.409953 7.511847e-17
7684.306823 7.810255e-17
7686.203694 9.085089e-17
7688.100565 8.578671e-17
7689.997435 7.784832e-17
7691.894306 8.269900e-17
7693.791177 7.426110e-17
7695.688047 7.670370e-17
7697.584918 8.814497e-17
7699.481789 8.087575e-17
7701.378660 7.559379e-17
7703.275530 7.691698e-17
7705.172401 7.295865e-17
7707.069272 7.454490e-17
7708.966142 7.613125e-17
7710.863013 7.771698e-17
7712.759884 7.930277e-17
7714.656754 8.088852e-17
7716.553625 8.247408e-17
7718.450496 8.405960e-17
7720.347367 7.954187e-17
7722.244237 7.423469e-17
7724.141108 7.612758e-17
7726.037979 7.878034e-17
7727.934849 8.201191e-17
7729.831720 8.665597e-17
7731.728591 8.351985e-17
7733.625461 8.078366e-17
7735.522332 8.218563e-17
7737.419203 8.360428e-17
7739.316074 8.066105e-17
7741.212944 8.430343e-17
7743.109815 7.763901e-17
7745.006686 7.560265e-17
7746.903556 8.542597e-17
7748.800427 8.241650e-17
7750.697298 8.475115e-17
7752.594168 7.505169e-17
7754.491039 6.439928e-17
7756.387910 7.250749e-17
7758.284781 8.412973e-17
7760.181651 9.272465e-17
7762.078522 8.898789e-17
7763.975393 7.427547e-17
7765.872263 7.475528e-17
7767.769134 9.108453e-17
7769.666005 8.570866e-17
7771.562875 7.945272e-17
7773.459746 7.848771e-17
7775.356617 8.353270e-17
7777.253488 8.169840e-17
7779.150358 8.078991e-17
7781.047229 7.554138e-17
7782.944100 7.335231e-17
7784.840970 7.346316e-17
7786.737841 7.660325e-17
7788.634712 8.837886e-17
7790.531582 8.720029e-17
7792.428453 1.038280e-16
7794.325324 1.037126e-16
7796.222195 9.083614e-17
7798.119065 8.101179e-17
7800.015936 9.254161e-17
7801.912807 8.946913e-17
7803.809677 9.037345e-17
7805.706548 8.956630e-17
7807.603419 7.714327e-17
7809.500289 8.520235e-17
7811.397160 8.379253e-17
7813.294031 7.068969e-17
7815.190902 8.393882e-17
7817.087772 9.297830e-17
7818.984643 1.052788e-16
7820.881514 9.707980e-17
7822.778384 1.063999e-16
7824.675255 9.674979e-17
7826.572126 6.730929e-17
7828.468996 7.151379e-17
7830.365867 7.372576e-17
7832.262738 7.462397e-17
7834.159609 8.782188e-17
7836.056479 8.934863e-17
7837.953350 8.744412e-17
7839.850221 8.564903e-17
7841.747091 7.873619e-17
7843.643962 7.685858e-17
7845.540833 7.224587e-17
7847.437703 8.473207e-17
7849.334574 8.563854e-17
7851.231445 8.005897e-17
7853.128316 8.970266e-17
7855.025186 9.500692e-17
7856.922057 9.740038e-17
7858.818928 7.407729e-17
7860.715798 7.869454e-17
7862.612669 7.865950e-17
7864.509540 7.723362e-17
7866.406410 7.817614e-17
7868.303281 8.077444e-17
7870.200152 9.785739e-17
7872.097023 8.696448e-17
7873.993893 7.535342e-17
7875.890764 6.196294e-17
7877.787635 8.526111e-17
7879.684505 7.599385e-17
7881.581376 4.778598e-17
7883.478247 5.639025e-17
7885.375117 8.478201e-17
7887.271988 9.092093e-17
7889.168859 1.054404e-16
7891.065730 1.023472e-16
7892.962600 9.311031e-17
7894.859471 9.440209e-17
7896.756342 9.072466e-17
7898.653212 8.930686e-17
7900.550083 9.835770e-17
7902.446954 9.488586e-17
7904.343824 9.085420e-17
7906.240695 7.505270e-17
7908.137566 8.574337e-17
7910.034437 8.145547e-17
7911.931307 8.989109e-17
7913.828178 7.655226e-17
7915.725049 7.919792e-17
7917.621919 7.469971e-17
7919.518790 8.089848e-17
7921.415661 8.548698e-17
7923.312531 9.172896e-17
7925.209402 7.944806e-17
7927.106273 8.101218e-17
7929.003144 8.562592e-17
7930.900014 8.505056e-17
7932.796885 9.307712e-17
7934.693756 9.713250e-17
7936.590626 8.258551e-17
7938.487497 7.632711e-17
7940.384368 8.678500e-17
7942.281238 9.376524e-17
7944.178109 8.352043e-17
7946.074980 8.266877e-17
7947.971851 9.993195e-17
7949.868721 9.826203e-17
7951.765592 8.872360e-17
7953.662463 7.730705e-17
7955.559333 6.949243e-17
7957.456204 7.033728e-17
7959.353075 7.722947e-17
7961.249945 8.944254e-17
7963.146816 9.863184e-17
7965.043687 8.950743e-17
7966.940558 9.732152e-17
7968.837428 7.558546e-17
7970.734299 6.757666e-17
7972.631170 8.337992e-17
7974.528040 7.865517e-17
7976.424911 7.480228e-17
7978.321782 7.546831e-17
7980.218652 7.974942e-17
7982.115523 8.160769e-17
7984.012394 7.811180e-17
7985.909265 7.247852e-17
7987.806135 6.868002e-17
7989.703006 8.296774e-17
7991.599877 9.998522e-17
7993.496747 9.759334e-17
7995.393618 9.280761e-17
7997.290489 9.362387e-17
7999.187359 8.788088e-17
8001.084230 6.920929e-17
8002.981101 7.946899e-17
8004.877972 8.660763e-17
8006.774842 7.785280e-17
8008.671713 8.153656e-17
8010.568584 9.262163e-17
8012.465454 8.442724e-17
8014.362325 8.462747e-17
8016.259196 8.166763e-17
8018.156066 5.917743e-17
8020.052937 6.045567e-17
8021.949808 8.208480e-17
8023.846679 9.390676e-17
8025.743549 9.866327e-17
8027.640420 8.110983e-17
8029.537291 6.966800e-17
8031.434161 6.369241e-17
8033.331032 7.976849e-17
8035.227903 7.453803e-17
8037.124773 8.132223e-17
8039.021644 8.080634e-17
8040.918515 8.140234e-17
8042.815386 7.264572e-17
8044.712256 7.473325e-17
8046.609127 7.714223e-17
8048.505998 7.718618e-17
8050.402868 7.723039e-17
8052.299739 7.727517e-17
8054.196610 7.731985e-17
8056.093480 7.736475e-17
8057.990351 7.741040e-17
8059.887222 7.745600e-17
8061.784093 7.750138e-17
8063.680963 7.754754e-17
8065.577834 7.759353e-17
8067.474705 7.764019e-17
8069.371575 7.768676e-17
8071.268446 7.773348e-17
8073.165317 7.778043e-17
8075.062187 7.782772e-17
8076.959058 7.787569e-17
8078.855929 7.792297e-17
8080.752800 7.797065e-17
8082.649670 7.801921e-17
8084.546541 7.806757e-17
8086.443412 7.811587e-17
8088.340282 7.816480e-17
8090.237153 7.821376e-17
8092.134024 7.826314e-17
8094.030894 1.087337e-16
8095.927765 7.973737e-17
8097.824636 7.363958e-17
8099.721507 7.480521e-17
8101.618377 8.931193e-17
8103.515248 8.519733e-17
8105.412119 7.916293e-17
8107.308989 8.153355e-17
8109.205860 8.143167e-17
8111.102731 8.631693e-17
8112.999601 9.104320e-17
8114.896472 8.594999e-17
8116.793343 8.417635e-17
8118.690214 8.491298e-17
8120.587084 7.256972e-17
8122.483955 7.062770e-17
8124.380826 7.392651e-17
8126.277696 7.779221e-17
8128.174567 8.017979e-17
8130.071438 8.335416e-17
8131.968308 7.897092e-17
8133.865179 7.431414e-17
8135.762050 8.498653e-17
8137.658921 8.476121e-17
8139.555791 7.527191e-17
8141.452662 7.049466e-17
8143.349533 6.563334e-17
8145.246403 6.639669e-17
8147.143274 7.423772e-17
8149.040145 7.022073e-17
8150.937015 6.739768e-17
8152.833886 7.142092e-17
8154.730757 7.381065e-17
8156.627628 6.985014e-17
8158.524498 6.648164e-17
8160.421369 7.787525e-17
8162.318240 7.619076e-17
8164.215110 6.546732e-17
8166.111981 5.613015e-17
8168.008852 6.449682e-17
8169.905722 6.456564e-17
8171.802593 6.319756e-17
8173.699464 7.620307e-17
8175.596335 7.814352e-17
8177.493205 7.529126e-17
8179.390076 6.690836e-17
8181.286947 7.474213e-17
8183.183817 6.931467e-17
8185.080688 6.983391e-17
8186.977559 6.348192e-17
8188.874429 6.346695e-17
8190.771300 7.081239e-17
8192.668171 6.450443e-17
8194.565042 7.284318e-17
8196.461912 6.706796e-17
8198.358783 6.153262e-17
8200.255654 5.914660e-17
8202.152524 6.434365e-17
8204.049395 6.944298e-17
8205.946266 7.473654e-17
8207.843136 7.176343e-17
8209.740007 8.286169e-17
8211.636878 8.296741e-17
8213.533749 6.873503e-17
8215.430619 6.748667e-17
8217.327490 5.486336e-17
8219.224361 5.935994e-17
8221.121231 6.815524e-17
8223.018102 6.208777e-17
8224.914973 6.855041e-17
8226.811843 6.369940e-17
8228.708714 6.420426e-17
8230.605585 6.997730e-17
8232.502456 7.601329e-17
8234.399326 6.858125e-17
8236.296197 5.779824e-17
8238.193068 6.457614e-17
8240.089938 6.721963e-17
8241.986809 6.571594e-17
8243.883680 6.181966e-17
8245.780550 6.738808e-17
8247.677421 7.308445e-17
8249.574292 7.372579e-17
8251.471163 8.313792e-17
8253.368033 8.210549e-17
8255.264904 7.178788e-17
8257.161775 5.819621e-17
8259.058645 5.827894e-17
8260.955516 6.477409e-17
8262.852387 6.670278e-17
8264.749257 6.412907e-17
8266.646128 6.437425e-17
8268.542999 6.106145e-17
8270.439870 7.065550e-17
8272.336740 7.505595e-17
8274.233611 6.738835e-17
8276.130482 6.721280e-17
8278.027352 7.817252e-17
8279.924223 8.242263e-17
8281.821094 6.226269e-17
8283.717964 4.705557e-17
8285.614835 4.513944e-17
8287.511706 4.617055e-17
8289.408577 5.032650e-17
8291.305447 5.820323e-17
8293.202318 6.342016e-17
8295.099189 7.950757e-17
8296.996059 8.970005e-17
8298.892930 6.324750e-17
8300.789801 4.181995e-17
8302.686671 3.449609e-17
8304.583542 4.441400e-17
8306.480413 5.245293e-17
8308.377284 4.061741e-17
8310.274154 4.266795e-17
8312.171025 5.521972e-17
8314.067896 6.514171e-17
8315.964766 7.237073e-17
8317.861637 6.394014e-17
8319.758508 6.654629e-17
8321.655378 6.622544e-17
8323.552249 5.861781e-17
8325.449120 6.789784e-17
8327.345991 6.489131e-17
8329.242861 4.335230e-17
8331.139732 4.010841e-17
8333.036603 5.650076e-17
8334.933473 5.617469e-17
8336.830344 4.778072e-17
8338.727215 4.167241e-17
8340.624085 3.875263e-17
8342.520956 4.329058e-17
8344.417827 6.093905e-17
8346.314698 5.525931e-17
8348.211568 6.934548e-17
8350.108439 5.625436e-17
8352.005310 6.402962e-17
8353.902180 5.945394e-17
8355.799051 6.097114e-17
8357.695922 6.669737e-17
8359.592792 6.048096e-17
8361.489663 6.150014e-17
8363.386534 6.787190e-17
8365.283405 4.938336e-17
8367.180275 5.453605e-17
8369.077146 6.110715e-17
8370.974017 5.986679e-17
8372.870887 6.070469e-17
8374.767758 6.774795e-17
8376.664629 7.059397e-17
8378.561500 6.187656e-17
8380.458370 6.692377e-17
8382.355241 7.562886e-17
8384.252112 6.373671e-17
8386.148982 5.959039e-17
8388.045853 6.694574e-17
8389.942724 6.373041e-17
8391.839594 7.115420e-17
8393.736465 6.363022e-17
8395.633336 6.064756e-17
8397.530207 5.410420e-17
8399.427077 5.211610e-17
8401.323948 4.365547e-17
8403.220819 7.412408e-17
8405.117689 7.599009e-17
8407.014560 6.302693e-17
8408.911431 7.789631e-17
8410.808301 7.654146e-17
8412.705172 8.793109e-17
8414.602043 7.414067e-17
8416.498914 9.514049e-17
8418.395784 8.038038e-17
8420.292655 7.599703e-17
8422.189526 7.893231e-17
8424.086396 8.881518e-17
8425.983267 7.593875e-17
8427.880138 5.175812e-17
8429.777008 4.884832e-17
8431.673879 4.104541e-17
8433.570750 5.435652e-17
8435.467621 8.413627e-17
8437.364491 6.314653e-17
8439.261362 6.941298e-17
8441.158233 8.759573e-17
8443.055103 8.313620e-17
8444.951974 7.979764e-17
8446.848845 7.022844e-17
8448.745715 6.670513e-17
8450.642586 7.089705e-17
8452.539457 6.648653e-17
8454.436328 6.981054e-17
8456.333198 8.049271e-17
8458.230069 8.574563e-17
8460.126940 8.628473e-17
8462.023810 1.081758e-16
8463.920681 1.137696e-16
8465.817552 8.127159e-17
8467.714422 5.150651e-17
8469.611293 7.966653e-17
8471.508164 5.417360e-17
8473.405035 5.323876e-17
8475.301905 5.479550e-17
8477.198776 5.919390e-17
8479.095647 5.748603e-17
8480.992517 5.676064e-17
8482.889388 5.303059e-17
8484.786259 5.759749e-17
8486.683129 6.973026e-17
8488.580000 6.582713e-17
8490.476871 7.103269e-17
8492.373742 7.120486e-17
8494.270612 6.838258e-17
8496.167483 6.917238e-17
8498.064354 6.631226e-17
8499.961224 5.885862e-17
8501.858095 6.226992e-17
8503.754966 6.775187e-17
8505.651836 5.826973e-17
8507.548707 4.156957e-17
8509.445578 4.689567e-17
8511.342449 6.861591e-17
8513.239319 7.141769e-17
8515.136190 7.059593e-17
8517.033061 5.716638e-17
8518.929931 6.425015e-17
8520.826802 7.045701e-17
8522.723673 6.038192e-17
8524.620543 6.002395e-17
8526.517414 7.667719e-17
8528.414285 7.512179e-17
8530.311156 6.760282e-17
8532.208026 8.523947e-17
8534.104897 9.423305e-17
8536.001768 1.007756e-16
8537.898638 9.264973e-17
8539.795509 8.207712e-17
8541.692380 8.328971e-17
8543.589250 7.938945e-17
8545.486121 7.750018e-17
8547.382992 7.671029e-17
8549.279863 7.737530e-17
8551.176733 7.567464e-17
8553.073604 8.054788e-17
8554.970475 9.234743e-17
8556.867345 9.412548e-17
8558.764216 7.809844e-17
8560.661087 6.878237e-17
8562.557957 6.404851e-17
8564.454828 7.073898e-17
8566.351699 8.915777e-17
8568.248570 9.417792e-17
8570.145440 8.984246e-17
8572.042311 8.204657e-17
8573.939182 6.953440e-17
8575.836052 7.054235e-17
8577.732923 6.623726e-17
8579.629794 6.047487e-17
8581.526664 7.208667e-17
8583.423535 8.742185e-17
8585.320406 9.590269e-17
8587.217277 9.746151e-17
8589.114147 8.617200e-17
8591.011018 7.834850e-17
8592.907889 7.430751e-17
8594.804759 7.376157e-17
8596.701630 6.479009e-17
8598.598501 7.828988e-17
8600.495371 8.078027e-17
8602.392242 8.913870e-17
8604.289113 8.915374e-17
8606.185984 9.862410e-17
8608.082854 8.999456e-17
8609.979725 8.662676e-17
8611.876596 7.237298e-17
8613.773466 6.987827e-17
8615.670337 6.334442e-17
8617.567208 6.516576e-17
8619.464078 7.252683e-17
8621.360949 9.153346e-17
8623.257820 9.410320e-17
8625.154691 9.569325e-17
8627.051561 8.582138e-17
8628.948432 7.158204e-17
8630.845303 6.131229e-17
8632.742173 5.891205e-17
8634.639044 6.282060e-17
8636.535915 6.054770e-17
8638.432785 6.502956e-17
8640.329656 6.932355e-17
8642.226527 8.535688e-17
8644.123398 8.956439e-17
8646.020268 9.210829e-17
8647.917139 8.302503e-17
8649.814010 7.003872e-17
8651.710880 7.456030e-17
8653.607751 4.887882e-17
8655.504622 5.294899e-17
8657.401492 4.472246e-17
8659.298363 5.422680e-17
8661.195234 7.094433e-17
8663.092105 8.942814e-17
8664.988975 1.035382e-16
8666.885846 9.632983e-17
8668.782717 8.686819e-17
8670.679587 8.583367e-17
8672.576458 7.681611e-17
8674.473329 5.941850e-17
8676.370199 6.705746e-17
8678.267070 6.309878e-17
8680.163941 6.891965e-17
8682.060812 5.941186e-17
8683.957682 6.371573e-17
8685.854553 7.599650e-17
8687.751424 8.873708e-17
8689.648294 8.599208e-17
8691.545165 7.636445e-17
8693.442036 8.028800e-17
8695.338906 7.338234e-17
8697.235777 6.631723e-17
8699.132648 7.171426e-17
8701.029519 6.804361e-17
8702.926389 6.417028e-17
8704.823260 6.365734e-17
8706.720131 7.414941e-17
8708.617001 8.347448e-17
8710.513872 8.754641e-17
8712.410743 7.281811e-17
8714.307613 7.750209e-17
8716.204484 8.022057e-17
8718.101355 8.463639e-17
8719.998226 9.316003e-17
8721.895096 8.608393e-17
8723.791967 8.016000e-17
8725.688838 8.408395e-17
8727.585708 8.299276e-17
8729.482579 8.513554e-17
8731.379450 8.163227e-17
8733.276320 7.604142e-17
8735.173191 7.664777e-17
8737.070062 7.784225e-17
8738.966933 7.668641e-17
8740.863803 6.375403e-17
8742.760674 6.249223e-17
8744.657545 7.669752e-17
8746.554415 7.093315e-17
8748.451286 6.451227e-17
8750.348157 6.873208e-17
8752.245027 7.962314e-17
8754.141898 8.067600e-17
8756.038769 9.413202e-17
8757.935640 9.077355e-17
8759.832510 8.245690e-17
8761.729381 7.833003e-17
8763.626252 7.683238e-17
8765.523122 7.498347e-17
8767.419993 7.917908e-17
8769.316864 5.274628e-17
8771.213734 2.852058e-17
8773.110605 6.039402e-17
8775.007476 7.112616e-17
8776.904347 3.583336e-17
8778.801217 6.633502e-17
8780.698088 8.203196e-17
8782.594959 7.950077e-17
8784.491829 7.564163e-17
8786.388700 7.975130e-17
8788.285571 7.843170e-17
8790.182441 8.293047e-17
8792.079312 7.054450e-17
8793.976183 6.569045e-17
8795.873054 7.445870e-17
8797.769924 6.669904e-17
8799.666795 6.871898e-17
