3802.000000 3.592410e-17
3804.000000 3.051840e-17
3806.000000 3.549200e-17
3808.000000 2.755200e-17
3810.000000 2.775300e-17
3812.000000 2.000870e-17
3814.000000 2.652830e-17
3816.000000 1.666950e-17
3818.000000 2.537360e-17
3820.000000 2.534880e-17
3822.000000 2.982870e-17
3824.000000 2.521910e-17
3826.000000 4.019320e-17
3828.000000 2.718660e-17
3830.000000 3.302520e-17
3832.000000 3.214840e-17
3834.000000 3.345180e-17
3836.000000 2.482420e-17
3838.000000 2.880090e-17
3840.000000 3.179660e-17
3842.000000 3.212100e-17
3844.000000 2.925710e-17
3846.000000 3.312240e-17
3848.000000 2.768680e-17
3850.000000 2.002830e-17
3852.000000 2.643280e-17
3854.000000 2.099010e-17
3856.000000 2.121810e-17
3858.000000 1.999320e-17
3860.000000 2.364190e-17
3862.000000 2.785950e-17
3864.000000 2.462790e-17
3866.000000 3.016370e-17
3868.000000 3.568010e-17
3870.000000 2.748690e-17
3872.000000 3.194860e-17
3874.000000 3.083030e-17
3876.000000 3.349500e-17
3878.000000 3.944980e-17
3880.000000 3.317890e-17
3882.000000 2.764850e-17
3884.000000 2.338420e-17
3886.000000 2.646530e-17
3888.000000 3.860130e-17
3890.000000 2.824930e-17
3892.000000 3.723340e-17
3894.000000 2.761550e-17
3896.000000 2.697720e-17
3898.000000 2.974610e-17
3900.000000 3.283450e-17
3902.000000 2.883410e-17
3904.000000 2.730720e-17
3906.000000 2.969170e-17
3908.000000 2.431860e-17
3910.000000 1.630020e-17
3912.000000 2.862040e-17
3914.000000 2.844580e-17
3916.000000 2.302830e-17
3918.000000 3.731830e-17
3920.000000 2.793890e-17
3922.000000 2.928530e-17
3924.000000 3.583010e-17
3926.000000 3.510170e-17
3928.000000 3.074240e-17
3930.000000 2.874990e-17
3932.000000 3.169070e-17
3934.000000 2.839960e-17
3936.000000 2.825110e-17
3938.000000 3.053550e-17
3940.000000 3.567670e-17
3942.000000 3.307140e-17
3944.000000 4.079690e-17
3946.000000 3.078600e-17
3948.000000 2.646310e-17
3950.000000 2.590420e-17
3952.000000 2.160200e-17
3954.000000 2.707590e-17
3956.000000 1.936090e-17
3958.000000 3.101860e-17
3960.000000 1.885120e-17
3962.000000 2.863910e-17
3964.000000 2.364060e-17
3966.000000 2.374820e-17
3968.000000 2.569020e-17
3970.000000 2.987870e-17
3972.000000 3.291740e-17
3974.000000 2.721360e-17
3976.000000 2.158510e-17
3978.000000 3.042390e-17
3980.000000 2.896150e-17
3982.000000 2.215980e-17
3984.000000 1.630770e-17
3986.000000 1.663250e-17
3988.000000 1.989930e-17
3990.000000 1.264820e-17
3992.000000 1.426120e-17
3994.000000 1.215570e-17
3996.000000 2.558570e-17
3998.000000 2.127400e-17
4000.000000 2.353930e-17
4002.000000 2.084570e-17
4004.000000 2.814880e-17
4006.000000 2.265380e-17
4008.000000 2.648830e-17
4010.000000 2.635020e-17
4012.000000 2.886660e-17
4014.000000 2.569850e-17
4016.000000 3.309180e-17
4018.000000 3.203310e-17
4020.000000 2.098290e-17
4022.000000 2.755850e-17
4024.000000 2.946320e-17
4026.000000 2.725760e-17
4028.000000 2.612060e-17
4030.000000 2.845080e-17
4032.000000 2.420440e-17
4034.000000 3.110650e-17
4036.000000 2.875730e-17
4038.000000 3.382080e-17
4040.000000 2.707280e-17
4042.000000 2.727940e-17
4044.000000 3.280150e-17
4046.000000 2.329910e-17
4048.000000 2.399260e-17
4050.000000 2.238320e-17
4052.000000 2.395400e-17
4054.000000 2.975190e-17
4056.000000 2.426030e-17
4058.000000 2.142610e-17
4060.000000 2.808690e-17
4062.000000 2.930770e-17
4064.000000 3.028630e-17
4066.000000 2.455000e-17
4068.000000 3.360250e-17
4070.000000 2.832970e-17
4072.000000 3.004080e-17
4074.000000 2.409690e-17
4076.000000 2.475640e-17
4078.000000 3.567060e-17
4080.000000 2.543240e-17
4082.000000 2.636510e-17
4084.000000 2.950550e-17
4086.000000 2.383720e-17
4088.000000 2.529100e-17
4090.000000 2.422070e-17
4092.000000 2.899390e-17
4094.000000 2.123810e-17
4096.000000 2.650400e-17
4098.000000 2.565470e-17
4100.000000 2.501190e-17
4102.000000 2.277790e-17
4104.000000 2.448160e-17
4106.000000 3.028870e-17
4108.000000 2.264560e-17
4110.000000 2.977130e-17
4112.000000 2.907830e-17
4114.000000 2.315850e-17
4116.000000 2.479140e-17
4118.000000 2.011940e-17
4120.000000 1.713860e-17
4122.000000 1.498840e-17
4124.000000 1.651910e-17
4126.000000 1.753470e-17
4128.000000 2.728350e-17
4130.000000 2.702120e-17
4132.000000 2.027290e-17
4134.000000 2.590370e-17
4136.000000 2.402450e-17
4138.000000 2.050370e-17
4140.000000 2.981050e-17
4142.000000 2.884160e-17
4144.000000 2.733950e-17
4146.000000 2.472920e-17
4148.000000 2.780520e-17
4150.000000 2.404400e-17
4152.000000 2.123100e-17
4154.000000 2.739240e-17
4156.000000 3.011550e-17
4158.000000 2.637370e-17
4160.000000 2.931150e-17
4162.000000 2.829230e-17
4164.000000 2.351920e-17
4166.000000 2.663710e-17
4168.000000 2.784880e-17
4170.000000 2.575420e-17
4172.000000 3.013410e-17
4174.000000 2.424880e-17
4176.000000 3.039870e-17
4178.000000 1.982260e-17
4180.000000 2.270010e-17
4182.000000 2.504090e-17
4184.000000 2.879540e-17
4186.000000 2.576810e-17
4188.000000 2.742090e-17
4190.000000 2.719310e-17
4192.000000 2.523480e-17
4194.000000 2.387860e-17
4196.000000 2.831690e-17
4198.000000 2.632970e-17
4200.000000 2.173600e-17
4202.000000 3.025080e-17
4204.000000 2.700640e-17
4206.000000 2.538920e-17
4208.000000 2.426850e-17
4210.000000 3.592440e-17
4212.000000 2.681650e-17
4214.000000 2.734290e-17
4216.000000 2.510890e-17
4218.000000 2.528030e-17
4220.000000 3.182670e-17
4222.000000 2.155530e-17
4224.000000 2.576390e-17
4226.000000 2.350500e-17
4228.000000 2.478380e-17
4230.000000 2.366410e-17
4232.000000 2.640390e-17
4234.000000 3.097620e-17
4236.000000 2.480250e-17
4238.000000 2.687450e-17
4240.000000 2.464040e-17
4242.000000 2.406700e-17
4244.000000 2.950010e-17
4246.000000 2.160190e-17
4248.000000 2.804630e-17
4250.000000 2.763170e-17
4252.000000 2.362600e-17
4254.000000 2.411380e-17
4256.000000 2.588510e-17
4258.000000 2.309140e-17
4260.000000 2.305990e-17
4262.000000 2.686580e-17
4264.000000 3.192240e-17
4266.000000 2.686440e-17
4268.000000 1.944300e-17
4270.000000 2.557330e-17
4272.000000 2.266070e-17
4274.000000 2.795390e-17
4276.000000 1.734370e-17
4278.000000 2.376090e-17
4280.000000 2.419130e-17
4282.000000 2.625490e-17
4284.000000 2.266740e-17
4286.000000 2.309750e-17
4288.000000 2.989280e-17
4290.000000 2.322760e-17
4292.000000 2.097570e-17
4294.000000 2.703290e-17
4296.000000 2.232750e-17
4298.000000 2.364590e-17
4300.000000 1.811910e-17
4302.000000 2.260850e-17
4304.000000 2.612150e-17
4306.000000 2.490690e-17
4308.000000 2.222880e-17
4310.000000 2.311640e-17
4312.000000 1.519430e-17
4314.000000 2.420130e-17
4316.000000 2.050310e-17
4318.000000 2.423880e-17
4320.000000 2.243310e-17
4322.000000 2.503580e-17
4324.000000 2.002270e-17
4326.000000 1.865350e-17
4328.000000 2.127660e-17
4330.000000 2.346890e-17
4332.000000 2.303750e-17
4334.000000 2.492010e-17
4336.000000 2.571280e-17
4338.000000 2.252280e-17
4340.000000 2.463250e-17
4342.000000 2.339200e-17
4344.000000 2.815970e-17
4346.000000 2.463770e-17
4348.000000 2.644510e-17
4350.000000 1.842400e-17
4352.000000 2.099230e-17
4354.000000 2.000640e-17
4356.000000 1.867300e-17
4358.000000 1.726710e-17
4360.000000 1.381740e-17
4362.000000 1.680340e-17
4364.000000 1.709570e-17
4366.000000 2.046300e-17
4368.000000 1.786090e-17
4370.000000 1.862490e-17
4372.000000 2.767730e-17
4374.000000 2.379980e-17
4376.000000 2.454080e-17
4378.000000 2.402610e-17
4380.000000 2.930830e-17
4382.000000 2.192180e-17
4384.000000 1.718450e-17
4386.000000 2.656550e-17
4388.000000 2.741310e-17
4390.000000 2.548070e-17
4392.000000 1.979360e-17
4394.000000 2.232110e-17
4396.000000 2.512110e-17
4398.000000 2.119820e-17
4400.000000 2.685850e-17
4402.000000 2.029740e-17
4404.000000 1.732670e-17
4406.000000 2.448430e-17
4408.000000 2.029400e-17
4410.000000 2.170810e-17
4412.000000 2.102300e-17
4414.000000 2.019200e-17
4416.000000 2.774320e-17
4418.000000 2.644910e-17
4420.000000 2.136840e-17
4422.000000 2.328080e-17
4424.000000 3.041910e-17
4426.000000 2.257260e-17
4428.000000 2.143270e-17
4430.000000 2.002960e-17
4432.000000 2.407880e-17
4434.000000 2.119670e-17
4436.000000 2.460910e-17
4438.000000 2.233380e-17
4440.000000 2.144050e-17
4442.000000 2.305220e-17
4444.000000 2.861240e-17
4446.000000 2.461920e-17
4448.000000 1.857610e-17
4450.000000 2.156660e-17
4452.000000 2.082280e-17
4454.000000 2.398160e-17
4456.000000 1.904710e-17
4458.000000 2.501250e-17
4460.000000 1.754680e-17
4462.000000 2.314290e-17
4464.000000 2.465540e-17
4466.000000 1.893430e-17
4468.000000 2.259190e-17
4470.000000 1.593350e-17
4472.000000 2.553740e-17
4474.000000 2.836360e-17
4476.000000 1.936300e-17
4478.000000 2.662200e-17
4480.000000 1.999570e-17
4482.000000 1.706270e-17
4484.000000 2.286570e-17
4486.000000 2.085350e-17
4488.000000 2.021450e-17
4490.000000 2.079310e-17
4492.000000 2.231330e-17
4494.000000 1.957660e-17
4496.000000 2.429550e-17
4498.000000 2.430710e-17
4500.000000 2.628900e-17
4502.000000 2.301810e-17
4504.000000 2.167870e-17
4506.000000 1.562700e-17
4508.000000 1.817650e-17
4510.000000 1.966260e-17
4512.000000 2.467790e-17
4514.000000 2.529850e-17
4516.000000 1.893530e-17
4518.000000 2.471620e-17
4520.000000 2.053540e-17
4522.000000 2.657240e-17
4524.000000 1.538000e-17
4526.000000 2.155820e-17
4528.000000 2.488890e-17
4530.000000 2.209040e-17
4532.000000 2.696420e-17
4534.000000 2.104190e-17
4536.000000 1.588180e-17
4538.000000 1.732590e-17
4540.000000 2.298040e-17
4542.000000 1.962960e-17
4544.000000 2.556390e-17
4546.000000 1.016610e-17
4548.000000 1.966620e-17
4550.000000 1.763750e-17
4552.000000 1.886420e-17
4554.000000 1.647030e-17
4556.000000 1.545250e-17
4558.000000 1.409610e-17
4560.000000 1.839490e-17
4562.000000 1.487800e-17
4564.000000 8.826240e-18
4566.000000 1.252460e-17
4568.000000 1.764160e-17
4570.000000 1.943960e-17
4572.000000 1.363870e-17
4574.000000 1.922090e-17
4576.000000 1.727330e-17
4578.000000 1.892200e-17
4580.000000 1.677990e-17
4582.000000 1.997020e-17
4584.000000 1.893270e-17
4586.000000 1.302210e-17
4588.000000 1.579190e-17
4590.000000 1.878240e-17
4592.000000 1.860710e-17
4594.000000 1.682860e-17
4596.000000 1.749170e-17
4598.000000 2.445790e-17
4600.000000 1.416460e-17
4602.000000 1.687210e-17
4604.000000 1.430560e-17
4606.000000 1.711810e-17
4608.000000 1.827640e-17
4610.000000 2.357510e-17
4612.000000 1.576600e-17
4614.000000 1.460520e-17
4616.000000 1.224290e-17
4618.000000 1.869390e-17
4620.000000 1.472080e-17
4622.000000 2.266670e-17
4624.000000 2.699100e-17
4626.000000 1.926700e-17
4628.000000 2.018680e-17
4630.000000 2.341740e-17
4632.000000 2.283930e-17
4634.000000 2.438960e-17
4636.000000 1.953360e-17
4638.000000 2.194290e-17
4640.000000 2.430130e-17
4642.000000 1.900930e-17
4644.000000 1.987900e-17
4646.000000 2.981760e-17
4648.000000 1.670530e-17
4650.000000 2.112310e-17
4652.000000 1.497960e-17
4654.000000 2.488370e-17
4656.000000 2.244700e-17
4658.000000 1.759200e-17
4660.000000 1.742660e-17
4662.000000 2.106170e-17
4664.000000 2.329100e-17
4666.000000 2.379500e-17
4668.000000 2.143080e-17
4670.000000 2.091430e-17
4672.000000 2.737920e-17
4674.000000 2.359720e-17
4676.000000 2.221840e-17
4678.000000 2.234500e-17
4680.000000 1.744650e-17
4682.000000 1.659020e-17
4684.000000 1.522700e-17
4686.000000 1.420160e-17
4688.000000 2.646750e-17
4690.000000 1.765580e-17
4692.000000 1.669890e-17
4694.000000 1.960130e-17
4696.000000 1.991720e-17
4698.000000 2.071920e-17
4700.000000 1.659580e-17
4702.000000 2.202650e-17
4704.000000 1.801170e-17
4706.000000 1.833630e-17
4708.000000 2.229410e-17
4710.000000 1.671030e-17
4712.000000 2.369400e-17
4714.000000 1.461040e-17
4716.000000 1.631130e-17
4718.000000 1.740030e-17
4720.000000 2.151410e-17
4722.000000 2.016040e-17
4724.000000 2.244910e-17
4726.000000 1.914240e-17
4728.000000 2.226490e-17
4730.000000 1.885960e-17
4732.000000 1.820640e-17
4734.000000 1.897310e-17
4736.000000 1.933690e-17
4738.000000 2.249670e-17
4740.000000 1.891480e-17
4742.000000 2.388120e-17
4744.000000 2.287240e-17
4746.000000 2.284100e-17
4748.000000 1.795160e-17
4750.000000 1.666360e-17
4752.000000 2.673750e-17
4754.000000 1.673170e-17
4756.000000 1.704750e-17
4758.000000 2.064360e-17
4760.000000 1.944930e-17
4762.000000 1.517430e-17
4764.000000 1.426330e-17
4766.000000 2.476590e-17
4768.000000 2.520560e-17
4770.000000 2.005140e-17
4772.000000 1.677500e-17
4774.000000 1.715410e-17
4776.000000 1.954820e-17
4778.000000 1.584960e-17
4780.000000 1.802150e-17
4782.000000 1.487290e-17
4784.000000 1.825850e-17
4786.000000 1.890290e-17
4788.000000 1.896900e-17
4790.000000 2.365770e-17
4792.000000 1.798370e-17
4794.000000 2.176140e-17
4796.000000 2.159790e-17
4798.000000 2.338940e-17
4800.000000 1.537100e-17
4802.000000 1.620660e-17
4804.000000 2.507650e-17
4806.000000 1.584270e-17
4808.000000 2.404150e-17
4810.000000 1.742390e-17
4812.000000 1.789090e-17
4814.000000 1.966070e-17
4816.000000 2.104980e-17
4818.000000 2.212460e-17
4820.000000 2.346550e-17
4822.000000 2.188360e-17
4824.000000 2.074260e-17
4826.000000 1.995550e-17
4828.000000 1.961750e-17
4830.000000 1.266430e-17
4832.000000 2.309040e-17
4834.000000 1.830100e-17
4836.000000 2.434400e-17
4838.000000 2.652240e-17
4840.000000 2.576150e-17
4842.000000 2.017560e-17
4844.000000 2.685540e-17
4846.000000 1.841960e-17
4848.000000 2.235290e-17
4850.000000 2.595020e-17
4852.000000 2.559650e-17
4854.000000 2.330680e-17
4856.000000 2.360540e-17
4858.000000 2.370310e-17
4860.000000 1.948640e-17
4862.000000 1.586570e-17
4864.000000 1.516100e-17
4866.000000 1.419440e-17
4868.000000 1.732270e-17
4870.000000 2.012820e-17
4872.000000 1.635530e-17
4874.000000 2.294250e-17
4876.000000 1.463030e-17
4878.000000 1.587410e-17
4880.000000 1.092920e-17
4882.000000 1.570750e-17
4884.000000 1.194160e-17
4886.000000 8.359720e-18
4888.000000 9.874360e-18
4890.000000 1.719440e-17
4892.000000 1.254230e-17
4894.000000 1.521600e-17
4896.000000 1.619030e-17
4898.000000 1.941170e-17
4900.000000 1.541300e-17
4902.000000 1.367660e-17
4904.000000 1.696330e-17
4906.000000 1.749610e-17
4908.000000 1.678540e-17
4910.000000 1.733430e-17
4912.000000 2.112350e-17
4914.000000 2.299940e-17
4916.000000 1.941900e-17
4918.000000 2.194660e-17
4920.000000 2.004210e-17
4922.000000 2.230380e-17
4924.000000 2.072960e-17
4926.000000 1.623950e-17
4928.000000 2.048050e-17
4930.000000 1.981030e-17
4932.000000 2.295480e-17
4934.000000 1.493340e-17
4936.000000 2.188530e-17
4938.000000 2.036990e-17
4940.000000 2.069390e-17
4942.000000 1.805930e-17
4944.000000 2.209210e-17
4946.000000 1.182550e-17
4948.000000 2.626310e-17
4950.000000 1.994840e-17
4952.000000 2.179990e-17
4954.000000 1.513160e-17
4956.000000 1.998850e-17
4958.000000 1.417090e-17
4960.000000 1.882600e-17
4962.000000 2.140860e-17
4964.000000 1.916620e-17
4966.000000 1.720080e-17
4968.000000 1.823930e-17
4970.000000 2.300850e-17
4972.000000 1.854060e-17
4974.000000 2.465250e-17
4976.000000 1.674520e-17
4978.000000 2.342410e-17
4980.000000 1.980920e-17
4982.000000 2.251510e-17
4984.000000 1.976660e-17
4986.000000 2.163760e-17
4988.000000 1.410610e-17
4990.000000 2.330930e-17
4992.000000 2.175660e-17
4994.000000 2.357980e-17
4996.000000 1.854900e-17
4998.000000 1.900670e-17
5000.000000 1.750710e-17
5002.000000 1.814820e-17
5004.000000 1.877170e-17
5006.000000 2.002410e-17
5008.000000 2.564530e-17
5010.000000 1.876770e-17
5012.000000 1.937030e-17
5014.000000 2.266040e-17
5016.000000 2.018040e-17
5018.000000 1.353000e-17
5020.000000 2.360090e-17
5022.000000 1.516020e-17
5024.000000 2.031600e-17
5026.000000 1.376090e-17
5028.000000 1.650400e-17
5030.000000 1.829620e-17
5032.000000 1.833210e-17
5034.000000 1.912890e-17
5036.000000 1.251360e-17
5038.000000 1.464270e-17
5040.000000 1.138700e-17
5042.000000 2.173650e-17
5044.000000 2.080850e-17
5046.000000 2.118590e-17
5048.000000 1.750460e-17
5050.000000 1.765640e-17
5052.000000 2.042210e-17
5054.000000 2.062730e-17
5056.000000 2.066570e-17
5058.000000 1.606850e-17
5060.000000 1.923220e-17
5062.000000 1.939700e-17
5064.000000 2.127650e-17
5066.000000 1.528620e-17
5068.000000 2.020050e-17
5070.000000 1.725560e-17
5072.000000 1.359790e-17
5074.000000 2.552750e-17
5076.000000 1.960580e-17
5078.000000 2.322860e-17
5080.000000 2.072050e-17
5082.000000 1.667140e-17
5084.000000 2.149490e-17
5086.000000 1.505160e-17
5088.000000 1.530970e-17
5090.000000 1.701880e-17
5092.000000 2.081710e-17
5094.000000 2.326130e-17
5096.000000 1.752270e-17
5098.000000 2.431990e-17
5100.000000 1.525980e-17
5102.000000 1.641830e-17
5104.000000 2.245230e-17
5106.000000 1.941070e-17
5108.000000 1.540010e-17
5110.000000 2.050900e-17
5112.000000 2.049030e-17
5114.000000 2.070080e-17
5116.000000 1.935210e-17
5118.000000 1.964390e-17
5120.000000 1.928840e-17
5122.000000 2.178930e-17
5124.000000 2.066810e-17
5126.000000 2.104870e-17
5128.000000 1.976150e-17
5130.000000 1.987670e-17
5132.000000 2.558920e-17
5134.000000 2.286500e-17
5136.000000 1.512980e-17
5138.000000 1.712330e-17
5140.000000 1.398920e-17
5142.000000 1.506390e-17
5144.000000 1.732570e-17
5146.000000 1.588230e-17
5148.000000 2.393650e-17
5150.000000 1.290920e-17
5152.000000 1.908980e-17
5154.000000 1.339210e-17
5156.000000 1.818620e-17
5158.000000 1.681190e-17
5160.000000 2.474110e-17
5162.000000 1.611620e-17
5164.000000 1.528300e-17
5166.000000 1.379040e-17
5168.000000 1.411430e-17
5170.000000 1.434910e-17
5172.000000 2.086960e-17
5174.000000 1.461650e-17
5176.000000 1.924540e-17
5178.000000 1.451230e-17
5180.000000 1.940160e-17
5182.000000 1.904650e-17
5184.000000 2.049080e-17
5186.000000 1.748500e-17
5188.000000 1.919940e-17
5190.000000 1.440100e-17
5192.000000 1.296290e-17
5194.000000 1.917000e-17
5196.000000 1.566790e-17
5198.000000 1.586840e-17
5200.000000 1.985270e-17
5202.000000 1.559200e-17
5204.000000 1.202420e-17
5206.000000 1.440590e-17
5208.000000 1.636790e-17
5210.000000 1.602160e-17
5212.000000 1.719110e-17
5214.000000 1.139940e-17
5216.000000 1.088830e-17
5218.000000 1.748320e-17
5220.000000 1.760270e-17
5222.000000 2.102630e-17
5224.000000 1.416540e-17
5226.000000 1.669710e-17
5228.000000 1.654060e-17
5230.000000 1.655370e-17
5232.000000 1.742350e-17
5234.000000 1.951510e-17
5236.000000 2.222470e-17
5238.000000 1.159780e-17
5240.000000 1.855350e-17
5242.000000 1.908670e-17
5244.000000 2.001270e-17
5246.000000 1.975840e-17
5248.000000 1.981010e-17
5250.000000 1.520770e-17
5252.000000 2.259830e-17
5254.000000 1.943200e-17
5256.000000 2.393180e-17
5258.000000 1.779690e-17
5260.000000 2.106180e-17
5262.000000 8.432530e-18
5264.000000 2.341350e-17
5266.000000 1.724900e-17
5268.000000 1.453560e-17
5270.000000 1.707960e-17
5272.000000 1.692670e-17
5274.000000 1.205660e-17
5276.000000 1.770150e-17
5278.000000 6.345370e-18
5280.000000 1.978680e-17
5282.000000 1.850370e-17
5284.000000 1.867910e-17
5286.000000 1.197050e-17
5288.000000 1.509650e-17
5290.000000 2.077680e-17
5292.000000 1.002570e-17
5294.000000 1.549240e-17
5296.000000 1.550870e-17
5298.000000 1.442470e-17
5300.000000 9.860970e-18
5302.000000 1.736140e-17
5304.000000 2.024590e-17
5306.000000 1.538000e-17
5308.000000 1.967380e-17
5310.000000 1.954900e-17
5312.000000 1.780040e-17
5314.000000 1.928350e-17
5316.000000 2.205050e-17
5318.000000 1.591890e-17
5320.000000 1.169250e-17
5322.000000 1.531230e-17
5324.000000 2.107610e-17
5326.000000 1.538640e-17
5328.000000 1.298780e-17
5330.000000 1.759750e-17
5332.000000 1.659080e-17
5334.000000 1.740870e-17
5336.000000 1.753980e-17
5338.000000 2.231630e-17
5340.000000 2.033370e-17
5342.000000 1.568380e-17
5344.000000 1.961980e-17
5346.000000 1.897380e-17
5348.000000 1.963550e-17
5350.000000 1.682160e-17
5352.000000 1.428350e-17
5354.000000 1.062100e-17
5356.000000 1.639010e-17
5358.000000 1.773330e-17
5360.000000 1.760110e-17
5362.000000 1.517650e-17
5364.000000 1.761400e-17
5366.000000 1.685600e-17
5368.000000 2.232230e-17
5370.000000 2.011620e-17
5372.000000 1.862770e-17
5374.000000 1.861390e-17
5376.000000 1.393990e-17
5378.000000 1.988820e-17
5380.000000 1.861050e-17
5382.000000 1.602600e-17
5384.000000 2.351320e-17
5386.000000 1.682450e-17
5388.000000 1.807280e-17
5390.000000 1.585490e-17
5392.000000 1.962040e-17
5394.000000 1.590530e-17
5396.000000 2.344390e-17
5398.000000 1.475710e-17
5400.000000 2.209950e-17
5402.000000 2.523220e-17
5404.000000 1.942500e-17
5406.000000 2.107110e-17
5408.000000 2.046100e-17
5410.000000 1.818370e-17
5412.000000 2.239680e-17
5414.000000 1.819730e-17
5416.000000 2.125170e-17
5418.000000 1.986310e-17
5420.000000 1.645760e-17
5422.000000 1.817510e-17
5424.000000 2.057040e-17
5426.000000 2.356920e-17
5428.000000 1.334150e-17
5430.000000 2.665730e-17
5432.000000 2.233610e-17
5434.000000 1.617040e-17
5436.000000 1.639710e-17
5438.000000 2.205940e-17
5440.000000 1.935780e-17
5442.000000 1.855950e-17
5444.000000 2.539700e-17
5446.000000 2.537800e-17
5448.000000 1.185460e-17
5450.000000 1.333720e-17
5452.000000 1.977610e-17
5454.000000 2.637510e-17
5456.000000 2.446620e-17
5458.000000 1.885230e-17
5460.000000 2.403270e-17
5462.000000 2.103880e-17
5464.000000 1.692380e-17
5466.000000 1.869930e-17
5468.000000 2.075950e-17
5470.000000 2.756730e-17
5472.000000 2.191200e-17
5474.000000 1.986180e-17
5476.000000 2.266240e-17
5478.000000 1.743130e-17
5480.000000 1.931870e-17
5482.000000 2.043340e-17
5484.000000 2.528790e-17
5486.000000 1.163910e-17
5488.000000 1.991480e-17
5490.000000 1.825480e-17
5492.000000 1.501190e-17
5494.000000 1.779800e-17
5496.000000 1.894310e-17
5498.000000 2.277540e-17
5500.000000 1.763580e-17
5502.000000 2.181970e-17
5504.000000 2.240800e-17
5506.000000 2.746610e-17
5508.000000 1.904450e-17
5510.000000 1.919650e-17
5512.000000 1.787620e-17
5514.000000 1.813120e-17
5516.000000 1.982310e-17
5518.000000 2.275230e-17
5520.000000 1.832000e-17
5522.000000 1.893280e-17
5524.000000 1.994300e-17
5526.000000 1.710580e-17
5528.000000 2.252830e-17
5530.000000 1.897120e-17
5532.000000 1.662540e-17
5534.000000 2.233920e-17
5536.000000 2.197240e-17
5538.000000 1.488970e-17
5540.000000 2.227500e-17
5542.000000 2.000660e-17
5544.000000 1.534200e-17
5546.000000 2.434800e-17
5548.000000 2.188430e-17
5550.000000 1.463420e-17
5552.000000 1.959220e-17
5554.000000 2.319330e-17
5556.000000 1.667850e-17
5558.000000 2.248040e-17
5560.000000 2.527580e-17
5562.000000 1.737260e-17
5564.000000 2.156520e-17
5566.000000 1.747890e-17
5568.000000 3.054990e-17
5570.000000 2.883440e-17
5572.000000 2.405260e-17
5574.000000 1.522740e-17
5576.000000 1.004380e-17
5578.000000 2.363230e-17
5580.000000 1.578140e-17
5582.000000 2.360410e-17
5584.000000 2.374470e-17
5586.000000 2.519340e-17
5588.000000 2.288070e-17
5590.000000 2.397260e-17
5592.000000 2.368930e-17
5594.000000 1.203800e-17
5596.000000 1.600980e-17
5598.000000 1.611800e-17
5600.000000 1.935850e-17
5602.000000 2.277290e-17
5604.000000 1.561840e-17
5606.000000 2.122720e-17
5608.000000 2.492660e-17
5610.000000 2.540580e-17
5612.000000 2.156210e-17
5614.000000 2.147440e-17
5616.000000 2.064200e-17
5618.000000 1.575840e-17
5620.000000 2.412570e-17
5622.000000 2.346080e-17
5624.000000 1.419620e-17
5626.000000 1.822320e-17
5628.000000 1.901750e-17
5630.000000 1.594460e-17
5632.000000 1.692910e-17
5634.000000 1.863140e-17
5636.000000 1.513850e-17
5638.000000 1.614200e-17
5640.000000 1.942410e-17
5642.000000 1.688160e-17
5644.000000 1.481230e-17
5646.000000 1.535330e-17
5648.000000 1.356460e-17
5650.000000 1.689750e-17
5652.000000 1.809750e-17
5654.000000 1.803730e-17
5656.000000 1.313440e-17
5658.000000 1.737170e-17
5660.000000 2.252300e-17
5662.000000 2.132730e-17
5664.000000 1.731520e-17
5666.000000 2.193240e-17
5668.000000 2.425530e-17
5670.000000 1.714890e-17
5672.000000 2.044510e-17
5674.000000 2.013260e-17
5676.000000 2.147440e-17
5678.000000 2.259750e-17
5680.000000 1.976050e-17
5682.000000 1.873870e-17
5684.000000 1.704540e-17
5686.000000 1.538890e-17
5688.000000 1.367340e-17
5690.000000 1.591410e-17
5692.000000 2.348370e-17
5694.000000 2.515200e-17
5696.000000 2.229310e-17
5698.000000 2.158340e-17
5700.000000 2.137320e-17
5702.000000 2.283510e-17
5704.000000 2.401530e-17
5706.000000 2.416620e-17
5708.000000 2.001080e-17
5710.000000 2.174980e-17
5712.000000 2.308330e-17
5714.000000 2.435180e-17
5716.000000 2.431880e-17
5718.000000 2.110690e-17
5720.000000 2.510150e-17
5722.000000 2.551630e-17
5724.000000 1.697260e-17
5726.000000 2.290950e-17
5728.000000 2.351090e-17
5730.000000 2.357020e-17
5732.000000 1.846540e-17
5734.000000 1.569080e-17
5736.000000 1.369910e-17
5738.000000 1.615990e-17
5740.000000 1.778450e-17
5742.000000 1.456190e-17
5744.000000 1.551000e-17
5746.000000 2.154800e-17
5748.000000 2.096620e-17
5750.000000 1.908810e-17
5752.000000 1.839940e-17
5754.000000 1.575750e-17
5756.000000 1.838410e-17
5758.000000 1.628150e-17
5760.000000 1.965590e-17
5762.000000 2.180710e-17
5764.000000 1.719000e-17
5766.000000 1.782870e-17
5768.000000 1.727870e-17
5770.000000 1.627390e-17
5772.000000 1.987480e-17
5774.000000 1.930020e-17
5776.000000 2.033750e-17
5778.000000 1.764140e-17
5780.000000 1.707160e-17
5782.000000 1.871210e-17
5784.000000 1.426940e-17
5786.000000 1.729090e-17
5788.000000 2.129750e-17
5790.000000 1.955640e-17
5792.000000 1.595790e-17
5794.000000 1.213440e-17
5796.000000 1.290730e-17
5798.000000 1.441950e-17
5800.000000 1.764030e-17
5802.000000 1.892610e-17
5804.000000 1.770230e-17
5806.000000 1.317910e-17
5808.000000 1.141100e-17
5810.000000 1.299140e-17
5812.000000 1.293700e-17
5814.000000 1.404980e-17
5816.000000 1.841170e-17
5818.000000 1.787940e-17
5820.000000 1.171640e-17
5822.000000 9.913350e-18
5824.000000 1.917090e-17
5826.000000 1.908980e-17
5828.000000 1.684810e-17
5830.000000 1.689070e-17
5832.000000 1.611580e-17
5834.000000 1.432760e-17
5836.000000 1.613140e-17
5838.000000 1.707050e-17
5840.000000 1.515700e-17
5842.000000 1.664930e-17
5844.000000 2.164330e-17
5846.000000 1.986060e-17
5848.000000 1.668030e-17
5850.000000 1.734530e-17
5852.000000 1.679960e-17
5854.000000 1.689090e-17
5856.000000 2.186940e-17
5858.000000 2.000760e-17
5860.000000 1.696620e-17
5862.000000 1.749200e-17
5864.000000 1.908070e-17
5866.000000 2.094310e-17
5868.000000 2.247030e-17
5870.000000 2.050180e-17
5872.000000 2.184180e-17
5874.000000 2.340380e-17
5876.000000 1.870400e-17
5878.000000 1.906520e-17
5880.000000 2.090000e-17
5882.000000 2.033120e-17
5884.000000 1.859360e-17
5886.000000 2.128440e-17
5888.000000 2.220030e-17
5890.000000 1.586190e-17
5892.000000 2.440800e-17
5894.000000 2.561440e-17
5896.000000 1.938030e-17
5898.000000 1.818970e-17
5900.000000 2.183720e-17
5902.000000 2.382560e-17
5904.000000 1.960850e-17
5906.000000 1.781660e-17
5908.000000 1.675350e-17
5910.000000 1.889620e-17
5912.000000 2.222960e-17
5914.000000 2.087530e-17
5916.000000 2.287340e-17
5918.000000 2.612750e-17
5920.000000 2.323740e-17
5922.000000 2.322250e-17
5924.000000 2.217420e-17
5926.000000 2.485380e-17
5928.000000 2.388020e-17
5930.000000 2.187370e-17
5932.000000 2.176350e-17
5934.000000 2.272060e-17
5936.000000 2.051010e-17
5938.000000 1.817080e-17
5940.000000 2.546650e-17
5942.000000 2.172820e-17
5944.000000 2.157460e-17
5946.000000 2.305420e-17
5948.000000 2.452130e-17
5950.000000 2.307660e-17
5952.000000 1.914160e-17
5954.000000 1.878380e-17
5956.000000 2.043390e-17
5958.000000 2.052630e-17
5960.000000 2.479040e-17
5962.000000 2.599910e-17
5964.000000 2.018250e-17
5966.000000 1.985450e-17
5968.000000 2.381340e-17
5970.000000 2.509840e-17
5972.000000 2.328880e-17
5974.000000 1.649190e-17
5976.000000 1.469960e-17
5978.000000 2.244700e-17
5980.000000 1.984310e-17
5982.000000 1.773940e-17
5984.000000 1.980020e-17
5986.000000 1.942250e-17
5988.000000 2.118050e-17
5990.000000 1.802550e-17
5992.000000 1.514270e-17
5994.000000 1.528480e-17
5996.000000 1.719260e-17
5998.000000 1.733750e-17
6000.000000 1.769260e-17
6002.000000 1.975210e-17
6004.000000 1.829590e-17
6006.000000 1.483940e-17
6008.000000 1.542010e-17
6010.000000 1.817290e-17
6012.000000 1.872680e-17
6014.000000 1.800420e-17
6016.000000 1.798720e-17
6018.000000 1.676920e-17
6020.000000 1.640200e-17
6022.000000 1.847730e-17
6024.000000 1.929280e-17
6026.000000 1.798450e-17
6028.000000 1.601760e-17
6030.000000 1.646850e-17
6032.000000 1.707060e-17
6034.000000 1.741410e-17
6036.000000 1.238850e-17
6038.000000 1.606840e-17
6040.000000 1.587070e-17
6042.000000 1.519050e-17
6044.000000 1.640010e-17
6046.000000 1.579750e-17
6048.000000 1.346170e-17
6050.000000 1.051910e-17
6052.000000 1.239770e-17
6054.000000 1.714270e-17
6056.000000 1.607170e-17
6058.000000 1.206980e-17
6060.000000 1.174560e-17
6062.000000 1.091150e-17
6064.000000 1.422710e-17
6066.000000 1.732690e-17
6068.000000 1.601530e-17
6070.000000 2.055340e-17
6072.000000 1.828080e-17
6074.000000 1.544790e-17
6076.000000 1.140980e-17
6078.000000 1.279920e-17
6080.000000 1.437880e-17
6082.000000 1.173290e-17
6084.000000 9.796350e-18
6086.000000 1.392050e-17
6088.000000 1.738120e-17
6090.000000 1.527350e-17
6092.000000 1.375530e-17
6094.000000 1.287000e-17
6096.000000 1.247090e-17
6098.000000 1.651130e-17
6100.000000 1.597060e-17
6102.000000 1.553650e-17
6104.000000 1.231070e-17
6106.000000 9.762880e-18
6108.000000 1.011460e-17
6110.000000 1.350440e-17
6112.000000 1.296130e-17
6114.000000 1.221550e-17
6116.000000 1.336250e-17
6118.000000 1.444280e-17
6120.000000 1.416280e-17
6122.000000 1.208630e-17
6124.000000 1.285080e-17
6126.000000 1.037820e-17
6128.000000 9.486700e-18
6130.000000 1.051710e-17
6132.000000 1.173100e-17
6134.000000 1.160910e-17
6136.000000 1.111660e-17
6138.000000 1.204810e-17
6140.000000 1.272930e-17
6142.000000 1.383300e-17
6144.000000 1.194170e-17
6146.000000 1.184240e-17
6148.000000 1.464370e-17
6150.000000 1.416280e-17
6152.000000 1.060320e-17
6154.000000 1.248580e-17
6156.000000 1.224200e-17
6158.000000 1.192780e-17
6160.000000 1.212140e-17
6162.000000 1.001400e-17
6164.000000 1.314220e-17
6166.000000 1.393260e-17
6168.000000 1.610650e-17
6170.000000 1.426470e-17
6172.000000 9.482300e-18
6174.000000 1.060040e-17
6176.000000 1.617710e-17
6178.000000 1.290970e-17
6180.000000 1.186350e-17
6182.000000 1.305470e-17
6184.000000 1.423750e-17
6186.000000 1.277930e-17
6188.000000 1.198190e-17
6190.000000 1.087960e-17
6192.000000 1.123400e-17
6194.000000 1.414130e-17
6196.000000 1.298060e-17
6198.000000 9.546860e-18
6200.000000 7.408270e-18
6202.000000 1.341790e-17
6204.000000 1.553320e-17
6206.000000 1.451170e-17
6208.000000 1.320960e-17
6210.000000 1.341860e-17
6212.000000 1.519210e-17
6214.000000 1.620280e-17
6216.000000 1.514820e-17
6218.000000 1.181130e-17
6220.000000 9.297400e-18
6222.000000 1.241930e-17
6224.000000 1.874860e-17
6226.000000 1.123110e-17
6228.000000 1.271370e-17
6230.000000 1.559590e-17
6232.000000 1.539690e-17
6234.000000 1.454260e-17
6236.000000 1.208980e-17
6238.000000 1.323160e-17
6240.000000 1.496330e-17
6242.000000 1.525840e-17
6244.000000 1.661470e-17
6246.000000 1.517530e-17
6248.000000 1.209640e-17
6250.000000 1.259650e-17
6252.000000 1.884250e-17
6254.000000 1.772030e-17
6256.000000 2.645950e-17
6258.000000 2.881230e-17
6260.000000 3.633660e-17
6262.000000 3.800180e-17
6264.000000 3.872600e-17
6266.000000 4.643170e-17
6268.000000 4.615310e-17
6270.000000 4.125100e-17
6272.000000 4.212260e-17
6274.000000 3.724220e-17
6276.000000 3.205120e-17
6278.000000 3.318110e-17
6280.000000 3.890290e-17
6282.000000 3.982380e-17
6284.000000 3.883990e-17
6286.000000 3.871490e-17
6288.000000 3.960280e-17
6290.000000 4.245680e-17
6292.000000 4.294540e-17
6294.000000 4.100410e-17
6296.000000 4.427900e-17
6298.000000 4.582650e-17
6300.000000 4.097760e-17
6302.000000 4.453970e-17
6304.000000 4.040760e-17
6306.000000 4.350620e-17
6308.000000 5.025820e-17
6310.000000 5.133420e-17
6312.000000 4.748180e-17
6314.000000 4.305420e-17
6316.000000 4.827360e-17
6318.000000 5.162150e-17
6320.000000 5.333620e-17
6322.000000 6.110690e-17
6324.000000 6.489710e-17
6326.000000 6.303980e-17
6328.000000 5.989090e-17
6330.000000 6.131740e-17
6332.000000 6.035380e-17
6334.000000 5.901950e-17
6336.000000 5.662800e-17
6338.000000 5.445700e-17
6340.000000 5.236870e-17
6342.000000 5.086190e-17
6344.000000 5.237400e-17
6346.000000 5.125770e-17
6348.000000 4.649510e-17
6350.000000 4.283490e-17
6352.000000 4.069290e-17
6354.000000 3.920370e-17
6356.000000 4.216360e-17
6358.000000 3.861960e-17
6360.000000 3.769390e-17
6362.000000 3.646260e-17
6364.000000 3.496530e-17
6366.000000 3.759330e-17
6368.000000 3.480440e-17
6370.000000 3.566590e-17
6372.000000 3.714070e-17
6374.000000 3.751120e-17
6376.000000 3.868620e-17
6378.000000 4.001930e-17
6380.000000 3.906810e-17
6382.000000 3.434120e-17
6384.000000 3.371480e-17
6386.000000 3.749540e-17
6388.000000 3.473240e-17
6390.000000 3.354940e-17
6392.000000 3.374190e-17
6394.000000 3.197340e-17
6396.000000 3.004790e-17
6398.000000 3.308460e-17
6400.000000 3.634730e-17
6402.000000 3.329680e-17
6404.000000 2.638040e-17
6406.000000 2.879180e-17
6408.000000 2.664210e-17
6410.000000 2.638820e-17
6412.000000 2.494460e-17
6414.000000 2.249190e-17
6416.000000 2.112350e-17
6418.000000 1.990650e-17
6420.000000 2.216230e-17
6422.000000 2.072560e-17
6424.000000 1.918100e-17
6426.000000 1.885800e-17
6428.000000 2.192510e-17
6430.000000 1.999640e-17
6432.000000 2.150750e-17
6434.000000 2.191730e-17
6436.000000 2.356950e-17
6438.000000 2.113870e-17
6440.000000 1.991870e-17
6442.000000 1.993540e-17
6444.000000 2.076020e-17
6446.000000 1.856780e-17
6448.000000 1.864010e-17
6450.000000 1.960170e-17
6452.000000 1.976850e-17
6454.000000 1.804500e-17
6456.000000 1.489660e-17
6458.000000 1.357980e-17
6460.000000 1.203420e-17
6462.000000 1.639370e-17
6464.000000 1.982150e-17
6466.000000 1.772040e-17
6468.000000 1.940480e-17
6470.000000 1.677810e-17
6472.000000 1.763360e-17
6474.000000 1.783940e-17
6476.000000 1.998950e-17
6478.000000 1.937110e-17
6480.000000 1.680100e-17
6482.000000 1.824470e-17
6484.000000 1.853130e-17
6486.000000 1.700800e-17
6488.000000 1.696090e-17
6490.000000 1.883850e-17
6492.000000 1.908040e-17
6494.000000 1.771610e-17
6496.000000 1.998460e-17
6498.000000 2.254420e-17
6500.000000 2.013670e-17
6502.000000 2.124650e-17
6504.000000 1.907250e-17
6506.000000 1.834520e-17
6508.000000 1.702690e-17
6510.000000 1.803370e-17
6512.000000 1.831510e-17
6514.000000 1.932680e-17
6516.000000 2.007190e-17
6518.000000 1.822610e-17
6520.000000 2.108180e-17
6522.000000 2.105750e-17
6524.000000 2.257710e-17
6526.000000 1.933770e-17
6528.000000 1.665500e-17
6530.000000 2.202730e-17
6532.000000 2.126720e-17
6534.000000 1.446440e-17
6536.000000 1.499780e-17
6538.000000 1.796860e-17
6540.000000 1.975340e-17
6542.000000 1.834910e-17
6544.000000 2.040910e-17
6546.000000 2.074420e-17
6548.000000 2.160970e-17
6550.000000 2.089830e-17
6552.000000 1.897840e-17
6554.000000 1.793790e-17
6556.000000 1.708100e-17
6558.000000 2.146670e-17
6560.000000 2.217540e-17
6562.000000 1.990210e-17
6564.000000 1.905940e-17
6566.000000 2.089170e-17
6568.000000 2.143340e-17
6570.000000 2.413170e-17
6572.000000 2.212430e-17
6574.000000 1.982930e-17
6576.000000 2.140320e-17
6578.000000 1.870250e-17
6580.000000 2.020220e-17
6582.000000 1.790830e-17
6584.000000 1.932530e-17
6586.000000 2.098940e-17
6588.000000 1.899680e-17
6590.000000 1.983960e-17
6592.000000 2.040210e-17
6594.000000 1.717250e-17
6596.000000 9.170520e-18
6598.000000 4.384140e-18
6600.000000 4.820580e-18
6602.000000 1.128970e-17
6604.000000 1.770920e-17
6606.000000 1.964210e-17
6608.000000 2.314650e-17
6610.000000 2.307980e-17
6612.000000 2.226970e-17
6614.000000 1.970250e-17
6616.000000 1.715440e-17
6618.000000 1.486540e-17
6620.000000 1.440190e-17
6622.000000 1.938780e-17
6624.000000 2.041240e-17
6626.000000 1.889130e-17
6628.000000 2.262850e-17
6630.000000 2.418930e-17
6632.000000 2.080950e-17
6634.000000 2.056470e-17
6636.000000 2.067100e-17
6638.000000 2.054020e-17
6640.000000 2.104980e-17
6642.000000 2.100450e-17
6644.000000 2.074960e-17
6646.000000 2.181150e-17
6648.000000 2.108910e-17
6650.000000 1.974050e-17
6652.000000 2.014880e-17
6654.000000 1.792550e-17
6656.000000 1.867030e-17
6658.000000 1.852890e-17
6660.000000 1.737750e-17
6662.000000 1.787750e-17
6664.000000 1.598760e-17
6666.000000 1.748540e-17
6668.000000 2.068000e-17
6670.000000 2.072600e-17
6672.000000 1.900960e-17
6674.000000 1.804580e-17
6676.000000 1.737640e-17
6678.000000 1.459120e-17
6680.000000 1.543340e-17
6682.000000 1.829280e-17
6684.000000 1.785390e-17
6686.000000 1.535770e-17
6688.000000 1.425710e-17
6690.000000 1.577550e-17
6692.000000 1.742290e-17
6694.000000 1.746410e-17
6696.000000 1.646840e-17
6698.000000 1.650710e-17
6700.000000 1.261210e-17
6702.000000 1.296780e-17
6704.000000 1.614830e-17
6706.000000 1.568690e-17
6708.000000 1.500190e-17
6710.000000 1.311190e-17
6712.000000 1.207460e-17
6714.000000 1.252410e-17
6716.000000 1.369940e-17
6718.000000 1.203330e-17
6720.000000 1.111810e-17
6722.000000 1.191730e-17
6724.000000 1.411950e-17
6726.000000 1.296010e-17
6728.000000 1.165620e-17
6730.000000 1.274200e-17
6732.000000 8.377220e-18
6734.000000 1.063540e-17
6736.000000 1.203590e-17
6738.000000 1.029490e-17
6740.000000 1.092430e-17
6742.000000 1.101560e-17
6744.000000 1.339540e-17
6746.000000 1.305260e-17
6748.000000 1.027060e-17
6750.000000 6.718470e-18
6752.000000 5.292450e-18
6754.000000 5.704860e-18
6756.000000 9.252920e-18
6758.000000 9.522800e-18
6760.000000 1.022040e-17
6762.000000 1.109780e-17
6764.000000 1.079850e-17
6766.000000 1.002890e-17
6768.000000 8.704350e-18
6770.000000 8.102260e-18
6772.000000 8.827740e-18
6774.000000 9.340740e-18
6776.000000 9.126540e-18
6778.000000 1.068750e-17
6780.000000 9.725290e-18
6782.000000 9.064310e-18
6784.000000 1.042840e-17
6786.000000 9.155470e-18
6788.000000 9.956190e-18
6790.000000 8.948180e-18
6792.000000 7.794960e-18
6794.000000 1.020750e-17
6796.000000 1.053440e-17
6798.000000 1.065400e-17
6800.000000 1.126470e-17
6802.000000 1.037610e-17
6804.000000 9.560430e-18
6806.000000 7.450010e-18
6808.000000 9.634430e-18
6810.000000 9.376280e-18
6812.000000 7.056910e-18
6814.000000 8.032080e-18
6816.000000 9.736850e-18
6818.000000 8.992820e-18
6820.000000 6.842560e-18
6822.000000 7.863090e-18
6824.000000 1.019220e-17
6826.000000 7.013240e-18
6828.000000 7.649510e-18
6830.000000 1.119000e-17
6832.000000 1.172750e-17
6834.000000 1.120210e-17
6836.000000 7.804860e-18
6838.000000 9.124080e-18
6840.000000 9.395200e-18
6842.000000 8.292160e-18
6844.000000 9.591630e-18
6846.000000 7.534090e-18
6848.000000 7.245520e-18
6850.000000 8.302240e-18
6852.000000 7.109650e-18
6854.000000 8.296470e-18
6856.000000 8.469340e-18
6858.000000 9.215210e-18
6860.000000 1.023800e-17
6862.000000 9.092200e-18
6864.000000 8.662060e-18
6866.000000 9.456390e-18
6868.000000 9.308880e-18
6870.000000 7.662390e-18
6872.000000 8.392690e-18
6874.000000 1.031550e-17
6876.000000 1.015320e-17
6878.000000 8.628040e-18
6880.000000 7.304850e-18
6882.000000 9.668270e-18
6884.000000 8.666570e-18
6886.000000 1.065700e-17
6888.000000 1.409010e-17
6890.000000 9.563740e-18
6892.000000 8.148920e-18
6894.000000 6.730030e-18
6896.000000 7.397410e-18
6898.000000 9.154590e-18
6900.000000 8.415540e-18
6902.000000 7.623060e-18
6904.000000 9.502420e-18
6906.000000 9.026420e-18
6908.000000 7.429480e-18
6910.000000 7.716500e-18
6912.000000 9.470090e-18
6914.000000 8.038300e-18
6916.000000 7.441870e-18
6918.000000 8.783920e-18
6920.000000 7.580480e-18
6922.000000 9.521880e-18
6924.000000 1.036460e-17
6926.000000 9.233290e-18
6928.000000 7.907600e-18
6930.000000 6.853910e-18
6932.000000 9.086760e-18
6934.000000 8.765820e-18
6936.000000 1.020950e-17
6938.000000 1.035780e-17
6940.000000 8.825080e-18
6942.000000 8.221090e-18
6944.000000 6.193880e-18
6946.000000 6.638470e-18
6948.000000 7.679050e-18
6950.000000 5.978330e-18
6952.000000 5.892400e-18
6954.000000 8.606050e-18
6956.000000 1.151350e-17
6958.000000 1.119790e-17
6960.000000 8.261160e-18
6962.000000 5.995250e-18
6964.000000 6.707640e-18
6966.000000 7.672210e-18
6968.000000 8.242110e-18
6970.000000 9.725960e-18
6972.000000 9.511060e-18
6974.000000 9.931720e-18
6976.000000 8.280040e-18
6978.000000 6.597830e-18
6980.000000 9.995290e-18
6982.000000 1.162190e-17
6984.000000 1.011030e-17
6986.000000 9.320550e-18
6988.000000 9.050010e-18
6990.000000 9.404650e-18
6992.000000 1.139640e-17
6994.000000 1.019690e-17
6996.000000 9.931560e-18
6998.000000 1.138800e-17
7000.000000 9.566270e-18
7002.000000 1.094570e-17
7004.000000 1.187910e-17
7006.000000 1.103250e-17
7008.000000 1.348250e-17
7010.000000 1.358200e-17
7012.000000 1.114810e-17
7014.000000 1.463690e-17
7016.000000 1.197710e-17
7018.000000 7.999710e-18
7020.000000 7.882080e-18
7022.000000 9.952290e-18
7024.000000 8.463760e-18
7026.000000 9.768270e-18
7028.000000 1.345560e-17
7030.000000 1.195610e-17
7032.000000 1.101400e-17
7034.000000 9.970190e-18
7036.000000 1.074950e-17
7038.000000 1.423130e-17
7040.000000 1.297120e-17
7042.000000 9.693640e-18
7044.000000 9.398310e-18
7046.000000 1.248510e-17
7048.000000 1.477990e-17
7050.000000 1.535900e-17
7052.000000 1.507740e-17
7054.000000 1.262130e-17
7056.000000 1.090890e-17
7058.000000 1.176960e-17
7060.000000 1.269380e-17
7062.000000 1.359940e-17
7064.000000 1.271140e-17
7066.000000 1.292450e-17
7068.000000 1.166370e-17
7070.000000 1.111870e-17
7072.000000 1.049980e-17
7074.000000 1.200870e-17
7076.000000 1.251400e-17
7078.000000 1.354690e-17
7080.000000 1.074230e-17
7082.000000 8.953490e-18
7084.000000 1.231360e-17
7086.000000 1.683000e-17
7088.000000 1.381230e-17
7090.000000 1.224710e-17
7092.000000 1.243000e-17
7094.000000 1.161990e-17
7096.000000 1.315250e-17
7098.000000 1.282290e-17
7100.000000 1.560150e-17
7102.000000 1.506350e-17
7104.000000 1.526880e-17
7106.000000 1.411450e-17
7108.000000 1.649500e-17
7110.000000 1.715990e-17
7112.000000 1.784930e-17
7114.000000 1.770660e-17
7116.000000 1.666020e-17
7118.000000 1.914520e-17
7120.000000 1.853590e-17
7122.000000 1.688360e-17
7124.000000 1.640340e-17
7126.000000 1.420350e-17
7128.000000 2.065840e-17
7130.000000 2.041160e-17
7132.000000 1.855050e-17
7134.000000 1.936440e-17
7136.000000 1.965770e-17
7138.000000 1.857650e-17
7140.000000 1.845070e-17
7142.000000 1.770890e-17
7144.000000 1.477480e-17
7146.000000 1.948550e-17
7148.000000 1.936180e-17
7150.000000 1.679870e-17
7152.000000 1.719930e-17
7154.000000 1.791840e-17
7156.000000 1.509730e-17
7158.000000 1.793680e-17
7160.000000 1.903580e-17
7162.000000 1.707190e-17
7164.000000 1.611370e-17
7166.000000 1.691160e-17
7168.000000 1.541670e-17
7170.000000 1.585570e-17
7172.000000 1.822770e-17
7174.000000 1.501940e-17
7176.000000 1.772190e-17
7178.000000 1.888440e-17
7180.000000 1.946560e-17
7182.000000 1.660050e-17
7184.000000 1.387530e-17
7186.000000 1.275790e-17
7188.000000 1.177220e-17
7190.000000 1.547910e-17
7192.000000 1.459920e-17
7194.000000 1.446410e-17
7196.000000 1.441910e-17
7198.000000 1.482720e-17
7200.000000 1.050220e-17
7202.000000 1.102790e-17
7204.000000 1.305950e-17
7206.000000 1.484450e-17
7208.000000 1.057340e-17
7210.000000 1.034880e-17
7212.000000 1.154880e-17
7214.000000 1.072210e-17
7216.000000 9.168450e-18
7218.000000 1.148970e-17
7220.000000 1.140200e-17
7222.000000 1.171490e-17
7224.000000 1.268430e-17
7226.000000 1.350990e-17
7228.000000 1.247560e-17
7230.000000 1.136680e-17
7232.000000 1.149680e-17
7234.000000 1.259730e-17
7236.000000 1.175240e-17
7238.000000 1.151320e-17
7240.000000 1.148160e-17
7242.000000 1.137090e-17
7244.000000 1.715160e-17
7246.000000 2.275540e-17
7248.000000 2.253250e-17
7250.000000 2.489020e-17
7252.000000 2.715210e-17
7254.000000 2.519090e-17
7256.000000 2.763150e-17
7258.000000 3.264080e-17
7260.000000 3.123250e-17
7262.000000 2.932340e-17
7264.000000 3.277870e-17
7266.000000 3.477340e-17
7268.000000 3.800490e-17
7270.000000 3.926190e-17
7272.000000 4.279400e-17
7274.000000 4.621200e-17
7276.000000 4.834580e-17
7278.000000 5.245360e-17
7280.000000 5.144320e-17
7282.000000 5.525860e-17
7284.000000 5.955640e-17
7286.000000 5.717670e-17
7288.000000 6.023340e-17
7290.000000 6.088970e-17
7292.000000 6.432360e-17
7294.000000 7.030060e-17
7296.000000 7.291960e-17
7298.000000 7.246150e-17
7300.000000 7.166130e-17
7302.000000 7.497760e-17
7304.000000 7.512020e-17
7306.000000 7.182710e-17
7308.000000 6.997490e-17
7310.000000 6.865120e-17
7312.000000 6.837030e-17
7314.000000 6.173100e-17
7316.000000 6.058580e-17
7318.000000 6.483570e-17
7320.000000 6.257210e-17
7322.000000 6.423190e-17
7324.000000 6.400530e-17
7326.000000 5.949750e-17
7328.000000 6.292100e-17
7330.000000 6.615730e-17
7332.000000 6.544400e-17
7334.000000 6.449480e-17
7336.000000 6.490370e-17
7338.000000 6.413140e-17
7340.000000 6.389960e-17
7342.000000 5.732060e-17
7344.000000 5.113040e-17
7346.000000 5.331100e-17
7348.000000 5.194530e-17
7350.000000 4.862660e-17
7352.000000 4.986470e-17
7354.000000 5.001260e-17
7356.000000 4.893610e-17
7358.000000 5.034060e-17
7360.000000 4.718830e-17
7362.000000 4.717280e-17
7364.000000 4.428880e-17
7366.000000 4.243880e-17
7368.000000 4.518570e-17
7370.000000 4.608620e-17
7372.000000 4.452990e-17
7374.000000 4.769220e-17
7376.000000 4.247920e-17
7378.000000 3.815690e-17
7380.000000 3.792520e-17
7382.000000 3.820440e-17
7384.000000 3.552640e-17
7386.000000 3.748570e-17
7388.000000 3.589980e-17
7390.000000 3.329750e-17
7392.000000 3.409550e-17
7394.000000 3.087940e-17
7396.000000 2.973790e-17
7398.000000 2.994600e-17
7400.000000 3.168250e-17
7402.000000 2.685470e-17
7404.000000 2.586640e-17
7406.000000 2.645630e-17
7408.000000 2.711630e-17
7410.000000 2.799170e-17
7412.000000 2.788670e-17
7414.000000 2.661180e-17
7416.000000 2.447580e-17
7418.000000 2.580130e-17
7420.000000 2.770470e-17
7422.000000 2.444580e-17
7424.000000 2.569270e-17
7426.000000 2.091620e-17
7428.000000 1.803090e-17
7430.000000 2.185170e-17
7432.000000 2.162020e-17
7434.000000 1.907810e-17
7436.000000 2.129580e-17
7438.000000 1.937460e-17
7440.000000 1.754750e-17
7442.000000 1.723690e-17
7444.000000 1.808600e-17
7446.000000 1.781310e-17
7448.000000 1.668770e-17
7450.000000 1.680390e-17
7452.000000 1.594740e-17
7454.000000 1.530550e-17
7456.000000 1.735060e-17
7458.000000 1.726930e-17
7460.000000 1.530400e-17
7462.000000 1.528970e-17
7464.000000 1.738520e-17
7466.000000 1.643810e-17
7468.000000 1.432670e-17
7470.000000 1.271450e-17
7472.000000 1.629160e-17
7474.000000 1.447600e-17
7476.000000 1.172750e-17
7478.000000 1.379160e-17
7480.000000 1.373940e-17
7482.000000 1.927620e-17
7484.000000 1.501960e-17
7486.000000 1.451510e-17
7488.000000 1.460760e-17
7490.000000 1.159330e-17
7492.000000 9.440730e-18
7494.000000 1.452090e-17
7496.000000 1.630110e-17
7498.000000 1.324410e-17
7500.000000 1.143480e-17
7502.000000 9.988630e-18
7504.000000 1.020890e-17
7506.000000 1.378500e-17
7508.000000 1.197600e-17
7510.000000 1.134610e-17
7512.000000 1.125070e-17
7514.000000 1.162060e-17
7516.000000 1.242310e-17
7518.000000 1.060870e-17
7520.000000 9.745740e-18
7522.000000 1.174560e-17
7524.000000 1.185290e-17
7526.000000 8.133880e-18
7528.000000 9.869370e-18
7530.000000 1.060040e-17
7532.000000 7.954140e-18
7534.000000 7.974160e-18
7536.000000 1.031410e-17
7538.000000 8.201030e-18
7540.000000 6.526290e-18
7542.000000 1.066590e-17
7544.000000 9.982000e-18
7546.000000 8.325200e-18
7548.000000 8.042830e-18
7550.000000 6.887170e-18
7552.000000 9.653650e-18
7554.000000 9.256120e-18
7556.000000 8.112100e-18
7558.000000 1.262430e-17
7560.000000 1.110110e-17
7562.000000 7.926210e-18
7564.000000 9.191650e-18
7566.000000 9.119890e-18
7568.000000 7.911200e-18
7570.000000 7.035950e-18
7572.000000 6.340790e-18
7574.000000 6.600640e-18
7576.000000 5.556890e-18
7578.000000 5.013550e-18
7580.000000 8.277610e-18
7582.000000 1.079980e-17
7584.000000 7.183430e-18
7586.000000 5.142220e-18
7588.000000 9.197170e-18
7590.000000 6.653300e-18
7592.000000 5.217670e-18
7594.000000 6.528830e-18
7596.000000 7.292740e-18
7598.000000 1.365750e-17
7600.000000 2.276300e-17
7602.000000 4.407530e-18
7604.000000 3.735230e-18
7606.000000 3.521160e-18
7608.000000 4.825970e-18
7610.000000 1.036610e-17
7612.000000 7.770640e-18
7614.000000 6.748940e-18
7616.000000 1.254150e-17
7618.000000 9.703750e-18
7620.000000 6.023490e-18
7622.000000 5.551690e-18
7624.000000 8.911850e-18
7626.000000 9.411930e-18
7628.000000 5.436310e-18
7630.000000 7.881270e-18
7632.000000 7.563410e-18
7634.000000 4.053620e-18
7636.000000 9.385720e-18
7638.000000 8.698690e-18
7640.000000 4.626590e-18
7642.000000 5.988030e-18
7644.000000 8.729250e-18
7646.000000 1.094280e-17
7648.000000 9.497830e-18
7650.000000 9.180700e-18
7652.000000 7.004480e-18
7654.000000 4.025590e-18
7656.000000 5.496520e-18
7658.000000 8.927340e-18
7660.000000 9.584540e-18
7662.000000 1.319830e-17
7664.000000 1.057320e-17
7666.000000 1.115940e-17
7668.000000 1.036510e-17
7670.000000 9.546390e-18
7672.000000 1.021620e-17
7674.000000 1.124830e-17
7676.000000 1.330090e-17
7678.000000 8.661410e-18
7680.000000 8.537330e-18
7682.000000 8.993460e-18
7684.000000 8.452310e-18
7686.000000 8.088490e-18
7688.000000 8.383630e-18
7690.000000 9.226580e-18
7692.000000 9.239850e-18
7694.000000 8.569560e-18
7696.000000 5.325410e-18
7698.000000 7.109210e-18
7700.000000 9.719230e-18
7702.000000 1.220520e-17
7704.000000 1.051300e-17
7706.000000 7.366460e-18
7708.000000 9.010670e-18
7710.000000 3.894230e-18
7712.000000 1.158170e-17
7714.000000 1.552490e-17
7716.000000 1.252780e-17
7718.000000 1.551310e-17
7720.000000 1.191280e-17
7722.000000 8.677170e-18
7724.000000 7.935770e-18
7726.000000 8.593480e-18
7728.000000 9.714030e-18
7730.000000 1.042930e-17
7732.000000 1.203790e-17
7734.000000 1.149570e-17
7736.000000 1.105600e-17
7738.000000 9.715020e-18
7740.000000 1.022350e-17
7742.000000 1.172940e-17
7744.000000 8.710340e-18
7746.000000 8.301380e-18
7748.000000 8.972250e-18
7750.000000 7.480610e-18
7752.000000 1.131000e-17
7754.000000 1.068190e-17
7756.000000 1.068020e-17
7758.000000 8.290100e-18
7760.000000 8.198880e-18
7762.000000 1.229550e-17
7764.000000 7.984740e-18
7766.000000 8.181480e-18
7768.000000 1.048750e-17
7770.000000 8.133800e-18
7772.000000 7.928930e-18
7774.000000 8.967500e-18
7776.000000 9.359110e-18
7778.000000 9.344380e-18
7780.000000 1.104920e-17
7782.000000 1.016820e-17
7784.000000 7.798390e-18
7786.000000 1.153620e-17
7788.000000 1.265100e-17
7790.000000 1.064910e-17
7792.000000 1.252010e-17
7794.000000 1.226240e-17
7796.000000 1.197120e-17
7798.000000 1.163910e-17
7800.000000 1.045830e-17
7802.000000 1.034550e-17
7804.000000 1.109070e-17
7806.000000 1.069630e-17
7808.000000 7.924200e-18
7810.000000 7.797010e-18
7812.000000 1.362450e-17
7814.000000 1.148850e-17
7816.000000 7.329350e-18
7818.000000 4.984760e-18
7820.000000 5.617850e-18
7822.000000 5.413660e-18
7824.000000 8.452900e-18
7826.000000 1.110410e-17
7828.000000 1.319460e-17
7830.000000 9.132160e-18
7832.000000 8.081980e-18
7834.000000 1.112640e-17
7836.000000 1.372590e-17
7838.000000 1.214510e-17
7840.000000 9.931300e-18
7842.000000 9.714170e-18
7844.000000 1.218630e-17
7846.000000 8.780240e-18
7848.000000 6.348630e-18
7850.000000 1.181620e-17
7852.000000 1.496910e-17
7854.000000 8.878810e-18
7856.000000 9.976830e-18
7858.000000 1.429270e-17
7860.000000 1.507650e-17
7862.000000 1.163480e-17
7864.000000 9.392190e-18
7866.000000 1.243140e-17
7868.000000 9.656560e-18
7870.000000 1.123650e-17
7872.000000 1.285630e-17
7874.000000 9.116690e-18
7876.000000 8.060770e-18
7878.000000 1.011710e-17
7880.000000 1.175710e-17
7882.000000 9.826040e-18
7884.000000 1.077590e-17
7886.000000 8.807300e-18
7888.000000 5.177460e-18
7890.000000 7.714940e-18
7892.000000 9.135130e-18
7894.000000 4.585830e-18
7896.000000 7.505340e-18
7898.000000 9.120650e-18
7900.000000 5.881640e-18
7902.000000 6.200450e-18
7904.000000 8.742050e-18
7906.000000 8.904470e-18
7908.000000 8.133370e-18
7910.000000 5.477130e-18
7912.000000 1.733150e-18
7914.000000 4.183850e-18
7916.000000 7.803640e-18
7918.000000 8.738770e-18
7920.000000 1.058180e-17
7922.000000 9.414890e-18
7924.000000 9.013920e-18
7926.000000 9.984320e-18
7928.000000 1.161600e-17
7930.000000 1.006190e-17
7932.000000 7.299340e-18
7934.000000 9.606100e-18
7936.000000 1.064250e-17
7938.000000 8.787910e-18
7940.000000 7.671470e-18
7942.000000 7.886590e-18
7944.000000 9.599640e-18
7946.000000 1.259230e-17
7948.000000 9.861370e-18
7950.000000 1.034290e-17
7952.000000 1.067730e-17
7954.000000 1.029490e-17
7956.000000 8.204500e-18
7958.000000 8.505220e-18
7960.000000 7.205900e-18
7962.000000 5.041480e-18
7964.000000 5.594100e-18
7966.000000 4.064430e-18
7968.000000 5.998470e-18
7970.000000 6.585950e-18
7972.000000 9.478970e-18
7974.000000 8.457520e-18
7976.000000 9.267690e-18
7978.000000 7.424250e-18
7980.000000 6.478190e-18
7982.000000 9.741610e-18
7984.000000 1.148850e-17
7986.000000 9.572190e-18
7988.000000 4.708620e-18
7990.000000 6.447620e-18
7992.000000 1.321690e-17
7994.000000 1.213000e-17
7996.000000 1.008880e-17
7998.000000 1.190180e-17
8000.000000 1.217280e-17
8002.000000 1.008060e-17
8004.000000 1.041530e-17
8006.000000 9.298350e-18
8008.000000 1.216700e-17
8010.000000 1.385460e-17
8012.000000 1.104850e-17
8014.000000 1.329430e-17
8016.000000 1.183490e-17
8018.000000 1.034580e-17
8020.000000 9.770860e-18
8022.000000 5.435600e-18
8024.000000 1.191640e-17
8026.000000 9.228690e-18
8028.000000 9.264820e-18
8030.000000 1.086020e-17
8032.000000 1.230460e-17
8034.000000 6.141860e-18
8036.000000 9.291090e-18
8038.000000 1.180960e-17
8040.000000 8.289740e-18
8042.000000 9.159480e-18
8044.000000 1.135440e-17
8046.000000 1.031590e-17
8048.000000 8.356300e-18
8050.000000 7.816250e-18
8052.000000 9.114860e-18
8054.000000 1.361790e-17
8056.000000 1.291890e-17
8058.000000 1.406920e-17
8060.000000 1.445700e-17
8062.000000 1.525150e-17
8064.000000 1.051120e-17
8066.000000 7.351780e-18
8068.000000 1.023480e-17
8070.000000 1.033510e-17
8072.000000 8.670870e-18
8074.000000 9.257510e-18
8076.000000 1.300320e-17
8078.000000 1.207750e-17
8080.000000 9.432290e-18
8082.000000 6.382440e-18
8084.000000 7.029520e-18
8086.000000 8.880960e-18
8088.000000 1.064440e-17
8090.000000 8.805980e-18
8092.000000 6.896350e-18
8094.000000 7.860990e-18
8096.000000 1.062200e-17
8098.000000 1.112510e-17
8100.000000 1.041330e-17
8102.000000 8.899760e-18
8104.000000 1.038540e-17
8106.000000 1.457730e-17
8108.000000 7.831640e-18
8110.000000 9.209490e-18
8112.000000 1.074050e-17
8114.000000 9.144180e-18
8116.000000 7.579550e-18
8118.000000 7.349460e-18
8120.000000 8.754570e-18
8122.000000 8.712950e-18
8124.000000 7.640630e-18
8126.000000 8.835600e-18
8128.000000 8.707620e-18
8130.000000 7.561530e-18
8132.000000 1.108100e-17
8134.000000 8.646460e-18
8136.000000 1.049470e-17
8138.000000 8.562350e-18
8140.000000 6.146580e-18
8142.000000 7.306610e-18
8144.000000 1.161510e-17
8146.000000 1.076610e-17
8148.000000 8.368850e-18
8150.000000 9.806480e-18
8152.000000 8.797140e-18
8154.000000 1.164900e-17
8156.000000 9.810260e-18
8158.000000 8.574670e-18
8160.000000 4.679550e-18
8162.000000 6.808380e-18
8164.000000 9.823100e-18
8166.000000 9.139750e-18
8168.000000 9.339100e-18
8170.000000 9.102560e-18
8172.000000 1.064470e-17
8174.000000 9.030950e-18
8176.000000 6.970070e-18
8178.000000 8.089310e-18
8180.000000 8.445270e-18
8182.000000 1.081030e-17
8184.000000 8.214000e-18
8186.000000 5.405640e-18
8188.000000 8.801010e-18
8190.000000 1.069020e-17
8192.000000 6.947840e-18
8194.000000 7.265830e-18
8196.000000 9.362630e-18
8198.000000 1.020630e-17
8200.000000 8.277420e-18
8202.000000 7.058100e-18
8204.000000 9.094100e-18
8206.000000 1.121970e-17
8208.000000 1.044090e-17
8210.000000 8.260100e-18
8212.000000 7.805240e-18
8214.000000 7.515080e-18
8216.000000 1.005550e-17
8218.000000 1.258380e-17
8220.000000 1.261270e-17
8222.000000 9.942500e-18
8224.000000 7.369340e-18
8226.000000 6.348890e-18
8228.000000 6.817500e-18
8230.000000 1.103020e-17
8232.000000 1.193710e-17
8234.000000 8.121700e-18
8236.000000 8.818120e-18
8238.000000 1.186360e-17
8240.000000 1.008080e-17
8242.000000 6.210630e-18
8244.000000 6.636750e-18
8246.000000 8.977990e-18
8248.000000 9.348120e-18
8250.000000 1.041990e-17
8252.000000 1.059730e-17
8254.000000 8.699680e-18
8256.000000 8.982660e-18
8258.000000 9.538780e-18
8260.000000 8.402220e-18
8262.000000 6.902250e-18
8264.000000 9.348970e-18
8266.000000 8.300800e-18
8268.000000 6.336910e-18
8270.000000 9.079630e-18
8272.000000 1.015120e-17
8274.000000 1.024090e-17
8276.000000 9.014790e-18
8278.000000 8.522160e-18
8280.000000 3.842110e-18
8282.000000 5.062550e-18
8284.000000 9.161500e-18
8286.000000 1.511360e-17
8288.000000 1.703480e-17
8290.000000 7.599910e-18
8292.000000 1.616980e-17
8294.000000 1.370890e-17
8296.000000 9.732700e-18
8298.000000 9.799320e-18
8300.000000 1.469830e-17
8302.000000 1.269060e-17
8304.000000 9.313450e-18
8306.000000 1.014440e-17
8308.000000 1.075350e-17
8310.000000 9.680070e-18
8312.000000 1.026350e-17
8314.000000 3.919640e-18
8316.000000 5.751300e-18
8318.000000 1.157810e-17
8320.000000 1.222460e-17
8322.000000 9.694700e-18
8324.000000 1.098710e-17
8326.000000 1.505600e-17
8328.000000 1.186990e-17
8330.000000 8.486810e-18
8332.000000 4.222920e-18
8334.000000 8.384840e-18
8336.000000 9.937920e-18
8338.000000 9.904530e-18
8340.000000 7.025760e-18
8344.000000 1.490530e-18
8346.000000 8.826760e-18
8348.000000 1.270390e-17
8350.000000 1.151720e-17
8352.000000 5.863570e-18
8354.000000 5.691400e-18
8356.000000 7.493760e-18
8358.000000 7.324210e-18
8360.000000 9.570080e-18
8362.000000 7.743570e-18
8364.000000 8.089150e-18
8366.000000 9.982000e-18
8368.000000 8.872940e-18
8370.000000 1.050260e-17
8372.000000 9.229850e-18
8374.000000 9.211460e-18
8376.000000 1.145350e-17
8378.000000 7.701550e-18
8380.000000 7.910890e-18
8382.000000 7.578210e-18
8384.000000 1.113020e-17
8386.000000 1.511140e-17
8388.000000 1.341920e-17
8390.000000 9.114510e-18
8392.000000 8.648380e-18
8394.000000 7.997290e-18
8396.000000 1.408570e-17
8398.000000 2.283060e-17
8400.000000 1.883700e-17
8402.000000 1.291610e-17
8404.000000 1.161760e-17
8406.000000 9.272030e-18
8408.000000 7.467220e-18
8410.000000 8.404710e-18
8412.000000 1.027300e-17
8414.000000 1.804520e-17
8416.000000 1.767470e-17
8418.000000 1.335820e-17
8420.000000 1.338290e-17
8422.000000 1.151510e-17
8424.000000 9.885040e-18
8426.000000 1.042040e-17
8428.000000 3.799540e-18
8432.000000 1.192690e-17
8434.000000 1.485090e-17
8436.000000 9.579810e-18
8438.000000 9.997600e-18
8440.000000 1.032670e-17
8442.000000 1.071180e-17
8444.000000 1.223220e-17
8446.000000 1.390040e-17
8448.000000 1.296710e-17
8450.000000 1.049870e-17
8452.000000 1.013840e-17
8454.000000 1.036570e-17
8456.000000 1.440970e-17
8458.000000 1.187630e-17
8460.000000 9.080010e-18
8462.000000 9.828140e-18
8464.000000 1.621620e-17
8466.000000 1.496320e-17
8468.000000 1.826800e-17
8470.000000 4.688050e-18
8472.000000 1.115220e-17
8474.000000 1.424110e-17
8476.000000 1.337820e-17
8478.000000 1.127980e-17
8480.000000 1.212510e-17
8482.000000 9.681870e-18
8484.000000 1.076220e-17
8486.000000 1.320880e-17
8488.000000 1.544250e-17
8490.000000 1.631170e-17
8492.000000 1.340890e-17
8494.000000 1.605420e-17
8496.000000 1.533190e-17
8498.000000 8.129960e-18
8500.000000 9.323790e-18
8502.000000 1.083600e-17
8504.000000 1.365340e-17
8506.000000 9.623200e-18
8508.000000 1.565040e-17
8510.000000 1.220660e-17
8512.000000 1.284150e-17
8514.000000 1.527900e-17
8516.000000 1.371990e-17
8518.000000 1.319480e-17
8520.000000 1.450630e-17
8522.000000 1.617090e-17
8524.000000 1.366040e-17
8526.000000 1.316690e-17
8528.000000 1.930840e-17
8530.000000 1.760730e-17
8532.000000 1.871440e-17
8534.000000 1.685100e-17
8536.000000 1.496960e-17
8538.000000 1.892160e-17
8540.000000 1.937680e-17
8542.000000 1.836630e-17
8544.000000 1.903840e-17
8546.000000 2.212150e-17
8548.000000 1.952940e-17
8550.000000 1.942790e-17
8552.000000 2.127060e-17
8554.000000 1.642040e-17
8556.000000 1.985560e-17
8558.000000 2.118670e-17
8560.000000 1.731060e-17
8562.000000 1.905220e-17
8564.000000 2.301100e-17
8566.000000 2.271060e-17
8568.000000 1.854330e-17
8570.000000 1.952360e-17
8572.000000 2.010150e-17
8574.000000 1.607200e-17
8576.000000 1.336730e-17
8578.000000 1.756070e-17
8580.000000 1.839110e-17
8582.000000 1.657810e-17
8584.000000 2.087490e-17
8586.000000 2.214200e-17
8588.000000 1.579770e-17
8590.000000 1.232030e-17
8592.000000 1.755210e-17
8594.000000 1.989210e-17
8596.000000 1.723910e-17
8598.000000 1.404610e-17
8600.000000 1.392780e-17
8602.000000 1.705720e-17
8604.000000 1.414350e-17
8606.000000 1.098030e-17
8608.000000 1.355910e-17
8610.000000 1.402610e-17
8612.000000 1.257470e-17
8614.000000 1.161890e-17
8616.000000 1.130930e-17
8618.000000 1.320460e-17
8620.000000 1.059860e-17
8622.000000 1.380520e-17
8624.000000 1.640100e-17
8626.000000 1.425570e-17
8628.000000 1.412250e-17
8630.000000 1.759120e-17
8632.000000 1.189860e-17
8634.000000 1.770410e-17
8636.000000 1.866110e-17
8638.000000 1.348370e-17
8640.000000 1.485000e-17
8642.000000 1.751580e-17
8644.000000 1.469160e-17
8646.000000 1.061710e-17
8648.000000 1.027640e-17
8650.000000 1.453400e-17
8652.000000 1.788850e-17
8654.000000 1.544930e-17
8656.000000 1.696070e-17
8658.000000 9.844260e-18
8660.000000 1.614370e-17
8662.000000 2.416690e-17
8664.000000 2.719190e-17
8666.000000 2.454310e-17
8668.000000 2.729740e-17
8670.000000 2.770680e-17
8672.000000 2.579370e-17
8674.000000 2.497870e-17
8676.000000 2.792200e-17
8678.000000 2.817710e-17
8680.000000 2.588470e-17
8682.000000 2.953640e-17
8684.000000 2.447830e-17
8686.000000 2.363740e-17
8688.000000 2.645290e-17
8690.000000 2.752080e-17
8692.000000 2.261630e-17
8694.000000 2.164230e-17
8696.000000 2.057460e-17
8698.000000 2.460550e-17
8700.000000 2.614420e-17
8702.000000 2.322100e-17
8704.000000 2.368860e-17
8706.000000 1.949550e-17
8708.000000 2.050570e-17
8710.000000 2.357280e-17
8712.000000 2.792580e-17
8714.000000 2.592530e-17
8716.000000 2.499150e-17
8718.000000 2.403440e-17
8720.000000 2.485170e-17
8722.000000 2.723830e-17
8724.000000 2.392110e-17
8726.000000 2.244500e-17
8728.000000 2.419260e-17
8730.000000 2.445500e-17
8732.000000 2.194480e-17
8734.000000 2.246500e-17
8736.000000 2.307900e-17
8738.000000 2.474630e-17
8740.000000 2.313410e-17
8742.000000 2.583430e-17
8744.000000 2.438400e-17
8746.000000 2.459970e-17
8748.000000 2.538990e-17
8750.000000 2.860460e-17
8752.000000 2.880930e-17
8754.000000 2.611220e-17
8756.000000 3.009480e-17
8758.000000 3.362130e-17
8760.000000 3.534000e-17
8762.000000 3.174520e-17
8764.000000 3.038970e-17
8766.000000 2.097550e-17
8768.000000 1.898330e-17
8770.000000 3.284360e-17
8772.000000 3.268850e-17
8774.000000 2.845700e-17
8776.000000 3.172800e-17
8778.000000 2.920170e-17
8780.000000 2.109900e-17
8782.000000 2.192060e-17
8784.000000 2.937840e-17
8786.000000 2.529630e-17
8788.000000 2.234280e-17
8790.000000 2.179530e-17
8792.000000 2.902760e-17
8794.000000 2.920330e-17
8796.000000 2.229980e-17
8798.000000 2.238570e-17
8800.000000 2.198700e-17
8802.000000 1.702810e-17
8804.000000 1.992450e-17
8806.000000 2.480990e-17
8808.000000 2.283130e-17
8810.000000 1.937030e-17
8812.000000 2.180660e-17
8814.000000 1.769670e-17
8816.000000 1.426000e-17
8818.000000 1.464870e-17
8820.000000 1.673850e-17
8822.000000 2.365460e-17
8824.000000 1.833240e-17
8826.000000 3.440730e-18
8828.000000 4.957540e-18
8830.000000 4.333550e-18
8832.000000 6.353580e-18
8834.000000 2.608600e-17
8836.000000 3.407120e-17
8838.000000 6.121800e-18
8840.000000 9.597970e-18
8842.000000 1.562460e-17
8844.000000 1.673020e-17
8846.000000 1.374890e-17
8848.000000 1.589800e-17
8850.000000 1.120680e-17
8852.000000 1.639230e-17
8854.000000 9.304370e-18
8856.000000 1.640410e-17
8858.000000 1.680520e-17
8860.000000 1.223710e-17
8862.000000 1.239680e-17
8864.000000 1.615400e-17
8866.000000 1.267260e-17
8868.000000 1.611720e-17
8870.000000 1.856270e-17
8872.000000 1.145170e-17
8874.000000 1.644820e-17
8876.000000 1.404100e-17
8878.000000 1.489390e-17
8880.000000 1.135160e-17
8882.000000 1.012700e-17
8884.000000 2.203500e-18
8886.000000 9.762460e-19
8888.000000 7.381320e-18
8890.000000 1.719300e-17
8892.000000 1.861670e-17
8894.000000 1.178890e-17
8896.000000 1.270640e-17
8898.000000 1.187090e-17
8900.000000 1.237460e-17
8902.000000 1.022610e-17
8904.000000 7.275870e-18
8906.000000 9.802730e-18
8908.000000 6.726110e-18
8910.000000 5.866280e-18
8912.000000 1.140050e-17
8914.000000 1.369560e-17
8916.000000 8.732650e-18
8918.000000 6.059360e-18
8920.000000 1.061600e-17
8922.000000 8.426340e-18
8924.000000 1.455710e-17
8926.000000 9.881650e-18
8928.000000 1.444560e-17
8930.000000 1.871590e-17
8932.000000 9.393400e-18
8934.000000 8.682470e-18
8936.000000 1.325750e-17
8938.000000 1.066470e-17
8940.000000 6.076610e-18
8942.000000 3.620120e-18
8944.000000 9.485610e-18
8946.000000 1.125940e-17
8948.000000 7.458420e-18
8950.000000 1.205150e-17
8952.000000 1.004320e-17
8954.000000 1.281250e-17
8956.000000 1.699000e-17
8958.000000 1.974940e-17
8960.000000 1.323510e-17
8962.000000 1.061450e-17
8964.000000 1.075940e-17
8966.000000 9.268830e-18
8968.000000 7.295050e-18
8970.000000 8.704800e-18
8972.000000 1.097860e-17
8974.000000 1.500220e-17
8976.000000 8.184960e-18
8978.000000 4.782620e-18
8980.000000 9.270810e-18
8982.000000 1.290420e-17
8984.000000 1.228660e-17
8986.000000 9.130800e-18
8988.000000 1.069420e-17
8990.000000 1.429160e-17
8992.000000 1.260330e-17
8994.000000 8.522580e-18
8996.000000 8.930760e-18
8998.000000 1.267450e-17
9000.000000 1.732840e-17
9002.000000 1.730610e-17
9004.000000 8.671850e-18
9006.000000 1.058400e-17
9008.000000 1.738940e-17
9010.000000 1.175180e-17
9012.000000 1.214890e-17
9014.000000 1.501560e-17
9016.000000 1.184170e-17
9018.000000 7.571610e-18
9020.000000 5.740750e-18
9022.000000 6.382560e-18
9024.000000 1.254500e-17
9026.000000 1.343680e-17
9028.000000 8.526540e-18
9030.000000 8.934560e-18
9032.000000 9.700970e-18
9034.000000 1.106600e-17
9036.000000 1.056400e-17
9038.000000 9.038370e-18
9040.000000 1.417040e-17
9042.000000 1.205080e-17
9044.000000 9.664020e-18
9046.000000 1.162390e-17
9048.000000 8.126290e-18
9054.000000 8.056710e-18
9056.000000 7.234540e-18
9058.000000 2.883580e-18
9060.000000 7.845390e-18
9062.000000 7.784270e-18
9064.000000 1.840350e-18
9066.000000 3.705160e-18
9068.000000 1.121380e-17
9070.000000 1.130820e-17
9072.000000 1.010930e-17
9074.000000 9.659470e-18
9076.000000 7.871730e-18
9078.000000 9.497520e-18
9080.000000 1.296390e-17
9082.000000 1.129150e-17
9084.000000 7.847660e-18
9086.000000 9.589210e-18
9088.000000 7.239540e-18
9090.000000 8.950430e-18
9092.000000 1.566370e-17
9094.000000 1.418020e-17
9096.000000 1.412350e-17
9098.000000 1.570250e-17
9100.000000 1.389410e-17
9102.000000 1.346800e-17
9104.000000 9.189780e-18
9106.000000 4.252670e-18
9108.000000 1.049280e-17
9110.000000 1.167180e-17
9112.000000 7.567130e-18
9114.000000 6.197420e-18
9116.000000 8.150590e-18
9118.000000 9.615310e-18
9120.000000 1.335500e-17
9122.000000 1.313480e-17
9124.000000 1.238050e-17
9126.000000 1.245120e-17
9128.000000 1.278000e-17
9130.000000 1.088420e-17
9132.000000 7.341140e-18
9134.000000 1.224150e-17
9136.000000 1.477920e-17
9138.000000 1.143960e-17
9140.000000 1.825170e-17
9142.000000 1.212290e-17
9144.000000 9.668990e-18
9146.000000 1.090710e-17
9148.000000 1.152730e-17
9150.000000 7.387510e-18
9152.000000 6.955890e-18
9154.000000 1.061320e-17
9156.000000 1.012580e-17
