3801.340000 2.282070e-16
3802.810000 1.251594e-16
3804.280000 2.882900e-16
3805.750000 3.323479e-16
3807.220000 2.147249e-16
3808.690000 1.647075e-16
3810.160000 1.939552e-16
3811.630000 1.332622e-16
3813.100000 9.850266e-17
3814.570000 3.312324e-16
3816.040000 5.591531e-16
3817.510000 4.792872e-16
3818.980000 2.551994e-16
3820.450000 2.045352e-16
3821.920000 1.533172e-16
3823.390000 9.912486e-17
3824.860000 2.295222e-16
3826.330000 3.565506e-16
3827.800000 2.513857e-16
3829.270000 1.220626e-16
3830.740000 1.148255e-16
3832.210000 1.987688e-16
3833.680000 2.917212e-16
3835.150000 3.213124e-16
3836.620000 1.440824e-16
3838.090000 4.118444e-17
3839.560000 1.352434e-16
3841.030000 1.415766e-16
3842.500000 1.321715e-16
3843.970000 1.753796e-16
3845.440000 8.620213e-17
3848.380000 7.589001e-17
3849.850000 1.734637e-16
3851.320000 1.501300e-16
3852.790000 9.490041e-17
3854.260000 3.331355e-16
3855.730000 3.431897e-16
3857.200000 1.857589e-16
3858.670000 3.038423e-16
3860.140000 1.961149e-16
3861.610000 1.202567e-16
3863.080000 1.685774e-16
3864.550000 2.556817e-16
3866.020000 3.116263e-16
3867.490000 3.438689e-16
3868.960000 4.919885e-16
3870.430000 2.220197e-16
3871.900000 1.177047e-16
3873.370000 3.948926e-17
3874.840000 1.368748e-16
3876.310000 4.938260e-16
3877.780000 4.012544e-16
3879.250000 2.233095e-16
3880.720000 1.306503e-16
3882.190000 2.057215e-16
3883.660000 1.083800e-16
3885.130000 9.213378e-17
3886.600000 1.739679e-16
3888.070000 4.243491e-17
3889.540000 1.140275e-16
3891.010000 1.408125e-16
3892.480000 1.942564e-16
3893.950000 1.394156e-16
3895.420000 3.314068e-17
3896.890000 1.377858e-16
3898.360000 1.081171e-16
3899.830000 5.611669e-17
3901.300000 2.054182e-16
3902.770000 2.567365e-16
3904.240000 2.236741e-16
3905.710000 1.188776e-16
3907.180000 1.817265e-16
3908.650000 1.586503e-16
3910.120000 1.134257e-16
3911.590000 1.395834e-16
3913.060000 1.548951e-16
3914.530000 2.222991e-16
3916.000000 2.800851e-16
3917.470000 1.929276e-16
3918.940000 1.432965e-16
3920.410000 1.107300e-16
3921.880000 2.682892e-16
3923.350000 3.824602e-16
3924.820000 2.381730e-16
3926.290000 1.180280e-16
3927.760000 1.488517e-16
3929.230000 2.056803e-16
3930.700000 1.665191e-16
3932.170000 1.879336e-16
3933.640000 2.243722e-16
3935.110000 2.138585e-16
3936.580000 1.553108e-16
3938.050000 5.114096e-17
3939.520000 1.326964e-16
3940.990000 1.923925e-16
3942.460000 2.155487e-16
3943.930000 2.069776e-16
3945.400000 2.433806e-16
3946.870000 2.103420e-16
3948.340000 1.099010e-16
3949.810000 1.872217e-16
3951.280000 1.694131e-16
3952.750000 2.059000e-16
3954.220000 2.978059e-16
3955.690000 1.769150e-16
3957.160000 2.277002e-16
3958.630000 2.477329e-16
3960.100000 1.637529e-16
3961.570000 2.134517e-16
3963.040000 2.705767e-16
3964.510000 2.065603e-16
3965.980000 1.230224e-16
3967.450000 1.151630e-16
3968.920000 1.768223e-16
3970.390000 1.592785e-16
3971.860000 1.238573e-16
3973.330000 1.956000e-16
3974.800000 2.117463e-16
3976.270000 2.133985e-16
3977.740000 2.631289e-16
3979.210000 2.366217e-16
3980.680000 2.003927e-16
3982.150000 1.877337e-16
3983.620000 1.866519e-16
3985.090000 1.338515e-16
3986.560000 1.593224e-16
3988.030000 1.939432e-16
3989.500000 2.166216e-16
3990.970000 1.193355e-16
3992.440000 4.004382e-18
3993.910000 1.093718e-16
3995.380000 1.771311e-16
3996.850000 1.536481e-16
3998.320000 1.962555e-16
3999.790000 2.020599e-16
4001.260000 1.994229e-16
4002.730000 1.568079e-16
4004.200000 1.310540e-16
4005.670000 1.962494e-16
4007.140000 3.068789e-16
4008.610000 2.709594e-16
4010.080000 1.745334e-16
4011.550000 2.504760e-16
4013.020000 2.119479e-16
4014.490000 1.570345e-16
4015.960000 2.934241e-16
4017.430000 2.457201e-16
4018.900000 1.130542e-16
4020.370000 1.905461e-16
4021.840000 1.698827e-16
4023.310000 2.065566e-16
4024.780000 2.146005e-16
4026.250000 1.779562e-16
4027.720000 1.509095e-16
4029.190000 2.098951e-16
4030.660000 2.526426e-16
4032.130000 2.424878e-16
4033.600000 2.155316e-16
4035.070000 1.914782e-16
4036.540000 2.211596e-16
4038.010000 8.926724e-17
4039.480000 1.727307e-16
4040.950000 2.303166e-16
4042.420000 1.442485e-16
4043.890000 2.000263e-16
4045.360000 2.426363e-16
4046.830000 1.507659e-16
4048.300000 1.979230e-16
4049.770000 2.335600e-16
4051.240000 2.220465e-16
4052.710000 3.073711e-16
4054.180000 2.994453e-16
4055.650000 1.864852e-16
4057.120000 1.680008e-16
4058.590000 2.623728e-16
4060.060000 2.693483e-16
4061.530000 2.094015e-16
4063.000000 1.636962e-16
4064.470000 1.474446e-16
4065.940000 1.990718e-16
4067.410000 1.980659e-16
4068.880000 2.634709e-16
4070.350000 3.254756e-16
4071.820000 2.775230e-16
4073.290000 2.228361e-16
4074.760000 2.604365e-16
4076.230000 2.631858e-16
4077.700000 2.926885e-16
4079.170000 2.274915e-16
4080.640000 9.047729e-17
4082.110000 1.639502e-16
4083.580000 2.661584e-16
4085.050000 2.367356e-16
4086.520000 1.458542e-16
4087.990000 1.388987e-16
4089.460000 1.402404e-16
4090.930000 1.221321e-16
4092.400000 1.313530e-16
4093.870000 1.222673e-16
4095.340000 1.594107e-16
4096.810000 1.791542e-16
4098.280000 1.846710e-16
4099.750000 1.464458e-16
4101.220000 1.768897e-16
4102.690000 1.831279e-16
4104.160000 1.871533e-16
4105.630000 2.804653e-16
4107.100000 2.441135e-16
4108.570000 1.883460e-16
4110.040000 2.517134e-16
4111.510000 2.483332e-16
4112.980000 2.017399e-16
4114.450000 2.066581e-16
4115.920000 2.375861e-16
4117.390000 2.130993e-16
4118.860000 1.478890e-16
4120.330000 1.058503e-16
4121.800000 8.541422e-17
4123.270000 1.805603e-16
4124.740000 1.918630e-16
4126.210000 2.441313e-16
4127.680000 1.857869e-16
4129.150000 1.217033e-16
4130.620000 1.886832e-16
4132.090000 1.938998e-16
4133.560000 1.646802e-16
4135.030000 2.503931e-16
4136.500000 2.084217e-16
4137.970000 2.463383e-16
4139.440000 2.121536e-16
4140.910000 1.854416e-16
4142.380000 1.135676e-16
4143.850000 2.129221e-16
4145.320000 1.130944e-16
4146.790000 9.553601e-17
4148.260000 1.769608e-16
4149.730000 2.353219e-16
4151.200000 1.862436e-16
4152.670000 1.946039e-16
4154.140000 2.324564e-16
4155.610000 1.545346e-16
4157.080000 1.805512e-16
4158.550000 2.343895e-16
4160.020000 2.682573e-16
4161.490000 2.613899e-16
4162.960000 3.336527e-16
4164.430000 2.308539e-16
4165.900000 9.411652e-17
4167.370000 1.046465e-16
4168.840000 2.705163e-16
4170.310000 2.475574e-16
4171.780000 1.425369e-16
4173.250000 1.589377e-16
4174.720000 2.525716e-16
4176.190000 2.858345e-16
4177.660000 2.231443e-16
4179.130000 1.261259e-16
4180.600000 1.056256e-16
4182.070000 9.812532e-17
4183.540000 1.382583e-16
4185.010000 1.940725e-16
4186.480000 2.294353e-16
4187.950000 1.677313e-16
4189.420000 1.806194e-16
4190.890000 1.851108e-16
4192.360000 1.281622e-16
4193.830000 1.429341e-16
4195.300000 2.487102e-16
4196.770000 2.695619e-16
4198.240000 1.918503e-16
4199.710000 1.500876e-16
4201.180000 2.688781e-16
4202.650000 2.310459e-16
4204.120000 1.363352e-16
4205.590000 1.438961e-16
4207.060000 1.772735e-16
4208.530000 2.161417e-16
4210.000000 1.733846e-16
4211.470000 1.772985e-16
4212.940000 1.881567e-16
4214.410000 1.507231e-16
4215.880000 1.415459e-16
4217.350000 1.649175e-16
4218.820000 1.801907e-16
4220.290000 2.130196e-16
4221.760000 2.155169e-16
4223.230000 1.954201e-16
4224.700000 1.976575e-16
4226.170000 1.729530e-16
4227.640000 1.732997e-16
4229.110000 1.373696e-16
4230.580000 1.366863e-16
4232.050000 1.277715e-16
4233.520000 1.660870e-16
4234.990000 1.921688e-16
4236.460000 2.042396e-16
4237.930000 2.146135e-16
4239.400000 1.727842e-16
4240.870000 1.687744e-16
4242.340000 1.357883e-16
4243.810000 1.769845e-16
4245.280000 1.699264e-16
4246.750000 1.266271e-16
4248.220000 1.764457e-16
4249.690000 2.232086e-16
4251.160000 1.556411e-16
4252.630000 1.736355e-16
4254.100000 1.681109e-16
4255.570000 1.872409e-16
4257.040000 1.732021e-16
4258.510000 9.257949e-17
4259.980000 1.202138e-16
4261.450000 1.341754e-16
4262.920000 1.645778e-16
4264.390000 1.503559e-16
4265.860000 1.965290e-16
4267.330000 2.144572e-16
4268.800000 2.161539e-16
4270.270000 2.310121e-16
4271.740000 2.216152e-16
4273.210000 1.756701e-16
4274.680000 1.982306e-16
4276.150000 2.709889e-16
4277.620000 2.767934e-16
4279.090000 2.392372e-16
4280.560000 8.767150e-17
4282.030000 9.888427e-17
4283.500000 1.079278e-16
4284.970000 1.249658e-16
4286.440000 1.907784e-16
4287.910000 1.631513e-16
4289.380000 1.708732e-16
4290.850000 1.806567e-16
4292.320000 2.175900e-16
4293.790000 1.570587e-16
4295.260000 1.462690e-16
4296.730000 1.948545e-16
4298.200000 1.894441e-16
4299.670000 1.486853e-16
4301.140000 1.396039e-16
4302.610000 1.946027e-16
4304.080000 1.924615e-16
4305.550000 1.686344e-16
4307.020000 1.403093e-16
4308.490000 1.442894e-16
4309.960000 1.486963e-16
4311.430000 1.443342e-16
4312.900000 1.671545e-16
4314.370000 2.101245e-16
4315.840000 1.805148e-16
4317.310000 1.039873e-16
4318.780000 1.871291e-16
4320.250000 1.812022e-16
4321.720000 1.458142e-16
4323.190000 1.763200e-16
4324.660000 1.760912e-16
4326.130000 1.753513e-16
4327.600000 1.828405e-16
4329.070000 1.946859e-16
4330.540000 2.103859e-16
4332.010000 1.494960e-16
4333.480000 9.042560e-17
4334.950000 1.885409e-16
4336.420000 1.838544e-16
4337.890000 1.481117e-16
4339.360000 1.614842e-16
4340.830000 2.019167e-16
4342.300000 2.210614e-16
4343.770000 1.712289e-16
4345.240000 1.440174e-16
4346.710000 1.537118e-16
4348.180000 1.814853e-16
4349.650000 2.104594e-16
4351.120000 1.549473e-16
4352.590000 1.106881e-16
4354.060000 1.137243e-16
4355.530000 1.260057e-16
4357.000000 2.372470e-16
4358.470000 2.483578e-16
4359.940000 2.091084e-16
4361.410000 2.106073e-16
4362.880000 1.235280e-16
4364.350000 8.613396e-17
4365.820000 1.239561e-16
4367.290000 1.483774e-16
4368.760000 9.140881e-17
4370.230000 8.653543e-17
4371.700000 1.050928e-16
4373.170000 1.446914e-16
4374.640000 1.632869e-16
4376.110000 1.770016e-16
4377.580000 1.699404e-16
4379.050000 8.171985e-17
4380.520000 1.768301e-16
4381.990000 1.920908e-16
4383.460000 2.049494e-16
4384.930000 2.110839e-16
4386.400000 1.690785e-16
4387.870000 1.587292e-16
4389.340000 2.034334e-16
4390.810000 2.187855e-16
4392.280000 1.848766e-16
4393.750000 1.645968e-16
4395.220000 2.090580e-16
4396.690000 2.105261e-16
4398.160000 1.616456e-16
4399.630000 1.427072e-16
4401.100000 1.484523e-16
4402.570000 1.342011e-16
4404.040000 1.204000e-16
4405.510000 1.300151e-16
4406.980000 1.368551e-16
4408.450000 8.243139e-17
4409.920000 5.358775e-17
4411.390000 1.006276e-16
4412.860000 9.466435e-17
4414.330000 1.515600e-16
4415.800000 1.617250e-16
4417.270000 1.054194e-16
4418.740000 1.522917e-16
4420.210000 1.707619e-16
4421.680000 1.177576e-16
4423.150000 1.521566e-16
4424.620000 1.704747e-16
4426.090000 9.658213e-17
4427.560000 1.208531e-16
4429.030000 1.870625e-16
4430.500000 1.887989e-16
4431.970000 2.103536e-16
4433.440000 1.937205e-16
4434.910000 1.543593e-16
4436.380000 1.971593e-16
4437.850000 1.689893e-16
4439.320000 1.195239e-16
4440.790000 1.234565e-16
4442.260000 1.702841e-16
4443.730000 2.420597e-16
4445.200000 1.945714e-16
4446.670000 1.845646e-16
4448.140000 2.478870e-16
4449.610000 2.247423e-16
4451.080000 2.091681e-16
4452.550000 2.627871e-16
4454.020000 2.481646e-16
4455.490000 1.579884e-16
4456.960000 1.176696e-16
4458.430000 1.522724e-16
4459.900000 1.708880e-16
4461.370000 1.652653e-16
4462.840000 1.800993e-16
4464.310000 1.560502e-16
4465.780000 1.705058e-16
4467.250000 1.208255e-16
4468.720000 1.572287e-16
4470.190000 3.180143e-16
4471.660000 2.153538e-16
4473.130000 8.817846e-17
4474.600000 1.007490e-16
4476.070000 1.428424e-16
4477.540000 2.020873e-16
4479.010000 2.116833e-16
4480.480000 1.398303e-16
4481.950000 1.830075e-16
4483.420000 1.798928e-16
4484.890000 1.485994e-16
4486.360000 1.423790e-16
4487.830000 1.406847e-16
4489.300000 1.910978e-16
4490.770000 1.616414e-16
4492.240000 1.536282e-16
4493.710000 1.285208e-16
4495.180000 1.400379e-16
4496.650000 2.048126e-16
4498.120000 1.362185e-16
4499.590000 1.081405e-16
4501.060000 1.635507e-16
4502.530000 2.129396e-16
4504.000000 1.479400e-16
4505.470000 1.591963e-16
4506.940000 1.789128e-16
4508.410000 1.743843e-16
4509.880000 1.586751e-16
4511.350000 1.821586e-16
4512.820000 9.489561e-17
4514.290000 1.267906e-16
4515.760000 2.060546e-16
4517.230000 1.966151e-16
4518.700000 1.513851e-16
4520.170000 1.636197e-16
4521.640000 1.667272e-16
4523.110000 1.716698e-16
4524.580000 2.098519e-16
4526.050000 1.372253e-16
4527.520000 1.149567e-16
4528.990000 1.322663e-16
4530.460000 1.522827e-16
4531.930000 2.045407e-16
4533.400000 1.453348e-16
4534.870000 1.141410e-16
4536.340000 1.653352e-16
4537.810000 1.734911e-16
4539.280000 1.909935e-16
4540.750000 2.075706e-16
4542.220000 2.128525e-16
4543.690000 2.081528e-16
4545.160000 1.771066e-16
4546.630000 2.541241e-16
4548.100000 1.977077e-16
4549.570000 1.501221e-16
4551.040000 1.980684e-16
4552.510000 1.600133e-16
4553.980000 1.645195e-16
4555.450000 1.295574e-16
4556.920000 1.112424e-16
4558.390000 1.470000e-16
4559.860000 1.868645e-16
4561.330000 1.803064e-16
4562.800000 1.812420e-16
4564.270000 1.623606e-16
4565.740000 2.402487e-16
4567.210000 2.312308e-16
4568.680000 1.842477e-16
4570.150000 2.094870e-16
4571.620000 2.027360e-16
4573.090000 2.563065e-16
4574.560000 2.060617e-16
4576.030000 1.268393e-16
4577.500000 1.992716e-16
4578.970000 1.874607e-16
4580.440000 2.191195e-16
4581.910000 1.946852e-16
4583.380000 1.918685e-16
4584.850000 1.817644e-16
4586.320000 2.119988e-16
4587.790000 1.457635e-16
4589.260000 9.445321e-17
4590.730000 1.635336e-16
4592.200000 2.330724e-16
4593.670000 1.902717e-16
4595.140000 1.617830e-16
4596.610000 1.723873e-16
4598.080000 2.200756e-16
4599.550000 2.195021e-16
4601.020000 2.801639e-16
4602.490000 2.381822e-16
4603.960000 1.732604e-16
4605.430000 1.908608e-16
4606.900000 2.501999e-16
4608.370000 3.016516e-16
4609.840000 3.028606e-16
4611.310000 1.865394e-16
4612.780000 2.277874e-16
4614.250000 2.246304e-16
4615.720000 1.897187e-16
4617.190000 1.836611e-16
4618.660000 2.195118e-16
4620.130000 2.055891e-16
4621.600000 1.470721e-16
4623.070000 1.659819e-16
4624.540000 2.024280e-16
4626.010000 2.185957e-16
4627.480000 2.137606e-16
4628.950000 2.199040e-16
4630.420000 1.558018e-16
4631.890000 2.008777e-16
4633.360000 1.447718e-16
4634.830000 9.698942e-17
4636.300000 1.541436e-16
4637.770000 1.599698e-16
4639.240000 2.086746e-16
4640.710000 2.245935e-16
4642.180000 1.792266e-16
4643.650000 1.955206e-16
4645.120000 2.222583e-16
4646.590000 2.302685e-16
4648.060000 2.432358e-16
4649.530000 1.783292e-16
4651.000000 9.322783e-17
4652.470000 1.219596e-16
4653.940000 1.712443e-16
4655.410000 1.895390e-16
4656.880000 2.068423e-16
4658.350000 1.841960e-16
4659.820000 2.568596e-16
4661.290000 2.426446e-16
4662.760000 2.104990e-16
4664.230000 1.676143e-16
4665.700000 1.541401e-16
4667.170000 1.490688e-16
4668.640000 1.489130e-16
4670.110000 1.008629e-16
4671.580000 1.525576e-16
4673.050000 1.903970e-16
4674.520000 1.834390e-16
4675.990000 2.109786e-16
4677.460000 1.886390e-16
4678.930000 1.112121e-16
4680.400000 1.571887e-16
4681.870000 1.667340e-16
4683.340000 1.383689e-16
4684.810000 1.584313e-16
4686.280000 2.226268e-16
4687.750000 2.285919e-16
4689.220000 1.963164e-16
4690.690000 2.011411e-16
4692.160000 1.598780e-16
4693.630000 1.344239e-16
4695.100000 1.668629e-16
4696.570000 2.613923e-16
4698.040000 2.225576e-16
4699.510000 2.048776e-16
4700.980000 2.459870e-16
4702.450000 2.016653e-16
4703.920000 2.337634e-16
4705.390000 2.519246e-16
4706.860000 1.521128e-16
4708.330000 2.088344e-16
4709.800000 1.968776e-16
4711.270000 1.796093e-16
4712.740000 1.675069e-16
4714.210000 1.276552e-16
4715.680000 1.577041e-16
4717.150000 2.638663e-16
4718.620000 1.894577e-16
4720.090000 1.552038e-16
4721.560000 1.392410e-16
4723.030000 1.871079e-16
4724.500000 2.138288e-16
4725.970000 2.256268e-16
4727.440000 1.882829e-16
4728.910000 2.059561e-16
4730.380000 2.288232e-16
4731.850000 1.594811e-16
4733.320000 1.952722e-16
4734.790000 2.275703e-16
4736.260000 1.790379e-16
4737.730000 1.126223e-16
4739.200000 1.820713e-16
4740.670000 1.964861e-16
4742.140000 1.707353e-16
4743.610000 1.402121e-16
4745.080000 1.027690e-16
4746.550000 1.637822e-16
4748.020000 2.082823e-16
4749.490000 1.847059e-16
4750.960000 2.052177e-16
4752.430000 1.820998e-16
4753.900000 1.854804e-16
4755.370000 1.730509e-16
4756.840000 1.780672e-16
4758.310000 2.128005e-16
4759.780000 2.060608e-16
4761.250000 2.048707e-16
4762.720000 2.114265e-16
4764.190000 1.476692e-16
4765.660000 1.344219e-16
4767.130000 2.104384e-16
4768.600000 1.942230e-16
4770.070000 1.519995e-16
4771.540000 2.193584e-16
4773.010000 2.050550e-16
4774.480000 1.444662e-16
4775.950000 1.154828e-16
4777.420000 1.568592e-16
4778.890000 1.511079e-16
4780.360000 1.399905e-16
4781.830000 1.690803e-16
4783.300000 1.815440e-16
4784.770000 1.443843e-16
4786.240000 1.411991e-16
4787.710000 8.149338e-17
4789.180000 1.798056e-16
4790.650000 2.101046e-16
4792.120000 1.754985e-16
4793.590000 2.146176e-16
4795.060000 1.653400e-16
4796.530000 1.082221e-16
4798.000000 1.557443e-16
4799.470000 2.191814e-16
4800.940000 1.187797e-16
4802.410000 1.359374e-16
4803.880000 1.388606e-16
4805.350000 1.670028e-16
4806.820000 1.172919e-16
4808.290000 2.391452e-16
4809.760000 1.815832e-16
4811.230000 1.706574e-16
4812.700000 2.170817e-16
4814.170000 2.138329e-16
4815.640000 1.747491e-16
4817.110000 1.595994e-16
4818.580000 1.743865e-16
4820.050000 2.159863e-16
4821.520000 1.970070e-16
4822.990000 1.998007e-16
4824.460000 1.640385e-16
4825.930000 2.538271e-16
4827.400000 1.980294e-16
4828.870000 1.025141e-16
4830.340000 2.072257e-16
4831.810000 1.717876e-16
4833.280000 1.120773e-16
4834.750000 2.069348e-16
4836.220000 1.873630e-16
4837.690000 1.100311e-16
4839.160000 1.534079e-16
4840.630000 1.145859e-16
4842.100000 1.354898e-16
4843.570000 2.064419e-16
4845.040000 2.110609e-16
4846.510000 1.525992e-16
4847.980000 1.503446e-16
4849.450000 1.576896e-16
4850.920000 1.916148e-16
4852.390000 1.637924e-16
4853.860000 1.304926e-16
4855.330000 1.596810e-16
4856.800000 1.450184e-16
4858.270000 1.634390e-16
4859.740000 1.528640e-16
4861.210000 1.443791e-16
4862.680000 1.397635e-16
4864.150000 1.674887e-16
4865.620000 1.437475e-16
4867.090000 1.019046e-16
4868.560000 9.803024e-17
4870.030000 1.495157e-16
4871.500000 1.186866e-16
4872.970000 1.358954e-16
4874.440000 1.336000e-16
4875.910000 1.409181e-16
4877.380000 1.477823e-16
4878.850000 1.386962e-16
4880.320000 1.316677e-16
4881.790000 1.102020e-16
4883.260000 1.800559e-16
4884.730000 2.221244e-16
4886.200000 1.812090e-16
4887.670000 1.598442e-16
4889.140000 1.845642e-16
4890.610000 1.362284e-16
4892.080000 1.305117e-16
4893.550000 1.670452e-16
4895.020000 1.693879e-16
4896.490000 1.533956e-16
4897.960000 1.200414e-16
4899.430000 1.437548e-16
4900.900000 1.231201e-16
4902.370000 1.018039e-16
4903.840000 1.772875e-16
4905.310000 1.720418e-16
4906.780000 1.571488e-16
4908.250000 1.630496e-16
4909.720000 1.192396e-16
4911.190000 1.582352e-16
4912.660000 1.326715e-16
4914.130000 1.956964e-16
4915.600000 1.792401e-16
4917.070000 1.287998e-16
4918.540000 1.725577e-16
4920.010000 1.368464e-16
4921.480000 1.267213e-16
4922.950000 1.073196e-16
4924.420000 1.101539e-16
4925.890000 1.289408e-16
4927.360000 1.739552e-16
4928.830000 1.298919e-16
4930.300000 1.271518e-16
4931.770000 1.188271e-16
4933.240000 1.404113e-16
4934.710000 1.495035e-16
4936.180000 1.551631e-16
4937.650000 1.582923e-16
4939.120000 2.040944e-16
4940.590000 2.008667e-16
4942.060000 1.889979e-16
4943.530000 1.902095e-16
4945.000000 1.202368e-16
4946.470000 9.039021e-17
4947.940000 1.386813e-16
4949.410000 1.795591e-16
4950.880000 2.039583e-16
4952.350000 1.023563e-16
4953.820000 1.693397e-16
4955.290000 1.628836e-16
4956.760000 1.144945e-16
4958.230000 1.542267e-16
4959.700000 1.359925e-16
4961.170000 1.117146e-16
4962.640000 1.066354e-16
4964.110000 2.377965e-16
4965.580000 1.829502e-16
4967.050000 8.028147e-17
4968.520000 1.858386e-16
4969.990000 1.217534e-16
4971.460000 1.254383e-16
4972.930000 1.907907e-16
4974.400000 1.453078e-16
4975.870000 1.244926e-16
4977.340000 1.051793e-16
4978.810000 1.022020e-16
4980.280000 1.811054e-16
4981.750000 2.509484e-16
4983.220000 2.555771e-16
4984.690000 2.402300e-16
4986.160000 1.731505e-16
4987.630000 2.091931e-16
4989.100000 2.221817e-16
4990.570000 1.897737e-16
4992.040000 2.108482e-16
4993.510000 1.911183e-16
4994.980000 1.850218e-16
4996.450000 2.375394e-16
4997.920000 2.424050e-16
4999.390000 2.089192e-16
5000.860000 2.026094e-16
5002.330000 2.495594e-16
5003.800000 1.465385e-16
5005.270000 1.465374e-16
5006.740000 1.838102e-16
5008.210000 2.154159e-16
5009.680000 2.112343e-16
5011.150000 2.043607e-16
5012.620000 1.941874e-16
5014.090000 2.296808e-16
5015.560000 2.460967e-16
5017.030000 2.469413e-16
5018.500000 2.128377e-16
5019.970000 2.216718e-16
5021.440000 2.311001e-16
5022.910000 1.652876e-16
5024.380000 1.737937e-16
5025.850000 2.351047e-16
5027.320000 2.642240e-16
5028.790000 2.572260e-16
5030.260000 2.334763e-16
5031.730000 2.191925e-16
5033.200000 2.442096e-16
5034.670000 2.338605e-16
5036.140000 2.245619e-16
5037.610000 2.563469e-16
5039.080000 2.334231e-16
5040.550000 2.147062e-16
5042.020000 1.802348e-16
5043.490000 1.836860e-16
5044.960000 1.653212e-16
5046.430000 2.110068e-16
5047.900000 2.294605e-16
5049.370000 2.049821e-16
5050.840000 1.441282e-16
5052.310000 1.696285e-16
5053.780000 1.591890e-16
5055.250000 1.862211e-16
5056.720000 2.195594e-16
5058.190000 1.898733e-16
5059.660000 1.651794e-16
5061.130000 2.025871e-16
5062.600000 2.222442e-16
5064.070000 2.165660e-16
5065.540000 1.799604e-16
5067.010000 1.675254e-16
5068.480000 2.448885e-16
5069.950000 2.217346e-16
5071.420000 1.918528e-16
5072.890000 1.954306e-16
5074.360000 2.044319e-16
5075.830000 1.609565e-16
5077.300000 1.444838e-16
5078.770000 1.643636e-16
5080.240000 2.185848e-16
5081.710000 1.971138e-16
5083.180000 1.716412e-16
5084.650000 1.683573e-16
5086.120000 1.846629e-16
5087.590000 2.238149e-16
5089.060000 1.586868e-16
5090.530000 1.458523e-16
5092.000000 1.269043e-16
5093.470000 1.047538e-16
5094.940000 1.651770e-16
5096.410000 1.486328e-16
5097.880000 1.703567e-16
5099.350000 1.178262e-16
5100.820000 1.485903e-16
5102.290000 1.846963e-16
5103.760000 1.686371e-16
5105.230000 1.646721e-16
5106.700000 1.819742e-16
5108.170000 1.189022e-16
5109.640000 1.354075e-16
5111.110000 1.316574e-16
5112.580000 1.374873e-16
5114.050000 1.511128e-16
5115.520000 1.682849e-16
5116.990000 1.432176e-16
5118.460000 1.879772e-16
5119.930000 1.912136e-16
5121.400000 1.084256e-16
5122.870000 1.466558e-16
5124.340000 2.003732e-16
5125.810000 1.699307e-16
5127.280000 1.643859e-16
5128.750000 1.617342e-16
5130.220000 1.579625e-16
5131.690000 1.478818e-16
5133.160000 1.393308e-16
5134.630000 1.884460e-16
5136.100000 1.669778e-16
5137.570000 1.585351e-16
5139.040000 1.182828e-16
5140.510000 1.605222e-16
5141.980000 2.188842e-16
5143.450000 1.891030e-16
5144.920000 1.702024e-16
5146.390000 1.590506e-16
5147.860000 2.170435e-16
5149.330000 1.687638e-16
5150.800000 1.243970e-16
5152.270000 1.502622e-16
5153.740000 2.219042e-16
5155.210000 2.018811e-16
5156.680000 1.876940e-16
5158.150000 1.480800e-16
5159.620000 1.547894e-16
5161.090000 1.613778e-16
5162.560000 1.966221e-16
5164.030000 1.923504e-16
5165.500000 2.015604e-16
5166.970000 2.379282e-16
5168.440000 2.113251e-16
5169.910000 1.591808e-16
5171.380000 1.752621e-16
5172.850000 1.920018e-16
5174.320000 1.986510e-16
5175.790000 1.706515e-16
5177.260000 1.277159e-16
5178.730000 1.589122e-16
5180.200000 2.108118e-16
5181.670000 1.669866e-16
5183.140000 1.393656e-16
5184.610000 1.620860e-16
5186.080000 1.317400e-16
5187.550000 1.544664e-16
5189.020000 1.681016e-16
5190.490000 1.686485e-16
5191.960000 1.622226e-16
5193.430000 1.684205e-16
5194.900000 1.765069e-16
5196.370000 1.573850e-16
5197.840000 1.458306e-16
5199.310000 1.854836e-16
5200.780000 1.509027e-16
5202.250000 1.440919e-16
5203.720000 1.593856e-16
5205.190000 1.270419e-16
5206.660000 1.121886e-16
5208.130000 1.405900e-16
5209.600000 1.388008e-16
5211.070000 1.333644e-16
5212.540000 1.373679e-16
5214.010000 1.861608e-16
5215.480000 1.602761e-16
5216.950000 1.628145e-16
5218.420000 1.596072e-16
5219.890000 2.257937e-16
5221.360000 1.707256e-16
5222.830000 1.530301e-16
5224.300000 2.090507e-16
5225.770000 1.648586e-16
5227.240000 1.581400e-16
5228.710000 1.813911e-16
5230.180000 1.282743e-16
5231.650000 1.393388e-16
5233.120000 1.534635e-16
5234.590000 1.409686e-16
5236.060000 1.608234e-16
5237.530000 1.683031e-16
5239.000000 1.906845e-16
5240.470000 1.850984e-16
5241.940000 1.525327e-16
5243.410000 1.991003e-16
5244.880000 2.046439e-16
5246.350000 1.522283e-16
5247.820000 1.527976e-16
5249.290000 1.495920e-16
5250.760000 1.764559e-16
5252.230000 1.924507e-16
5253.700000 1.729664e-16
5255.170000 1.317783e-16
5256.640000 1.786925e-16
5258.110000 2.230557e-16
5259.580000 1.957241e-16
5261.050000 1.657344e-16
5262.520000 1.792343e-16
5263.990000 1.987311e-16
5265.460000 1.926930e-16
5266.930000 1.847792e-16
5268.400000 1.721323e-16
5269.870000 1.436729e-16
5271.340000 1.716305e-16
5272.810000 2.009026e-16
5274.280000 1.965470e-16
5275.750000 2.179424e-16
5277.220000 1.964332e-16
5278.690000 1.801812e-16
5280.160000 1.924434e-16
5281.630000 1.338434e-16
5283.100000 1.340256e-16
5284.570000 1.681519e-16
5286.040000 1.625212e-16
5287.510000 2.322863e-16
5288.980000 2.215514e-16
5290.450000 1.433897e-16
5291.920000 1.381620e-16
5293.390000 1.634147e-16
5294.860000 2.049982e-16
5296.330000 1.697324e-16
5297.800000 1.745825e-16
5299.270000 2.258475e-16
5300.740000 1.762727e-16
5302.210000 1.527908e-16
5303.680000 1.854861e-16
5305.150000 1.996907e-16
5306.620000 1.692330e-16
5308.090000 1.777894e-16
5309.560000 2.133497e-16
5311.030000 2.281868e-16
5312.500000 2.106706e-16
5313.970000 2.133802e-16
5315.440000 2.256066e-16
5316.910000 1.713886e-16
5318.380000 1.733112e-16
5319.850000 2.094955e-16
5321.320000 1.764928e-16
5322.790000 1.572855e-16
5324.260000 1.775878e-16
5325.730000 1.672008e-16
5327.200000 1.802957e-16
5328.670000 2.117453e-16
5330.140000 2.054412e-16
5331.610000 2.175913e-16
5333.080000 2.085547e-16
5334.550000 1.946451e-16
5336.020000 1.609082e-16
5337.490000 1.550883e-16
5338.960000 2.130420e-16
5340.430000 2.372741e-16
5341.900000 2.184640e-16
5343.370000 1.985336e-16
5344.840000 1.945981e-16
5346.310000 1.952587e-16
5347.780000 2.269676e-16
5349.250000 1.822916e-16
5350.720000 1.733600e-16
5352.190000 1.635866e-16
5353.660000 1.950088e-16
5355.130000 2.410262e-16
5356.600000 2.008694e-16
5358.070000 1.908162e-16
5359.540000 2.002930e-16
5361.010000 2.053541e-16
5362.480000 1.985326e-16
5363.950000 2.028902e-16
5365.420000 1.988137e-16
5366.890000 1.751545e-16
5368.360000 1.494601e-16
5369.830000 1.831113e-16
5371.300000 2.148635e-16
5372.770000 1.904690e-16
5374.240000 2.139153e-16
5375.710000 1.924942e-16
5377.180000 1.533368e-16
5378.650000 1.357583e-16
5380.120000 1.751538e-16
5381.590000 2.306360e-16
5383.060000 2.031487e-16
5384.530000 2.143388e-16
5386.000000 2.136264e-16
5387.470000 1.282521e-16
5388.940000 1.315330e-16
5390.410000 2.024716e-16
5391.880000 1.604414e-16
5393.350000 1.893707e-16
5394.820000 1.685825e-16
5396.290000 1.441263e-16
5397.760000 1.737754e-16
5399.230000 2.107490e-16
5400.700000 1.770551e-16
5402.170000 1.794179e-16
5403.640000 1.727337e-16
5405.110000 1.621602e-16
5406.580000 1.722623e-16
5408.050000 1.668795e-16
5409.520000 1.674642e-16
5410.990000 1.822390e-16
5412.460000 1.848918e-16
5413.930000 2.016120e-16
5415.400000 1.821358e-16
5416.870000 1.946625e-16
5418.340000 1.673765e-16
5419.810000 1.669885e-16
5421.280000 2.009898e-16
5422.750000 2.149151e-16
5424.220000 1.787324e-16
5425.690000 1.866777e-16
5427.160000 2.157336e-16
5428.630000 1.917000e-16
5430.100000 2.192897e-16
5431.570000 1.888835e-16
5433.040000 1.519664e-16
5434.510000 1.882861e-16
5435.980000 2.201586e-16
5437.450000 1.753207e-16
5438.920000 2.238482e-16
5440.390000 2.160383e-16
5441.860000 1.808995e-16
5443.330000 1.860226e-16
5444.800000 1.988715e-16
5446.270000 1.833784e-16
5447.740000 2.084085e-16
5449.210000 2.032784e-16
5450.680000 2.031197e-16
5452.150000 1.451377e-16
5453.620000 2.285150e-16
5455.090000 1.996026e-16
5456.560000 1.611731e-16
5458.030000 1.878152e-16
5459.500000 2.724928e-16
5460.970000 1.738327e-16
5462.440000 2.343317e-16
5463.910000 2.119293e-16
5465.380000 1.847921e-16
5466.850000 1.488467e-16
5468.320000 1.871180e-16
5469.790000 1.861958e-16
5471.260000 1.551733e-16
5472.730000 1.988983e-16
5474.200000 2.003609e-16
5475.670000 1.364941e-16
5477.140000 1.260786e-16
5478.610000 1.900164e-16
5480.080000 1.825441e-16
5481.550000 1.979944e-16
5483.020000 1.934639e-16
5484.490000 1.848545e-16
5485.960000 1.530285e-16
5487.430000 1.481367e-16
5488.900000 1.964141e-16
5490.370000 2.587685e-16
5491.840000 1.803528e-16
5493.310000 2.079787e-16
5494.780000 2.102104e-16
5496.250000 1.687317e-16
5497.720000 1.501808e-16
5499.190000 1.670416e-16
5500.660000 1.722511e-16
5502.130000 1.628434e-16
5503.600000 2.040715e-16
5505.070000 2.096040e-16
5506.540000 1.831872e-16
5508.010000 1.928647e-16
5509.480000 1.787603e-16
5510.950000 1.943351e-16
5512.420000 1.888127e-16
5513.890000 2.023116e-16
5515.360000 1.665714e-16
5516.830000 1.720082e-16
5518.300000 1.978808e-16
5519.770000 1.601366e-16
5521.240000 2.025818e-16
5522.710000 1.889586e-16
5524.180000 1.715865e-16
5525.650000 1.890541e-16
5527.120000 2.419367e-16
5528.590000 2.086015e-16
5530.060000 1.676999e-16
5531.530000 1.972184e-16
5533.000000 2.145314e-16
5534.470000 2.186753e-16
5535.940000 2.462988e-16
5537.410000 2.525461e-16
5538.880000 2.096821e-16
5540.350000 1.926432e-16
5541.820000 2.102044e-16
5543.290000 1.876689e-16
5544.760000 2.022420e-16
5546.230000 2.099209e-16
5547.700000 2.092551e-16
5549.170000 2.372694e-16
5550.640000 2.421345e-16
5552.110000 2.216677e-16
5553.580000 2.347591e-16
5555.050000 2.180233e-16
5556.520000 2.019418e-16
5557.990000 1.973828e-16
5559.460000 2.138813e-16
5560.930000 1.801361e-16
5562.400000 2.150341e-16
5563.870000 2.411495e-16
5565.340000 1.865698e-16
5566.810000 2.019127e-16
5568.280000 2.191170e-16
5569.750000 2.272561e-16
5571.220000 2.398092e-16
5572.690000 2.071665e-16
5574.160000 2.361404e-16
5575.630000 2.626087e-16
5577.100000 2.889015e-16
5578.570000 2.385752e-16
5580.040000 1.782198e-16
5581.510000 1.659055e-16
5582.980000 1.679711e-16
5584.450000 1.783749e-16
5585.920000 1.633000e-16
5587.390000 1.648296e-16
5588.860000 2.097702e-16
5590.330000 2.231734e-16
5591.800000 1.938796e-16
5593.270000 1.875064e-16
5594.740000 2.051466e-16
5596.210000 2.114625e-16
5597.680000 1.567114e-16
5599.150000 1.802887e-16
5600.620000 1.623991e-16
5602.090000 1.438992e-16
5603.560000 2.062178e-16
5605.030000 1.647765e-16
5606.500000 1.470021e-16
5607.970000 2.030594e-16
5609.440000 2.014054e-16
5610.910000 1.609031e-16
5612.380000 1.576990e-16
5613.850000 1.777584e-16
5615.320000 1.707751e-16
5616.790000 1.486003e-16
5618.260000 1.761647e-16
5619.730000 1.674667e-16
5621.200000 1.341624e-16
5622.670000 1.547646e-16
5624.140000 1.571725e-16
5625.610000 1.502082e-16
5627.080000 1.673760e-16
5628.550000 1.630876e-16
5630.020000 1.303950e-16
5631.490000 1.353228e-16
5632.960000 1.630613e-16
5634.430000 1.736389e-16
5635.900000 1.786905e-16
5637.370000 1.708208e-16
5638.840000 1.391596e-16
5640.310000 1.500624e-16
5641.780000 1.647248e-16
5643.250000 1.653733e-16
5644.720000 1.808304e-16
5646.190000 1.852276e-16
5647.660000 1.576102e-16
5649.130000 1.981387e-16
5650.600000 1.832123e-16
5652.070000 1.626072e-16
5653.540000 1.728090e-16
5655.010000 1.899691e-16
5656.480000 1.737828e-16
5657.950000 1.775900e-16
5659.420000 1.959862e-16
5660.890000 1.402828e-16
5662.360000 1.429970e-16
5663.830000 2.137161e-16
5665.300000 2.245098e-16
5666.770000 1.673547e-16
5668.240000 1.977377e-16
5669.710000 2.146011e-16
5671.180000 2.063287e-16
5672.650000 1.524414e-16
5674.120000 1.818200e-16
5675.590000 1.723659e-16
5677.060000 1.730543e-16
5678.530000 1.747668e-16
5680.000000 1.770794e-16
5681.470000 9.822028e-17
5682.940000 1.311141e-16
5684.410000 2.071797e-16
5685.880000 2.192445e-16
5687.350000 1.441431e-16
5688.820000 7.209321e-17
5690.290000 9.338087e-17
5691.760000 1.810399e-16
5693.230000 1.367868e-16
5694.700000 1.126998e-16
5696.170000 1.748528e-16
5697.640000 2.159328e-16
5699.110000 1.361061e-16
5700.580000 1.453987e-16
5702.050000 2.020119e-16
5703.520000 1.782630e-16
5704.990000 1.829649e-16
5706.460000 1.714483e-16
5707.930000 1.269869e-16
5709.400000 1.296004e-16
5710.870000 1.828660e-16
5712.340000 1.965326e-16
5713.810000 1.981987e-16
5715.280000 1.824502e-16
5716.750000 1.191924e-16
5718.220000 1.358170e-16
5719.690000 1.363329e-16
5721.160000 1.328018e-16
5722.630000 1.640167e-16
5724.100000 1.347922e-16
5725.570000 1.640551e-16
5727.040000 1.453761e-16
5728.510000 1.599782e-16
5729.980000 1.491409e-16
5731.450000 1.231944e-16
5732.920000 9.148344e-17
5734.390000 1.263956e-16
5735.860000 1.503453e-16
5737.330000 1.148230e-16
5738.800000 6.435100e-17
5740.270000 1.134127e-16
5741.740000 1.480853e-16
5743.210000 8.420872e-17
5744.680000 9.448593e-17
5746.150000 1.109590e-16
5747.620000 1.233428e-16
5749.090000 8.381485e-17
5750.560000 1.174572e-16
5752.030000 1.106464e-16
5753.500000 1.017356e-16
5754.970000 1.359906e-16
5756.440000 1.390045e-16
5757.910000 9.525812e-17
5759.380000 1.219591e-16
5760.850000 1.473901e-16
5762.320000 6.936445e-17
5763.790000 1.247284e-16
5765.260000 1.430593e-16
5766.730000 8.948140e-17
5768.200000 1.403528e-16
5769.670000 1.709888e-16
5771.140000 1.254196e-16
5772.610000 9.829776e-17
5774.080000 1.517443e-16
5775.550000 1.418610e-16
5777.020000 1.230374e-16
5778.490000 9.037156e-17
5779.960000 7.951268e-17
5781.430000 8.465499e-17
5782.900000 6.692880e-17
5784.370000 1.096104e-16
5785.840000 1.159239e-16
5787.310000 8.243497e-17
5788.780000 7.673714e-17
5790.250000 8.758947e-17
5791.720000 1.016841e-16
5793.190000 1.445396e-16
5794.660000 1.536944e-16
5796.130000 1.677561e-16
5797.600000 1.653152e-16
5799.070000 1.384892e-16
5800.540000 1.383381e-16
5802.010000 1.138959e-16
5803.480000 1.296471e-16
5804.950000 1.376171e-16
5806.420000 1.033680e-16
5807.890000 1.034537e-16
5809.360000 1.365852e-16
5810.830000 1.328280e-16
5812.300000 1.918673e-16
5813.770000 1.877987e-16
5815.240000 1.141673e-16
5816.710000 1.065323e-16
5818.180000 1.227822e-16
5819.650000 1.934134e-16
5821.120000 1.972670e-16
5822.590000 1.406927e-16
5824.060000 1.332270e-16
5825.530000 1.289510e-16
5827.000000 1.643320e-16
5828.470000 2.249419e-16
5829.940000 2.164656e-16
5831.410000 1.512060e-16
5832.880000 1.599924e-16
5834.350000 1.962297e-16
5835.820000 2.165282e-16
5837.290000 2.457244e-16
5838.760000 2.129910e-16
5840.230000 1.753715e-16
5841.700000 1.937021e-16
5843.170000 1.768774e-16
5844.640000 1.985118e-16
5846.110000 2.187540e-16
5847.580000 2.033981e-16
5849.050000 2.612947e-16
5850.520000 2.811819e-16
5851.990000 2.525320e-16
5853.460000 1.948889e-16
5854.930000 2.252811e-16
5856.400000 2.147218e-16
5857.870000 2.240196e-16
5859.340000 2.362662e-16
5860.810000 2.182478e-16
5862.280000 2.318520e-16
5863.750000 2.646077e-16
5865.220000 2.131173e-16
5866.690000 2.615732e-16
5868.160000 3.001568e-16
5869.630000 2.528576e-16
5871.100000 2.565782e-16
5872.570000 2.757170e-16
5874.040000 2.846493e-16
5875.510000 2.805639e-16
5876.980000 2.949714e-16
5878.450000 2.464017e-16
5879.920000 2.810585e-16
5881.390000 2.740482e-16
5882.860000 2.550745e-16
5884.330000 2.463086e-16
5885.800000 2.659381e-16
5887.270000 2.345953e-16
5888.740000 2.978353e-16
5890.210000 3.216439e-16
5891.680000 2.706285e-16
5893.150000 2.994853e-16
5894.620000 2.880861e-16
5896.090000 2.696427e-16
5897.560000 3.349132e-16
5899.030000 3.306478e-16
5900.500000 2.949644e-16
5901.970000 3.083146e-16
5903.440000 2.645741e-16
5904.910000 2.989066e-16
5906.380000 2.898547e-16
5907.850000 2.690549e-16
5909.320000 2.430086e-16
5910.790000 2.181314e-16
5912.260000 2.312570e-16
5913.730000 2.774579e-16
5915.200000 2.216154e-16
5916.670000 2.324927e-16
5918.140000 2.383929e-16
5919.610000 2.522791e-16
5921.080000 2.370030e-16
5922.550000 2.146627e-16
5924.020000 2.049790e-16
5925.490000 2.302515e-16
5926.960000 2.395558e-16
5928.430000 2.519809e-16
5929.900000 1.824274e-16
5931.370000 2.588162e-16
5932.840000 2.875018e-16
5934.310000 2.665199e-16
5935.780000 2.280400e-16
5937.250000 1.878280e-16
5938.720000 2.719980e-16
5940.190000 2.700021e-16
5941.660000 2.352233e-16
5943.130000 2.110427e-16
5944.600000 2.474775e-16
5946.070000 2.307279e-16
5947.540000 2.005910e-16
5949.010000 2.220510e-16
5950.480000 2.102126e-16
5951.950000 1.704629e-16
5953.420000 2.434266e-16
5954.890000 2.422363e-16
5956.360000 2.163934e-16
5957.830000 2.521587e-16
5959.300000 2.036216e-16
5960.770000 2.102847e-16
5962.240000 1.695074e-16
5963.710000 1.845871e-16
5965.180000 2.009927e-16
5966.650000 2.077415e-16
5968.120000 2.676143e-16
5969.590000 3.007859e-16
5971.060000 2.071535e-16
5972.530000 2.391653e-16
5974.000000 2.279033e-16
5975.470000 2.277127e-16
5976.940000 2.280097e-16
5978.410000 2.437518e-16
5979.880000 2.184564e-16
5981.350000 1.799139e-16
5982.820000 1.727258e-16
5984.290000 1.993158e-16
5985.760000 2.142871e-16
5987.230000 1.956624e-16
5988.700000 2.289593e-16
5990.170000 2.355164e-16
5991.640000 2.471544e-16
5993.110000 1.458692e-16
5994.580000 1.705184e-16
5996.050000 2.209943e-16
5997.520000 1.735718e-16
5998.990000 1.941132e-16
6000.460000 2.067325e-16
6001.930000 1.631553e-16
6003.400000 1.735681e-16
6004.870000 2.169968e-16
6006.340000 2.240131e-16
6007.810000 2.170706e-16
6009.280000 1.941953e-16
6010.750000 1.689021e-16
6012.220000 2.071936e-16
6013.690000 2.002525e-16
6015.160000 1.583258e-16
6016.630000 1.826174e-16
6018.100000 1.966327e-16
6019.570000 2.005736e-16
6021.040000 2.030898e-16
6022.510000 2.211756e-16
6023.980000 2.234988e-16
6025.450000 2.103995e-16
6026.920000 2.139209e-16
6028.390000 1.990142e-16
6029.860000 1.936640e-16
6031.330000 1.782043e-16
6032.800000 1.753012e-16
6034.270000 1.868966e-16
6035.740000 1.979109e-16
6037.210000 2.235903e-16
6038.680000 2.169347e-16
6040.150000 1.893694e-16
6041.620000 2.017487e-16
6043.090000 2.019498e-16
6044.560000 1.887624e-16
6046.030000 1.817502e-16
6047.500000 1.747323e-16
6048.970000 1.823263e-16
6050.440000 1.656852e-16
6051.910000 1.933775e-16
6053.380000 2.153109e-16
6054.850000 2.039763e-16
6056.320000 2.013686e-16
6057.790000 2.104986e-16
6059.260000 1.861584e-16
6060.730000 1.870204e-16
6062.200000 2.008208e-16
6063.670000 1.913426e-16
6065.140000 2.248188e-16
6066.610000 2.583784e-16
6068.080000 2.286017e-16
6069.550000 1.895266e-16
6071.020000 2.088968e-16
6072.490000 1.764644e-16
6073.960000 1.907839e-16
6075.430000 2.209336e-16
6076.900000 1.904023e-16
6078.370000 1.380033e-16
6079.840000 1.822280e-16
6081.310000 1.968298e-16
6082.780000 1.959277e-16
6084.250000 2.053553e-16
6085.720000 1.753863e-16
6087.190000 1.716143e-16
6088.660000 1.895428e-16
6090.130000 1.975873e-16
6091.600000 1.980170e-16
6093.070000 1.559729e-16
6094.540000 1.917736e-16
6096.010000 1.766258e-16
6097.480000 1.423923e-16
6098.950000 9.177902e-17
6100.420000 1.102678e-16
6101.890000 1.126788e-16
6103.360000 1.198338e-16
6104.830000 1.330937e-16
6106.300000 1.336219e-16
6107.770000 1.479776e-16
6109.240000 2.043652e-16
6110.710000 1.833773e-16
6112.180000 1.697145e-16
6113.650000 1.465516e-16
6115.120000 2.029151e-16
6116.590000 1.648004e-16
6118.060000 1.402148e-16
6119.530000 1.853774e-16
6121.000000 1.925710e-16
6122.470000 1.594962e-16
6123.940000 1.029716e-16
6125.410000 1.174899e-16
6126.880000 1.772169e-16
6128.350000 1.961712e-16
6129.820000 1.823538e-16
6131.290000 1.850474e-16
6132.760000 1.716313e-16
6134.230000 1.637181e-16
6135.700000 1.776245e-16
6137.170000 1.829092e-16
6138.640000 1.642729e-16
6140.110000 2.338868e-16
6141.580000 2.222619e-16
6143.050000 2.015259e-16
6144.520000 1.785098e-16
6145.990000 1.793463e-16
6147.460000 1.884287e-16
6148.930000 2.028745e-16
6150.400000 1.710461e-16
6151.870000 2.008685e-16
6153.340000 2.311158e-16
6154.810000 2.502315e-16
6156.280000 2.333683e-16
6157.750000 1.798119e-16
6159.220000 1.720668e-16
6160.690000 1.628776e-16
6162.160000 1.666867e-16
6163.630000 1.532803e-16
6165.100000 1.518195e-16
6166.570000 1.365558e-16
6168.040000 1.398666e-16
6169.510000 2.118944e-16
6170.980000 1.984665e-16
6172.450000 1.957437e-16
6173.920000 2.173029e-16
6175.390000 1.661865e-16
6176.860000 1.483857e-16
6178.330000 1.398986e-16
6179.800000 1.589184e-16
6181.270000 1.448156e-16
6182.740000 1.707104e-16
6184.210000 1.713062e-16
6185.680000 1.646092e-16
6187.150000 1.754214e-16
6188.620000 1.652944e-16
6190.090000 1.543443e-16
6191.560000 1.428804e-16
6193.030000 1.607876e-16
6194.500000 1.783608e-16
6195.970000 1.625973e-16
6197.440000 1.708747e-16
6198.910000 1.990664e-16
6200.380000 1.631931e-16
6201.850000 1.630500e-16
6203.320000 1.535053e-16
6204.790000 1.664309e-16
6206.260000 1.683285e-16
6207.730000 1.547310e-16
6209.200000 1.849965e-16
6210.670000 1.869211e-16
6212.140000 2.081316e-16
6213.610000 2.154483e-16
6215.080000 1.726282e-16
6216.550000 1.678140e-16
6218.020000 1.862975e-16
6219.490000 1.805150e-16
6220.960000 1.747785e-16
6222.430000 1.753883e-16
6223.900000 1.593990e-16
6225.370000 1.345985e-16
6226.840000 1.545565e-16
6228.310000 1.854756e-16
6229.780000 1.643889e-16
6231.250000 1.401643e-16
6232.720000 1.788613e-16
6234.190000 2.034047e-16
6235.660000 1.621571e-16
6237.130000 1.698880e-16
6238.600000 2.150764e-16
6240.070000 1.920638e-16
6241.540000 1.603021e-16
6243.010000 1.663918e-16
6244.480000 1.622172e-16
6245.950000 1.705436e-16
6247.420000 1.956270e-16
6248.890000 1.944863e-16
6250.360000 1.464692e-16
6251.830000 1.416890e-16
6253.300000 1.921252e-16
6254.770000 2.268761e-16
6256.240000 2.071052e-16
6257.710000 1.803804e-16
6259.180000 1.708941e-16
6260.650000 1.658880e-16
6262.120000 1.659869e-16
6263.590000 1.664469e-16
6265.060000 1.663131e-16
6266.530000 1.722329e-16
6268.000000 1.570680e-16
6269.470000 1.780284e-16
6270.940000 1.762092e-16
6272.410000 1.806831e-16
6273.880000 1.835181e-16
6275.350000 1.982027e-16
6276.820000 1.975123e-16
6278.290000 2.118718e-16
6279.760000 1.686147e-16
6281.230000 1.394294e-16
6282.700000 1.690772e-16
6284.170000 1.635011e-16
6285.640000 1.375738e-16
6287.110000 1.081230e-16
6288.580000 1.055753e-16
6290.050000 1.711576e-16
6291.520000 1.796935e-16
6292.990000 1.914665e-16
6294.460000 1.902786e-16
6295.930000 1.718573e-16
6297.400000 2.046956e-16
6298.870000 1.686635e-16
6300.340000 1.784244e-16
6301.810000 2.191689e-16
6303.280000 1.857312e-16
6304.750000 1.893500e-16
6306.220000 1.486591e-16
6307.690000 1.831493e-16
6309.160000 2.185253e-16
6310.630000 1.467682e-16
6312.100000 1.700820e-16
6313.570000 1.724029e-16
6315.040000 1.949065e-16
6316.510000 1.870017e-16
6317.980000 1.501878e-16
6319.450000 1.906757e-16
6320.920000 1.669112e-16
6322.390000 1.259195e-16
6323.860000 9.709382e-17
6325.330000 1.200630e-16
6326.800000 1.617746e-16
6328.270000 1.404287e-16
6329.740000 1.802866e-16
6331.210000 1.768659e-16
6332.680000 1.454784e-16
6334.150000 1.513739e-16
6335.620000 1.720327e-16
6337.090000 1.793630e-16
6338.560000 1.357006e-16
6340.030000 1.691487e-16
6341.500000 1.719938e-16
6342.970000 1.665031e-16
6344.440000 1.742654e-16
6345.910000 1.639862e-16
6347.380000 1.371961e-16
6348.850000 1.055165e-16
6350.320000 1.374661e-16
6351.790000 1.401679e-16
6353.260000 1.133745e-16
6354.730000 1.138461e-16
6356.200000 1.615226e-16
6357.670000 1.274828e-16
6359.140000 7.567250e-17
6360.610000 8.394599e-17
6362.080000 1.178453e-16
6363.550000 1.265321e-16
6365.020000 7.537619e-17
6366.490000 9.790704e-17
6367.960000 1.195053e-16
6369.430000 1.042459e-16
6370.900000 1.014209e-16
6372.370000 1.025792e-16
6373.840000 1.403282e-16
6375.310000 1.181715e-16
6376.780000 1.110033e-16
6378.250000 9.378156e-17
6379.720000 9.842014e-17
6381.190000 9.470959e-17
6382.660000 1.095094e-16
6384.130000 1.458284e-16
6385.600000 1.301622e-16
6387.070000 8.866124e-17
6388.540000 1.004405e-16
6390.010000 8.396720e-17
6391.480000 9.787960e-17
6392.950000 7.179904e-17
6394.420000 9.776221e-17
6395.890000 1.232220e-16
6397.360000 1.123128e-16
6398.830000 1.435613e-16
6400.300000 1.561564e-16
6401.770000 1.546154e-16
6403.240000 1.408335e-16
6404.710000 1.415729e-16
6406.180000 1.636219e-16
6407.650000 1.445033e-16
6409.120000 1.485345e-16
6410.590000 1.405014e-16
6412.060000 1.241857e-16
6413.530000 1.419573e-16
6415.000000 1.483975e-16
6416.470000 1.569608e-16
6417.940000 1.804925e-16
6419.410000 1.940739e-16
6420.880000 1.599632e-16
6422.350000 1.493050e-16
6423.820000 1.703243e-16
6425.290000 1.656755e-16
6426.760000 1.828893e-16
6428.230000 1.948537e-16
6429.700000 1.821744e-16
6431.170000 1.804180e-16
6432.640000 1.736140e-16
6434.110000 1.874236e-16
6435.580000 2.007408e-16
6437.050000 1.679054e-16
6438.520000 1.531152e-16
6439.990000 1.747665e-16
6441.460000 1.847756e-16
6442.930000 1.911694e-16
6444.400000 1.883192e-16
6445.870000 1.657453e-16
6447.340000 1.795288e-16
6448.810000 1.867667e-16
6450.280000 1.874635e-16
6451.750000 1.786422e-16
6453.220000 1.591160e-16
6454.690000 1.257036e-16
6456.160000 1.414893e-16
6457.630000 1.678980e-16
6459.100000 1.669000e-16
6460.570000 1.603325e-16
6462.040000 1.563656e-16
6463.510000 1.814341e-16
6464.980000 1.931904e-16
6466.450000 1.959317e-16
6467.920000 1.873996e-16
6469.390000 2.019899e-16
6470.860000 2.031221e-16
6472.330000 2.219271e-16
6473.800000 2.083959e-16
6475.270000 1.776962e-16
6476.740000 1.820342e-16
6478.210000 2.111477e-16
6479.680000 1.811345e-16
6481.150000 1.767540e-16
6482.620000 1.799011e-16
6484.090000 1.916481e-16
6485.560000 1.939683e-16
6487.030000 1.494835e-16
6488.500000 1.782248e-16
6489.970000 2.182441e-16
6491.440000 1.936515e-16
6492.910000 1.650554e-16
6494.380000 1.929309e-16
6495.850000 2.116736e-16
6497.320000 1.925561e-16
6498.790000 1.892057e-16
6500.260000 2.057251e-16
6501.730000 2.219582e-16
6503.200000 1.950291e-16
6504.670000 2.234727e-16
6506.140000 2.490621e-16
6507.610000 2.186829e-16
6509.080000 1.748825e-16
6510.550000 1.535627e-16
6512.020000 1.761608e-16
6513.490000 1.625403e-16
6514.960000 1.841503e-16
6516.430000 1.866620e-16
6517.900000 1.857451e-16
6519.370000 1.734538e-16
6520.840000 1.897924e-16
6522.310000 1.845394e-16
6523.780000 1.540412e-16
6525.250000 1.323513e-16
6526.720000 1.452033e-16
6528.190000 1.880790e-16
6529.660000 1.609006e-16
6531.130000 1.589848e-16
6532.600000 1.623351e-16
6534.070000 1.531377e-16
6535.540000 1.521124e-16
6537.010000 1.750368e-16
6538.480000 1.793735e-16
6539.950000 1.817959e-16
6541.420000 1.983088e-16
6542.890000 1.757466e-16
6544.360000 1.536826e-16
6545.830000 1.889983e-16
6547.300000 1.825086e-16
6548.770000 1.717565e-16
6550.240000 1.998157e-16
6551.710000 2.189276e-16
6553.180000 2.050522e-16
6554.650000 1.891746e-16
6556.120000 1.436081e-16
6557.590000 1.345495e-16
6559.060000 1.535386e-16
6560.530000 1.526962e-16
6562.000000 1.578642e-16
6563.470000 1.816212e-16
6564.940000 1.571650e-16
6566.410000 1.376918e-16
6567.880000 1.126810e-16
6569.350000 1.323809e-16
6570.820000 1.149847e-16
6572.290000 1.205517e-16
6573.760000 1.169287e-16
6575.230000 1.006108e-16
6576.700000 1.020753e-16
6578.170000 1.143824e-16
6579.640000 1.409473e-16
6581.110000 1.640639e-16
6582.580000 1.946296e-16
6584.050000 1.992262e-16
6585.520000 1.771562e-16
6586.990000 1.094920e-16
6588.460000 7.182348e-17
6589.930000 1.143850e-16
6591.400000 1.494812e-16
6592.870000 1.332026e-16
6594.340000 2.001178e-16
6595.810000 2.786501e-16
6597.280000 2.968456e-16
6598.750000 3.596632e-16
6600.220000 3.196080e-16
6601.690000 1.758072e-16
6603.160000 1.090201e-16
6604.630000 1.222564e-16
6606.100000 1.339880e-16
6607.570000 1.684911e-16
6609.040000 1.704211e-16
6610.510000 1.515985e-16
6611.980000 1.591506e-16
6613.450000 1.388422e-16
6614.920000 1.427604e-16
6616.390000 1.991750e-16
6617.860000 2.276956e-16
6619.330000 2.316721e-16
6620.800000 2.056578e-16
6622.270000 1.623387e-16
6623.740000 1.557201e-16
6625.210000 1.610451e-16
6626.680000 1.718670e-16
6628.150000 2.032827e-16
6629.620000 2.080480e-16
6631.090000 1.957913e-16
6632.560000 1.965708e-16
6634.030000 1.857883e-16
6635.500000 2.005094e-16
6636.970000 1.849911e-16
6638.440000 1.605148e-16
6639.910000 1.957806e-16
6641.380000 2.007847e-16
6642.850000 1.751359e-16
6644.320000 1.928376e-16
6645.790000 2.209640e-16
6647.260000 1.808053e-16
6648.730000 1.800412e-16
6650.200000 2.011454e-16
6651.670000 1.823118e-16
6653.140000 1.832618e-16
6654.610000 2.016146e-16
6656.080000 2.218916e-16
6657.550000 2.286726e-16
6659.020000 2.051451e-16
6660.490000 2.025571e-16
6661.960000 2.302152e-16
6663.430000 2.458943e-16
6664.900000 2.270411e-16
6666.370000 1.992173e-16
6667.840000 1.909135e-16
6669.310000 1.797463e-16
6670.780000 1.739243e-16
6672.250000 1.989016e-16
6673.720000 2.024036e-16
6675.190000 2.222956e-16
6676.660000 1.882595e-16
6678.130000 1.870125e-16
6679.600000 2.009505e-16
6681.070000 2.322663e-16
6682.540000 2.143069e-16
6684.010000 2.100212e-16
6685.480000 2.166153e-16
6686.950000 1.979992e-16
6688.420000 1.789610e-16
6689.890000 1.596189e-16
6691.360000 1.641675e-16
6692.830000 2.005517e-16
6694.300000 2.250292e-16
6695.770000 2.329110e-16
6697.240000 1.972669e-16
6698.710000 1.833532e-16
6700.180000 1.923728e-16
6701.650000 1.966152e-16
6703.120000 1.837727e-16
6704.590000 1.737827e-16
6706.060000 1.929271e-16
6707.530000 1.958613e-16
6709.000000 1.888069e-16
6710.470000 1.863869e-16
6711.940000 1.811914e-16
6713.410000 2.051360e-16
6714.880000 2.244951e-16
6716.350000 2.031220e-16
6717.820000 2.232071e-16
6719.290000 2.150566e-16
6720.760000 1.755849e-16
6722.230000 1.588941e-16
6723.700000 1.462269e-16
6725.170000 1.790826e-16
6726.640000 1.924617e-16
6728.110000 1.569677e-16
6729.580000 1.517369e-16
6731.050000 1.656562e-16
6732.520000 1.872805e-16
6733.990000 1.721555e-16
6735.460000 1.627088e-16
6736.930000 1.648578e-16
6738.400000 1.708289e-16
6739.870000 1.635212e-16
6741.340000 1.885793e-16
6742.810000 1.846213e-16
6744.280000 1.912287e-16
6745.750000 1.891253e-16
6747.220000 1.572456e-16
6748.690000 1.646396e-16
6750.160000 2.090326e-16
6751.630000 1.980118e-16
6753.100000 1.835850e-16
6754.570000 1.830342e-16
6756.040000 2.079533e-16
6757.510000 1.944745e-16
6758.980000 1.987546e-16
6760.450000 1.865862e-16
6761.920000 1.596963e-16
6763.390000 1.705204e-16
6764.860000 1.925668e-16
6766.330000 2.032675e-16
6767.800000 2.027745e-16
6769.270000 1.858871e-16
6770.740000 1.977013e-16
6772.210000 2.034275e-16
6773.680000 1.563533e-16
6775.150000 1.405507e-16
6776.620000 1.539675e-16
6778.090000 1.529092e-16
6779.560000 1.441920e-16
6781.030000 1.420362e-16
6782.500000 1.687092e-16
6783.970000 1.730590e-16
6785.440000 1.844420e-16
6786.910000 1.897436e-16
6788.380000 1.709351e-16
6789.850000 1.484197e-16
6791.320000 1.344006e-16
6792.790000 1.680601e-16
6794.260000 2.037684e-16
6795.730000 1.557443e-16
6797.200000 1.205727e-16
6798.670000 1.437089e-16
6800.140000 1.623071e-16
6801.610000 1.711480e-16
6803.080000 1.669437e-16
6804.550000 1.541739e-16
6806.020000 1.670674e-16
6807.490000 1.368754e-16
6808.960000 1.133050e-16
6810.430000 1.458493e-16
6811.900000 1.743100e-16
6813.370000 1.390186e-16
6814.840000 1.306247e-16
6816.310000 1.591193e-16
6817.780000 1.611979e-16
6819.250000 1.457859e-16
6820.720000 1.389921e-16
6822.190000 1.435106e-16
6823.660000 1.679683e-16
6825.130000 1.669818e-16
6826.600000 1.233908e-16
6828.070000 1.376337e-16
6829.540000 1.525894e-16
6831.010000 1.379346e-16
6832.480000 1.664163e-16
6833.950000 1.390376e-16
6835.420000 9.419358e-17
6836.890000 1.411299e-16
6838.360000 1.687106e-16
6839.830000 1.641432e-16
6841.300000 1.816754e-16
6842.770000 1.780384e-16
6844.240000 1.557551e-16
6845.710000 1.472311e-16
6847.180000 1.369342e-16
6848.650000 1.283943e-16
6850.120000 1.207805e-16
6851.590000 1.180756e-16
6853.060000 1.310335e-16
6854.530000 1.388004e-16
6856.000000 1.609770e-16
6857.470000 1.618879e-16
6858.940000 1.295729e-16
6860.410000 1.362067e-16
6861.880000 1.653145e-16
6863.350000 1.681023e-16
6864.820000 1.520691e-16
6866.290000 1.259064e-16
6867.760000 1.364331e-16
6869.230000 1.546988e-16
6870.700000 1.324226e-16
6872.170000 1.600933e-16
6873.640000 1.633478e-16
6875.110000 1.315569e-16
6876.580000 1.593330e-16
6878.050000 1.818455e-16
6879.520000 1.663247e-16
6880.990000 1.570604e-16
6882.460000 1.393744e-16
6883.930000 1.204892e-16
6885.400000 1.324685e-16
6886.870000 1.530168e-16
6888.340000 1.249603e-16
6889.810000 1.188836e-16
6891.280000 1.302090e-16
6892.750000 7.098160e-17
6894.220000 7.600394e-17
6895.690000 1.514532e-16
6897.160000 1.618786e-16
6898.630000 1.559798e-16
6900.100000 1.582540e-16
6901.570000 1.836522e-16
6903.040000 1.682052e-16
6904.510000 1.505943e-16
6905.980000 1.297472e-16
6907.450000 1.079608e-16
6908.920000 8.493411e-17
6910.390000 9.017543e-17
6911.860000 1.223186e-16
6913.330000 1.170572e-16
6914.800000 9.487554e-17
6916.270000 1.031887e-16
6917.740000 1.130645e-16
6919.210000 1.148743e-16
6920.680000 1.335280e-16
6922.150000 1.384119e-16
6923.620000 1.373274e-16
6925.090000 1.071668e-16
6926.560000 1.336977e-16
6928.030000 1.380846e-16
6929.500000 1.186364e-16
6930.970000 1.501259e-16
6932.440000 1.738020e-16
6933.910000 1.313934e-16
6935.380000 1.448036e-16
6936.850000 1.514095e-16
6938.320000 1.130402e-16
6939.790000 6.963707e-17
6941.260000 9.153072e-17
6942.730000 1.090355e-16
6944.200000 8.521647e-17
6945.670000 1.022447e-16
6947.140000 1.395460e-16
6948.610000 1.361575e-16
6950.080000 1.153865e-16
6951.550000 1.711490e-16
6953.020000 1.445148e-16
6954.490000 1.275452e-16
6955.960000 1.439011e-16
6957.430000 1.221471e-16
6958.900000 1.065882e-16
6960.370000 1.313909e-16
6961.840000 1.365734e-16
6963.310000 1.100343e-16
6964.780000 1.205361e-16
6966.250000 1.148445e-16
6967.720000 9.653412e-17
6969.190000 1.073623e-16
6970.660000 1.298684e-16
6972.130000 9.768394e-17
6973.600000 8.002384e-17
6975.070000 8.964877e-17
6976.540000 1.623142e-16
6978.010000 1.986699e-16
6979.480000 1.443740e-16
6980.950000 1.148773e-16
6982.420000 1.633725e-16
6983.890000 1.790617e-16
6985.360000 1.659776e-16
6986.830000 1.543592e-16
6988.300000 1.586970e-16
6989.770000 1.604784e-16
6991.240000 1.633225e-16
6992.710000 1.680836e-16
6994.180000 1.523920e-16
6995.650000 1.894831e-16
6997.120000 2.098974e-16
6998.590000 1.661659e-16
7000.060000 1.396746e-16
7001.530000 1.635057e-16
7003.000000 1.924514e-16
7004.470000 1.934984e-16
7005.940000 1.627567e-16
7007.410000 1.779337e-16
7008.880000 1.918168e-16
7010.350000 1.794531e-16
7011.820000 1.919030e-16
7013.290000 2.028301e-16
7014.760000 2.050175e-16
7016.230000 2.165501e-16
7017.700000 2.060413e-16
7019.170000 2.854289e-16
7020.640000 3.243517e-16
7022.110000 2.779756e-16
7023.580000 2.107973e-16
7025.050000 1.687126e-16
7026.520000 2.266480e-16
7027.990000 2.242758e-16
7029.460000 1.847005e-16
7030.930000 2.031825e-16
7032.400000 2.293630e-16
7033.870000 2.503536e-16
7035.340000 2.262790e-16
7036.810000 2.229282e-16
7038.280000 2.318117e-16
7039.750000 2.024378e-16
7041.220000 1.942661e-16
7042.690000 2.149998e-16
7044.160000 2.201947e-16
7045.630000 2.215282e-16
7047.100000 2.598380e-16
7048.570000 2.656906e-16
7050.040000 2.212367e-16
7051.510000 2.081286e-16
7052.980000 2.067368e-16
7054.450000 2.051669e-16
7055.920000 1.950252e-16
7057.390000 1.705983e-16
7058.860000 1.925952e-16
7060.330000 2.312635e-16
7061.800000 2.248274e-16
7063.270000 2.204999e-16
7064.740000 2.381600e-16
7066.210000 2.297915e-16
7067.680000 2.071317e-16
7069.150000 2.032925e-16
7070.620000 2.191299e-16
7072.090000 2.051164e-16
7073.560000 2.038650e-16
7075.030000 2.015335e-16
7076.500000 2.005990e-16
7077.970000 2.369178e-16
7079.440000 2.160495e-16
7080.910000 1.786907e-16
7082.380000 1.943733e-16
7083.850000 2.094041e-16
7085.320000 2.034842e-16
7086.790000 2.024989e-16
7088.260000 1.925769e-16
7089.730000 1.826791e-16
7091.200000 1.810705e-16
7092.670000 1.596637e-16
7094.140000 1.798207e-16
7095.610000 2.124223e-16
7097.080000 1.975266e-16
7098.550000 1.958203e-16
7100.020000 1.869777e-16
7101.490000 1.650565e-16
7102.960000 1.729271e-16
7104.430000 1.765407e-16
7105.900000 1.770453e-16
7107.370000 1.936691e-16
7108.840000 1.846294e-16
7110.310000 1.794571e-16
7111.780000 1.993870e-16
7113.250000 2.060161e-16
7114.720000 2.092414e-16
7116.190000 2.276631e-16
7117.660000 2.039847e-16
7119.130000 1.890497e-16
7120.600000 1.838422e-16
7122.070000 1.752807e-16
7123.540000 1.773863e-16
7125.010000 1.596428e-16
7126.480000 1.600750e-16
7127.950000 1.604553e-16
7129.420000 1.467505e-16
7130.890000 1.568859e-16
7132.360000 1.495787e-16
7133.830000 1.261876e-16
7135.300000 1.302690e-16
7136.770000 1.487101e-16
7138.240000 1.774113e-16
7139.710000 1.882886e-16
7141.180000 1.880719e-16
7142.650000 1.717342e-16
7144.120000 1.246132e-16
7145.590000 1.287245e-16
7147.060000 1.788286e-16
7148.530000 1.757649e-16
7150.000000 1.686475e-16
7151.470000 1.968975e-16
7152.940000 1.957052e-16
7154.410000 1.798055e-16
7155.880000 1.781380e-16
7157.350000 1.826591e-16
7158.820000 1.586341e-16
7160.290000 1.273636e-16
7161.760000 1.276962e-16
7163.230000 1.539916e-16
7164.700000 1.998200e-16
7166.170000 1.672492e-16
7167.640000 1.011255e-16
7169.110000 1.470952e-16
7170.580000 1.782646e-16
7172.050000 1.500677e-16
7173.520000 1.447562e-16
7174.990000 1.248041e-16
7176.460000 1.373675e-16
7177.930000 1.853110e-16
7179.400000 1.438389e-16
7180.870000 1.147644e-16
7182.340000 1.544524e-16
7183.810000 1.573212e-16
7185.280000 1.065308e-16
7186.750000 6.385695e-17
7188.220000 9.144910e-17
7189.690000 1.116334e-16
7191.160000 1.143095e-16
7192.630000 1.407788e-16
7194.100000 1.591771e-16
7195.570000 1.110694e-16
7197.040000 9.114364e-17
7198.510000 1.408586e-16
7199.980000 1.426575e-16
7201.450000 1.260164e-16
7202.920000 1.535732e-16
7204.390000 1.471398e-16
7205.860000 1.363397e-16
7207.330000 1.595588e-16
7208.800000 1.627198e-16
7210.270000 1.297694e-16
7211.740000 1.120854e-16
7213.210000 1.229703e-16
7214.680000 1.352435e-16
7216.150000 1.631337e-16
7217.620000 1.795594e-16
7219.090000 1.466492e-16
7220.560000 1.320183e-16
7222.030000 1.607852e-16
7223.500000 1.749854e-16
7224.970000 1.770380e-16
7226.440000 1.473747e-16
7227.910000 1.068440e-16
7229.380000 1.211056e-16
7230.850000 1.562419e-16
7232.320000 1.758070e-16
7233.790000 1.528229e-16
7235.260000 1.192981e-16
7236.730000 1.767388e-16
7238.200000 2.431450e-16
7239.670000 2.491342e-16
7241.140000 1.950254e-16
7242.610000 1.896856e-16
7244.080000 1.795075e-16
7245.550000 1.483728e-16
7247.020000 2.004151e-16
7248.490000 1.692773e-16
7249.960000 1.531434e-16
7251.430000 1.831964e-16
7252.900000 1.421658e-16
7254.370000 1.396851e-16
7255.840000 1.355215e-16
7257.310000 1.380859e-16
7258.780000 1.621900e-16
7260.250000 1.838689e-16
7261.720000 1.696542e-16
7263.190000 1.575168e-16
7264.660000 1.920361e-16
7266.130000 2.047513e-16
7267.600000 1.804246e-16
7269.070000 1.577085e-16
7270.540000 1.521910e-16
7272.010000 1.683771e-16
7273.480000 1.872119e-16
7274.950000 2.475977e-16
7276.420000 2.774617e-16
7277.890000 1.861813e-16
7279.360000 1.789987e-16
7280.830000 1.920524e-16
7282.300000 2.148658e-16
7283.770000 2.407029e-16
7285.240000 1.909258e-16
7286.710000 1.621678e-16
7288.180000 1.790094e-16
7289.650000 1.502173e-16
7291.120000 1.275065e-16
7292.590000 1.380957e-16
7294.060000 1.576520e-16
7295.530000 1.914802e-16
7297.000000 2.118433e-16
7298.470000 1.843367e-16
7299.940000 1.645134e-16
7301.410000 1.988350e-16
7302.880000 2.171866e-16
7304.350000 1.545537e-16
7305.820000 1.204317e-16
7307.290000 1.976848e-16
7308.760000 2.270008e-16
7310.230000 1.950347e-16
7311.700000 1.901322e-16
7313.170000 1.700500e-16
7314.640000 1.739526e-16
7316.110000 2.124574e-16
7317.580000 1.797068e-16
7319.050000 1.547433e-16
7320.520000 1.775738e-16
7321.990000 1.930609e-16
7323.460000 1.839073e-16
7324.930000 1.485217e-16
7326.400000 1.528223e-16
7327.870000 1.595182e-16
7329.340000 1.621328e-16
7330.810000 1.882735e-16
7332.280000 2.012115e-16
7333.750000 1.970771e-16
7335.220000 1.604448e-16
7336.690000 1.678455e-16
7338.160000 2.326694e-16
7339.630000 2.560064e-16
7341.100000 2.157346e-16
7342.570000 1.820230e-16
7344.040000 1.866279e-16
7345.510000 2.010721e-16
7346.980000 1.663867e-16
7348.450000 1.447606e-16
7349.920000 1.646309e-16
7351.390000 1.761436e-16
7352.860000 1.677929e-16
7354.330000 1.410933e-16
7355.800000 1.335156e-16
7357.270000 1.895022e-16
7358.740000 2.127962e-16
7360.210000 1.427366e-16
7361.680000 1.503853e-16
7363.150000 1.658000e-16
7364.620000 1.810050e-16
7366.090000 2.293768e-16
7367.560000 1.833526e-16
7369.030000 1.519713e-16
7370.500000 1.365185e-16
7371.970000 1.496213e-16
7373.440000 1.879210e-16
7374.910000 1.699724e-16
7376.380000 2.007584e-16
7377.850000 2.145260e-16
7379.320000 1.565799e-16
7380.790000 9.660745e-17
7382.260000 1.183624e-16
7383.730000 1.427602e-16
7385.200000 1.560852e-16
7386.670000 1.583345e-16
7388.140000 1.644104e-16
7389.610000 1.510260e-16
7391.080000 1.169430e-16
7392.550000 1.388227e-16
7394.020000 1.578080e-16
7395.490000 1.615812e-16
7396.960000 1.615159e-16
7398.430000 1.793415e-16
7399.900000 1.902623e-16
7401.370000 2.062704e-16
7402.840000 1.676785e-16
7404.310000 1.158752e-16
7405.780000 1.258231e-16
7407.250000 1.340699e-16
7408.720000 1.288610e-16
7410.190000 7.179908e-17
7411.660000 5.301160e-17
7413.130000 1.430441e-16
7414.600000 1.708795e-16
7416.070000 1.260862e-16
7417.540000 1.382060e-16
