3655.614258 8.879694e-16
3661.132780 8.767641e-16
3666.651301 8.713347e-16
3672.169823 8.941149e-16
3677.688345 9.299935e-16
3683.206867 9.597033e-16
3688.725389 9.473100e-16
3694.243910 8.738502e-16
3699.762432 9.163863e-16
3705.280954 9.144218e-16
3710.799476 8.860065e-16
3716.317997 8.584946e-16
3721.836519 8.633346e-16
3727.355041 8.363074e-16
3732.873563 8.395399e-16
3738.392085 8.169508e-16
3743.910606 7.640979e-16
3749.429128 7.798405e-16
3754.947650 7.618405e-16
3760.466172 7.490728e-16
3765.984694 7.377698e-16
3771.503215 7.383767e-16
3777.021737 7.565731e-16
3782.540259 6.845063e-16
3788.058781 7.533613e-16
3793.577302 7.356060e-16
3799.095824 7.586964e-16
3804.614346 7.453866e-16
3810.132868 7.522343e-16
3815.651390 8.265490e-16
3821.169911 8.329736e-16
3826.688433 8.410099e-16
3832.206955 8.515009e-16
3837.725477 9.135504e-16
3843.243999 9.237478e-16
3848.762520 9.494445e-16
3854.281042 9.959699e-16
3859.799564 1.020447e-15
3865.318086 1.063309e-15
3870.836607 1.094683e-15
3876.355129 1.130203e-15
3881.873651 1.148441e-15
3887.392173 1.170508e-15
3892.910695 1.195018e-15
3898.429216 1.207102e-15
3903.947738 1.227077e-15
3909.466260 1.196120e-15
3914.984782 1.212226e-15
3920.503304 1.228678e-15
3926.021825 1.249304e-15
3931.540347 1.222289e-15
3937.058869 1.233670e-15
3942.577391 1.226466e-15
3948.095912 1.290788e-15
3953.614434 1.272896e-15
3959.132956 1.288241e-15
3964.651478 1.251884e-15
3970.170000 1.261395e-15
3975.688521 1.287045e-15
3981.207043 1.303088e-15
3986.725565 1.308273e-15
3992.244087 1.303895e-15
3997.762609 1.298557e-15
4003.281130 1.344349e-15
4008.799652 1.283913e-15
4014.318174 1.274656e-15
4019.836696 1.305201e-15
4025.355217 1.297767e-15
4030.873739 1.315051e-15
4036.392261 1.298998e-15
4041.910783 1.246718e-15
4047.429305 1.211992e-15
4052.947826 1.205467e-15
4058.466348 1.200507e-15
4063.984870 1.180118e-15
4069.503392 1.178606e-15
4075.021914 1.193324e-15
4080.540435 1.169437e-15
4086.058957 1.152579e-15
4091.577479 1.159866e-15
4097.096001 1.123954e-15
4102.614522 1.103304e-15
4108.133044 1.128417e-15
4113.651566 1.124623e-15
4119.170088 1.093668e-15
4124.688610 1.105747e-15
4130.207131 1.071015e-15
4135.725653 1.058527e-15
4141.244175 1.069324e-15
4146.762697 1.032363e-15
4152.281219 1.031023e-15
4157.799740 1.014475e-15
4163.318262 9.963578e-16
4168.836784 1.014943e-15
4174.355306 1.047096e-15
4179.873827 1.042215e-15
4185.392349 1.063603e-15
4190.910871 1.038920e-15
4196.429393 1.043564e-15
4201.947915 1.092404e-15
4207.466436 1.056034e-15
4212.984958 1.082757e-15
4218.503480 1.103420e-15
4224.022002 1.096460e-15
4229.540524 1.139046e-15
4235.059045 1.149941e-15
4240.577567 1.147110e-15
4246.096089 1.151476e-15
4251.614611 1.181103e-15
4257.133132 1.185136e-15
4262.651654 1.142942e-15
4268.170176 1.167855e-15
4273.688698 1.201548e-15
4279.207220 1.208694e-15
4284.725741 1.207484e-15
4290.244263 1.194802e-15
4295.762785 1.201339e-15
4301.281307 1.193204e-15
4306.799829 1.181005e-15
4312.318350 1.157359e-15
4317.836872 1.166785e-15
4323.355394 1.204927e-15
4328.873916 1.175293e-15
4334.392437 1.115039e-15
4339.910959 1.143886e-15
4345.429481 1.094929e-15
4350.948003 1.088631e-15
4356.466525 1.095919e-15
4361.985046 1.060292e-15
4367.503568 1.050519e-15
4373.022090 1.044428e-15
4378.540612 1.037149e-15
4384.059134 1.037056e-15
4389.577655 1.040762e-15
4395.096177 1.069008e-15
4400.614699 1.027473e-15
4406.133221 1.073414e-15
4411.651742 1.103297e-15
4417.170264 1.099787e-15
4422.688786 1.144829e-15
4428.207308 1.185682e-15
4433.725830 1.150760e-15
4439.244351 1.184519e-15
4444.762873 1.210534e-15
4450.281395 1.225603e-15
4455.799917 1.255413e-15
4461.318439 1.262506e-15
4466.836960 1.304471e-15
4472.355482 1.321097e-15
4477.874004 1.337010e-15
4483.392526 1.399937e-15
4488.911047 1.421796e-15
4494.429569 1.432699e-15
4499.948091 1.422126e-15
4505.466613 1.447568e-15
4510.985135 1.469075e-15
4516.503656 1.464202e-15
4522.022178 1.497081e-15
4527.540700 1.508068e-15
4533.059222 1.464855e-15
4538.577744 1.452758e-15
4544.096265 1.427997e-15
4549.614787 1.448608e-15
4555.133309 1.404974e-15
4560.651831 1.424155e-15
4566.170352 1.429608e-15
4571.688874 1.383896e-15
4577.207396 1.358510e-15
4582.725918 1.332184e-15
4588.244440 1.329252e-15
4593.762961 1.313041e-15
4599.281483 1.313766e-15
4604.800005 1.266349e-15
4610.318527 1.265660e-15
4615.837049 1.258343e-15
4621.355570 1.208562e-15
4626.874092 1.219798e-15
4632.392614 1.178028e-15
4637.911136 1.144434e-15
4643.429657 1.137714e-15
4648.948179 1.133161e-15
4654.466701 1.112703e-15
4659.985223 1.104603e-15
4665.503745 1.067220e-15
4671.022266 1.112898e-15
4676.540788 1.110438e-15
4682.059310 1.064580e-15
4687.577832 1.077113e-15
4693.096354 1.085389e-15
4698.614875 1.060452e-15
4704.133397 1.055261e-15
4709.651919 1.065722e-15
4715.170441 1.070733e-15
4720.688962 1.044587e-15
4726.207484 1.075837e-15
4731.726006 1.128146e-15
4737.244528 1.144023e-15
4742.763050 1.146798e-15
4748.281571 1.155518e-15
4753.800093 1.153378e-15
4759.318615 1.161751e-15
4764.837137 1.187594e-15
4770.355659 1.174496e-15
4775.874180 1.178537e-15
4781.392702 1.191716e-15
4786.911224 1.181310e-15
4792.429746 1.206117e-15
4797.948267 1.231151e-15
4803.466789 1.213695e-15
4808.985311 1.197079e-15
4814.503833 1.221391e-15
4820.022355 1.197510e-15
4825.540876 1.244692e-15
4831.059398 1.241162e-15
4836.577920 1.247281e-15
4842.096442 1.275293e-15
4847.614964 1.260526e-15
4853.133485 1.235085e-15
4858.652007 1.242369e-15
4864.170529 1.231246e-15
4869.689051 1.241656e-15
4875.207572 1.252154e-15
4880.726094 1.248014e-15
4886.244616 1.250462e-15
4891.763138 1.277653e-15
4897.281660 1.300195e-15
4902.800181 1.309725e-15
4908.318703 1.300475e-15
4913.837225 1.294831e-15
4919.355747 1.312579e-15
4924.874269 1.299536e-15
4930.392790 1.255520e-15
4935.911312 1.265081e-15
4941.429834 1.286936e-15
4946.948356 1.244478e-15
4952.466877 1.220058e-15
4957.985399 1.228084e-15
4963.503921 1.187644e-15
4969.022443 1.192773e-15
4974.540965 1.189684e-15
4980.059486 1.186224e-15
4985.578008 1.170563e-15
4991.096530 1.131617e-15
4996.615052 1.160787e-15
5002.133574 1.152506e-15
5007.652095 1.150183e-15
5013.170617 1.142649e-15
5018.689139 1.103550e-15
5024.207661 1.123952e-15
5029.726182 1.145095e-15
5035.244704 1.133935e-15
5040.763226 1.141622e-15
5046.281748 1.160147e-15
5051.800270 1.160997e-15
5057.318791 1.160021e-15
5062.837313 1.161425e-15
5068.355835 1.192488e-15
5073.874357 1.208513e-15
5079.392879 1.199241e-15
5084.911400 1.205954e-15
5090.429922 1.206540e-15
5095.948444 1.220028e-15
5101.466966 1.216905e-15
5106.985487 1.211401e-15
5112.504009 1.210856e-15
5118.022531 1.221140e-15
5123.541053 1.210458e-15
5129.059575 1.226697e-15
5134.578096 1.249223e-15
5140.096618 1.240320e-15
5145.615140 1.260188e-15
5151.133662 1.260730e-15
5156.652184 1.269987e-15
5162.170705 1.272047e-15
5167.689227 1.285658e-15
5173.207749 1.290584e-15
5178.726271 1.300312e-15
5184.244792 1.357172e-15
5189.763314 1.339987e-15
5195.281836 1.359837e-15
5200.800358 1.335132e-15
5206.318880 1.347526e-15
5211.837401 1.374004e-15
5217.355923 1.379337e-15
5222.874445 1.401107e-15
5228.392967 1.389802e-15
5233.911489 1.395140e-15
5239.430010 1.401164e-15
5244.948532 1.420820e-15
5250.467054 1.428082e-15
5255.985576 1.441894e-15
5261.504097 1.428462e-15
5267.022619 1.448310e-15
5272.541141 1.437790e-15
5278.059663 1.421062e-15
5283.578185 1.429606e-15
5289.096706 1.454252e-15
5294.615228 1.459555e-15
5300.133750 1.458595e-15
5305.652272 1.442012e-15
5311.170794 1.426110e-15
5316.689315 1.453884e-15
5322.207837 1.453143e-15
5327.726359 1.423794e-15
5333.244881 1.435111e-15
5338.763402 1.426858e-15
5344.281924 1.427578e-15
5349.800446 1.405928e-15
5355.318968 1.417347e-15
5360.837490 1.397761e-15
5366.356011 1.379143e-15
5371.874533 1.373915e-15
5377.393055 1.403821e-15
5382.911577 1.375461e-15
5388.430099 1.384621e-15
5393.948620 1.382323e-15
5399.467142 1.373048e-15
5404.985664 1.365595e-15
5410.504186 1.380023e-15
5416.022707 1.396578e-15
5421.541229 1.357892e-15
5427.059751 1.378905e-15
5432.578273 1.379939e-15
5438.096795 1.371560e-15
5443.615316 1.334035e-15
5449.133838 1.335994e-15
5454.652360 1.358656e-15
5460.170882 1.337758e-15
5465.689404 1.312833e-15
5471.207925 1.281760e-15
5476.726447 1.259149e-15
5482.244969 1.238032e-15
5487.763491 1.239874e-15
5493.282012 1.257759e-15
5498.800534 1.221089e-15
5504.319056 1.232093e-15
5509.837578 1.242627e-15
5515.356100 1.261501e-15
5520.874621 1.242215e-15
5526.393143 1.206044e-15
5531.911665 1.230904e-15
5537.430187 1.193103e-15
5542.948709 1.199667e-15
5548.467230 1.215271e-15
5553.985752 1.196099e-15
5559.504274 1.228750e-15
5565.022796 1.231884e-15
5570.541317 1.190331e-15
5576.059839 1.177759e-15
5581.578361 1.205424e-15
5587.096883 1.192797e-15
5592.615405 1.162919e-15
5598.133926 1.193523e-15
5603.652448 1.165439e-15
5609.170970 1.162210e-15
5614.689492 1.169572e-15
5620.208014 1.162614e-15
5625.726535 1.162620e-15
5631.245057 1.131504e-15
5636.763579 1.119320e-15
5642.282101 1.142054e-15
5647.800622 1.131559e-15
5653.319144 1.118306e-15
5658.837666 1.124248e-15
5664.356188 1.132352e-15
5669.874710 1.138740e-15
5675.393231 1.156514e-15
5680.911753 1.125228e-15
5686.430275 1.137362e-15
5691.948797 1.152696e-15
5697.467319 1.122358e-15
5702.985840 1.123039e-15
5708.504362 1.141849e-15
5714.022884 1.149373e-15
5719.541406 1.149365e-15
5725.059927 1.148713e-15
5730.578449 1.187027e-15
5736.096971 1.175812e-15
5741.615493 1.195768e-15
5747.134015 1.196070e-15
5752.652536 1.221869e-15
5758.171058 1.216220e-15
5763.689580 1.260696e-15
5769.208102 1.236000e-15
5774.726624 1.263733e-15
5780.245145 1.279079e-15
5785.763667 1.275715e-15
5791.282189 1.277529e-15
5796.800711 1.291499e-15
5802.319232 1.292350e-15
5807.837754 1.268979e-15
5813.356276 1.295563e-15
5818.874798 1.296183e-15
5824.393320 1.298282e-15
5829.911841 1.294438e-15
5835.430363 1.334677e-15
5840.948885 1.321384e-15
5846.467407 1.318267e-15
5851.985929 1.304807e-15
5857.504450 1.341415e-15
5863.022972 1.299519e-15
5868.541494 1.324643e-15
5874.060016 1.296655e-15
5879.578537 1.273236e-15
5885.097059 1.296977e-15
5890.615581 1.289535e-15
5896.134103 1.292910e-15
5901.652625 1.310672e-15
5907.171146 1.298321e-15
5912.689668 1.287862e-15
5918.208190 1.271318e-15
5923.726712 1.231626e-15
5929.245234 1.225312e-15
5934.763755 1.254599e-15
5940.282277 1.277593e-15
5945.800799 1.291403e-15
5951.319321 1.273069e-15
5956.837842 1.264041e-15
5962.356364 1.260360e-15
5967.874886 1.251932e-15
5973.393408 1.251379e-15
5978.911930 1.239152e-15
5984.430451 1.241146e-15
5989.948973 1.240285e-15
5995.467495 1.246039e-15
6000.986017 1.228081e-15
6006.504539 1.215967e-15
6012.023060 1.240050e-15
6017.541582 1.236610e-15
6023.060104 1.215087e-15
6028.578626 1.196393e-15
6034.097147 1.187787e-15
6039.615669 1.176912e-15
6045.134191 1.172807e-15
6050.652713 1.166599e-15
6056.171235 1.146835e-15
6061.689756 1.139449e-15
6067.208278 1.143701e-15
6072.726800 1.145962e-15
6078.245322 1.128264e-15
6083.763844 1.139170e-15
6089.282365 1.123932e-15
6094.800887 1.102743e-15
6100.319409 1.078782e-15
6105.837931 1.073584e-15
6111.356452 1.042038e-15
6116.874974 1.014249e-15
6122.393496 1.046257e-15
6127.912018 9.965828e-16
6133.430540 9.730047e-16
6138.949061 9.645802e-16
6144.467583 9.665340e-16
6149.986105 9.107079e-16
6155.504627 8.970254e-16
6161.023149 8.743053e-16
6166.541670 8.469377e-16
6172.060192 8.513668e-16
6177.578714 8.197351e-16
6183.097236 7.938307e-16
6188.615757 7.620098e-16
6194.134279 7.649911e-16
6199.652801 7.965980e-16
6205.171323 7.730445e-16
6210.689845 7.676075e-16
6216.208366 7.421072e-16
6221.726888 7.296516e-16
6227.245410 7.294926e-16
6232.763932 7.284123e-16
6238.282454 7.637732e-16
6243.800975 7.260459e-16
6249.319497 7.203286e-16
6254.838019 7.397926e-16
6260.356541 7.202478e-16
6265.875062 7.037293e-16
6271.393584 6.926402e-16
6276.912106 7.028037e-16
6282.430628 7.027198e-16
6287.949150 7.111137e-16
6293.467671 7.486356e-16
6298.986193 7.670128e-16
6304.504715 7.637140e-16
6310.023237 7.916243e-16
6315.541759 8.126587e-16
6321.060280 8.307435e-16
6326.578802 8.420722e-16
6332.097324 8.691475e-16
6337.615846 8.880209e-16
6343.134367 9.001951e-16
6348.652889 8.911891e-16
6354.171411 9.096287e-16
6359.689933 9.312865e-16
6365.208455 9.600231e-16
6370.726976 9.557941e-16
6376.245498 9.790278e-16
6381.764020 1.003768e-15
6387.282542 1.003847e-15
6392.801064 1.044966e-15
6398.319585 1.096194e-15
6403.838107 1.119865e-15
6409.356629 1.140006e-15
6414.875151 1.151365e-15
6420.393672 1.187910e-15
6425.912194 1.174143e-15
6431.430716 1.212935e-15
6436.949238 1.203763e-15
6442.467760 1.221686e-15
6447.986281 1.226699e-15
6453.504803 1.252469e-15
6459.023325 1.265024e-15
6464.541847 1.261861e-15
6470.060369 1.269460e-15
6475.578890 1.228893e-15
6481.097412 1.246684e-15
6486.615934 1.274935e-15
6492.134456 1.253975e-15
6497.652977 1.239692e-15
6503.171499 1.265238e-15
6508.690021 1.268605e-15
6514.208543 1.280270e-15
6519.727065 1.298695e-15
6525.245586 1.292471e-15
6530.764108 1.303768e-15
6536.282630 1.304959e-15
6541.801152 1.287998e-15
6547.319674 1.286260e-15
6552.838195 1.313159e-15
6558.356717 1.293824e-15
6563.875239 1.295111e-15
6569.393761 1.297443e-15
6574.912282 1.273517e-15
6580.430804 1.296334e-15
6585.949326 1.290780e-15
6591.467848 1.292829e-15
6596.986370 1.288113e-15
6602.504891 1.280112e-15
6608.023413 1.290098e-15
6613.541935 1.283969e-15
6619.060457 1.295064e-15
6624.578979 1.263276e-15
6630.097500 1.277564e-15
6635.616022 1.228939e-15
6641.134544 1.260888e-15
6646.653066 1.232193e-15
6652.171587 1.223294e-15
6657.690109 1.200341e-15
6663.208631 1.228331e-15
6668.727153 1.237123e-15
6674.245675 1.206256e-15
6679.764196 1.209793e-15
6685.282718 1.229072e-15
6690.801240 1.204044e-15
6696.319762 1.193233e-15
6701.838284 1.177311e-15
6707.356805 1.167596e-15
6712.875327 1.144499e-15
6718.393849 1.140811e-15
6723.912371 1.170649e-15
6729.430892 1.141806e-15
6734.949414 1.129829e-15
6740.467936 1.131351e-15
6745.986458 1.112724e-15
6751.504980 1.105845e-15
6757.023501 1.110201e-15
6762.542023 1.104043e-15
6768.060545 1.099483e-15
6773.579067 1.087910e-15
6779.097589 1.075397e-15
6784.616110 1.062446e-15
6790.134632 1.077898e-15
6795.653154 1.086996e-15
6801.171676 1.061247e-15
6806.690197 1.070015e-15
6812.208719 1.055751e-15
6817.727241 1.052032e-15
6823.245763 1.020018e-15
6828.764285 1.044131e-15
6834.282806 1.030569e-15
6839.801328 1.034721e-15
6845.319850 1.011587e-15
6850.838372 1.012863e-15
6856.356894 9.865719e-16
6861.875415 9.326845e-16
6867.393937 8.564304e-16
6872.912459 8.106060e-16
6878.430981 8.290563e-16
6883.949502 8.652867e-16
6889.468024 8.616565e-16
6894.986546 8.539748e-16
6900.505068 8.716887e-16
6906.023590 8.740931e-16
6911.542111 9.058372e-16
6917.060633 8.948832e-16
6922.579155 9.030181e-16
6928.097677 9.136947e-16
6933.616199 9.094598e-16
6939.134720 8.999439e-16
6944.653242 8.979946e-16
6950.171764 9.054223e-16
6955.690286 8.961222e-16
6961.208807 9.014624e-16
6966.727329 8.982687e-16
6972.245851 9.037197e-16
6977.764373 9.114406e-16
6983.282895 9.189283e-16
6988.801416 8.939423e-16
6994.319938 8.668198e-16
6999.838460 8.738225e-16
7005.356982 8.644681e-16
7010.875504 8.714282e-16
7016.394025 8.787349e-16
7021.912547 8.692647e-16
7027.431069 8.625677e-16
7032.949591 8.645829e-16
7038.468112 8.688358e-16
7043.986634 8.484712e-16
7049.505156 8.484741e-16
7055.023678 8.518704e-16
7060.542200 8.415656e-16
7066.060721 8.516083e-16
7071.579243 8.441611e-16
7077.097765 8.350947e-16
7082.616287 8.328195e-16
7088.134809 8.345909e-16
7093.653330 8.067736e-16
7099.171852 8.015341e-16
7104.690374 8.314201e-16
7110.208896 8.052620e-16
7115.727417 8.260651e-16
7121.245939 8.262956e-16
7126.764461 8.173482e-16
7132.282983 8.132945e-16
7137.801505 7.971361e-16
7143.320026 8.422152e-16
7148.838548 8.267551e-16
7154.357070 8.010792e-16
7159.875592 8.138680e-16
7165.394114 8.157060e-16
7170.912635 7.849911e-16
7176.431157 7.834557e-16
7181.949679 7.716178e-16
7187.468201 7.450377e-16
7192.986722 7.600085e-16
7198.505244 7.692867e-16
7204.023766 7.637761e-16
7209.542288 7.688285e-16
7215.060810 7.798124e-16
7220.579331 7.783731e-16
7226.097853 7.754298e-16
7231.616375 7.723782e-16
7237.134897 7.454464e-16
7242.653419 7.447150e-16
7248.171940 7.634730e-16
7253.690462 7.722744e-16
7259.208984 7.453058e-16
7264.727506 7.529240e-16
7270.246027 7.442937e-16
7275.764549 7.641452e-16
7281.283071 7.478807e-16
7286.801593 7.545698e-16
7292.320115 7.543146e-16
7297.838636 7.491985e-16
7303.357158 7.782624e-16
7308.875680 7.678994e-16
7314.394202 7.497484e-16
7319.912724 7.585321e-16
7325.431245 7.616509e-16
7330.949767 7.613093e-16
7336.468289 7.709878e-16
7341.986811 7.796596e-16
7347.505332 7.592717e-16
7353.023854 7.421045e-16
7358.542376 7.527269e-16
7364.060898 7.521139e-16
7369.579420 7.431783e-16
7375.097941 7.470747e-16
7380.616463 7.415305e-16
7386.134985 7.234889e-16
7391.653507 6.984168e-16
7397.172029 7.277131e-16
7402.690550 7.462856e-16
7408.209072 7.222011e-16
7413.727594 7.454980e-16
7419.246116 7.336769e-16
7424.764637 7.439069e-16
7430.283159 7.550935e-16
7435.801681 7.494141e-16
7441.320203 7.187500e-16
7446.838725 7.138858e-16
7452.357246 7.247136e-16
7457.875768 7.253190e-16
7463.394290 7.120477e-16
7468.912812 7.062053e-16
7474.431334 7.087102e-16
7479.949855 7.141464e-16
7485.468377 7.275304e-16
7490.986899 7.252965e-16
7496.505421 7.056090e-16
7502.023942 7.129277e-16
7507.542464 7.194697e-16
7513.060986 7.102343e-16
7518.579508 7.265626e-16
7524.098030 7.340618e-16
7529.616551 7.133810e-16
7535.135073 7.054716e-16
7540.653595 7.073931e-16
7546.172117 7.107869e-16
7551.690639 7.013649e-16
7557.209160 7.059841e-16
7562.727682 7.250622e-16
7568.246204 7.238557e-16
7573.764726 7.062702e-16
7579.283247 7.115071e-16
7584.801769 7.000719e-16
7590.320291 6.238002e-16
7595.838813 5.027857e-16
7601.357335 3.546652e-16
7606.875856 2.794110e-16
7612.394378 3.278277e-16
7617.912900 4.092336e-16
7623.431422 4.410138e-16
7628.949944 4.373052e-16
7634.468465 4.251285e-16
7639.986987 4.258458e-16
7645.505509 4.595037e-16
7651.024031 5.234987e-16
7656.542552 5.733360e-16
7662.061074 6.214165e-16
7667.579596 6.379029e-16
7673.098118 6.592613e-16
7678.616640 6.809228e-16
7684.135161 6.987968e-16
7689.653683 6.887481e-16
7695.172205 7.112750e-16
7700.690727 7.113853e-16
7706.209249 7.032880e-16
7711.727770 7.191477e-16
7717.246292 7.066246e-16
7722.764814 7.105970e-16
7728.283336 6.933333e-16
7733.801857 7.147779e-16
7739.320379 7.428813e-16
7744.838901 7.216163e-16
7750.357423 7.111426e-16
7755.875945 7.086818e-16
7761.394466 7.073550e-16
7766.912988 7.212309e-16
7772.431510 7.203512e-16
7777.950032 7.092680e-16
7783.468554 7.032528e-16
7788.987075 7.014572e-16
7794.505597 7.143624e-16
7800.024119 7.177617e-16
7805.542641 7.091610e-16
7811.061162 7.058854e-16
7816.579684 7.039492e-16
7822.098206 6.957304e-16
7827.616728 7.195069e-16
7833.135250 7.074220e-16
7838.653771 6.739781e-16
7844.172293 6.988529e-16
7849.690815 6.964710e-16
7855.209337 7.051222e-16
7860.727859 6.870565e-16
7866.246380 6.791266e-16
7871.764902 6.828492e-16
7877.283424 6.966887e-16
7882.801946 6.852917e-16
7888.320467 6.776703e-16
7893.838989 6.731755e-16
7899.357511 6.569444e-16
7904.876033 6.646148e-16
7910.394555 6.695921e-16
7915.913076 6.679740e-16
7921.431598 6.714454e-16
7926.950120 6.602124e-16
7932.468642 6.650940e-16
7937.987164 6.656704e-16
7943.505685 6.843924e-16
7949.024207 6.568806e-16
7954.542729 6.869863e-16
7960.061251 6.653395e-16
7965.579772 6.585572e-16
7971.098294 6.704815e-16
7976.616816 6.603651e-16
7982.135338 6.800106e-16
7987.653860 6.569195e-16
7993.172381 6.642286e-16
7998.690903 6.357673e-16
8004.209425 6.313783e-16
8009.727947 6.518517e-16
8015.246469 6.517559e-16
8020.764990 6.318885e-16
8026.283512 6.127272e-16
8031.802034 6.039648e-16
8037.320556 6.231549e-16
8042.839077 6.163385e-16
8048.357599 6.129118e-16
8053.876121 6.052746e-16
8059.394643 5.837706e-16
8064.913165 5.830451e-16
8070.431686 5.925919e-16
8075.950208 5.481258e-16
8081.468730 5.788130e-16
8086.987252 5.770553e-16
8092.505774 5.644986e-16
8098.024295 5.410859e-16
8103.542817 5.295215e-16
8109.061339 5.280592e-16
8114.579861 5.260366e-16
8120.098382 5.072644e-16
8125.616904 5.316788e-16
8131.135426 4.821167e-16
8136.653948 4.910888e-16
8142.172470 4.890983e-16
8147.690991 4.744380e-16
8153.209513 5.109164e-16
8158.728035 4.800539e-16
8164.246557 4.647266e-16
8169.765079 4.580469e-16
8175.283600 4.666185e-16
8180.802122 4.656403e-16
8186.320644 4.461814e-16
8191.839166 4.591700e-16
8197.357687 4.626098e-16
8202.876209 4.773582e-16
8208.394731 4.630095e-16
8213.913253 4.674291e-16
8219.431775 4.712713e-16
8224.950296 4.633917e-16
8230.468818 4.341041e-16
8235.987340 4.764503e-16
8241.505862 4.443046e-16
8247.024384 4.592819e-16
8252.542905 4.430257e-16
8258.061427 4.827545e-16
8263.579949 4.779861e-16
8269.098471 4.706064e-16
8274.616992 4.795849e-16
8280.135514 4.570722e-16
8285.654036 4.504524e-16
8291.172558 4.720482e-16
8296.691080 4.770469e-16
8302.209601 4.914250e-16
8307.728123 4.876477e-16
8313.246645 4.750502e-16
8318.765167 4.917398e-16
8324.283689 4.928257e-16
8329.802210 5.153855e-16
8335.320732 5.546270e-16
8340.839254 5.440083e-16
8346.357776 5.292325e-16
8351.876297 5.045140e-16
8357.394819 5.258978e-16
8362.913341 5.223429e-16
8368.431863 5.335529e-16
8373.950385 5.428848e-16
8379.468906 5.589450e-16
8384.987428 5.727234e-16
8390.505950 5.385221e-16
8396.024472 5.501292e-16
8401.542994 5.677035e-16
8407.061515 5.827131e-16
8412.580037 5.824043e-16
8418.098559 5.895328e-16
8423.617081 5.690744e-16
8429.135602 5.523436e-16
8434.654124 5.890582e-16
8440.172646 6.071299e-16
8445.691168 5.893004e-16
8451.209690 6.298085e-16
8456.728211 6.114388e-16
8462.246733 5.859733e-16
8467.765255 6.035469e-16
8473.283777 6.243012e-16
8478.802299 6.256013e-16
8484.320820 6.356765e-16
8489.839342 6.576752e-16
8495.357864 6.350318e-16
8500.876386 6.237975e-16
8506.394907 6.567508e-16
8511.913429 6.483712e-16
8517.431951 6.340459e-16
8522.950473 6.546375e-16
8528.468995 6.533738e-16
8533.987516 6.679505e-16
8539.506038 6.421370e-16
8545.024560 6.484717e-16
8550.543082 6.494319e-16
8556.061604 6.719414e-16
8561.580125 6.432162e-16
8567.098647 6.703174e-16
8572.617169 6.594112e-16
8578.135691 6.594518e-16
8583.654212 6.587416e-16
8589.172734 6.778950e-16
8594.691256 6.589273e-16
8600.209778 6.587528e-16
8605.728300 6.762269e-16
8611.246821 6.718534e-16
8616.765343 6.428653e-16
8622.283865 6.604004e-16
8627.802387 6.542044e-16
8633.320909 6.555293e-16
8638.839430 6.860326e-16
8644.357952 6.693809e-16
8649.876474 6.357614e-16
8655.394996 6.413498e-16
8660.913517 6.484809e-16
8666.432039 6.464746e-16
8671.950561 6.578502e-16
8677.469083 6.483113e-16
8682.987605 6.390750e-16
8688.506126 6.797167e-16
8694.024648 6.466007e-16
8699.543170 6.517056e-16
8705.061692 6.613263e-16
8710.580214 6.475815e-16
8716.098735 6.415847e-16
8721.617257 6.553790e-16
8727.135779 6.638290e-16
8732.654301 6.549900e-16
8738.172822 6.629634e-16
8743.691344 6.278204e-16
8749.209866 6.310514e-16
8754.728388 6.339278e-16
8760.246910 6.368739e-16
8765.765431 6.067699e-16
8771.283953 6.127622e-16
8776.802475 6.395003e-16
8782.320997 6.162874e-16
8787.839519 6.051938e-16
8793.358040 6.095492e-16
8798.876562 6.199677e-16
8804.395084 6.133275e-16
8809.913606 5.998225e-16
8815.432127 6.000046e-16
8820.950649 6.201628e-16
8826.469171 6.220848e-16
8831.987693 5.939486e-16
8837.506215 6.220500e-16
8843.024736 5.891569e-16
8848.543258 5.789035e-16
8854.061780 5.655066e-16
8859.580302 5.879957e-16
8865.098824 6.364206e-16
8870.617345 5.876783e-16
8876.135867 5.821522e-16
8881.654389 5.622480e-16
8887.172911 5.875050e-16
8892.691432 5.791999e-16
8898.209954 6.108432e-16
8903.728476 6.082966e-16
8909.246998 5.661850e-16
8914.765520 5.627755e-16
8920.284041 5.530904e-16
8925.802563 5.519098e-16
8931.321085 5.492334e-16
8936.839607 5.406144e-16
8942.358129 5.735262e-16
8947.876650 5.445685e-16
8953.395172 5.482809e-16
8958.913694 5.318416e-16
8964.432216 5.220903e-16
8969.950737 5.255252e-16
8975.469259 5.288204e-16
8980.987781 5.270346e-16
8986.506303 4.927915e-16
8992.024825 4.898109e-16
8997.543346 5.212020e-16
9003.061868 5.187365e-16
9008.580390 5.181772e-16
9014.098912 5.121871e-16
9019.617434 5.149349e-16
9025.135955 5.140938e-16
9030.654477 5.201743e-16
9036.172999 5.423368e-16
9041.691521 5.641881e-16
9047.210042 5.306120e-16
9052.728564 5.308918e-16
9058.247086 5.507559e-16
9063.765608 5.265471e-16
9069.284130 4.969067e-16
9074.802651 5.280419e-16
9080.321173 5.251291e-16
9085.839695 5.123456e-16
9091.358217 4.912123e-16
9096.876739 5.488937e-16
9102.395260 5.338113e-16
9107.913782 5.580071e-16
9113.432304 5.489316e-16
9118.950826 5.070111e-16
9124.469347 5.223050e-16
9129.987869 5.141928e-16
9135.506391 5.287340e-16
9141.024913 5.273543e-16
9146.543435 5.555144e-16
9152.061956 5.007642e-16
9157.580478 4.833498e-16
9163.099000 4.958275e-16
9168.617522 4.949290e-16
9174.136044 5.261165e-16
9179.654565 5.102436e-16
9185.173087 5.030428e-16
9190.691609 5.377133e-16
9196.210131 5.737345e-16
9201.728652 5.225451e-16
9207.247174 5.116123e-16
9212.765696 5.256226e-16
9218.284218 4.916298e-16
9223.802740 5.191335e-16
9229.321261 5.085516e-16
9234.839783 5.009809e-16
9240.358305 4.846921e-16
9245.876827 4.621666e-16
9251.395349 4.832811e-16
