3702.000000 2.394940e-15
3704.000000 2.426630e-15
3706.000000 2.349960e-15
3708.000000 2.478350e-15
3710.000000 2.457130e-15
3712.000000 2.359970e-15
3714.000000 2.492990e-15
3716.000000 2.776600e-15
3718.000000 2.842890e-15
3720.000000 2.667510e-15
3722.000000 2.900690e-15
3724.000000 2.824870e-15
3726.000000 2.725930e-15
3728.000000 2.959800e-15
3730.000000 3.011980e-15
3732.000000 2.888730e-15
3734.000000 2.919490e-15
3736.000000 2.858190e-15
3738.000000 3.012060e-15
3740.000000 2.916830e-15
3742.000000 2.825850e-15
3744.000000 2.885420e-15
3746.000000 2.820850e-15
3748.000000 2.976590e-15
3750.000000 3.650790e-15
3752.000000 5.438890e-15
3754.000000 6.187980e-15
3756.000000 5.447670e-15
3758.000000 3.291660e-15
3760.000000 2.968410e-15
3762.000000 2.815020e-15
3764.000000 2.885650e-15
3766.000000 2.864950e-15
3768.000000 2.935990e-15
3770.000000 2.924280e-15
3772.000000 2.941130e-15
3774.000000 2.861260e-15
3776.000000 2.986720e-15
3778.000000 2.932700e-15
3780.000000 2.855920e-15
3782.000000 2.843430e-15
3784.000000 2.753010e-15
3786.000000 2.721910e-15
3788.000000 2.734830e-15
3790.000000 2.861490e-15
3792.000000 2.776860e-15
3794.000000 2.879470e-15
3796.000000 2.856470e-15
3798.000000 2.824750e-15
3800.000000 2.784680e-15
3802.000000 2.905710e-15
3804.000000 2.809500e-15
3806.000000 2.760520e-15
3808.000000 2.762480e-15
3810.000000 2.756390e-15
3812.000000 2.789340e-15
3814.000000 2.787630e-15
3816.000000 2.665000e-15
3818.000000 2.640340e-15
3820.000000 2.645950e-15
3822.000000 2.626830e-15
3824.000000 2.746880e-15
3826.000000 2.715410e-15
3828.000000 2.578080e-15
3830.000000 2.611050e-15
3832.000000 2.571090e-15
3834.000000 2.603750e-15
3836.000000 2.744770e-15
3838.000000 2.538690e-15
3840.000000 2.475200e-15
3842.000000 2.535970e-15
3844.000000 2.555020e-15
3846.000000 2.638630e-15
3848.000000 2.586460e-15
3850.000000 2.651450e-15
3852.000000 2.688890e-15
3854.000000 2.571500e-15
3856.000000 2.544050e-15
3858.000000 2.513870e-15
3860.000000 2.570370e-15
3862.000000 2.772080e-15
3864.000000 2.660800e-15
3866.000000 2.439110e-15
3868.000000 2.535760e-15
3870.000000 2.618810e-15
3872.000000 2.554940e-15
3874.000000 2.670830e-15
3876.000000 2.630890e-15
3878.000000 2.569790e-15
3880.000000 2.649000e-15
3882.000000 2.541360e-15
3884.000000 2.800580e-15
3886.000000 2.715760e-15
3888.000000 2.773950e-15
3890.000000 2.556900e-15
3892.000000 2.517530e-15
3894.000000 2.526410e-15
3896.000000 2.735510e-15
3898.000000 2.536390e-15
3900.000000 2.525980e-15
3902.000000 2.551590e-15
3904.000000 2.532680e-15
3906.000000 2.893580e-15
3908.000000 2.615110e-15
3910.000000 2.690880e-15
3912.000000 2.660660e-15
3914.000000 2.980670e-15
3916.000000 3.337270e-15
3918.000000 3.215470e-15
3920.000000 2.924480e-15
3922.000000 2.897470e-15
3924.000000 3.006120e-15
3926.000000 3.011060e-15
3928.000000 2.998550e-15
3930.000000 2.967320e-15
3932.000000 3.091520e-15
3934.000000 2.942370e-15
3936.000000 2.936540e-15
3938.000000 2.972110e-15
3940.000000 3.127670e-15
3942.000000 3.156310e-15
3944.000000 3.000960e-15
3946.000000 3.198580e-15
3948.000000 3.286810e-15
3950.000000 3.096400e-15
3952.000000 3.233630e-15
3954.000000 3.139770e-15
3956.000000 3.178670e-15
3958.000000 3.128950e-15
3960.000000 3.047290e-15
3962.000000 3.190570e-15
3964.000000 3.247640e-15
3966.000000 3.152850e-15
3968.000000 3.258780e-15
3970.000000 3.249830e-15
3972.000000 3.277520e-15
3974.000000 3.423190e-15
3976.000000 3.382200e-15
3978.000000 3.290690e-15
3980.000000 3.313540e-15
3982.000000 3.238660e-15
3984.000000 3.252150e-15
3986.000000 3.336170e-15
3988.000000 3.458150e-15
3990.000000 3.279270e-15
3992.000000 3.378970e-15
3994.000000 3.108780e-15
3996.000000 3.161700e-15
3998.000000 3.507640e-15
4000.000000 3.472380e-15
4002.000000 3.363920e-15
4004.000000 3.430530e-15
4006.000000 3.279070e-15
4008.000000 3.219580e-15
4010.000000 3.443850e-15
4012.000000 3.495110e-15
4014.000000 3.348110e-15
4016.000000 3.176020e-15
4018.000000 3.437000e-15
4020.000000 3.228420e-15
4022.000000 3.331730e-15
4024.000000 3.166750e-15
4026.000000 3.043990e-15
4028.000000 3.274710e-15
4030.000000 3.189120e-15
4032.000000 3.167190e-15
4034.000000 3.304870e-15
4036.000000 3.206150e-15
4038.000000 3.309310e-15
4040.000000 3.280460e-15
4042.000000 3.243740e-15
4044.000000 3.299890e-15
4046.000000 3.679490e-15
4048.000000 3.349490e-15
4050.000000 3.298970e-15
4052.000000 3.300970e-15
4054.000000 3.268320e-15
4056.000000 3.306370e-15
4058.000000 3.294740e-15
4060.000000 3.335040e-15
4062.000000 3.115150e-15
4064.000000 3.201080e-15
4066.000000 3.304090e-15
4068.000000 3.209340e-15
4070.000000 3.201860e-15
4072.000000 3.313390e-15
4074.000000 2.997350e-15
4076.000000 3.176120e-15
4078.000000 3.175640e-15
4080.000000 3.296270e-15
4082.000000 3.301450e-15
4084.000000 3.071850e-15
4086.000000 3.138270e-15
4088.000000 3.026920e-15
4090.000000 3.168630e-15
4092.000000 3.191820e-15
4094.000000 3.115910e-15
4096.000000 3.143670e-15
4098.000000 3.201300e-15
4100.000000 3.188360e-15
4102.000000 3.073010e-15
4104.000000 3.175730e-15
4106.000000 3.262500e-15
4108.000000 3.173850e-15
4110.000000 3.254570e-15
4112.000000 3.298970e-15
4114.000000 3.172330e-15
4116.000000 3.297650e-15
4118.000000 3.402100e-15
4120.000000 3.307060e-15
4122.000000 3.249690e-15
4124.000000 3.289860e-15
4126.000000 3.376370e-15
4128.000000 3.420020e-15
4130.000000 3.869250e-15
4132.000000 3.842910e-15
4134.000000 3.574570e-15
4136.000000 3.304300e-15
4138.000000 3.359620e-15
4140.000000 3.361750e-15
4142.000000 3.348980e-15
4144.000000 3.410500e-15
4146.000000 3.303370e-15
4148.000000 3.197730e-15
4150.000000 3.087540e-15
4152.000000 3.237160e-15
4154.000000 3.308430e-15
4156.000000 3.115710e-15
4158.000000 3.056870e-15
4160.000000 3.177360e-15
4162.000000 3.253560e-15
4164.000000 3.155100e-15
4166.000000 3.232700e-15
4168.000000 3.161450e-15
4170.000000 3.126220e-15
4172.000000 3.219130e-15
4174.000000 3.269220e-15
4176.000000 3.271140e-15
4178.000000 3.201210e-15
4180.000000 3.213260e-15
4182.000000 3.227690e-15
4184.000000 3.199460e-15
4186.000000 3.333460e-15
4188.000000 3.269500e-15
4190.000000 3.269680e-15
4192.000000 3.073530e-15
4194.000000 3.120290e-15
4196.000000 3.137540e-15
4198.000000 3.098140e-15
4200.000000 3.120030e-15
4202.000000 3.025560e-15
4204.000000 3.078270e-15
4206.000000 3.054020e-15
4208.000000 2.952350e-15
4210.000000 2.832230e-15
4212.000000 2.850680e-15
4214.000000 2.862740e-15
4216.000000 2.747560e-15
4218.000000 2.722340e-15
4220.000000 2.780800e-15
4222.000000 2.727530e-15
4224.000000 2.769850e-15
4226.000000 2.750210e-15
4228.000000 2.701500e-15
4230.000000 2.662270e-15
4232.000000 2.660450e-15
4234.000000 2.576210e-15
4236.000000 2.573170e-15
4238.000000 2.600050e-15
4240.000000 2.770740e-15
4242.000000 2.721160e-15
4244.000000 2.866430e-15
4246.000000 2.697860e-15
4248.000000 2.723970e-15
4250.000000 2.708310e-15
4252.000000 2.791060e-15
4254.000000 2.772510e-15
4256.000000 2.759610e-15
4258.000000 2.713670e-15
4260.000000 2.721400e-15
4262.000000 2.751120e-15
4264.000000 2.691210e-15
4266.000000 2.706570e-15
4268.000000 2.764940e-15
4270.000000 2.785560e-15
4272.000000 2.849460e-15
4274.000000 2.908210e-15
4276.000000 2.853840e-15
4278.000000 2.908040e-15
4280.000000 3.022110e-15
4282.000000 3.088180e-15
4284.000000 2.928620e-15
4286.000000 3.036980e-15
4288.000000 3.042470e-15
4290.000000 3.083280e-15
4292.000000 3.106890e-15
4294.000000 3.096360e-15
4296.000000 3.010660e-15
4298.000000 3.088860e-15
4300.000000 3.155740e-15
4302.000000 3.215590e-15
4304.000000 3.194080e-15
4306.000000 3.135350e-15
4308.000000 3.060420e-15
4310.000000 3.070710e-15
4312.000000 3.138780e-15
4314.000000 3.177150e-15
4316.000000 3.136640e-15
4318.000000 3.159860e-15
4320.000000 3.122980e-15
4322.000000 3.035290e-15
4324.000000 3.135400e-15
4326.000000 3.185370e-15
4328.000000 3.342730e-15
4330.000000 3.192020e-15
4332.000000 3.215450e-15
4334.000000 3.269230e-15
4336.000000 3.326090e-15
4338.000000 3.260490e-15
4340.000000 3.362170e-15
4342.000000 3.256830e-15
4344.000000 3.415240e-15
4346.000000 3.475590e-15
4348.000000 3.493330e-15
4350.000000 3.446070e-15
4352.000000 3.435500e-15
4354.000000 3.453310e-15
4356.000000 3.355030e-15
4358.000000 3.452900e-15
4360.000000 3.442910e-15
4362.000000 3.393870e-15
4364.000000 3.361480e-15
4366.000000 3.336710e-15
4368.000000 3.363310e-15
4370.000000 3.686400e-15
4372.000000 4.509690e-15
4374.000000 4.274660e-15
4376.000000 3.513830e-15
4378.000000 3.264430e-15
4380.000000 3.271960e-15
4382.000000 3.339550e-15
4384.000000 3.274990e-15
4386.000000 3.337500e-15
4388.000000 3.461660e-15
4390.000000 3.237390e-15
4392.000000 3.161110e-15
4394.000000 3.242300e-15
4396.000000 3.118910e-15
4398.000000 3.110930e-15
4400.000000 3.109050e-15
4402.000000 3.044140e-15
4404.000000 2.990680e-15
4406.000000 3.071570e-15
4408.000000 3.100700e-15
4410.000000 3.042590e-15
4412.000000 3.115320e-15
4414.000000 2.955810e-15
4416.000000 3.132680e-15
4418.000000 3.083220e-15
4420.000000 2.981920e-15
4422.000000 3.103320e-15
4424.000000 3.110350e-15
4426.000000 2.928660e-15
4428.000000 3.052260e-15
4430.000000 2.959690e-15
4432.000000 3.050900e-15
4434.000000 2.967730e-15
4436.000000 2.947670e-15
4438.000000 2.895430e-15
4440.000000 2.894240e-15
4442.000000 2.900510e-15
4444.000000 2.917230e-15
4446.000000 2.931240e-15
4448.000000 2.983850e-15
4450.000000 2.848780e-15
4452.000000 2.860830e-15
4454.000000 2.831820e-15
4456.000000 2.865470e-15
4458.000000 2.842250e-15
4460.000000 2.790850e-15
4462.000000 2.792530e-15
4464.000000 2.806240e-15
4466.000000 2.857210e-15
4468.000000 2.796080e-15
4470.000000 2.797250e-15
4472.000000 2.798200e-15
4474.000000 2.781360e-15
4476.000000 2.810920e-15
4478.000000 2.860470e-15
4480.000000 2.846310e-15
4482.000000 2.777870e-15
4484.000000 2.839090e-15
4486.000000 2.867310e-15
4488.000000 2.838110e-15
4490.000000 2.970560e-15
4492.000000 2.947040e-15
4494.000000 2.990730e-15
4496.000000 3.010200e-15
4498.000000 3.008940e-15
4500.000000 3.042160e-15
4502.000000 3.130700e-15
4504.000000 3.064720e-15
4506.000000 3.188110e-15
4508.000000 3.198730e-15
4510.000000 3.247890e-15
4512.000000 3.299860e-15
4514.000000 3.295090e-15
4516.000000 3.271750e-15
4518.000000 3.366770e-15
4520.000000 3.393340e-15
4522.000000 3.397500e-15
4524.000000 3.418370e-15
4526.000000 3.356250e-15
4528.000000 3.275190e-15
4530.000000 3.314110e-15
4532.000000 3.375080e-15
4534.000000 3.353550e-15
4536.000000 3.469730e-15
4538.000000 3.381440e-15
4540.000000 3.488590e-15
4542.000000 3.530500e-15
4544.000000 3.543730e-15
4546.000000 3.564560e-15
4548.000000 3.545450e-15
4550.000000 3.532080e-15
4552.000000 3.502220e-15
4554.000000 3.591070e-15
4556.000000 3.607830e-15
4558.000000 3.681010e-15
4560.000000 3.628370e-15
4562.000000 3.509650e-15
4564.000000 3.609360e-15
4566.000000 3.686480e-15
4568.000000 3.710780e-15
4570.000000 3.634970e-15
4572.000000 3.661030e-15
4574.000000 3.662120e-15
4576.000000 3.583860e-15
4578.000000 3.573920e-15
4580.000000 3.638070e-15
4582.000000 3.627990e-15
4584.000000 3.588950e-15
4586.000000 3.733540e-15
4588.000000 3.699230e-15
4590.000000 3.748530e-15
4592.000000 3.677720e-15
4594.000000 3.726600e-15
4596.000000 3.693680e-15
4598.000000 3.794630e-15
4600.000000 3.756980e-15
4602.000000 3.733860e-15
4604.000000 3.746780e-15
4606.000000 3.705770e-15
4608.000000 3.830990e-15
4610.000000 3.819690e-15
4612.000000 3.712130e-15
4614.000000 3.756730e-15
4616.000000 3.807680e-15
4618.000000 3.748430e-15
4620.000000 3.682000e-15
4622.000000 3.847400e-15
4624.000000 3.847070e-15
4626.000000 3.869620e-15
4628.000000 3.795400e-15
4630.000000 3.861210e-15
4632.000000 3.727080e-15
4634.000000 3.790950e-15
4636.000000 3.772550e-15
4638.000000 3.726150e-15
4640.000000 3.874100e-15
4642.000000 3.733060e-15
4644.000000 3.731040e-15
4646.000000 3.639710e-15
4648.000000 3.773410e-15
4650.000000 3.803900e-15
4652.000000 3.700440e-15
4654.000000 3.689580e-15
4656.000000 3.649370e-15
4658.000000 3.728730e-15
4660.000000 3.697760e-15
4662.000000 3.661990e-15
4664.000000 3.567870e-15
4666.000000 3.587980e-15
4668.000000 3.515270e-15
4670.000000 3.607830e-15
4672.000000 3.596800e-15
4674.000000 3.650300e-15
4676.000000 3.419260e-15
4678.000000 3.517970e-15
4680.000000 3.508300e-15
4682.000000 3.586110e-15
4684.000000 3.632400e-15
4686.000000 3.577460e-15
4688.000000 3.640560e-15
4690.000000 3.440600e-15
4692.000000 3.621130e-15
4694.000000 3.435970e-15
4696.000000 3.511190e-15
4698.000000 3.465590e-15
4700.000000 3.505770e-15
4702.000000 3.500860e-15
4704.000000 3.506050e-15
4706.000000 3.460890e-15
4708.000000 3.413340e-15
4710.000000 3.428800e-15
4712.000000 3.533130e-15
4714.000000 3.386370e-15
4716.000000 3.342230e-15
4718.000000 3.358830e-15
4720.000000 3.399050e-15
4722.000000 3.284180e-15
4724.000000 3.298060e-15
4726.000000 3.269510e-15
4728.000000 3.333270e-15
4730.000000 3.291740e-15
4732.000000 3.298180e-15
4734.000000 3.382800e-15
4736.000000 3.159390e-15
4738.000000 3.190270e-15
4740.000000 3.197290e-15
4742.000000 3.142350e-15
4744.000000 3.062690e-15
4746.000000 3.072150e-15
4748.000000 2.969790e-15
4750.000000 3.058920e-15
4752.000000 3.086020e-15
4754.000000 2.921290e-15
4756.000000 2.979110e-15
4758.000000 2.962410e-15
4760.000000 2.873250e-15
4762.000000 2.910310e-15
4764.000000 2.883710e-15
4766.000000 2.881970e-15
4768.000000 2.936030e-15
4770.000000 2.993800e-15
4772.000000 2.994230e-15
4774.000000 3.000590e-15
4776.000000 3.001040e-15
4778.000000 3.072480e-15
4780.000000 3.121710e-15
4782.000000 3.135810e-15
4784.000000 3.152800e-15
4786.000000 3.266260e-15
4788.000000 3.273790e-15
4790.000000 3.358560e-15
4792.000000 3.424940e-15
4794.000000 3.473980e-15
4796.000000 3.422100e-15
4798.000000 3.470730e-15
4800.000000 3.511690e-15
4802.000000 3.633030e-15
4804.000000 3.616600e-15
4806.000000 3.672400e-15
4808.000000 3.580670e-15
4810.000000 3.534480e-15
4812.000000 3.629720e-15
4814.000000 3.674390e-15
4816.000000 3.642640e-15
4818.000000 3.633940e-15
4820.000000 3.710540e-15
4822.000000 3.685140e-15
4824.000000 3.701800e-15
4826.000000 3.670370e-15
4828.000000 3.762500e-15
4830.000000 3.720330e-15
4832.000000 3.785120e-15
4834.000000 3.723480e-15
4836.000000 3.795410e-15
4838.000000 3.837500e-15
4840.000000 3.791060e-15
4842.000000 3.854450e-15
4844.000000 3.837730e-15
4846.000000 3.860140e-15
4848.000000 3.812480e-15
4850.000000 3.920750e-15
4852.000000 4.014950e-15
4854.000000 3.955990e-15
4856.000000 4.068700e-15
4858.000000 3.958480e-15
4860.000000 4.103710e-15
4862.000000 4.125240e-15
4864.000000 4.066270e-15
4866.000000 4.125600e-15
4868.000000 4.146440e-15
4870.000000 4.166010e-15
4872.000000 4.130380e-15
4874.000000 4.144730e-15
4876.000000 4.171970e-15
4878.000000 4.249320e-15
4880.000000 4.170300e-15
4882.000000 4.194450e-15
4884.000000 4.218250e-15
4886.000000 4.179950e-15
4888.000000 4.134820e-15
4890.000000 4.073430e-15
4892.000000 4.551380e-15
4894.000000 6.282320e-15
4896.000000 7.082730e-15
4898.000000 5.118310e-15
4900.000000 4.178020e-15
4902.000000 4.046210e-15
4904.000000 4.043060e-15
4906.000000 4.025540e-15
4908.000000 3.898860e-15
4910.000000 3.881800e-15
4912.000000 3.829540e-15
4914.000000 3.845600e-15
4916.000000 3.812760e-15
4918.000000 3.690070e-15
4920.000000 3.694710e-15
4922.000000 3.648110e-15
4924.000000 3.684440e-15
4926.000000 3.647940e-15
4928.000000 3.715740e-15
4930.000000 3.686170e-15
4932.000000 3.719820e-15
4934.000000 3.749600e-15
4936.000000 3.785010e-15
4938.000000 3.656490e-15
4940.000000 3.718650e-15
4942.000000 3.694530e-15
4944.000000 3.621900e-15
4946.000000 3.736280e-15
4948.000000 3.701710e-15
4950.000000 3.786620e-15
4952.000000 3.698370e-15
4954.000000 3.692290e-15
4956.000000 3.749320e-15
4958.000000 3.670640e-15
4960.000000 3.635030e-15
4962.000000 3.673560e-15
4964.000000 3.612360e-15
4966.000000 3.596420e-15
4968.000000 3.654220e-15
4970.000000 3.599500e-15
4972.000000 3.717920e-15
4974.000000 3.725570e-15
4976.000000 3.500600e-15
4978.000000 3.660500e-15
4980.000000 3.636770e-15
4982.000000 3.579390e-15
4984.000000 3.629590e-15
4986.000000 3.670740e-15
4988.000000 3.657420e-15
4990.000000 3.878300e-15
4992.000000 3.989990e-15
4994.000000 4.242060e-15
4996.000000 4.104860e-15
4998.000000 3.762840e-15
5000.000000 3.615300e-15
5002.000000 3.692320e-15
5004.000000 3.637200e-15
5006.000000 3.640760e-15
5008.000000 3.648650e-15
5010.000000 3.694620e-15
5012.000000 3.653430e-15
5014.000000 3.680550e-15
5016.000000 3.625510e-15
5018.000000 3.552690e-15
5020.000000 3.651400e-15
5022.000000 3.604850e-15
5024.000000 3.635850e-15
5026.000000 3.635940e-15
5028.000000 3.694690e-15
5030.000000 3.592300e-15
5032.000000 3.591760e-15
5034.000000 3.523870e-15
5036.000000 3.532300e-15
5038.000000 3.598510e-15
5040.000000 4.294690e-15
5042.000000 5.534180e-15
5044.000000 4.904320e-15
5046.000000 3.848860e-15
5048.000000 3.548760e-15
5050.000000 3.415900e-15
5052.000000 3.491210e-15
5054.000000 3.405140e-15
5056.000000 3.405860e-15
5058.000000 3.484940e-15
5060.000000 3.393280e-15
5062.000000 3.315850e-15
5064.000000 3.310040e-15
5066.000000 3.186650e-15
5068.000000 3.221970e-15
5070.000000 3.214240e-15
5072.000000 3.091150e-15
5074.000000 3.040920e-15
5076.000000 3.080640e-15
5078.000000 3.170240e-15
5080.000000 3.131330e-15
5082.000000 3.211700e-15
5084.000000 3.121240e-15
5086.000000 3.069920e-15
5088.000000 3.169370e-15
5090.000000 3.234720e-15
5092.000000 3.234460e-15
5094.000000 3.169880e-15
5096.000000 3.188310e-15
5098.000000 3.235110e-15
5100.000000 3.284960e-15
5102.000000 3.247920e-15
5104.000000 3.264460e-15
5106.000000 3.241250e-15
5108.000000 3.270040e-15
5110.000000 3.309100e-15
5112.000000 3.284360e-15
5114.000000 3.303350e-15
5116.000000 3.254560e-15
5118.000000 3.347630e-15
5120.000000 3.220110e-15
5122.000000 3.380780e-15
5124.000000 3.373310e-15
5126.000000 3.365670e-15
5128.000000 3.285500e-15
5130.000000 3.375870e-15
5132.000000 3.388310e-15
5134.000000 3.239040e-15
5136.000000 3.366810e-15
5138.000000 3.420350e-15
5140.000000 3.359510e-15
5142.000000 3.367380e-15
5144.000000 3.484560e-15
5146.000000 3.441800e-15
5148.000000 3.416900e-15
5150.000000 3.483330e-15
5152.000000 3.348510e-15
5154.000000 3.472340e-15
5156.000000 3.433400e-15
5158.000000 3.445190e-15
5160.000000 3.428560e-15
5162.000000 3.569330e-15
5164.000000 3.551200e-15
5166.000000 3.483500e-15
5168.000000 3.546630e-15
5170.000000 3.428650e-15
5172.000000 3.424760e-15
5174.000000 3.528710e-15
5176.000000 3.558360e-15
5178.000000 3.432810e-15
5180.000000 3.385870e-15
5182.000000 3.508150e-15
5184.000000 3.626500e-15
5186.000000 3.494620e-15
5188.000000 3.543950e-15
5190.000000 3.616170e-15
5192.000000 3.536520e-15
5194.000000 3.631900e-15
5196.000000 3.614960e-15
5198.000000 3.626240e-15
5200.000000 3.648090e-15
5202.000000 3.637250e-15
5204.000000 3.626880e-15
5206.000000 3.707160e-15
5208.000000 3.626650e-15
5210.000000 3.545040e-15
5212.000000 3.623310e-15
5214.000000 3.620280e-15
5216.000000 3.580250e-15
5218.000000 3.664580e-15
5220.000000 3.638700e-15
5222.000000 3.725180e-15
5224.000000 3.553270e-15
5226.000000 3.644440e-15
5228.000000 3.668130e-15
5230.000000 3.578280e-15
5232.000000 3.567610e-15
5234.000000 3.607320e-15
5236.000000 3.702410e-15
5238.000000 3.696950e-15
5240.000000 3.626120e-15
5242.000000 3.613750e-15
5244.000000 3.659050e-15
5246.000000 3.661040e-15
5248.000000 3.704380e-15
5250.000000 3.736550e-15
5252.000000 3.733050e-15
5254.000000 3.584440e-15
5256.000000 3.718260e-15
5258.000000 3.695080e-15
5260.000000 3.768370e-15
5262.000000 3.644660e-15
5264.000000 3.765270e-15
5266.000000 3.742670e-15
5268.000000 3.743710e-15
5270.000000 3.602070e-15
5272.000000 3.660960e-15
5274.000000 3.765890e-15
5276.000000 3.656710e-15
5278.000000 3.773720e-15
5280.000000 3.770260e-15
5282.000000 3.712600e-15
5284.000000 3.794960e-15
5286.000000 3.772790e-15
5288.000000 3.777920e-15
5290.000000 3.832110e-15
5292.000000 3.711420e-15
5294.000000 3.823910e-15
5296.000000 3.864580e-15
5298.000000 3.834070e-15
5300.000000 3.720920e-15
5302.000000 3.745370e-15
5304.000000 3.645700e-15
5306.000000 3.791220e-15
5308.000000 3.778630e-15
5310.000000 3.677710e-15
5312.000000 3.708680e-15
5314.000000 3.772820e-15
5316.000000 3.765700e-15
5318.000000 3.645370e-15
5320.000000 3.650310e-15
5322.000000 3.806200e-15
5324.000000 3.657940e-15
5326.000000 3.690320e-15
5328.000000 3.699000e-15
5330.000000 3.839980e-15
5332.000000 3.810390e-15
5334.000000 3.820490e-15
5336.000000 3.912600e-15
5338.000000 3.792520e-15
5340.000000 3.737760e-15
5342.000000 3.840340e-15
5344.000000 3.844590e-15
5346.000000 3.815760e-15
5348.000000 3.875550e-15
5350.000000 3.883230e-15
5352.000000 3.856010e-15
5354.000000 3.830020e-15
5356.000000 3.776390e-15
5358.000000 3.795910e-15
5360.000000 3.809380e-15
5362.000000 3.693290e-15
5364.000000 3.642780e-15
5366.000000 3.692080e-15
5368.000000 3.721980e-15
5370.000000 3.732050e-15
5372.000000 3.773520e-15
5374.000000 3.702710e-15
5376.000000 3.781270e-15
5378.000000 3.806230e-15
5380.000000 3.731460e-15
5382.000000 3.594480e-15
5384.000000 3.666490e-15
5386.000000 3.700080e-15
5388.000000 3.710200e-15
5390.000000 3.662540e-15
5392.000000 3.649180e-15
5394.000000 3.596060e-15
5396.000000 3.537480e-15
5398.000000 3.624510e-15
5400.000000 3.572120e-15
5402.000000 3.614660e-15
5404.000000 3.648540e-15
5406.000000 3.656460e-15
5408.000000 3.445610e-15
5410.000000 3.495240e-15
5412.000000 3.365830e-15
5414.000000 3.425660e-15
5416.000000 3.516880e-15
5418.000000 3.655990e-15
5420.000000 3.580460e-15
5422.000000 3.516490e-15
5424.000000 3.561060e-15
5426.000000 3.453320e-15
5428.000000 3.497650e-15
5430.000000 3.566420e-15
5432.000000 3.548990e-15
5434.000000 3.426810e-15
5436.000000 3.519590e-15
5438.000000 3.475990e-15
5440.000000 3.508500e-15
5442.000000 3.434320e-15
5444.000000 3.420040e-15
5446.000000 3.399420e-15
5448.000000 3.497890e-15
5450.000000 3.467980e-15
5452.000000 3.423370e-15
5454.000000 3.469140e-15
5456.000000 3.466320e-15
5458.000000 3.662520e-15
5460.000000 3.670800e-15
5462.000000 3.605570e-15
5464.000000 3.533000e-15
5466.000000 3.515220e-15
5468.000000 3.566980e-15
5470.000000 3.555440e-15
5472.000000 3.568210e-15
5474.000000 3.527210e-15
5476.000000 3.510060e-15
5478.000000 3.453210e-15
5480.000000 3.529870e-15
5482.000000 3.494090e-15
5484.000000 3.565790e-15
5486.000000 3.500760e-15
5488.000000 3.583900e-15
5490.000000 3.526410e-15
5492.000000 3.510330e-15
5494.000000 3.487660e-15
5496.000000 3.498290e-15
5498.000000 3.552270e-15
5500.000000 3.512260e-15
5502.000000 3.554240e-15
5504.000000 3.468800e-15
5506.000000 3.525460e-15
5508.000000 3.457350e-15
5510.000000 3.471010e-15
5512.000000 3.541800e-15
5514.000000 3.563250e-15
5516.000000 3.561310e-15
5518.000000 3.547890e-15
5520.000000 3.559990e-15
5522.000000 3.582260e-15
5524.000000 3.560470e-15
5526.000000 3.489710e-15
5528.000000 3.451410e-15
5530.000000 3.416270e-15
5532.000000 3.400850e-15
5534.000000 3.408720e-15
5536.000000 3.433790e-15
5538.000000 3.478050e-15
5540.000000 3.548130e-15
5542.000000 3.561710e-15
5544.000000 3.533930e-15
5546.000000 3.503020e-15
5548.000000 3.437380e-15
5550.000000 3.400050e-15
5552.000000 3.423380e-15
5554.000000 3.474300e-15
5556.000000 3.506420e-15
5558.000000 3.549650e-15
5560.000000 3.539380e-15
5562.000000 3.474040e-15
5564.000000 3.420700e-15
5566.000000 3.362470e-15
5568.000000 3.321170e-15
5570.000000 3.316120e-15
5572.000000 3.336280e-15
5574.000000 3.367300e-15
5576.000000 3.443710e-15
5578.000000 3.456430e-15
5580.000000 3.410430e-15
5582.000000 3.385490e-15
5584.000000 3.394010e-15
5586.000000 3.408760e-15
5588.000000 3.406520e-15
5590.000000 3.395420e-15
5592.000000 3.410520e-15
5594.000000 3.464010e-15
5596.000000 3.476660e-15
5598.000000 3.458420e-15
5600.000000 3.433430e-15
5602.000000 3.399780e-15
5604.000000 3.366280e-15
5606.000000 3.360550e-15
5608.000000 3.372390e-15
5610.000000 3.398140e-15
5612.000000 3.460650e-15
5614.000000 3.491210e-15
5616.000000 3.485440e-15
5618.000000 3.480130e-15
5620.000000 3.501880e-15
5622.000000 3.530020e-15
5624.000000 3.510170e-15
5626.000000 3.432160e-15
5628.000000 3.415910e-15
5630.000000 3.445420e-15
5632.000000 3.461500e-15
5634.000000 3.457040e-15
5636.000000 3.453300e-15
5638.000000 3.468480e-15
5640.000000 3.495040e-15
5642.000000 3.499020e-15
5644.000000 3.486000e-15
5646.000000 3.475800e-15
5648.000000 3.455750e-15
5650.000000 3.446940e-15
5652.000000 3.459680e-15
5654.000000 3.478320e-15
5656.000000 3.481260e-15
5658.000000 3.475650e-15
5660.000000 3.473080e-15
5662.000000 3.462460e-15
5664.000000 3.467620e-15
5666.000000 3.501630e-15
5668.000000 3.519690e-15
5670.000000 3.492840e-15
5672.000000 3.446250e-15
5674.000000 3.429960e-15
5676.000000 3.430760e-15
5678.000000 3.425440e-15
5680.000000 3.425030e-15
5682.000000 3.417300e-15
5684.000000 3.392980e-15
5686.000000 3.375870e-15
5688.000000 3.390210e-15
5690.000000 3.423730e-15
5692.000000 3.431820e-15
5694.000000 3.427640e-15
5696.000000 3.418540e-15
5698.000000 3.387720e-15
5700.000000 3.377390e-15
5702.000000 3.408860e-15
5704.000000 3.443770e-15
5706.000000 3.430800e-15
5708.000000 3.384830e-15
5710.000000 3.368260e-15
5712.000000 3.364420e-15
5714.000000 3.361840e-15
5716.000000 3.362700e-15
5718.000000 3.367380e-15
5720.000000 3.382790e-15
5722.000000 3.398180e-15
5724.000000 3.380820e-15
5726.000000 3.329440e-15
5728.000000 3.312230e-15
5730.000000 3.310540e-15
5732.000000 3.317310e-15
5734.000000 3.348790e-15
5736.000000 3.367530e-15
5738.000000 3.340490e-15
5740.000000 3.286980e-15
5742.000000 3.254890e-15
5744.000000 3.223600e-15
5746.000000 3.207020e-15
5748.000000 3.203950e-15
5750.000000 3.206000e-15
5752.000000 3.216110e-15
5754.000000 3.227850e-15
5756.000000 3.233010e-15
5758.000000 3.235830e-15
5760.000000 3.226350e-15
5762.000000 3.197780e-15
5764.000000 3.183480e-15
5766.000000 3.179000e-15
5768.000000 3.175800e-15
5770.000000 3.175550e-15
5772.000000 3.173340e-15
5774.000000 3.153920e-15
5776.000000 3.120750e-15
5778.000000 3.087870e-15
5780.000000 3.020590e-15
5782.000000 3.014350e-15
5784.000000 3.093410e-15
5786.000000 3.164630e-15
5788.000000 3.169590e-15
5790.000000 3.144820e-15
5792.000000 3.144230e-15
5794.000000 3.150470e-15
5796.000000 3.156140e-15
5798.000000 3.160070e-15
5800.000000 3.172280e-15
5802.000000 3.197340e-15
5804.000000 3.224550e-15
5806.000000 3.247310e-15
5808.000000 3.269620e-15
5810.000000 3.262030e-15
5812.000000 3.213030e-15
5814.000000 3.194380e-15
5816.000000 3.192380e-15
5818.000000 3.195080e-15
5820.000000 3.196660e-15
5822.000000 3.205630e-15
5824.000000 3.237920e-15
5826.000000 3.295810e-15
5828.000000 3.319900e-15
5830.000000 3.319270e-15
5832.000000 3.324960e-15
5834.000000 3.333110e-15
5836.000000 3.340470e-15
5838.000000 3.347490e-15
5840.000000 3.353040e-15
5842.000000 3.351130e-15
5844.000000 3.345960e-15
5846.000000 3.328960e-15
5848.000000 3.282670e-15
5850.000000 3.267750e-15
5852.000000 3.300280e-15
5854.000000 3.334720e-15
5856.000000 3.333260e-15
5858.000000 3.313600e-15
5860.000000 3.305060e-15
5862.000000 3.294300e-15
5864.000000 3.292780e-15
5866.000000 3.298450e-15
5868.000000 3.308250e-15
5870.000000 3.327840e-15
5872.000000 3.345720e-15
5874.000000 3.341020e-15
5876.000000 3.318710e-15
5878.000000 3.310070e-15
5880.000000 3.297870e-15
5882.000000 3.305430e-15
5884.000000 3.356230e-15
5886.000000 3.376630e-15
5888.000000 3.320890e-15
5890.000000 3.233370e-15
5892.000000 3.195660e-15
5894.000000 3.170920e-15
5896.000000 3.189620e-15
5898.000000 3.280940e-15
5900.000000 3.326410e-15
5902.000000 3.309160e-15
5904.000000 3.296100e-15
5906.000000 3.335940e-15
5908.000000 3.402670e-15
5910.000000 3.445270e-15
5912.000000 3.489300e-15
5914.000000 3.507430e-15
5916.000000 3.504210e-15
5918.000000 3.489540e-15
5920.000000 3.460040e-15
5922.000000 3.423260e-15
5924.000000 3.392800e-15
5926.000000 3.364780e-15
5928.000000 3.316630e-15
5930.000000 3.231530e-15
5932.000000 3.189160e-15
5934.000000 3.175670e-15
5936.000000 3.181600e-15
5938.000000 3.213010e-15
5940.000000 3.257910e-15
5942.000000 3.283570e-15
5944.000000 3.303400e-15
5946.000000 3.312620e-15
5948.000000 3.307700e-15
5950.000000 3.304310e-15
5952.000000 3.299340e-15
5954.000000 3.295640e-15
5956.000000 3.296900e-15
5958.000000 3.300530e-15
5960.000000 3.298490e-15
5962.000000 3.291310e-15
5964.000000 3.287710e-15
5966.000000 3.286490e-15
5968.000000 3.283590e-15
5970.000000 3.276400e-15
5972.000000 3.270670e-15
5974.000000 3.274520e-15
5976.000000 3.285500e-15
5978.000000 3.280930e-15
5980.000000 3.252320e-15
5982.000000 3.253170e-15
5984.000000 3.288600e-15
5986.000000 3.308740e-15
5988.000000 3.291630e-15
5990.000000 3.265300e-15
5992.000000 3.270190e-15
5994.000000 3.297130e-15
5996.000000 3.302900e-15
5998.000000 3.297880e-15
6000.000000 3.292230e-15
6002.000000 3.281430e-15
6004.000000 3.272960e-15
6006.000000 3.273770e-15
6008.000000 3.278030e-15
6010.000000 3.269650e-15
6012.000000 3.247310e-15
6014.000000 3.240440e-15
6016.000000 3.239560e-15
6018.000000 3.246680e-15
6020.000000 3.271160e-15
6022.000000 3.291570e-15
6024.000000 3.285090e-15
6026.000000 3.261850e-15
6028.000000 3.248990e-15
6030.000000 3.233080e-15
6032.000000 3.228470e-15
6034.000000 3.241740e-15
6036.000000 3.243620e-15
6038.000000 3.222240e-15
6040.000000 3.195590e-15
6042.000000 3.186170e-15
6044.000000 3.185940e-15
6046.000000 3.186440e-15
6048.000000 3.196600e-15
6050.000000 3.196340e-15
6052.000000 3.182260e-15
6054.000000 3.172760e-15
6056.000000 3.175940e-15
6058.000000 3.186170e-15
6060.000000 3.200030e-15
6062.000000 3.224620e-15
6064.000000 3.233300e-15
6066.000000 3.229330e-15
6068.000000 3.227440e-15
6070.000000 3.225770e-15
6072.000000 3.225870e-15
6074.000000 3.230910e-15
6076.000000 3.239190e-15
6078.000000 3.243640e-15
6080.000000 3.243580e-15
6082.000000 3.249710e-15
6084.000000 3.258670e-15
6086.000000 3.271300e-15
6088.000000 3.294630e-15
6090.000000 3.314490e-15
6092.000000 3.308600e-15
6094.000000 3.283040e-15
6096.000000 3.271570e-15
6098.000000 3.255400e-15
6100.000000 3.260140e-15
6102.000000 3.294860e-15
6104.000000 3.321050e-15
6106.000000 3.324590e-15
6108.000000 3.316420e-15
6110.000000 3.302340e-15
6112.000000 3.274430e-15
6114.000000 3.262240e-15
6116.000000 3.262480e-15
6118.000000 3.257070e-15
6120.000000 3.245460e-15
6122.000000 3.234010e-15
6124.000000 3.227130e-15
6126.000000 3.222110e-15
6128.000000 3.211480e-15
6130.000000 3.189320e-15
6132.000000 3.186830e-15
6134.000000 3.201600e-15
6136.000000 3.213810e-15
6138.000000 3.222520e-15
6140.000000 3.229560e-15
6142.000000 3.233940e-15
6144.000000 3.235960e-15
6146.000000 3.237720e-15
6148.000000 3.238070e-15
6150.000000 3.238570e-15
6152.000000 3.239530e-15
6154.000000 3.239120e-15
6156.000000 3.236480e-15
6158.000000 3.232640e-15
6160.000000 3.228470e-15
6162.000000 3.221640e-15
6164.000000 3.224100e-15
6166.000000 3.239400e-15
6168.000000 3.244520e-15
6170.000000 3.240560e-15
6172.000000 3.233050e-15
6174.000000 3.220690e-15
6176.000000 3.206340e-15
6178.000000 3.210290e-15
6180.000000 3.233850e-15
6182.000000 3.242960e-15
6184.000000 3.246080e-15
6186.000000 3.248210e-15
6188.000000 3.248080e-15
6190.000000 3.248150e-15
6192.000000 3.252810e-15
6194.000000 3.260440e-15
6196.000000 3.258190e-15
6198.000000 3.246820e-15
6200.000000 3.238280e-15
6202.000000 3.228710e-15
6204.000000 3.220380e-15
6206.000000 3.217040e-15
6208.000000 3.212160e-15
6210.000000 3.193520e-15
6212.000000 3.163060e-15
6214.000000 3.142080e-15
6216.000000 3.124950e-15
6218.000000 3.108070e-15
6220.000000 3.095610e-15
6222.000000 3.078380e-15
6224.000000 3.049160e-15
6226.000000 3.014520e-15
6228.000000 2.989440e-15
6230.000000 2.966760e-15
6232.000000 2.953730e-15
6234.000000 2.955070e-15
6236.000000 2.949800e-15
6238.000000 2.937340e-15
6240.000000 2.922400e-15
6242.000000 2.906570e-15
6244.000000 2.889160e-15
6246.000000 2.875510e-15
6248.000000 2.858300e-15
6250.000000 2.856270e-15
6252.000000 2.872390e-15
6254.000000 2.883350e-15
6256.000000 2.885010e-15
6258.000000 2.882900e-15
6260.000000 2.879950e-15
6262.000000 2.874900e-15
6264.000000 2.868220e-15
6266.000000 2.853710e-15
6268.000000 2.851120e-15
6270.000000 2.855900e-15
6272.000000 2.869740e-15
6274.000000 2.899450e-15
6276.000000 2.935420e-15
6278.000000 2.950560e-15
6280.000000 2.949970e-15
6282.000000 2.958470e-15
6284.000000 2.975320e-15
6286.000000 2.979330e-15
6288.000000 2.954940e-15
6290.000000 2.944670e-15
6292.000000 2.985550e-15
6294.000000 3.056290e-15
6296.000000 3.099220e-15
6298.000000 3.152800e-15
6300.000000 3.151980e-15
6302.000000 3.087040e-15
6304.000000 3.041590e-15
6306.000000 3.024570e-15
6308.000000 3.020470e-15
6310.000000 3.024840e-15
6312.000000 3.040380e-15
6314.000000 3.056780e-15
6316.000000 3.087220e-15
6318.000000 3.099330e-15
6320.000000 3.092890e-15
6322.000000 3.088120e-15
6324.000000 3.090150e-15
6326.000000 3.095700e-15
6328.000000 3.107340e-15
6330.000000 3.128030e-15
6332.000000 3.135560e-15
6334.000000 3.134810e-15
6336.000000 3.132150e-15
6338.000000 3.121100e-15
6340.000000 3.115670e-15
6342.000000 3.125810e-15
6344.000000 3.145430e-15
6346.000000 3.166040e-15
6348.000000 3.205040e-15
6350.000000 3.207310e-15
6352.000000 3.172200e-15
6354.000000 3.150050e-15
6356.000000 3.144210e-15
6358.000000 3.145160e-15
6360.000000 3.150100e-15
6362.000000 3.160680e-15
6364.000000 3.167330e-15
6366.000000 3.175030e-15
6368.000000 3.177810e-15
6370.000000 3.175790e-15
6372.000000 3.172730e-15
6374.000000 3.166500e-15
6376.000000 3.161740e-15
6378.000000 3.171050e-15
6380.000000 3.195640e-15
6382.000000 3.194180e-15
6384.000000 3.174320e-15
6386.000000 3.153270e-15
6388.000000 3.109760e-15
6390.000000 3.091040e-15
6392.000000 3.139140e-15
6394.000000 3.216820e-15
6396.000000 3.225200e-15
6398.000000 3.195530e-15
6400.000000 3.147560e-15
6402.000000 3.022270e-15
6404.000000 2.979960e-15
6406.000000 3.063290e-15
6408.000000 3.154390e-15
6410.000000 3.154660e-15
6412.000000 3.109480e-15
6414.000000 3.086080e-15
6416.000000 3.051410e-15
6418.000000 3.040210e-15
6420.000000 3.048070e-15
6422.000000 3.060990e-15
6424.000000 3.080610e-15
6426.000000 3.101740e-15
6428.000000 3.111350e-15
6430.000000 3.112810e-15
6432.000000 3.122360e-15
6434.000000 3.142220e-15
6436.000000 3.148350e-15
6438.000000 3.134840e-15
6440.000000 3.129080e-15
6442.000000 3.138860e-15
6444.000000 3.161570e-15
6446.000000 3.211130e-15
6448.000000 3.295550e-15
6450.000000 3.353060e-15
6452.000000 3.408740e-15
6454.000000 3.443380e-15
6456.000000 3.446040e-15
6458.000000 3.446720e-15
6460.000000 3.469090e-15
6462.000000 3.501030e-15
6464.000000 3.524750e-15
6466.000000 3.542850e-15
6468.000000 3.567560e-15
6470.000000 3.596910e-15
6472.000000 3.626300e-15
6474.000000 3.658460e-15
6476.000000 3.687460e-15
6478.000000 3.700940e-15
6480.000000 3.700440e-15
6482.000000 3.727140e-15
6484.000000 3.777360e-15
6486.000000 3.819140e-15
6488.000000 3.860290e-15
6490.000000 3.898170e-15
6492.000000 3.933530e-15
6494.000000 3.964080e-15
6496.000000 3.980680e-15
6498.000000 3.980830e-15
6500.000000 3.996430e-15
6502.000000 4.021790e-15
6504.000000 4.043920e-15
6506.000000 4.066040e-15
6508.000000 4.084090e-15
6510.000000 4.092130e-15
6512.000000 4.094540e-15
6514.000000 4.108880e-15
6516.000000 4.134500e-15
6518.000000 4.150780e-15
6520.000000 4.154350e-15
6522.000000 4.173020e-15
6524.000000 4.221430e-15
6526.000000 4.267710e-15
6528.000000 4.274590e-15
6530.000000 4.255490e-15
6532.000000 4.262590e-15
6534.000000 4.280350e-15
6536.000000 4.302970e-15
6538.000000 4.345690e-15
6540.000000 4.370380e-15
6542.000000 4.360240e-15
6544.000000 4.335690e-15
6546.000000 4.322790e-15
6548.000000 4.308060e-15
6550.000000 4.311870e-15
6552.000000 4.333740e-15
6554.000000 4.354960e-15
6556.000000 4.386260e-15
6558.000000 4.407640e-15
6560.000000 4.400640e-15
6562.000000 4.380310e-15
6564.000000 4.388770e-15
6566.000000 4.424790e-15
6568.000000 4.431860e-15
6570.000000 4.415230e-15
6572.000000 4.409760e-15
6574.000000 4.421150e-15
6576.000000 4.433320e-15
6578.000000 4.430360e-15
6580.000000 4.418820e-15
6582.000000 4.434290e-15
6584.000000 4.442800e-15
6586.000000 4.518560e-15
6588.000000 4.680550e-15
6590.000000 4.821060e-15
6592.000000 4.914500e-15
6594.000000 4.990720e-15
6596.000000 5.025600e-15
6598.000000 4.941730e-15
6618.000000 5.026530e-15
6620.000000 4.881600e-15
6622.000000 4.890770e-15
6624.000000 5.187250e-15
6626.000000 5.499420e-15
6628.000000 5.605870e-15
6630.000000 5.610610e-15
6632.000000 5.422850e-15
6634.000000 4.914080e-15
6636.000000 4.631360e-15
6638.000000 4.428940e-15
6640.000000 4.281990e-15
6642.000000 4.206370e-15
6644.000000 4.167900e-15
6646.000000 4.113270e-15
6648.000000 4.065410e-15
6650.000000 4.016980e-15
6652.000000 3.963800e-15
6654.000000 3.927310e-15
6656.000000 3.907180e-15
6658.000000 3.892660e-15
6660.000000 3.880630e-15
6662.000000 3.872840e-15
6664.000000 3.868370e-15
6666.000000 3.869630e-15
6668.000000 3.866260e-15
6670.000000 3.868140e-15
6672.000000 3.854510e-15
6674.000000 3.817670e-15
6676.000000 3.781740e-15
6678.000000 3.762400e-15
6680.000000 3.751540e-15
6682.000000 3.745720e-15
6684.000000 3.759360e-15
6686.000000 3.744820e-15
6688.000000 3.698310e-15
6690.000000 3.671720e-15
6692.000000 3.683710e-15
6694.000000 3.695870e-15
6696.000000 3.662850e-15
6698.000000 3.599000e-15
6700.000000 3.580230e-15
6702.000000 3.604600e-15
6704.000000 3.595740e-15
6706.000000 3.560170e-15
6708.000000 3.527720e-15
6710.000000 3.504650e-15
6712.000000 3.487600e-15
6714.000000 3.482720e-15
6716.000000 3.491740e-15
6718.000000 3.490680e-15
6720.000000 3.486800e-15
6722.000000 3.480800e-15
6724.000000 3.473470e-15
6726.000000 3.462610e-15
6728.000000 3.445540e-15
6730.000000 3.424570e-15
6732.000000 3.408070e-15
6734.000000 3.390720e-15
6736.000000 3.381670e-15
6738.000000 3.381610e-15
6740.000000 3.380360e-15
6742.000000 3.382710e-15
6744.000000 3.378680e-15
6746.000000 3.352320e-15
6748.000000 3.309340e-15
6750.000000 3.292440e-15
6752.000000 3.261600e-15
6754.000000 3.303270e-15
6756.000000 3.431260e-15
6758.000000 3.546370e-15
6760.000000 3.643120e-15
6762.000000 3.711870e-15
6764.000000 3.695440e-15
6766.000000 3.599400e-15
6768.000000 3.543740e-15
6770.000000 3.461580e-15
6772.000000 3.445390e-15
6774.000000 3.526520e-15
6776.000000 3.584720e-15
6778.000000 3.556340e-15
6780.000000 3.485780e-15
6782.000000 3.424850e-15
6784.000000 3.345070e-15
6786.000000 3.287480e-15
6788.000000 3.242260e-15
6790.000000 3.201760e-15
6792.000000 3.164520e-15
6794.000000 3.135010e-15
6796.000000 3.116080e-15
6798.000000 3.106420e-15
6800.000000 3.108520e-15
6802.000000 3.135580e-15
6804.000000 3.139740e-15
6806.000000 3.129730e-15
6808.000000 3.118010e-15
6810.000000 3.100290e-15
6812.000000 3.086560e-15
6814.000000 3.098710e-15
6816.000000 3.133180e-15
6818.000000 3.141970e-15
6820.000000 3.136340e-15
6822.000000 3.129830e-15
6824.000000 3.117330e-15
6826.000000 3.105400e-15
6828.000000 3.097960e-15
6830.000000 3.091470e-15
6832.000000 3.079470e-15
6834.000000 3.059220e-15
6836.000000 3.055520e-15
6838.000000 3.067310e-15
6840.000000 3.074480e-15
6842.000000 3.082700e-15
6844.000000 3.083030e-15
6846.000000 3.062010e-15
6848.000000 3.028010e-15
6850.000000 3.021490e-15
6852.000000 3.039300e-15
6854.000000 3.043270e-15
6856.000000 3.058760e-15
6858.000000 3.044420e-15
6860.000000 2.983610e-15
6862.000000 2.908770e-15
6864.000000 2.848090e-15
6866.000000 2.783880e-15
6868.000000 2.786240e-15
6870.000000 2.859490e-15
6872.000000 2.913890e-15
6874.000000 2.984490e-15
6876.000000 3.029730e-15
6878.000000 3.028670e-15
6880.000000 3.003380e-15
6882.000000 2.984060e-15
6884.000000 2.955900e-15
6886.000000 2.936690e-15
6888.000000 2.917770e-15
6890.000000 2.909010e-15
6892.000000 2.914990e-15
6894.000000 2.921300e-15
6896.000000 2.918280e-15
6898.000000 2.911700e-15
6900.000000 2.910130e-15
6902.000000 2.908350e-15
6904.000000 2.914590e-15
6906.000000 2.934600e-15
6908.000000 2.944180e-15
6910.000000 2.940390e-15
6912.000000 2.930350e-15
6914.000000 2.916880e-15
6916.000000 2.897930e-15
6918.000000 2.890310e-15
6920.000000 2.892960e-15
6922.000000 2.890710e-15
6924.000000 2.884890e-15
6926.000000 2.882020e-15
6928.000000 2.885420e-15
6930.000000 2.890530e-15
6932.000000 2.890090e-15
6934.000000 2.885730e-15
6936.000000 2.885390e-15
6938.000000 2.885900e-15
6940.000000 2.889380e-15
6942.000000 2.903020e-15
6944.000000 2.907670e-15
6946.000000 2.886440e-15
6948.000000 2.853880e-15
6950.000000 2.850060e-15
6952.000000 2.866700e-15
6954.000000 2.878030e-15
6956.000000 2.895550e-15
6958.000000 2.907860e-15
6960.000000 2.912030e-15
6962.000000 2.916010e-15
6964.000000 2.929220e-15
6966.000000 2.947620e-15
6968.000000 2.944270e-15
6970.000000 2.915400e-15
6972.000000 2.904740e-15
6974.000000 2.903770e-15
6976.000000 2.903770e-15
6978.000000 2.905330e-15
6980.000000 2.906030e-15
6982.000000 2.899100e-15
6984.000000 2.886300e-15
6986.000000 2.875420e-15
6988.000000 2.858340e-15
6990.000000 2.853230e-15
6992.000000 2.859910e-15
6994.000000 2.870100e-15
6996.000000 2.879650e-15
6998.000000 2.891970e-15
7000.000000 2.913570e-15
7002.000000 2.951840e-15
7004.000000 2.961760e-15
7006.000000 2.949580e-15
7008.000000 2.938010e-15
7010.000000 2.924480e-15
7012.000000 2.910580e-15
7014.000000 2.899470e-15
7016.000000 2.889530e-15
7018.000000 2.877880e-15
7020.000000 2.855050e-15
7022.000000 2.856990e-15
7024.000000 2.891370e-15
7026.000000 2.906370e-15
7028.000000 2.888790e-15
7030.000000 2.861180e-15
7032.000000 2.841690e-15
7034.000000 2.819780e-15
7036.000000 2.826530e-15
7038.000000 2.865680e-15
7040.000000 2.891940e-15
7042.000000 2.922710e-15
7044.000000 2.936780e-15
7046.000000 2.919540e-15
7048.000000 2.887420e-15
7050.000000 2.870450e-15
7052.000000 2.856950e-15
7054.000000 2.848330e-15
7056.000000 2.844000e-15
7058.000000 2.844420e-15
7060.000000 2.853180e-15
7062.000000 2.861400e-15
7064.000000 2.862470e-15
7066.000000 2.860150e-15
7068.000000 2.860330e-15
7070.000000 2.868550e-15
7072.000000 2.856930e-15
7074.000000 2.817260e-15
7076.000000 2.797650e-15
7078.000000 2.812050e-15
7080.000000 2.830710e-15
7082.000000 2.822610e-15
7084.000000 2.798970e-15
7086.000000 2.796790e-15
7088.000000 2.805450e-15
7090.000000 2.819660e-15
7092.000000 2.851830e-15
7094.000000 2.871340e-15
7096.000000 2.863030e-15
7098.000000 2.845580e-15
7100.000000 2.847200e-15
7102.000000 2.860410e-15
7104.000000 2.864060e-15
7106.000000 2.867600e-15
7108.000000 2.862070e-15
7110.000000 2.841380e-15
7112.000000 2.824090e-15
7114.000000 2.819120e-15
7116.000000 2.822080e-15
7118.000000 2.837930e-15
7120.000000 2.878350e-15
7122.000000 2.889620e-15
7124.000000 2.885820e-15
7126.000000 2.872670e-15
7128.000000 2.843740e-15
7130.000000 2.812980e-15
7132.000000 2.794570e-15
7134.000000 2.782080e-15
7136.000000 2.775860e-15
7138.000000 2.775260e-15
7140.000000 2.782040e-15
7142.000000 2.801390e-15
7144.000000 2.817480e-15
7146.000000 2.829360e-15
7148.000000 2.835850e-15
7150.000000 2.829690e-15
7152.000000 2.813070e-15
7154.000000 2.791340e-15
7156.000000 2.749290e-15
7158.000000 2.730290e-15
7160.000000 2.734740e-15
7162.000000 2.742180e-15
7164.000000 2.745330e-15
7166.000000 2.747830e-15
7168.000000 2.745120e-15
7170.000000 2.734310e-15
7172.000000 2.735490e-15
7174.000000 2.750150e-15
7176.000000 2.755340e-15
7178.000000 2.743550e-15
7180.000000 2.736000e-15
7182.000000 2.751050e-15
7184.000000 2.779770e-15
7186.000000 2.801630e-15
7188.000000 2.827500e-15
7190.000000 2.844250e-15
7192.000000 2.856700e-15
7194.000000 2.861510e-15
7196.000000 2.857640e-15
7198.000000 2.846780e-15
7200.000000 2.829610e-15
7202.000000 2.804470e-15
7204.000000 2.784190e-15
7206.000000 2.766550e-15
7208.000000 2.745290e-15
7210.000000 2.712570e-15
7212.000000 2.692500e-15
7214.000000 2.696640e-15
7216.000000 2.714850e-15
7218.000000 2.734860e-15
7220.000000 2.767030e-15
7222.000000 2.783010e-15
7224.000000 2.796120e-15
7226.000000 2.792050e-15
7228.000000 2.764190e-15
7230.000000 2.732030e-15
7232.000000 2.702780e-15
7234.000000 2.674750e-15
7236.000000 2.684970e-15
7238.000000 2.752510e-15
7240.000000 2.763550e-15
7242.000000 2.741350e-15
7244.000000 2.715020e-15
7246.000000 2.672660e-15
7248.000000 2.640280e-15
7250.000000 2.663100e-15
7252.000000 2.728330e-15
7254.000000 2.747540e-15
7256.000000 2.747960e-15
7258.000000 2.735520e-15
7260.000000 2.693460e-15
7262.000000 2.663710e-15
7264.000000 2.664550e-15
7266.000000 2.676620e-15
7268.000000 2.673950e-15
7270.000000 2.663020e-15
7272.000000 2.663910e-15
7274.000000 2.674560e-15
7276.000000 2.681800e-15
7278.000000 2.686420e-15
7280.000000 2.690830e-15
7282.000000 2.695650e-15
7284.000000 2.700680e-15
7286.000000 2.707490e-15
7288.000000 2.720270e-15
7290.000000 2.720690e-15
7292.000000 2.703880e-15
7294.000000 2.700380e-15
7296.000000 2.718730e-15
7298.000000 2.738720e-15
7300.000000 2.745060e-15
7302.000000 2.745330e-15
7304.000000 2.719960e-15
7306.000000 2.646910e-15
7308.000000 2.621970e-15
7310.000000 2.631260e-15
7312.000000 2.647330e-15
7314.000000 2.671690e-15
7316.000000 2.696080e-15
7318.000000 2.691830e-15
7320.000000 2.660220e-15
7322.000000 2.669320e-15
7324.000000 2.719680e-15
7326.000000 2.740940e-15
7328.000000 2.739850e-15
7330.000000 2.728390e-15
7332.000000 2.704730e-15
7334.000000 2.674060e-15
7336.000000 2.666890e-15
7338.000000 2.678300e-15
7340.000000 2.682120e-15
7342.000000 2.694530e-15
7344.000000 2.690360e-15
7346.000000 2.657820e-15
7348.000000 2.627250e-15
7350.000000 2.624830e-15
7352.000000 2.638430e-15
7354.000000 2.654350e-15
7356.000000 2.693800e-15
7358.000000 2.700460e-15
7360.000000 2.674330e-15
7362.000000 2.658640e-15
7364.000000 2.665690e-15
7366.000000 2.677620e-15
7368.000000 2.676030e-15
7370.000000 2.667030e-15
7372.000000 2.662520e-15
7374.000000 2.665020e-15
7376.000000 2.654020e-15
7378.000000 2.621720e-15
7380.000000 2.598810e-15
7382.000000 2.599930e-15
7384.000000 2.613410e-15
7386.000000 2.625860e-15
7388.000000 2.646620e-15
7390.000000 2.655180e-15
7392.000000 2.649330e-15
7394.000000 2.655070e-15
7396.000000 2.678480e-15
7398.000000 2.699540e-15
7400.000000 2.704720e-15
7402.000000 2.700710e-15
7404.000000 2.690050e-15
7406.000000 2.660210e-15
7408.000000 2.651480e-15
7410.000000 2.660360e-15
7412.000000 2.663100e-15
7414.000000 2.655360e-15
7416.000000 2.644530e-15
7418.000000 2.635350e-15
7420.000000 2.625150e-15
7422.000000 2.621650e-15
7424.000000 2.622420e-15
7426.000000 2.627220e-15
7428.000000 2.645020e-15
7430.000000 2.651830e-15
7432.000000 2.631180e-15
7434.000000 2.602900e-15
7436.000000 2.605070e-15
7438.000000 2.628140e-15
7440.000000 2.645340e-15
7442.000000 2.677360e-15
7444.000000 2.685420e-15
7446.000000 2.662120e-15
7448.000000 2.637280e-15
7450.000000 2.627720e-15
7452.000000 2.624720e-15
7454.000000 2.628190e-15
7456.000000 2.645860e-15
7458.000000 2.648960e-15
7460.000000 2.642750e-15
7462.000000 2.636710e-15
7464.000000 2.629810e-15
7466.000000 2.624110e-15
7468.000000 2.623940e-15
7470.000000 2.627810e-15
7472.000000 2.628310e-15
7474.000000 2.628510e-15
7476.000000 2.626360e-15
7478.000000 2.624870e-15
7480.000000 2.617130e-15
7482.000000 2.598050e-15
7484.000000 2.575020e-15
7486.000000 2.560450e-15
7488.000000 2.549170e-15
7490.000000 2.543010e-15
7492.000000 2.543050e-15
7494.000000 2.544030e-15
7496.000000 2.542980e-15
7498.000000 2.549430e-15
7500.000000 2.573150e-15
7502.000000 2.605400e-15
7504.000000 2.618290e-15
7506.000000 2.618580e-15
7508.000000 2.619730e-15
7510.000000 2.614770e-15
7512.000000 2.612530e-15
7514.000000 2.612920e-15
7516.000000 2.615250e-15
7518.000000 2.621520e-15
7520.000000 2.631080e-15
7522.000000 2.628990e-15
7524.000000 2.624230e-15
7526.000000 2.603450e-15
7528.000000 2.559350e-15
7530.000000 2.522290e-15
7532.000000 2.495740e-15
7534.000000 2.478250e-15
7536.000000 2.476530e-15
7538.000000 2.489030e-15
7540.000000 2.506920e-15
7542.000000 2.547890e-15
7544.000000 2.564060e-15
7546.000000 2.552640e-15
7548.000000 2.543190e-15
7550.000000 2.550330e-15
7552.000000 2.562810e-15
7554.000000 2.565760e-15
7556.000000 2.565650e-15
7558.000000 2.558070e-15
7560.000000 2.536730e-15
7562.000000 2.524900e-15
7564.000000 2.524590e-15
7566.000000 2.526820e-15
7568.000000 2.526540e-15
7570.000000 2.526120e-15
7572.000000 2.522730e-15
7574.000000 2.510740e-15
7576.000000 2.512810e-15
7578.000000 2.530180e-15
7580.000000 2.540880e-15
7582.000000 2.548240e-15
7584.000000 2.543460e-15
7586.000000 2.503040e-15
7588.000000 2.428860e-15
7590.000000 2.400250e-15
7592.000000 2.410520e-15
7594.000000 2.397570e-15
7596.000000 2.368560e-15
7598.000000 2.338390e-15
7600.000000 2.308360e-15
7602.000000 2.280370e-15
7604.000000 2.270250e-15
7606.000000 2.286840e-15
7608.000000 2.254880e-15
7610.000000 2.151850e-15
7612.000000 2.119430e-15
7614.000000 2.181560e-15
7616.000000 2.242380e-15
7618.000000 2.236290e-15
7620.000000 2.200040e-15
7622.000000 2.192980e-15
7624.000000 2.190380e-15
7626.000000 2.206440e-15
7628.000000 2.260260e-15
7630.000000 2.283790e-15
7632.000000 2.256870e-15
7634.000000 2.221170e-15
7636.000000 2.217770e-15
7638.000000 2.230230e-15
7640.000000 2.239100e-15
7642.000000 2.260810e-15
7644.000000 2.262120e-15
7646.000000 2.232160e-15
7648.000000 2.221490e-15
7650.000000 2.253310e-15
7652.000000 2.300700e-15
7654.000000 2.325930e-15
7656.000000 2.343820e-15
7658.000000 2.353350e-15
7660.000000 2.351550e-15
7662.000000 2.348830e-15
7664.000000 2.344730e-15
7666.000000 2.336740e-15
7668.000000 2.320580e-15
7670.000000 2.300490e-15
7672.000000 2.295340e-15
7674.000000 2.301630e-15
7676.000000 2.306570e-15
7678.000000 2.311800e-15
7680.000000 2.323760e-15
7682.000000 2.344750e-15
7684.000000 2.369250e-15
7686.000000 2.394660e-15
7688.000000 2.422790e-15
7690.000000 2.433500e-15
7692.000000 2.432220e-15
7694.000000 2.423420e-15
7696.000000 2.399650e-15
7698.000000 2.378510e-15
7700.000000 2.364460e-15
7702.000000 2.352730e-15
7704.000000 2.340470e-15
7706.000000 2.329260e-15
7708.000000 2.315970e-15
7710.000000 2.297210e-15
7712.000000 2.287030e-15
7714.000000 2.284100e-15
7716.000000 2.285730e-15
7718.000000 2.287330e-15
7720.000000 2.294360e-15
7722.000000 2.328060e-15
7724.000000 2.403680e-15
7726.000000 2.421720e-15
7728.000000 2.396280e-15
7730.000000 2.375480e-15
7732.000000 2.353760e-15
7734.000000 2.336750e-15
7736.000000 2.333140e-15
7738.000000 2.338860e-15
7740.000000 2.353970e-15
7742.000000 2.391820e-15
7744.000000 2.406860e-15
7746.000000 2.411130e-15
7748.000000 2.406030e-15
7750.000000 2.385280e-15
7752.000000 2.361400e-15
7754.000000 2.353320e-15
7756.000000 2.352730e-15
7758.000000 2.364300e-15
7760.000000 2.392140e-15
7762.000000 2.417980e-15
7764.000000 2.455000e-15
7766.000000 2.477790e-15
7768.000000 2.467550e-15
7770.000000 2.444130e-15
7772.000000 2.450500e-15
7774.000000 2.483200e-15
7776.000000 2.481110e-15
7778.000000 2.442160e-15
7780.000000 2.430310e-15
7782.000000 2.452410e-15
7784.000000 2.477090e-15
7786.000000 2.482580e-15
7788.000000 2.480610e-15
7790.000000 2.493020e-15
7792.000000 2.532220e-15
7794.000000 2.527930e-15
7796.000000 2.475090e-15
7798.000000 2.447960e-15
7800.000000 2.457690e-15
7802.000000 2.484580e-15
7804.000000 2.523260e-15
7806.000000 2.582100e-15
7808.000000 2.584890e-15
7810.000000 2.523220e-15
7812.000000 2.507090e-15
7814.000000 2.524180e-15
7816.000000 2.542190e-15
7818.000000 2.557530e-15
7820.000000 2.567950e-15
7822.000000 2.551070e-15
7824.000000 2.505690e-15
7826.000000 2.486030e-15
7828.000000 2.471940e-15
7830.000000 2.473860e-15
7832.000000 2.501830e-15
7834.000000 2.527710e-15
7836.000000 2.534680e-15
7838.000000 2.531810e-15
7840.000000 2.521430e-15
7842.000000 2.486490e-15
7844.000000 2.488680e-15
7846.000000 2.526550e-15
7848.000000 2.550450e-15
7850.000000 2.559930e-15
7852.000000 2.557660e-15
7854.000000 2.535760e-15
7856.000000 2.495790e-15
7858.000000 2.480150e-15
7860.000000 2.473840e-15
7862.000000 2.479820e-15
7864.000000 2.506860e-15
7866.000000 2.528640e-15
7868.000000 2.538940e-15
7870.000000 2.543080e-15
7872.000000 2.540570e-15
7874.000000 2.527800e-15
7876.000000 2.529660e-15
7878.000000 2.551580e-15
7880.000000 2.551350e-15
7882.000000 2.525490e-15
7884.000000 2.499790e-15
7886.000000 2.483390e-15
7888.000000 2.472840e-15
7890.000000 2.482500e-15
7892.000000 2.524500e-15
7894.000000 2.526790e-15
7896.000000 2.500980e-15
7898.000000 2.477120e-15
7900.000000 2.446630e-15
7902.000000 2.425490e-15
7904.000000 2.434050e-15
7906.000000 2.463170e-15
7908.000000 2.487090e-15
7910.000000 2.533580e-15
7912.000000 2.538060e-15
7914.000000 2.498140e-15
7916.000000 2.469260e-15
7918.000000 2.463460e-15
7920.000000 2.466010e-15
7922.000000 2.469150e-15
7924.000000 2.479090e-15
7926.000000 2.471190e-15
7928.000000 2.438900e-15
7930.000000 2.428850e-15
7932.000000 2.440360e-15
7934.000000 2.452640e-15
7936.000000 2.460020e-15
7938.000000 2.464420e-15
7940.000000 2.456410e-15
7942.000000 2.434660e-15
7944.000000 2.421520e-15
7946.000000 2.408190e-15
7948.000000 2.400810e-15
7950.000000 2.400000e-15
7952.000000 2.403070e-15
7954.000000 2.409730e-15
7956.000000 2.419840e-15
7958.000000 2.424000e-15
7960.000000 2.424470e-15
7962.000000 2.424670e-15
7964.000000 2.429730e-15
7966.000000 2.422030e-15
7968.000000 2.389660e-15
7970.000000 2.355540e-15
7972.000000 2.349780e-15
7974.000000 2.362160e-15
7976.000000 2.366480e-15
7978.000000 2.374160e-15
7980.000000 2.375690e-15
7982.000000 2.363500e-15
7984.000000 2.363250e-15
7986.000000 2.387470e-15
7988.000000 2.423710e-15
7990.000000 2.457240e-15
7992.000000 2.508430e-15
7994.000000 2.500040e-15
7996.000000 2.428420e-15
7998.000000 2.379150e-15
8000.000000 2.340740e-15
8002.000000 2.316830e-15
8004.000000 2.316710e-15
8006.000000 2.334320e-15
8008.000000 2.351680e-15
8010.000000 2.394880e-15
8012.000000 2.391190e-15
8014.000000 2.335340e-15
8016.000000 2.305640e-15
8018.000000 2.316220e-15
8020.000000 2.336650e-15
8022.000000 2.343730e-15
8024.000000 2.347860e-15
8026.000000 2.344080e-15
8028.000000 2.330180e-15
8030.000000 2.319010e-15
8032.000000 2.303890e-15
8034.000000 2.294860e-15
8036.000000 2.294860e-15
8038.000000 2.301330e-15
8040.000000 2.314850e-15
8042.000000 2.340700e-15
8044.000000 2.345290e-15
8046.000000 2.330160e-15
8048.000000 2.323690e-15
8050.000000 2.323290e-15
8052.000000 2.324970e-15
8054.000000 2.329370e-15
8056.000000 2.334980e-15
8058.000000 2.331680e-15
8060.000000 2.324280e-15
8062.000000 2.308120e-15
8064.000000 2.274480e-15
8066.000000 2.253640e-15
8068.000000 2.246500e-15
8070.000000 2.248510e-15
8072.000000 2.262350e-15
8074.000000 2.287590e-15
8076.000000 2.290750e-15
8078.000000 2.273030e-15
8080.000000 2.268390e-15
8082.000000 2.270600e-15
8084.000000 2.272540e-15
8086.000000 2.271640e-15
8088.000000 2.271480e-15
8090.000000 2.276610e-15
8092.000000 2.285720e-15
8094.000000 2.294860e-15
8096.000000 2.311470e-15
8098.000000 2.315710e-15
8100.000000 2.306270e-15
8102.000000 2.295460e-15
8104.000000 2.289440e-15
8106.000000 2.283650e-15
8108.000000 2.271630e-15
8110.000000 2.250540e-15
8112.000000 2.243480e-15
8114.000000 2.247640e-15
8116.000000 2.250350e-15
8118.000000 2.253080e-15
8120.000000 2.254560e-15
8122.000000 2.249590e-15
8124.000000 2.240990e-15
8126.000000 2.252820e-15
8128.000000 2.290510e-15
8130.000000 2.307270e-15
8132.000000 2.310420e-15
8134.000000 2.316510e-15
8136.000000 2.332770e-15
8138.000000 2.346540e-15
8140.000000 2.340500e-15
8142.000000 2.318590e-15
8144.000000 2.311560e-15
8146.000000 2.314620e-15
8148.000000 2.310970e-15
8150.000000 2.293690e-15
8152.000000 2.290140e-15
8154.000000 2.325230e-15
8156.000000 2.368950e-15
8158.000000 2.349280e-15
8160.000000 2.270670e-15
8162.000000 2.245840e-15
8164.000000 2.243320e-15
8166.000000 2.253530e-15
8168.000000 2.285420e-15
8170.000000 2.319830e-15
8172.000000 2.343200e-15
8174.000000 2.362280e-15
8176.000000 2.376370e-15
8178.000000 2.377800e-15
8180.000000 2.394800e-15
8182.000000 2.439230e-15
8184.000000 2.452370e-15
8186.000000 2.410240e-15
8188.000000 2.361540e-15
8190.000000 2.362920e-15
8192.000000 2.395080e-15
8194.000000 2.388990e-15
8196.000000 2.351310e-15
8198.000000 2.335000e-15
8200.000000 2.330260e-15
8202.000000 2.331190e-15
8204.000000 2.341570e-15
8206.000000 2.353780e-15
8208.000000 2.347770e-15
8210.000000 2.329260e-15
8212.000000 2.309830e-15
8214.000000 2.276340e-15
8216.000000 2.258760e-15
8218.000000 2.255190e-15
8220.000000 2.260260e-15
8222.000000 2.275890e-15
8224.000000 2.298860e-15
8226.000000 2.306370e-15
8228.000000 2.304840e-15
8230.000000 2.300870e-15
8232.000000 2.294100e-15
8234.000000 2.279770e-15
8236.000000 2.250530e-15
8238.000000 2.222840e-15
8240.000000 2.214340e-15
8242.000000 2.217560e-15
8244.000000 2.221600e-15
8246.000000 2.234620e-15
8248.000000 2.241420e-15
8250.000000 2.241090e-15
8252.000000 2.246650e-15
8254.000000 2.268560e-15
8256.000000 2.290310e-15
8258.000000 2.282830e-15
8260.000000 2.252220e-15
8262.000000 2.235590e-15
8264.000000 2.215890e-15
8266.000000 2.210160e-15
8268.000000 2.220350e-15
8270.000000 2.234310e-15
8272.000000 2.253820e-15
8274.000000 2.272660e-15
8276.000000 2.251660e-15
8278.000000 2.180870e-15
8280.000000 2.163230e-15
8282.000000 2.188620e-15
8284.000000 2.194050e-15
8286.000000 2.170410e-15
8288.000000 2.147130e-15
8290.000000 2.146080e-15
8292.000000 2.157090e-15
8294.000000 2.166830e-15
8296.000000 2.189500e-15
8298.000000 2.192220e-15
8300.000000 2.185500e-15
8302.000000 2.164840e-15
8304.000000 2.121550e-15
8306.000000 2.071990e-15
8308.000000 2.040350e-15
8310.000000 2.016280e-15
8312.000000 2.003560e-15
8314.000000 1.995370e-15
8316.000000 2.009920e-15
8318.000000 2.059190e-15
8320.000000 2.102530e-15
8322.000000 2.125760e-15
8324.000000 2.136680e-15
8326.000000 2.127540e-15
8328.000000 2.086970e-15
8330.000000 2.082560e-15
8332.000000 2.094090e-15
8334.000000 2.120360e-15
8336.000000 2.185000e-15
8338.000000 2.231990e-15
8340.000000 2.212590e-15
8342.000000 2.152690e-15
8344.000000 2.105390e-15
8346.000000 2.043390e-15
8348.000000 1.997540e-15
8350.000000 1.950000e-15
8352.000000 1.926450e-15
8354.000000 1.939810e-15
8356.000000 1.964950e-15
8358.000000 1.973260e-15
8360.000000 1.976600e-15
8362.000000 1.977740e-15
8364.000000 1.971110e-15
8366.000000 1.972090e-15
8368.000000 1.976260e-15
8370.000000 1.986540e-15
8372.000000 2.005770e-15
8374.000000 2.030280e-15
8376.000000 2.054370e-15
8378.000000 2.086900e-15
8380.000000 2.091830e-15
8382.000000 2.072760e-15
8384.000000 2.053270e-15
8386.000000 2.019270e-15
8388.000000 1.998260e-15
8390.000000 2.013670e-15
8392.000000 2.050640e-15
8394.000000 2.075560e-15
8396.000000 2.110780e-15
8398.000000 2.117140e-15
8400.000000 2.098040e-15
8402.000000 2.077480e-15
8404.000000 2.051240e-15
8406.000000 2.028020e-15
8408.000000 2.020710e-15
8410.000000 2.023670e-15
8412.000000 2.036630e-15
8414.000000 2.074750e-15
8416.000000 2.087740e-15
8418.000000 2.068910e-15
8420.000000 2.069990e-15
8422.000000 2.117130e-15
8424.000000 2.175640e-15
8426.000000 2.195950e-15
8428.000000 2.201830e-15
8430.000000 2.166080e-15
8432.000000 2.057960e-15
8434.000000 2.002220e-15
8436.000000 1.984370e-15
8438.000000 1.992800e-15
8440.000000 2.034480e-15
8442.000000 2.099370e-15
8444.000000 2.137730e-15
8446.000000 2.168530e-15
8448.000000 2.187690e-15
8450.000000 2.207990e-15
8452.000000 2.194700e-15
8454.000000 2.117470e-15
8456.000000 2.048470e-15
8458.000000 2.062010e-15
8460.000000 2.125430e-15
8462.000000 2.150620e-15
8464.000000 2.178200e-15
8466.000000 2.171450e-15
8468.000000 2.116720e-15
8470.000000 2.079680e-15
8472.000000 2.076420e-15
8474.000000 2.087120e-15
8476.000000 2.097740e-15
8478.000000 2.115900e-15
8480.000000 2.126560e-15
8482.000000 2.126280e-15
8484.000000 2.141590e-15
8486.000000 2.179860e-15
8488.000000 2.209440e-15
8490.000000 2.217920e-15
8492.000000 2.212510e-15
8494.000000 2.189530e-15
8496.000000 2.132660e-15
8498.000000 2.121990e-15
8500.000000 2.157420e-15
8502.000000 2.165000e-15
8504.000000 2.141370e-15
8506.000000 2.108250e-15
8508.000000 2.072440e-15
8510.000000 2.031520e-15
8512.000000 2.022560e-15
8514.000000 2.045160e-15
8516.000000 2.056930e-15
8518.000000 2.077580e-15
8520.000000 2.085100e-15
8522.000000 2.067510e-15
8524.000000 2.047040e-15
8526.000000 2.050850e-15
8528.000000 2.068080e-15
8530.000000 2.093820e-15
8532.000000 2.143680e-15
8534.000000 2.171780e-15
8536.000000 2.187340e-15
8538.000000 2.191080e-15
8540.000000 2.175250e-15
8542.000000 2.151830e-15
8544.000000 2.153580e-15
8546.000000 2.172840e-15
8548.000000 2.185340e-15
8550.000000 2.206680e-15
8552.000000 2.211580e-15
8554.000000 2.191140e-15
8556.000000 2.173850e-15
8558.000000 2.181470e-15
8560.000000 2.201250e-15
8562.000000 2.205470e-15
8564.000000 2.194800e-15
8566.000000 2.202140e-15
8568.000000 2.233860e-15
8570.000000 2.243030e-15
8572.000000 2.215540e-15
8574.000000 2.180830e-15
8576.000000 2.166590e-15
8578.000000 2.160840e-15
8580.000000 2.163610e-15
8582.000000 2.178840e-15
8584.000000 2.193420e-15
8586.000000 2.215190e-15
8588.000000 2.231010e-15
8590.000000 2.238960e-15
8592.000000 2.238840e-15
8594.000000 2.221980e-15
8596.000000 2.183820e-15
8598.000000 2.171260e-15
8600.000000 2.163650e-15
8602.000000 2.179940e-15
8604.000000 2.224330e-15
8606.000000 2.279540e-15
8608.000000 2.350380e-15
8610.000000 2.425960e-15
8612.000000 2.426720e-15
8614.000000 2.350420e-15
8616.000000 2.318420e-15
8618.000000 2.294190e-15
8620.000000 2.279050e-15
8622.000000 2.276630e-15
8624.000000 2.278760e-15
8626.000000 2.279660e-15
8628.000000 2.282500e-15
8630.000000 2.267900e-15
8632.000000 2.233020e-15
8634.000000 2.209310e-15
8636.000000 2.180970e-15
8638.000000 2.169790e-15
8640.000000 2.186420e-15
8642.000000 2.215370e-15
8644.000000 2.237630e-15
8646.000000 2.265130e-15
8648.000000 2.267000e-15
8650.000000 2.232070e-15
8652.000000 2.227470e-15
8654.000000 2.258740e-15
8656.000000 2.282180e-15
8658.000000 2.276380e-15
8660.000000 2.256200e-15
8662.000000 2.236130e-15
8664.000000 2.197770e-15
8666.000000 2.198050e-15
8668.000000 2.242370e-15
8670.000000 2.262230e-15
8672.000000 2.253890e-15
8674.000000 2.236560e-15
8676.000000 2.218160e-15
8678.000000 2.195110e-15
8680.000000 2.188080e-15
8682.000000 2.200410e-15
8684.000000 2.196660e-15
8686.000000 2.181150e-15
8688.000000 2.169470e-15
8690.000000 2.163230e-15
8692.000000 2.161110e-15
8694.000000 2.166970e-15
8696.000000 2.182450e-15
8698.000000 2.178130e-15
8700.000000 2.159620e-15
8702.000000 2.139480e-15
8704.000000 2.104730e-15
8706.000000 2.083180e-15
8708.000000 2.090830e-15
8710.000000 2.112550e-15
8712.000000 2.123590e-15
8714.000000 2.135120e-15
8716.000000 2.137940e-15
8718.000000 2.125730e-15
8720.000000 2.126660e-15
8722.000000 2.141980e-15
8724.000000 2.161960e-15
8726.000000 2.186590e-15
8728.000000 2.214200e-15
8730.000000 2.209100e-15
8732.000000 2.162430e-15
8734.000000 2.149240e-15
8736.000000 2.153300e-15
8738.000000 2.158170e-15
8740.000000 2.164240e-15
8742.000000 2.169970e-15
8744.000000 2.168440e-15
8746.000000 2.160750e-15
8748.000000 2.170480e-15
8750.000000 2.191320e-15
8752.000000 2.218630e-15
8754.000000 2.264900e-15
8756.000000 2.299100e-15
8758.000000 2.312050e-15
8760.000000 2.310380e-15
8762.000000 2.293930e-15
8764.000000 2.260500e-15
8766.000000 2.222640e-15
8768.000000 2.162180e-15
8770.000000 2.123870e-15
8772.000000 2.103170e-15
8774.000000 2.096900e-15
8776.000000 2.116380e-15
8778.000000 2.149580e-15
8780.000000 2.126810e-15
8782.000000 2.036410e-15
8784.000000 2.017360e-15
8786.000000 2.045430e-15
8788.000000 2.070660e-15
8790.000000 2.100210e-15
8792.000000 2.120270e-15
8794.000000 2.101550e-15
8796.000000 2.053590e-15
8798.000000 2.054820e-15
8800.000000 2.101820e-15
8802.000000 2.118600e-15
8804.000000 2.116960e-15
8806.000000 2.115860e-15
8808.000000 2.117400e-15
8810.000000 2.121660e-15
8812.000000 2.134810e-15
8814.000000 2.153930e-15
8816.000000 2.182160e-15
8818.000000 2.245680e-15
8820.000000 2.257950e-15
8822.000000 2.219930e-15
8824.000000 2.164310e-15
8826.000000 2.090590e-15
8828.000000 2.009020e-15
8830.000000 1.996280e-15
8832.000000 2.048020e-15
8834.000000 2.066090e-15
8836.000000 2.085730e-15
8838.000000 2.089470e-15
8840.000000 2.066660e-15
8842.000000 2.043720e-15
8844.000000 2.043450e-15
8846.000000 2.055350e-15
8848.000000 2.073800e-15
8850.000000 2.116610e-15
8852.000000 2.129760e-15
8854.000000 2.119280e-15
8856.000000 2.109030e-15
8858.000000 2.099740e-15
8860.000000 2.093530e-15
8862.000000 2.104060e-15
8864.000000 2.132800e-15
8866.000000 2.122110e-15
8868.000000 2.078020e-15
8870.000000 2.040700e-15
8872.000000 1.983970e-15
8874.000000 1.956800e-15
8876.000000 1.989960e-15
8878.000000 2.055780e-15
8880.000000 2.107670e-15
8882.000000 2.180630e-15
8884.000000 2.192370e-15
8886.000000 2.169840e-15
8888.000000 2.107170e-15
8890.000000 1.969070e-15
8892.000000 1.840260e-15
8894.000000 1.777640e-15
8896.000000 1.755110e-15
8898.000000 1.820730e-15
8900.000000 2.034070e-15
8902.000000 2.133010e-15
8904.000000 2.201660e-15
8906.000000 2.215950e-15
8908.000000 2.121500e-15
8910.000000 2.027840e-15
8912.000000 2.104190e-15
8914.000000 2.306770e-15
8916.000000 2.333950e-15
8918.000000 2.251630e-15
8920.000000 2.165660e-15
8922.000000 2.023350e-15
8924.000000 1.905880e-15
8926.000000 1.841170e-15
8928.000000 1.809500e-15
8930.000000 1.807760e-15
8932.000000 1.838460e-15
8934.000000 1.894570e-15
8936.000000 2.024930e-15
8938.000000 2.084060e-15
8940.000000 2.062360e-15
8942.000000 2.025500e-15
8944.000000 2.002880e-15
8946.000000 1.981890e-15
8948.000000 1.997230e-15
8950.000000 2.059900e-15
8952.000000 2.083970e-15
8954.000000 2.096040e-15
8956.000000 2.092210e-15
8958.000000 2.068230e-15
8960.000000 2.033270e-15
8962.000000 1.993390e-15
8964.000000 1.943740e-15
8966.000000 1.922740e-15
8968.000000 1.920340e-15
8970.000000 1.927630e-15
8972.000000 1.957040e-15
8974.000000 1.980230e-15
8976.000000 1.984130e-15
8978.000000 1.984720e-15
8980.000000 2.006690e-15
8982.000000 2.048460e-15
8984.000000 2.060340e-15
8986.000000 2.065140e-15
8988.000000 2.039920e-15
8990.000000 1.955400e-15
8992.000000 1.893960e-15
8994.000000 1.908570e-15
8996.000000 1.963550e-15
8998.000000 2.003060e-15
9000.000000 2.067330e-15
9002.000000 2.075230e-15
9004.000000 2.029020e-15
9006.000000 1.994410e-15
9008.000000 1.968200e-15
9010.000000 1.951750e-15
9012.000000 1.960770e-15
9014.000000 1.989550e-15
9016.000000 1.972670e-15
9018.000000 1.902670e-15
9020.000000 1.879110e-15
9022.000000 1.888070e-15
9024.000000 1.896210e-15
9026.000000 1.899550e-15
9028.000000 1.899870e-15
9030.000000 1.887200e-15
9032.000000 1.858380e-15
9034.000000 1.866930e-15
9036.000000 1.925870e-15
9038.000000 1.938600e-15
9040.000000 1.892460e-15
9042.000000 1.864330e-15
9044.000000 1.906500e-15
9046.000000 1.971300e-15
9048.000000 1.952140e-15
9050.000000 1.862100e-15
9052.000000 1.817560e-15
9054.000000 1.790830e-15
9056.000000 1.759030e-15
9058.000000 1.707960e-15
9060.000000 1.674720e-15
9062.000000 1.698680e-15
9064.000000 1.759780e-15
9066.000000 1.774270e-15
9068.000000 1.756380e-15
9070.000000 1.755770e-15
9072.000000 1.757530e-15
9074.000000 1.764360e-15
9076.000000 1.779950e-15
9078.000000 1.797170e-15
9080.000000 1.808620e-15
9082.000000 1.820350e-15
9084.000000 1.803500e-15
9086.000000 1.739080e-15
9088.000000 1.719540e-15
9090.000000 1.737040e-15
9092.000000 1.762660e-15
9094.000000 1.795030e-15
9096.000000 1.828200e-15
9098.000000 1.827240e-15
9100.000000 1.794300e-15
9102.000000 1.784550e-15
9104.000000 1.788400e-15
9106.000000 1.783130e-15
9108.000000 1.766680e-15
9110.000000 1.749860e-15
9112.000000 1.736250e-15
9114.000000 1.725000e-15
9116.000000 1.732910e-15
9118.000000 1.755740e-15
9120.000000 1.787620e-15
9122.000000 1.829610e-15
9124.000000 1.883680e-15
9126.000000 1.957160e-15
9128.000000 2.034600e-15
9130.000000 2.103390e-15
9132.000000 2.173360e-15
9134.000000 2.182000e-15
9136.000000 2.134320e-15
9138.000000 2.081770e-15
9140.000000 1.991950e-15
9142.000000 1.921290e-15
9144.000000 1.887380e-15
9146.000000 1.875730e-15
9148.000000 1.882100e-15
9150.000000 1.915650e-15
9152.000000 1.932940e-15
9154.000000 1.959150e-15
9156.000000 1.957610e-15
9158.000000 1.920880e-15
9160.000000 1.880000e-15
9162.000000 1.847390e-15
9164.000000 1.818620e-15
9166.000000 1.816320e-15
9168.000000 1.842610e-15
9170.000000 1.857790e-15
9172.000000 1.874500e-15
9174.000000 1.890160e-15
9176.000000 1.908520e-15
9178.000000 1.921450e-15
9180.000000 1.915070e-15
9182.000000 1.893860e-15
9184.000000 1.905660e-15
9186.000000 1.955830e-15
9188.000000 1.972650e-15
9190.000000 1.967220e-15
9192.000000 1.958670e-15
9194.000000 1.946500e-15
9196.000000 1.935340e-15
9198.000000 1.940420e-15
9200.000000 1.957080e-15
9202.000000 1.975630e-15
9204.000000 2.006240e-15
9206.000000 2.026180e-15
9208.000000 2.038770e-15
9210.000000 2.045130e-15
9212.000000 2.036840e-15
9214.000000 2.024930e-15
9216.000000 2.055710e-15
9218.000000 2.144020e-15
9220.000000 2.154260e-15
9222.000000 2.108100e-15
9224.000000 2.063430e-15
9226.000000 2.009310e-15
9228.000000 1.962810e-15
9230.000000 1.946660e-15
9232.000000 1.950210e-15
9234.000000 1.949130e-15
9236.000000 1.955370e-15
9238.000000 1.956450e-15
9240.000000 1.951200e-15
9242.000000 1.952620e-15
9244.000000 1.969360e-15
9246.000000 1.986250e-15
9248.000000 1.982050e-15
9250.000000 1.964180e-15
9252.000000 1.943910e-15
9254.000000 1.911800e-15
9256.000000 1.886740e-15
9258.000000 1.859710e-15
9260.000000 1.844870e-15
9262.000000 1.853240e-15
9264.000000 1.873310e-15
9266.000000 1.880690e-15
9268.000000 1.884030e-15
9270.000000 1.885530e-15
9272.000000 1.881810e-15
9274.000000 1.881190e-15
9276.000000 1.884600e-15
9278.000000 1.887930e-15
9280.000000 1.888510e-15
9282.000000 1.887710e-15
9284.000000 1.886840e-15
9286.000000 1.873670e-15
9288.000000 1.889200e-15
9290.000000 1.936780e-15
9292.000000 1.972100e-15
9294.000000 1.985860e-15
9296.000000 1.994770e-15
9298.000000 2.010210e-15
9300.000000 2.025070e-15
9302.000000 2.066540e-15
9304.000000 2.168670e-15
9306.000000 2.190090e-15
9308.000000 2.137270e-15
9310.000000 2.075750e-15
9312.000000 2.020710e-15
9314.000000 1.964830e-15
9316.000000 1.923250e-15
9318.000000 1.896080e-15
9320.000000 1.851240e-15
9322.000000 1.786700e-15
9324.000000 1.739870e-15
9326.000000 1.709640e-15
9328.000000 1.687210e-15
9330.000000 1.656440e-15
9332.000000 1.631950e-15
9334.000000 1.691980e-15
9336.000000 1.870620e-15
9338.000000 1.935300e-15
9340.000000 1.934140e-15
9342.000000 1.927680e-15
9344.000000 1.906730e-15
9346.000000 1.889810e-15
9348.000000 1.915440e-15
9350.000000 1.971580e-15
9352.000000 1.959300e-15
9354.000000 1.882240e-15
9356.000000 1.838000e-15
9358.000000 1.778000e-15
9360.000000 1.771260e-15
9362.000000 1.855430e-15
9364.000000 1.979650e-15
9366.000000 2.074120e-15
9368.000000 2.181970e-15
9370.000000 2.203060e-15
9372.000000 2.156910e-15
9374.000000 2.081490e-15
9376.000000 1.946540e-15
9378.000000 1.813990e-15
9380.000000 1.712140e-15
9382.000000 1.628020e-15
9384.000000 1.583350e-15
9386.000000 1.567280e-15
9388.000000 1.592170e-15
9390.000000 1.683030e-15
9392.000000 1.753540e-15
9394.000000 1.816070e-15
9396.000000 1.851850e-15
9398.000000 1.824540e-15
9400.000000 1.749580e-15
9402.000000 1.716490e-15
9404.000000 1.689980e-15
9406.000000 1.687010e-15
9408.000000 1.688680e-15
9410.000000 1.735650e-15
9412.000000 1.872370e-15
9414.000000 2.020400e-15
9416.000000 2.058660e-15
9418.000000 2.033160e-15
9420.000000 1.967720e-15
9422.000000 1.801340e-15
9424.000000 1.706270e-15
9426.000000 1.628970e-15
9428.000000 1.627300e-15
9430.000000 1.768850e-15
9432.000000 1.979670e-15
9434.000000 2.068830e-15
9436.000000 2.122130e-15
9438.000000 2.070480e-15
9440.000000 1.871860e-15
9442.000000 1.718900e-15
9444.000000 1.571800e-15
9446.000000 1.487280e-15
9448.000000 1.540620e-15
9450.000000 1.692370e-15
9452.000000 1.812630e-15
9454.000000 2.013550e-15
9456.000000 2.063710e-15
9458.000000 1.992680e-15
9460.000000 1.905570e-15
9462.000000 1.791000e-15
9464.000000 1.681300e-15
9466.000000 1.644610e-15
9468.000000 1.654660e-15
9470.000000 1.688310e-15
9472.000000 1.803840e-15
9474.000000 1.835060e-15
9476.000000 1.792980e-15
9478.000000 1.740540e-15
9480.000000 1.686850e-15
9482.000000 1.635000e-15
9484.000000 1.628960e-15
9486.000000 1.661810e-15
9488.000000 1.683350e-15
9490.000000 1.693640e-15
9492.000000 1.740560e-15
9494.000000 1.860240e-15
9496.000000 1.951590e-15
9498.000000 1.941780e-15
9500.000000 1.871690e-15
9502.000000 1.799500e-15
9504.000000 1.658750e-15
9506.000000 1.617290e-15
9508.000000 1.643370e-15
9510.000000 1.685680e-15
9512.000000 1.765400e-15
9514.000000 1.836960e-15
9516.000000 1.829300e-15
9518.000000 1.766690e-15
9520.000000 1.752370e-15
9522.000000 1.750200e-15
9524.000000 1.767050e-15
9526.000000 1.801710e-15
9528.000000 1.853130e-15
9530.000000 1.940600e-15
9532.000000 2.030420e-15
9534.000000 2.044820e-15
9536.000000 2.000370e-15
9538.000000 1.978930e-15
9540.000000 1.951640e-15
9542.000000 1.928860e-15
9544.000000 1.905420e-15
9546.000000 1.890560e-15
9548.000000 1.901320e-15
9550.000000 1.921300e-15
9552.000000 1.882480e-15
9554.000000 1.777200e-15
9556.000000 1.732640e-15
9558.000000 1.694210e-15
9560.000000 1.711890e-15
9562.000000 1.845770e-15
9564.000000 1.958080e-15
9566.000000 1.894350e-15
9568.000000 1.718350e-15
9570.000000 1.641770e-15
9572.000000 1.572340e-15
9574.000000 1.581400e-15
9576.000000 1.695290e-15
9578.000000 1.789350e-15
9580.000000 1.829730e-15
9582.000000 1.856000e-15
9584.000000 1.898180e-15
9586.000000 1.939110e-15
9588.000000 2.015770e-15
9590.000000 2.002750e-15
9592.000000 1.989730e-15
9594.000000 1.976710e-15
9596.000000 1.963690e-15
9598.000000 1.950680e-15
9600.000000 1.937660e-15
9602.000000 1.924640e-15
9604.000000 1.911620e-15
9606.000000 1.898600e-15
9608.000000 1.885590e-15
9610.000000 1.885590e-15
9612.000000 1.864260e-15
9614.000000 1.862030e-15
9616.000000 1.834270e-15
9618.000000 1.802400e-15
9620.000000 1.804780e-15
9622.000000 1.866230e-15
9624.000000 1.857190e-15
9626.000000 1.783260e-15
9628.000000 1.731060e-15
9630.000000 1.712270e-15
9632.000000 1.713800e-15
9634.000000 1.743450e-15
9636.000000 1.808850e-15
9638.000000 1.810130e-15
9640.000000 1.760970e-15
9642.000000 1.721640e-15
9644.000000 1.671860e-15
9646.000000 1.633770e-15
9648.000000 1.613410e-15
9650.000000 1.609440e-15
9652.000000 1.636980e-15
9654.000000 1.704370e-15
9656.000000 1.742970e-15
9658.000000 1.780640e-15
9660.000000 1.796230e-15
9662.000000 1.780180e-15
9664.000000 1.760600e-15
9666.000000 1.758270e-15
9668.000000 1.762090e-15
9670.000000 1.756460e-15
9672.000000 1.739420e-15
9674.000000 1.737150e-15
9676.000000 1.747570e-15
9678.000000 1.754480e-15
9680.000000 1.760330e-15
9682.000000 1.759360e-15
9684.000000 1.736710e-15
9686.000000 1.694590e-15
9688.000000 1.687250e-15
9690.000000 1.710620e-15
9692.000000 1.719400e-15
9694.000000 1.734900e-15
9696.000000 1.726720e-15
9698.000000 1.668220e-15
9700.000000 1.595400e-15
9702.000000 1.579460e-15
9704.000000 1.600910e-15
9706.000000 1.615230e-15
9708.000000 1.632370e-15
9710.000000 1.664540e-15
9712.000000 1.744760e-15
9714.000000 1.787170e-15
9716.000000 1.716760e-15
9718.000000 1.586900e-15
9720.000000 1.548810e-15
9722.000000 1.560210e-15
9724.000000 1.576960e-15
9726.000000 1.646690e-15
9728.000000 1.666860e-15
9730.000000 1.603960e-15
9732.000000 1.535840e-15
9734.000000 1.538940e-15
9736.000000 1.582090e-15
9738.000000 1.599640e-15
9740.000000 1.624970e-15
9742.000000 1.619590e-15
9744.000000 1.559000e-15
9746.000000 1.537460e-15
9748.000000 1.595820e-15
9750.000000 1.680170e-15
9752.000000 1.720450e-15
9754.000000 1.746990e-15
9756.000000 1.742550e-15
9758.000000 1.676460e-15
9760.000000 1.663810e-15
9762.000000 1.707540e-15
9764.000000 1.752950e-15
9766.000000 1.780770e-15
9768.000000 1.798950e-15
9770.000000 1.784790e-15
9772.000000 1.733530e-15
9774.000000 1.699850e-15
9776.000000 1.647950e-15
9778.000000 1.636350e-15
9780.000000 1.683470e-15
9782.000000 1.739850e-15
9784.000000 1.771210e-15
9786.000000 1.793630e-15
9788.000000 1.771000e-15
9790.000000 1.690880e-15
9792.000000 1.637160e-15
9794.000000 1.582600e-15
9796.000000 1.540460e-15
9798.000000 1.506610e-15
9800.000000 1.491120e-15
9802.000000 1.520090e-15
9804.000000 1.593460e-15
9806.000000 1.623380e-15
9808.000000 1.641660e-15
9810.000000 1.636440e-15
9812.000000 1.582430e-15
9814.000000 1.551760e-15
9816.000000 1.589270e-15
9818.000000 1.653280e-15
9820.000000 1.665920e-15
9822.000000 1.652160e-15
9824.000000 1.630620e-15
9826.000000 1.580470e-15
9828.000000 1.548250e-15
9830.000000 1.526830e-15
9832.000000 1.523320e-15
9834.000000 1.551210e-15
9836.000000 1.602700e-15
9838.000000 1.641380e-15
9840.000000 1.719410e-15
9842.000000 1.700520e-15
9844.000000 1.569510e-15
9846.000000 1.484570e-15
9848.000000 1.468580e-15
9850.000000 1.485700e-15
9852.000000 1.524880e-15
9854.000000 1.598070e-15
9856.000000 1.623420e-15
9858.000000 1.606240e-15
9860.000000 1.616630e-15
9862.000000 1.660270e-15
9864.000000 1.681650e-15
9866.000000 1.658440e-15
9868.000000 1.611060e-15
9870.000000 1.557810e-15
9872.000000 1.472250e-15
9874.000000 1.457720e-15
9876.000000 1.512640e-15
9878.000000 1.542340e-15
9880.000000 1.550910e-15
9882.000000 1.556200e-15
9884.000000 1.565260e-15
9886.000000 1.574370e-15
9888.000000 1.582080e-15
9890.000000 1.578080e-15
9892.000000 1.602540e-15
9894.000000 1.665050e-15
9896.000000 1.702540e-15
9898.000000 1.708220e-15
9900.000000 1.697370e-15
9902.000000 1.675070e-15
9904.000000 1.637230e-15
9906.000000 1.617410e-15
9908.000000 1.622770e-15
9910.000000 1.592440e-15
9912.000000 1.517280e-15
9914.000000 1.462240e-15
9916.000000 1.441880e-15
9918.000000 1.445890e-15
9920.000000 1.482210e-15
9922.000000 1.559800e-15
9924.000000 1.603710e-15
9926.000000 1.638940e-15
9928.000000 1.660710e-15
9930.000000 1.665320e-15
9932.000000 1.663900e-15
9934.000000 1.660910e-15
9936.000000 1.654670e-15
9938.000000 1.652090e-15
9940.000000 1.656650e-15
9942.000000 1.644190e-15
9944.000000 1.620490e-15
9946.000000 1.589810e-15
9948.000000 1.550230e-15
9950.000000 1.505660e-15
9952.000000 1.449550e-15
9954.000000 1.383040e-15
9956.000000 1.397850e-15
9958.000000 1.513440e-15
9960.000000 1.559600e-15
9962.000000 1.570850e-15
9964.000000 1.574770e-15
9966.000000 1.565070e-15
9968.000000 1.558130e-15
9970.000000 1.597280e-15
9972.000000 1.680530e-15
9974.000000 1.691030e-15
9976.000000 1.650470e-15
9978.000000 1.608790e-15
9980.000000 1.533500e-15
9982.000000 1.485880e-15
9984.000000 1.495590e-15
9986.000000 1.543060e-15
9988.000000 1.619670e-15
9990.000000 1.754270e-15
9992.000000 1.832010e-15
9994.000000 1.888140e-15
9996.000000 1.921150e-15
9998.000000 1.936360e-15
10000.000000 1.921600e-15
10002.000000 1.854280e-15
10004.000000 1.746910e-15
10006.000000 1.694920e-15
10008.000000 1.668410e-15
10010.000000 1.657510e-15
10012.000000 1.690860e-15
10014.000000 1.694280e-15
10016.000000 1.632970e-15
10018.000000 1.569400e-15
10020.000000 1.584110e-15
10022.000000 1.652100e-15
10024.000000 1.689880e-15
10026.000000 1.753620e-15
10028.000000 1.748120e-15
10030.000000 1.642220e-15
10032.000000 1.570530e-15
10034.000000 1.601820e-15
10036.000000 1.669820e-15
10038.000000 1.667910e-15
10040.000000 1.610370e-15
10042.000000 1.628040e-15
10044.000000 1.702970e-15
10046.000000 1.766230e-15
10048.000000 1.857280e-15
10050.000000 1.898650e-15
10052.000000 1.799170e-15
10054.000000 1.618350e-15
10056.000000 1.590040e-15
10058.000000 1.684190e-15
10060.000000 1.714200e-15
10062.000000 1.742930e-15
10064.000000 1.746320e-15
10066.000000 1.709550e-15
10068.000000 1.663510e-15
10070.000000 1.642310e-15
10072.000000 1.631720e-15
10074.000000 1.625010e-15
10076.000000 1.607430e-15
10078.000000 1.635150e-15
10080.000000 1.721800e-15
10082.000000 1.795260e-15
10084.000000 1.846940e-15
10086.000000 1.872780e-15
10088.000000 1.821980e-15
10090.000000 1.680030e-15
10092.000000 1.645710e-15
10094.000000 1.689750e-15
10096.000000 1.709170e-15
10098.000000 1.696990e-15
10100.000000 1.706190e-15
