3477.000000 1.086262e-15
3478.470000 1.118104e-15
3479.940000 1.203133e-15
3481.410000 1.086864e-15
3482.880000 1.374548e-15
3484.350000 1.340364e-15
3485.820000 1.189777e-15
3487.290000 1.125536e-15
3488.760000 1.190843e-15
3490.230000 1.396969e-15
3491.700000 1.088195e-15
3493.170000 9.823675e-16
3494.640000 1.181244e-15
3496.110000 1.314996e-15
3497.580000 1.156910e-15
3499.050000 1.306631e-15
3500.520000 1.304090e-15
3501.990000 1.037378e-15
3503.460000 9.647009e-16
3504.930000 1.139525e-15
3506.400000 1.145672e-15
3507.870000 1.105428e-15
3509.340000 1.123612e-15
3510.810000 1.175203e-15
3512.280000 1.145144e-15
3513.750000 1.012233e-15
3515.220000 9.121144e-16
3516.690000 1.130263e-15
3518.160000 1.166221e-15
3519.630000 1.308159e-15
3521.100000 1.154168e-15
3522.570000 9.580795e-16
3524.040000 1.123836e-15
3525.510000 1.134735e-15
3526.980000 1.085255e-15
3528.450000 1.347706e-15
3529.920000 1.153157e-15
3531.390000 1.053110e-15
3532.860000 1.171395e-15
3534.330000 1.260010e-15
3535.800000 1.050060e-15
3537.270000 1.135508e-15
3538.740000 1.149461e-15
3540.210000 1.225828e-15
3541.680000 1.265492e-15
3543.150000 1.070920e-15
3544.620000 1.138531e-15
3546.090000 1.231159e-15
3547.560000 1.342693e-15
3549.030000 1.299083e-15
3550.500000 1.087231e-15
3551.970000 1.050431e-15
3553.440000 1.192172e-15
3554.910000 1.197286e-15
3556.380000 1.218533e-15
3557.850000 1.180489e-15
3559.320000 1.184994e-15
3560.790000 1.103356e-15
3562.260000 1.039209e-15
3563.730000 1.235474e-15
3565.200000 1.153647e-15
3566.670000 1.285670e-15
3568.140000 1.435004e-15
3569.610000 1.122255e-15
3571.080000 1.027909e-15
3572.550000 1.160845e-15
3574.020000 1.126847e-15
3575.490000 1.113188e-15
3576.960000 1.131565e-15
3578.430000 1.163445e-15
3579.900000 1.051708e-15
3581.370000 1.234688e-15
3582.840000 1.297670e-15
3584.310000 1.334915e-15
3585.780000 1.361032e-15
3587.250000 1.428939e-15
3588.720000 1.390945e-15
3590.190000 1.196473e-15
3591.660000 1.285568e-15
3593.130000 1.312505e-15
3594.600000 1.323546e-15
3596.070000 1.251630e-15
3597.540000 1.216042e-15
3599.010000 1.332897e-15
3600.480000 1.356539e-15
3601.950000 1.425957e-15
3603.420000 1.460158e-15
3604.890000 1.530622e-15
3606.360000 1.583539e-15
3607.830000 1.277950e-15
3609.300000 1.347092e-15
3610.770000 1.366175e-15
3612.240000 1.287572e-15
3613.710000 1.287588e-15
3615.180000 1.506104e-15
3616.650000 1.518312e-15
3618.120000 1.386286e-15
3619.590000 1.185027e-15
3621.060000 1.171601e-15
3622.530000 1.309826e-15
3624.000000 1.234330e-15
3625.470000 1.293869e-15
3626.940000 1.217556e-15
3628.410000 1.264703e-15
3629.880000 1.223961e-15
3631.350000 1.155601e-15
3632.820000 1.226884e-15
3634.290000 1.311115e-15
3635.760000 1.238661e-15
3637.230000 1.213868e-15
3638.700000 1.152600e-15
3640.170000 1.079091e-15
3641.640000 1.140668e-15
3643.110000 1.158791e-15
3644.580000 1.040092e-15
3646.050000 1.058708e-15
3647.520000 8.956122e-16
3648.990000 8.633967e-16
3650.460000 1.254008e-15
3651.930000 1.289220e-15
3653.400000 1.272598e-15
3654.870000 1.190735e-15
3656.340000 1.213816e-15
3657.810000 1.315708e-15
3659.280000 1.299387e-15
3660.750000 1.180131e-15
3662.220000 1.194936e-15
3663.690000 1.469413e-15
3665.160000 1.551306e-15
3666.630000 1.673368e-15
3668.100000 1.416438e-15
3669.570000 1.343028e-15
3671.040000 1.544226e-15
3672.510000 1.538979e-15
3673.980000 1.464503e-15
3675.450000 1.553786e-15
3676.920000 1.653155e-15
3678.390000 1.719212e-15
3679.860000 1.671648e-15
3681.330000 1.884466e-15
3682.800000 2.067084e-15
3684.270000 1.960965e-15
3685.740000 1.905058e-15
3687.210000 1.781944e-15
3688.680000 1.806643e-15
3690.150000 1.780251e-15
3691.620000 1.967242e-15
3693.090000 2.139600e-15
3694.560000 2.078146e-15
3696.030000 1.942747e-15
3697.500000 1.863457e-15
3698.970000 2.117641e-15
3700.440000 2.004682e-15
3701.910000 2.084001e-15
3703.380000 2.074509e-15
3704.850000 1.894178e-15
3706.320000 1.974218e-15
3707.790000 2.117400e-15
3709.260000 2.061717e-15
3710.730000 2.231699e-15
3712.200000 2.034607e-15
3713.670000 2.011001e-15
3715.140000 2.069221e-15
3716.610000 2.223739e-15
3718.080000 2.031063e-15
3719.550000 2.042890e-15
3721.020000 2.009796e-15
3722.490000 2.068538e-15
3723.960000 1.991040e-15
3725.430000 1.987631e-15
3726.900000 1.770882e-15
3728.370000 1.995323e-15
3729.840000 2.148553e-15
3731.310000 2.387837e-15
3732.780000 2.346422e-15
3734.250000 2.256172e-15
3735.720000 2.297045e-15
3737.190000 1.959026e-15
3738.660000 1.600464e-15
3740.130000 1.608105e-15
3741.600000 1.513519e-15
3743.070000 1.443029e-15
3744.540000 1.385985e-15
3746.010000 1.292035e-15
3747.480000 1.158678e-15
3748.950000 1.179286e-15
3750.420000 1.265495e-15
3751.890000 1.352272e-15
3753.360000 1.251975e-15
3754.830000 1.097697e-15
3756.300000 1.007572e-15
3757.770000 1.060128e-15
3759.240000 1.140751e-15
3760.710000 1.072609e-15
3762.180000 9.772770e-16
3763.650000 1.040952e-15
3765.120000 1.066721e-15
3766.590000 9.557868e-16
3768.060000 9.142880e-16
3769.530000 1.003572e-15
3771.000000 1.028582e-15
3772.470000 9.030998e-16
3773.940000 9.076110e-16
3775.410000 8.547362e-16
3776.880000 9.616591e-16
3778.350000 1.029956e-15
3779.820000 9.155874e-16
3781.290000 7.481716e-16
3782.760000 8.768455e-16
3784.230000 9.640437e-16
3785.700000 8.492808e-16
3787.170000 9.345638e-16
3788.640000 8.930057e-16
3790.110000 7.541473e-16
3791.580000 8.373144e-16
3793.050000 7.876931e-16
3794.520000 6.994649e-16
3795.990000 8.929642e-16
3797.460000 8.802650e-16
3798.930000 9.228640e-16
3800.400000 8.179157e-16
3801.870000 8.983077e-16
3803.340000 8.141998e-16
3804.810000 7.222974e-16
3806.280000 8.263035e-16
3807.750000 8.498216e-16
3809.220000 9.574775e-16
3810.690000 8.043659e-16
3812.160000 8.529084e-16
3813.630000 8.336469e-16
3815.100000 8.335010e-16
3816.570000 9.420980e-16
3818.040000 9.790592e-16
3819.510000 9.298659e-16
3820.980000 8.626216e-16
3822.450000 1.004934e-15
3823.920000 9.260185e-16
3825.390000 9.898876e-16
3826.860000 1.042627e-15
3828.330000 9.978466e-16
3829.800000 1.001169e-15
3831.270000 9.900718e-16
3832.740000 1.134251e-15
3834.210000 1.020617e-15
3835.680000 1.077199e-15
3837.150000 1.131478e-15
3838.620000 1.055895e-15
3840.090000 1.162127e-15
3841.560000 1.217641e-15
3843.030000 1.229713e-15
3844.500000 1.173818e-15
3845.970000 1.120799e-15
3847.440000 1.242568e-15
3848.910000 1.330094e-15
3850.380000 1.393701e-15
3851.850000 1.300192e-15
3853.320000 1.248986e-15
3854.790000 1.479139e-15
3856.260000 1.594643e-15
3857.730000 1.609795e-15
3859.200000 1.683298e-15
3860.670000 1.616111e-15
3862.140000 1.667176e-15
3863.610000 1.726284e-15
3865.080000 1.698570e-15
3866.550000 1.906915e-15
3868.020000 1.986868e-15
3869.490000 1.994691e-15
3870.960000 1.996819e-15
3872.430000 2.133654e-15
3873.900000 2.264068e-15
3875.370000 2.304367e-15
3876.840000 2.432709e-15
3878.310000 2.484542e-15
3879.780000 2.457786e-15
3881.250000 2.673208e-15
3882.720000 2.746326e-15
3884.190000 2.701702e-15
3885.660000 2.798307e-15
3887.130000 3.050842e-15
3888.600000 2.890995e-15
3890.070000 3.037874e-15
3891.540000 3.240434e-15
3893.010000 3.364488e-15
3894.480000 3.416908e-15
3895.950000 3.590280e-15
3897.420000 3.546309e-15
3898.890000 3.510242e-15
3900.360000 3.713775e-15
3901.830000 3.583842e-15
3903.300000 3.789587e-15
3904.770000 3.808956e-15
3906.240000 3.786901e-15
3907.710000 4.033337e-15
3909.180000 4.072143e-15
3910.650000 3.983253e-15
3912.120000 4.018761e-15
3913.590000 3.988730e-15
3915.060000 4.159087e-15
3916.530000 4.193086e-15
3918.000000 4.348054e-15
3919.470000 4.431478e-15
3920.940000 4.383433e-15
3922.410000 4.391801e-15
3923.880000 4.343329e-15
3925.350000 4.403304e-15
3926.820000 4.440088e-15
3928.290000 4.329511e-15
3929.760000 4.112402e-15
3931.230000 4.102181e-15
3932.700000 4.148387e-15
3934.170000 4.163763e-15
3935.640000 4.045335e-15
3937.110000 3.956373e-15
3938.580000 3.974592e-15
3940.050000 4.051812e-15
3941.520000 3.896304e-15
3942.990000 4.019906e-15
3944.460000 4.210850e-15
3945.930000 4.202278e-15
3947.400000 4.205863e-15
3948.870000 4.083290e-15
3950.340000 4.142142e-15
3951.810000 4.119944e-15
3953.280000 4.001572e-15
3954.750000 4.044342e-15
3956.220000 4.096463e-15
3957.690000 4.000850e-15
3959.160000 3.852740e-15
3960.630000 3.841189e-15
3962.100000 3.783421e-15
3963.570000 3.707257e-15
3965.040000 3.664006e-15
3966.510000 3.527015e-15
3967.980000 3.458947e-15
3969.450000 3.451490e-15
3970.920000 3.528063e-15
3972.390000 3.488992e-15
3973.860000 3.519524e-15
3975.330000 3.577650e-15
3976.800000 3.377493e-15
3978.270000 3.440428e-15
3979.740000 3.515868e-15
3981.210000 3.432398e-15
3982.680000 3.419925e-15
3984.150000 3.552529e-15
3985.620000 3.572495e-15
3987.090000 3.499238e-15
3988.560000 3.459498e-15
3990.030000 3.489939e-15
3991.500000 3.538869e-15
3992.970000 3.618864e-15
3994.440000 3.518049e-15
3995.910000 3.530000e-15
3997.380000 3.650523e-15
3998.850000 3.746659e-15
4000.320000 3.925679e-15
4001.790000 3.942062e-15
4003.260000 3.930960e-15
4004.730000 4.020810e-15
4006.200000 4.083864e-15
4007.670000 3.993342e-15
4009.140000 4.149643e-15
4010.610000 4.275491e-15
4012.080000 4.260784e-15
4013.550000 4.468895e-15
4015.020000 4.447746e-15
4016.490000 4.475857e-15
4017.960000 4.643676e-15
4019.430000 4.718812e-15
4020.900000 4.770865e-15
4022.370000 4.864009e-15
4023.840000 5.070340e-15
4025.310000 5.004824e-15
4026.780000 5.290679e-15
4028.250000 5.445994e-15
4029.720000 5.398141e-15
4031.190000 5.426948e-15
4032.660000 5.535759e-15
4034.130000 5.445386e-15
4035.600000 5.526449e-15
4037.070000 5.587799e-15
4038.540000 5.735807e-15
4040.010000 5.576522e-15
4041.480000 5.458830e-15
4042.950000 5.443813e-15
4044.420000 5.489875e-15
4045.890000 5.596575e-15
4047.360000 5.638749e-15
4048.830000 5.617373e-15
4050.300000 5.496347e-15
4051.770000 5.450983e-15
4053.240000 5.362928e-15
4054.710000 5.294762e-15
4056.180000 5.332448e-15
4057.650000 5.288290e-15
4059.120000 5.105756e-15
4060.590000 4.982636e-15
4062.060000 5.001079e-15
4063.530000 4.971175e-15
4065.000000 4.867166e-15
4066.470000 4.766620e-15
4067.940000 4.724187e-15
4069.410000 4.625409e-15
4070.880000 4.537402e-15
4072.350000 4.568814e-15
4073.820000 4.505468e-15
4075.290000 4.297973e-15
4076.760000 4.188064e-15
4078.230000 4.175853e-15
4079.700000 4.134272e-15
4081.170000 4.073435e-15
4082.640000 3.945899e-15
4084.110000 3.869468e-15
4085.580000 3.933517e-15
4087.050000 3.905728e-15
4088.520000 3.742754e-15
4089.990000 3.596702e-15
4091.460000 3.575359e-15
4092.930000 3.589480e-15
4094.400000 3.515382e-15
4095.870000 3.446422e-15
4097.340000 3.443695e-15
4098.810000 3.395276e-15
4100.280000 3.244165e-15
4101.750000 3.237692e-15
4103.220000 3.212052e-15
4104.690000 3.090906e-15
4106.160000 3.139080e-15
4107.630000 3.128859e-15
4109.100000 3.113840e-15
4110.570000 3.125507e-15
4112.040000 2.951401e-15
4113.510000 2.873454e-15
4114.980000 2.852875e-15
4116.450000 2.802259e-15
4117.920000 2.678196e-15
4119.390000 2.673685e-15
4120.860000 2.728623e-15
4122.330000 2.721975e-15
4123.800000 2.633850e-15
4125.270000 2.628102e-15
4126.740000 2.637347e-15
4128.210000 2.663754e-15
4129.680000 2.627628e-15
4131.150000 2.555666e-15
4132.620000 2.607035e-15
4134.090000 2.612565e-15
4135.560000 2.571160e-15
4137.030000 2.425340e-15
4138.500000 2.501065e-15
4139.970000 2.499804e-15
4141.440000 2.421957e-15
4142.910000 2.443253e-15
4144.380000 2.429084e-15
4145.850000 2.525829e-15
4147.320000 2.440466e-15
4148.790000 2.503215e-15
4150.260000 2.528087e-15
4151.730000 2.508273e-15
4153.200000 2.481088e-15
4154.670000 2.487528e-15
4156.140000 2.641457e-15
4157.610000 2.551123e-15
4159.080000 2.478545e-15
4160.550000 2.560673e-15
4162.020000 2.571341e-15
4163.490000 2.570355e-15
4164.960000 2.653742e-15
4166.430000 2.638740e-15
4167.900000 2.648893e-15
4169.370000 2.551614e-15
4170.840000 2.552282e-15
4172.310000 2.633090e-15
4173.780000 2.586944e-15
4175.250000 2.629942e-15
4176.720000 2.712617e-15
4178.190000 2.608050e-15
4179.660000 2.631195e-15
4181.130000 2.621632e-15
4182.600000 2.495754e-15
4184.070000 2.510957e-15
4185.540000 2.552285e-15
4187.010000 2.506745e-15
4188.480000 2.375441e-15
4189.950000 2.465798e-15
4191.420000 2.483416e-15
4192.890000 2.349997e-15
4194.360000 2.285758e-15
4195.830000 2.298667e-15
4197.300000 2.362496e-15
4198.770000 2.406485e-15
4200.240000 2.357642e-15
4201.710000 2.327568e-15
4203.180000 2.238374e-15
4204.650000 2.333547e-15
4206.120000 2.322744e-15
4207.590000 2.300910e-15
4209.060000 2.410721e-15
4210.530000 2.376720e-15
4212.000000 2.281517e-15
4213.470000 2.354511e-15
4214.940000 2.373733e-15
4216.410000 2.329813e-15
4217.880000 2.390348e-15
4219.350000 2.337067e-15
4220.820000 2.370282e-15
4222.290000 2.467500e-15
4223.760000 2.489512e-15
4225.230000 2.526522e-15
4226.700000 2.523638e-15
4228.170000 2.554031e-15
4229.640000 2.518220e-15
4231.110000 2.585376e-15
4232.580000 2.641787e-15
4234.050000 2.665092e-15
4235.520000 2.728118e-15
4236.990000 2.688078e-15
4238.460000 2.716949e-15
4239.930000 2.753935e-15
4241.400000 2.748802e-15
4242.870000 2.826405e-15
4244.340000 2.836447e-15
4245.810000 2.773975e-15
4247.280000 2.755549e-15
4248.750000 2.850960e-15
4250.220000 2.849083e-15
4251.690000 2.884917e-15
4253.160000 2.940343e-15
4254.630000 2.918976e-15
4256.100000 2.872407e-15
4257.570000 2.906137e-15
4259.040000 2.978765e-15
4260.510000 3.023416e-15
4261.980000 3.019177e-15
4263.450000 2.972691e-15
4264.920000 3.025508e-15
4266.390000 2.962120e-15
4267.860000 2.921534e-15
4269.330000 2.957676e-15
4270.800000 2.883686e-15
4272.270000 2.830748e-15
4273.740000 2.945336e-15
4275.210000 3.036762e-15
4276.680000 2.928504e-15
4278.150000 2.900638e-15
4279.620000 2.865766e-15
4281.090000 2.806240e-15
4282.560000 2.861838e-15
4284.030000 2.829482e-15
4285.500000 2.723867e-15
4286.970000 2.820728e-15
4288.440000 2.712428e-15
4289.910000 2.753549e-15
4291.380000 2.862473e-15
4292.850000 2.797784e-15
4294.320000 2.761611e-15
4295.790000 2.766929e-15
4297.260000 2.781249e-15
4298.730000 2.845026e-15
4300.200000 2.779694e-15
4301.670000 2.702212e-15
4303.140000 2.720025e-15
4304.610000 2.772728e-15
4306.080000 2.855151e-15
4307.550000 2.781756e-15
4309.020000 2.769802e-15
4310.490000 2.840502e-15
4311.960000 2.897438e-15
4313.430000 2.858165e-15
4314.900000 2.838665e-15
4316.370000 2.842738e-15
4317.840000 2.915958e-15
4319.310000 3.016023e-15
4320.780000 2.966141e-15
4322.250000 2.975726e-15
4323.720000 3.005295e-15
4325.190000 2.967198e-15
4326.660000 3.036595e-15
4328.130000 3.035752e-15
4329.600000 2.891628e-15
4331.070000 2.936408e-15
4332.540000 3.076242e-15
4334.010000 3.041893e-15
4335.480000 3.000268e-15
4336.950000 3.013281e-15
4338.420000 2.921591e-15
4339.890000 3.000321e-15
4341.360000 2.980107e-15
4342.830000 2.987698e-15
4344.300000 3.088004e-15
4345.770000 3.131226e-15
4347.240000 3.281640e-15
4348.710000 3.281405e-15
4350.180000 3.188180e-15
4351.650000 3.114452e-15
4353.120000 3.048133e-15
4354.590000 3.002309e-15
4356.060000 2.935283e-15
4357.530000 3.003079e-15
4359.000000 3.068307e-15
4360.470000 3.065061e-15
4361.940000 3.028548e-15
4363.410000 3.009162e-15
4364.880000 3.004814e-15
4366.350000 2.929929e-15
4367.820000 3.024860e-15
4369.290000 3.097955e-15
4370.760000 3.102574e-15
4372.230000 3.058531e-15
4373.700000 3.101645e-15
4375.170000 3.166027e-15
4376.640000 3.151567e-15
4378.110000 3.070647e-15
4379.580000 3.077124e-15
4381.050000 3.052043e-15
4382.520000 3.074868e-15
4383.990000 3.096440e-15
4385.460000 3.034854e-15
4386.930000 2.989586e-15
4388.400000 2.980443e-15
4389.870000 2.964409e-15
4391.340000 3.003948e-15
4392.810000 2.950707e-15
4394.280000 2.953194e-15
4395.750000 2.975082e-15
4397.220000 2.958262e-15
4398.690000 2.899265e-15
4400.160000 2.907300e-15
4401.630000 2.951726e-15
4403.100000 2.917328e-15
4404.570000 2.853451e-15
4406.040000 2.857634e-15
4407.510000 2.931228e-15
4408.980000 2.817047e-15
4410.450000 2.677909e-15
4411.920000 2.682792e-15
4413.390000 2.802920e-15
4414.860000 2.786965e-15
4416.330000 2.661130e-15
4417.800000 2.692738e-15
4419.270000 2.636661e-15
4420.740000 2.584123e-15
4422.210000 2.615799e-15
4423.680000 2.610690e-15
4425.150000 2.545602e-15
4426.620000 2.445813e-15
4428.090000 2.474082e-15
4429.560000 2.538561e-15
4431.030000 2.476162e-15
4432.500000 2.457099e-15
4433.970000 2.491819e-15
4435.440000 2.446795e-15
4436.910000 2.476588e-15
4438.380000 2.441329e-15
4439.850000 2.479074e-15
4441.320000 2.472939e-15
4442.790000 2.438188e-15
4444.260000 2.500598e-15
4445.730000 2.502258e-15
4447.200000 2.503978e-15
4448.670000 2.544661e-15
4450.140000 2.513881e-15
4451.610000 2.480146e-15
4453.080000 2.507134e-15
4454.550000 2.533012e-15
4456.020000 2.565545e-15
4457.490000 2.562949e-15
4458.960000 2.615647e-15
4460.430000 2.653430e-15
4461.900000 2.623716e-15
4463.370000 2.666487e-15
4464.840000 2.750228e-15
4466.310000 2.738825e-15
4467.780000 2.771692e-15
4469.250000 2.816106e-15
4470.720000 2.794592e-15
4472.190000 2.853587e-15
4473.660000 2.945430e-15
4475.130000 2.941127e-15
4476.600000 2.994844e-15
4478.070000 3.092680e-15
4479.540000 3.109261e-15
4481.010000 3.086294e-15
4482.480000 3.061374e-15
4483.950000 3.254304e-15
4485.420000 3.403988e-15
4486.890000 3.400014e-15
4488.360000 3.495493e-15
4489.830000 3.543937e-15
4491.300000 3.538859e-15
4492.770000 3.632585e-15
4494.240000 3.817022e-15
4495.710000 3.854922e-15
4497.180000 3.864522e-15
4498.650000 3.917435e-15
4500.120000 3.996559e-15
4501.590000 4.083972e-15
4503.060000 4.177447e-15
4504.530000 4.270794e-15
4506.000000 4.375345e-15
4507.470000 4.477828e-15
4508.940000 4.533663e-15
4510.410000 4.639933e-15
4511.880000 4.672280e-15
4513.350000 4.721844e-15
4514.820000 4.840194e-15
4516.290000 4.932022e-15
4517.760000 5.278558e-15
4519.230000 5.418296e-15
4520.700000 5.415756e-15
4522.170000 5.447793e-15
4523.640000 5.468714e-15
4525.110000 5.373360e-15
4526.580000 5.474268e-15
4528.050000 5.504527e-15
4529.520000 5.570013e-15
4530.990000 5.794941e-15
4532.460000 5.881382e-15
4533.930000 5.834933e-15
4535.400000 5.915460e-15
4536.870000 6.064621e-15
4538.340000 6.067959e-15
4539.810000 6.115308e-15
4541.280000 6.184491e-15
4542.750000 6.195256e-15
4544.220000 6.278672e-15
4545.690000 6.231641e-15
4547.160000 6.238576e-15
4548.630000 6.260919e-15
4550.100000 6.279553e-15
4551.570000 6.248253e-15
4553.040000 6.210551e-15
4554.510000 6.189067e-15
4555.980000 6.309699e-15
4557.450000 6.241024e-15
4558.920000 6.265558e-15
4560.390000 6.366085e-15
4561.860000 6.391209e-15
4563.330000 6.374488e-15
4564.800000 6.392499e-15
4566.270000 6.421503e-15
4567.740000 6.488595e-15
4569.210000 6.630625e-15
4570.680000 6.746806e-15
4572.150000 6.744868e-15
4573.620000 6.818526e-15
4575.090000 6.843978e-15
4576.560000 6.908488e-15
4578.030000 6.976476e-15
4579.500000 6.965153e-15
4580.970000 7.005159e-15
4582.440000 6.929810e-15
4583.910000 6.993874e-15
4585.380000 7.146486e-15
4586.850000 7.178302e-15
4588.320000 7.091164e-15
4589.790000 7.111493e-15
4591.260000 7.051006e-15
4592.730000 7.002722e-15
4594.200000 6.997866e-15
4595.670000 6.941341e-15
4597.140000 6.888363e-15
4598.610000 7.059818e-15
4600.080000 6.995109e-15
4601.550000 7.046108e-15
4603.020000 7.204292e-15
4604.490000 7.275495e-15
4605.960000 7.351654e-15
4607.430000 7.403656e-15
4608.900000 7.088219e-15
4610.370000 7.391846e-15
4611.840000 7.741786e-15
4613.310000 7.718667e-15
4614.780000 7.717764e-15
4616.250000 7.767471e-15
4617.720000 7.945184e-15
4619.190000 7.976695e-15
4620.660000 7.941247e-15
4622.130000 7.996094e-15
4623.600000 7.976879e-15
4625.070000 8.036781e-15
4626.540000 7.955675e-15
4628.010000 7.988736e-15
4629.480000 8.003872e-15
4630.950000 7.964701e-15
4632.420000 8.007482e-15
4633.890000 8.076776e-15
4635.360000 7.990485e-15
4636.830000 7.894465e-15
4638.300000 7.898762e-15
4639.770000 7.982430e-15
4641.240000 7.978632e-15
4642.710000 7.915461e-15
4644.180000 7.825471e-15
4645.650000 7.851223e-15
4647.120000 7.795319e-15
4648.590000 7.721129e-15
4650.060000 7.775532e-15
4651.530000 7.703399e-15
4653.000000 7.600273e-15
4654.470000 7.589427e-15
4655.940000 7.570258e-15
4657.410000 7.481820e-15
4658.880000 7.407634e-15
4660.350000 7.381859e-15
4661.820000 7.285472e-15
4663.290000 7.236163e-15
4664.760000 7.050794e-15
4666.230000 6.901077e-15
4667.700000 6.802176e-15
4669.170000 6.810470e-15
4670.640000 6.680854e-15
4672.110000 6.630089e-15
4673.580000 6.658310e-15
4675.050000 6.597862e-15
4676.520000 6.369216e-15
4677.990000 6.279530e-15
4679.460000 6.262540e-15
4680.930000 6.030487e-15
4682.400000 6.053945e-15
4683.870000 6.049473e-15
4685.340000 5.888245e-15
4686.810000 5.768074e-15
4688.280000 5.615382e-15
4689.750000 5.510977e-15
4691.220000 5.409825e-15
4692.690000 5.422804e-15
4694.160000 5.374960e-15
4695.630000 5.238105e-15
4697.100000 5.124102e-15
4698.570000 5.083915e-15
4700.040000 4.976993e-15
4701.510000 4.930647e-15
4702.980000 4.947802e-15
4704.450000 4.967497e-15
4705.920000 5.040381e-15
4707.390000 4.992995e-15
4708.860000 4.965741e-15
4710.330000 5.064736e-15
4711.800000 5.118337e-15
4713.270000 5.124012e-15
4714.740000 5.128217e-15
4716.210000 5.094204e-15
4717.680000 5.081085e-15
4719.150000 5.131295e-15
4720.620000 5.168986e-15
4722.090000 5.216769e-15
4723.560000 5.209889e-15
4725.030000 5.288586e-15
4726.500000 5.348556e-15
4727.970000 5.367119e-15
4729.440000 5.286321e-15
4730.910000 5.143626e-15
4732.380000 5.269026e-15
4733.850000 5.335692e-15
4735.320000 5.308127e-15
4736.790000 5.236981e-15
4738.260000 5.240782e-15
4739.730000 5.313236e-15
4741.200000 5.292121e-15
4742.670000 5.288419e-15
4744.140000 5.293990e-15
4745.610000 5.224928e-15
4747.080000 5.293240e-15
4748.550000 5.313267e-15
4750.020000 5.211140e-15
4751.490000 5.258075e-15
4752.960000 5.234051e-15
4754.430000 5.249421e-15
4755.900000 5.376257e-15
4757.370000 5.341060e-15
4758.840000 5.232624e-15
4760.310000 5.309146e-15
4761.780000 5.328313e-15
4763.250000 5.273258e-15
4764.720000 5.300410e-15
4766.190000 5.317305e-15
4767.660000 5.300672e-15
4769.130000 5.241215e-15
4770.600000 5.165248e-15
4772.070000 5.230726e-15
4773.540000 5.184665e-15
4775.010000 5.078221e-15
4776.480000 5.022131e-15
4777.950000 4.972503e-15
4779.420000 4.991029e-15
4780.890000 5.006545e-15
4782.360000 4.986585e-15
4783.830000 4.905639e-15
4785.300000 4.814428e-15
4786.770000 4.774113e-15
4788.240000 4.743216e-15
4789.710000 4.748658e-15
4791.180000 4.751552e-15
4792.650000 4.647613e-15
4794.120000 4.511907e-15
4795.590000 4.498224e-15
4797.060000 4.449464e-15
4798.530000 4.383435e-15
4800.000000 4.330950e-15
4801.470000 4.269859e-15
4802.940000 4.159934e-15
4804.410000 4.081861e-15
4805.880000 4.007481e-15
4807.350000 3.987987e-15
4808.820000 3.993155e-15
4810.290000 3.953912e-15
4811.760000 3.932930e-15
4813.230000 3.860685e-15
4814.700000 3.809555e-15
4816.170000 3.860581e-15
4817.640000 3.822808e-15
4819.110000 3.731062e-15
4820.580000 3.713754e-15
4822.050000 3.756285e-15
4823.520000 3.696392e-15
4824.990000 3.636045e-15
4826.460000 3.691599e-15
4827.930000 3.721242e-15
4829.400000 3.742022e-15
4830.870000 3.764034e-15
4832.340000 3.810564e-15
4833.810000 3.806414e-15
4835.280000 3.793317e-15
4836.750000 3.918550e-15
4838.220000 3.948633e-15
4839.690000 4.020582e-15
4841.160000 4.094999e-15
4842.630000 4.089068e-15
4844.100000 4.217389e-15
4845.570000 4.336408e-15
4847.040000 4.407379e-15
4848.510000 4.409821e-15
4849.980000 4.458867e-15
4851.450000 4.618495e-15
4852.920000 4.686789e-15
4854.390000 4.699909e-15
4855.860000 4.796985e-15
4857.330000 4.847953e-15
4858.800000 5.011183e-15
4860.270000 5.281887e-15
4861.740000 5.313733e-15
4863.210000 5.305003e-15
4864.680000 5.473337e-15
4866.150000 5.676974e-15
4867.620000 5.980238e-15
4869.090000 6.164022e-15
4870.560000 6.275880e-15
4872.030000 6.124044e-15
4873.500000 5.886736e-15
4874.970000 5.740646e-15
4876.440000 5.674682e-15
4877.910000 5.671699e-15
4879.380000 5.632437e-15
4880.850000 5.608051e-15
4882.320000 5.588612e-15
4883.790000 5.537040e-15
4885.260000 5.504953e-15
4886.730000 5.487871e-15
4888.200000 5.399416e-15
4889.670000 5.239449e-15
4891.140000 5.135825e-15
4892.610000 5.110373e-15
4894.080000 5.091232e-15
4895.550000 4.942294e-15
4897.020000 4.821931e-15
4898.490000 4.725747e-15
4899.960000 4.658988e-15
4901.430000 4.593499e-15
4902.900000 4.543318e-15
4904.370000 4.453206e-15
4905.840000 4.317761e-15
4907.310000 4.262221e-15
4908.780000 4.259805e-15
4910.250000 4.242888e-15
4911.720000 4.205701e-15
4913.190000 4.143353e-15
4914.660000 4.134226e-15
4916.130000 4.183706e-15
4917.600000 4.117579e-15
4919.070000 4.106426e-15
4920.540000 4.130268e-15
4922.010000 4.168064e-15
4923.480000 4.231209e-15
4924.950000 4.224257e-15
4926.420000 4.201007e-15
4927.890000 4.251489e-15
4929.360000 4.291100e-15
4930.830000 4.371723e-15
4932.300000 4.422265e-15
4933.770000 4.423824e-15
4935.240000 4.480044e-15
4936.710000 4.545809e-15
4938.180000 4.673062e-15
4939.650000 4.793045e-15
4941.120000 4.860636e-15
4942.590000 4.908082e-15
4944.060000 4.869207e-15
4945.530000 4.933005e-15
4947.000000 5.009709e-15
4948.470000 5.073158e-15
4949.940000 5.132865e-15
4951.410000 5.163783e-15
4952.880000 5.293348e-15
4954.350000 5.406491e-15
4955.820000 5.425850e-15
4957.290000 5.417966e-15
4958.760000 5.500338e-15
4960.230000 5.608490e-15
4961.700000 5.744826e-15
4963.170000 5.941894e-15
4964.640000 6.001788e-15
4966.110000 5.869022e-15
4967.580000 5.786131e-15
4969.050000 5.769105e-15
4970.520000 5.777005e-15
4971.990000 5.818711e-15
4973.460000 5.847156e-15
4974.930000 5.855140e-15
4976.400000 5.981111e-15
4977.870000 6.082206e-15
4979.340000 6.170901e-15
4980.810000 6.165879e-15
4982.280000 6.113365e-15
4983.750000 6.218931e-15
4985.220000 6.386740e-15
4986.690000 6.462584e-15
4988.160000 6.493362e-15
4989.630000 6.558855e-15
4991.100000 6.541362e-15
4992.570000 6.514452e-15
4994.040000 6.556488e-15
4995.510000 6.656634e-15
4996.980000 6.693964e-15
4998.450000 6.528422e-15
4999.920000 6.452045e-15
5001.390000 6.515442e-15
5002.860000 6.558440e-15
5004.330000 6.469235e-15
5005.800000 6.254504e-15
5007.270000 6.234363e-15
5008.740000 6.268224e-15
5010.210000 6.230815e-15
5011.680000 6.227040e-15
5013.150000 6.209438e-15
5014.620000 6.112243e-15
5016.090000 6.046713e-15
5017.560000 5.996935e-15
5019.030000 5.897866e-15
5020.500000 5.802332e-15
5021.970000 5.628617e-15
5023.440000 5.528822e-15
5024.910000 5.433131e-15
5026.380000 5.299305e-15
5027.850000 5.130123e-15
5029.320000 4.998750e-15
5030.790000 4.923209e-15
5032.260000 4.819058e-15
5033.730000 4.656540e-15
5035.200000 4.529770e-15
5036.670000 4.472048e-15
5038.140000 4.368423e-15
5039.610000 4.278951e-15
5041.080000 4.182709e-15
5042.550000 4.073918e-15
5044.020000 3.970847e-15
5045.490000 3.910204e-15
5046.960000 3.826657e-15
5048.430000 3.770169e-15
5049.900000 3.734431e-15
5051.370000 3.687462e-15
5052.840000 3.646956e-15
5054.310000 3.577861e-15
5055.780000 3.557677e-15
5057.250000 3.583304e-15
5058.720000 3.535905e-15
5060.190000 3.507841e-15
5061.660000 3.531158e-15
5063.130000 3.490031e-15
5064.600000 3.397940e-15
5066.070000 3.366837e-15
5067.540000 3.428029e-15
5069.010000 3.487421e-15
5070.480000 3.565591e-15
5071.950000 3.601352e-15
5073.420000 3.583263e-15
5074.890000 3.562260e-15
5076.360000 3.620597e-15
5077.830000 3.704401e-15
5079.300000 3.738958e-15
5080.770000 3.791455e-15
5082.240000 3.856584e-15
5083.710000 3.947452e-15
5085.180000 4.041241e-15
5086.650000 4.064368e-15
5088.120000 4.129336e-15
5089.590000 4.194981e-15
5091.060000 4.287959e-15
5092.530000 4.336035e-15
5094.000000 4.331792e-15
5095.470000 4.376277e-15
5096.940000 4.410317e-15
5098.410000 4.536538e-15
5099.880000 4.715727e-15
5101.350000 4.700754e-15
5102.820000 4.646241e-15
5104.290000 4.687110e-15
5105.760000 4.781494e-15
5107.230000 4.863404e-15
5108.700000 4.850880e-15
5110.170000 4.948255e-15
5111.640000 5.013579e-15
5113.110000 5.023419e-15
5114.580000 5.138417e-15
5116.050000 5.259775e-15
5117.520000 5.239498e-15
5118.990000 5.138300e-15
5120.460000 5.191594e-15
5121.930000 5.341376e-15
5123.400000 5.445245e-15
5124.870000 5.446159e-15
5126.340000 5.455177e-15
5127.810000 5.529958e-15
5129.280000 5.546846e-15
5130.750000 5.634424e-15
5132.220000 5.761310e-15
5133.690000 5.750874e-15
5135.160000 5.695726e-15
5136.630000 5.745340e-15
5138.100000 5.752032e-15
5139.570000 5.722830e-15
5141.040000 5.805430e-15
5142.510000 5.834233e-15
5143.980000 5.762687e-15
5145.450000 5.725993e-15
5146.920000 5.788577e-15
5148.390000 5.816532e-15
5149.860000 5.748032e-15
5151.330000 5.753687e-15
5152.800000 5.816555e-15
5154.270000 5.834564e-15
5155.740000 5.806560e-15
5157.210000 5.815389e-15
5158.680000 5.874421e-15
5160.150000 5.866655e-15
5161.620000 5.831314e-15
5163.090000 5.860132e-15
5164.560000 5.994932e-15
5166.030000 6.051264e-15
5167.500000 6.055066e-15
5168.970000 6.069815e-15
5170.440000 6.065747e-15
5171.910000 6.082577e-15
5173.380000 6.100514e-15
5174.850000 6.154436e-15
5176.320000 6.170270e-15
5177.790000 6.146518e-15
5179.260000 6.171694e-15
5180.730000 6.153724e-15
5182.200000 6.128985e-15
5183.670000 6.158723e-15
5185.140000 6.127133e-15
5186.610000 6.129172e-15
5188.080000 6.098885e-15
5189.550000 6.077600e-15
5191.020000 6.077516e-15
5192.490000 6.032003e-15
5193.960000 6.020629e-15
5195.430000 6.037301e-15
5196.900000 6.051967e-15
5198.370000 6.064005e-15
5199.840000 6.184118e-15
5201.310000 6.224921e-15
5202.780000 6.096963e-15
5204.250000 6.054315e-15
5205.720000 6.066541e-15
5207.190000 6.129912e-15
5208.660000 6.157272e-15
5210.130000 6.054576e-15
5211.600000 6.010273e-15
5213.070000 6.031181e-15
5214.540000 6.101156e-15
5216.010000 6.136634e-15
5217.480000 6.141167e-15
5218.950000 6.188438e-15
5220.420000 6.220756e-15
5221.890000 6.096662e-15
5223.360000 6.011009e-15
5224.830000 6.088203e-15
5226.300000 6.086533e-15
5227.770000 6.050419e-15
5229.240000 6.058112e-15
5230.710000 6.040693e-15
5232.180000 6.076283e-15
5233.650000 6.111166e-15
5235.120000 6.140091e-15
5236.590000 6.188591e-15
5238.060000 6.224907e-15
5239.530000 6.247840e-15
5241.000000 6.267542e-15
5242.470000 6.378620e-15
5243.940000 6.464147e-15
5245.410000 6.487995e-15
5246.880000 6.571633e-15
5248.350000 6.585643e-15
5249.820000 6.626486e-15
5251.290000 6.671603e-15
5252.760000 6.661804e-15
5254.230000 6.710313e-15
5255.700000 6.701758e-15
5257.170000 6.730944e-15
5258.640000 6.818142e-15
5260.110000 6.883852e-15
5261.580000 6.965814e-15
5263.050000 6.990950e-15
5264.520000 7.005509e-15
5265.990000 7.119379e-15
5267.460000 7.218293e-15
5268.930000 7.260369e-15
5270.400000 7.312851e-15
5271.870000 7.307493e-15
5273.340000 7.332797e-15
5274.810000 7.380845e-15
5276.280000 7.387524e-15
5277.750000 7.391247e-15
5279.220000 7.345134e-15
5280.690000 7.328493e-15
5282.160000 7.315386e-15
5283.630000 7.267291e-15
5285.100000 7.299299e-15
5286.570000 7.269887e-15
5288.040000 7.200315e-15
5289.510000 7.227446e-15
5290.980000 7.236703e-15
5292.450000 7.309378e-15
5293.920000 7.376054e-15
5295.390000 7.304088e-15
5296.860000 7.264309e-15
5298.330000 7.312938e-15
5299.800000 7.306643e-15
5301.270000 7.279919e-15
5302.740000 7.375761e-15
5304.210000 7.461651e-15
5305.680000 7.441019e-15
5307.150000 7.473818e-15
5308.620000 7.623884e-15
5310.090000 7.680758e-15
5311.560000 7.667864e-15
5313.030000 7.756507e-15
5314.500000 7.812987e-15
5315.970000 7.797915e-15
5317.440000 7.784123e-15
5318.910000 7.856258e-15
5320.380000 7.878674e-15
5321.850000 7.804271e-15
5323.320000 7.825791e-15
5324.790000 7.864274e-15
5326.260000 7.855657e-15
5327.730000 7.913208e-15
5329.200000 8.054189e-15
5330.670000 8.122193e-15
5332.140000 8.047052e-15
5333.610000 8.048674e-15
5335.080000 8.059387e-15
5336.550000 7.984085e-15
5338.020000 7.918085e-15
5339.490000 7.958291e-15
5340.960000 8.102789e-15
5342.430000 8.154216e-15
5343.900000 8.083244e-15
5345.370000 8.036022e-15
5346.840000 8.065318e-15
5348.310000 8.118601e-15
5349.780000 8.066408e-15
5351.250000 8.088240e-15
5352.720000 8.148943e-15
5354.190000 8.098143e-15
5355.660000 8.148102e-15
5357.130000 8.194542e-15
5358.600000 8.240815e-15
5360.070000 8.321890e-15
5361.540000 8.292703e-15
5363.010000 8.268004e-15
5364.480000 8.423701e-15
5365.950000 8.481251e-15
5367.420000 8.397028e-15
5368.890000 8.409733e-15
5370.360000 8.481255e-15
5371.830000 8.605362e-15
5373.300000 8.730764e-15
5374.770000 8.797198e-15
5376.240000 8.702349e-15
5377.710000 8.715641e-15
5379.180000 8.767933e-15
5380.650000 8.726933e-15
5382.120000 8.701545e-15
5383.590000 8.687437e-15
5385.060000 8.808644e-15
5386.530000 8.825741e-15
5388.000000 8.651185e-15
5389.470000 8.590865e-15
5390.940000 8.696750e-15
5392.410000 8.582508e-15
5393.880000 8.516759e-15
5395.350000 8.501838e-15
5396.820000 8.414673e-15
5398.290000 8.379931e-15
5399.760000 8.331370e-15
5401.230000 8.298589e-15
5402.700000 8.278988e-15
5404.170000 8.271469e-15
5405.640000 8.172483e-15
5407.110000 8.044221e-15
5408.580000 7.878412e-15
5410.050000 7.898206e-15
5411.520000 7.850523e-15
5412.990000 7.723278e-15
5414.460000 7.683371e-15
5415.930000 7.614093e-15
5417.400000 7.577819e-15
5418.870000 7.488629e-15
5420.340000 7.391265e-15
5421.810000 7.287762e-15
5423.280000 7.241091e-15
5424.750000 7.241994e-15
5426.220000 7.148944e-15
5427.690000 6.961578e-15
5429.160000 6.952085e-15
5430.630000 6.907125e-15
5432.100000 6.920377e-15
5433.570000 6.890922e-15
5435.040000 6.788562e-15
5436.510000 6.699649e-15
5437.980000 6.612574e-15
5439.450000 6.649481e-15
5440.920000 6.683647e-15
5442.390000 6.657975e-15
5443.860000 6.666997e-15
5445.330000 6.673429e-15
5446.800000 6.616764e-15
5448.270000 6.564357e-15
5449.740000 6.645152e-15
5451.210000 6.713817e-15
5452.680000 6.775330e-15
5454.150000 6.832185e-15
5455.620000 6.946678e-15
5457.090000 7.018540e-15
5458.560000 7.086476e-15
5460.030000 7.148735e-15
5461.500000 7.215421e-15
5462.970000 7.230511e-15
5464.440000 7.320014e-15
5465.910000 7.478341e-15
5467.380000 7.661217e-15
5468.850000 7.742256e-15
5470.320000 7.888782e-15
5471.790000 8.002253e-15
5473.260000 8.094397e-15
5474.730000 8.210248e-15
5476.200000 8.240073e-15
5477.670000 8.330174e-15
5479.140000 8.457257e-15
5480.610000 8.635279e-15
5482.080000 8.819121e-15
5483.550000 8.871129e-15
5485.020000 8.978651e-15
5486.490000 9.027513e-15
5487.960000 9.082201e-15
5489.430000 9.178123e-15
5490.900000 9.366343e-15
5492.370000 9.521283e-15
5493.840000 9.590229e-15
5495.310000 9.644728e-15
5496.780000 9.783756e-15
5498.250000 9.666445e-15
5499.720000 9.775107e-15
5501.190000 9.914194e-15
5502.660000 1.004232e-14
5504.130000 1.011618e-14
5505.600000 1.003761e-14
5514.420000 9.962991e-15
5515.890000 9.889758e-15
5517.360000 9.928115e-15
5518.830000 9.950755e-15
5520.300000 9.928448e-15
5521.770000 9.860189e-15
5523.240000 9.814081e-15
5524.710000 9.765112e-15
5526.180000 9.662030e-15
5527.650000 9.589457e-15
5529.120000 9.527143e-15
5530.590000 9.459312e-15
5532.060000 9.326499e-15
5533.530000 9.278900e-15
5535.000000 9.302928e-15
5536.470000 9.170391e-15
5537.940000 9.032673e-15
5539.410000 9.072454e-15
5540.880000 9.026684e-15
5542.350000 8.813902e-15
5543.820000 8.700221e-15
5545.290000 8.642541e-15
5546.760000 8.502145e-15
5548.230000 8.399802e-15
5549.700000 8.291357e-15
5551.170000 8.178339e-15
5552.640000 8.110218e-15
5554.110000 7.970246e-15
5555.580000 7.771229e-15
5557.050000 7.686797e-15
5558.520000 7.626214e-15
5559.990000 7.450385e-15
5561.460000 7.289460e-15
5562.930000 7.153238e-15
5564.400000 7.094550e-15
5565.870000 7.080712e-15
5567.340000 6.982483e-15
5568.810000 6.867691e-15
5570.280000 6.813664e-15
5571.750000 6.804593e-15
5573.220000 6.736078e-15
5574.690000 6.684891e-15
5576.160000 6.724196e-15
5577.630000 6.625365e-15
5579.100000 6.589250e-15
5580.570000 6.655798e-15
5582.040000 6.541069e-15
5583.510000 6.492078e-15
5584.980000 6.558476e-15
5586.450000 6.623690e-15
5587.920000 6.609172e-15
5589.390000 6.570694e-15
5590.860000 6.623721e-15
5592.330000 6.667605e-15
5593.800000 6.731719e-15
5595.270000 6.781701e-15
5596.740000 6.836122e-15
5598.210000 6.870493e-15
5599.680000 6.890315e-15
5601.150000 6.943640e-15
5602.620000 7.011632e-15
5604.090000 7.109938e-15
5605.560000 7.143800e-15
5607.030000 7.191185e-15
5608.500000 7.277304e-15
5609.970000 7.324475e-15
5611.440000 7.375541e-15
5612.910000 7.434951e-15
5614.380000 7.388119e-15
5615.850000 7.488868e-15
5617.320000 7.635106e-15
5618.790000 7.713648e-15
5620.260000 7.744439e-15
5621.730000 7.738741e-15
5623.200000 7.816863e-15
5624.670000 8.023341e-15
5626.140000 8.090110e-15
5627.610000 8.101937e-15
5629.080000 8.092279e-15
5630.550000 8.020958e-15
5632.020000 8.091242e-15
5633.490000 8.152873e-15
5634.960000 8.126535e-15
5636.430000 8.180804e-15
5637.900000 8.231507e-15
5639.370000 8.273410e-15
5640.840000 8.259198e-15
5642.310000 8.219029e-15
5643.780000 8.243492e-15
5645.250000 8.248846e-15
5646.720000 8.300231e-15
5648.190000 8.294877e-15
5649.660000 8.245266e-15
5651.130000 8.195809e-15
5652.600000 8.178252e-15
5654.070000 8.148574e-15
5655.540000 8.178894e-15
5657.010000 8.112104e-15
5658.480000 8.053698e-15
5659.950000 8.060246e-15
5661.420000 8.018377e-15
5662.890000 7.996719e-15
5664.360000 7.943399e-15
5665.830000 7.825491e-15
5667.300000 7.819155e-15
5668.770000 7.678752e-15
5670.240000 7.601842e-15
5671.710000 7.564129e-15
5673.180000 7.535345e-15
5674.650000 7.396904e-15
5676.120000 7.344238e-15
5677.590000 7.200134e-15
5679.060000 7.177456e-15
5680.530000 7.111860e-15
5682.000000 6.920547e-15
5683.470000 6.837944e-15
5684.940000 6.812280e-15
5686.410000 6.716936e-15
5687.880000 6.528891e-15
5689.350000 6.441971e-15
5690.820000 6.385675e-15
5692.290000 6.188936e-15
5693.760000 6.064936e-15
5695.230000 5.950542e-15
5696.700000 5.887134e-15
5698.170000 5.734159e-15
5699.640000 5.667393e-15
5701.110000 5.621829e-15
5702.580000 5.505258e-15
5704.050000 5.357359e-15
5705.520000 5.176013e-15
5706.990000 5.027961e-15
5708.460000 4.920923e-15
5709.930000 4.843701e-15
5711.400000 4.808893e-15
5712.870000 4.678699e-15
5714.340000 4.554573e-15
5715.810000 4.423421e-15
5717.280000 4.373269e-15
5718.750000 4.311652e-15
5720.220000 4.269881e-15
5721.690000 4.119743e-15
5723.160000 4.054779e-15
5724.630000 4.037236e-15
5726.100000 3.959324e-15
5727.570000 3.886953e-15
5729.040000 3.834362e-15
5730.510000 3.697162e-15
5731.980000 3.651628e-15
5733.450000 3.623694e-15
5734.920000 3.588069e-15
5736.390000 3.536794e-15
5737.860000 3.507367e-15
5739.330000 3.483908e-15
5740.800000 3.471139e-15
5742.270000 3.374207e-15
5743.740000 3.348406e-15
5745.210000 3.317057e-15
5746.680000 3.296168e-15
5748.150000 3.266511e-15
5749.620000 3.232882e-15
5751.090000 3.200766e-15
5752.560000 3.210565e-15
5754.030000 3.254459e-15
5755.500000 3.271344e-15
5756.970000 3.232657e-15
5758.440000 3.247975e-15
5759.910000 3.290708e-15
5761.380000 3.330981e-15
5762.850000 3.356081e-15
5764.320000 3.312347e-15
5765.790000 3.326888e-15
5767.260000 3.367645e-15
5768.730000 3.365572e-15
5770.200000 3.413541e-15
5771.670000 3.464500e-15
5773.140000 3.472807e-15
5774.610000 3.511052e-15
5776.080000 3.560764e-15
5777.550000 3.579055e-15
5779.020000 3.584865e-15
5780.490000 3.616619e-15
5781.960000 3.697274e-15
5783.430000 3.755265e-15
5784.900000 3.848410e-15
5786.370000 3.959758e-15
5787.840000 3.964710e-15
5789.310000 3.980836e-15
5790.780000 4.059102e-15
5792.250000 4.162705e-15
5793.720000 4.230957e-15
5795.190000 4.274245e-15
5796.660000 4.366826e-15
5798.130000 4.493056e-15
5799.600000 4.630806e-15
5801.070000 4.737434e-15
5802.540000 4.806337e-15
5804.010000 4.885481e-15
5805.480000 5.064483e-15
5806.950000 5.211903e-15
5808.420000 5.278297e-15
5809.890000 5.430677e-15
5811.360000 5.631751e-15
5812.830000 5.941463e-15
5814.300000 6.075522e-15
5815.770000 6.076106e-15
5817.240000 6.248849e-15
5818.710000 6.482636e-15
5820.180000 6.699892e-15
5821.650000 6.874108e-15
5823.120000 7.008387e-15
5824.590000 7.086183e-15
5826.060000 7.245948e-15
5827.530000 7.427142e-15
5829.000000 7.512671e-15
5830.470000 7.542285e-15
5831.940000 7.600013e-15
5833.410000 7.745536e-15
5834.880000 7.933304e-15
5836.350000 8.042671e-15
5837.820000 8.120275e-15
5839.290000 8.106437e-15
5840.760000 8.197368e-15
5842.230000 8.313579e-15
5843.700000 8.391315e-15
5845.170000 8.467061e-15
5846.640000 8.532275e-15
5848.110000 8.604184e-15
5849.580000 8.611505e-15
5851.050000 8.674930e-15
5852.520000 8.774233e-15
5853.990000 8.926753e-15
5855.460000 9.024186e-15
5856.930000 8.978835e-15
5858.400000 9.095107e-15
5859.870000 9.040843e-15
5861.340000 9.006911e-15
5862.810000 9.013996e-15
5864.280000 9.195451e-15
5865.750000 9.348808e-15
5867.220000 9.297072e-15
5868.690000 9.179489e-15
5870.160000 9.262392e-15
5871.630000 9.347520e-15
5873.100000 9.321941e-15
5874.570000 9.419108e-15
5876.040000 9.365196e-15
5877.510000 9.346835e-15
5878.980000 9.406643e-15
5880.450000 9.401197e-15
5881.920000 9.439829e-15
5883.390000 9.359471e-15
5884.860000 9.320574e-15
5886.330000 9.274020e-15
5887.800000 9.080070e-15
5889.270000 8.745888e-15
5890.740000 8.612806e-15
5892.210000 8.769404e-15
5893.680000 8.919237e-15
5895.150000 8.925587e-15
5896.620000 8.855780e-15
5898.090000 8.694100e-15
5899.560000 8.841713e-15
5901.030000 8.808650e-15
5902.500000 8.903915e-15
5903.970000 9.091336e-15
5905.440000 9.099086e-15
5906.910000 9.071585e-15
5908.380000 9.060880e-15
5909.850000 9.072912e-15
5911.320000 9.229084e-15
5912.790000 9.215206e-15
5914.260000 9.156522e-15
5915.730000 9.131442e-15
5917.200000 9.089949e-15
5918.670000 9.012662e-15
5920.140000 9.044995e-15
5921.610000 9.020859e-15
5923.080000 8.964800e-15
5924.550000 8.996033e-15
5926.020000 9.002767e-15
5927.490000 9.117700e-15
5928.960000 9.145943e-15
5930.430000 9.075429e-15
5931.900000 9.176566e-15
5933.370000 9.106902e-15
5934.840000 9.152410e-15
5936.310000 9.118705e-15
5937.780000 9.209395e-15
5939.250000 9.139908e-15
5940.720000 9.022815e-15
5942.190000 8.871825e-15
5943.660000 8.821219e-15
5945.130000 8.909351e-15
5946.600000 8.909852e-15
5948.070000 8.893091e-15
5949.540000 8.817214e-15
5951.010000 8.826020e-15
5952.480000 8.911439e-15
5953.950000 8.887992e-15
5955.420000 8.879577e-15
5956.890000 8.865324e-15
5958.360000 8.869542e-15
5959.830000 8.904619e-15
5961.300000 8.908905e-15
5962.770000 8.971432e-15
5964.240000 9.018352e-15
5965.710000 8.979789e-15
5967.180000 8.924967e-15
5968.650000 8.918952e-15
5970.120000 8.858097e-15
5971.590000 8.938890e-15
5973.060000 9.041609e-15
5974.530000 8.940286e-15
5976.000000 8.995567e-15
5977.470000 8.985787e-15
5978.940000 9.012384e-15
5980.410000 8.986373e-15
5981.880000 8.981341e-15
5983.350000 8.923226e-15
5984.820000 8.904063e-15
5986.290000 8.923484e-15
5987.760000 8.923534e-15
5989.230000 8.845834e-15
5990.700000 8.760058e-15
5992.170000 8.770531e-15
5993.640000 8.801730e-15
5995.110000 8.740976e-15
5996.580000 8.714958e-15
5998.050000 8.679123e-15
5999.520000 8.553225e-15
6000.990000 8.465850e-15
6002.460000 8.423461e-15
6003.930000 8.380144e-15
6005.400000 8.345792e-15
6006.870000 8.260955e-15
6008.340000 8.250524e-15
6009.810000 8.152735e-15
6011.280000 8.012047e-15
6012.750000 8.063399e-15
6014.220000 8.068607e-15
6015.690000 7.982425e-15
6017.160000 7.848248e-15
6018.630000 7.800160e-15
6020.100000 7.836174e-15
6021.570000 7.771301e-15
6023.040000 7.696280e-15
6024.510000 7.720925e-15
6025.980000 7.704516e-15
6027.450000 7.632631e-15
6028.920000 7.577538e-15
6030.390000 7.543014e-15
6031.860000 7.531362e-15
6033.330000 7.478699e-15
6034.800000 7.410592e-15
6036.270000 7.380442e-15
6037.740000 7.411332e-15
6039.210000 7.358890e-15
6040.680000 7.293839e-15
6042.150000 7.341783e-15
6043.620000 7.408034e-15
6045.090000 7.288301e-15
6046.560000 7.158832e-15
6048.030000 7.221403e-15
6049.500000 7.233354e-15
6050.970000 7.213893e-15
6052.440000 7.157323e-15
6053.910000 7.039321e-15
6055.380000 6.991625e-15
6056.850000 6.948673e-15
6058.320000 7.015825e-15
6059.790000 7.056050e-15
6061.260000 6.968132e-15
6062.730000 6.986136e-15
6064.200000 6.925017e-15
6065.670000 6.765784e-15
6067.140000 6.836232e-15
6068.610000 6.901800e-15
6070.080000 6.841326e-15
6071.550000 6.842162e-15
6073.020000 6.848074e-15
6074.490000 6.852951e-15
6075.960000 6.891706e-15
6077.430000 6.978471e-15
6078.900000 7.019611e-15
6080.370000 7.135902e-15
6081.840000 7.126189e-15
6083.310000 7.172311e-15
6084.780000 7.317071e-15
6086.250000 7.347914e-15
6087.720000 7.277815e-15
6089.190000 7.334096e-15
6090.660000 7.529017e-15
6092.130000 7.513763e-15
6093.600000 7.460411e-15
6095.070000 7.501360e-15
6096.540000 7.490699e-15
6098.010000 7.537405e-15
6099.480000 7.564012e-15
6100.950000 7.556264e-15
6102.420000 7.579606e-15
6103.890000 7.604000e-15
6105.360000 7.721843e-15
6106.830000 7.687668e-15
6108.300000 7.771124e-15
6109.770000 7.708541e-15
6111.240000 7.699051e-15
6112.710000 7.661452e-15
6114.180000 7.665050e-15
6115.650000 7.770384e-15
6117.120000 7.736614e-15
6118.590000 7.598054e-15
6120.060000 7.640632e-15
6121.530000 7.695181e-15
6123.000000 7.703492e-15
6124.470000 7.608186e-15
6125.940000 7.635553e-15
6127.410000 7.579538e-15
6128.880000 7.499622e-15
6130.350000 7.426725e-15
6131.820000 7.390420e-15
6133.290000 7.502638e-15
6134.760000 7.404908e-15
6136.230000 7.361827e-15
6137.700000 7.367516e-15
6139.170000 7.289936e-15
6140.640000 7.136122e-15
6142.110000 7.179200e-15
6143.580000 7.177487e-15
6145.050000 7.158010e-15
6146.520000 7.022730e-15
6147.990000 6.984567e-15
6149.460000 6.920594e-15
6150.930000 6.966590e-15
6152.400000 6.874958e-15
6153.870000 6.873654e-15
6155.340000 6.932043e-15
6156.810000 6.859819e-15
6158.280000 6.907130e-15
6159.750000 6.916087e-15
6161.220000 6.869709e-15
6162.690000 6.912956e-15
6164.160000 6.977957e-15
6165.630000 6.911891e-15
6167.100000 6.941011e-15
6168.570000 7.041477e-15
6170.040000 7.101194e-15
6171.510000 7.159378e-15
6172.980000 7.280116e-15
6174.450000 7.232819e-15
6175.920000 7.291120e-15
6177.390000 7.406413e-15
6178.860000 7.391046e-15
6180.330000 7.476011e-15
6181.800000 7.451060e-15
6183.270000 7.436609e-15
6184.740000 7.543255e-15
6186.210000 7.688580e-15
6187.680000 7.741069e-15
6189.150000 7.718193e-15
6190.620000 7.712707e-15
6192.090000 7.700348e-15
6193.560000 7.732317e-15
6195.030000 7.778260e-15
6196.500000 7.864638e-15
6197.970000 7.966811e-15
6199.440000 7.945084e-15
6200.910000 7.913722e-15
6202.380000 8.008522e-15
6203.850000 8.019576e-15
6205.320000 8.133774e-15
6206.790000 8.228291e-15
6208.260000 8.278807e-15
6209.730000 8.349287e-15
6211.200000 8.386885e-15
6212.670000 8.422883e-15
6214.140000 8.459406e-15
6215.610000 8.491368e-15
6217.080000 8.510202e-15
6218.550000 8.470976e-15
6220.020000 8.470256e-15
6221.490000 8.526133e-15
6222.960000 8.545188e-15
6224.430000 8.447152e-15
6225.900000 8.474843e-15
6227.370000 8.547229e-15
6228.840000 8.457222e-15
6230.310000 8.463520e-15
6231.780000 8.449902e-15
6233.250000 8.462563e-15
6234.720000 8.487535e-15
6236.190000 8.529364e-15
6237.660000 8.560605e-15
6239.130000 8.508367e-15
6240.600000 8.540349e-15
6242.070000 8.563567e-15
6243.540000 8.590769e-15
6245.010000 8.607192e-15
6246.480000 8.459762e-15
6247.950000 8.383719e-15
6249.420000 8.506287e-15
6250.890000 8.496641e-15
6252.360000 8.392827e-15
6253.830000 8.325046e-15
6255.300000 8.447834e-15
6256.770000 8.333775e-15
6258.240000 8.299167e-15
6259.710000 8.328680e-15
6261.180000 8.265306e-15
6262.650000 8.272258e-15
6264.120000 8.267157e-15
6265.590000 8.152599e-15
6267.060000 8.134724e-15
6268.530000 8.225336e-15
6270.000000 8.307882e-15
6271.470000 8.179656e-15
6272.940000 8.136059e-15
6274.410000 8.140175e-15
6275.880000 8.138636e-15
6277.350000 8.093182e-15
6278.820000 8.081248e-15
6280.290000 7.937044e-15
6281.760000 7.943433e-15
6283.230000 7.897400e-15
6284.700000 7.878202e-15
6286.170000 7.877032e-15
6287.640000 7.879517e-15
6289.110000 7.943849e-15
6290.580000 7.895305e-15
6292.050000 7.867569e-15
6293.520000 7.938108e-15
6294.990000 7.980656e-15
6296.460000 7.972172e-15
6297.930000 7.950361e-15
6299.400000 7.798474e-15
6300.870000 7.850060e-15
6302.340000 7.849131e-15
6303.810000 7.833550e-15
6305.280000 7.755917e-15
6306.750000 7.773869e-15
6308.220000 7.723672e-15
6309.690000 7.774794e-15
6311.160000 7.839397e-15
6312.630000 7.762443e-15
6314.100000 7.708504e-15
6315.570000 7.627393e-15
6317.040000 7.567183e-15
6318.510000 7.563842e-15
6319.980000 7.566671e-15
6321.450000 7.562479e-15
6322.920000 7.450109e-15
6324.390000 7.647218e-15
6325.860000 7.556538e-15
6327.330000 7.428680e-15
6328.800000 7.415150e-15
6330.270000 7.383235e-15
6331.740000 7.301136e-15
6333.210000 7.306793e-15
6334.680000 7.362677e-15
6336.150000 7.141125e-15
6337.620000 7.212299e-15
6339.090000 7.124794e-15
6340.560000 7.149171e-15
6342.030000 7.161911e-15
6343.500000 7.148322e-15
6344.970000 7.045098e-15
6346.440000 6.993051e-15
6347.910000 6.958304e-15
6349.380000 6.877292e-15
6350.850000 6.896498e-15
6352.320000 6.920575e-15
6353.790000 6.838103e-15
6355.260000 6.864584e-15
6356.730000 6.835751e-15
6358.200000 6.748602e-15
6359.670000 6.734397e-15
6361.140000 6.634918e-15
6362.610000 6.625360e-15
6364.080000 6.676617e-15
6365.550000 6.535211e-15
6367.020000 6.548921e-15
6368.490000 6.659614e-15
6369.960000 6.756415e-15
6371.430000 6.628762e-15
6372.900000 6.654608e-15
6374.370000 6.725856e-15
6375.840000 6.631584e-15
6377.310000 6.642980e-15
6378.780000 6.782883e-15
6380.250000 6.811190e-15
6381.720000 6.850054e-15
6383.190000 6.844279e-15
6384.660000 6.934231e-15
6386.130000 7.012469e-15
6387.600000 6.970404e-15
6389.070000 6.973573e-15
6390.540000 6.966825e-15
6392.010000 6.929133e-15
6393.480000 6.998539e-15
6394.950000 6.990226e-15
6396.420000 7.033329e-15
6397.890000 6.989183e-15
6399.360000 7.012132e-15
6400.830000 7.104005e-15
6402.300000 7.082552e-15
6403.770000 7.106447e-15
6405.240000 7.139894e-15
6406.710000 7.040321e-15
6408.180000 7.034947e-15
6409.650000 7.061524e-15
6411.120000 7.097704e-15
6412.590000 7.167811e-15
6414.060000 7.131712e-15
6415.530000 7.125856e-15
6417.000000 7.233756e-15
6418.470000 7.279490e-15
6419.940000 7.250379e-15
6421.410000 7.369510e-15
6422.880000 7.362341e-15
6424.350000 7.350591e-15
6425.820000 7.416583e-15
6427.290000 7.385373e-15
6428.760000 7.373656e-15
6430.230000 7.382510e-15
6431.700000 7.457112e-15
6433.170000 7.536213e-15
6434.640000 7.583504e-15
6436.110000 7.547224e-15
6437.580000 7.574143e-15
6439.050000 7.747487e-15
6440.520000 7.921489e-15
6441.990000 7.895208e-15
6443.460000 7.839170e-15
6444.930000 7.773396e-15
6446.400000 7.904087e-15
6447.870000 7.991890e-15
6449.340000 7.869021e-15
6450.810000 7.963451e-15
6452.280000 8.000633e-15
6453.750000 7.925618e-15
6455.220000 8.002620e-15
6456.690000 8.069817e-15
6458.160000 7.927461e-15
6459.630000 7.972516e-15
6461.100000 8.045309e-15
6462.570000 8.007392e-15
6464.040000 7.943190e-15
6465.510000 7.978137e-15
6466.980000 7.990437e-15
6468.450000 7.995643e-15
6469.920000 7.963120e-15
6471.390000 7.848742e-15
6472.860000 7.815959e-15
6474.330000 7.757700e-15
6475.800000 7.703605e-15
6477.270000 7.652378e-15
6478.740000 7.677605e-15
6480.210000 7.639235e-15
6481.680000 7.602363e-15
6483.150000 7.628403e-15
6484.620000 7.479361e-15
6486.090000 7.444823e-15
6487.560000 7.696664e-15
6489.030000 7.708291e-15
6490.500000 7.665321e-15
6491.970000 7.638192e-15
6493.440000 7.579913e-15
6494.910000 7.549392e-15
6496.380000 7.535468e-15
6497.850000 7.551911e-15
6499.320000 7.602836e-15
6500.790000 7.666470e-15
6502.260000 7.603652e-15
6503.730000 7.655235e-15
6505.200000 7.565198e-15
6506.670000 7.397560e-15
6508.140000 7.462047e-15
6509.610000 7.540379e-15
6511.080000 7.509605e-15
6512.550000 7.396752e-15
6514.020000 7.386774e-15
6515.490000 7.186120e-15
6516.960000 7.100704e-15
6518.430000 7.101342e-15
6519.900000 7.156952e-15
6521.370000 7.280957e-15
6522.840000 7.406933e-15
6524.310000 7.451322e-15
6525.780000 7.538341e-15
6527.250000 7.624961e-15
6528.720000 7.702937e-15
6530.190000 7.649475e-15
6531.660000 7.619611e-15
6533.130000 7.617341e-15
6534.600000 7.689080e-15
6536.070000 7.877961e-15
6537.540000 7.835805e-15
6539.010000 7.921758e-15
6540.480000 7.856033e-15
6541.950000 7.789589e-15
6543.420000 7.750444e-15
6544.890000 7.847697e-15
6546.360000 7.833846e-15
6547.830000 7.807150e-15
6549.300000 7.859927e-15
6550.770000 7.854026e-15
6552.240000 7.895745e-15
6553.710000 7.864044e-15
6555.180000 7.891739e-15
6556.650000 8.028355e-15
6558.120000 8.052981e-15
6559.590000 8.187449e-15
6561.060000 8.170266e-15
6562.530000 8.013747e-15
6564.000000 7.960538e-15
6565.470000 7.890490e-15
6566.940000 7.918449e-15
6568.410000 8.045271e-15
6569.880000 8.165423e-15
6571.350000 8.513311e-15
6572.820000 8.870355e-15
6574.290000 9.066812e-15
6575.760000 9.224072e-15
6577.230000 8.949501e-15
6578.700000 8.293489e-15
6580.170000 7.921266e-15
6581.640000 7.802926e-15
6583.110000 7.753677e-15
6584.580000 7.674329e-15
6586.050000 7.568776e-15
6587.520000 7.599560e-15
6588.990000 7.631258e-15
6590.460000 7.541347e-15
6591.930000 7.717558e-15
6593.400000 7.972648e-15
6594.870000 8.050788e-15
6596.340000 8.134758e-15
6597.810000 7.935874e-15
6599.280000 7.655614e-15
6600.750000 7.521032e-15
6602.220000 7.510239e-15
6603.690000 7.455845e-15
6605.160000 7.402909e-15
6606.630000 7.424648e-15
6608.100000 7.463741e-15
6609.570000 7.508877e-15
6611.040000 7.437043e-15
6612.510000 7.363165e-15
6613.980000 7.379877e-15
6615.450000 7.381526e-15
6616.920000 7.432974e-15
6618.390000 7.369860e-15
6619.860000 7.329653e-15
6621.330000 7.468233e-15
6622.800000 7.503141e-15
6624.270000 7.467589e-15
6625.740000 7.405964e-15
6627.210000 7.322907e-15
6628.680000 7.356028e-15
6630.150000 7.351668e-15
6631.620000 7.306116e-15
6633.090000 7.397615e-15
6634.560000 7.391855e-15
6636.030000 7.319418e-15
6637.500000 7.347785e-15
6638.970000 7.268249e-15
6640.440000 7.220655e-15
6641.910000 7.367794e-15
6643.380000 7.420768e-15
6644.850000 7.328727e-15
6646.320000 7.302325e-15
6647.790000 7.283705e-15
6649.260000 7.251605e-15
6650.730000 7.293509e-15
6652.200000 7.319562e-15
6653.670000 7.269568e-15
6655.140000 7.269965e-15
6656.610000 7.272758e-15
6658.080000 7.240184e-15
6659.550000 7.313387e-15
6661.020000 7.304840e-15
6662.490000 7.282148e-15
6663.960000 7.265351e-15
6665.430000 7.249974e-15
6666.900000 7.248377e-15
6668.370000 7.216813e-15
6669.840000 7.229602e-15
6671.310000 7.207251e-15
6672.780000 7.189304e-15
6674.250000 7.137725e-15
6675.720000 7.150662e-15
6677.190000 7.168122e-15
6678.660000 7.115963e-15
6680.130000 7.133415e-15
6681.600000 7.098042e-15
6683.070000 7.063779e-15
6684.540000 7.001257e-15
6686.010000 6.980088e-15
6687.480000 7.008213e-15
6688.950000 6.994639e-15
6690.420000 6.954936e-15
6691.890000 6.939221e-15
6693.360000 6.890756e-15
6694.830000 6.852373e-15
6696.300000 6.921187e-15
6697.770000 6.926773e-15
6699.240000 6.857846e-15
6700.710000 6.817090e-15
6702.180000 6.833464e-15
6703.650000 6.806863e-15
6705.120000 6.765387e-15
6706.590000 6.794023e-15
6708.060000 6.804042e-15
6709.530000 6.655797e-15
6711.000000 6.624020e-15
6712.470000 6.640973e-15
6713.940000 6.581027e-15
6715.410000 6.515867e-15
6716.880000 6.465142e-15
6718.350000 6.431389e-15
6719.820000 6.411659e-15
6721.290000 6.405158e-15
6722.760000 6.372188e-15
6724.230000 6.464186e-15
6725.700000 6.577920e-15
6727.170000 6.644578e-15
6728.640000 6.495645e-15
6730.110000 6.496186e-15
6731.580000 6.495654e-15
6733.050000 6.458531e-15
6734.520000 6.424911e-15
6735.990000 6.422610e-15
6737.460000 6.323790e-15
6738.930000 6.411829e-15
6740.400000 6.419542e-15
6741.870000 6.601815e-15
6743.340000 6.560591e-15
6744.810000 6.648098e-15
6746.280000 6.634046e-15
6747.750000 6.525449e-15
6749.220000 6.509163e-15
6750.690000 6.473734e-15
6752.160000 6.524308e-15
6753.630000 6.529036e-15
6755.100000 6.428634e-15
6756.570000 6.523751e-15
6758.040000 6.670580e-15
6759.510000 6.628562e-15
6760.980000 6.693317e-15
6762.450000 6.517580e-15
6763.920000 6.516639e-15
6765.390000 6.504837e-15
6766.860000 6.628013e-15
6768.330000 6.589585e-15
6769.800000 6.555631e-15
6771.270000 6.586855e-15
6772.740000 6.519574e-15
6774.210000 6.573135e-15
6775.680000 6.586371e-15
6777.150000 6.629297e-15
6778.620000 6.581117e-15
6780.090000 6.585388e-15
6781.560000 6.632975e-15
6783.030000 6.651811e-15
6784.500000 6.686737e-15
6785.970000 6.724504e-15
6787.440000 6.746979e-15
6788.910000 6.611220e-15
6790.380000 6.683519e-15
6791.850000 6.798456e-15
6793.320000 6.723356e-15
6794.790000 6.636809e-15
6796.260000 6.629651e-15
6797.730000 6.671723e-15
6799.200000 6.671200e-15
6800.670000 6.630229e-15
6802.140000 6.604795e-15
6803.610000 6.635603e-15
6805.080000 6.633709e-15
6806.550000 6.630415e-15
6808.020000 6.582137e-15
6809.490000 6.625278e-15
6810.960000 6.640169e-15
6812.430000 6.598111e-15
6813.900000 6.578147e-15
6815.370000 6.513814e-15
6816.840000 6.517609e-15
6818.310000 6.568644e-15
6819.780000 6.511501e-15
6821.250000 6.476509e-15
6822.720000 6.522877e-15
6824.190000 6.564914e-15
6825.660000 6.543706e-15
6827.130000 6.481801e-15
6828.600000 6.443305e-15
6830.070000 6.487997e-15
6831.540000 6.519161e-15
6833.010000 6.513815e-15
6834.480000 6.429353e-15
6835.950000 6.353229e-15
6837.420000 6.331620e-15
6838.890000 6.367880e-15
6840.360000 6.361143e-15
6841.830000 6.296738e-15
6843.300000 6.262770e-15
6844.770000 6.302987e-15
6846.240000 6.330965e-15
6847.710000 6.412342e-15
6849.180000 6.432899e-15
6850.650000 6.369273e-15
6852.120000 6.383872e-15
6853.590000 6.328386e-15
6855.060000 6.226419e-15
6856.530000 6.211582e-15
6858.000000 6.221685e-15
6859.470000 6.178290e-15
6860.940000 6.177010e-15
6862.410000 6.206290e-15
6863.880000 6.173843e-15
6865.350000 6.102305e-15
6866.820000 6.178190e-15
6868.290000 6.271579e-15
6869.760000 6.144516e-15
6871.230000 6.047976e-15
6872.700000 5.966841e-15
6874.170000 6.055226e-15
6875.640000 6.248787e-15
6877.110000 6.242277e-15
6878.580000 6.121728e-15
6880.050000 6.048461e-15
6881.520000 6.062837e-15
6882.990000 6.076444e-15
6884.460000 5.994565e-15
6885.930000 5.971102e-15
6887.400000 6.033490e-15
6888.870000 6.023014e-15
6890.340000 6.050652e-15
6891.810000 6.087225e-15
6893.280000 6.086981e-15
6894.750000 5.973240e-15
6896.220000 5.997488e-15
6897.690000 5.996317e-15
6899.160000 5.881007e-15
6900.630000 5.781696e-15
6902.100000 5.726607e-15
6903.570000 5.757230e-15
6905.040000 5.792951e-15
6906.510000 5.663605e-15
6907.980000 5.710271e-15
6909.450000 5.748457e-15
6910.920000 5.733371e-15
6912.390000 5.795338e-15
6913.860000 5.807499e-15
6915.330000 5.809085e-15
6916.800000 5.801479e-15
6918.270000 5.876999e-15
6919.740000 5.901333e-15
6921.210000 5.849732e-15
6922.680000 5.858663e-15
6924.150000 5.885821e-15
6925.620000 5.903781e-15
6927.090000 5.897385e-15
6928.560000 5.939127e-15
6930.030000 5.929326e-15
6931.500000 6.054793e-15
6932.970000 6.074601e-15
6934.440000 6.054987e-15
6935.910000 6.055595e-15
6937.380000 6.122343e-15
6938.850000 6.236323e-15
6940.320000 6.267046e-15
6941.790000 6.236977e-15
6943.260000 6.181366e-15
6944.730000 6.234682e-15
6946.200000 6.291359e-15
6947.670000 6.392561e-15
6949.140000 6.379982e-15
6950.610000 6.254974e-15
6952.080000 6.346792e-15
6953.550000 6.492802e-15
6955.020000 6.489146e-15
6956.490000 6.485659e-15
6957.960000 6.409901e-15
6959.430000 6.366519e-15
6960.900000 6.448502e-15
6962.370000 6.432916e-15
6963.840000 6.335768e-15
6965.310000 6.315568e-15
6966.780000 6.349378e-15
6968.250000 6.456450e-15
6969.720000 6.529945e-15
6971.190000 6.451751e-15
6972.660000 6.386189e-15
6974.130000 6.342313e-15
6975.600000 6.353714e-15
6977.070000 6.328612e-15
6978.540000 6.233793e-15
6980.010000 6.288424e-15
6981.480000 6.264497e-15
6982.950000 6.343306e-15
6984.420000 6.306206e-15
6985.890000 6.259040e-15
6987.360000 6.163154e-15
6988.830000 6.046892e-15
6990.300000 5.898537e-15
6991.770000 5.875086e-15
6993.240000 5.833972e-15
6994.710000 5.838002e-15
6996.180000 5.797437e-15
6997.650000 5.781090e-15
6999.120000 5.607691e-15
7000.590000 5.490040e-15
7002.060000 5.563273e-15
7003.530000 5.613149e-15
7005.000000 5.505926e-15
7006.470000 5.473217e-15
7007.940000 5.491884e-15
7009.410000 5.490511e-15
7010.880000 5.465957e-15
7012.350000 5.516050e-15
7013.820000 5.566143e-15
7015.290000 5.616237e-15
7016.760000 5.666330e-15
7018.230000 5.716424e-15
7019.700000 5.766517e-15
7021.170000 5.816611e-15
7022.640000 5.866704e-15
7024.110000 5.866704e-15
7025.580000 5.747919e-15
7027.050000 5.665802e-15
7028.520000 5.759434e-15
7029.990000 5.837425e-15
7031.460000 5.976426e-15
7032.930000 6.063077e-15
7034.400000 5.962915e-15
7035.870000 5.912231e-15
7037.340000 5.897179e-15
7038.810000 5.938434e-15
7040.280000 5.896503e-15
7041.750000 6.055449e-15
7043.220000 6.249613e-15
7044.690000 6.191158e-15
7046.160000 6.091557e-15
7047.630000 6.074727e-15
7049.100000 6.277224e-15
7050.570000 6.318477e-15
7052.040000 6.133219e-15
7053.510000 6.086743e-15
7054.980000 6.177437e-15
7056.450000 6.193561e-15
7057.920000 6.223504e-15
7059.390000 6.265913e-15
7060.860000 6.138173e-15
7062.330000 6.146790e-15
7063.800000 6.278717e-15
7065.270000 6.229682e-15
7066.740000 6.230955e-15
7068.210000 6.328525e-15
7069.680000 6.393143e-15
7071.150000 6.324071e-15
7072.620000 6.234938e-15
7074.090000 6.260046e-15
7075.560000 6.332173e-15
7077.030000 6.274629e-15
7078.500000 6.334456e-15
7079.970000 6.452667e-15
7081.440000 6.304482e-15
7082.910000 6.196794e-15
7084.380000 6.361816e-15
7085.850000 6.371097e-15
7087.320000 6.227810e-15
7088.790000 6.220185e-15
7090.260000 6.256185e-15
7091.730000 6.136241e-15
7093.200000 6.165514e-15
7094.670000 6.176905e-15
7096.140000 6.095027e-15
7097.610000 6.100859e-15
7099.080000 6.172173e-15
7100.550000 6.115222e-15
7102.020000 6.021868e-15
7103.490000 6.059583e-15
7104.960000 6.088666e-15
7106.430000 5.984215e-15
7107.900000 5.977136e-15
7109.370000 6.106865e-15
7110.840000 6.167429e-15
7112.310000 6.173215e-15
7113.780000 6.216180e-15
7115.250000 6.095328e-15
7116.720000 5.947424e-15
7118.190000 5.990834e-15
7119.660000 5.994814e-15
7121.130000 5.977900e-15
7122.600000 5.962863e-15
7124.070000 5.882495e-15
7125.540000 5.929406e-15
7127.010000 5.966945e-15
7128.480000 5.876759e-15
7129.950000 5.869751e-15
7131.420000 6.030510e-15
7132.890000 6.096938e-15
7134.360000 6.018289e-15
7135.830000 6.057748e-15
7137.300000 6.134358e-15
7138.770000 6.157329e-15
7140.240000 6.198374e-15
7141.710000 6.276670e-15
7143.180000 6.389077e-15
7144.650000 6.374565e-15
7146.120000 6.302041e-15
7147.590000 6.315346e-15
7149.060000 6.369423e-15
7150.530000 6.430914e-15
7152.000000 6.420080e-15
7153.470000 6.435301e-15
7154.940000 6.493642e-15
7156.410000 6.492752e-15
7157.880000 6.510652e-15
7159.350000 6.544356e-15
7160.820000 6.463991e-15
7162.290000 6.387491e-15
7163.760000 6.521654e-15
7165.230000 6.591791e-15
7166.700000 6.490401e-15
7168.170000 6.484304e-15
7169.640000 6.522274e-15
7171.110000 6.570237e-15
7172.580000 6.655914e-15
7174.050000 6.670576e-15
7175.520000 6.705792e-15
7176.990000 6.783328e-15
7178.460000 6.653482e-15
7179.930000 6.577573e-15
7181.400000 6.761681e-15
7182.870000 6.829762e-15
7184.340000 6.776405e-15
7185.810000 6.717147e-15
7187.280000 6.594213e-15
7188.750000 6.478196e-15
7190.220000 6.548263e-15
7191.690000 6.702630e-15
7193.160000 6.618310e-15
7194.630000 6.417711e-15
7196.100000 6.391783e-15
7197.570000 6.471052e-15
7199.040000 6.500932e-15
7200.510000 6.464343e-15
7201.980000 6.455843e-15
7203.450000 6.452085e-15
7204.920000 6.387560e-15
7206.390000 6.372983e-15
7207.860000 6.368656e-15
7209.330000 6.427917e-15
7210.800000 6.531086e-15
7212.270000 6.523367e-15
7213.740000 6.475985e-15
7215.210000 6.542863e-15
7216.680000 6.609153e-15
7218.150000 6.425417e-15
7219.620000 6.357857e-15
7221.090000 6.534599e-15
7222.560000 6.606143e-15
7224.030000 6.530667e-15
7225.500000 6.490710e-15
7226.970000 6.527580e-15
7228.440000 6.536597e-15
7229.910000 6.492094e-15
7231.380000 6.526469e-15
7232.850000 6.593842e-15
7234.320000 6.505173e-15
7235.790000 6.449318e-15
7237.260000 6.474514e-15
7238.730000 6.620030e-15
7240.200000 6.693148e-15
7241.670000 6.597874e-15
7243.140000 6.519082e-15
7244.610000 6.528808e-15
7246.080000 6.631849e-15
7247.550000 6.761952e-15
7249.020000 6.669212e-15
7250.490000 6.716812e-15
7251.960000 6.885696e-15
7253.430000 6.839409e-15
7254.900000 6.725982e-15
7256.370000 6.791989e-15
7257.840000 6.925028e-15
7259.310000 6.900985e-15
7260.780000 6.771589e-15
7262.250000 6.645456e-15
7263.720000 6.633794e-15
7265.190000 6.776518e-15
7266.660000 6.853084e-15
7268.130000 6.893134e-15
7269.600000 7.030961e-15
7271.070000 7.019081e-15
7272.540000 6.920268e-15
7274.010000 6.861795e-15
7275.480000 6.866173e-15
7276.950000 7.044304e-15
7278.420000 7.027669e-15
7279.890000 6.929837e-15
7281.360000 7.074648e-15
7282.830000 7.266057e-15
7284.300000 7.267737e-15
7285.770000 7.179585e-15
7287.240000 7.189477e-15
7288.710000 7.117875e-15
7290.180000 7.042210e-15
7291.650000 7.071046e-15
7293.120000 7.081444e-15
7294.590000 7.143558e-15
7296.060000 7.183566e-15
7297.530000 7.167664e-15
7299.000000 7.151061e-15
7300.470000 7.076694e-15
7301.940000 7.057291e-15
7303.410000 6.994849e-15
7304.880000 6.878274e-15
7306.350000 6.890180e-15
7307.820000 6.850395e-15
7309.290000 6.838249e-15
7310.760000 6.933006e-15
7312.230000 6.869877e-15
7313.700000 6.919179e-15
7315.170000 7.037567e-15
7316.640000 6.969724e-15
7318.110000 6.937053e-15
7319.580000 6.856918e-15
7321.050000 6.853800e-15
7322.520000 6.911025e-15
7323.990000 6.988077e-15
7325.460000 6.999777e-15
7326.930000 6.909447e-15
7328.400000 6.809548e-15
7329.870000 6.840170e-15
7331.340000 6.997876e-15
7332.810000 6.970211e-15
7334.280000 6.836313e-15
7335.750000 6.748287e-15
7337.220000 6.738984e-15
7338.690000 6.802245e-15
7340.160000 6.799028e-15
7341.630000 6.719693e-15
7343.100000 6.557504e-15
7344.570000 6.491023e-15
7346.040000 6.529870e-15
7347.510000 6.613675e-15
7348.980000 6.558520e-15
7350.450000 6.387439e-15
7351.920000 6.322179e-15
7353.390000 6.424388e-15
7354.860000 6.413722e-15
7356.330000 6.272877e-15
7357.800000 6.186945e-15
7359.270000 6.207891e-15
7360.740000 6.300816e-15
7362.210000 6.322887e-15
7363.680000 6.357319e-15
7365.150000 6.373798e-15
7366.620000 6.212565e-15
7368.090000 6.194741e-15
7369.560000 6.224961e-15
7371.030000 6.149165e-15
7372.500000 6.192336e-15
7373.970000 6.335843e-15
7375.440000 6.398213e-15
7376.910000 6.375384e-15
7378.380000 6.432329e-15
7379.850000 6.446969e-15
7381.320000 6.413910e-15
7382.790000 6.384342e-15
7384.260000 6.341389e-15
7385.730000 6.387578e-15
7387.200000 6.332258e-15
7388.670000 6.314445e-15
7390.140000 6.460520e-15
7391.610000 6.482762e-15
7393.080000 6.489070e-15
7394.550000 6.589586e-15
7396.020000 6.643235e-15
7397.490000 6.732563e-15
7398.960000 6.694145e-15
7400.430000 6.625223e-15
7401.900000 6.543932e-15
7403.370000 6.419685e-15
7404.840000 6.417368e-15
7406.310000 6.455255e-15
7407.780000 6.469422e-15
7409.250000 6.397612e-15
7410.720000 6.279242e-15
7412.190000 6.239676e-15
7413.660000 6.310509e-15
7415.130000 6.365480e-15
7416.600000 6.354852e-15
7418.070000 6.386724e-15
7419.540000 6.359296e-15
