3600.000000 8.825701e-16
3602.883017 8.412713e-16
3605.766034 7.857492e-16
3608.649050 7.100553e-16
3611.532067 7.182592e-16
3614.415084 8.857697e-16
3617.298101 8.693099e-16
3620.181118 6.984233e-16
3623.064135 7.093744e-16
3625.947151 5.608816e-16
3628.830168 6.316325e-16
3631.713185 8.669355e-16
3634.596202 8.300647e-16
3637.479219 6.560738e-16
3640.362236 7.038246e-16
3643.245252 7.931033e-16
3646.128269 8.245950e-16
3649.011286 7.342301e-16
3651.894303 7.783200e-16
3654.777320 7.185996e-16
3657.660336 6.933102e-16
3660.543353 8.098903e-16
3663.426370 7.727680e-16
3666.309387 8.205639e-16
3669.192404 6.791843e-16
3672.075421 7.259562e-16
3674.958437 7.569570e-16
3677.841454 8.591981e-16
3680.724471 8.159296e-16
3683.607488 6.812627e-16
3686.490505 6.615178e-16
3689.373522 6.621882e-16
3692.256538 6.551989e-16
3695.139555 7.354388e-16
3698.022572 8.075914e-16
3700.905589 7.304235e-16
3703.788606 7.057709e-16
3706.671623 6.126577e-16
3709.554639 6.146297e-16
3712.437656 6.228264e-16
3715.320673 6.711967e-16
3718.203690 5.849485e-16
3721.086707 4.873347e-16
3723.969723 4.973441e-16
3726.852740 4.326069e-16
3729.735757 4.923107e-16
3732.618774 5.927475e-16
3735.501791 6.123881e-16
3738.384808 5.913461e-16
3741.267824 5.900304e-16
3744.150841 4.477608e-16
3747.033858 4.747454e-16
3749.916875 5.391797e-16
3752.799892 5.014479e-16
3755.682909 4.953398e-16
3758.565925 5.867218e-16
3761.448942 5.816928e-16
3764.331959 6.432756e-16
3767.214976 5.261433e-16
3770.097993 4.382129e-16
3772.981009 4.381270e-16
3775.864026 3.378473e-16
3778.747043 4.552411e-16
3781.630060 4.930883e-16
3784.513077 4.456071e-16
3787.396094 3.790070e-16
3790.279110 4.295927e-16
3793.162127 4.212121e-16
3796.045144 4.649208e-16
3798.928161 5.261416e-16
3801.811178 5.136874e-16
3804.694195 5.069963e-16
3807.577211 3.791922e-16
3810.460228 4.295243e-16
3813.343245 4.595733e-16
3816.226262 3.557556e-16
3819.109279 3.611194e-16
3821.992296 3.739285e-16
3824.875312 3.937686e-16
3827.758329 5.202525e-16
3830.641346 4.988415e-16
3833.524363 4.754592e-16
3836.407380 4.776366e-16
3839.290396 4.774510e-16
3842.173413 4.263631e-16
3845.056430 4.753370e-16
3847.939447 5.784571e-16
3850.822464 5.472719e-16
3853.705481 5.811627e-16
3856.588497 6.150611e-16
3859.471514 6.431274e-16
3862.354531 6.533881e-16
3865.237548 6.507848e-16
3868.120565 6.376902e-16
3871.003582 6.853412e-16
3873.886598 7.176830e-16
3876.769615 7.327082e-16
3879.652632 8.080978e-16
3882.535649 8.475297e-16
3885.418666 7.759633e-16
3888.301682 8.135365e-16
3891.184699 9.077618e-16
3894.067716 8.584348e-16
3896.950733 9.313207e-16
3899.833750 9.795624e-16
3902.716767 1.023578e-15
3905.599783 9.884402e-16
3908.482800 9.888710e-16
3911.365817 1.053873e-15
3914.248834 1.039433e-15
3917.131851 1.085486e-15
3920.014868 1.170185e-15
3922.897884 1.099854e-15
3925.780901 1.117288e-15
3928.663918 1.166898e-15
3931.546935 1.143797e-15
3934.429952 1.144362e-15
3937.312968 1.174187e-15
3940.195985 1.264630e-15
3943.079002 1.226801e-15
3945.962019 1.235567e-15
3948.845036 1.284189e-15
3951.728053 1.309817e-15
3954.611069 1.251165e-15
3957.494086 1.348743e-15
3960.377103 1.369168e-15
3963.260120 1.277596e-15
3966.143137 1.298543e-15
3969.026154 1.257718e-15
3971.909170 1.191614e-15
3974.792187 1.274351e-15
3977.675204 1.296867e-15
3980.558221 1.286845e-15
3983.441238 1.327205e-15
3986.324255 1.349504e-15
3989.207271 1.362900e-15
3992.090288 1.410970e-15
3994.973305 1.401580e-15
3997.856322 1.390033e-15
4000.739339 1.441255e-15
4003.622355 1.419687e-15
4006.505372 1.361958e-15
4009.388389 1.361397e-15
4012.271406 1.314210e-15
4015.154423 1.367293e-15
4018.037440 1.360800e-15
4020.920456 1.349053e-15
4023.803473 1.322946e-15
4026.686490 1.249612e-15
4029.569507 1.263148e-15
4032.452524 1.273057e-15
4035.335541 1.294648e-15
4038.218557 1.248362e-15
4041.101574 1.234547e-15
4043.984591 1.257629e-15
4046.867608 1.259199e-15
4049.750625 1.211838e-15
4052.633641 1.208531e-15
4055.516658 1.204060e-15
4058.399675 1.200357e-15
4061.282692 1.148183e-15
4064.165709 1.133219e-15
4067.048726 1.134174e-15
4069.931742 1.098415e-15
4072.814759 1.071123e-15
4075.697776 1.132858e-15
4078.580793 1.032393e-15
4081.463810 1.027270e-15
4084.346827 1.114762e-15
4087.229843 1.065707e-15
4090.112860 9.818706e-16
4092.995877 1.005978e-15
4095.878894 1.006164e-15
4098.761911 9.936988e-16
4101.644928 1.039212e-15
4104.527944 1.054248e-15
4107.410961 9.703470e-16
4110.293978 9.434528e-16
4113.176995 9.554026e-16
4116.060012 9.798208e-16
4118.943028 1.035477e-15
4121.826045 1.096061e-15
4124.709062 1.080719e-15
4127.592079 1.046732e-15
4130.475096 1.069921e-15
4133.358113 1.086874e-15
4136.241129 1.060854e-15
4139.124146 1.079477e-15
4142.007163 1.114494e-15
4144.890180 1.122853e-15
4147.773197 1.132613e-15
4150.656214 1.106146e-15
4153.539230 1.133329e-15
4156.422247 1.122849e-15
4159.305264 1.136321e-15
4162.188281 1.137453e-15
4165.071298 1.110142e-15
4167.954314 1.041763e-15
4170.837331 1.034714e-15
4173.720348 1.046995e-15
4176.603365 1.097102e-15
4179.486382 1.155442e-15
4182.369399 1.080464e-15
4185.252415 1.048386e-15
4188.135432 1.118300e-15
4191.018449 1.108696e-15
4193.901466 1.054565e-15
4196.784483 1.009563e-15
4199.667500 1.028597e-15
4202.550516 1.015315e-15
4205.433533 1.070471e-15
4208.316550 1.043218e-15
4211.199567 1.096313e-15
4214.082584 1.153133e-15
4216.965600 1.097788e-15
4219.848617 1.033856e-15
4222.731634 1.041480e-15
4225.614651 1.034996e-15
4228.497668 1.003273e-15
4231.380685 9.631196e-16
4234.263701 9.748409e-16
4237.146718 9.514678e-16
4240.029735 9.464552e-16
4242.912752 9.529311e-16
4245.795769 9.915140e-16
4248.678786 9.544035e-16
4251.561802 9.645118e-16
4254.444819 1.001522e-15
4257.327836 9.875019e-16
4260.210853 9.775174e-16
4263.093870 9.694363e-16
4265.976887 9.202809e-16
4268.859903 9.358161e-16
4271.742920 9.602366e-16
4274.625937 9.250692e-16
4277.508954 9.340681e-16
4280.391971 9.450463e-16
4283.274987 9.535111e-16
4286.158004 9.429947e-16
4289.041021 9.277469e-16
4291.924038 9.389020e-16
4294.807055 9.093887e-16
4297.690072 8.781253e-16
4300.573088 8.862987e-16
4303.456105 8.988319e-16
4306.339122 9.182252e-16
4309.222139 8.805360e-16
4312.105156 8.342439e-16
4314.988173 8.435366e-16
4317.871189 8.618429e-16
4320.754206 8.722139e-16
4323.637223 8.922104e-16
4326.520240 8.724075e-16
4329.403257 8.522277e-16
4332.286273 8.318158e-16
4335.169290 8.077004e-16
4338.052307 8.179385e-16
4340.935324 8.127355e-16
4343.818341 8.194599e-16
4346.701358 8.275098e-16
4349.584374 7.920228e-16
4352.467391 8.160633e-16
4355.350408 8.443671e-16
4358.233425 8.862998e-16
4361.116442 8.520023e-16
4363.999459 7.878310e-16
4366.882475 8.036811e-16
4369.765492 8.509414e-16
4372.648509 8.675497e-16
4375.531526 8.803664e-16
4378.414543 8.574711e-16
4381.297559 8.222130e-16
4384.180576 8.874417e-16
4387.063593 9.024480e-16
4389.946610 9.021573e-16
4392.829627 9.090596e-16
4395.712644 8.939548e-16
4398.595660 8.989660e-16
4401.478677 9.310797e-16
4404.361694 9.409245e-16
4407.244711 9.332418e-16
4410.127728 9.251460e-16
4413.010745 9.095226e-16
4415.893761 9.113978e-16
4418.776778 9.459442e-16
4421.659795 9.979493e-16
4424.542812 9.776675e-16
4427.425829 9.603268e-16
4430.308846 9.555500e-16
4433.191862 9.575134e-16
4436.074879 9.749284e-16
4438.957896 1.011985e-15
4441.840913 1.008710e-15
4444.723930 1.014584e-15
4447.606946 1.030166e-15
4450.489963 1.006657e-15
4453.372980 1.022655e-15
4456.255997 1.015322e-15
4459.139014 1.013211e-15
4462.022031 1.058806e-15
4464.905047 1.075090e-15
4467.788064 1.094989e-15
4470.671081 1.084875e-15
4473.554098 1.143138e-15
4476.437115 1.154468e-15
4479.320132 1.137443e-15
4482.203148 1.146254e-15
4485.086165 1.203429e-15
4487.969182 1.223721e-15
4490.852199 1.220822e-15
4493.735216 1.245448e-15
4496.618232 1.266634e-15
4499.501249 1.263350e-15
4502.384266 1.308822e-15
4505.267283 1.355458e-15
4508.150300 1.362452e-15
4511.033317 1.375447e-15
4513.916333 1.362868e-15
4516.799350 1.345731e-15
4519.682367 1.385861e-15
4522.565384 1.429585e-15
4525.448401 1.436929e-15
4528.331418 1.441834e-15
4531.214434 1.427518e-15
4534.097451 1.463632e-15
4536.980468 1.495371e-15
4539.863485 1.462165e-15
4542.746502 1.432643e-15
4545.629519 1.468464e-15
4548.512535 1.502085e-15
4551.395552 1.516764e-15
4554.278569 1.523835e-15
4557.161586 1.567422e-15
4560.044603 1.601543e-15
4562.927619 1.570131e-15
4565.810636 1.587519e-15
4568.693653 1.616457e-15
4571.576670 1.579609e-15
4574.459687 1.614944e-15
4577.342704 1.624927e-15
4580.225720 1.615019e-15
4583.108737 1.638118e-15
4585.991754 1.675491e-15
4588.874771 1.675388e-15
4591.757788 1.630482e-15
4594.640805 1.663256e-15
4597.523821 1.678691e-15
4600.406838 1.630427e-15
4603.289855 1.610702e-15
4606.172872 1.602051e-15
4609.055889 1.627421e-15
4611.938905 1.652413e-15
4614.821922 1.628152e-15
4617.704939 1.600104e-15
4620.587956 1.630517e-15
4623.470973 1.623288e-15
4626.353990 1.616850e-15
4629.237006 1.589158e-15
4632.120023 1.586897e-15
4635.003040 1.595738e-15
4637.886057 1.603418e-15
4640.769074 1.620134e-15
4643.652091 1.616378e-15
4646.535107 1.616550e-15
4649.418124 1.598987e-15
4652.301141 1.602684e-15
4655.184158 1.607356e-15
4658.067175 1.563802e-15
4660.950191 1.559947e-15
4663.833208 1.564333e-15
4666.716225 1.571900e-15
4669.599242 1.572277e-15
4672.482259 1.535705e-15
4675.365276 1.535822e-15
4678.248292 1.512974e-15
4681.131309 1.496474e-15
4684.014326 1.512268e-15
4686.897343 1.499329e-15
4689.780360 1.503869e-15
4692.663377 1.474318e-15
4695.546393 1.451914e-15
4698.429410 1.470681e-15
4701.312427 1.463004e-15
4704.195444 1.407829e-15
4707.078461 1.372227e-15
4709.961478 1.374115e-15
4712.844494 1.332257e-15
4715.727511 1.291851e-15
4718.610528 1.278640e-15
4721.493545 1.284361e-15
4724.376562 1.285000e-15
4727.259578 1.260338e-15
4730.142595 1.245814e-15
4733.025612 1.235821e-15
4735.908629 1.234519e-15
4738.791646 1.270808e-15
4741.674663 1.246047e-15
4744.557679 1.198283e-15
4747.440696 1.200404e-15
4750.323713 1.181559e-15
4753.206730 1.180860e-15
4756.089747 1.209983e-15
4758.972764 1.187482e-15
4761.855780 1.166603e-15
4764.738797 1.160274e-15
4767.621814 1.112754e-15
4770.504831 1.101358e-15
4773.387848 1.098019e-15
4776.270864 1.075788e-15
4779.153881 1.068133e-15
4782.036898 1.034720e-15
4784.919915 1.039331e-15
4787.802932 1.078612e-15
4790.685949 1.107915e-15
4793.568965 1.071504e-15
4796.451982 1.016542e-15
4799.334999 9.948063e-16
4802.218016 1.021823e-15
4805.101033 1.018294e-15
4807.984050 1.032402e-15
4810.867066 1.017962e-15
4813.750083 1.014910e-15
4816.633100 1.048441e-15
4819.516117 1.048512e-15
4822.399134 1.025498e-15
4825.282151 1.045202e-15
4828.165167 1.061469e-15
4831.048184 1.036266e-15
4833.931201 1.014857e-15
4836.814218 1.038369e-15
4839.697235 1.027745e-15
4842.580251 1.063860e-15
4845.463268 1.107109e-15
4848.346285 1.047208e-15
4851.229302 1.049797e-15
4854.112319 1.082298e-15
4856.995336 1.065466e-15
4859.878352 1.069306e-15
4862.761369 1.074972e-15
4865.644386 1.045148e-15
4868.527403 1.040671e-15
4871.410420 1.037195e-15
4874.293437 1.021234e-15
4877.176453 1.025187e-15
4880.059470 1.067400e-15
4882.942487 1.073708e-15
4885.825504 1.069578e-15
4888.708521 1.102892e-15
4891.591537 1.094429e-15
4894.474554 1.090186e-15
4897.357571 1.119997e-15
4900.240588 1.140781e-15
4903.123605 1.152424e-15
4906.006622 1.168440e-15
4908.889638 1.202784e-15
4911.772655 1.195212e-15
4914.655672 1.201055e-15
4917.538689 1.193038e-15
4920.421706 1.177801e-15
4923.304723 1.149933e-15
4926.187739 1.137385e-15
4929.070756 1.162197e-15
4931.953773 1.201891e-15
4934.836790 1.183245e-15
4937.719807 1.202500e-15
4940.602823 1.218298e-15
4943.485840 1.208298e-15
4946.368857 1.185785e-15
4949.251874 1.218509e-15
4952.134891 1.229695e-15
4955.017908 1.231440e-15
4957.900924 1.201184e-15
4960.783941 1.192497e-15
4963.666958 1.219769e-15
4966.549975 1.202987e-15
4969.432992 1.211544e-15
4972.316009 1.217140e-15
4975.199025 1.225882e-15
4978.082042 1.206108e-15
4980.965059 1.196933e-15
4983.848076 1.193332e-15
4986.731093 1.174159e-15
4989.614110 1.136265e-15
4992.497126 1.144603e-15
4995.380143 1.139773e-15
4998.263160 1.151944e-15
5001.146177 1.182011e-15
5004.029194 1.150036e-15
5006.912210 1.115354e-15
5009.795227 1.106919e-15
5012.678244 1.100545e-15
5015.561261 1.085526e-15
5018.444278 1.078546e-15
5021.327295 1.096416e-15
5024.210311 1.075461e-15
5027.093328 1.042149e-15
5029.976345 1.048263e-15
5032.859362 1.062982e-15
5035.742379 1.079789e-15
5038.625396 1.072543e-15
5041.508412 1.061131e-15
5044.391429 1.079696e-15
5047.274446 1.117154e-15
5050.157463 1.156614e-15
5053.040480 1.166663e-15
5055.923496 1.160100e-15
5058.806513 1.142148e-15
5061.689530 1.139379e-15
5064.572547 1.148073e-15
5067.455564 1.139426e-15
5070.338581 1.132936e-15
5073.221597 1.161672e-15
5076.104614 1.169775e-15
5078.987631 1.175975e-15
5081.870648 1.189227e-15
5084.753665 1.171179e-15
5087.636682 1.172545e-15
5090.519698 1.202290e-15
5093.402715 1.164322e-15
5096.285732 1.174361e-15
5099.168749 1.170771e-15
5102.051766 1.192990e-15
5104.934783 1.206769e-15
5107.817799 1.219534e-15
5110.700816 1.231038e-15
5113.583833 1.213463e-15
5116.466850 1.210321e-15
5119.349867 1.236828e-15
5122.232883 1.228332e-15
5125.115900 1.222582e-15
5127.998917 1.237985e-15
5130.881934 1.252125e-15
5133.764951 1.247610e-15
5136.647968 1.243435e-15
5139.530984 1.257710e-15
5142.414001 1.265261e-15
5145.297018 1.249441e-15
5148.180035 1.242704e-15
5151.063052 1.253892e-15
5153.946069 1.253457e-15
5156.829085 1.260689e-15
5159.712102 1.290252e-15
5162.595119 1.307535e-15
5165.478136 1.298484e-15
5168.361153 1.284039e-15
5171.244169 1.309568e-15
5174.127186 1.328524e-15
5177.010203 1.308247e-15
5179.893220 1.316770e-15
5182.776237 1.355948e-15
5185.659254 1.404503e-15
5188.542270 1.418823e-15
5191.425287 1.408101e-15
5194.308304 1.405111e-15
5197.191321 1.415978e-15
5200.074338 1.458527e-15
5202.957355 1.454740e-15
5205.840371 1.451211e-15
5208.723388 1.464365e-15
5211.606405 1.500647e-15
5214.489422 1.509556e-15
5217.372439 1.485320e-15
5220.255455 1.488501e-15
5223.138472 1.499066e-15
5226.021489 1.538775e-15
5228.904506 1.561841e-15
5231.787523 1.545961e-15
5234.670540 1.572740e-15
5237.553556 1.582017e-15
5240.436573 1.576482e-15
5243.319590 1.584118e-15
5246.202607 1.580189e-15
5249.085624 1.561674e-15
5251.968641 1.587097e-15
5254.851657 1.634100e-15
5257.734674 1.585255e-15
5260.617691 1.579009e-15
5263.500708 1.623211e-15
5266.383725 1.625069e-15
5269.266742 1.611045e-15
5272.149758 1.592062e-15
5275.032775 1.588016e-15
5277.915792 1.591513e-15
5280.798809 1.597405e-15
5283.681826 1.616250e-15
5286.564842 1.623825e-15
5289.447859 1.607440e-15
5292.330876 1.607970e-15
5295.213893 1.645468e-15
5298.096910 1.614607e-15
5300.979927 1.619114e-15
5303.862943 1.633231e-15
5306.745960 1.602780e-15
5309.628977 1.633315e-15
5312.511994 1.643257e-15
5315.395011 1.650558e-15
5318.278028 1.621218e-15
5321.161044 1.611713e-15
5324.044061 1.633860e-15
5326.927078 1.615282e-15
5329.810095 1.635993e-15
5332.693112 1.631668e-15
5335.576128 1.598404e-15
5338.459145 1.582346e-15
5341.342162 1.608685e-15
5344.225179 1.615274e-15
5347.108196 1.590971e-15
5349.991213 1.580988e-15
5352.874229 1.581610e-15
5355.757246 1.598864e-15
5358.640263 1.622604e-15
5361.523280 1.597004e-15
5364.406297 1.579478e-15
5367.289314 1.595742e-15
5370.172330 1.594329e-15
5373.055347 1.597836e-15
5375.938364 1.597012e-15
5378.821381 1.592564e-15
5381.704398 1.611202e-15
5384.587415 1.613365e-15
5387.470431 1.586332e-15
5390.353448 1.591719e-15
5393.236465 1.602160e-15
5396.119482 1.607495e-15
5399.002499 1.610145e-15
5401.885515 1.604856e-15
5404.768532 1.588441e-15
5407.651549 1.592047e-15
5410.534566 1.593703e-15
5413.417583 1.591601e-15
5416.300600 1.596155e-15
5419.183616 1.603772e-15
5422.066633 1.619534e-15
5424.949650 1.601075e-15
5427.832667 1.575542e-15
5430.715684 1.574553e-15
5433.598701 1.565556e-15
5436.481717 1.581102e-15
5439.364734 1.595542e-15
5442.247751 1.571662e-15
5445.130768 1.550088e-15
5448.013785 1.550385e-15
5450.896801 1.550755e-15
5453.779818 1.543114e-15
5456.662835 1.543932e-15
5459.545852 1.543964e-15
5462.428869 1.537979e-15
5465.311886 1.533755e-15
5468.194902 1.529711e-15
5471.077919 1.511398e-15
5473.960936 1.524473e-15
5476.843953 1.515561e-15
5479.726970 1.509667e-15
5482.609987 1.501735e-15
5485.493003 1.498143e-15
5488.376020 1.493248e-15
5491.259037 1.475661e-15
5494.142054 1.453277e-15
5497.025071 1.446749e-15
5499.908087 1.475173e-15
5502.791104 1.465011e-15
5505.674121 1.428583e-15
5508.557138 1.408102e-15
5511.440155 1.420238e-15
5514.323172 1.426340e-15
5517.206188 1.405212e-15
5520.089205 1.388938e-15
5522.972222 1.395281e-15
5525.855239 1.395947e-15
5528.738256 1.371207e-15
5531.621273 1.391909e-15
5534.504289 1.409149e-15
5537.387306 1.375600e-15
5540.270323 1.391501e-15
5543.153340 1.381721e-15
5546.036357 1.334226e-15
5548.919374 1.325124e-15
5551.802390 1.316170e-15
5554.685407 1.324466e-15
5557.568424 1.336512e-15
5560.451441 1.345664e-15
5563.334458 1.323765e-15
5566.217474 1.297994e-15
5569.100491 1.277305e-15
5571.983508 1.257907e-15
5574.866525 1.248642e-15
5577.749542 1.229371e-15
5580.632559 1.260073e-15
5583.515575 1.289998e-15
5586.398592 1.289365e-15
5589.281609 1.305850e-15
5592.164626 1.267778e-15
5595.047643 1.222069e-15
5597.930660 1.228239e-15
5600.813676 1.239349e-15
5603.696693 1.242947e-15
5606.579710 1.259835e-15
5609.462727 1.221364e-15
5612.345744 1.198296e-15
5615.228760 1.189580e-15
5618.111777 1.145175e-15
5620.994794 1.139807e-15
5623.877811 1.140873e-15
5626.760828 1.123890e-15
5629.643845 1.106936e-15
5632.526861 1.096428e-15
5635.409878 1.071893e-15
5638.292895 1.041646e-15
5641.175912 1.036123e-15
5644.058929 1.021225e-15
5646.941946 9.798626e-16
5649.824962 9.592739e-16
5652.707979 9.468467e-16
5655.590996 9.165777e-16
5658.474013 8.971232e-16
5661.357030 8.837933e-16
5664.240047 8.805541e-16
5667.123063 8.807291e-16
5670.006080 8.433785e-16
5672.889097 8.448183e-16
5675.772114 8.610772e-16
5678.655131 8.654920e-16
5681.538147 8.815642e-16
5684.421164 8.605882e-16
5687.304181 8.505350e-16
5690.187198 8.888441e-16
5693.070215 8.937582e-16
5695.953232 8.740241e-16
5698.836248 8.931445e-16
5701.719265 8.980874e-16
5704.602282 8.870770e-16
5707.485299 9.184223e-16
5710.368316 9.374170e-16
5713.251333 9.248309e-16
5716.134349 9.354455e-16
5719.017366 9.454203e-16
5721.900383 9.302322e-16
5724.783400 9.185998e-16
5727.666417 9.565018e-16
5730.549433 9.571820e-16
5733.432450 9.915810e-16
5736.315467 1.006262e-15
5739.198484 9.975004e-16
5742.081501 1.004246e-15
5744.964518 1.030282e-15
5747.847534 1.058675e-15
5750.730551 1.102611e-15
5753.613568 1.093218e-15
5756.496585 1.065236e-15
5759.379602 1.081881e-15
5762.262619 1.111023e-15
5765.145635 1.124090e-15
5768.028652 1.129136e-15
5770.911669 1.152187e-15
5773.794686 1.168406e-15
5776.677703 1.161397e-15
5779.560719 1.182143e-15
5782.443736 1.178930e-15
5785.326753 1.192306e-15
5788.209770 1.220204e-15
5791.092787 1.226361e-15
5793.975804 1.219520e-15
5796.858820 1.214982e-15
5799.741837 1.230329e-15
5802.624854 1.231605e-15
5805.507871 1.251181e-15
5808.390888 1.244842e-15
5811.273905 1.250918e-15
5814.156921 1.257807e-15
5817.039938 1.238229e-15
5819.922955 1.250549e-15
5822.805972 1.272900e-15
5825.688989 1.270632e-15
5828.572006 1.263282e-15
5831.455022 1.270759e-15
5834.338039 1.287162e-15
5837.221056 1.281288e-15
5840.104073 1.278359e-15
5842.987090 1.312236e-15
5845.870106 1.324026e-15
5848.753123 1.324265e-15
5851.636140 1.339208e-15
5854.519157 1.347149e-15
5857.402174 1.351784e-15
5860.285191 1.372223e-15
5863.168207 1.376828e-15
5866.051224 1.372029e-15
5868.934241 1.366279e-15
5871.817258 1.372176e-15
5874.700275 1.391838e-15
5877.583292 1.401458e-15
5880.466308 1.397602e-15
5883.349325 1.350584e-15
5886.232342 1.338940e-15
5889.115359 1.362969e-15
5891.998376 1.361822e-15
5894.881392 1.346882e-15
5897.764409 1.352252e-15
5900.647426 1.366453e-15
5903.530443 1.370758e-15
5906.413460 1.395392e-15
5909.296477 1.381063e-15
5912.179493 1.381999e-15
5915.062510 1.402325e-15
5917.945527 1.390542e-15
5920.828544 1.375011e-15
5923.711561 1.380982e-15
5926.594578 1.395804e-15
5929.477594 1.400053e-15
5932.360611 1.374250e-15
5935.243628 1.330371e-15
5938.126645 1.336455e-15
5941.009662 1.319550e-15
5943.892678 1.287423e-15
5946.775695 1.269537e-15
5949.658712 1.278486e-15
5952.541729 1.303072e-15
5955.424746 1.296990e-15
5958.307763 1.289757e-15
5961.190779 1.317718e-15
5964.073796 1.316178e-15
5966.956813 1.290517e-15
5969.839830 1.283126e-15
5972.722847 1.276658e-15
5975.605864 1.262675e-15
5978.488880 1.253439e-15
5981.371897 1.271866e-15
5984.254914 1.269380e-15
5987.137931 1.248897e-15
5990.020948 1.265298e-15
5992.903965 1.255566e-15
5995.786981 1.261676e-15
5998.669998 1.261892e-15
6001.553015 1.253662e-15
6004.436032 1.252484e-15
6007.319049 1.249941e-15
6010.202065 1.247723e-15
6013.085082 1.247101e-15
6015.968099 1.236002e-15
6018.851116 1.212092e-15
6021.734133 1.213400e-15
6024.617150 1.221047e-15
6027.500166 1.190935e-15
6030.383183 1.206349e-15
6033.266200 1.220539e-15
6036.149217 1.200440e-15
6039.032234 1.199187e-15
6041.915251 1.198341e-15
6044.798267 1.193072e-15
6047.681284 1.198367e-15
6050.564301 1.182905e-15
6053.447318 1.157869e-15
6056.330335 1.163229e-15
6059.213351 1.171383e-15
6062.096368 1.162369e-15
6064.979385 1.165161e-15
6067.862402 1.155116e-15
6070.745419 1.130812e-15
6073.628436 1.132712e-15
6076.511452 1.111893e-15
6079.394469 1.105329e-15
6082.277486 1.085603e-15
6085.160503 1.085520e-15
6088.043520 1.069251e-15
6090.926537 1.059686e-15
6093.809553 1.059597e-15
6096.692570 1.036836e-15
6099.575587 1.017585e-15
6102.458604 1.046087e-15
6105.341621 1.063131e-15
6108.224638 1.046490e-15
6111.107654 1.032832e-15
6113.990671 1.023546e-15
6116.873688 1.028350e-15
6119.756705 1.013869e-15
6122.639722 9.913632e-16
6125.522738 9.975255e-16
6128.405755 1.015956e-15
6131.288772 1.020381e-15
6134.171789 1.022185e-15
6137.054806 9.931806e-16
6139.937823 9.734243e-16
6142.820839 9.847861e-16
6145.703856 9.628304e-16
6148.586873 9.267853e-16
6151.469890 9.313756e-16
6154.352907 9.350977e-16
6157.235924 9.242444e-16
6160.118940 9.165914e-16
6163.001957 8.890972e-16
6165.884974 8.945995e-16
6168.767991 8.938581e-16
6171.651008 8.561948e-16
6174.534024 8.422872e-16
6177.417041 8.298150e-16
6180.300058 8.365955e-16
6183.183075 8.230738e-16
6186.066092 8.198075e-16
6188.949109 8.178169e-16
6191.832125 8.006699e-16
6194.715142 8.080725e-16
6197.598159 8.209469e-16
6200.481176 8.068346e-16
6203.364193 8.032466e-16
6206.247210 8.118358e-16
6209.130226 7.951776e-16
6212.013243 7.837559e-16
6214.896260 7.885889e-16
6217.779277 8.032200e-16
6220.662294 8.104385e-16
6223.545310 7.870073e-16
6226.428327 7.862996e-16
6229.311344 7.819129e-16
6232.194361 7.867123e-16
6235.077378 7.924893e-16
6237.960395 7.742066e-16
6240.843411 7.660092e-16
6243.726428 7.850735e-16
6246.609445 8.074359e-16
6249.492462 7.877164e-16
6252.375479 7.965525e-16
6255.258496 7.691297e-16
6258.141512 7.556315e-16
6261.024529 7.547149e-16
6263.907546 7.655027e-16
6266.790563 7.880847e-16
6269.673580 7.936707e-16
6272.556597 7.802518e-16
6275.439613 7.647280e-16
6278.322630 7.645238e-16
6281.205647 7.717173e-16
6284.088664 7.648162e-16
6286.971681 7.677575e-16
6289.854697 7.915812e-16
6292.737714 7.975641e-16
6295.620731 7.812058e-16
6298.503748 7.926653e-16
6301.386765 8.039802e-16
6304.269782 8.363624e-16
6307.152798 8.592239e-16
6310.035815 8.482021e-16
6312.918832 8.481454e-16
6315.801849 8.410805e-16
6318.684866 8.447951e-16
6321.567883 8.742534e-16
6324.450899 8.706473e-16
6327.333916 8.546233e-16
6330.216933 8.428345e-16
6333.099950 8.493180e-16
6335.982967 8.539205e-16
6338.865983 8.555829e-16
6341.749000 8.610131e-16
6344.632017 8.816447e-16
6347.515034 8.880929e-16
6350.398051 8.885284e-16
6353.281068 9.001427e-16
6356.164084 9.002054e-16
6359.047101 8.931960e-16
6361.930118 8.991634e-16
6364.813135 9.088903e-16
6367.696152 9.140996e-16
6370.579169 9.204999e-16
6373.462185 9.427477e-16
6376.345202 9.296962e-16
6379.228219 9.314847e-16
6382.111236 9.362166e-16
6384.994253 9.392018e-16
6387.877270 9.449181e-16
6390.760286 9.655224e-16
6393.643303 9.575298e-16
6396.526320 9.461616e-16
6399.409337 9.524555e-16
6402.292354 9.298443e-16
6405.175370 9.156404e-16
6408.058387 9.261781e-16
6410.941404 9.339661e-16
6413.824421 9.316444e-16
6416.707438 9.298334e-16
6419.590455 9.370363e-16
6422.473471 9.161885e-16
6425.356488 9.133982e-16
6428.239505 9.152986e-16
6431.122522 8.972708e-16
6434.005539 8.894052e-16
6436.888556 8.921772e-16
6439.771572 8.806515e-16
6442.654589 8.693388e-16
6445.537606 8.750228e-16
6448.420623 8.727984e-16
6451.303640 8.607613e-16
6454.186656 8.566828e-16
6457.069673 8.311771e-16
6459.952690 8.442005e-16
6462.835707 8.552267e-16
6465.718724 8.536759e-16
6468.601741 8.490204e-16
6471.484757 8.437178e-16
6474.367774 8.586470e-16
6477.250791 8.769389e-16
6480.133808 8.735307e-16
6483.016825 8.748598e-16
6485.899842 8.847991e-16
6488.782858 8.780943e-16
6491.665875 8.609291e-16
6494.548892 8.634850e-16
6497.431909 8.588150e-16
6500.314926 8.784001e-16
6503.197942 8.936846e-16
6506.080959 8.897612e-16
6508.963976 8.704144e-16
6511.846993 8.726253e-16
6514.730010 8.839294e-16
6517.613027 8.628084e-16
6520.496043 8.708512e-16
6523.379060 8.847737e-16
6526.262077 8.946462e-16
6529.145094 8.958507e-16
6532.028111 8.796752e-16
6534.911128 8.826794e-16
6537.794144 8.989177e-16
6540.677161 8.945112e-16
6543.560178 8.806650e-16
6546.443195 9.020299e-16
6549.326212 9.211951e-16
6552.209229 9.049085e-16
6555.092245 9.076780e-16
6557.975262 9.235514e-16
6560.858279 9.380699e-16
6563.741296 9.521188e-16
6566.624313 9.374479e-16
6569.507329 9.558998e-16
6572.390346 9.502538e-16
6575.273363 9.428956e-16
6578.156380 9.268163e-16
6581.039397 9.219853e-16
6583.922414 9.548553e-16
6586.805430 9.745557e-16
6589.688447 9.607290e-16
6592.571464 9.560861e-16
6595.454481 9.723675e-16
6598.337498 9.761139e-16
6601.220515 9.757597e-16
6604.103531 9.734109e-16
6606.986548 9.783561e-16
6609.869565 9.740906e-16
6612.752582 9.759678e-16
6615.635599 9.973407e-16
6618.518615 1.023158e-15
6621.401632 1.040862e-15
6624.284649 1.038922e-15
6627.167666 1.007664e-15
6630.050683 9.692404e-16
6632.933700 9.563749e-16
6635.816716 9.703760e-16
6638.699733 9.888834e-16
6641.582750 9.746511e-16
6644.465767 9.637906e-16
6647.348784 9.521845e-16
6650.231801 9.583689e-16
6653.114817 9.728180e-16
6655.997834 9.673611e-16
6658.880851 9.595725e-16
6661.763868 9.600324e-16
6664.646885 9.575029e-16
6667.529902 9.479933e-16
6670.412918 9.329342e-16
6673.295935 9.432377e-16
6676.178952 9.417357e-16
6679.061969 9.346507e-16
6681.944986 9.469786e-16
6684.828002 9.278902e-16
6687.711019 9.242810e-16
6690.594036 9.355633e-16
6693.477053 9.158172e-16
6696.360070 9.066504e-16
6699.243087 9.020652e-16
6702.126103 8.972416e-16
6705.009120 9.107597e-16
6707.892137 9.064777e-16
6710.775154 9.355426e-16
6713.658171 9.380042e-16
6716.541188 9.281186e-16
6719.424204 9.089530e-16
6722.307221 8.857155e-16
6725.190238 8.797971e-16
6728.073255 8.782165e-16
6730.956272 8.725548e-16
6733.839288 8.794989e-16
6736.722305 8.875964e-16
6739.605322 8.723579e-16
6742.488339 8.725909e-16
6745.371356 8.669194e-16
6748.254373 8.493851e-16
6751.137389 8.497621e-16
6754.020406 8.584956e-16
6756.903423 8.469641e-16
6759.786440 8.332602e-16
6762.669457 8.319284e-16
6765.552474 8.357260e-16
6768.435490 8.414630e-16
6771.318507 8.283436e-16
6774.201524 8.248782e-16
6777.084541 8.344631e-16
6779.967558 8.155718e-16
6782.850574 7.970920e-16
6785.733591 8.011948e-16
6788.616608 7.936959e-16
6791.499625 7.872990e-16
6794.382642 7.842741e-16
6797.265659 7.797031e-16
6800.148675 7.660340e-16
6803.031692 7.246857e-16
6805.914709 7.216217e-16
6808.797726 7.261293e-16
6811.680743 7.262291e-16
6814.563760 7.277550e-16
6817.446776 7.186302e-16
6820.329793 7.066917e-16
6823.212810 6.936993e-16
6826.095827 6.804732e-16
6828.978844 6.826104e-16
6831.861861 7.053890e-16
6834.744877 7.235260e-16
6837.627894 7.071899e-16
6840.510911 6.836707e-16
6843.393928 6.961061e-16
6846.276945 6.926800e-16
6849.159961 6.859709e-16
6852.042978 6.818773e-16
6854.925995 6.965111e-16
6857.809012 6.977004e-16
6860.692029 6.707841e-16
6863.575046 6.244722e-16
6866.458062 5.753983e-16
6869.341079 5.544321e-16
6872.224096 5.446385e-16
6875.107113 5.643133e-16
6877.990130 5.932208e-16
6880.873147 6.055820e-16
6883.756163 6.279562e-16
6886.639180 6.285925e-16
6889.522197 6.229586e-16
6892.405214 6.225658e-16
6895.288231 6.311400e-16
6898.171247 6.331703e-16
6901.054264 6.255390e-16
6903.937281 6.478197e-16
6906.820298 6.516417e-16
6909.703315 6.730460e-16
6912.586332 6.761412e-16
6915.469348 6.779744e-16
6918.352365 6.979304e-16
6921.235382 7.035545e-16
6924.118399 6.781175e-16
6927.001416 6.821505e-16
6929.884433 7.142309e-16
6932.767449 7.251999e-16
6935.650466 7.340785e-16
6938.533483 7.309323e-16
6941.416500 7.326469e-16
6944.299517 7.348128e-16
6947.182534 7.339185e-16
6950.065550 7.312360e-16
6952.948567 7.342061e-16
6955.831584 7.474211e-16
6958.714601 7.379522e-16
6961.597618 7.281416e-16
6964.480634 7.526677e-16
6967.363651 7.600747e-16
6970.246668 7.530119e-16
6973.129685 7.623844e-16
6976.012702 7.428334e-16
6978.895719 7.432149e-16
6981.778735 7.613683e-16
6984.661752 7.601994e-16
6987.544769 7.577754e-16
6990.427786 7.568490e-16
6993.310803 7.583082e-16
6996.193820 7.596722e-16
6999.076836 7.422249e-16
7001.959853 7.313716e-16
7004.842870 7.427567e-16
7007.725887 7.588094e-16
7010.608904 7.389155e-16
7013.491920 7.364356e-16
7016.374937 7.289484e-16
7019.257954 7.237569e-16
7022.140971 7.051678e-16
7025.023988 7.176943e-16
7027.907005 7.457761e-16
7030.790021 7.242136e-16
7033.673038 7.393295e-16
7036.556055 7.470915e-16
7039.439072 7.288749e-16
7042.322089 7.182161e-16
7045.205106 7.178391e-16
7048.088122 7.279478e-16
7050.971139 7.212177e-16
7053.854156 7.204428e-16
7056.737173 7.334334e-16
7059.620190 7.251890e-16
7062.503206 7.120832e-16
7065.386223 7.227801e-16
7068.269240 7.334769e-16
7071.152257 7.228503e-16
7074.035274 7.035736e-16
7076.918291 6.944658e-16
7079.801307 7.028789e-16
7082.684324 7.201797e-16
7085.567341 7.019041e-16
7088.450358 6.711520e-16
7091.333375 6.828305e-16
7094.216392 7.005767e-16
7097.099408 6.987527e-16
7099.982425 7.084101e-16
7102.865442 7.031084e-16
7105.748459 7.035262e-16
7108.631476 7.016966e-16
7111.514493 6.930785e-16
7114.397509 6.976547e-16
7117.280526 6.889561e-16
7120.163543 6.732874e-16
7123.046560 6.758006e-16
7125.929577 6.750566e-16
7128.812593 6.764776e-16
7131.695610 6.825731e-16
7134.578627 6.730234e-16
7137.461644 6.732505e-16
7140.344661 6.924068e-16
7143.227678 6.897275e-16
7146.110694 6.858700e-16
7148.993711 6.809415e-16
7151.876728 6.635930e-16
7154.759745 6.647651e-16
7157.642762 6.785155e-16
7160.525779 6.782617e-16
7163.408795 6.889804e-16
7166.291812 6.951032e-16
7169.174829 6.793666e-16
7172.057846 6.803876e-16
7174.940863 6.754087e-16
7177.823879 6.779483e-16
7180.706896 6.727960e-16
7183.589913 6.606459e-16
7186.472930 6.612292e-16
7189.355947 6.625696e-16
7192.238964 6.879095e-16
7195.121980 6.893956e-16
7198.004997 6.632024e-16
7200.888014 6.609352e-16
7203.771031 6.665841e-16
7206.654048 6.819242e-16
7209.537065 6.853809e-16
7212.420081 6.786883e-16
7215.303098 6.801914e-16
7218.186115 6.756661e-16
7221.069132 6.752441e-16
7223.952149 6.855051e-16
7226.835166 6.735732e-16
7229.718182 6.697504e-16
7232.601199 6.595683e-16
7235.484216 6.460719e-16
7238.367233 6.589391e-16
7241.250250 6.720053e-16
7244.133266 6.782557e-16
7247.016283 6.669630e-16
7249.899300 6.299246e-16
7252.782317 6.339802e-16
7255.665334 6.682018e-16
7258.548351 6.749341e-16
7261.431367 6.584970e-16
7264.314384 6.559532e-16
7267.197401 6.413688e-16
7270.080418 6.193198e-16
7272.963435 6.132673e-16
7275.846452 6.282169e-16
7278.729468 6.441502e-16
7281.612485 6.447944e-16
7284.495502 6.444019e-16
7287.378519 6.409409e-16
7290.261536 6.674989e-16
7293.144552 6.749537e-16
7296.027569 6.646315e-16
7298.910586 6.403497e-16
7301.793603 6.235811e-16
7304.676620 6.269060e-16
7307.559637 6.392441e-16
7310.442653 6.443988e-16
7313.325670 6.339620e-16
7316.208687 6.345554e-16
7319.091704 6.480768e-16
7321.974721 6.438398e-16
7324.857738 6.263597e-16
7327.740754 6.284850e-16
7330.623771 6.343244e-16
7333.506788 6.349482e-16
7336.389805 6.276081e-16
7339.272822 6.215687e-16
7342.155838 6.277452e-16
7345.038855 6.290304e-16
7347.921872 6.468853e-16
7350.804889 6.545919e-16
7353.687906 6.389393e-16
7356.570923 6.186503e-16
7359.453939 6.213022e-16
7362.336956 6.264211e-16
7365.219973 6.248375e-16
7368.102990 6.238781e-16
7370.986007 6.160385e-16
7373.869024 6.165435e-16
7376.752040 6.237141e-16
7379.635057 6.083310e-16
7382.518074 6.227119e-16
7385.401091 6.129530e-16
7388.284108 6.015259e-16
7391.167125 6.071969e-16
7394.050141 6.078395e-16
7396.933158 6.085884e-16
7399.816175 6.158774e-16
7402.699192 6.111491e-16
7405.582209 6.079616e-16
7408.465225 6.217183e-16
7411.348242 6.138193e-16
7414.231259 6.286157e-16
7417.114276 6.257367e-16
7419.997293 6.069727e-16
7422.880310 5.958567e-16
7425.763326 5.946884e-16
7428.646343 5.903458e-16
7431.529360 5.817447e-16
7434.412377 5.806587e-16
7437.295394 5.725394e-16
7440.178411 5.719180e-16
7443.061427 5.778798e-16
7445.944444 5.768476e-16
7448.827461 5.790278e-16
7451.710478 5.808299e-16
7454.593495 5.675929e-16
7457.476511 5.530704e-16
7460.359528 5.470596e-16
7463.242545 5.342911e-16
7466.125562 5.345308e-16
7469.008579 5.582985e-16
7471.891596 5.438494e-16
7474.774612 5.300787e-16
7477.657629 5.423102e-16
7480.540646 5.490506e-16
7483.423663 5.402474e-16
7486.306680 5.318854e-16
7489.189697 5.295051e-16
7492.072713 5.298617e-16
7494.955730 5.270330e-16
7497.838747 5.228960e-16
7500.721764 5.286107e-16
7503.604781 5.090987e-16
7506.487797 5.126077e-16
7509.370814 5.237916e-16
7512.253831 5.317483e-16
7515.136848 5.455314e-16
7518.019865 5.448890e-16
7520.902882 5.270276e-16
7523.785898 5.206373e-16
7526.668915 5.169061e-16
7529.551932 5.052047e-16
7532.434949 5.350005e-16
7535.317966 5.393700e-16
7538.200983 5.058112e-16
7541.083999 5.107623e-16
7543.967016 5.242333e-16
7546.850033 5.149596e-16
7549.733050 5.095839e-16
7552.616067 5.034058e-16
7555.499084 5.020229e-16
7558.382100 4.979753e-16
7561.265117 4.973746e-16
7564.148134 5.153185e-16
7567.031151 4.957944e-16
7569.914168 4.874559e-16
7572.797184 4.876678e-16
7575.680201 4.986827e-16
7578.563218 5.087963e-16
7581.446235 4.918180e-16
7584.329252 4.968936e-16
7587.212269 4.799922e-16
7590.095285 4.354452e-16
7592.978302 3.722314e-16
7595.861319 3.176464e-16
7598.744336 2.473659e-16
7601.627353 2.060498e-16
7604.510370 2.086914e-16
7607.393386 2.112911e-16
7610.276403 2.317449e-16
7613.159420 2.968375e-16
7616.042437 3.462950e-16
7618.925454 3.375899e-16
7621.808470 3.260877e-16
7624.691487 3.140544e-16
7627.574504 2.994533e-16
7630.457521 2.984295e-16
7633.340538 3.018434e-16
7636.223555 3.131054e-16
7639.106571 3.272124e-16
7641.989588 3.334708e-16
7644.872605 3.574390e-16
7647.755622 3.759873e-16
7650.638639 3.981317e-16
7653.521656 3.984067e-16
7656.404672 4.076618e-16
7659.287689 4.211189e-16
7662.170706 4.164636e-16
7665.053723 4.283537e-16
7667.936740 4.610353e-16
7670.819757 4.688714e-16
7673.702773 4.582417e-16
7676.585790 4.557641e-16
7679.468807 4.738932e-16
7682.351824 4.819769e-16
7685.234841 4.869130e-16
7688.117857 5.024926e-16
7691.000874 4.962295e-16
7693.883891 4.813278e-16
7696.766908 4.754910e-16
7699.649925 4.715284e-16
7702.532942 4.824872e-16
7705.415958 4.818725e-16
7708.298975 4.847790e-16
7711.181992 4.846815e-16
7714.065009 4.930503e-16
7716.948026 5.015053e-16
7719.831043 5.146828e-16
7722.714059 5.148305e-16
7725.597076 5.010290e-16
7728.480093 4.894412e-16
7731.363110 4.946666e-16
7734.246127 5.378132e-16
7737.129143 5.330889e-16
7740.012160 5.164467e-16
7742.895177 5.287030e-16
7745.778194 5.263595e-16
7748.661211 5.105961e-16
7751.544228 5.067808e-16
7754.427244 5.189744e-16
7757.310261 5.230131e-16
7760.193278 5.097527e-16
7763.076295 5.150042e-16
7765.959312 5.231463e-16
7768.842329 5.322489e-16
7771.725345 5.261025e-16
7774.608362 5.346534e-16
7777.491379 5.428090e-16
7780.374396 5.355871e-16
7783.257413 5.275844e-16
7786.140429 5.186933e-16
7789.023446 5.076947e-16
7791.906463 5.106720e-16
7794.789480 5.203171e-16
7797.672497 5.101082e-16
7800.555514 5.101010e-16
7803.438530 5.033880e-16
7806.321547 5.133210e-16
7809.204564 5.393439e-16
7812.087581 5.517694e-16
7814.970598 5.548047e-16
7817.853615 5.435359e-16
7820.736631 5.053104e-16
7823.619648 4.911926e-16
7826.502665 5.146660e-16
7829.385682 5.158953e-16
7832.268699 5.285637e-16
7835.151716 5.276465e-16
7838.034732 5.180767e-16
7840.917749 5.346299e-16
7843.800766 5.435633e-16
7846.683783 5.290163e-16
7849.566800 5.304079e-16
7852.449816 5.270837e-16
7855.332833 5.135423e-16
7858.215850 5.165748e-16
7861.098867 5.226956e-16
7863.981884 5.279669e-16
7866.864901 5.290338e-16
7869.747917 5.195100e-16
7872.630934 5.207873e-16
7875.513951 5.347931e-16
7878.396968 5.346830e-16
7881.279985 5.305174e-16
7884.163002 5.242016e-16
7887.046018 5.306581e-16
7889.929035 5.272950e-16
7892.812052 4.910066e-16
7895.695069 4.793302e-16
7898.578086 5.066816e-16
7901.461102 5.265334e-16
7904.344119 5.265070e-16
7907.227136 5.168443e-16
7910.110153 4.976340e-16
7912.993170 4.884653e-16
7915.876187 5.009330e-16
7918.759203 4.925096e-16
7921.642220 4.865304e-16
7924.525237 4.795089e-16
7927.408254 4.659663e-16
7930.291271 4.642125e-16
7933.174288 4.741230e-16
7936.057304 4.912757e-16
7938.940321 5.086475e-16
7941.823338 5.008956e-16
7944.706355 4.803306e-16
7947.589372 4.520085e-16
7950.472389 4.522936e-16
7953.355405 4.532794e-16
7956.238422 4.493011e-16
7959.121439 4.523438e-16
7962.004456 4.532503e-16
7964.887473 4.407649e-16
7967.770489 4.312587e-16
7970.653506 4.551588e-16
7973.536523 4.466155e-16
7976.419540 4.425769e-16
7979.302557 4.282739e-16
7982.185574 4.116077e-16
7985.068590 4.031499e-16
7987.951607 3.868238e-16
7990.834624 3.887809e-16
7993.717641 4.120533e-16
7996.600658 4.072665e-16
7999.483675 4.058858e-16
8002.366691 4.131064e-16
8005.249708 3.969924e-16
8008.132725 3.982929e-16
8011.015742 4.154911e-16
8013.898759 3.981246e-16
8016.781775 3.690308e-16
8019.664792 3.761310e-16
8022.547809 3.938758e-16
8025.430826 3.846024e-16
8028.313843 3.805271e-16
8031.196860 4.067781e-16
8034.079876 4.028328e-16
8036.962893 3.956015e-16
8039.845910 3.841933e-16
8042.728927 3.860465e-16
8045.611944 3.968169e-16
8048.494961 3.837835e-16
8051.377977 3.611944e-16
8054.260994 3.499199e-16
8057.144011 3.377548e-16
8060.027028 3.387247e-16
8062.910045 3.498710e-16
8065.793061 3.749072e-16
8068.676078 3.796833e-16
8071.559095 3.752618e-16
8074.442112 3.672416e-16
8077.325129 3.665855e-16
8080.208146 3.703634e-16
8083.091162 3.555970e-16
8085.974179 3.471985e-16
8088.857196 3.474768e-16
8091.740213 3.474540e-16
8094.623230 3.471588e-16
8097.506247 3.434496e-16
8100.389263 3.459159e-16
8103.272280 3.549197e-16
8106.155297 3.557466e-16
8109.038314 3.439321e-16
8111.921331 3.363317e-16
8114.804348 3.339562e-16
8117.687364 3.158355e-16
8120.570381 3.082630e-16
8123.453398 3.213992e-16
8126.336415 3.308494e-16
8129.219432 3.380245e-16
8132.102448 3.610438e-16
8134.985465 3.649406e-16
8137.868482 3.330856e-16
8140.751499 3.211121e-16
8143.634516 3.379007e-16
8146.517533 3.256572e-16
8149.400549 3.221390e-16
8152.283566 3.186203e-16
8155.166583 3.151021e-16
8158.049600 3.115834e-16
8160.932617 3.080652e-16
8163.815634 3.045471e-16
8166.698650 3.010284e-16
8169.581667 3.132186e-16
8172.464684 3.196471e-16
8175.347701 3.220021e-16
8178.230718 3.286899e-16
8181.113734 3.170229e-16
8183.996751 3.045110e-16
8186.879768 3.036494e-16
8189.762785 3.043815e-16
8192.645802 3.045639e-16
8195.528819 3.083639e-16
8198.411835 3.049123e-16
8201.294852 2.941229e-16
8204.177869 2.960989e-16
8207.060886 2.966645e-16
8209.943903 2.894439e-16
8212.826920 3.010689e-16
8215.709936 2.855677e-16
8218.592953 2.676668e-16
8221.475970 2.692652e-16
8224.358987 2.552666e-16
8227.242004 2.537822e-16
8230.125021 2.720895e-16
8233.008037 2.666300e-16
8235.891054 2.795505e-16
8238.774071 2.718842e-16
8241.657088 2.844960e-16
8244.540105 2.721742e-16
8247.423121 2.696783e-16
8250.306138 2.627265e-16
8253.189155 2.416093e-16
8256.072172 2.471925e-16
8258.955189 2.373263e-16
8261.838206 2.080539e-16
8264.721222 2.448995e-16
8267.604239 2.511826e-16
8270.487256 2.327866e-16
8273.370273 2.304111e-16
8276.253290 2.461367e-16
8279.136307 2.576217e-16
8282.019323 2.714764e-16
8284.902340 2.701909e-16
8287.785357 2.494433e-16
8290.668374 2.310420e-16
8293.551391 2.139515e-16
8296.434407 2.317446e-16
8299.317424 2.575154e-16
8302.200441 2.576542e-16
8305.083458 2.586801e-16
8307.966475 2.640607e-16
8310.849492 2.705402e-16
8313.732508 2.722633e-16
8316.615525 2.647404e-16
8319.498542 2.591975e-16
8322.381559 2.559359e-16
8325.264576 2.451706e-16
8328.147593 2.375200e-16
8331.030609 2.393941e-16
8333.913626 2.561003e-16
8336.796643 2.663367e-16
8339.679660 2.812497e-16
8342.562677 2.749683e-16
8345.445693 2.697869e-16
8348.328710 2.887264e-16
8351.211727 2.867159e-16
8354.094744 2.697259e-16
8356.977761 2.521136e-16
8359.860778 2.517322e-16
8362.743794 2.447932e-16
8365.626811 2.549849e-16
8368.509828 2.604190e-16
8371.392845 2.475749e-16
8374.275862 2.638678e-16
8377.158879 2.944039e-16
8380.041895 2.980463e-16
8382.924912 2.959917e-16
8385.807929 2.782441e-16
8388.690946 2.647550e-16
8391.573963 2.768577e-16
8394.456980 2.698602e-16
8397.339996 2.677461e-16
8400.223013 2.981843e-16
8403.106030 2.867148e-16
8405.989047 2.559591e-16
8408.872064 2.776923e-16
8411.755080 3.163936e-16
8414.638097 3.341290e-16
8417.521114 3.189604e-16
8420.404131 3.216619e-16
8423.287148 3.105712e-16
8426.170165 3.049093e-16
8429.053181 2.995630e-16
8431.936198 3.063538e-16
8434.819215 2.984263e-16
8437.702232 2.968376e-16
8440.585249 3.331440e-16
8443.468266 3.523792e-16
8446.351282 3.551774e-16
8449.234299 3.401181e-16
8452.117316 3.456911e-16
8455.000333 3.326041e-16
8457.883350 3.406187e-16
8460.766366 3.223559e-16
8463.649383 3.270376e-16
8466.532400 3.562900e-16
8469.415417 3.477596e-16
8472.298434 3.456079e-16
8475.181451 3.621416e-16
8478.064467 3.708861e-16
8480.947484 3.690987e-16
8483.830501 3.793042e-16
8486.713518 3.860138e-16
8489.596535 3.697525e-16
8492.479552 3.731680e-16
8495.362568 4.030087e-16
8498.245585 3.917308e-16
8501.128602 3.614538e-16
8504.011619 3.770583e-16
8506.894636 3.856963e-16
8509.777653 3.882376e-16
8512.660669 3.977651e-16
8515.543686 4.021962e-16
8518.426703 4.051687e-16
8521.309720 4.124310e-16
8524.192737 4.206260e-16
8527.075753 4.332993e-16
8529.958770 4.329405e-16
8532.841787 4.293463e-16
8535.724804 4.436939e-16
8538.607821 4.387959e-16
8541.490838 4.447189e-16
8544.373854 4.288726e-16
8547.256871 4.092010e-16
8550.139888 4.181229e-16
8553.022905 4.473472e-16
8555.905922 4.519504e-16
8558.788939 4.509099e-16
8561.671955 4.708540e-16
8564.554972 4.729386e-16
8567.437989 4.486128e-16
8570.321006 4.342531e-16
8573.204023 4.482809e-16
8576.087039 4.636050e-16
8578.970056 4.556833e-16
8581.853073 4.378652e-16
8584.736090 4.512376e-16
8587.619107 4.844653e-16
8590.502124 4.982176e-16
8593.385140 4.915648e-16
8596.268157 4.817000e-16
8599.151174 4.731796e-16
8602.034191 4.657465e-16
8604.917208 4.649779e-16
8607.800225 4.816403e-16
8610.683241 4.665132e-16
8613.566258 4.700294e-16
8616.449275 4.623309e-16
8619.332292 4.555692e-16
8622.215309 4.843790e-16
8625.098325 5.157547e-16
8627.981342 5.226214e-16
8630.864359 5.035976e-16
8633.747376 5.027124e-16
8636.630393 5.100852e-16
8639.513410 5.165219e-16
8642.396426 4.953756e-16
8645.279443 4.438628e-16
8648.162460 4.504898e-16
8651.045477 4.873593e-16
8653.928494 4.855539e-16
8656.811511 4.716295e-16
8659.694527 4.795519e-16
8662.577544 5.127153e-16
8665.460561 5.207927e-16
8668.343578 4.925956e-16
8671.226595 4.980454e-16
8674.109612 5.226991e-16
8676.992628 5.248531e-16
8679.875645 5.060766e-16
8682.758662 4.821148e-16
8685.641679 4.664706e-16
8688.524696 4.646918e-16
8691.407712 4.740559e-16
8694.290729 4.889580e-16
8697.173746 4.923911e-16
8700.056763 5.005416e-16
8702.939780 5.197718e-16
8705.822797 5.034685e-16
8708.705813 4.995798e-16
8711.588830 4.955888e-16
8714.471847 5.095126e-16
8717.354864 5.248294e-16
8720.237881 4.975225e-16
8723.120898 4.704608e-16
8726.003914 4.653096e-16
8728.886931 4.825870e-16
8731.769948 4.615492e-16
8734.652965 4.558235e-16
8737.535982 4.860070e-16
8740.418998 5.215222e-16
8743.302015 5.180019e-16
8746.185032 5.060872e-16
8749.068049 5.176209e-16
8751.951066 5.038822e-16
8754.834083 4.985001e-16
8757.717099 5.323122e-16
8760.600116 4.880586e-16
8763.483133 4.949582e-16
8766.366150 4.924479e-16
8769.249167 4.608903e-16
8772.132184 4.428807e-16
8775.015200 4.571541e-16
8777.898217 4.899498e-16
8780.781234 4.741583e-16
8783.664251 4.465871e-16
8786.547268 4.845172e-16
8789.430285 4.973171e-16
8792.313301 4.745558e-16
8795.196318 4.830269e-16
8798.079335 4.528842e-16
8800.962352 4.588317e-16
8803.845369 4.578548e-16
8806.728385 4.349253e-16
8809.611402 4.356516e-16
8812.494419 4.658920e-16
8815.377436 4.686854e-16
8818.260453 4.510524e-16
8821.143470 4.715854e-16
8824.026486 4.817785e-16
8826.909503 4.737896e-16
8829.792520 4.436172e-16
8832.675537 4.395133e-16
8835.558554 4.715076e-16
8838.441571 4.511602e-16
8841.324587 4.325334e-16
8844.207604 4.523840e-16
8847.090621 4.395049e-16
8849.973638 4.119643e-16
8852.856655 4.216426e-16
8855.739671 4.206337e-16
8858.622688 4.153469e-16
8861.505705 4.402868e-16
8864.388722 4.424521e-16
8867.271739 4.376833e-16
8870.154756 4.374828e-16
8873.037772 4.366102e-16
8875.920789 4.373589e-16
8878.803806 4.224639e-16
8881.686823 3.852924e-16
8884.569840 3.708445e-16
8887.452857 3.869646e-16
8890.335873 3.766648e-16
8893.218890 3.633190e-16
8896.101907 3.722218e-16
8898.984924 3.887961e-16
8901.867941 4.151028e-16
8904.750957 4.119957e-16
8907.633974 3.734910e-16
8910.516991 3.738058e-16
8913.400008 3.814225e-16
8916.283025 3.523198e-16
8919.166042 3.363506e-16
8922.049058 3.275004e-16
8924.932075 3.370039e-16
8927.815092 3.382005e-16
8930.698109 3.407624e-16
8933.581126 3.527677e-16
8936.464143 3.366312e-16
8939.347159 3.380996e-16
8942.230176 3.687354e-16
8945.113193 3.760198e-16
8947.996210 3.545877e-16
8950.879227 3.334758e-16
8953.762244 3.239992e-16
8956.645260 3.173822e-16
8959.528277 3.023380e-16
8962.411294 3.186856e-16
8965.294311 3.244857e-16
8968.177328 3.178096e-16
8971.060344 3.064628e-16
8973.943361 3.374003e-16
8976.826378 3.584880e-16
8979.709395 3.326079e-16
8982.592412 3.208439e-16
8985.475429 3.329678e-16
8988.358445 3.258765e-16
8991.241462 2.986717e-16
8994.124479 2.863428e-16
8997.007496 3.018505e-16
8999.890513 2.858646e-16
9002.773530 3.002195e-16
9005.656546 2.909742e-16
9008.539563 3.081578e-16
9011.422580 3.333335e-16
9014.305597 3.169977e-16
9017.188614 3.066703e-16
9020.071630 2.911915e-16
9022.954647 2.855548e-16
9025.837664 2.998664e-16
