3490.000000 1.492302e-15
3492.880062 1.279163e-15
3495.760125 9.939649e-16
3498.640187 1.217195e-15
3501.520249 8.009039e-16
3504.400312 8.601772e-16
3507.280374 1.185661e-15
3510.160436 6.998007e-16
3513.040499 8.880900e-16
3515.920561 1.261787e-15
3518.800623 1.336913e-15
3521.680686 1.397548e-15
3524.560748 1.525190e-15
3527.440810 1.074621e-15
3530.320873 1.035867e-15
3533.200935 1.768112e-15
3536.080997 1.681826e-15
3538.961060 1.170394e-15
3541.841122 1.306345e-15
3544.721184 1.214074e-15
3547.601247 1.004518e-15
3550.481309 1.094809e-15
3553.361372 1.406950e-15
3556.241434 1.443035e-15
3559.121496 9.506589e-16
3562.001559 8.858696e-16
3564.881621 9.270797e-16
3567.761683 1.047841e-15
3570.641746 1.236736e-15
3573.521808 1.259130e-15
3576.401870 1.122258e-15
3579.281933 9.435051e-16
3582.161995 9.670184e-16
3585.042057 7.219875e-16
3587.922120 6.728999e-16
3590.802182 8.351412e-16
3593.682244 8.470682e-16
3596.562307 8.570213e-16
3599.442369 7.690835e-16
3602.322431 9.739822e-16
3605.202494 9.289567e-16
3608.082556 4.944340e-16
3610.962618 7.273280e-16
3613.842681 1.022291e-15
3616.722743 8.667653e-16
3619.602805 9.319356e-16
3622.482868 9.351036e-16
3625.362930 8.979088e-16
3628.242992 1.209184e-15
3631.123055 1.233733e-15
3634.003117 1.046145e-15
3636.883179 1.149095e-15
3639.763242 1.053677e-15
3642.643304 7.993656e-16
3645.523366 8.567446e-16
3648.403429 9.759345e-16
3651.283491 9.011770e-16
3654.163553 7.383487e-16
3657.043616 7.116521e-16
3659.923678 8.498706e-16
3662.803741 8.378483e-16
3665.683803 8.747517e-16
3668.563865 1.067950e-15
3671.443928 9.896258e-16
3674.323990 9.417865e-16
3677.204052 1.114638e-15
3680.084115 1.051157e-15
3682.964177 8.459972e-16
3685.844239 1.098555e-15
3688.724302 1.327693e-15
3691.604364 1.094760e-15
3694.484426 9.500893e-16
3697.364489 9.277647e-16
3700.244551 7.559727e-16
3703.124613 7.639065e-16
3706.004676 1.152976e-15
3708.884738 1.281219e-15
3711.764800 9.550104e-16
3714.644863 6.227912e-16
3717.524925 7.318244e-16
3720.404987 9.836690e-16
3723.285050 8.838103e-16
3726.165112 8.210899e-16
3729.045174 8.528039e-16
3731.925237 8.329450e-16
3734.805299 7.463205e-16
3737.685361 7.254383e-16
3740.565424 7.875431e-16
3743.445486 6.742975e-16
3746.325548 6.277819e-16
3749.205611 5.463670e-16
3752.085673 4.032393e-16
3754.965735 4.002244e-16
3757.845798 3.527575e-16
3760.725860 2.667045e-16
3763.605922 3.239729e-16
3766.485985 4.224268e-16
3769.366047 4.941701e-16
3772.246109 5.286518e-16
3775.126172 4.822679e-16
3778.006234 4.308184e-16
3780.886297 4.042398e-16
3783.766359 4.788128e-16
3786.646421 4.299389e-16
3789.526484 3.515777e-16
3792.406546 3.822808e-16
3795.286608 4.687215e-16
3798.166671 5.540574e-16
3801.046733 5.609425e-16
3803.926795 5.240358e-16
3806.806858 5.663280e-16
3809.686920 5.679147e-16
3812.566982 6.149473e-16
3815.447045 6.699293e-16
3818.327107 6.384831e-16
3821.207169 6.469145e-16
3824.087232 5.720317e-16
3826.967294 5.525128e-16
3829.847356 5.639732e-16
3832.727419 4.194041e-16
3835.607481 3.808592e-16
3838.487543 4.796874e-16
3841.367606 5.318063e-16
3844.247668 6.314965e-16
3847.127730 6.050380e-16
3850.007793 5.394237e-16
3852.887855 6.241174e-16
3855.767917 6.490111e-16
3858.647980 6.326032e-16
3861.528042 7.696055e-16
3864.408104 7.996390e-16
3867.288167 6.913177e-16
3870.168229 7.696529e-16
3873.048291 8.765955e-16
3875.928354 8.429529e-16
3878.808416 8.556690e-16
3881.688478 9.102109e-16
3884.568541 8.916911e-16
3887.448603 8.261528e-16
3890.328665 9.153851e-16
3893.208728 1.135949e-15
3896.088790 1.240359e-15
3898.968853 1.243638e-15
3901.848915 1.260758e-15
3904.728977 1.273325e-15
3907.609040 1.212456e-15
3910.489102 1.222428e-15
3913.369164 1.271318e-15
3916.249227 1.302841e-15
3919.129289 1.360185e-15
3922.009351 1.384603e-15
3924.889414 1.404992e-15
3927.769476 1.390489e-15
3930.649538 1.396820e-15
3933.529601 1.444973e-15
3936.409663 1.410381e-15
3939.289725 1.332641e-15
3942.169788 1.383728e-15
3945.049850 1.552402e-15
3947.929912 1.627936e-15
3950.809975 1.618675e-15
3953.690037 1.667315e-15
3956.570099 1.652027e-15
3959.450162 1.578055e-15
3962.330224 1.538693e-15
3965.210286 1.501678e-15
3968.090349 1.584231e-15
3970.970411 1.760865e-15
3973.850473 1.698037e-15
3976.730536 1.553358e-15
3979.610598 1.586233e-15
3982.490660 1.793363e-15
3985.370723 1.840714e-15
3988.250785 1.709119e-15
3991.130847 1.782694e-15
3994.010910 1.779874e-15
3996.890972 1.715035e-15
3999.771034 1.727894e-15
4002.651097 1.731971e-15
4005.531159 1.774152e-15
4008.411222 1.855564e-15
4011.291284 1.841384e-15
4014.171346 1.716240e-15
4017.051409 1.677357e-15
4019.931471 1.697027e-15
4022.811533 1.715708e-15
4025.691596 1.703996e-15
4028.571658 1.567179e-15
4031.451720 1.578038e-15
4034.331783 1.639794e-15
4037.211845 1.585245e-15
4040.091907 1.639260e-15
4042.971970 1.676064e-15
4045.852032 1.554162e-15
4048.732094 1.439805e-15
4051.612157 1.406034e-15
4054.492219 1.417997e-15
4057.372281 1.451616e-15
4060.252344 1.495565e-15
4063.132406 1.519090e-15
4066.012468 1.530374e-15
4068.892531 1.453339e-15
4071.772593 1.427339e-15
4074.652655 1.428028e-15
4077.532718 1.357684e-15
4080.412780 1.377120e-15
4083.292842 1.423694e-15
4086.172905 1.407137e-15
4089.052967 1.345792e-15
4091.933029 1.349260e-15
4094.813092 1.367433e-15
4097.693154 1.372289e-15
4100.573216 1.367250e-15
4103.453279 1.319197e-15
4106.333341 1.349949e-15
4109.213403 1.341782e-15
4112.093466 1.224097e-15
4114.973528 1.104456e-15
4117.853590 1.148616e-15
4120.733653 1.247845e-15
4123.613715 1.227961e-15
4126.493778 1.212762e-15
4129.373840 1.115696e-15
4132.253902 1.128574e-15
4135.133965 1.210698e-15
4138.014027 1.221772e-15
4140.894089 1.260016e-15
4143.774152 1.230062e-15
4146.654214 1.213443e-15
4149.534276 1.222620e-15
4152.414339 1.233450e-15
4155.294401 1.243777e-15
4158.174463 1.254028e-15
4161.054526 1.265505e-15
4163.934588 1.271535e-15
4166.814650 1.239485e-15
4169.694713 1.238121e-15
4172.574775 1.253130e-15
4175.454837 1.178319e-15
4178.334900 1.165662e-15
4181.214962 1.254601e-15
4184.095024 1.253722e-15
4186.975087 1.189697e-15
4189.855149 1.176377e-15
4192.735211 1.178005e-15
4195.615274 1.220836e-15
4198.495336 1.284438e-15
4201.375398 1.272065e-15
4204.255461 1.239467e-15
4207.135523 1.315652e-15
4210.015585 1.354613e-15
4212.895648 1.325910e-15
4215.775710 1.282001e-15
4218.655772 1.205814e-15
4221.535835 1.203632e-15
4224.415897 1.225230e-15
4227.295959 1.207109e-15
4230.176022 1.314833e-15
4233.056084 1.422933e-15
4235.936146 1.281817e-15
4238.816209 1.149267e-15
4241.696271 1.211330e-15
4244.576334 1.243815e-15
4247.456396 1.159456e-15
4250.336458 1.171522e-15
4253.216521 1.220948e-15
4256.096583 1.165015e-15
4258.976645 1.100173e-15
4261.856708 1.048748e-15
4264.736770 1.038316e-15
4267.616832 1.071362e-15
4270.496895 1.127228e-15
4273.376957 1.172410e-15
4276.257019 1.178456e-15
4279.137082 1.158965e-15
4282.017144 1.102782e-15
4284.897206 1.140942e-15
4287.777269 1.152151e-15
4290.657331 1.049977e-15
4293.537393 9.394648e-16
4296.417456 9.580703e-16
4299.297518 1.032899e-15
4302.177580 9.897725e-16
4305.057643 9.933314e-16
4307.937705 1.041453e-15
4310.817767 1.112976e-15
4313.697830 1.226701e-15
4316.577892 1.209068e-15
4319.457954 1.053233e-15
4322.338017 9.761223e-16
4325.218079 9.619319e-16
4328.098141 9.331855e-16
4330.978204 8.834544e-16
4333.858266 8.782844e-16
4336.738328 8.721304e-16
4339.618391 9.270836e-16
4342.498453 1.002470e-15
4345.378515 9.415142e-16
4348.258578 9.274314e-16
4351.138640 9.418002e-16
4354.018703 9.018609e-16
4356.898765 9.412957e-16
4359.778827 9.772173e-16
4362.658890 9.208051e-16
4365.538952 8.631644e-16
4368.419014 8.809876e-16
4371.299077 9.524418e-16
4374.179139 9.933307e-16
4377.059201 9.605621e-16
4379.939264 9.027282e-16
4382.819326 8.392665e-16
4385.699388 8.106734e-16
4388.579451 8.254902e-16
4391.459513 9.036042e-16
4394.339575 8.860150e-16
4397.219638 8.122867e-16
4400.099700 8.859360e-16
4402.979762 9.271599e-16
4405.859825 9.504479e-16
4408.739887 9.392612e-16
4411.619949 9.413677e-16
4414.500012 9.612613e-16
4417.380074 9.930831e-16
4420.260136 1.007845e-15
4423.140199 9.864421e-16
4426.020261 9.291788e-16
4428.900323 9.136669e-16
4431.780386 9.146522e-16
4434.660448 9.448020e-16
4437.540510 1.000387e-15
4440.420573 1.030283e-15
4443.300635 1.076689e-15
4446.180697 1.048473e-15
4449.060760 9.453318e-16
4451.940822 9.342671e-16
4454.820884 1.012451e-15
4457.700947 1.073611e-15
4460.581009 1.105224e-15
4463.461071 1.096081e-15
4466.341134 1.083722e-15
4469.221196 1.140729e-15
4472.101259 1.120176e-15
4474.981321 1.090674e-15
4477.861383 1.140940e-15
4480.741446 1.183560e-15
4483.621508 1.177377e-15
4486.501570 1.151192e-15
4489.381633 1.163807e-15
4492.261695 1.175197e-15
4495.141757 1.222421e-15
4498.021820 1.305413e-15
4500.901882 1.287679e-15
4503.781944 1.292669e-15
4506.662007 1.320063e-15
4509.542069 1.280783e-15
4512.422131 1.278913e-15
4515.302194 1.314546e-15
4518.182256 1.347977e-15
4521.062318 1.372668e-15
4523.942381 1.413205e-15
4526.822443 1.417389e-15
4529.702505 1.424774e-15
4532.582568 1.501312e-15
4535.462630 1.530302e-15
4538.342692 1.523262e-15
4541.222755 1.517114e-15
4544.102817 1.469644e-15
4546.982879 1.491200e-15
4549.862942 1.483501e-15
4552.743004 1.501830e-15
4555.623066 1.531620e-15
4558.503129 1.539798e-15
4561.383191 1.552593e-15
4564.263253 1.553790e-15
4567.143316 1.571515e-15
4570.023378 1.636952e-15
4572.903440 1.647265e-15
4575.783503 1.611484e-15
4578.663565 1.587802e-15
4581.543628 1.577640e-15
4584.423690 1.649966e-15
4587.303752 1.684699e-15
4590.183815 1.650973e-15
4593.063877 1.662365e-15
4595.943939 1.702368e-15
4598.824002 1.721189e-15
4601.704064 1.740524e-15
4604.584126 1.813884e-15
4607.464189 1.784812e-15
4610.344251 1.677770e-15
4613.224313 1.651420e-15
4616.104376 1.677649e-15
4618.984438 1.694583e-15
4621.864500 1.654634e-15
4624.744563 1.577388e-15
4627.624625 1.544739e-15
4630.504687 1.561559e-15
4633.384750 1.615637e-15
4636.264812 1.626964e-15
4639.144874 1.561172e-15
4642.024937 1.510466e-15
4644.904999 1.550098e-15
4647.785061 1.611381e-15
4650.665124 1.569480e-15
4653.545186 1.526185e-15
4656.425248 1.566342e-15
4659.305311 1.568167e-15
4662.185373 1.500409e-15
4665.065435 1.499114e-15
4667.945498 1.483275e-15
4670.825560 1.503697e-15
4673.705622 1.511147e-15
4676.585685 1.441485e-15
4679.465747 1.407279e-15
4682.345809 1.390414e-15
4685.225872 1.424251e-15
4688.105934 1.441323e-15
4690.985996 1.437639e-15
4693.866059 1.431864e-15
4696.746121 1.377239e-15
4699.626184 1.274189e-15
4702.506246 1.170982e-15
4705.386308 1.173184e-15
4708.266371 1.293743e-15
4711.146433 1.367481e-15
4714.026495 1.325327e-15
4716.906558 1.277325e-15
4719.786620 1.258005e-15
4722.666682 1.244011e-15
4725.546745 1.338488e-15
4728.426807 1.371650e-15
4731.306869 1.250492e-15
4734.186932 1.167175e-15
4737.066994 1.187113e-15
4739.947056 1.199216e-15
4742.827119 1.183301e-15
4745.707181 1.168424e-15
4748.587243 1.192143e-15
4751.467306 1.195294e-15
4754.347368 1.116489e-15
4757.227430 1.090249e-15
4760.107493 1.115094e-15
4762.987555 1.145652e-15
4765.867617 1.163530e-15
4768.747680 1.133319e-15
4771.627742 1.086200e-15
4774.507804 1.098869e-15
4777.387867 1.094897e-15
4780.267929 1.026097e-15
4783.147991 1.043532e-15
4786.028054 1.079183e-15
4788.908116 1.042539e-15
4791.788178 1.027250e-15
4794.668241 1.046122e-15
4797.548303 1.018423e-15
4800.428365 9.776835e-16
4803.308428 9.775214e-16
4806.188490 9.753261e-16
4809.068552 9.563783e-16
4811.948615 9.545133e-16
4814.828677 9.762205e-16
4817.708740 9.648806e-16
4820.588802 9.670038e-16
4823.468864 9.920361e-16
4826.348927 1.009947e-15
4829.228989 1.040360e-15
4832.109051 1.036374e-15
4834.989114 9.865565e-16
4837.869176 9.398999e-16
4840.749238 9.224272e-16
4843.629301 9.270945e-16
4846.509363 9.647884e-16
4849.389425 1.013573e-15
4852.269488 1.069797e-15
4855.149550 1.070067e-15
4858.029612 1.022272e-15
4860.909675 1.030948e-15
4863.789737 1.038805e-15
4866.669799 9.946152e-16
4869.549862 9.466388e-16
4872.429924 9.383140e-16
4875.309986 9.553977e-16
4878.190049 9.509593e-16
4881.070111 9.447894e-16
4883.950173 9.387633e-16
4886.830236 9.976777e-16
4889.710298 1.060284e-15
4892.590360 1.028931e-15
4895.470423 9.645568e-16
4898.350485 9.410236e-16
4901.230547 9.876093e-16
4904.110610 1.004419e-15
4906.990672 1.035407e-15
4909.870734 1.147828e-15
4912.750797 1.201157e-15
4915.630859 1.161004e-15
4918.510921 1.135387e-15
4921.390984 1.158804e-15
4924.271046 1.224413e-15
4927.151109 1.243994e-15
4930.031171 1.215792e-15
4932.911233 1.229534e-15
4935.791296 1.229324e-15
4938.671358 1.254727e-15
4941.551420 1.302226e-15
4944.431483 1.246276e-15
4947.311545 1.173726e-15
4950.191607 1.209732e-15
4953.071670 1.245596e-15
4955.951732 1.256319e-15
4958.831794 1.288210e-15
4961.711857 1.287216e-15
4964.591919 1.250299e-15
4967.471981 1.248309e-15
4970.352044 1.283397e-15
4973.232106 1.292676e-15
4976.112168 1.264508e-15
4978.992231 1.276861e-15
4981.872293 1.331693e-15
4984.752355 1.291782e-15
4987.632418 1.208966e-15
4990.512480 1.230170e-15
4993.392542 1.247398e-15
4996.272605 1.169740e-15
4999.152667 1.118412e-15
5002.032729 1.161748e-15
5004.912792 1.195044e-15
5007.792854 1.175901e-15
5010.672916 1.176860e-15
5013.552979 1.191978e-15
5016.433041 1.127928e-15
5019.313103 1.115432e-15
5022.193166 1.162503e-15
5025.073228 1.119059e-15
5027.953290 1.047815e-15
5030.833353 1.054531e-15
5033.713415 1.043557e-15
5036.593477 1.051962e-15
5039.473540 1.061090e-15
5042.353602 1.017860e-15
5045.233665 9.106645e-16
5048.113727 8.842771e-16
5050.993789 9.532084e-16
5053.873852 1.059009e-15
5056.753914 1.098056e-15
5059.633976 1.052298e-15
5062.514039 1.020532e-15
5065.394101 1.027891e-15
5068.274163 1.049543e-15
5071.154226 1.073213e-15
5074.034288 1.130695e-15
5076.914350 1.125197e-15
5079.794413 1.066453e-15
5082.674475 1.105450e-15
5085.554537 1.165865e-15
5088.434600 1.177505e-15
5091.314662 1.202874e-15
5094.194724 1.189743e-15
5097.074787 1.158982e-15
5099.954849 1.203343e-15
5102.834911 1.239097e-15
5105.714974 1.198352e-15
5108.595036 1.143435e-15
5111.475098 1.125153e-15
5114.355161 1.147981e-15
5117.235223 1.205045e-15
5120.115285 1.217853e-15
5122.995348 1.205832e-15
5125.875410 1.239201e-15
5128.755472 1.252350e-15
5131.635535 1.172639e-15
5134.515597 1.172868e-15
5137.395659 1.290164e-15
5140.275722 1.294455e-15
5143.155784 1.248731e-15
5146.035846 1.249261e-15
5148.915909 1.219895e-15
5151.795971 1.232983e-15
5154.676033 1.247395e-15
5157.556096 1.261957e-15
5160.436158 1.277627e-15
5163.316221 1.250171e-15
5166.196283 1.215893e-15
5169.076345 1.251230e-15
5171.956408 1.293706e-15
5174.836470 1.294557e-15
5177.716532 1.272718e-15
5180.596595 1.266148e-15
5183.476657 1.267489e-15
5186.356719 1.274063e-15
5189.236782 1.282483e-15
5192.116844 1.272966e-15
5194.996906 1.310253e-15
5197.876969 1.383233e-15
5200.757031 1.385561e-15
5203.637093 1.313914e-15
5206.517156 1.320650e-15
5209.397218 1.413682e-15
5212.277280 1.422811e-15
5215.157343 1.323025e-15
5218.037405 1.348415e-15
5220.917467 1.429354e-15
5223.797530 1.428226e-15
5226.677592 1.430510e-15
5229.557654 1.495281e-15
5232.437717 1.490873e-15
5235.317779 1.483297e-15
5238.197841 1.469196e-15
5241.077904 1.471080e-15
5243.957966 1.527255e-15
5246.838028 1.574149e-15
5249.718091 1.573940e-15
5252.598153 1.476914e-15
5255.478215 1.452654e-15
5258.358278 1.522919e-15
5261.238340 1.580450e-15
5264.118402 1.613758e-15
5266.998465 1.640540e-15
5269.878527 1.646780e-15
5272.758590 1.612759e-15
5275.638652 1.583341e-15
5278.518714 1.586990e-15
5281.398777 1.593879e-15
5284.278839 1.546040e-15
5287.158901 1.554649e-15
5290.038964 1.631052e-15
5292.919026 1.631804e-15
5295.799088 1.674882e-15
5298.679151 1.701901e-15
5301.559213 1.668523e-15
5304.439275 1.663821e-15
5307.319338 1.706767e-15
5310.199400 1.721160e-15
5313.079462 1.701021e-15
5315.959525 1.703056e-15
5318.839587 1.698039e-15
5321.719649 1.707546e-15
5324.599712 1.689190e-15
5327.479774 1.631991e-15
5330.359836 1.592714e-15
5333.239899 1.650626e-15
5336.119961 1.697267e-15
5339.000023 1.714707e-15
5341.880086 1.745630e-15
5344.760148 1.751736e-15
5347.640210 1.716308e-15
5350.520273 1.624837e-15
5353.400335 1.570474e-15
5356.280397 1.609384e-15
5359.160460 1.668409e-15
5362.040522 1.669429e-15
5364.920584 1.665796e-15
5367.800647 1.651046e-15
5370.680709 1.641895e-15
5373.560771 1.676401e-15
5376.440834 1.675929e-15
5379.320896 1.592117e-15
5382.200958 1.609196e-15
5385.081021 1.651580e-15
5387.961083 1.660810e-15
5390.841146 1.633407e-15
5393.721208 1.615916e-15
5396.601270 1.589361e-15
5399.481333 1.630886e-15
5402.361395 1.689727e-15
5405.241457 1.672770e-15
5408.121520 1.615545e-15
5411.001582 1.617815e-15
5413.881644 1.676126e-15
5416.761707 1.681640e-15
5419.641769 1.676999e-15
5422.521831 1.686896e-15
5425.401894 1.657396e-15
5428.281956 1.610990e-15
5431.162018 1.595763e-15
5434.042081 1.644695e-15
5436.922143 1.672130e-15
5439.802205 1.674838e-15
5442.682268 1.681172e-15
5445.562330 1.653174e-15
5448.442392 1.643400e-15
5451.322455 1.652814e-15
5454.202517 1.697220e-15
5457.082579 1.710277e-15
5459.962642 1.711373e-15
5462.842704 1.695797e-15
5465.722766 1.627748e-15
5468.602829 1.590400e-15
5471.482891 1.599797e-15
5474.362953 1.624665e-15
5477.243016 1.665068e-15
5480.123078 1.673770e-15
5483.003140 1.619324e-15
5485.883203 1.591362e-15
5488.763265 1.633926e-15
5491.643327 1.648613e-15
5494.523390 1.628079e-15
5497.403452 1.622018e-15
5500.283514 1.609873e-15
5503.163577 1.582291e-15
5506.043639 1.579392e-15
5508.923702 1.545191e-15
5511.803764 1.526923e-15
5514.683826 1.571580e-15
5517.563889 1.558829e-15
5520.443951 1.520245e-15
5523.324013 1.525667e-15
5526.204076 1.541484e-15
5529.084138 1.508565e-15
5531.964200 1.470426e-15
5534.844263 1.481852e-15
5537.724325 1.512034e-15
5540.604387 1.491137e-15
5543.484450 1.455333e-15
5546.364512 1.456370e-15
5549.244574 1.447976e-15
5552.124637 1.468824e-15
5555.004699 1.522419e-15
5557.884761 1.511153e-15
5560.764824 1.424322e-15
5563.644886 1.405234e-15
5566.524948 1.463223e-15
5569.405011 1.480916e-15
5572.285073 1.417153e-15
5575.165135 1.393508e-15
5578.045198 1.468314e-15
5580.925260 1.485378e-15
5583.805322 1.495650e-15
5586.685385 1.496422e-15
5589.565447 1.486358e-15
5592.445509 1.445237e-15
5595.325572 1.357559e-15
5598.205634 1.332856e-15
5601.085696 1.374326e-15
5603.965759 1.382231e-15
5606.845821 1.377931e-15
5609.725883 1.397647e-15
5612.605946 1.361660e-15
5615.486008 1.342597e-15
5618.366071 1.363678e-15
5621.246133 1.316897e-15
5624.126195 1.263228e-15
5627.006258 1.248719e-15
5629.886320 1.217863e-15
5632.766382 1.173776e-15
5635.646445 1.150581e-15
5638.526507 1.144292e-15
5641.406569 1.138202e-15
5644.286632 1.089047e-15
5647.166694 1.035016e-15
5650.046756 1.034743e-15
5652.926819 1.029582e-15
5655.806881 9.636047e-16
5658.686943 9.192892e-16
5661.567006 9.339266e-16
5664.447068 9.432802e-16
5667.327130 9.529670e-16
5670.207193 9.216848e-16
5673.087255 8.539591e-16
5675.967317 8.421846e-16
5678.847380 8.534543e-16
5681.727442 8.810951e-16
5684.607504 8.446134e-16
5687.487567 8.124026e-16
5690.367629 8.354208e-16
5693.247691 8.386712e-16
5696.127754 8.389696e-16
5699.007816 8.665047e-16
5701.887878 8.606909e-16
5704.767941 8.443652e-16
5707.648003 8.384660e-16
5710.528065 8.640610e-16
5713.408128 9.048290e-16
5716.288190 8.888548e-16
5719.168252 8.748200e-16
5722.048315 8.732455e-16
5724.928377 8.607729e-16
5727.808439 8.598799e-16
5730.688502 9.053066e-16
5733.568564 9.108758e-16
5736.448627 8.817425e-16
5739.328689 9.375928e-16
5742.208751 1.000200e-15
5745.088814 9.821128e-16
5747.968876 9.934313e-16
5750.848938 1.024285e-15
5753.729001 1.026620e-15
5756.609063 1.031565e-15
5759.489125 1.064656e-15
5762.369188 1.084427e-15
5765.249250 1.064595e-15
5768.129312 1.079517e-15
5771.009375 1.110229e-15
5773.889437 1.088616e-15
5776.769499 1.108851e-15
5779.649562 1.186519e-15
5782.529624 1.226539e-15
5785.409686 1.243912e-15
5788.289749 1.224937e-15
5791.169811 1.197499e-15
5794.049873 1.251056e-15
5796.929936 1.324852e-15
5799.809998 1.372878e-15
5802.690060 1.368249e-15
5805.570123 1.328953e-15
5808.450185 1.300523e-15
5811.330247 1.308518e-15
5814.210310 1.346542e-15
5817.090372 1.341819e-15
5819.970434 1.296234e-15
5822.850497 1.293080e-15
5825.730559 1.347973e-15
5828.610621 1.415972e-15
5831.490684 1.408055e-15
5834.370746 1.403711e-15
5837.250808 1.404590e-15
5840.130871 1.363938e-15
5843.010933 1.383618e-15
5845.890996 1.422614e-15
5848.771058 1.419272e-15
5851.651120 1.373085e-15
5854.531183 1.369052e-15
5857.411245 1.408968e-15
5860.291307 1.404197e-15
5863.171370 1.429857e-15
5866.051432 1.496340e-15
5868.931494 1.482127e-15
5871.811557 1.438248e-15
5874.691619 1.424333e-15
5877.571681 1.434869e-15
5880.451744 1.464929e-15
5883.331806 1.443385e-15
5886.211868 1.403697e-15
5889.091931 1.420106e-15
5891.971993 1.457550e-15
5894.852055 1.429282e-15
5897.732118 1.440980e-15
5900.612180 1.448806e-15
5903.492242 1.432027e-15
5906.372305 1.444570e-15
5909.252367 1.456307e-15
5912.132429 1.470735e-15
5915.012492 1.472091e-15
5917.892554 1.438353e-15
5920.772616 1.414964e-15
5923.652679 1.443766e-15
5926.532741 1.493167e-15
5929.412803 1.476975e-15
5932.292866 1.476012e-15
5935.172928 1.479455e-15
5938.052990 1.453303e-15
5940.933053 1.425224e-15
5943.813115 1.404665e-15
5946.693177 1.365648e-15
5949.573240 1.357415e-15
5952.453302 1.385485e-15
5955.333364 1.384013e-15
5958.213427 1.396110e-15
5961.093489 1.402913e-15
5963.973552 1.351555e-15
5966.853614 1.362890e-15
5969.733676 1.420707e-15
5972.613739 1.422222e-15
5975.493801 1.396070e-15
5978.373863 1.362781e-15
5981.253926 1.340261e-15
5984.133988 1.349402e-15
5987.014050 1.307965e-15
5989.894113 1.248126e-15
5992.774175 1.294576e-15
5995.654237 1.356365e-15
5998.534300 1.323338e-15
6001.414362 1.278573e-15
6004.294424 1.297778e-15
6007.174487 1.332612e-15
6010.054549 1.338906e-15
6012.934611 1.326135e-15
6015.814674 1.301470e-15
6018.694736 1.286097e-15
6021.574798 1.285661e-15
6024.454861 1.337720e-15
6027.334923 1.339359e-15
6030.214985 1.286993e-15
6033.095048 1.297062e-15
6035.975110 1.306417e-15
6038.855172 1.290101e-15
6041.735235 1.283580e-15
6044.615297 1.259938e-15
6047.495359 1.258537e-15
6050.375422 1.288752e-15
6053.255484 1.290437e-15
6056.135546 1.289329e-15
6059.015609 1.278066e-15
6061.895671 1.247546e-15
6064.775733 1.259069e-15
6067.655796 1.245942e-15
6070.535858 1.269727e-15
6073.415920 1.283618e-15
6076.295983 1.274343e-15
6079.176045 1.270166e-15
6082.056108 1.264837e-15
6084.936170 1.222636e-15
6087.816232 1.174949e-15
6090.696295 1.168639e-15
6093.576357 1.162791e-15
6096.456419 1.128987e-15
6099.336482 1.132718e-15
6102.216544 1.177074e-15
6105.096606 1.164920e-15
6107.976669 1.180809e-15
6110.856731 1.196689e-15
6113.736793 1.169899e-15
6116.616856 1.130987e-15
6119.496918 1.109763e-15
6122.376980 1.116136e-15
6125.257043 1.142919e-15
6128.137105 1.159087e-15
6131.017167 1.119839e-15
6133.897230 1.083097e-15
6136.777292 1.081438e-15
6139.657354 1.105241e-15
6142.537417 1.138540e-15
6145.417479 1.108936e-15
6148.297541 1.089995e-15
6151.177604 1.065869e-15
6154.057666 1.070587e-15
6156.937728 1.096845e-15
6159.817791 1.075762e-15
6162.697853 1.080621e-15
6165.577915 1.071183e-15
6168.457978 1.027829e-15
6171.338040 1.011274e-15
6174.218102 9.834230e-16
6177.098165 9.853737e-16
6179.978227 1.005863e-15
6182.858289 9.742648e-16
6185.738352 9.765277e-16
6188.618414 9.702452e-16
6191.498477 9.138249e-16
6194.378539 8.732328e-16
6197.258601 8.516105e-16
6200.138664 8.563224e-16
6203.018726 8.722432e-16
6205.898788 9.206889e-16
6208.778851 9.072238e-16
6211.658913 8.655282e-16
6214.538975 8.448291e-16
6217.419038 8.608806e-16
6220.299100 8.949945e-16
6223.179162 8.737759e-16
6226.059225 8.486726e-16
6228.939287 8.712773e-16
6231.819349 8.791079e-16
6234.699412 8.243271e-16
6237.579474 8.245638e-16
6240.459536 8.793653e-16
6243.339599 8.789799e-16
6246.219661 8.712389e-16
6249.099723 8.919473e-16
6251.979786 9.070719e-16
6254.859848 8.915562e-16
6257.739910 8.825638e-16
6260.619973 9.015197e-16
6263.500035 9.069099e-16
6266.380097 9.167466e-16
6269.260160 9.300956e-16
6272.140222 8.965908e-16
6275.020284 8.920033e-16
6277.900347 8.707541e-16
6280.780409 8.229559e-16
6283.660471 8.491738e-16
6286.540534 8.656587e-16
6289.420596 8.436563e-16
6292.300658 8.551140e-16
6295.180721 8.626629e-16
6298.060783 8.361122e-16
6300.940845 8.242604e-16
6303.820908 8.217554e-16
6306.700970 8.513391e-16
6309.581033 9.258484e-16
6312.461095 9.349738e-16
6315.341157 9.157721e-16
6318.221220 8.866193e-16
6321.101282 8.941926e-16
6323.981344 9.354348e-16
6326.861407 9.524019e-16
6329.741469 9.495266e-16
6332.621531 9.447888e-16
6335.501594 9.570842e-16
6338.381656 9.691461e-16
6341.261718 9.471604e-16
6344.141781 9.141062e-16
6347.021843 9.052139e-16
6349.901905 9.172887e-16
6352.781968 9.370675e-16
6355.662030 9.375292e-16
6358.542092 9.053861e-16
6361.422155 9.075528e-16
6364.302217 9.173593e-16
6367.182279 9.668265e-16
6370.062342 1.024127e-15
6372.942404 9.966877e-16
6375.822466 9.431082e-16
6378.702529 9.538253e-16
6381.582591 9.822301e-16
6384.462653 1.000881e-15
6387.342716 1.030165e-15
6390.222778 1.012658e-15
6393.102840 9.828681e-16
6395.982903 1.028776e-15
6398.862965 1.079623e-15
6401.743027 1.062177e-15
6404.623090 1.031694e-15
6407.503152 1.047170e-15
6410.383214 1.061693e-15
6413.263277 1.058406e-15
6416.143339 1.059347e-15
6419.023401 1.036809e-15
6421.903464 1.061624e-15
6424.783526 1.109071e-15
6427.663589 1.052729e-15
6430.543651 1.028856e-15
6433.423713 1.037223e-15
6436.303776 1.013433e-15
6439.183838 9.991512e-16
6442.063900 9.652452e-16
6444.943963 9.827519e-16
6447.824025 9.529196e-16
6450.704087 8.926949e-16
6453.584150 8.846151e-16
6456.464212 9.129705e-16
6459.344274 9.139727e-16
6462.224337 8.913061e-16
6465.104399 8.908165e-16
6467.984461 8.684239e-16
6470.864524 8.544336e-16
6473.744586 8.575309e-16
6476.624648 9.055176e-16
6479.504711 8.762294e-16
6482.384773 8.642180e-16
6485.264835 9.027115e-16
6488.144898 9.171422e-16
6491.024960 9.195814e-16
6493.905022 9.429541e-16
6496.785085 9.391929e-16
6499.665147 9.093227e-16
6502.545209 9.184392e-16
6505.425272 9.290043e-16
6508.305334 9.256533e-16
6511.185396 9.320051e-16
6514.065459 9.055981e-16
6516.945521 8.907900e-16
6519.825583 9.227926e-16
6522.705646 9.612204e-16
6525.585708 9.658180e-16
6528.465770 9.673406e-16
6531.345833 9.765704e-16
6534.225895 9.730407e-16
6537.105958 9.610359e-16
6539.986020 9.591992e-16
6542.866082 9.758530e-16
6545.746145 9.967888e-16
6548.626207 1.015190e-15
6551.506269 9.964501e-16
6554.386332 9.774481e-16
6557.266394 1.000853e-15
6560.146456 1.007533e-15
6563.026519 9.710190e-16
6565.906581 9.648676e-16
6568.786643 1.004217e-15
6571.666706 1.034523e-15
6574.546768 1.026775e-15
6577.426830 1.009828e-15
6580.306893 1.029701e-15
6583.186955 1.063233e-15
6586.067017 1.076605e-15
6588.947080 1.083832e-15
6591.827142 1.093244e-15
6594.707204 1.084548e-15
6597.587267 1.101940e-15
6600.467329 1.083762e-15
6603.347391 1.072280e-15
6606.227454 1.125838e-15
6609.107516 1.114608e-15
6611.987578 1.050537e-15
6614.867641 9.986753e-16
6617.747703 8.914580e-16
6620.627765 8.399515e-16
6623.507828 9.085975e-16
6626.387890 1.051347e-15
6629.267952 1.106673e-15
6632.148015 1.111353e-15
6635.028077 1.089611e-15
6637.908139 1.050483e-15
6640.788202 1.027869e-15
6643.668264 1.054756e-15
6646.548326 1.094936e-15
6649.428389 1.106800e-15
6652.308451 1.123130e-15
6655.188514 1.131958e-15
6658.068576 1.138417e-15
6660.948638 1.163596e-15
6663.828701 1.147832e-15
6666.708763 1.153573e-15
6669.588825 1.136459e-15
6672.468888 1.130774e-15
6675.348950 1.128369e-15
6678.229012 1.138387e-15
6681.109075 1.139076e-15
6683.989137 1.114528e-15
6686.869199 1.104304e-15
6689.749262 1.119800e-15
6692.629324 1.156805e-15
6695.509386 1.105590e-15
6698.389449 1.045977e-15
6701.269511 1.026132e-15
6704.149573 1.006991e-15
6707.029636 9.946014e-16
6709.909698 1.025348e-15
6712.789760 1.043335e-15
6715.669823 1.039172e-15
6718.549885 1.082904e-15
6721.429947 1.093632e-15
6724.310010 1.021402e-15
6727.190072 1.018299e-15
6730.070134 1.059507e-15
6732.950197 1.022074e-15
6735.830259 1.011719e-15
6738.710321 1.036927e-15
6741.590384 1.031997e-15
6744.470446 1.001381e-15
6747.350508 9.902005e-16
6750.230571 1.028827e-15
6753.110633 1.020007e-15
6755.990695 9.755499e-16
6758.870758 9.986245e-16
6761.750820 9.868426e-16
6764.630883 9.235994e-16
6767.510945 9.509376e-16
6770.391007 9.636066e-16
6773.271070 9.410253e-16
6776.151132 9.063642e-16
6779.031194 8.583867e-16
6781.911257 8.665663e-16
6784.791319 8.872696e-16
6787.671381 8.742693e-16
6790.551444 8.453336e-16
6793.431506 8.565422e-16
6796.311568 8.901785e-16
6799.191631 8.665636e-16
6802.071693 8.845164e-16
6804.951755 9.272271e-16
6807.831818 9.175573e-16
6810.711880 8.756404e-16
6813.591942 8.377805e-16
6816.472005 8.233533e-16
6819.352067 8.183707e-16
6822.232129 8.212926e-16
6825.112192 8.304798e-16
6827.992254 8.112164e-16
6830.872316 7.896815e-16
6833.752379 8.148829e-16
6836.632441 8.278338e-16
6839.512503 7.757029e-16
6842.392566 6.632943e-16
6845.272628 5.823077e-16
6848.152690 6.665335e-16
6851.032753 7.340096e-16
6853.912815 7.441943e-16
6856.792877 7.877319e-16
6859.672940 8.154253e-16
6862.553002 7.918425e-16
6865.433064 7.575614e-16
6868.313127 7.579197e-16
6871.193189 7.544931e-16
6874.073251 7.074110e-16
6876.953314 7.227551e-16
6879.833376 7.389749e-16
6882.713439 7.306375e-16
6885.593501 7.187452e-16
6888.473563 7.317512e-16
6891.353626 7.600055e-16
6894.233688 7.406177e-16
6897.113750 7.120775e-16
6899.993813 7.383287e-16
6902.873875 7.690829e-16
6905.753937 7.575835e-16
6908.634000 7.477112e-16
6911.514062 7.357975e-16
6914.394124 7.353435e-16
6917.274187 7.666904e-16
6920.154249 7.819344e-16
6923.034311 7.664547e-16
6925.914374 7.589323e-16
6928.794436 7.624996e-16
6931.674498 7.885097e-16
6934.554561 8.183018e-16
6937.434623 8.154027e-16
6940.314685 8.118097e-16
6943.194748 8.011715e-16
6946.074810 7.933928e-16
6948.954872 8.241070e-16
6951.834935 8.563856e-16
6954.714997 8.484479e-16
6957.595059 8.626528e-16
6960.475122 8.945445e-16
6963.355184 9.049424e-16
6966.235246 8.856807e-16
6969.115309 8.801584e-16
6971.995371 8.943639e-16
6974.875433 8.653653e-16
6977.755496 8.520627e-16
6980.635558 8.532877e-16
6983.515620 8.646359e-16
6986.395683 8.712811e-16
6989.275745 8.928373e-16
6992.155807 8.801563e-16
6995.035870 8.563373e-16
6997.915932 8.526305e-16
7000.795995 8.702148e-16
7003.676057 8.733416e-16
7006.556119 8.415491e-16
7009.436182 8.424234e-16
7012.316244 8.424715e-16
7015.196306 8.578124e-16
7018.076369 8.701865e-16
7020.956431 8.743103e-16
7023.836493 8.749915e-16
7026.716556 9.026216e-16
7029.596618 9.028173e-16
7032.476680 8.787193e-16
7035.356743 8.795219e-16
7038.236805 8.917469e-16
7041.116867 8.980506e-16
7043.996930 8.766708e-16
7046.876992 8.588757e-16
7049.757054 8.677499e-16
7052.637117 8.753190e-16
7055.517179 9.005911e-16
7058.397241 8.957081e-16
7061.277304 8.417875e-16
7064.157366 8.168215e-16
7067.037428 8.303039e-16
7069.917491 8.385324e-16
7072.797553 8.707860e-16
7075.677615 8.864865e-16
7078.557678 8.196727e-16
7081.437740 8.216052e-16
7084.317802 8.614817e-16
7087.197865 8.589887e-16
7090.077927 8.471086e-16
7092.957989 8.207583e-16
7095.838052 7.971492e-16
7098.718114 8.154249e-16
7101.598176 8.364510e-16
7104.478239 8.140682e-16
7107.358301 8.081971e-16
7110.238364 8.497095e-16
7113.118426 8.527500e-16
7115.998488 8.363467e-16
7118.878551 8.302709e-16
7121.758613 7.978889e-16
7124.638675 7.543854e-16
7127.518738 7.503656e-16
7130.398800 7.761570e-16
7133.278862 7.860446e-16
7136.158925 8.031331e-16
7139.038987 8.364335e-16
7141.919049 8.151308e-16
7144.799112 7.627485e-16
7147.679174 7.312516e-16
7150.559236 7.432989e-16
7153.439299 7.628980e-16
7156.319361 7.678444e-16
7159.199423 8.188618e-16
7162.079486 8.425491e-16
7164.959548 7.869538e-16
7167.839610 7.619638e-16
7170.719673 7.682086e-16
7173.599735 7.659116e-16
7176.479797 7.879349e-16
7179.359860 7.621494e-16
7182.239922 7.470159e-16
7185.119984 7.921822e-16
7188.000047 7.715746e-16
7190.880109 7.625557e-16
7193.760171 8.126911e-16
7196.640234 8.360107e-16
7199.520296 8.240728e-16
7202.400358 8.008394e-16
7205.280421 7.807432e-16
7208.160483 8.093819e-16
7211.040545 8.473529e-16
7213.920608 8.245847e-16
7216.800670 7.985296e-16
7219.680732 7.912954e-16
7222.560795 8.168323e-16
7225.440857 8.345038e-16
7228.320920 8.086883e-16
7231.200982 7.633487e-16
7234.081044 7.496229e-16
7236.961107 7.738049e-16
7239.841169 7.903747e-16
7242.721231 8.135269e-16
7245.601294 8.464138e-16
7248.481356 8.156317e-16
7251.361418 8.004638e-16
7254.241481 8.116807e-16
7257.121543 8.029541e-16
7260.001605 8.116137e-16
7262.881668 8.134540e-16
7265.761730 7.845104e-16
7268.641792 7.630799e-16
7271.521855 7.486202e-16
7274.401917 7.621583e-16
7277.281979 8.137179e-16
7280.162042 7.988378e-16
7283.042104 7.834210e-16
7285.922166 7.718904e-16
7288.802229 7.619590e-16
7291.682291 7.485100e-16
7294.562353 7.336032e-16
7297.442416 7.377496e-16
7300.322478 7.312712e-16
7303.202540 7.203986e-16
7306.082603 7.433299e-16
7308.962665 7.641976e-16
7311.842727 7.501998e-16
7314.722790 7.434621e-16
7317.602852 7.633898e-16
7320.482914 7.763819e-16
7323.362977 7.372421e-16
7326.243039 7.351631e-16
7329.123101 7.548175e-16
7332.003164 7.708305e-16
7334.883226 7.852466e-16
7337.763288 7.612178e-16
7340.643351 7.448058e-16
7343.523413 7.346841e-16
7346.403476 7.271066e-16
7349.283538 7.174646e-16
7352.163600 7.623145e-16
7355.043663 7.882249e-16
7357.923725 7.786699e-16
7360.803787 7.640440e-16
7363.683850 7.354063e-16
7366.563912 7.045477e-16
7369.443974 7.102875e-16
7372.324037 7.453838e-16
7375.204099 7.327582e-16
7378.084161 7.079086e-16
7380.964224 7.369124e-16
7383.844286 7.965041e-16
7386.724348 8.111119e-16
7389.604411 7.664206e-16
7392.484473 7.495982e-16
7395.364535 7.290416e-16
7398.244598 6.756182e-16
7401.124660 6.754866e-16
7404.004722 7.088622e-16
7406.884785 7.299701e-16
7409.764847 7.160248e-16
7412.644909 6.905806e-16
7415.524972 6.839269e-16
7418.405034 7.124841e-16
7421.285096 7.458575e-16
7424.165159 7.538352e-16
7427.045221 7.311458e-16
7429.925283 6.840867e-16
7432.805346 6.609943e-16
7435.685408 6.997631e-16
7438.565470 7.380812e-16
7441.445533 7.170755e-16
7444.325595 6.754573e-16
7447.205657 6.903621e-16
7450.085720 7.215121e-16
7452.965782 7.257704e-16
7455.845845 7.128600e-16
7458.725907 6.883136e-16
7461.605969 6.885429e-16
7464.486032 7.021121e-16
7467.366094 6.751413e-16
7470.246156 6.794453e-16
7473.126219 6.898527e-16
7476.006281 6.838717e-16
7478.886343 6.615969e-16
7481.766406 6.198144e-16
7484.646468 6.175541e-16
7487.526530 6.736388e-16
7490.406593 7.071807e-16
7493.286655 6.740328e-16
7496.166717 6.390499e-16
7499.046780 6.565090e-16
7501.926842 6.835209e-16
7504.806904 6.793577e-16
7507.686967 6.439932e-16
7510.567029 5.984389e-16
7513.447091 5.890679e-16
7516.327154 5.847270e-16
7519.207216 6.104769e-16
7522.087278 6.127207e-16
7524.967341 5.382404e-16
7527.847403 5.459954e-16
7530.727465 6.049782e-16
7533.607528 6.056281e-16
7536.487590 6.093269e-16
7539.367652 6.499517e-16
7542.247715 6.674690e-16
7545.127777 6.177577e-16
7548.007839 5.710506e-16
7550.887902 5.678482e-16
7553.767964 5.690706e-16
7556.648026 5.706725e-16
7559.528089 5.726169e-16
7562.408151 5.718179e-16
7565.288213 5.899916e-16
7568.168276 5.755853e-16
7571.048338 5.706619e-16
7573.928401 5.852848e-16
7576.808463 5.822582e-16
7579.688525 5.653383e-16
7582.568588 5.425335e-16
7585.448650 5.254962e-16
7588.328712 5.270012e-16
7591.208775 5.260140e-16
7594.088837 4.846402e-16
7596.968899 4.611105e-16
7599.848962 3.814605e-16
7602.729024 3.637661e-16
7605.609086 3.869326e-16
7608.489149 4.182234e-16
7611.369211 5.130542e-16
7614.249273 5.598151e-16
7617.129336 4.845183e-16
7620.009398 4.286386e-16
7622.889460 4.759858e-16
7625.769523 4.917330e-16
7628.649585 4.521956e-16
7631.529647 4.331395e-16
7634.409710 4.891140e-16
7637.289772 4.950356e-16
7640.169834 4.520817e-16
7643.049897 4.584424e-16
7645.929959 4.796061e-16
7648.810021 4.897717e-16
7651.690084 4.938881e-16
7654.570146 4.772716e-16
7657.450208 5.335178e-16
7660.330271 5.603094e-16
7663.210333 5.523803e-16
7666.090395 5.753743e-16
7668.970458 5.727858e-16
7671.850520 5.460574e-16
7674.730582 5.489002e-16
7677.610645 5.595432e-16
7680.490707 5.656751e-16
7683.370770 5.427247e-16
7686.250832 5.413804e-16
7689.130894 5.408517e-16
7692.010957 5.434842e-16
7694.891019 5.493449e-16
7697.771081 5.770836e-16
7700.651144 5.868999e-16
7703.531206 5.618241e-16
7706.411268 5.649554e-16
7709.291331 5.858360e-16
7712.171393 5.822780e-16
7715.051455 5.580546e-16
7717.931518 5.442805e-16
7720.811580 6.065525e-16
7723.691642 6.201298e-16
7726.571705 6.240955e-16
7729.451767 6.480592e-16
7732.331829 6.307760e-16
7735.211892 6.396735e-16
7738.091954 6.389643e-16
7740.972016 6.128363e-16
7743.852079 6.073821e-16
7746.732141 5.843429e-16
7749.612203 5.740483e-16
7752.492266 5.577081e-16
7755.372328 5.472753e-16
7758.252390 5.753461e-16
7761.132453 5.946603e-16
7764.012515 5.967779e-16
7766.892577 6.164877e-16
7769.772640 6.293628e-16
7772.652702 6.482132e-16
7775.532764 6.466704e-16
7778.412827 6.383906e-16
7781.292889 6.391264e-16
7784.172951 6.244677e-16
7787.053014 5.794651e-16
7789.933076 5.684520e-16
7792.813138 6.195615e-16
7795.693201 6.536634e-16
7798.573263 6.565228e-16
7801.453326 6.294680e-16
7804.333388 6.209836e-16
7807.213450 6.211780e-16
7810.093513 6.209754e-16
7812.973575 6.429855e-16
7815.853637 6.488505e-16
7818.733700 6.452401e-16
7821.613762 6.675389e-16
7824.493824 6.632623e-16
7827.373887 6.420930e-16
7830.253949 6.314221e-16
7833.134011 6.483200e-16
7836.014074 6.576253e-16
7838.894136 6.421036e-16
7841.774198 6.292597e-16
7844.654261 6.119558e-16
7847.534323 6.107511e-16
7850.414385 6.357207e-16
7853.294448 6.196597e-16
7856.174510 6.184528e-16
7859.054572 6.624248e-16
7861.934635 6.362574e-16
7864.814697 6.156645e-16
7867.694759 6.069117e-16
7870.574822 6.099332e-16
7873.454884 6.123247e-16
7876.334946 6.006953e-16
7879.215009 6.324583e-16
7882.095071 6.511956e-16
7884.975133 6.309625e-16
7887.855196 6.191790e-16
7890.735258 6.175235e-16
7893.615320 6.330363e-16
7896.495383 6.782184e-16
7899.375445 6.651230e-16
7902.255507 6.186319e-16
7905.135570 6.144756e-16
7908.015632 6.062369e-16
7910.895694 6.126665e-16
7913.775757 6.078021e-16
7916.655819 6.082981e-16
7919.535882 6.089907e-16
7922.415944 6.101055e-16
7925.296006 5.946333e-16
7928.176069 5.896937e-16
7931.056131 6.016395e-16
7933.936193 5.981948e-16
7936.816256 6.064910e-16
7939.696318 6.151863e-16
7942.576380 6.003242e-16
7945.456443 5.461321e-16
7948.336505 5.558289e-16
7951.216567 5.968206e-16
7954.096630 5.958319e-16
7956.976692 5.826950e-16
7959.856754 5.576411e-16
7962.736817 5.191685e-16
7965.616879 5.148179e-16
7968.496941 5.202098e-16
7971.377004 5.387475e-16
7974.257066 5.313722e-16
7977.137128 5.773554e-16
7980.017191 6.017012e-16
7982.897253 5.905934e-16
7985.777315 5.939733e-16
7988.657378 5.605928e-16
7991.537440 5.215633e-16
7994.417502 5.124193e-16
7997.297565 5.296309e-16
8000.177627 5.609664e-16
8003.057689 5.975487e-16
8005.937752 5.565005e-16
8008.817814 5.068810e-16
8011.697876 5.170885e-16
8014.577939 5.244439e-16
8017.458001 5.166700e-16
8020.338063 5.067738e-16
8023.218126 4.819604e-16
8026.098188 4.364900e-16
8028.978251 4.200337e-16
8031.858313 4.597014e-16
8034.738375 4.760017e-16
8037.618438 4.707274e-16
8040.498500 5.144832e-16
8043.378562 5.365157e-16
8046.258625 4.827419e-16
8049.138687 4.721030e-16
8052.018749 4.848848e-16
8054.898812 4.803364e-16
8057.778874 4.602553e-16
8060.658936 4.492760e-16
8063.538999 4.640414e-16
8066.419061 4.661553e-16
8069.299123 4.555123e-16
8072.179186 4.674720e-16
8075.059248 4.636544e-16
8077.939310 4.497747e-16
8080.819373 4.340179e-16
8083.699435 4.301107e-16
8086.579497 4.127247e-16
8089.459560 3.969038e-16
8092.339622 4.143885e-16
8095.219684 4.294816e-16
8098.099747 4.399192e-16
8100.979809 4.504475e-16
8103.859871 3.931835e-16
8106.739934 3.874446e-16
8109.619996 3.771102e-16
8112.500058 3.902425e-16
8115.380121 4.039155e-16
8118.260183 4.070212e-16
8121.140245 4.225227e-16
8124.020308 4.007257e-16
8126.900370 3.870205e-16
8129.780432 4.158375e-16
8132.660495 4.132569e-16
8135.540557 3.791305e-16
8138.420619 3.857594e-16
8141.300682 3.828557e-16
8144.180744 3.482284e-16
8147.060807 3.678306e-16
8149.940869 4.115853e-16
8152.820931 3.910439e-16
8155.700994 3.837564e-16
8158.581056 3.955075e-16
8161.461118 3.703261e-16
8164.341181 3.644006e-16
8167.221243 3.894084e-16
8170.101305 3.792359e-16
8172.981368 3.229103e-16
8175.861430 3.014032e-16
8178.741492 3.594255e-16
8181.621555 4.127994e-16
8184.501617 4.138552e-16
8187.381679 3.903926e-16
8190.261742 3.737191e-16
8193.141804 3.529752e-16
8196.021866 3.483561e-16
8198.901929 3.819746e-16
8201.781991 4.345578e-16
8204.662053 4.631500e-16
8207.542116 4.089531e-16
8210.422178 3.202487e-16
8213.302240 2.961202e-16
8216.182303 3.030431e-16
8219.062365 3.028792e-16
8221.942427 2.535997e-16
8224.822490 1.988514e-16
8227.702552 2.289351e-16
8230.582614 2.801175e-16
8233.462677 2.987316e-16
8236.342739 3.395187e-16
8239.222801 3.690613e-16
8242.102864 3.526094e-16
8244.982926 3.230091e-16
8247.862988 3.031741e-16
8250.743051 2.743308e-16
8253.623113 2.380254e-16
8256.503175 2.316358e-16
8259.383238 2.509164e-16
8262.263300 2.673488e-16
8265.143363 2.861253e-16
8268.023425 2.832844e-16
8270.903487 2.596495e-16
8273.783550 2.617264e-16
8276.663612 2.712951e-16
8279.543674 2.556851e-16
8282.423737 2.549057e-16
8285.303799 2.701789e-16
8288.183861 2.779405e-16
8291.063924 2.480166e-16
8293.943986 2.486817e-16
8296.824048 2.586340e-16
8299.704111 2.576524e-16
8302.584173 2.748191e-16
8305.464235 2.640309e-16
8308.344298 2.222898e-16
8311.224360 2.199279e-16
8314.104422 2.388130e-16
8316.984485 2.527624e-16
8319.864547 2.548060e-16
8322.744609 2.405509e-16
8325.624672 2.231671e-16
8328.504734 2.224703e-16
8331.384796 2.515007e-16
8334.264859 2.778120e-16
8337.144921 2.520362e-16
8340.024983 2.820254e-16
8342.905046 3.321957e-16
8345.785108 3.388239e-16
8348.665170 3.331067e-16
8351.545233 3.084811e-16
8354.425295 2.807093e-16
8357.305357 2.856429e-16
8360.185420 2.673722e-16
8363.065482 2.879762e-16
8365.945544 3.140185e-16
8368.825607 3.128111e-16
8371.705669 2.920692e-16
8374.585732 2.849136e-16
8377.465794 3.219295e-16
8380.345856 3.530663e-16
8383.225919 3.228850e-16
8386.105981 2.778802e-16
8388.986043 2.526146e-16
8391.866106 2.425837e-16
8394.746168 2.529147e-16
8397.626230 2.642663e-16
8400.506293 2.789825e-16
8403.386355 3.101047e-16
8406.266417 3.259156e-16
8409.146480 3.269124e-16
8412.026542 3.404287e-16
8414.906604 3.305740e-16
8417.786667 2.980885e-16
8420.666729 2.965504e-16
8423.546791 3.178925e-16
8426.426854 3.122235e-16
8429.306916 2.608275e-16
8432.186978 2.210109e-16
8435.067041 2.703403e-16
8437.947103 3.187832e-16
8440.827165 3.811621e-16
8443.707228 3.661129e-16
8446.587290 3.328560e-16
8449.467352 3.483884e-16
8452.347415 3.415048e-16
8455.227477 3.424268e-16
8458.107539 3.656966e-16
8460.987602 3.735491e-16
8463.867664 3.411637e-16
8466.747726 3.213378e-16
8469.627789 3.368480e-16
8472.507851 3.619230e-16
8475.387913 3.788751e-16
8478.267976 4.032566e-16
8481.148038 4.265564e-16
8484.028100 3.971125e-16
8486.908163 4.132870e-16
8489.788225 4.525091e-16
8492.668288 4.349202e-16
8495.548350 3.893049e-16
8498.428412 3.782496e-16
8501.308475 3.880271e-16
8504.188537 3.829212e-16
8507.068599 3.900280e-16
8509.948662 4.022768e-16
8512.828724 4.204891e-16
8515.708786 4.357746e-16
8518.588849 4.816139e-16
8521.468911 5.027708e-16
8524.348973 4.789896e-16
8527.229036 4.872579e-16
8530.109098 4.667859e-16
8532.989160 4.458737e-16
8535.869223 4.669382e-16
8538.749285 4.959003e-16
8541.629347 4.693539e-16
8544.509410 4.326654e-16
8547.389472 4.613665e-16
8550.269534 5.177202e-16
8553.149597 5.417519e-16
8556.029659 5.394279e-16
8558.909721 5.408412e-16
8561.789784 5.397417e-16
8564.669846 5.537231e-16
8567.549908 5.443130e-16
8570.429971 5.176944e-16
8573.310033 5.280206e-16
8576.190095 5.060893e-16
8579.070158 4.575220e-16
8581.950220 4.941185e-16
8584.830282 4.986369e-16
8587.710345 5.078861e-16
8590.590407 5.400803e-16
8593.470469 5.601450e-16
8596.350532 5.807907e-16
8599.230594 5.460262e-16
8602.110656 5.118337e-16
8604.990719 5.416010e-16
8607.870781 5.233521e-16
8610.750844 4.832887e-16
8613.630906 5.049020e-16
8616.510968 5.427356e-16
8619.391031 5.540948e-16
8622.271093 5.443135e-16
8625.151155 5.006284e-16
8628.031218 4.978651e-16
8630.911280 5.319488e-16
8633.791342 5.749131e-16
8636.671405 5.615670e-16
8639.551467 5.567924e-16
8642.431529 5.948751e-16
8645.311592 5.691381e-16
8648.191654 5.793266e-16
8651.071716 6.134793e-16
8653.951779 5.792817e-16
8656.831841 5.537348e-16
8659.711903 5.542012e-16
8662.591966 5.171725e-16
8665.472028 5.015575e-16
8668.352090 5.724989e-16
8671.232153 6.127894e-16
8674.112215 5.667440e-16
8676.992277 5.846686e-16
8679.872340 6.240899e-16
8682.752402 6.160900e-16
8685.632464 5.886043e-16
8688.512527 5.831668e-16
8691.392589 6.102577e-16
8694.272651 5.884818e-16
8697.152714 5.373446e-16
8700.032776 5.465089e-16
8702.912838 6.067379e-16
8705.792901 6.374784e-16
8708.672963 6.456493e-16
8711.553025 6.441498e-16
8714.433088 6.069869e-16
8717.313150 6.134109e-16
8720.193213 6.370598e-16
8723.073275 6.124598e-16
8725.953337 5.930341e-16
8728.833400 5.823975e-16
8731.713462 5.513362e-16
8734.593524 5.421013e-16
8737.473587 5.532412e-16
8740.353649 5.480139e-16
8743.233711 5.847881e-16
8746.113774 5.955775e-16
8748.993836 5.982650e-16
8751.873898 6.138513e-16
8754.753961 6.211479e-16
8757.634023 6.395461e-16
8760.514085 6.436081e-16
8763.394148 6.248992e-16
8766.274210 6.186377e-16
8769.154272 5.981804e-16
8772.034335 5.711424e-16
8774.914397 5.917403e-16
8777.794459 6.270504e-16
8780.674522 6.012593e-16
8783.554584 5.594950e-16
8786.434646 5.845054e-16
8789.314709 6.314623e-16
8792.194771 6.491248e-16
8795.074833 6.540294e-16
8797.954896 6.300571e-16
8800.834958 6.151683e-16
8803.715020 6.546448e-16
8806.595083 6.199661e-16
8809.475145 5.352908e-16
8812.355207 5.257184e-16
8815.235270 5.303095e-16
8818.115332 5.380531e-16
8820.995394 5.757054e-16
8823.875457 5.915029e-16
8826.755519 5.944721e-16
8829.635581 6.018865e-16
8832.515644 5.760232e-16
8835.395706 6.029406e-16
8838.275769 6.244219e-16
8841.155831 5.982791e-16
8844.035893 5.821750e-16
8846.915956 5.774696e-16
8849.796018 5.786408e-16
8852.676080 5.653525e-16
8855.556143 5.353044e-16
8858.436205 5.267710e-16
8861.316267 5.316270e-16
8864.196330 5.272294e-16
8867.076392 5.364705e-16
8869.956454 5.820318e-16
8872.836517 6.212992e-16
8875.716579 5.820444e-16
8878.596641 5.393847e-16
8881.476704 6.005638e-16
8884.356766 6.467661e-16
8887.236828 5.926857e-16
8890.116891 5.096302e-16
8892.996953 4.287762e-16
8895.877015 4.263443e-16
8898.757078 4.903557e-16
8901.637140 5.426138e-16
8904.517202 5.284421e-16
8907.397265 4.809054e-16
8910.277327 4.681968e-16
8913.157389 4.680814e-16
8916.037452 4.517416e-16
8918.917514 5.115180e-16
8921.797576 5.745840e-16
8924.677639 5.368007e-16
8927.557701 4.734154e-16
8930.437763 4.572092e-16
8933.317826 4.570581e-16
8936.197888 4.415610e-16
8939.077950 4.160051e-16
8941.958013 4.641601e-16
8944.838075 4.883505e-16
8947.718138 4.768356e-16
8950.598200 4.641405e-16
8953.478262 4.553353e-16
8956.358325 4.974352e-16
8959.238387 5.231451e-16
8962.118449 4.736435e-16
8964.998512 4.232178e-16
8967.878574 3.893487e-16
8970.758636 3.730769e-16
8973.638699 3.687234e-16
8976.518761 3.708254e-16
8979.398823 4.094332e-16
8982.278886 4.138659e-16
8985.158948 3.816454e-16
8988.039010 3.607664e-16
8990.919073 3.713486e-16
8993.799135 3.819836e-16
8996.679197 3.962148e-16
8999.559260 4.351527e-16
9002.439322 4.108810e-16
9005.319384 3.513123e-16
9008.199447 3.498160e-16
9011.079509 3.293079e-16
9013.959571 2.787479e-16
9016.839634 2.952642e-16
9019.719696 3.435296e-16
9022.599758 3.339616e-16
9025.479821 3.109449e-16
9028.359883 3.744709e-16
9031.239945 4.374795e-16
9034.120008 4.251712e-16
