3400.000000 1.439750e-15
3405.000000 1.483900e-15
3410.000000 1.184300e-15
3415.000000 1.339850e-15
3420.000000 1.407360e-15
3425.000000 1.313090e-15
3430.000000 1.482430e-15
3435.000000 1.359790e-15
3440.000000 1.505180e-15
3445.000000 1.506510e-15
3450.000000 1.496100e-15
3455.000000 1.631740e-15
3460.000000 1.682830e-15
3465.000000 1.964420e-15
3470.000000 1.873740e-15
3475.000000 1.963630e-15
3480.000000 2.099490e-15
3485.000000 2.406020e-15
3490.000000 2.811630e-15
3495.000000 3.063500e-15
3500.000000 2.919170e-15
3505.000000 2.835680e-15
3510.000000 2.770210e-15
3515.000000 2.598650e-15
3520.000000 2.410590e-15
3525.000000 2.055610e-15
3530.000000 1.891690e-15
3535.000000 1.812450e-15
3540.000000 1.911040e-15
3545.000000 1.954230e-15
3550.000000 1.829580e-15
3555.000000 1.772860e-15
3560.000000 1.814710e-15
3565.000000 2.025060e-15
3570.000000 2.261810e-15
3575.000000 2.297230e-15
3580.000000 2.253000e-15
3585.000000 2.213680e-15
3590.000000 2.252640e-15
3595.000000 2.157830e-15
3600.000000 2.249930e-15
3605.000000 2.431990e-15
3610.000000 2.541620e-15
3615.000000 2.518580e-15
3620.000000 2.463930e-15
3625.000000 2.228640e-15
3630.000000 2.171380e-15
3635.000000 2.152030e-15
3640.000000 2.051830e-15
3645.000000 2.122330e-15
3650.000000 2.488300e-15
3655.000000 2.702180e-15
3660.000000 2.657810e-15
3665.000000 2.694170e-15
3670.000000 2.636450e-15
3675.000000 2.549880e-15
3680.000000 2.549510e-15
3685.000000 2.466090e-15
3690.000000 2.273140e-15
3695.000000 2.027860e-15
3700.000000 1.824440e-15
3705.000000 1.681570e-15
3710.000000 1.551180e-15
3715.000000 1.647460e-15
3720.000000 1.773770e-15
3725.000000 2.160140e-15
3730.000000 2.608700e-15
3735.000000 2.956090e-15
3740.000000 3.337860e-15
3745.000000 3.808160e-15
3750.000000 4.037520e-15
3755.000000 4.372450e-15
3760.000000 4.238580e-15
3765.000000 4.361850e-15
3770.000000 4.547760e-15
3775.000000 4.233420e-15
3780.000000 4.295030e-15
3785.000000 4.262610e-15
3790.000000 3.997740e-15
3795.000000 3.723580e-15
3800.000000 3.570810e-15
3805.000000 3.647390e-15
3810.000000 4.134240e-15
3815.000000 4.672580e-15
3820.000000 5.132530e-15
3825.000000 5.277660e-15
3830.000000 5.500640e-15
3835.000000 5.340490e-15
3840.000000 4.826310e-15
3845.000000 4.135780e-15
3850.000000 3.503120e-15
3855.000000 2.824090e-15
3860.000000 2.326350e-15
3865.000000 1.843070e-15
3870.000000 1.536250e-15
3875.000000 1.356900e-15
3880.000000 1.355400e-15
3885.000000 1.488240e-15
3890.000000 1.593290e-15
3895.000000 1.679940e-15
3900.000000 1.722080e-15
3905.000000 1.807910e-15
3910.000000 1.978140e-15
3915.000000 2.159060e-15
3920.000000 2.391220e-15
3925.000000 2.715280e-15
3930.000000 3.051310e-15
3935.000000 3.798800e-15
3940.000000 4.648730e-15
3945.000000 6.095670e-15
3950.000000 7.078770e-15
3955.000000 7.802070e-15
3960.000000 8.132890e-15
3965.000000 8.055980e-15
3970.000000 7.762640e-15
3975.000000 7.406320e-15
3980.000000 7.537660e-15
3985.000000 7.509460e-15
3990.000000 7.388770e-15
3995.000000 7.480080e-15
4000.000000 7.294450e-15
4005.000000 7.063730e-15
4010.000000 6.836830e-15
4015.000000 6.362110e-15
4020.000000 6.274570e-15
4025.000000 6.381700e-15
4030.000000 6.209740e-15
4035.000000 6.008340e-15
4040.000000 5.857660e-15
4045.000000 5.882940e-15
4050.000000 5.752410e-15
4055.000000 5.433980e-15
4060.000000 5.030450e-15
4065.000000 5.058970e-15
4070.000000 5.737500e-15
4075.000000 6.354490e-15
4080.000000 6.859990e-15
4085.000000 7.113970e-15
4090.000000 7.245320e-15
4095.000000 7.321580e-15
4100.000000 7.562130e-15
4105.000000 7.587300e-15
4110.000000 7.497500e-15
4115.000000 7.226530e-15
4120.000000 6.775070e-15
4125.000000 6.091780e-15
4130.000000 5.484580e-15
4135.000000 5.044180e-15
4140.000000 5.048230e-15
4145.000000 5.452480e-15
4150.000000 6.044410e-15
4155.000000 6.547930e-15
4160.000000 6.897730e-15
4165.000000 6.905450e-15
4170.000000 6.719780e-15
4175.000000 6.456050e-15
4180.000000 5.977380e-15
4185.000000 5.500170e-15
4190.000000 5.058640e-15
4195.000000 4.670820e-15
4200.000000 4.590580e-15
4205.000000 4.661750e-15
4210.000000 4.985720e-15
4215.000000 5.480830e-15
4220.000000 5.800790e-15
4225.000000 5.930700e-15
4230.000000 6.056790e-15
4235.000000 5.492110e-15
4240.000000 4.913680e-15
4245.000000 4.126470e-15
4250.000000 3.420240e-15
4255.000000 3.035100e-15
4260.000000 2.873570e-15
4265.000000 2.889830e-15
4270.000000 2.988420e-15
4275.000000 3.107780e-15
4280.000000 3.223900e-15
4285.000000 3.396220e-15
4290.000000 3.437000e-15
4295.000000 3.551470e-15
4300.000000 3.932160e-15
4305.000000 4.346200e-15
4310.000000 4.839140e-15
4315.000000 5.420130e-15
4320.000000 5.864790e-15
4325.000000 6.134570e-15
4330.000000 5.940670e-15
4335.000000 5.662060e-15
4340.000000 5.360220e-15
4345.000000 4.925280e-15
4350.000000 4.632250e-15
4355.000000 4.482740e-15
4360.000000 4.637400e-15
4365.000000 4.995970e-15
4370.000000 5.086640e-15
4375.000000 5.146720e-15
4380.000000 5.303670e-15
4385.000000 5.653840e-15
4390.000000 5.875630e-15
4395.000000 5.680620e-15
4400.000000 5.456560e-15
4405.000000 5.427790e-15
4410.000000 5.405770e-15
4415.000000 5.290020e-15
4420.000000 5.175570e-15
4425.000000 5.205800e-15
4430.000000 5.191290e-15
4435.000000 5.331800e-15
4440.000000 5.331930e-15
4445.000000 5.162830e-15
4450.000000 4.903170e-15
4455.000000 4.653450e-15
4460.000000 4.603840e-15
4465.000000 4.532400e-15
4470.000000 4.287430e-15
4475.000000 4.077840e-15
4480.000000 3.843230e-15
4485.000000 3.762030e-15
4490.000000 3.649510e-15
4495.000000 3.579590e-15
4500.000000 3.525550e-15
4505.000000 3.449170e-15
4510.000000 3.418110e-15
4515.000000 3.458030e-15
4520.000000 3.484540e-15
4525.000000 3.555410e-15
4530.000000 3.836620e-15
4535.000000 4.033120e-15
4540.000000 4.299080e-15
4545.000000 4.747240e-15
4550.000000 5.218210e-15
4555.000000 6.033420e-15
4560.000000 6.623190e-15
4565.000000 7.035420e-15
4570.000000 7.137280e-15
4575.000000 6.882680e-15
4580.000000 6.700850e-15
4585.000000 6.559720e-15
4590.000000 6.421800e-15
4595.000000 6.480050e-15
4600.000000 6.808240e-15
4605.000000 6.981380e-15
4610.000000 7.105250e-15
4615.000000 7.006950e-15
4620.000000 6.973850e-15
4625.000000 6.872230e-15
4630.000000 6.901140e-15
4635.000000 7.038150e-15
4640.000000 7.092370e-15
4645.000000 7.095740e-15
4650.000000 7.173410e-15
4655.000000 7.075360e-15
4660.000000 6.959580e-15
4665.000000 6.855380e-15
4670.000000 6.799510e-15
4675.000000 6.762340e-15
4680.000000 6.640360e-15
4685.000000 6.437640e-15
4690.000000 6.383780e-15
4695.000000 6.351370e-15
4700.000000 6.428760e-15
4705.000000 6.502930e-15
4710.000000 6.389110e-15
4715.000000 6.415080e-15
4720.000000 6.393020e-15
4725.000000 6.290900e-15
4730.000000 6.195360e-15
4735.000000 6.056850e-15
4740.000000 5.869900e-15
4745.000000 5.662890e-15
4750.000000 5.295340e-15
4755.000000 4.893460e-15
4760.000000 4.380770e-15
4765.000000 4.210300e-15
4770.000000 4.251830e-15
4775.000000 4.107040e-15
4780.000000 3.881340e-15
4785.000000 3.739290e-15
4790.000000 3.545330e-15
4795.000000 3.340170e-15
4800.000000 3.060020e-15
4805.000000 3.006460e-15
4810.000000 3.142660e-15
4815.000000 3.711580e-15
4820.000000 4.528230e-15
4825.000000 5.405480e-15
4830.000000 6.228370e-15
4835.000000 6.892740e-15
4840.000000 7.363530e-15
4845.000000 7.695590e-15
4850.000000 7.909630e-15
4855.000000 7.740910e-15
4860.000000 7.302570e-15
4865.000000 6.777610e-15
4870.000000 6.421060e-15
4875.000000 5.815020e-15
4880.000000 5.785420e-15
4885.000000 6.080750e-15
4890.000000 6.516760e-15
4895.000000 6.947450e-15
4900.000000 7.353250e-15
4905.000000 7.578510e-15
4910.000000 7.732890e-15
4915.000000 7.899170e-15
4920.000000 7.969180e-15
4925.000000 7.923780e-15
4930.000000 7.688390e-15
4935.000000 7.414270e-15
4940.000000 7.248970e-15
4945.000000 6.585740e-15
4950.000000 6.075390e-15
4955.000000 5.384400e-15
4960.000000 4.723870e-15
4965.000000 4.301760e-15
4970.000000 4.121220e-15
4975.000000 4.288840e-15
4980.000000 4.712350e-15
4985.000000 5.306830e-15
4990.000000 5.934300e-15
4995.000000 6.303550e-15
5000.000000 6.641250e-15
5005.000000 7.039530e-15
5010.000000 7.238080e-15
5015.000000 7.323220e-15
5020.000000 7.390180e-15
5025.000000 7.426870e-15
5030.000000 7.251900e-15
5035.000000 7.322080e-15
5040.000000 7.125920e-15
5045.000000 7.019850e-15
5050.000000 6.785150e-15
5055.000000 6.692820e-15
5060.000000 6.424480e-15
5065.000000 6.279520e-15
5070.000000 6.091830e-15
5075.000000 5.871260e-15
5080.000000 5.617870e-15
5085.000000 5.435240e-15
5090.000000 5.133960e-15
5095.000000 4.768160e-15
5100.000000 4.356410e-15
5105.000000 3.940070e-15
5110.000000 3.531370e-15
5115.000000 3.347650e-15
5120.000000 3.356120e-15
5125.000000 3.593740e-15
5130.000000 3.908630e-15
5135.000000 4.258720e-15
5140.000000 4.625670e-15
5145.000000 4.991220e-15
5150.000000 5.393120e-15
5155.000000 5.655250e-15
5160.000000 6.072920e-15
5165.000000 6.308600e-15
5170.000000 6.455160e-15
5175.000000 6.291290e-15
5180.000000 6.219330e-15
5185.000000 6.165880e-15
5190.000000 5.994720e-15
5195.000000 6.199000e-15
5200.000000 6.422380e-15
5205.000000 6.374000e-15
5210.000000 6.223620e-15
5215.000000 6.066720e-15
5220.000000 5.954540e-15
5225.000000 5.682570e-15
5230.000000 5.610450e-15
5235.000000 5.680390e-15
5240.000000 5.830120e-15
5245.000000 5.882430e-15
5250.000000 5.818520e-15
5255.000000 5.688530e-15
5260.000000 5.490470e-15
5265.000000 5.348700e-15
5270.000000 5.236580e-15
5275.000000 5.447690e-15
5280.000000 5.582420e-15
5285.000000 5.730610e-15
5290.000000 5.934440e-15
5295.000000 6.166210e-15
5300.000000 6.154750e-15
5305.000000 6.426750e-15
5310.000000 6.287810e-15
5315.000000 6.328270e-15
5320.000000 6.447030e-15
5325.000000 6.485670e-15
5330.000000 6.557950e-15
5335.000000 6.693870e-15
5340.000000 6.642810e-15
5345.000000 6.514290e-15
5350.000000 6.445580e-15
5355.000000 6.363340e-15
5360.000000 6.239790e-15
5365.000000 6.141920e-15
5370.000000 6.168130e-15
5375.000000 6.052530e-15
5380.000000 6.055910e-15
5385.000000 6.033000e-15
5390.000000 6.003340e-15
5395.000000 5.892360e-15
5400.000000 6.110820e-15
5405.000000 5.927900e-15
5410.000000 6.023860e-15
5415.000000 5.968190e-15
5420.000000 5.904030e-15
5425.000000 5.844170e-15
5430.000000 5.883250e-15
5435.000000 5.820690e-15
5440.000000 5.757780e-15
5445.000000 5.736350e-15
5450.000000 5.605190e-15
5455.000000 5.572550e-15
5460.000000 5.479570e-15
5465.000000 5.371490e-15
5470.000000 5.344370e-15
5475.000000 5.289370e-15
5480.000000 5.257240e-15
5485.000000 5.256120e-15
5490.000000 5.312350e-15
5495.000000 5.396250e-15
5500.000000 5.460030e-15
5505.000000 5.622410e-15
5510.000000 5.781810e-15
5515.000000 5.819400e-15
5520.000000 5.839770e-15
5525.000000 5.680730e-15
5530.000000 5.776070e-15
5535.000000 5.655650e-15
5540.000000 5.703460e-15
5545.000000 5.443270e-15
5550.000000 5.513810e-15
5555.000000 5.551730e-15
5560.000000 5.487570e-15
5565.000000 5.481190e-15
5570.000000 5.362360e-15
5575.000000 5.248040e-15
5580.000000 5.293100e-15
5585.000000 5.154360e-15
5590.000000 5.112470e-15
5595.000000 5.094020e-15
5600.000000 5.006080e-15
5605.000000 4.944220e-15
5610.000000 4.952080e-15
5615.000000 4.939910e-15
5620.000000 4.993180e-15
5625.000000 5.026080e-15
5630.000000 5.051820e-15
5635.000000 5.049370e-15
5640.000000 5.083430e-15
5645.000000 5.120340e-15
5650.000000 5.138540e-15
5655.000000 5.192460e-15
5660.000000 5.226770e-15
5665.000000 5.227570e-15
5670.000000 5.223180e-15
5675.000000 5.193850e-15
5680.000000 5.125600e-15
5685.000000 5.149120e-15
5690.000000 5.177650e-15
5695.000000 5.153470e-15
5700.000000 5.116500e-15
5705.000000 5.044190e-15
5710.000000 4.992300e-15
5715.000000 4.976200e-15
5720.000000 5.000820e-15
5725.000000 4.987360e-15
5730.000000 4.886390e-15
5735.000000 4.795160e-15
5740.000000 4.772340e-15
5745.000000 4.659750e-15
5750.000000 4.579140e-15
5755.000000 4.508610e-15
5760.000000 4.432450e-15
5765.000000 4.435550e-15
5770.000000 4.439350e-15
5775.000000 4.431370e-15
5780.000000 4.491220e-15
5785.000000 4.563500e-15
5790.000000 4.612980e-15
5795.000000 4.655090e-15
5800.000000 4.591440e-15
5805.000000 4.503650e-15
5810.000000 4.493400e-15
5815.000000 4.407640e-15
5820.000000 4.312740e-15
5825.000000 4.165570e-15
5830.000000 4.009740e-15
5835.000000 3.891970e-15
5840.000000 3.871650e-15
5845.000000 3.994440e-15
5850.000000 4.130860e-15
5855.000000 4.270500e-15
5860.000000 4.440940e-15
5865.000000 4.618370e-15
5870.000000 4.782170e-15
5875.000000 4.892040e-15
5880.000000 4.976120e-15
5885.000000 5.043550e-15
5890.000000 5.039720e-15
5895.000000 4.969870e-15
5900.000000 4.966090e-15
5905.000000 5.065330e-15
5910.000000 5.124750e-15
5915.000000 5.124050e-15
5920.000000 5.049680e-15
5925.000000 5.017490e-15
5930.000000 4.971870e-15
5935.000000 4.928030e-15
5940.000000 4.833530e-15
5945.000000 4.781730e-15
5950.000000 4.800980e-15
5955.000000 4.878320e-15
5960.000000 4.866430e-15
5965.000000 4.825080e-15
5970.000000 4.790780e-15
5975.000000 4.804670e-15
5980.000000 4.756280e-15
5985.000000 4.783290e-15
5990.000000 4.791400e-15
5995.000000 4.765860e-15
6000.000000 4.727910e-15
6005.000000 4.732330e-15
6010.000000 4.766800e-15
6015.000000 4.749490e-15
6020.000000 4.633800e-15
6025.000000 4.613940e-15
6030.000000 4.629300e-15
6035.000000 4.623640e-15
6040.000000 4.609390e-15
6045.000000 4.592120e-15
6050.000000 4.608580e-15
6055.000000 4.643730e-15
6060.000000 4.605780e-15
6065.000000 4.560880e-15
6070.000000 4.552550e-15
6075.000000 4.500780e-15
6080.000000 4.469850e-15
6085.000000 4.459430e-15
6090.000000 4.388810e-15
6095.000000 4.376680e-15
6100.000000 4.424440e-15
6105.000000 4.427560e-15
6110.000000 4.508400e-15
6115.000000 4.557260e-15
6120.000000 4.573530e-15
6125.000000 4.584300e-15
6130.000000 4.601410e-15
6135.000000 4.593240e-15
6140.000000 4.626550e-15
6145.000000 4.644350e-15
6150.000000 4.644400e-15
6155.000000 4.572170e-15
6160.000000 4.467470e-15
6165.000000 4.493990e-15
6170.000000 4.474160e-15
6175.000000 4.365060e-15
6180.000000 4.261500e-15
6185.000000 4.182650e-15
6190.000000 4.183480e-15
6195.000000 4.230870e-15
6200.000000 4.320640e-15
6205.000000 4.375170e-15
6210.000000 4.464070e-15
6215.000000 4.492720e-15
6220.000000 4.505950e-15
6225.000000 4.536900e-15
6230.000000 4.558850e-15
6235.000000 4.588820e-15
6240.000000 4.599490e-15
6245.000000 4.612870e-15
6250.000000 4.626450e-15
6255.000000 4.621430e-15
6260.000000 4.547020e-15
6265.000000 4.448930e-15
6270.000000 4.369870e-15
6275.000000 4.303630e-15
6280.000000 4.238500e-15
6285.000000 4.157220e-15
6290.000000 4.045510e-15
6295.000000 3.951180e-15
6300.000000 3.927590e-15
6305.000000 3.943530e-15
6310.000000 3.904100e-15
6315.000000 3.854910e-15
6320.000000 3.825180e-15
6325.000000 3.869690e-15
6330.000000 3.940940e-15
6335.000000 4.011930e-15
6340.000000 4.080940e-15
6345.000000 4.112790e-15
6350.000000 4.123720e-15
6355.000000 4.109590e-15
6360.000000 4.097630e-15
6365.000000 4.092090e-15
6370.000000 4.098020e-15
6375.000000 4.038560e-15
6380.000000 4.030260e-15
6385.000000 3.937110e-15
6390.000000 3.834330e-15
6395.000000 3.754810e-15
6400.000000 3.660190e-15
6405.000000 3.573350e-15
6410.000000 3.446180e-15
6415.000000 3.253110e-15
6420.000000 3.023100e-15
6425.000000 2.759820e-15
6430.000000 2.477530e-15
6435.000000 2.249880e-15
6440.000000 2.146640e-15
6445.000000 2.045380e-15
6450.000000 1.956260e-15
6455.000000 1.897740e-15
6460.000000 1.849550e-15
6465.000000 1.822460e-15
6470.000000 1.860110e-15
6475.000000 1.960700e-15
6480.000000 2.142120e-15
6485.000000 2.463380e-15
6490.000000 2.934620e-15
6495.000000 3.466210e-15
6500.000000 4.153250e-15
6505.000000 4.897250e-15
6510.000000 5.511230e-15
6515.000000 6.088800e-15
6520.000000 6.684470e-15
6525.000000 7.287000e-15
6530.000000 7.672430e-15
6535.000000 7.987030e-15
6540.000000 8.274210e-15
6545.000000 8.421450e-15
6550.000000 8.538150e-15
6555.000000 8.555590e-15
6560.000000 8.620170e-15
6565.000000 8.605110e-15
6570.000000 8.517190e-15
6575.000000 8.471350e-15
6580.000000 8.281440e-15
6585.000000 8.059810e-15
6590.000000 7.895840e-15
6595.000000 7.670930e-15
6600.000000 7.417250e-15
6605.000000 7.163830e-15
6610.000000 6.909620e-15
6615.000000 6.642190e-15
6620.000000 6.405590e-15
6625.000000 6.205590e-15
6630.000000 5.996860e-15
6635.000000 5.820140e-15
6640.000000 5.649460e-15
6645.000000 5.481750e-15
6650.000000 5.333040e-15
6655.000000 5.188540e-15
6660.000000 5.092110e-15
6665.000000 5.012560e-15
6670.000000 4.887690e-15
6675.000000 4.729690e-15
6680.000000 4.612140e-15
6685.000000 4.475360e-15
6690.000000 4.343910e-15
6695.000000 4.285980e-15
6700.000000 4.216630e-15
6705.000000 4.138050e-15
6710.000000 4.079690e-15
6715.000000 3.991830e-15
6720.000000 3.965930e-15
6725.000000 3.949760e-15
6730.000000 3.897130e-15
6735.000000 3.847230e-15
6740.000000 3.838370e-15
6745.000000 3.817120e-15
6750.000000 3.788190e-15
6755.000000 3.769660e-15
6760.000000 3.745690e-15
6765.000000 3.709390e-15
6770.000000 3.702420e-15
6775.000000 3.696030e-15
6780.000000 3.722960e-15
6785.000000 3.734240e-15
6790.000000 3.715030e-15
6795.000000 3.674920e-15
6800.000000 3.661980e-15
6805.000000 3.671840e-15
6810.000000 3.672690e-15
6815.000000 3.647610e-15
6820.000000 3.638840e-15
6825.000000 3.645410e-15
6830.000000 3.616240e-15
6835.000000 3.600410e-15
6840.000000 3.604170e-15
6845.000000 3.589900e-15
6850.000000 3.577560e-15
6855.000000 3.569570e-15
6860.000000 3.545830e-15
6865.000000 3.496320e-15
6870.000000 3.447770e-15
6875.000000 3.539870e-15
6880.000000 3.605540e-15
6885.000000 3.517600e-15
6890.000000 3.489930e-15
6895.000000 3.564470e-15
6900.000000 3.516590e-15
6905.000000 3.483110e-15
6910.000000 3.506470e-15
6915.000000 3.468410e-15
6920.000000 3.472530e-15
6925.000000 3.476210e-15
6930.000000 3.423830e-15
6935.000000 3.404210e-15
6940.000000 3.438230e-15
6945.000000 3.437370e-15
6950.000000 3.380190e-15
6955.000000 3.376020e-15
6960.000000 3.400100e-15
6965.000000 3.442110e-15
6970.000000 3.470850e-15
6975.000000 3.464000e-15
6980.000000 3.445490e-15
6985.000000 3.419120e-15
6990.000000 3.399180e-15
6995.000000 3.409400e-15
7000.000000 3.421240e-15
7005.000000 3.420070e-15
7010.000000 3.402720e-15
7015.000000 3.401810e-15
7020.000000 3.403330e-15
7025.000000 3.406450e-15
7030.000000 3.432320e-15
7035.000000 3.423680e-15
7040.000000 3.370230e-15
7045.000000 3.315110e-15
7050.000000 3.324580e-15
7055.000000 3.362610e-15
7060.000000 3.332910e-15
7065.000000 3.310960e-15
7070.000000 3.330020e-15
7075.000000 3.303540e-15
7080.000000 3.308800e-15
7085.000000 3.339080e-15
7090.000000 3.307620e-15
7095.000000 3.299520e-15
7100.000000 3.307360e-15
7105.000000 3.300920e-15
7110.000000 3.308450e-15
7115.000000 3.306590e-15
7120.000000 3.328370e-15
7125.000000 3.325050e-15
7130.000000 3.291410e-15
7135.000000 3.281850e-15
7140.000000 3.289270e-15
7145.000000 3.261960e-15
7150.000000 3.232920e-15
7155.000000 3.215580e-15
7160.000000 3.205130e-15
7165.000000 3.183430e-15
7170.000000 3.167860e-15
7175.000000 3.209270e-15
7180.000000 3.250340e-15
7185.000000 3.251560e-15
7190.000000 3.258630e-15
7195.000000 3.281670e-15
7200.000000 3.282800e-15
7205.000000 3.275260e-15
7210.000000 3.302840e-15
7215.000000 3.258490e-15
7220.000000 3.179660e-15
7225.000000 3.178550e-15
7230.000000 3.195450e-15
7235.000000 3.228240e-15
7240.000000 3.235010e-15
7245.000000 3.207330e-15
7250.000000 3.206920e-15
7255.000000 3.199080e-15
7260.000000 3.217370e-15
7265.000000 3.251840e-15
7270.000000 3.243350e-15
7275.000000 3.233040e-15
7280.000000 3.268310e-15
7285.000000 3.289210e-15
7290.000000 3.248400e-15
7295.000000 3.247490e-15
7300.000000 3.243040e-15
7305.000000 3.242730e-15
7310.000000 3.230270e-15
7315.000000 3.207430e-15
7320.000000 3.211290e-15
7325.000000 3.188620e-15
7330.000000 3.187230e-15
7335.000000 3.213750e-15
7340.000000 3.213300e-15
7345.000000 3.183930e-15
7350.000000 3.150840e-15
7355.000000 3.128900e-15
7360.000000 3.123660e-15
7365.000000 3.129750e-15
7370.000000 3.122800e-15
7375.000000 3.114130e-15
7380.000000 3.088680e-15
7385.000000 3.072420e-15
7390.000000 3.089000e-15
7395.000000 3.066720e-15
7400.000000 3.056320e-15
7405.000000 3.076060e-15
7410.000000 3.078610e-15
7415.000000 3.092210e-15
7420.000000 3.102650e-15
7425.000000 3.111390e-15
7430.000000 3.130520e-15
7435.000000 3.115720e-15
7440.000000 3.137830e-15
7445.000000 3.146890e-15
7450.000000 3.117240e-15
7455.000000 3.115770e-15
7460.000000 3.118320e-15
7465.000000 3.109930e-15
7470.000000 3.120950e-15
7475.000000 3.166520e-15
7480.000000 3.133070e-15
7485.000000 3.081470e-15
7490.000000 3.109720e-15
7495.000000 3.119640e-15
7500.000000 3.110320e-15
7505.000000 3.095290e-15
7510.000000 3.099990e-15
7515.000000 3.086320e-15
7520.000000 3.067130e-15
7525.000000 3.055320e-15
7530.000000 3.041110e-15
7535.000000 3.030660e-15
7540.000000 2.997870e-15
7545.000000 2.986320e-15
7550.000000 2.990960e-15
7555.000000 2.972610e-15
7560.000000 2.975710e-15
7565.000000 2.989800e-15
7570.000000 2.979360e-15
7575.000000 2.965290e-15
7580.000000 2.926170e-15
7585.000000 2.891490e-15
7590.000000 2.854610e-15
7595.000000 2.770930e-15
7600.000000 2.831720e-15
7605.000000 2.980000e-15
7610.000000 2.973390e-15
7615.000000 2.906560e-15
7620.000000 2.805160e-15
7625.000000 2.769860e-15
7630.000000 2.893600e-15
7635.000000 2.901670e-15
7640.000000 2.835170e-15
7645.000000 2.877870e-15
7650.000000 2.919110e-15
7655.000000 2.898700e-15
7660.000000 2.894350e-15
7665.000000 2.906580e-15
7670.000000 2.914540e-15
7675.000000 2.839990e-15
7680.000000 2.695930e-15
7685.000000 2.587200e-15
7690.000000 2.440820e-15
7695.000000 2.287960e-15
7700.000000 2.215750e-15
7705.000000 2.189330e-15
7710.000000 2.201150e-15
7715.000000 2.264870e-15
7720.000000 2.329500e-15
7725.000000 2.421040e-15
7730.000000 2.517000e-15
7735.000000 2.573530e-15
7740.000000 2.664390e-15
7745.000000 2.762410e-15
7750.000000 2.823770e-15
7755.000000 2.873840e-15
7760.000000 2.920090e-15
7765.000000 2.961440e-15
7770.000000 2.975460e-15
7775.000000 2.952440e-15
7780.000000 2.962110e-15
7785.000000 3.005950e-15
7790.000000 2.971940e-15
7795.000000 2.948670e-15
7800.000000 2.948660e-15
7805.000000 2.894860e-15
7810.000000 2.891040e-15
7815.000000 2.887280e-15
7820.000000 2.828220e-15
7825.000000 2.799320e-15
7830.000000 2.764920e-15
7835.000000 2.743310e-15
7840.000000 2.729700e-15
7845.000000 2.730610e-15
7850.000000 2.730560e-15
7855.000000 2.700910e-15
7860.000000 2.718060e-15
7865.000000 2.730020e-15
7870.000000 2.702320e-15
7875.000000 2.746350e-15
7880.000000 2.720780e-15
7885.000000 2.693540e-15
7890.000000 2.703780e-15
7895.000000 2.684560e-15
7900.000000 2.677350e-15
7905.000000 2.647290e-15
7910.000000 2.645040e-15
7915.000000 2.628060e-15
7920.000000 2.641680e-15
7925.000000 2.694190e-15
7930.000000 2.694530e-15
7935.000000 2.677830e-15
7940.000000 2.666870e-15
7945.000000 2.647960e-15
7950.000000 2.629700e-15
7955.000000 2.622700e-15
7960.000000 2.603740e-15
7965.000000 2.597190e-15
7970.000000 2.599440e-15
7975.000000 2.592050e-15
7980.000000 2.603060e-15
7985.000000 2.592650e-15
7990.000000 2.595520e-15
7995.000000 2.598010e-15
8000.000000 2.556450e-15
8005.000000 2.551770e-15
8010.000000 2.588640e-15
8015.000000 2.595220e-15
8020.000000 2.591800e-15
8025.000000 2.606810e-15
8030.000000 2.559500e-15
8035.000000 2.552650e-15
8040.000000 2.545170e-15
8045.000000 2.548810e-15
8050.000000 2.570730e-15
8055.000000 2.563430e-15
8060.000000 2.581380e-15
8065.000000 2.562930e-15
8070.000000 2.549740e-15
8075.000000 2.544390e-15
8080.000000 2.549220e-15
8085.000000 2.583010e-15
8090.000000 2.559880e-15
8095.000000 2.534220e-15
8100.000000 2.531370e-15
8105.000000 2.463320e-15
8110.000000 2.424310e-15
8115.000000 2.419720e-15
8120.000000 2.397840e-15
8125.000000 2.363130e-15
8130.000000 2.368840e-15
8135.000000 2.387370e-15
8140.000000 2.381520e-15
8145.000000 2.306680e-15
8150.000000 2.296870e-15
8155.000000 2.351190e-15
8160.000000 2.343980e-15
8165.000000 2.367050e-15
8170.000000 2.384390e-15
8175.000000 2.340660e-15
8180.000000 2.362170e-15
8185.000000 2.405820e-15
8190.000000 2.390400e-15
8195.000000 2.388530e-15
8200.000000 2.430530e-15
8205.000000 2.426800e-15
8210.000000 2.445930e-15
8215.000000 2.438660e-15
8220.000000 2.420500e-15
8225.000000 2.394510e-15
8230.000000 2.436470e-15
8235.000000 2.482640e-15
8240.000000 2.476670e-15
8245.000000 2.460110e-15
8250.000000 2.456070e-15
8255.000000 2.411360e-15
8260.000000 2.375790e-15
8265.000000 2.361050e-15
8270.000000 2.385490e-15
8275.000000 2.374160e-15
8280.000000 2.347650e-15
8285.000000 2.329940e-15
8290.000000 2.363690e-15
8295.000000 2.354930e-15
8300.000000 2.325470e-15
8305.000000 2.354610e-15
8310.000000 2.367840e-15
8315.000000 2.310060e-15
8320.000000 2.338550e-15
8325.000000 2.340070e-15
8330.000000 2.284150e-15
8335.000000 2.241120e-15
8340.000000 2.119930e-15
8345.000000 2.022060e-15
8350.000000 1.935200e-15
8355.000000 1.785540e-15
8360.000000 1.619570e-15
8365.000000 1.451170e-15
8370.000000 1.309970e-15
8375.000000 1.183510e-15
8380.000000 1.045380e-15
8385.000000 9.312820e-16
8390.000000 8.545900e-16
8395.000000 7.440080e-16
8400.000000 6.679860e-16
8405.000000 6.645660e-16
8410.000000 6.436860e-16
8415.000000 6.290800e-16
8420.000000 6.613950e-16
8425.000000 7.198150e-16
8430.000000 7.591710e-16
8435.000000 7.680580e-16
8440.000000 8.629340e-16
8445.000000 9.421860e-16
8450.000000 1.042900e-15
8455.000000 1.196430e-15
8460.000000 1.319430e-15
8465.000000 1.499240e-15
8470.000000 1.688870e-15
8475.000000 1.873460e-15
8480.000000 2.088260e-15
8485.000000 2.323650e-15
8490.000000 2.492010e-15
8495.000000 2.623740e-15
8500.000000 2.693930e-15
8505.000000 2.718100e-15
8510.000000 2.625000e-15
8515.000000 2.490030e-15
8520.000000 2.363260e-15
8525.000000 2.255390e-15
8530.000000 2.138650e-15
8535.000000 1.989330e-15
8540.000000 1.849260e-15
8545.000000 1.753300e-15
8550.000000 1.699540e-15
8555.000000 1.608190e-15
8560.000000 1.521940e-15
8565.000000 1.508210e-15
8570.000000 1.516000e-15
8575.000000 1.553870e-15
8580.000000 1.643910e-15
8585.000000 1.767010e-15
8590.000000 1.894640e-15
8595.000000 2.008750e-15
8600.000000 2.178720e-15
8605.000000 2.298540e-15
8610.000000 2.395690e-15
8615.000000 2.504170e-15
8620.000000 2.618210e-15
8625.000000 2.771330e-15
8630.000000 2.855920e-15
8635.000000 2.936860e-15
8640.000000 3.006290e-15
8645.000000 3.060480e-15
8650.000000 3.146190e-15
8655.000000 3.224290e-15
8660.000000 3.265310e-15
8665.000000 3.238630e-15
8670.000000 3.249610e-15
8675.000000 3.236910e-15
8680.000000 3.195270e-15
8685.000000 3.166330e-15
8690.000000 3.146930e-15
8695.000000 3.123010e-15
8700.000000 3.121180e-15
8705.000000 3.076090e-15
8710.000000 3.030440e-15
8715.000000 3.023890e-15
8720.000000 2.997170e-15
8725.000000 2.961670e-15
8730.000000 2.929280e-15
8735.000000 2.860520e-15
8740.000000 2.834990e-15
8745.000000 2.787420e-15
8750.000000 2.712500e-15
8755.000000 2.666650e-15
8760.000000 2.622190e-15
8765.000000 2.539240e-15
8770.000000 2.482130e-15
8775.000000 2.442920e-15
8780.000000 2.364220e-15
8785.000000 2.299280e-15
8790.000000 2.245520e-15
8795.000000 2.252250e-15
8800.000000 2.223090e-15
8805.000000 2.195240e-15
8810.000000 2.164490e-15
8815.000000 2.132210e-15
8820.000000 2.147710e-15
8825.000000 2.107730e-15
8830.000000 2.020210e-15
8835.000000 2.038370e-15
8840.000000 2.051170e-15
8845.000000 1.982270e-15
8850.000000 1.963050e-15
8855.000000 2.018300e-15
8860.000000 1.972820e-15
8865.000000 1.958740e-15
8870.000000 1.985450e-15
8875.000000 1.993460e-15
8880.000000 1.983000e-15
8885.000000 1.976560e-15
8890.000000 1.998750e-15
8895.000000 1.982010e-15
8900.000000 1.923050e-15
8905.000000 1.917780e-15
8910.000000 1.934740e-15
8915.000000 1.867100e-15
8920.000000 1.844280e-15
8925.000000 1.935540e-15
8930.000000 1.966330e-15
8935.000000 1.959450e-15
8940.000000 1.938380e-15
8945.000000 1.953330e-15
8950.000000 1.983540e-15
8955.000000 1.966700e-15
8960.000000 1.974400e-15
8965.000000 1.993730e-15
8970.000000 2.001440e-15
8975.000000 1.956030e-15
8980.000000 1.909260e-15
8985.000000 1.857180e-15
8990.000000 1.871140e-15
8995.000000 1.994090e-15
9000.000000 1.960020e-15
9005.000000 1.924690e-15
9010.000000 1.926650e-15
9015.000000 1.889670e-15
9020.000000 1.943430e-15
9025.000000 1.931620e-15
9030.000000 1.906290e-15
9035.000000 1.881310e-15
9040.000000 1.874860e-15
9045.000000 1.874920e-15
9050.000000 1.895130e-15
9055.000000 1.954260e-15
9060.000000 1.938810e-15
9065.000000 1.890950e-15
9070.000000 1.961850e-15
9075.000000 2.006840e-15
9080.000000 2.014640e-15
9085.000000 2.036990e-15
9090.000000 1.988360e-15
9095.000000 2.005010e-15
9100.000000 2.039590e-15
9105.000000 2.046950e-15
9110.000000 2.013130e-15
9115.000000 1.922390e-15
9120.000000 1.894970e-15
9125.000000 1.922340e-15
9130.000000 1.815550e-15
9135.000000 1.717450e-15
9140.000000 1.715270e-15
9145.000000 1.657570e-15
9150.000000 1.593120e-15
9155.000000 1.634430e-15
9160.000000 1.699870e-15
9165.000000 1.688190e-15
9170.000000 1.672800e-15
9175.000000 1.747710e-15
9180.000000 1.738020e-15
9185.000000 1.782440e-15
9190.000000 1.801860e-15
9195.000000 1.785660e-15
9200.000000 1.834110e-15
9205.000000 1.882090e-15
9210.000000 1.898650e-15
9215.000000 1.923360e-15
9220.000000 2.038610e-15
9225.000000 2.085300e-15
9230.000000 2.115530e-15
9235.000000 2.144160e-15
9240.000000 2.099260e-15
9245.000000 2.047730e-15
9250.000000 2.078580e-15
9255.000000 2.140900e-15
9260.000000 2.053950e-15
9265.000000 2.005460e-15
9270.000000 2.052750e-15
9275.000000 1.979180e-15
9280.000000 1.894480e-15
9285.000000 1.923740e-15
9290.000000 1.934230e-15
9295.000000 1.880800e-15
9300.000000 1.866510e-15
9305.000000 1.823080e-15
9310.000000 1.821230e-15
9315.000000 1.770330e-15
9320.000000 1.703600e-15
9325.000000 1.777640e-15
9330.000000 1.878390e-15
9335.000000 1.823010e-15
9340.000000 1.789210e-15
9345.000000 1.882950e-15
9350.000000 1.843410e-15
9355.000000 1.739330e-15
9360.000000 1.753680e-15
9365.000000 1.708830e-15
9370.000000 1.657830e-15
9375.000000 1.774660e-15
9380.000000 1.914780e-15
9385.000000 2.094530e-15
9390.000000 2.071440e-15
9395.000000 1.976450e-15
9400.000000 1.904630e-15
9405.000000 1.930740e-15
9410.000000 1.951610e-15
9415.000000 1.954700e-15
9420.000000 1.971930e-15
9425.000000 1.948960e-15
9430.000000 2.038480e-15
9435.000000 2.073820e-15
9440.000000 1.709020e-15
9445.000000 1.676270e-15
9450.000000 1.792660e-15
9455.000000 1.602740e-15
9460.000000 1.646760e-15
9465.000000 1.754030e-15
9470.000000 1.651100e-15
9475.000000 1.573850e-15
9480.000000 1.705290e-15
9485.000000 1.894570e-15
9490.000000 1.897030e-15
9495.000000 1.794540e-15
9500.000000 1.842650e-15
9505.000000 1.958090e-15
9510.000000 1.958310e-15
9515.000000 1.880300e-15
9520.000000 1.904540e-15
9525.000000 1.916140e-15
9530.000000 1.936860e-15
9535.000000 1.993770e-15
9540.000000 1.987440e-15
9545.000000 2.037030e-15
9550.000000 2.092650e-15
9555.000000 1.927460e-15
9560.000000 1.881580e-15
9565.000000 1.845190e-15
9570.000000 1.880410e-15
9575.000000 1.926240e-15
9580.000000 1.891470e-15
9585.000000 1.983090e-15
9590.000000 1.911150e-15
9595.000000 1.885760e-15
9600.000000 1.959380e-15
9605.000000 1.849200e-15
9610.000000 1.883270e-15
9615.000000 1.904920e-15
9620.000000 1.744480e-15
9625.000000 1.793410e-15
9630.000000 1.897320e-15
9635.000000 1.882560e-15
9640.000000 1.826240e-15
9645.000000 1.847080e-15
9650.000000 1.901860e-15
9655.000000 1.857250e-15
9660.000000 1.763680e-15
9665.000000 1.786970e-15
9670.000000 1.794720e-15
9675.000000 1.767390e-15
9680.000000 1.815810e-15
9685.000000 1.821340e-15
9690.000000 1.770640e-15
9695.000000 1.779950e-15
9700.000000 1.758110e-15
