3476.840000 6.439300e-14
3479.860000 6.455100e-14
3482.880000 6.489900e-14
3485.910000 6.542400e-14
3488.930000 6.587500e-14
3491.950000 6.613300e-14
3494.970000 6.639200e-14
3498.000000 6.682300e-14
3501.020000 6.733100e-14
3504.040000 6.778100e-14
3507.060000 6.817200e-14
3510.090000 6.846400e-14
3513.110000 6.860800e-14
3516.130000 6.869800e-14
3519.150000 6.890700e-14
3522.180000 6.929100e-14
3525.200000 6.973700e-14
3528.220000 7.012300e-14
3531.250000 7.045700e-14
3534.270000 7.074600e-14
3537.290000 7.089300e-14
3540.310000 7.080100e-14
3543.340000 7.050200e-14
3546.360000 7.007400e-14
3549.380000 6.955300e-14
3552.400000 6.896000e-14
3555.430000 6.829400e-14
3558.450000 6.766700e-14
3561.470000 6.715900e-14
3564.490000 6.665700e-14
3567.520000 6.619000e-14
3570.540000 6.595500e-14
3573.560000 6.587200e-14
3576.580000 6.561800e-14
3579.610000 6.513600e-14
3582.630000 6.469900e-14
3585.650000 6.444300e-14
3588.670000 6.428800e-14
3591.700000 6.424500e-14
3594.720000 6.447500e-14
3597.740000 6.493300e-14
3600.760000 6.527900e-14
3603.790000 6.534400e-14
3606.810000 6.530700e-14
3609.830000 6.533500e-14
3612.860000 6.541700e-14
3615.880000 6.545200e-14
3618.900000 6.533600e-14
3621.920000 6.504300e-14
3624.950000 6.465300e-14
3627.970000 6.423400e-14
3630.990000 6.383900e-14
3634.010000 6.359400e-14
3637.040000 6.341600e-14
3640.060000 6.309700e-14
3643.080000 6.269700e-14
3646.100000 6.240300e-14
3649.130000 6.218900e-14
3652.150000 6.192800e-14
3655.170000 6.163200e-14
3658.190000 6.139100e-14
3661.220000 6.122200e-14
3664.240000 6.119600e-14
3667.260000 6.144700e-14
3670.280000 6.203400e-14
3673.310000 6.284900e-14
3676.330000 6.376400e-14
3679.350000 6.479700e-14
3682.370000 6.603300e-14
3685.400000 6.742300e-14
3688.420000 6.886600e-14
3691.440000 7.039800e-14
3694.470000 7.208000e-14
3697.490000 7.388900e-14
3700.510000 7.581900e-14
3703.530000 7.786000e-14
3706.560000 7.987300e-14
3709.580000 8.172300e-14
3712.600000 8.343100e-14
3715.620000 8.501700e-14
3718.650000 8.641700e-14
3721.670000 8.758800e-14
3724.690000 8.853100e-14
3727.710000 8.931300e-14
3730.740000 9.003600e-14
3733.760000 9.070500e-14
3736.780000 9.115200e-14
3739.800000 9.129700e-14
3742.830000 9.127600e-14
3745.850000 9.123900e-14
3748.870000 9.113600e-14
3751.890000 9.089600e-14
3754.920000 9.060500e-14
3757.940000 9.035600e-14
3760.960000 9.011200e-14
3763.980000 8.981400e-14
3767.010000 8.947500e-14
3770.030000 8.903300e-14
3773.050000 8.836400e-14
3776.080000 8.750900e-14
3779.100000 8.663100e-14
3782.120000 8.577900e-14
3785.140000 8.491800e-14
3788.170000 8.403400e-14
3791.190000 8.310300e-14
3794.210000 8.206000e-14
3797.230000 8.091100e-14
3800.260000 7.976800e-14
3803.280000 7.874300e-14
3806.300000 7.784800e-14
3809.320000 7.701400e-14
3812.350000 7.616400e-14
3815.370000 7.526500e-14
3818.390000 7.430700e-14
3821.410000 7.328000e-14
3824.440000 7.218500e-14
3827.460000 7.108900e-14
3830.480000 7.006600e-14
3833.500000 6.914200e-14
3836.530000 6.831400e-14
3839.550000 6.761400e-14
3842.570000 6.706900e-14
3845.600000 6.662900e-14
3848.620000 6.626700e-14
3851.640000 6.603300e-14
3854.660000 6.594500e-14
3857.690000 6.596100e-14
3860.710000 6.609700e-14
3863.730000 6.643200e-14
3866.750000 6.698200e-14
3869.780000 6.768100e-14
3872.800000 6.848700e-14
3875.820000 6.937300e-14
3878.840000 7.030600e-14
3881.870000 7.126200e-14
3884.890000 7.221000e-14
3887.910000 7.315200e-14
3890.930000 7.408500e-14
3893.960000 7.499300e-14
3896.980000 7.591100e-14
3900.000000 7.681900e-14
3903.020000 7.776800e-14
3906.050000 7.883100e-14
3909.070000 8.003300e-14
3912.090000 8.130800e-14
3915.110000 8.257800e-14
3918.140000 8.384100e-14
3921.160000 8.511900e-14
3924.180000 8.644100e-14
3927.210000 8.776700e-14
3930.230000 8.902000e-14
3933.250000 9.014300e-14
3936.270000 9.118300e-14
3939.300000 9.215100e-14
3942.320000 9.309300e-14
3945.340000 9.400100e-14
3948.360000 9.489100e-14
3951.390000 9.576700e-14
3954.410000 9.659200e-14
3957.430000 9.736300e-14
3960.450000 9.804600e-14
3963.480000 9.862600e-14
3966.500000 9.913200e-14
3969.520000 9.956700e-14
3972.540000 9.988000e-14
3975.570000 1.000600e-13
3978.590000 1.001600e-13
3981.610000 1.002500e-13
3984.630000 1.002900e-13
3987.660000 1.002500e-13
3990.680000 1.001800e-13
3993.700000 1.001100e-13
3996.720000 9.999600e-14
3999.750000 9.980700e-14
4002.770000 9.955000e-14
4005.790000 9.928800e-14
4008.820000 9.908500e-14
4011.840000 9.899300e-14
4014.860000 9.902300e-14
4017.880000 9.913800e-14
4020.910000 9.926700e-14
4023.930000 9.938100e-14
4026.950000 9.949600e-14
4029.970000 9.960000e-14
4033.000000 9.968500e-14
4036.020000 9.974300e-14
4039.040000 9.973800e-14
4042.060000 9.960400e-14
4045.090000 9.931500e-14
4048.110000 9.893300e-14
4051.130000 9.847500e-14
4054.150000 9.800000e-14
4057.180000 9.752800e-14
4060.200000 9.704500e-14
4063.220000 9.650000e-14
4066.240000 9.591100e-14
4069.270000 9.537200e-14
4072.290000 9.493000e-14
4075.310000 9.453700e-14
4078.330000 9.412300e-14
4081.360000 9.371800e-14
4084.380000 9.336400e-14
4087.400000 9.305600e-14
4090.430000 9.273400e-14
4093.450000 9.247100e-14
4096.470000 9.226900e-14
4099.490000 9.206300e-14
4102.520000 9.182800e-14
4105.540000 9.162000e-14
4108.560000 9.153600e-14
4111.580000 9.154100e-14
4114.610000 9.160700e-14
4117.630000 9.173200e-14
4120.650000 9.189200e-14
4123.670000 9.202800e-14
4126.700000 9.211900e-14
4129.720000 9.219200e-14
4132.740000 9.222800e-14
4135.760000 9.215000e-14
4138.790000 9.192500e-14
4141.810000 9.157500e-14
4144.830000 9.108300e-14
4147.850000 9.042100e-14
4150.880000 8.959500e-14
4153.900000 8.863900e-14
4156.920000 8.759400e-14
4159.950000 8.651000e-14
4162.970000 8.539200e-14
4165.990000 8.418600e-14
4169.010000 8.288800e-14
4172.040000 8.155300e-14
4175.060000 8.022100e-14
4178.080000 7.890000e-14
4181.100000 7.755700e-14
4184.130000 7.618900e-14
4187.150000 7.482900e-14
4190.170000 7.352100e-14
4193.190000 7.228300e-14
4196.220000 7.109600e-14
4199.240000 6.997600e-14
4202.260000 6.894400e-14
4205.280000 6.803100e-14
4208.310000 6.727700e-14
4211.330000 6.668100e-14
4214.350000 6.622200e-14
4217.370000 6.589600e-14
4220.400000 6.571300e-14
4223.420000 6.565200e-14
4226.440000 6.569600e-14
4229.460000 6.584900e-14
4232.490000 6.610100e-14
4235.510000 6.642600e-14
4238.530000 6.680000e-14
4241.560000 6.722700e-14
4244.580000 6.771200e-14
4247.600000 6.821000e-14
4250.620000 6.868400e-14
4253.650000 6.916200e-14
4256.670000 6.967200e-14
4259.690000 7.020300e-14
4262.710000 7.074300e-14
4265.740000 7.133100e-14
4268.760000 7.198800e-14
4271.780000 7.268300e-14
4274.800000 7.336700e-14
4277.830000 7.402800e-14
4280.850000 7.467000e-14
4283.870000 7.528600e-14
4286.890000 7.587500e-14
4289.920000 7.642300e-14
4292.940000 7.693400e-14
4295.960000 7.739800e-14
4298.980000 7.783600e-14
4302.010000 7.825000e-14
4305.030000 7.861500e-14
4308.050000 7.892100e-14
4311.070000 7.919400e-14
4314.100000 7.947200e-14
4317.120000 7.977400e-14
4320.140000 8.009800e-14
4323.170000 8.041900e-14
4326.190000 8.071200e-14
4329.210000 8.096300e-14
4332.230000 8.115600e-14
4335.260000 8.129200e-14
4338.280000 8.140000e-14
4341.300000 8.150600e-14
4344.320000 8.159700e-14
4347.350000 8.165600e-14
4350.370000 8.168100e-14
4353.390000 8.169300e-14
4356.410000 8.170100e-14
4359.440000 8.171900e-14
4362.460000 8.173000e-14
4365.480000 8.169500e-14
4368.500000 8.158900e-14
4371.530000 8.144900e-14
4374.550000 8.128900e-14
4377.570000 8.107100e-14
4380.590000 8.075600e-14
4383.620000 8.033500e-14
4386.640000 7.983500e-14
4389.660000 7.928800e-14
4392.680000 7.872900e-14
4395.710000 7.815100e-14
4398.730000 7.750600e-14
4401.750000 7.676800e-14
4404.780000 7.596300e-14
4407.800000 7.510800e-14
4410.820000 7.422400e-14
4413.840000 7.334800e-14
4416.870000 7.249700e-14
4419.890000 7.167700e-14
4422.910000 7.089400e-14
4425.930000 7.015000e-14
4428.960000 6.945200e-14
4431.980000 6.881900e-14
4435.000000 6.827900e-14
4438.020000 6.785200e-14
4441.050000 6.751000e-14
4444.070000 6.723500e-14
4447.090000 6.702100e-14
4450.110000 6.688100e-14
4453.140000 6.682700e-14
4456.160000 6.685500e-14
4459.180000 6.697200e-14
4462.200000 6.719400e-14
4465.230000 6.753900e-14
4468.250000 6.799900e-14
4471.270000 6.855900e-14
4474.300000 6.918900e-14
4477.320000 6.987200e-14
4480.340000 7.059100e-14
4483.360000 7.133500e-14
4486.390000 7.211200e-14
4489.410000 7.292800e-14
4492.430000 7.377000e-14
4495.450000 7.462800e-14
4498.480000 7.549800e-14
4501.500000 7.638400e-14
4504.520000 7.727600e-14
4507.540000 7.816000e-14
4510.570000 7.902900e-14
4513.590000 7.986700e-14
4516.610000 8.066500e-14
4519.630000 8.142600e-14
4522.660000 8.217300e-14
4525.680000 8.288500e-14
4528.700000 8.353500e-14
4531.720000 8.411700e-14
4534.750000 8.463700e-14
4537.770000 8.510500e-14
4540.790000 8.552300e-14
4543.810000 8.589200e-14
4546.840000 8.620300e-14
4549.860000 8.643500e-14
4552.880000 8.659100e-14
4555.910000 8.670300e-14
4558.930000 8.679300e-14
4561.950000 8.687000e-14
4564.970000 8.693000e-14
4568.000000 8.696800e-14
4571.020000 8.700400e-14
4574.040000 8.703800e-14
4577.060000 8.705400e-14
4580.090000 8.703700e-14
4583.110000 8.700500e-14
4586.130000 8.697500e-14
4589.150000 8.694300e-14
4592.180000 8.688700e-14
4595.200000 8.680800e-14
4598.220000 8.670100e-14
4601.240000 8.657700e-14
4604.270000 8.645400e-14
4607.290000 8.631600e-14
4610.310000 8.614200e-14
4613.330000 8.592200e-14
4616.360000 8.568300e-14
4619.380000 8.543300e-14
4622.400000 8.516600e-14
4625.420000 8.484500e-14
4628.450000 8.445500e-14
4631.470000 8.400200e-14
4634.490000 8.350800e-14
4637.520000 8.299000e-14
4640.540000 8.245500e-14
4643.560000 8.189500e-14
4646.580000 8.130400e-14
4649.610000 8.067900e-14
4652.630000 8.003200e-14
4655.650000 7.936300e-14
4658.670000 7.868800e-14
4661.700000 7.800400e-14
4664.720000 7.731900e-14
4667.740000 7.662600e-14
4670.760000 7.591500e-14
4673.790000 7.519000e-14
4676.810000 7.444800e-14
4679.830000 7.369700e-14
4682.850000 7.292700e-14
4685.880000 7.211200e-14
4688.900000 7.123700e-14
4691.920000 7.030100e-14
4694.940000 6.930600e-14
4697.970000 6.824300e-14
4700.990000 6.712400e-14
4704.010000 6.597700e-14
4707.030000 6.481900e-14
4710.060000 6.364500e-14
4713.080000 6.244700e-14
4716.100000 6.122700e-14
4719.130000 6.001600e-14
4722.150000 5.883300e-14
4725.170000 5.769100e-14
4728.190000 5.661000e-14
4731.220000 5.560400e-14
4734.240000 5.469000e-14
4737.260000 5.388300e-14
4740.280000 5.319800e-14
4743.310000 5.264500e-14
4746.330000 5.222500e-14
4749.350000 5.194300e-14
4752.370000 5.181400e-14
4755.400000 5.185800e-14
4758.420000 5.207800e-14
4761.440000 5.246700e-14
4764.460000 5.303300e-14
4767.490000 5.377300e-14
4770.510000 5.465700e-14
4773.530000 5.565500e-14
4776.550000 5.674800e-14
4779.580000 5.791800e-14
4782.600000 5.915900e-14
4785.620000 6.046900e-14
4788.640000 6.183300e-14
4791.670000 6.322400e-14
4794.690000 6.459500e-14
4797.710000 6.592600e-14
4800.740000 6.722300e-14
4803.760000 6.851200e-14
4806.780000 6.978400e-14
4809.800000 7.102200e-14
4812.830000 7.220600e-14
4815.850000 7.333400e-14
4818.870000 7.440400e-14
4821.890000 7.542600e-14
4824.920000 7.640000e-14
4827.940000 7.731900e-14
4830.960000 7.817800e-14
4833.980000 7.897200e-14
4837.010000 7.968000e-14
4840.030000 8.030700e-14
4843.050000 8.084800e-14
4846.070000 8.129400e-14
4849.100000 8.164000e-14
4852.120000 8.190100e-14
4855.140000 8.208900e-14
4858.160000 8.219300e-14
4861.190000 8.220100e-14
4864.210000 8.211500e-14
4867.230000 8.194900e-14
4870.260000 8.172200e-14
4873.280000 8.145000e-14
4876.300000 8.113300e-14
4879.320000 8.075300e-14
4882.350000 8.030500e-14
4885.370000 7.981000e-14
4888.390000 7.929700e-14
4891.410000 7.877800e-14
4894.440000 7.823900e-14
4897.460000 7.765700e-14
4900.480000 7.703900e-14
4903.500000 7.641000e-14
4906.530000 7.580000e-14
4909.550000 7.522800e-14
4912.570000 7.469300e-14
4915.590000 7.419900e-14
4918.620000 7.373000e-14
4921.640000 7.328700e-14
4924.660000 7.289000e-14
4927.680000 7.254300e-14
4930.710000 7.223900e-14
4933.730000 7.197600e-14
4936.750000 7.175700e-14
4939.770000 7.157100e-14
4942.800000 7.141000e-14
4945.820000 7.126500e-14
4948.840000 7.114500e-14
4951.870000 7.104200e-14
4954.890000 7.095100e-14
4957.910000 7.084400e-14
4960.930000 7.072800e-14
4963.960000 7.063300e-14
4966.980000 7.057000e-14
4970.000000 7.053900e-14
4973.020000 7.053000e-14
4976.050000 7.053100e-14
4979.070000 7.053300e-14
4982.090000 7.052600e-14
4985.110000 7.048800e-14
4988.140000 7.039800e-14
4991.160000 7.025900e-14
4994.180000 7.006600e-14
4997.200000 6.981500e-14
5000.230000 6.950900e-14
5003.250000 6.914900e-14
5006.270000 6.873500e-14
5009.290000 6.824900e-14
5012.320000 6.768200e-14
5015.340000 6.704900e-14
5018.360000 6.636100e-14
5021.380000 6.564300e-14
5024.410000 6.490000e-14
5027.430000 6.412900e-14
5030.450000 6.333900e-14
5033.480000 6.255400e-14
5036.500000 6.179300e-14
5039.520000 6.106500e-14
5042.540000 6.037000e-14
5045.570000 5.968700e-14
5048.590000 5.901100e-14
5051.610000 5.836300e-14
5054.630000 5.777400e-14
5057.660000 5.726300e-14
5060.680000 5.682300e-14
5063.700000 5.644800e-14
5066.720000 5.613900e-14
5069.750000 5.588900e-14
5072.770000 5.570000e-14
5075.790000 5.558900e-14
5078.810000 5.555900e-14
5081.840000 5.560200e-14
5084.860000 5.570500e-14
5087.880000 5.586000e-14
5090.900000 5.605600e-14
5093.930000 5.627700e-14
5096.950000 5.651800e-14
5099.970000 5.676700e-14
5102.990000 5.700100e-14
5106.020000 5.721500e-14
5109.040000 5.742000e-14
5112.060000 5.763800e-14
5115.090000 5.787200e-14
5118.110000 5.811000e-14
5121.130000 5.835400e-14
5124.150000 5.861300e-14
5127.180000 5.888200e-14
5130.200000 5.914300e-14
5133.220000 5.939000e-14
5136.240000 5.961700e-14
5139.270000 5.982800e-14
5142.290000 6.003500e-14
5145.310000 6.024100e-14
5148.330000 6.044500e-14
5151.360000 6.063500e-14
5154.380000 6.079400e-14
5157.400000 6.092500e-14
5160.420000 6.103100e-14
5163.450000 6.112100e-14
5166.470000 6.120000e-14
5169.490000 6.126500e-14
5172.510000 6.132300e-14
5175.540000 6.137900e-14
5178.560000 6.144100e-14
5181.580000 6.152000e-14
5184.610000 6.161500e-14
5187.630000 6.171100e-14
5190.650000 6.179700e-14
5193.670000 6.186900e-14
5196.700000 6.193900e-14
5199.720000 6.201700e-14
5202.740000 6.210800e-14
5205.760000 6.222500e-14
5208.790000 6.236500e-14
5211.810000 6.250800e-14
5214.830000 6.264900e-14
5217.850000 6.278800e-14
5220.880000 6.292800e-14
5223.900000 6.307300e-14
5226.920000 6.322300e-14
5229.940000 6.337700e-14
5232.970000 6.353200e-14
5235.990000 6.368700e-14
5239.010000 6.384700e-14
5242.030000 6.400900e-14
5245.060000 6.415900e-14
5248.080000 6.430200e-14
5251.100000 6.442600e-14
5254.120000 6.453100e-14
5257.150000 6.462200e-14
5260.170000 6.470500e-14
5263.190000 6.478700e-14
5266.220000 6.485600e-14
5269.240000 6.491000e-14
5272.260000 6.495400e-14
5275.280000 6.500000e-14
5278.310000 6.503700e-14
5281.330000 6.505600e-14
5284.350000 6.506000e-14
5287.370000 6.506200e-14
5290.400000 6.507700e-14
5293.420000 6.510500e-14
5296.440000 6.513700e-14
5299.460000 6.515700e-14
5302.490000 6.515400e-14
5305.510000 6.513800e-14
5308.530000 6.513300e-14
5311.550000 6.514400e-14
5314.580000 6.515100e-14
5317.600000 6.515300e-14
5320.620000 6.515600e-14
5323.640000 6.513300e-14
5326.670000 6.509900e-14
5329.690000 6.505300e-14
5332.710000 6.499200e-14
5335.730000 6.491400e-14
5338.760000 6.481800e-14
5341.780000 6.471800e-14
5344.800000 6.463100e-14
5347.830000 6.456600e-14
5350.850000 6.450800e-14
5353.870000 6.445200e-14
5356.890000 6.438900e-14
5359.920000 6.431400e-14
5362.940000 6.423400e-14
5365.960000 6.416100e-14
5368.980000 6.409400e-14
5372.010000 6.401800e-14
5375.030000 6.393500e-14
5378.050000 6.384400e-14
5381.070000 6.375100e-14
5384.100000 6.366800e-14
5387.120000 6.359800e-14
5390.140000 6.353700e-14
5393.160000 6.347300e-14
5396.190000 6.339900e-14
5399.210000 6.332600e-14
5402.230000 6.325100e-14
5405.250000 6.318400e-14
5408.280000 6.311900e-14
5411.300000 6.304700e-14
5414.320000 6.298100e-14
5417.340000 6.291200e-14
5420.370000 6.283300e-14
5423.390000 6.273800e-14
5426.410000 6.265000e-14
5429.440000 6.256100e-14
5432.460000 6.247000e-14
5435.480000 6.238100e-14
5438.500000 6.230100e-14
5441.530000 6.223800e-14
5444.550000 6.218300e-14
5447.570000 6.212900e-14
5450.590000 6.207100e-14
5453.620000 6.202000e-14
5456.640000 6.198600e-14
5459.660000 6.198400e-14
5462.680000 6.199500e-14
5465.710000 6.200000e-14
5468.730000 6.199900e-14
5471.750000 6.198600e-14
5474.770000 6.193200e-14
5477.800000 6.186100e-14
5480.820000 6.176600e-14
5483.840000 6.166300e-14
5486.860000 6.155800e-14
5489.890000 6.145500e-14
5492.910000 6.135700e-14
5495.930000 6.125700e-14
5498.960000 6.114700e-14
5501.980000 6.102700e-14
5505.000000 6.088400e-14
5508.020000 6.071000e-14
5511.050000 6.052300e-14
5514.070000 6.034600e-14
5517.090000 6.017600e-14
5520.110000 6.000900e-14
5523.140000 5.984600e-14
5526.160000 5.968700e-14
5529.180000 5.953100e-14
5532.200000 5.938100e-14
5535.230000 5.925200e-14
5538.250000 5.913200e-14
5541.270000 5.901600e-14
5544.290000 5.891900e-14
5547.320000 5.884800e-14
5550.340000 5.879200e-14
5553.360000 5.875000e-14
5556.380000 5.872200e-14
5559.410000 5.869100e-14
5562.430000 5.866200e-14
5565.450000 5.865400e-14
5568.470000 5.866200e-14
5571.500000 5.866700e-14
5574.520000 5.866400e-14
5577.540000 5.867700e-14
5580.570000 5.869500e-14
5583.590000 5.871500e-14
5586.610000 5.872900e-14
5589.630000 5.874300e-14
5592.660000 5.876600e-14
5595.680000 5.880000e-14
5598.700000 5.883400e-14
5601.720000 5.886700e-14
5604.750000 5.890800e-14
5607.770000 5.895400e-14
5610.790000 5.900700e-14
5613.810000 5.904600e-14
5616.840000 5.906900e-14
5619.860000 5.907500e-14
5622.880000 5.907700e-14
5625.900000 5.906900e-14
5628.930000 5.905500e-14
5631.950000 5.904500e-14
5634.970000 5.903900e-14
5637.990000 5.902100e-14
5641.020000 5.899100e-14
5644.040000 5.897000e-14
5647.060000 5.895200e-14
5650.080000 5.893800e-14
5653.110000 5.891500e-14
5656.130000 5.886600e-14
5659.150000 5.879900e-14
5662.180000 5.873200e-14
5665.200000 5.865200e-14
5668.220000 5.853300e-14
5671.240000 5.838200e-14
5674.270000 5.819400e-14
5677.290000 5.796100e-14
5680.310000 5.768200e-14
5683.330000 5.737100e-14
5686.360000 5.703200e-14
5689.380000 5.666200e-14
5692.400000 5.626800e-14
5695.420000 5.587800e-14
5698.450000 5.549500e-14
5701.470000 5.512000e-14
5704.490000 5.477100e-14
5707.510000 5.443800e-14
5710.540000 5.411200e-14
5713.560000 5.380800e-14
5716.580000 5.354500e-14
5719.600000 5.332200e-14
5722.630000 5.311900e-14
5725.650000 5.293900e-14
5728.670000 5.279300e-14
5731.690000 5.266700e-14
5734.720000 5.256200e-14
5737.740000 5.247600e-14
5740.760000 5.241700e-14
5743.790000 5.238900e-14
5746.810000 5.238500e-14
5749.830000 5.238400e-14
5752.850000 5.238600e-14
5755.880000 5.240600e-14
5758.900000 5.245000e-14
5761.920000 5.251900e-14
5764.940000 5.260300e-14
5767.970000 5.270000e-14
5770.990000 5.280900e-14
5774.010000 5.293900e-14
5777.030000 5.308800e-14
5780.060000 5.323800e-14
5783.080000 5.338000e-14
5786.100000 5.352700e-14
5789.120000 5.369400e-14
5792.150000 5.389000e-14
5795.170000 5.411700e-14
5798.190000 5.436100e-14
5801.210000 5.462300e-14
5804.240000 5.488700e-14
5807.260000 5.517000e-14
5810.280000 5.551500e-14
5813.310000 5.594900e-14
5816.330000 5.644300e-14
5819.350000 5.695000e-14
5822.370000 5.743300e-14
5825.400000 5.786500e-14
5828.420000 5.822800e-14
5831.440000 5.852700e-14
5834.460000 5.877600e-14
5837.490000 5.897600e-14
5840.510000 5.911600e-14
5843.530000 5.918700e-14
5846.550000 5.918400e-14
5849.580000 5.911100e-14
5852.600000 5.897600e-14
5855.620000 5.879000e-14
5858.640000 5.854300e-14
5861.670000 5.825000e-14
5864.690000 5.793700e-14
5867.710000 5.762800e-14
5870.730000 5.732200e-14
5873.760000 5.701400e-14
5876.780000 5.670900e-14
5879.800000 5.643300e-14
5882.820000 5.619100e-14
5885.850000 5.598400e-14
5888.870000 5.580800e-14
5891.890000 5.566200e-14
5894.920000 5.555600e-14
5897.940000 5.548700e-14
5900.960000 5.545100e-14
5903.980000 5.544900e-14
5907.010000 5.549100e-14
5910.030000 5.556300e-14
5913.050000 5.566400e-14
5916.070000 5.579900e-14
5919.100000 5.597200e-14
5922.120000 5.616300e-14
5925.140000 5.636000e-14
5928.160000 5.654800e-14
5931.190000 5.671600e-14
5934.210000 5.686700e-14
5937.230000 5.700500e-14
5940.250000 5.711500e-14
5943.280000 5.718600e-14
5946.300000 5.721300e-14
5949.320000 5.719500e-14
5952.340000 5.713100e-14
5955.370000 5.702900e-14
5958.390000 5.694000e-14
5961.410000 5.689700e-14
5964.430000 5.689700e-14
5967.460000 5.690400e-14
5970.480000 5.688800e-14
5973.500000 5.684500e-14
5976.530000 5.678800e-14
5979.550000 5.673500e-14
5982.570000 5.670700e-14
5985.590000 5.671100e-14
5988.620000 5.674000e-14
5991.640000 5.677500e-14
5994.660000 5.680000e-14
5997.680000 5.681500e-14
6000.710000 5.682700e-14
6003.730000 5.684100e-14
6006.750000 5.685400e-14
6009.770000 5.686500e-14
6012.800000 5.686900e-14
6015.820000 5.687200e-14
6018.840000 5.687800e-14
6021.860000 5.687800e-14
6024.890000 5.686900e-14
6027.910000 5.686100e-14
6030.930000 5.685800e-14
6033.950000 5.685500e-14
6036.980000 5.684700e-14
6040.000000 5.682900e-14
6043.020000 5.680700e-14
6046.040000 5.679200e-14
6049.070000 5.678500e-14
6052.090000 5.676700e-14
6055.110000 5.673600e-14
6058.140000 5.669900e-14
6061.160000 5.665600e-14
6064.180000 5.661800e-14
6067.200000 5.658100e-14
6070.230000 5.653200e-14
6073.250000 5.646800e-14
6076.270000 5.639800e-14
6079.290000 5.632200e-14
6082.320000 5.625100e-14
6085.340000 5.618400e-14
6088.360000 5.610800e-14
6091.380000 5.601700e-14
6094.410000 5.592700e-14
6097.430000 5.584600e-14
6100.450000 5.577100e-14
6103.470000 5.569600e-14
6106.500000 5.562600e-14
6109.520000 5.556200e-14
6112.540000 5.550100e-14
6115.560000 5.544500e-14
6118.590000 5.539200e-14
6121.610000 5.534800e-14
6124.630000 5.531100e-14
6127.660000 5.527400e-14
6130.680000 5.524000e-14
6133.700000 5.521300e-14
6136.720000 5.518800e-14
6139.750000 5.516000e-14
6142.770000 5.511800e-14
6145.790000 5.506700e-14
6148.810000 5.502200e-14
6151.840000 5.498300e-14
6154.860000 5.495100e-14
6157.880000 5.490800e-14
6160.900000 5.484500e-14
6163.930000 5.476100e-14
6166.950000 5.466900e-14
6169.970000 5.457900e-14
6172.990000 5.448600e-14
6176.020000 5.437900e-14
6179.040000 5.425400e-14
6182.060000 5.411100e-14
6185.080000 5.395100e-14
6188.110000 5.376600e-14
6191.130000 5.355100e-14
6194.150000 5.332100e-14
6197.170000 5.310000e-14
6200.200000 5.289900e-14
6203.220000 5.270900e-14
6206.240000 5.253000e-14
6209.270000 5.234700e-14
6212.290000 5.215100e-14
6215.310000 5.193300e-14
6218.330000 5.167800e-14
6221.360000 5.139400e-14
6224.380000 5.111300e-14
6227.400000 5.083300e-14
6230.420000 5.054400e-14
6233.450000 5.025500e-14
6236.470000 4.998200e-14
6239.490000 4.972200e-14
6242.510000 4.946100e-14
6245.540000 4.920800e-14
6248.560000 4.897000e-14
6251.580000 4.874000e-14
6254.600000 4.851700e-14
6257.630000 4.831700e-14
6260.650000 4.814300e-14
6263.670000 4.800800e-14
6266.690000 4.792000e-14
6269.720000 4.787300e-14
6272.740000 4.786700e-14
6275.760000 4.789900e-14
6278.780000 4.796700e-14
6281.810000 4.806800e-14
6284.830000 4.820100e-14
6287.850000 4.836200e-14
6290.880000 4.854500e-14
6293.900000 4.875700e-14
6296.920000 4.899200e-14
6299.940000 4.925200e-14
6302.970000 4.952800e-14
6305.990000 4.980300e-14
6309.010000 5.006700e-14
6312.030000 5.033200e-14
6315.060000 5.059900e-14
6318.080000 5.087200e-14
6321.100000 5.115300e-14
6324.120000 5.142600e-14
6327.150000 5.165600e-14
6330.170000 5.183900e-14
6333.190000 5.197200e-14
6336.210000 5.204500e-14
6339.240000 5.206400e-14
6342.260000 5.202700e-14
6345.280000 5.194000e-14
6348.300000 5.181300e-14
6351.330000 5.163800e-14
6354.350000 5.139900e-14
6357.370000 5.108600e-14
6360.390000 5.070100e-14
6363.420000 5.024000e-14
6366.440000 4.969700e-14
6369.460000 4.909200e-14
6372.490000 4.846000e-14
6375.510000 4.782900e-14
6378.530000 4.719300e-14
6381.550000 4.655400e-14
6384.580000 4.591900e-14
6387.600000 4.531000e-14
6390.620000 4.473100e-14
6393.640000 4.418400e-14
6396.670000 4.368800e-14
6399.690000 4.325900e-14
6402.710000 4.290500e-14
6405.730000 4.264400e-14
6408.760000 4.249900e-14
6411.780000 4.248100e-14
6414.800000 4.258600e-14
6417.820000 4.283600e-14
6420.850000 4.327800e-14
6423.870000 4.388800e-14
6426.890000 4.457300e-14
6429.910000 4.530000e-14
6432.940000 4.610300e-14
6435.960000 4.701000e-14
6438.980000 4.802400e-14
6442.000000 4.913500e-14
6445.030000 5.035100e-14
6448.050000 5.166500e-14
6451.070000 5.306600e-14
6454.100000 5.452500e-14
6457.120000 5.602700e-14
6460.140000 5.756800e-14
6463.160000 5.914300e-14
6466.190000 6.073500e-14
6469.210000 6.234700e-14
6472.230000 6.399300e-14
6475.250000 6.566100e-14
6478.280000 6.731200e-14
6481.300000 6.893600e-14
6484.320000 7.053400e-14
6487.340000 7.210000e-14
6490.370000 7.363300e-14
6493.390000 7.511200e-14
6496.410000 7.652600e-14
6499.430000 7.788300e-14
6502.460000 7.917600e-14
6505.480000 8.039300e-14
6508.500000 8.151400e-14
6511.520000 8.252200e-14
6514.550000 8.340900e-14
6517.570000 8.417800e-14
6520.590000 8.484800e-14
6523.620000 8.544600e-14
6526.640000 8.599200e-14
6529.660000 8.647700e-14
6532.680000 8.687900e-14
6535.710000 8.718000e-14
6538.730000 8.737100e-14
6541.750000 8.745900e-14
6544.770000 8.745100e-14
6547.800000 8.735800e-14
6550.820000 8.719900e-14
6553.840000 8.699500e-14
6556.860000 8.675600e-14
6559.890000 8.648300e-14
6562.910000 8.617100e-14
6565.930000 8.582400e-14
6568.950000 8.548400e-14
6571.980000 8.515400e-14
6575.000000 8.476800e-14
6578.020000 8.428400e-14
6581.040000 8.375800e-14
6584.070000 8.322300e-14
6587.090000 8.267300e-14
6590.110000 8.209800e-14
6593.130000 8.151200e-14
6596.160000 8.094100e-14
6599.180000 8.039800e-14
6602.200000 7.988800e-14
6605.230000 7.940100e-14
6608.250000 7.891500e-14
6611.270000 7.842200e-14
6614.290000 7.792000e-14
6617.320000 7.742200e-14
6620.340000 7.694400e-14
6623.360000 7.650500e-14
6626.380000 7.608600e-14
6629.410000 7.568600e-14
6632.430000 7.530500e-14
6635.450000 7.493000e-14
6638.470000 7.455000e-14
6641.500000 7.415500e-14
6644.520000 7.374600e-14
6647.540000 7.333600e-14
6650.560000 7.293800e-14
6653.590000 7.253100e-14
6656.610000 7.209800e-14
6659.630000 7.162400e-14
6662.650000 7.110800e-14
6665.680000 7.053700e-14
6668.700000 6.991200e-14
6671.720000 6.924100e-14
6674.740000 6.856500e-14
6677.770000 6.790600e-14
6680.790000 6.726600e-14
6683.810000 6.663100e-14
6686.840000 6.599200e-14
6689.860000 6.533100e-14
6692.880000 6.465800e-14
6695.900000 6.398600e-14
6698.930000 6.332700e-14
6701.950000 6.269100e-14
6704.970000 6.208300e-14
6707.990000 6.149500e-14
6711.020000 6.091600e-14
6714.040000 6.034500e-14
6717.060000 5.979200e-14
6720.080000 5.926400e-14
6723.110000 5.875800e-14
6726.130000 5.828000e-14
6729.150000 5.782200e-14
6732.170000 5.737900e-14
6735.200000 5.693900e-14
6738.220000 5.651100e-14
6741.240000 5.610700e-14
6744.260000 5.573200e-14
6747.290000 5.538200e-14
6750.310000 5.505700e-14
6753.330000 5.475600e-14
6756.350000 5.446000e-14
6759.380000 5.414400e-14
6762.400000 5.382100e-14
6765.420000 5.350300e-14
6768.450000 5.319800e-14
6771.470000 5.290100e-14
6774.490000 5.262700e-14
6777.510000 5.236400e-14
6780.540000 5.208400e-14
6783.560000 5.176100e-14
6786.580000 5.143200e-14
6789.600000 5.117400e-14
6792.630000 5.100200e-14
6795.650000 5.089500e-14
6798.670000 5.079600e-14
6801.690000 5.067000e-14
6804.720000 5.051100e-14
6807.740000 5.033600e-14
6810.760000 5.015600e-14
6813.780000 4.996900e-14
6816.810000 4.974600e-14
6819.830000 4.948600e-14
6822.850000 4.919600e-14
6825.870000 4.889100e-14
6828.900000 4.857000e-14
6831.920000 4.823400e-14
6834.940000 4.787400e-14
6837.970000 4.748100e-14
6840.990000 4.704700e-14
6844.010000 4.659300e-14
6847.030000 4.614300e-14
6850.060000 4.569100e-14
6853.080000 4.524100e-14
6856.100000 4.480800e-14
6859.120000 4.441300e-14
6862.150000 4.405300e-14
6865.170000 4.372400e-14
6868.190000 4.341800e-14
6871.210000 4.312700e-14
6874.240000 4.287300e-14
6877.260000 4.267600e-14
6880.280000 4.254200e-14
6883.300000 4.246900e-14
6886.330000 4.244400e-14
6889.350000 4.246600e-14
6892.370000 4.251900e-14
6895.390000 4.259200e-14
6898.420000 4.268900e-14
6901.440000 4.281500e-14
6904.460000 4.298500e-14
6907.480000 4.319200e-14
6910.510000 4.342800e-14
6913.530000 4.368500e-14
6916.550000 4.393800e-14
6919.580000 4.415900e-14
6922.600000 4.433600e-14
6925.620000 4.446300e-14
6928.640000 4.451600e-14
6931.670000 4.450000e-14
6934.690000 4.447000e-14
6937.710000 4.449500e-14
6940.730000 4.459600e-14
6943.760000 4.471300e-14
6946.780000 4.479700e-14
6949.800000 4.481500e-14
6952.820000 4.477500e-14
6955.850000 4.470700e-14
6958.870000 4.464200e-14
6961.890000 4.460800e-14
6964.910000 4.459500e-14
6967.940000 4.458800e-14
6970.960000 4.458600e-14
6973.980000 4.458300e-14
6977.000000 4.456800e-14
6980.030000 4.454300e-14
6983.050000 4.451500e-14
6986.070000 4.449000e-14
6989.090000 4.446500e-14
6992.120000 4.443100e-14
6995.140000 4.440900e-14
6998.160000 4.439500e-14
7001.190000 4.437800e-14
7004.210000 4.435000e-14
7007.230000 4.430800e-14
7010.250000 4.425200e-14
7013.280000 4.419400e-14
7016.300000 4.413400e-14
7019.320000 4.407700e-14
7022.340000 4.403300e-14
7025.370000 4.402700e-14
7028.390000 4.404900e-14
7031.410000 4.406800e-14
7034.430000 4.406200e-14
7037.460000 4.401600e-14
7040.480000 4.393600e-14
7043.500000 4.382700e-14
7046.520000 4.371800e-14
7049.550000 4.362200e-14
7052.570000 4.354800e-14
7055.590000 4.351000e-14
7058.610000 4.349800e-14
7061.640000 4.349900e-14
7064.660000 4.349800e-14
7067.680000 4.348300e-14
7070.700000 4.344900e-14
7073.730000 4.340500e-14
7076.750000 4.334500e-14
7079.770000 4.327400e-14
7082.800000 4.319100e-14
7085.820000 4.311200e-14
7088.840000 4.305500e-14
7091.860000 4.302700e-14
7094.890000 4.301500e-14
7097.910000 4.301800e-14
7100.930000 4.302300e-14
7103.950000 4.303100e-14
7106.980000 4.304100e-14
7110.000000 4.305600e-14
7113.020000 4.306500e-14
7116.040000 4.304800e-14
7119.070000 4.300700e-14
7122.090000 4.295500e-14
7125.110000 4.290800e-14
7128.130000 4.287100e-14
7131.160000 4.282800e-14
7134.180000 4.275500e-14
7137.200000 4.263500e-14
7140.220000 4.246000e-14
7143.250000 4.222600e-14
7146.270000 4.194400e-14
7149.290000 4.163600e-14
7152.320000 4.132000e-14
7155.340000 4.100500e-14
7158.360000 4.070700e-14
7161.380000 4.044400e-14
7164.410000 4.022000e-14
7167.430000 4.001600e-14
7170.450000 3.983100e-14
7173.470000 3.967400e-14
7176.500000 3.954800e-14
7179.520000 3.944200e-14
7182.540000 3.935400e-14
7185.560000 3.929300e-14
7188.590000 3.925000e-14
7191.610000 3.922300e-14
7194.630000 3.921700e-14
7197.650000 3.924500e-14
7200.680000 3.929800e-14
7203.700000 3.935800e-14
7206.720000 3.941900e-14
7209.740000 3.947900e-14
7212.770000 3.954600e-14
7215.790000 3.962600e-14
7218.810000 3.970500e-14
7221.830000 3.977300e-14
7224.860000 3.981900e-14
7227.880000 3.982300e-14
7230.900000 3.977400e-14
7233.930000 3.966500e-14
7236.950000 3.953900e-14
7239.970000 3.942400e-14
7242.990000 3.930600e-14
7246.020000 3.917900e-14
7249.040000 3.905500e-14
7252.060000 3.895400e-14
7255.080000 3.887500e-14
7258.110000 3.877700e-14
7261.130000 3.864100e-14
7264.150000 3.848100e-14
7267.170000 3.833400e-14
7270.200000 3.822300e-14
7273.220000 3.816200e-14
7276.240000 3.817000e-14
7279.260000 3.825000e-14
7282.290000 3.836200e-14
7285.310000 3.847100e-14
7288.330000 3.855200e-14
7291.350000 3.860400e-14
7294.380000 3.862700e-14
7297.400000 3.863500e-14
7300.420000 3.864100e-14
7303.440000 3.865300e-14
7306.470000 3.868500e-14
7309.490000 3.873700e-14
7312.510000 3.879500e-14
7315.540000 3.885100e-14
7318.560000 3.890400e-14
7321.580000 3.896100e-14
7324.600000 3.902100e-14
7327.630000 3.907500e-14
7330.650000 3.912300e-14
7333.670000 3.915500e-14
7336.690000 3.918000e-14
7339.720000 3.919100e-14
7342.740000 3.919100e-14
7345.760000 3.918600e-14
7348.780000 3.918300e-14
7351.810000 3.917400e-14
7354.830000 3.914200e-14
7357.850000 3.909900e-14
7360.870000 3.905400e-14
7363.900000 3.901800e-14
7366.920000 3.898100e-14
7369.940000 3.893900e-14
7372.960000 3.889800e-14
7375.990000 3.886300e-14
7379.010000 3.882300e-14
7382.030000 3.876900e-14
7385.050000 3.871200e-14
7388.080000 3.867300e-14
7391.100000 3.864900e-14
7394.120000 3.862000e-14
7397.150000 3.859000e-14
7400.170000 3.856100e-14
7403.190000 3.853900e-14
7406.210000 3.850200e-14
7409.240000 3.844000e-14
7412.260000 3.836600e-14
7415.280000 3.830700e-14
7418.300000 3.826000e-14
7421.330000 3.821200e-14
7424.350000 3.816000e-14
7427.370000 3.812700e-14
7430.390000 3.811400e-14
7433.420000 3.809100e-14
7436.440000 3.804600e-14
7439.460000 3.798500e-14
7442.480000 3.792200e-14
7445.510000 3.786300e-14
7448.530000 3.781400e-14
7451.550000 3.776800e-14
7454.570000 3.773200e-14
7457.600000 3.770700e-14
7460.620000 3.768500e-14
7463.640000 3.766700e-14
7466.670000 3.766100e-14
7469.690000 3.766100e-14
7472.710000 3.765900e-14
7475.730000 3.765300e-14
7478.760000 3.764200e-14
7481.780000 3.762300e-14
7484.800000 3.757800e-14
7487.820000 3.751000e-14
7490.850000 3.742300e-14
7493.870000 3.733500e-14
7496.890000 3.725100e-14
7499.910000 3.716200e-14
7502.940000 3.706500e-14
7505.960000 3.696100e-14
7508.980000 3.683500e-14
7512.000000 3.667900e-14
7515.030000 3.652400e-14
7518.050000 3.640200e-14
7521.070000 3.634600e-14
7524.090000 3.638100e-14
7527.120000 3.654700e-14
7530.140000 3.684700e-14
7533.160000 3.718700e-14
7536.180000 3.743900e-14
7539.210000 3.754600e-14
7542.230000 3.752800e-14
7545.250000 3.741000e-14
7548.280000 3.721900e-14
7551.300000 3.695900e-14
7554.320000 3.664400e-14
7557.340000 3.628000e-14
7560.370000 3.588300e-14
7563.390000 3.545300e-14
7566.410000 3.498100e-14
7569.430000 3.443200e-14
7572.460000 3.380100e-14
7575.480000 3.309000e-14
7578.500000 3.230100e-14
7581.520000 3.144700e-14
7584.550000 3.054600e-14
7587.570000 2.962700e-14
7590.590000 2.871800e-14
7593.610000 2.785000e-14
7596.640000 2.705900e-14
7599.660000 2.635800e-14
7602.680000 2.575600e-14
7605.700000 2.523900e-14
7608.730000 2.481800e-14
7611.750000 2.450300e-14
7614.770000 2.430500e-14
7617.790000 2.424500e-14
7620.820000 2.432700e-14
7623.840000 2.454700e-14
7626.860000 2.489900e-14
7629.890000 2.536500e-14
7632.910000 2.590800e-14
7635.930000 2.649000e-14
7638.950000 2.710900e-14
7641.980000 2.775500e-14
7645.000000 2.840000e-14
7648.020000 2.901400e-14
7651.040000 2.958800e-14
7654.070000 3.012800e-14
7657.090000 3.060900e-14
7660.110000 3.101200e-14
7663.130000 3.135100e-14
7666.160000 3.165100e-14
7669.180000 3.194400e-14
7672.200000 3.225800e-14
7675.220000 3.261100e-14
7678.250000 3.299700e-14
7681.270000 3.335600e-14
7684.290000 3.358800e-14
7687.310000 3.365900e-14
7690.340000 3.362900e-14
7693.360000 3.356800e-14
7696.380000 3.351700e-14
7699.400000 3.348900e-14
7702.430000 3.348200e-14
7705.450000 3.349600e-14
7708.470000 3.352000e-14
7711.500000 3.353700e-14
7714.520000 3.354500e-14
7717.540000 3.353400e-14
7720.560000 3.349700e-14
7723.590000 3.344500e-14
7726.610000 3.337200e-14
7729.630000 3.329800e-14
7732.650000 3.324200e-14
7735.680000 3.319200e-14
7738.700000 3.313400e-14
7741.720000 3.308300e-14
7744.740000 3.306100e-14
7747.770000 3.307900e-14
7750.790000 3.311300e-14
7753.810000 3.313900e-14
7756.830000 3.313900e-14
7759.860000 3.313400e-14
7762.880000 3.313900e-14
7765.900000 3.315200e-14
7768.920000 3.317700e-14
7771.950000 3.320000e-14
7774.970000 3.320800e-14
7777.990000 3.320000e-14
7781.020000 3.317200e-14
7784.040000 3.312700e-14
7787.060000 3.308400e-14
7790.080000 3.305200e-14
7793.110000 3.301300e-14
7796.130000 3.295300e-14
7799.150000 3.289000e-14
7802.170000 3.284000e-14
7805.200000 3.279800e-14
7808.220000 3.274300e-14
7811.240000 3.267500e-14
7814.260000 3.261100e-14
7817.290000 3.255800e-14
7820.310000 3.253000e-14
7823.330000 3.252600e-14
7826.350000 3.253000e-14
7829.380000 3.252100e-14
7832.400000 3.250000e-14
7835.420000 3.246200e-14
7838.440000 3.240900e-14
7841.470000 3.234800e-14
7844.490000 3.229300e-14
7847.510000 3.227000e-14
7850.530000 3.229100e-14
7853.560000 3.235700e-14
7856.580000 3.244100e-14
7859.600000 3.250900e-14
7862.630000 3.253900e-14
7865.650000 3.253300e-14
7868.670000 3.249200e-14
7871.690000 3.242200e-14
7874.720000 3.232000e-14
7877.740000 3.219000e-14
7880.760000 3.204200e-14
7883.780000 3.187600e-14
7886.810000 3.169600e-14
7889.830000 3.152900e-14
7892.850000 3.139000e-14
7895.870000 3.128000e-14
7898.900000 3.120900e-14
7901.920000 3.117400e-14
7904.940000 3.116700e-14
7907.960000 3.116700e-14
7910.990000 3.116700e-14
7914.010000 3.116300e-14
7917.030000 3.114600e-14
7920.050000 3.110900e-14
7923.080000 3.104800e-14
7926.100000 3.097000e-14
7929.120000 3.089100e-14
7932.140000 3.083000e-14
7935.170000 3.079900e-14
7938.190000 3.079000e-14
7941.210000 3.079500e-14
7944.240000 3.080700e-14
7947.260000 3.081400e-14
7950.280000 3.082200e-14
7953.300000 3.083200e-14
7956.330000 3.082600e-14
7959.350000 3.079900e-14
7962.370000 3.076700e-14
7965.390000 3.075600e-14
7968.420000 3.075300e-14
7971.440000 3.075300e-14
7974.460000 3.074200e-14
7977.480000 3.069200e-14
7980.510000 3.059000e-14
7983.530000 3.044400e-14
7986.550000 3.025700e-14
7989.570000 3.004300e-14
7992.600000 2.982100e-14
7995.620000 2.960900e-14
7998.640000 2.942800e-14
8001.660000 2.929500e-14
8004.690000 2.920700e-14
8007.710000 2.915400e-14
8010.730000 2.912500e-14
8013.750000 2.911100e-14
8016.780000 2.910200e-14
8019.800000 2.910600e-14
8022.820000 2.912200e-14
8025.850000 2.912900e-14
8028.870000 2.911300e-14
8031.890000 2.906800e-14
8034.910000 2.900000e-14
8037.940000 2.892400e-14
8040.960000 2.884000e-14
8043.980000 2.874300e-14
8047.000000 2.864600e-14
8050.030000 2.857500e-14
8053.050000 2.853600e-14
8056.070000 2.851400e-14
8059.090000 2.849600e-14
8062.120000 2.850200e-14
8065.140000 2.853700e-14
8068.160000 2.859200e-14
8071.180000 2.864300e-14
8074.210000 2.868000e-14
8077.230000 2.868700e-14
8080.250000 2.867100e-14
8083.270000 2.863900e-14
8086.300000 2.858500e-14
8089.320000 2.849400e-14
8092.340000 2.837500e-14
8095.360000 2.825300e-14
8098.390000 2.812500e-14
8101.410000 2.799400e-14
8104.430000 2.786200e-14
8107.460000 2.772500e-14
8110.480000 2.759300e-14
8113.500000 2.747800e-14
8116.520000 2.738500e-14
8119.550000 2.730100e-14
8122.570000 2.721700e-14
8125.590000 2.712100e-14
8128.610000 2.701400e-14
8131.640000 2.691300e-14
8134.660000 2.682200e-14
8137.680000 2.673400e-14
8140.700000 2.663700e-14
8143.730000 2.653900e-14
8146.750000 2.646300e-14
8149.770000 2.641800e-14
8152.790000 2.639700e-14
8155.820000 2.638600e-14
8158.840000 2.638800e-14
8161.860000 2.638500e-14
8164.880000 2.636800e-14
8167.910000 2.634200e-14
8170.930000 2.631900e-14
8173.950000 2.630800e-14
8176.980000 2.632000e-14
8180.000000 2.635200e-14
8183.020000 2.639100e-14
8186.040000 2.643100e-14
8189.070000 2.646800e-14
8192.090000 2.650500e-14
8195.110000 2.652200e-14
8198.130000 2.650400e-14
8201.160000 2.645400e-14
8204.180000 2.637300e-14
8207.200000 2.627600e-14
8210.220000 2.617800e-14
8213.250000 2.607300e-14
8216.270000 2.595000e-14
8219.290000 2.582000e-14
8222.310000 2.569100e-14
8225.340000 2.557600e-14
8228.360000 2.547400e-14
8231.380000 2.540300e-14
8234.400000 2.537700e-14
8237.430000 2.538500e-14
8240.450000 2.541400e-14
8243.470000 2.545300e-14
8246.490000 2.550400e-14
8249.520000 2.554400e-14
8252.540000 2.556600e-14
8255.560000 2.557100e-14
8258.590000 2.553500e-14
8261.610000 2.543600e-14
8264.630000 2.527800e-14
8267.650000 2.508600e-14
8270.680000 2.486800e-14
8273.700000 2.463000e-14
8276.720000 2.438600e-14
8279.740000 2.416000e-14
8282.770000 2.396100e-14
8285.790000 2.377900e-14
8288.810000 2.360900e-14
8291.830000 2.345300e-14
8294.860000 2.331500e-14
8297.880000 2.319600e-14
8300.900000 2.309200e-14
8303.920000 2.299300e-14
8306.950000 2.289000e-14
8309.970000 2.277800e-14
8312.990000 2.262700e-14
8316.010000 2.242900e-14
8319.040000 2.221200e-14
8322.060000 2.200000e-14
8325.080000 2.181000e-14
8328.100000 2.163800e-14
8331.130000 2.148100e-14
8334.150000 2.136000e-14
8337.170000 2.131600e-14
8340.200000 2.134300e-14
8343.220000 2.141100e-14
8346.240000 2.147200e-14
8349.260000 2.152900e-14
8352.290000 2.159900e-14
8355.310000 2.168000e-14
8358.330000 2.175400e-14
8361.350000 2.180700e-14
8364.380000 2.183200e-14
8367.400000 2.183500e-14
8370.420000 2.182500e-14
8373.440000 2.181800e-14
8376.470000 2.180900e-14
8379.490000 2.178400e-14
8382.510000 2.174600e-14
8385.530000 2.172200e-14
8388.560000 2.172300e-14
8391.580000 2.175200e-14
8394.600000 2.180000e-14
8397.620000 2.187000e-14
8400.650000 2.196500e-14
8403.670000 2.208400e-14
8406.690000 2.219100e-14
8409.710000 2.226000e-14
8412.740000 2.230000e-14
8415.760000 2.232900e-14
8418.780000 2.234400e-14
8421.810000 2.232600e-14
8424.830000 2.228700e-14
8427.850000 2.225100e-14
8430.870000 2.222400e-14
8433.900000 2.220500e-14
8436.920000 2.218900e-14
8439.940000 2.218800e-14
8442.960000 2.219700e-14
8445.990000 2.220400e-14
8449.010000 2.220800e-14
8452.030000 2.223000e-14
8455.050000 2.226700e-14
8458.080000 2.231600e-14
8461.100000 2.237000e-14
8464.120000 2.240900e-14
8467.140000 2.243900e-14
8470.170000 2.246700e-14
8473.190000 2.249000e-14
8476.210000 2.249600e-14
8479.230000 2.247900e-14
8482.260000 2.246500e-14
8485.280000 2.248100e-14
8488.300000 2.252400e-14
8491.330000 2.255800e-14
8494.350000 2.255200e-14
8497.370000 2.250800e-14
8500.390000 2.246000e-14
8503.420000 2.242400e-14
8506.440000 2.239000e-14
8509.460000 2.236600e-14
8512.480000 2.237000e-14
8515.510000 2.241400e-14
8518.530000 2.249000e-14
8521.550000 2.258400e-14
8524.570000 2.269300e-14
8527.600000 2.279600e-14
8530.620000 2.288400e-14
8533.640000 2.296400e-14
8536.660000 2.304000e-14
8539.690000 2.311400e-14
8542.710000 2.317300e-14
8545.730000 2.321700e-14
8548.750000 2.325600e-14
8551.780000 2.330100e-14
8554.800000 2.334500e-14
8557.820000 2.338200e-14
8560.840000 2.343100e-14
8563.870000 2.350700e-14
8566.890000 2.359900e-14
8569.910000 2.370000e-14
8572.940000 2.382000e-14
8575.960000 2.397300e-14
8578.980000 2.414800e-14
8582.000000 2.432100e-14
8585.030000 2.448000e-14
8588.050000 2.462900e-14
8591.070000 2.477400e-14
8594.090000 2.490400e-14
8597.120000 2.500700e-14
8600.140000 2.507100e-14
8603.160000 2.510700e-14
8606.180000 2.512800e-14
8609.210000 2.514400e-14
8612.230000 2.514500e-14
8615.250000 2.513600e-14
8618.270000 2.512000e-14
8621.300000 2.509700e-14
8624.320000 2.507900e-14
8627.340000 2.507600e-14
8630.360000 2.509700e-14
8633.390000 2.514800e-14
8636.410000 2.521700e-14
8639.430000 2.529200e-14
8642.450000 2.536100e-14
8645.480000 2.540500e-14
8648.500000 2.541800e-14
8651.520000 2.540900e-14
8654.550000 2.538600e-14
8657.570000 2.534700e-14
8660.590000 2.530200e-14
8663.610000 2.525100e-14
8666.640000 2.521100e-14
8669.660000 2.517300e-14
8672.680000 2.511800e-14
8675.700000 2.505100e-14
8678.730000 2.497900e-14
8681.750000 2.491400e-14
8684.770000 2.486200e-14
8687.790000 2.481300e-14
8690.820000 2.477000e-14
8693.840000 2.472800e-14
8696.860000 2.470200e-14
8699.880000 2.469000e-14
8702.910000 2.468600e-14
8705.930000 2.468000e-14
8708.950000 2.466500e-14
8711.970000 2.465800e-14
8715.000000 2.465300e-14
8718.020000 2.464600e-14
8721.040000 2.464500e-14
8724.060000 2.464800e-14
8727.090000 2.464300e-14
8730.110000 2.463300e-14
8733.130000 2.461600e-14
8736.160000 2.458800e-14
8739.180000 2.453700e-14
8742.200000 2.447800e-14
8745.220000 2.444900e-14
8748.250000 2.444800e-14
8751.270000 2.445600e-14
8754.290000 2.446200e-14
8757.310000 2.446500e-14
8760.340000 2.446200e-14
8763.360000 2.444500e-14
8766.380000 2.440400e-14
8769.400000 2.434000e-14
8772.430000 2.425700e-14
8775.450000 2.414600e-14
8778.470000 2.400400e-14
8781.490000 2.384300e-14
8784.520000 2.368600e-14
8787.540000 2.354800e-14
8790.560000 2.342700e-14
8793.580000 2.332500e-14
8796.610000 2.323800e-14
8799.630000 2.316100e-14
8802.650000 2.310900e-14
8805.680000 2.309400e-14
8808.700000 2.311300e-14
8811.720000 2.315900e-14
8814.740000 2.321900e-14
8817.770000 2.329300e-14
8820.790000 2.337200e-14
8823.810000 2.344300e-14
8826.830000 2.350900e-14
8829.860000 2.354900e-14
8832.880000 2.354500e-14
8835.900000 2.349700e-14
8838.920000 2.341700e-14
8841.950000 2.331800e-14
8844.970000 2.321100e-14
8847.990000 2.311700e-14
8851.010000 2.304300e-14
8854.040000 2.299500e-14
8857.060000 2.295900e-14
8860.080000 2.293600e-14
8863.100000 2.293500e-14
8866.130000 2.293800e-14
8869.150000 2.293400e-14
8872.170000 2.292100e-14
8875.190000 2.291900e-14
8878.220000 2.292100e-14
8881.240000 2.292200e-14
8884.260000 2.288900e-14
8887.290000 2.281100e-14
8890.310000 2.271800e-14
8893.330000 2.265600e-14
8896.350000 2.263500e-14
8899.380000 2.260700e-14
8902.400000 2.255200e-14
8905.420000 2.247600e-14
8908.440000 2.239700e-14
8911.470000 2.232000e-14
8914.490000 2.223800e-14
8917.510000 2.214200e-14
8920.530000 2.204900e-14
8923.560000 2.194900e-14
8926.580000 2.182400e-14
8929.600000 2.166000e-14
8932.620000 2.147500e-14
8935.650000 2.129500e-14
8938.670000 2.111400e-14
8941.690000 2.091600e-14
8944.710000 2.070300e-14
8947.740000 2.047100e-14
8950.760000 2.020700e-14
8953.780000 1.993700e-14
8956.800000 1.967500e-14
8959.830000 1.941800e-14
8962.850000 1.916100e-14
8965.870000 1.892000e-14
8968.900000 1.872600e-14
8971.920000 1.858500e-14
8974.940000 1.848700e-14
8977.960000 1.840100e-14
8980.990000 1.836200e-14
8984.010000 1.844700e-14
8987.030000 1.846400e-14
8990.050000 1.843300e-14
8993.080000 1.837600e-14
8996.100000 1.831000e-14
8999.120000 1.826400e-14
9002.140000 1.824200e-14
9005.170000 1.823500e-14
9008.190000 1.823200e-14
9011.210000 1.823000e-14
9014.230000 1.823900e-14
9017.260000 1.826400e-14
9020.280000 1.830900e-14
9023.300000 1.837700e-14
9026.320000 1.848800e-14
9029.350000 1.863400e-14
9032.370000 1.880300e-14
9035.390000 1.899600e-14
9038.410000 1.922900e-14
9041.440000 1.950400e-14
9044.460000 1.980500e-14
9047.480000 2.011600e-14
9050.510000 2.042500e-14
9053.530000 2.073200e-14
9056.550000 2.103300e-14
9059.570000 2.132300e-14
9062.600000 2.158300e-14
9065.620000 2.180900e-14
9068.640000 2.199900e-14
9071.660000 2.218200e-14
9074.690000 2.237400e-14
9077.710000 2.257300e-14
9080.730000 2.276800e-14
9083.750000 2.296500e-14
9086.780000 2.316900e-14
9089.800000 2.336700e-14
9092.820000 2.354900e-14
9095.840000 2.372900e-14
9098.870000 2.390800e-14
9101.890000 2.406700e-14
9104.910000 2.419700e-14
9107.930000 2.428400e-14
9110.960000 2.432300e-14
9113.980000 2.433100e-14
9117.000000 2.432100e-14
9120.030000 2.429300e-14
9123.050000 2.425100e-14
9126.070000 2.421900e-14
9129.090000 2.421200e-14
9132.120000 2.427200e-14
9135.140000 2.435000e-14
9138.160000 2.426100e-14
9141.180000 2.413800e-14
9144.210000 2.401800e-14
9147.230000 2.390400e-14
9150.250000 2.380700e-14
9153.270000 2.372900e-14
9156.300000 2.367500e-14
9159.320000 2.366100e-14
9162.340000 2.370000e-14
9165.360000 2.378600e-14
9168.390000 2.390500e-14
9171.410000 2.403700e-14
9174.430000 2.418300e-14
9177.450000 2.434800e-14
9180.480000 2.452200e-14
9183.500000 2.470900e-14
9186.520000 2.490100e-14
9189.540000 2.505800e-14
9192.570000 2.520500e-14
9195.590000 2.535000e-14
9198.610000 2.549100e-14
9201.640000 2.562100e-14
9204.660000 2.572900e-14
9207.680000 2.581300e-14
9210.700000 2.585300e-14
9213.730000 2.581300e-14
9216.750000 2.568900e-14
9219.770000 2.550900e-14
9222.790000 2.530500e-14
9225.820000 2.508200e-14
9228.840000 2.483100e-14
9231.860000 2.453900e-14
9234.880000 2.421000e-14
9237.910000 2.387200e-14
9240.930000 2.356000e-14
9243.950000 2.329300e-14
9246.970000 2.307500e-14
9250.000000 2.289900e-14
9253.020000 2.277700e-14
9256.040000 2.268400e-14
9259.060000 2.258000e-14
9262.090000 2.247500e-14
9265.110000 2.238300e-14
9268.130000 2.230500e-14
9271.150000 2.223500e-14
9274.180000 2.216300e-14
9277.200000 2.208700e-14
9280.220000 2.199400e-14
9283.250000 2.184400e-14
9286.270000 2.159800e-14
9289.290000 2.127500e-14
9292.310000 2.093300e-14
9295.340000 2.059800e-14
9298.360000 2.025900e-14
9301.380000 1.995100e-14
9304.400000 1.967600e-14
9307.430000 1.941500e-14
9310.450000 1.916400e-14
9313.470000 1.889500e-14
9316.490000 1.859100e-14
9319.520000 1.828100e-14
9322.540000 1.798600e-14
9325.560000 1.770600e-14
9328.580000 1.741700e-14
9331.610000 1.711500e-14
9334.630000 1.683300e-14
9337.650000 1.658500e-14
9340.670000 1.637100e-14
9343.700000 1.621600e-14
9346.720000 1.608700e-14
9349.740000 1.599100e-14
9352.760000 1.594800e-14
9355.790000 1.594800e-14
9358.810000 1.598400e-14
9361.830000 1.603400e-14
9364.860000 1.608300e-14
9367.880000 1.614800e-14
9370.900000 1.623200e-14
9373.920000 1.630900e-14
9376.950000 1.635200e-14
9379.970000 1.634200e-14
9382.990000 1.626200e-14
9386.010000 1.613200e-14
9389.040000 1.600400e-14
9392.060000 1.589400e-14
9395.080000 1.578900e-14
9398.100000 1.566500e-14
9401.130000 1.552700e-14
9404.150000 1.542400e-14
9407.170000 1.533700e-14
9410.190000 1.523000e-14
9413.220000 1.512900e-14
9416.240000 1.506100e-14
9419.260000 1.501600e-14
9422.280000 1.497300e-14
9425.310000 1.490800e-14
9428.330000 1.480800e-14
9431.350000 1.467400e-14
9434.370000 1.449000e-14
9437.400000 1.427900e-14
9440.420000 1.408100e-14
9443.440000 1.391500e-14
9446.470000 1.377400e-14
9449.490000 1.365600e-14
9452.510000 1.357500e-14
9455.530000 1.350500e-14
9458.560000 1.343600e-14
9461.580000 1.337000e-14
9464.600000 1.330500e-14
9467.620000 1.326200e-14
9470.650000 1.324700e-14
9473.670000 1.324100e-14
9476.690000 1.322700e-14
9479.710000 1.320500e-14
9482.740000 1.318700e-14
9485.760000 1.319100e-14
9488.780000 1.320800e-14
9491.800000 1.321600e-14
9494.830000 1.320400e-14
9497.850000 1.316900e-14
9500.870000 1.312300e-14
9503.890000 1.307900e-14
9506.920000 1.303000e-14
9509.940000 1.298100e-14
9512.960000 1.292200e-14
9515.990000 1.287200e-14
9519.010000 1.284500e-14
9522.030000 1.282700e-14
9525.050000 1.280200e-14
9528.080000 1.276200e-14
9531.100000 1.270000e-14
9534.120000 1.262000e-14
9537.140000 1.254600e-14
9540.170000 1.249800e-14
9543.190000 1.245700e-14
9546.210000 1.240500e-14
9549.230000 1.233800e-14
9552.260000 1.227400e-14
9555.280000 1.223600e-14
9558.300000 1.220600e-14
9561.320000 1.215700e-14
9564.350000 1.211300e-14
9567.370000 1.207500e-14
9570.390000 1.202300e-14
9573.410000 1.196800e-14
9576.440000 1.192300e-14
9579.460000 1.188500e-14
9582.480000 1.187300e-14
9585.500000 1.188700e-14
9588.530000 1.191900e-14
9591.550000 1.194000e-14
9594.570000 1.194000e-14
9597.600000 1.192200e-14
9600.620000 1.189600e-14
9603.640000 1.186600e-14
9606.660000 1.183000e-14
9609.690000 1.179500e-14
9612.710000 1.177300e-14
9615.730000 1.175800e-14
9618.750000 1.173900e-14
9621.780000 1.170000e-14
9624.800000 1.165100e-14
9627.820000 1.160200e-14
9630.840000 1.155900e-14
9633.870000 1.151700e-14
9636.890000 1.147100e-14
9639.910000 1.142200e-14
9642.930000 1.138600e-14
9645.960000 1.138600e-14
9648.980000 1.140500e-14
9652.000000 1.143400e-14
9655.020000 1.147900e-14
9658.050000 1.152300e-14
9661.070000 1.155200e-14
9664.090000 1.156700e-14
9667.110000 1.159500e-14
9670.140000 1.162900e-14
9673.160000 1.165000e-14
9676.180000 1.164800e-14
9679.210000 1.161600e-14
9682.230000 1.156100e-14
9685.250000 1.149000e-14
9688.270000 1.142100e-14
9691.300000 1.135400e-14
9694.320000 1.126000e-14
9697.340000 1.112800e-14
9700.360000 1.097500e-14
9703.390000 1.081400e-14
9706.410000 1.064300e-14
9709.430000 1.047600e-14
9712.450000 1.031100e-14
9715.480000 1.014500e-14
9718.500000 9.976900e-15
9721.520000 9.821500e-15
9724.540000 9.685300e-15
9727.570000 9.569600e-15
9730.590000 9.468100e-15
9733.610000 9.389200e-15
9736.630000 9.331500e-15
9739.660000 9.290400e-15
9742.680000 9.261600e-15
9745.700000 9.231700e-15
9748.720000 9.203200e-15
9751.750000 9.189800e-15
9754.770000 9.178300e-15
9757.790000 9.166900e-15
9760.820000 9.170800e-15
9763.840000 9.193600e-15
9766.860000 9.212900e-15
9769.880000 9.214900e-15
9772.910000 9.189400e-15
9775.930000 9.142400e-15
9778.950000 9.076900e-15
9781.970000 8.988300e-15
9785.000000 8.873700e-15
9788.020000 8.732300e-15
9791.040000 8.580900e-15
9794.060000 8.449300e-15
9797.090000 8.342200e-15
9800.110000 8.236800e-15
9803.130000 8.131300e-15
9806.150000 8.035200e-15
9809.180000 7.952700e-15
9812.200000 7.885600e-15
9815.220000 7.840500e-15
9818.240000 7.818100e-15
9821.270000 7.810500e-15
9824.290000 7.814800e-15
9827.310000 7.828900e-15
9830.340000 7.850900e-15
9833.360000 7.879500e-15
9836.380000 7.920200e-15
9839.400000 7.970500e-15
9842.430000 7.997900e-15
9845.450000 7.966900e-15
9848.470000 7.877500e-15
9851.490000 7.763800e-15
9854.520000 7.633000e-15
9857.540000 7.480300e-15
9860.560000 7.319200e-15
9863.580000 7.165700e-15
9866.610000 7.031500e-15
9869.630000 6.920700e-15
9872.650000 6.822900e-15
9875.670000 6.735600e-15
9878.700000 6.678300e-15
9881.720000 6.659000e-15
9884.740000 6.664200e-15
9887.760000 6.688700e-15
9890.790000 6.741100e-15
9893.810000 6.813600e-15
9896.830000 6.881500e-15
9899.850000 6.939200e-15
9902.880000 6.990900e-15
9905.900000 7.035800e-15
9908.920000 7.073800e-15
9911.950000 7.103300e-15
9914.970000 7.120500e-15
9917.990000 7.117800e-15
9921.010000 7.097000e-15
9924.040000 7.058000e-15
9927.060000 7.003800e-15
9930.080000 6.932400e-15
9933.100000 6.837700e-15
9936.130000 6.723500e-15
9939.150000 6.602900e-15
9942.170000 6.486800e-15
9945.190000 6.381800e-15
9948.220000 6.283700e-15
9951.240000 6.187000e-15
9954.260000 6.096600e-15
9957.280000 6.020500e-15
9960.310000 5.960700e-15
9963.330000 5.912500e-15
9966.350000 5.877300e-15
9969.370000 5.860800e-15
9972.400000 5.868600e-15
9975.420000 5.904200e-15
9978.440000 5.964300e-15
9981.460000 6.043900e-15
9984.490000 6.142800e-15
9987.510000 6.264000e-15
9990.530000 6.395300e-15
9993.560000 6.511700e-15
9996.580000 6.600600e-15
