3999.840000 1.322100e-14
4008.910000 1.292500e-14
4013.440000 1.283100e-14
4017.980000 1.285100e-14
4022.510000 1.304900e-14
4027.050000 1.342300e-14
4031.580000 1.391100e-14
4036.120000 1.455200e-14
4040.650000 1.515200e-14
4045.190000 1.570300e-14
4049.720000 1.665900e-14
4054.250000 1.786700e-14
4058.790000 1.879100e-14
4063.320000 1.936600e-14
4067.860000 1.965600e-14
4072.390000 1.954800e-14
4076.930000 1.877100e-14
4081.460000 1.833600e-14
4086.000000 1.840600e-14
4090.530000 1.804400e-14
4095.070000 1.742100e-14
4099.600000 1.687300e-14
4104.140000 1.643000e-14
4108.670000 1.600800e-14
4113.200000 1.544500e-14
4117.740000 1.481300e-14
4122.270000 1.429200e-14
4126.810000 1.405200e-14
4131.340000 1.394400e-14
4135.880000 1.383800e-14
4140.410000 1.387000e-14
4144.950000 1.405500e-14
4149.480000 1.427100e-14
4154.020000 1.450100e-14
4158.550000 1.470600e-14
4163.080000 1.485000e-14
4167.620000 1.502400e-14
4172.150000 1.507000e-14
4176.690000 1.489000e-14
4181.220000 1.458500e-14
4185.760000 1.398700e-14
4190.290000 1.332600e-14
4194.830000 1.308700e-14
4199.360000 1.300200e-14
4203.900000 1.274100e-14
4208.430000 1.246500e-14
4212.960000 1.225500e-14
4217.500000 1.202700e-14
4222.030000 1.176000e-14
4226.570000 1.163800e-14
4231.100000 1.163200e-14
4235.640000 1.157700e-14
4240.170000 1.157800e-14
4244.710000 1.162200e-14
4249.240000 1.161900e-14
4253.780000 1.163000e-14
4258.310000 1.160100e-14
4262.850000 1.150300e-14
4267.380000 1.151200e-14
4271.910000 1.164200e-14
4276.450000 1.180400e-14
4280.980000 1.182100e-14
4285.520000 1.175900e-14
4290.050000 1.185400e-14
4294.590000 1.205200e-14
4299.120000 1.221500e-14
4303.660000 1.235200e-14
4308.190000 1.257100e-14
4312.730000 1.286500e-14
4317.260000 1.311700e-14
4321.790000 1.330000e-14
4326.330000 1.344000e-14
4330.860000 1.345800e-14
4335.400000 1.343700e-14
4339.930000 1.346200e-14
4344.470000 1.352400e-14
4349.000000 1.359900e-14
4353.540000 1.362700e-14
4358.070000 1.362400e-14
4362.610000 1.357500e-14
4367.140000 1.355100e-14
4371.670000 1.351700e-14
4376.210000 1.339900e-14
4380.740000 1.329200e-14
4385.280000 1.327900e-14
4389.810000 1.328000e-14
4394.350000 1.327500e-14
4398.880000 1.329300e-14
4403.420000 1.333300e-14
4407.950000 1.345700e-14
4412.490000 1.366000e-14
4417.020000 1.393100e-14
4421.550000 1.423800e-14
4426.090000 1.439800e-14
4430.620000 1.450100e-14
4435.160000 1.464300e-14
4439.690000 1.473300e-14
4444.230000 1.476600e-14
4448.760000 1.477000e-14
4453.300000 1.474500e-14
4457.830000 1.474800e-14
4462.370000 1.480800e-14
4466.900000 1.477000e-14
4471.440000 1.457600e-14
4475.970000 1.435700e-14
4480.500000 1.418200e-14
4485.040000 1.393500e-14
4489.570000 1.362500e-14
4494.110000 1.340500e-14
4498.640000 1.333000e-14
4503.180000 1.336300e-14
4507.710000 1.342600e-14
4512.250000 1.355400e-14
4516.780000 1.366900e-14
4521.320000 1.384300e-14
4525.850000 1.425500e-14
4530.380000 1.486400e-14
4534.920000 1.565700e-14
4539.450000 1.668000e-14
4543.990000 1.795200e-14
4548.520000 1.947500e-14
4553.060000 2.111200e-14
4557.590000 2.267000e-14
4562.130000 2.419700e-14
4566.660000 2.572300e-14
4571.200000 2.719900e-14
4575.730000 2.859400e-14
4580.260000 2.981600e-14
4584.800000 3.077000e-14
4589.330000 3.143800e-14
4593.870000 3.187200e-14
4598.400000 3.213000e-14
4602.940000 3.233200e-14
4607.470000 3.246300e-14
4612.010000 3.247300e-14
4616.540000 3.245100e-14
4621.080000 3.251400e-14
4625.610000 3.262300e-14
4630.150000 3.270400e-14
4634.680000 3.280800e-14
4639.210000 3.304300e-14
4643.750000 3.348100e-14
4648.280000 3.399900e-14
4652.820000 3.453200e-14
4657.350000 3.505700e-14
4661.890000 3.542400e-14
4666.420000 3.565200e-14
4670.960000 3.579300e-14
4675.490000 3.580400e-14
4680.030000 3.569200e-14
4684.560000 3.551900e-14
4689.090000 3.531300e-14
4693.630000 3.505700e-14
4698.160000 3.470100e-14
4702.700000 3.417000e-14
4707.230000 3.347700e-14
4711.770000 3.270600e-14
4716.300000 3.191700e-14
4720.840000 3.105100e-14
4725.370000 3.013000e-14
4729.910000 2.916300e-14
4734.440000 2.817100e-14
4738.970000 2.727800e-14
4743.510000 2.655400e-14
4748.040000 2.596300e-14
4752.580000 2.546800e-14
4757.110000 2.507300e-14
4761.650000 2.475300e-14
4766.180000 2.447800e-14
4770.720000 2.420000e-14
4775.250000 2.383800e-14
4779.790000 2.336000e-14
4784.320000 2.276600e-14
4788.850000 2.209600e-14
4793.390000 2.146400e-14
4797.920000 2.094500e-14
4802.460000 2.036400e-14
4806.990000 1.962400e-14
4811.530000 1.899600e-14
4816.060000 1.882600e-14
4820.600000 1.916300e-14
4825.130000 1.990600e-14
4829.670000 2.104500e-14
4834.200000 2.257900e-14
4838.740000 2.439900e-14
4843.270000 2.636500e-14
4847.800000 2.825800e-14
4852.340000 2.993700e-14
4856.870000 3.133700e-14
4861.410000 3.239000e-14
4865.940000 3.298500e-14
4870.480000 3.323100e-14
4875.010000 3.324400e-14
4879.550000 3.311100e-14
4884.080000 3.296500e-14
4888.620000 3.288000e-14
4893.150000 3.294200e-14
4897.680000 3.315600e-14
4902.220000 3.339500e-14
4906.750000 3.376800e-14
4911.290000 3.448500e-14
4915.820000 3.556900e-14
4920.360000 3.688900e-14
4924.890000 3.831300e-14
4929.430000 3.968300e-14
4933.960000 4.089000e-14
4938.500000 4.193600e-14
4943.030000 4.254400e-14
4947.560000 4.203400e-14
4952.100000 4.023300e-14
4956.630000 3.772000e-14
4961.170000 3.511200e-14
4965.700000 3.269300e-14
4970.240000 3.059800e-14
4974.770000 2.902400e-14
4979.310000 2.818700e-14
4983.840000 2.812400e-14
4988.380000 2.873300e-14
4992.910000 2.988700e-14
4997.440000 3.149400e-14
5001.980000 3.347000e-14
5006.510000 3.562900e-14
5011.050000 3.776500e-14
5015.580000 3.986500e-14
5020.120000 4.179000e-14
5024.650000 4.343200e-14
5029.190000 4.473800e-14
5033.720000 4.553600e-14
5038.260000 4.578000e-14
5042.790000 4.541000e-14
5047.330000 4.431600e-14
5051.860000 4.269600e-14
5056.390000 4.080700e-14
5060.930000 3.879600e-14
5065.460000 3.681500e-14
5070.000000 3.499300e-14
5074.530000 3.346400e-14
5079.070000 3.233500e-14
5083.600000 3.160400e-14
5088.140000 3.102800e-14
5092.670000 3.016100e-14
5097.210000 2.886900e-14
5101.740000 2.744800e-14
5106.270000 2.606600e-14
5110.810000 2.469800e-14
5115.340000 2.337300e-14
5119.880000 2.215100e-14
5124.410000 2.110400e-14
5128.950000 2.025400e-14
5133.480000 1.961500e-14
5138.020000 1.920700e-14
5142.550000 1.906600e-14
5147.090000 1.927000e-14
5151.620000 1.969600e-14
5156.150000 2.027400e-14
5160.690000 2.104800e-14
5165.220000 2.194800e-14
5169.760000 2.294100e-14
5174.290000 2.397900e-14
5178.830000 2.502000e-14
5183.360000 2.612100e-14
5187.900000 2.724100e-14
5192.430000 2.825800e-14
5196.970000 2.910100e-14
5201.500000 2.973400e-14
5206.040000 3.021800e-14
5210.570000 3.066800e-14
5215.100000 3.108200e-14
5219.640000 3.153400e-14
5224.170000 3.206300e-14
5228.710000 3.261300e-14
5233.240000 3.315400e-14
5237.780000 3.369100e-14
5242.310000 3.412900e-14
5246.850000 3.444900e-14
5251.380000 3.458900e-14
5255.920000 3.452100e-14
5260.450000 3.425100e-14
5264.980000 3.379500e-14
5269.520000 3.326100e-14
5274.050000 3.280300e-14
5278.590000 3.250300e-14
5283.120000 3.230800e-14
5287.660000 3.227200e-14
5292.190000 3.245200e-14
5296.730000 3.271000e-14
5301.260000 3.299600e-14
5305.800000 3.329300e-14
5310.330000 3.359600e-14
5314.860000 3.394600e-14
5319.400000 3.441000e-14
5323.930000 3.500300e-14
5328.470000 3.570600e-14
5333.000000 3.642600e-14
5337.540000 3.707100e-14
5342.070000 3.760800e-14
5346.610000 3.797000e-14
5351.140000 3.813100e-14
5355.680000 3.813100e-14
5360.210000 3.799100e-14
5364.740000 3.781600e-14
5369.280000 3.768900e-14
5373.810000 3.767900e-14
5378.350000 3.786600e-14
5382.880000 3.824600e-14
5387.420000 3.878700e-14
5391.950000 3.955800e-14
5396.490000 4.043200e-14
5401.020000 4.125500e-14
5405.560000 4.196300e-14
5410.090000 4.257000e-14
5414.630000 4.310800e-14
5419.160000 4.354800e-14
5423.690000 4.387500e-14
5428.230000 4.410300e-14
5432.760000 4.430500e-14
5437.300000 4.442200e-14
5441.830000 4.434800e-14
5446.370000 4.406100e-14
5450.900000 4.354200e-14
5455.440000 4.279900e-14
5459.970000 4.187100e-14
5464.510000 4.086300e-14
5469.040000 3.984700e-14
5473.570000 3.887700e-14
5478.110000 3.804700e-14
5482.640000 3.747000e-14
5487.180000 3.730200e-14
5491.710000 3.751000e-14
5496.250000 3.805000e-14
5500.780000 3.889300e-14
5505.320000 3.999700e-14
5509.850000 4.130600e-14
5514.390000 4.266400e-14
5518.920000 4.401700e-14
5523.450000 4.534100e-14
5527.990000 4.655900e-14
5532.520000 4.762100e-14
5537.060000 4.854800e-14
5541.590000 4.924900e-14
5546.130000 4.964600e-14
5550.660000 4.975600e-14
5555.200000 4.957300e-14
5559.730000 4.902500e-14
5564.270000 4.810300e-14
5568.800000 4.694500e-14
5573.340000 4.563300e-14
5577.870000 4.421900e-14
5582.400000 4.270200e-14
5586.940000 4.110200e-14
5591.470000 3.951800e-14
5596.010000 3.796300e-14
5600.540000 3.640700e-14
5605.080000 3.485300e-14
5609.610000 3.340700e-14
5614.150000 3.215900e-14
5618.680000 3.111500e-14
5623.220000 3.034800e-14
5627.750000 2.991800e-14
5632.280000 2.989200e-14
5636.820000 3.023100e-14
5641.350000 3.094800e-14
5645.890000 3.202600e-14
5650.420000 3.341100e-14
5654.960000 3.501000e-14
5659.490000 3.668200e-14
5664.030000 3.836600e-14
5668.560000 4.002100e-14
5673.100000 4.152800e-14
5677.630000 4.275400e-14
5682.160000 4.367600e-14
5686.700000 4.434700e-14
5691.230000 4.471100e-14
5695.770000 4.481200e-14
5700.300000 4.476600e-14
5704.840000 4.453800e-14
5709.370000 4.416200e-14
5713.910000 4.368300e-14
5718.440000 4.307200e-14
5722.980000 4.237900e-14
5727.510000 4.164300e-14
5732.040000 4.085800e-14
5736.580000 4.009200e-14
5741.110000 3.933100e-14
5745.650000 3.859100e-14
5750.180000 3.787500e-14
5754.720000 3.719000e-14
5759.250000 3.656900e-14
5763.790000 3.603400e-14
5768.320000 3.556600e-14
5772.860000 3.513400e-14
5777.390000 3.469800e-14
5781.930000 3.424000e-14
5786.460000 3.379800e-14
5790.990000 3.335700e-14
5795.530000 3.284500e-14
5800.060000 3.226600e-14
5804.600000 3.159000e-14
5809.130000 3.075300e-14
5813.670000 2.976900e-14
5818.200000 2.869400e-14
5822.740000 2.754400e-14
5827.270000 2.633100e-14
5831.810000 2.506300e-14
5836.340000 2.382900e-14
5840.870000 2.290700e-14
5845.410000 2.245400e-14
5849.940000 2.247000e-14
5854.480000 2.298100e-14
5859.010000 2.392600e-14
5863.550000 2.527000e-14
5868.080000 2.703700e-14
5872.620000 2.916700e-14
5877.150000 3.153400e-14
5881.690000 3.405400e-14
5886.220000 3.661800e-14
5890.750000 3.914500e-14
5895.290000 4.150800e-14
5899.820000 4.367300e-14
5904.360000 4.560600e-14
5908.890000 4.723200e-14
5913.430000 4.844400e-14
5917.960000 4.924100e-14
5922.500000 4.966000e-14
5927.030000 4.974400e-14
5931.570000 4.953700e-14
5936.100000 4.910900e-14
5940.630000 4.855000e-14
5945.170000 4.791900e-14
5949.700000 4.718200e-14
5954.240000 4.634700e-14
5958.770000 4.551800e-14
5963.310000 4.484300e-14
5967.840000 4.429500e-14
5972.380000 4.373700e-14
5976.910000 4.311700e-14
5981.450000 4.254700e-14
5985.980000 4.212700e-14
5990.520000 4.178100e-14
5995.050000 4.152800e-14
5999.580000 4.131400e-14
6004.120000 4.107100e-14
6008.650000 4.088600e-14
6013.190000 4.073100e-14
6017.720000 4.054800e-14
6022.260000 4.034600e-14
6026.790000 4.015300e-14
6031.330000 3.994600e-14
6035.860000 3.972000e-14
6040.400000 3.956200e-14
6044.930000 3.952700e-14
6049.460000 3.953200e-14
6054.000000 3.951600e-14
6058.530000 3.944200e-14
6063.070000 3.926200e-14
6067.600000 3.893600e-14
6072.140000 3.837300e-14
6076.670000 3.760800e-14
6081.210000 3.676500e-14
6085.740000 3.591100e-14
6090.280000 3.504200e-14
6094.810000 3.418000e-14
6099.340000 3.339500e-14
6103.880000 3.281500e-14
6108.410000 3.249100e-14
6112.950000 3.239500e-14
6117.480000 3.254100e-14
6122.020000 3.296000e-14
6126.550000 3.364100e-14
6131.090000 3.450600e-14
6135.620000 3.548400e-14
6140.160000 3.658700e-14
6144.690000 3.775200e-14
6149.230000 3.889300e-14
6153.760000 3.992600e-14
6158.290000 4.069500e-14
6162.830000 4.113600e-14
6167.360000 4.118100e-14
6171.900000 4.077500e-14
6176.430000 3.995400e-14
6180.970000 3.885700e-14
6185.500000 3.759400e-14
6190.040000 3.623300e-14
6194.570000 3.492600e-14
6199.110000 3.381400e-14
6203.640000 3.299400e-14
6208.170000 3.250000e-14
6212.710000 3.229500e-14
6217.240000 3.231500e-14
6221.780000 3.254600e-14
6226.310000 3.296700e-14
6230.850000 3.352800e-14
6235.380000 3.415200e-14
6239.920000 3.480700e-14
6244.450000 3.545900e-14
6248.990000 3.604900e-14
6253.520000 3.652400e-14
6258.050000 3.689900e-14
6262.590000 3.717000e-14
6267.120000 3.735100e-14
6271.660000 3.743800e-14
6276.190000 3.739100e-14
6280.730000 3.725200e-14
6285.260000 3.710600e-14
6289.800000 3.697900e-14
6294.330000 3.687500e-14
6298.870000 3.683100e-14
6303.400000 3.689900e-14
6307.930000 3.701500e-14
6312.470000 3.711800e-14
6317.000000 3.721000e-14
6321.540000 3.733600e-14
6326.070000 3.748700e-14
6330.610000 3.755300e-14
6335.140000 3.750800e-14
6339.680000 3.738100e-14
6344.210000 3.717000e-14
6348.750000 3.691800e-14
6353.280000 3.670600e-14
6357.820000 3.656800e-14
6362.350000 3.654100e-14
6366.880000 3.660200e-14
6371.420000 3.664200e-14
6375.950000 3.650800e-14
6380.490000 3.612200e-14
6385.020000 3.552700e-14
6389.560000 3.474700e-14
6394.090000 3.377500e-14
6398.630000 3.268200e-14
6403.160000 3.151700e-14
6407.700000 3.024400e-14
6412.230000 2.892400e-14
6416.760000 2.762000e-14
6421.300000 2.633700e-14
6425.830000 2.510600e-14
6430.370000 2.392800e-14
6434.900000 2.280100e-14
6439.440000 2.175900e-14
6443.970000 2.083800e-14
6448.510000 2.001300e-14
6453.040000 1.926500e-14
6457.580000 1.863200e-14
6462.110000 1.809400e-14
6466.640000 1.766100e-14
6471.180000 1.734200e-14
6475.710000 1.708300e-14
6480.250000 1.691000e-14
6484.780000 1.688700e-14
6489.320000 1.710700e-14
6493.850000 1.772400e-14
6498.390000 1.904400e-14
6502.920000 2.145100e-14
6507.460000 2.475200e-14
6511.990000 2.819700e-14
6516.530000 3.158100e-14
6521.060000 3.557700e-14
6525.590000 4.050800e-14
6530.130000 4.608200e-14
6534.660000 5.194000e-14
6539.200000 5.791100e-14
6543.730000 6.388300e-14
6548.270000 6.961200e-14
6552.800000 7.484800e-14
6557.340000 7.941600e-14
6561.870000 8.318200e-14
6566.410000 8.610100e-14
6570.940000 8.813000e-14
6575.470000 8.924500e-14
6580.010000 8.950500e-14
6584.540000 8.894200e-14
6589.080000 8.764400e-14
6593.610000 8.574400e-14
6598.150000 8.345400e-14
6602.680000 8.087300e-14
6607.220000 7.804300e-14
6611.750000 7.511600e-14
6616.290000 7.218200e-14
6620.820000 6.926000e-14
6625.350000 6.639500e-14
6629.890000 6.365200e-14
6634.420000 6.119600e-14
6638.960000 5.919100e-14
6643.490000 5.777200e-14
6648.030000 5.687700e-14
6652.560000 5.586700e-14
6657.100000 5.427300e-14
6661.630000 5.241100e-14
6666.170000 5.078900e-14
6670.700000 4.943000e-14
6675.230000 4.815900e-14
6679.770000 4.690900e-14
6684.300000 4.580700e-14
6688.840000 4.496500e-14
6693.370000 4.435200e-14
6697.910000 4.392900e-14
6702.440000 4.359800e-14
6706.980000 4.329600e-14
6711.510000 4.307100e-14
6716.050000 4.288700e-14
6720.580000 4.272800e-14
6725.120000 4.259400e-14
6729.650000 4.238600e-14
6734.180000 4.206800e-14
6738.720000 4.162300e-14
6743.250000 4.107600e-14
6747.790000 4.040500e-14
6752.320000 3.962500e-14
6756.860000 3.880600e-14
6761.390000 3.796800e-14
6765.930000 3.714600e-14
6770.460000 3.631200e-14
6775.000000 3.549000e-14
6779.530000 3.478900e-14
6784.060000 3.421900e-14
6788.600000 3.378600e-14
6793.130000 3.355700e-14
6797.670000 3.360300e-14
6802.200000 3.395300e-14
6806.740000 3.432800e-14
6811.270000 3.447500e-14
6815.810000 3.460000e-14
6820.340000 3.476500e-14
6824.880000 3.482300e-14
6829.410000 3.478300e-14
6833.940000 3.472800e-14
6838.480000 3.469400e-14
6843.010000 3.463900e-14
6847.550000 3.450400e-14
6852.080000 3.432600e-14
6856.620000 3.412900e-14
6861.150000 3.388200e-14
6865.690000 3.360200e-14
6870.220000 3.334200e-14
6874.760000 3.308400e-14
6879.290000 3.283300e-14
6883.820000 3.262300e-14
6888.360000 3.249800e-14
6892.890000 3.243800e-14
6897.430000 3.245600e-14
6901.960000 3.249900e-14
6906.500000 3.250300e-14
6911.030000 3.246900e-14
6915.570000 3.235200e-14
6920.100000 3.213200e-14
6924.640000 3.180900e-14
6929.170000 3.138700e-14
6933.710000 3.090400e-14
6938.240000 3.044700e-14
6942.770000 3.008100e-14
6947.310000 2.977200e-14
6951.840000 2.950900e-14
6956.380000 2.933300e-14
6960.910000 2.928600e-14
6965.450000 2.938100e-14
6969.980000 2.958700e-14
6974.520000 2.989600e-14
6979.050000 3.034300e-14
6983.590000 3.088300e-14
6988.120000 3.147900e-14
6992.650000 3.211700e-14
6997.190000 3.281300e-14
7001.720000 3.347600e-14
7006.260000 3.400800e-14
7010.790000 3.440900e-14
7015.330000 3.467400e-14
7019.860000 3.478600e-14
7024.400000 3.478700e-14
7028.930000 3.472600e-14
7033.470000 3.459800e-14
7038.000000 3.441400e-14
7042.530000 3.421900e-14
7047.070000 3.400900e-14
7051.600000 3.375200e-14
7056.140000 3.347700e-14
7060.670000 3.326700e-14
7065.210000 3.311400e-14
7069.740000 3.295100e-14
7074.280000 3.281400e-14
7078.810000 3.266500e-14
7083.350000 3.250500e-14
7087.880000 3.235900e-14
7092.420000 3.218500e-14
7096.950000 3.203500e-14
7101.480000 3.192100e-14
7106.020000 3.180000e-14
7110.550000 3.171300e-14
7115.090000 3.161200e-14
7119.620000 3.143900e-14
7124.160000 3.123600e-14
7128.690000 3.100600e-14
7133.230000 3.071700e-14
7137.760000 3.035900e-14
7142.300000 2.994200e-14
7146.830000 2.948000e-14
7151.360000 2.902700e-14
7155.900000 2.862900e-14
7160.430000 2.827400e-14
7164.970000 2.798400e-14
7169.500000 2.781700e-14
7174.040000 2.779700e-14
7178.570000 2.790900e-14
7183.110000 2.816300e-14
7187.640000 2.856500e-14
7192.180000 2.903200e-14
7196.710000 2.950400e-14
7201.240000 3.002200e-14
7205.780000 3.060800e-14
7210.310000 3.121400e-14
7214.850000 3.178100e-14
7219.380000 3.227300e-14
7223.920000 3.258900e-14
7228.450000 3.272900e-14
7232.990000 3.270800e-14
7237.520000 3.250800e-14
7242.060000 3.220200e-14
7246.590000 3.189400e-14
7251.120000 3.157400e-14
7255.660000 3.124800e-14
7260.190000 3.088900e-14
7264.730000 3.050600e-14
7269.260000 3.017600e-14
7273.800000 2.993500e-14
7278.330000 2.970800e-14
7282.870000 2.951500e-14
7287.400000 2.939500e-14
7291.940000 2.937600e-14
7296.470000 2.947500e-14
7301.010000 2.965800e-14
7305.540000 2.990200e-14
7310.070000 3.018600e-14
7314.610000 3.052500e-14
7319.140000 3.092100e-14
7323.680000 3.134300e-14
7328.210000 3.176200e-14
7332.750000 3.212800e-14
7337.280000 3.237100e-14
7341.820000 3.249100e-14
7346.350000 3.254200e-14
7350.890000 3.254300e-14
7355.420000 3.248700e-14
7359.950000 3.240000e-14
7364.490000 3.223500e-14
7369.020000 3.195400e-14
7373.560000 3.157100e-14
7378.090000 3.112800e-14
7382.630000 3.065400e-14
7387.160000 3.017500e-14
7391.700000 2.975100e-14
7396.230000 2.935600e-14
7400.770000 2.899500e-14
7405.300000 2.867400e-14
7409.830000 2.841300e-14
7414.370000 2.820600e-14
7418.900000 2.804400e-14
7423.440000 2.794500e-14
7427.970000 2.792200e-14
7432.510000 2.795600e-14
7437.040000 2.805100e-14
7441.580000 2.819700e-14
7446.110000 2.832500e-14
7450.650000 2.839000e-14
7455.180000 2.840800e-14
7459.720000 2.840200e-14
7464.250000 2.835500e-14
7468.780000 2.827800e-14
7473.320000 2.816100e-14
7477.850000 2.795500e-14
7482.390000 2.763500e-14
7486.920000 2.722100e-14
7491.460000 2.674600e-14
7495.990000 2.623400e-14
7500.530000 2.570200e-14
7505.060000 2.524000e-14
7509.600000 2.478900e-14
7514.130000 2.432400e-14
7518.660000 2.388100e-14
7523.200000 2.359800e-14
7527.730000 2.360000e-14
7532.270000 2.396100e-14
7536.800000 2.450100e-14
7541.340000 2.490600e-14
7545.870000 2.505500e-14
7550.410000 2.503900e-14
7554.940000 2.492400e-14
7559.480000 2.468500e-14
7564.010000 2.431100e-14
7568.540000 2.381200e-14
7573.080000 2.316600e-14
7577.610000 2.239600e-14
7582.150000 2.156700e-14
7586.680000 2.070900e-14
7591.220000 1.984300e-14
7595.750000 1.900100e-14
7600.290000 1.823400e-14
7604.820000 1.760600e-14
7609.360000 1.715400e-14
7613.890000 1.692300e-14
7618.420000 1.693100e-14
7622.960000 1.715100e-14
7627.490000 1.754300e-14
7632.030000 1.806700e-14
7636.560000 1.868600e-14
7641.100000 1.934600e-14
7645.630000 2.001800e-14
7650.170000 2.063500e-14
7654.700000 2.110800e-14
7659.240000 2.140300e-14
7663.770000 2.157000e-14
7668.310000 2.175100e-14
7672.840000 2.209800e-14
7677.370000 2.271700e-14
7681.910000 2.336700e-14
7686.440000 2.381100e-14
7690.980000 2.408400e-14
7695.510000 2.427800e-14
7700.050000 2.439500e-14
7704.580000 2.443400e-14
7709.120000 2.442400e-14
7713.650000 2.432200e-14
7718.190000 2.407700e-14
7722.720000 2.376300e-14
7727.250000 2.341700e-14
7731.790000 2.305300e-14
7736.320000 2.272400e-14
7740.860000 2.241700e-14
7745.390000 2.209900e-14
7749.930000 2.185300e-14
7754.460000 2.177100e-14
7759.000000 2.179600e-14
7763.530000 2.189300e-14
7768.070000 2.207700e-14
7772.600000 2.232200e-14
7777.130000 2.258400e-14
7781.670000 2.286700e-14
7786.200000 2.312800e-14
7790.740000 2.336600e-14
7795.270000 2.354200e-14
7799.810000 2.365000e-14
7804.340000 2.366800e-14
7808.880000 2.354900e-14
7813.410000 2.328600e-14
7817.950000 2.297400e-14
7822.480000 2.270900e-14
7827.010000 2.247500e-14
7831.550000 2.225000e-14
7836.080000 2.197600e-14
7840.620000 2.165800e-14
7845.150000 2.137200e-14
7849.690000 2.116900e-14
7854.220000 2.102600e-14
7858.760000 2.084300e-14
7863.290000 2.061000e-14
7867.830000 2.041900e-14
7872.360000 2.026000e-14
7876.900000 2.011900e-14
7881.430000 2.002100e-14
7885.960000 1.990900e-14
7890.500000 1.979400e-14
7895.030000 1.981400e-14
7899.570000 1.994600e-14
7904.100000 2.004100e-14
7908.640000 2.010700e-14
7913.170000 2.017000e-14
7917.710000 2.019600e-14
7922.240000 2.021900e-14
7926.780000 2.026000e-14
7931.310000 2.029300e-14
7935.840000 2.034600e-14
7940.380000 2.040700e-14
7944.910000 2.046900e-14
7949.450000 2.050200e-14
7953.980000 2.047200e-14
7958.520000 2.043900e-14
7963.050000 2.042600e-14
7967.590000 2.038400e-14
7972.120000 2.029300e-14
7976.660000 2.018300e-14
7981.190000 2.003000e-14
7985.720000 1.987200e-14
7990.260000 1.976500e-14
7994.790000 1.969600e-14
7999.330000 1.961200e-14
8003.860000 1.949300e-14
8008.400000 1.937800e-14
8012.930000 1.929300e-14
8017.470000 1.923000e-14
8022.000000 1.918600e-14
8026.540000 1.915100e-14
8031.070000 1.908500e-14
8035.610000 1.902600e-14
8040.140000 1.902500e-14
8044.670000 1.901600e-14
8049.210000 1.897800e-14
8053.740000 1.895500e-14
8058.280000 1.891700e-14
8062.810000 1.884500e-14
8067.350000 1.877300e-14
8071.880000 1.869900e-14
8076.420000 1.861200e-14
8080.950000 1.853300e-14
8085.490000 1.847100e-14
8090.020000 1.841700e-14
8094.550000 1.832700e-14
8099.090000 1.823600e-14
8103.620000 1.817800e-14
8108.160000 1.810500e-14
8112.690000 1.801300e-14
8117.230000 1.788900e-14
8121.760000 1.777600e-14
8126.300000 1.765600e-14
8130.830000 1.750300e-14
8135.370000 1.732800e-14
8139.900000 1.716800e-14
8144.430000 1.699100e-14
8148.970000 1.681200e-14
8153.500000 1.668700e-14
8158.040000 1.661900e-14
8162.570000 1.658500e-14
8167.110000 1.657500e-14
8171.640000 1.656800e-14
8176.180000 1.654200e-14
8180.710000 1.649500e-14
8185.250000 1.647500e-14
8189.780000 1.648900e-14
8194.310000 1.651900e-14
8198.850000 1.656400e-14
8203.380000 1.661800e-14
8207.920000 1.667500e-14
8212.450000 1.672900e-14
8216.990000 1.679500e-14
8221.520000 1.684800e-14
8226.060000 1.688400e-14
8230.590000 1.692900e-14
8235.130000 1.698900e-14
8239.660000 1.702500e-14
8244.200000 1.705400e-14
8248.730000 1.708900e-14
8253.260000 1.711400e-14
8257.800000 1.713900e-14
8262.330000 1.713100e-14
8266.870000 1.705800e-14
8271.400000 1.691700e-14
8275.940000 1.676300e-14
8280.470000 1.658800e-14
8285.010000 1.641000e-14
8289.540000 1.621800e-14
8294.080000 1.604900e-14
8298.610000 1.595000e-14
8303.140000 1.588600e-14
8307.680000 1.582800e-14
8312.210000 1.577500e-14
8316.750000 1.570500e-14
8321.280000 1.559700e-14
8325.820000 1.547200e-14
8330.350000 1.539600e-14
8334.890000 1.532400e-14
8339.420000 1.519000e-14
8343.960000 1.499300e-14
8348.490000 1.473500e-14
8353.020000 1.438500e-14
8357.560000 1.394200e-14
8362.090000 1.343000e-14
8366.630000 1.282600e-14
8371.160000 1.211000e-14
8375.700000 1.132300e-14
8380.230000 1.051100e-14
8384.770000 9.671500e-15
8389.300000 8.837400e-15
8393.840000 8.063500e-15
8398.370000 7.347200e-15
8402.910000 6.696400e-15
8407.440000 6.108600e-15
8411.970000 5.575600e-15
8416.510000 5.137400e-15
8421.040000 4.848100e-15
8425.580000 4.673900e-15
8430.110000 4.583900e-15
8434.650000 4.615300e-15
8439.180000 4.773500e-15
8443.720000 5.022300e-15
8448.250000 5.324400e-15
8452.790000 5.718000e-15
8457.320000 6.173800e-15
8461.850000 6.663500e-15
8466.390000 7.194300e-15
8470.920000 7.798600e-15
8475.460000 8.518300e-15
8479.990000 9.337600e-15
8484.530000 1.021500e-14
8489.060000 1.116000e-14
8493.600000 1.215600e-14
8498.130000 1.315800e-14
8502.670000 1.415400e-14
8507.200000 1.511400e-14
8511.730000 1.597800e-14
8516.270000 1.670900e-14
8520.800000 1.731200e-14
8525.340000 1.776700e-14
8529.870000 1.802800e-14
8534.410000 1.808400e-14
8538.940000 1.797100e-14
8543.480000 1.768500e-14
8548.010000 1.723100e-14
8552.550000 1.664700e-14
8557.080000 1.598500e-14
8561.610000 1.526900e-14
8566.150000 1.456600e-14
8570.680000 1.391900e-14
8575.220000 1.332000e-14
8579.750000 1.283300e-14
8584.290000 1.249400e-14
8588.820000 1.230700e-14
8593.360000 1.232200e-14
8597.890000 1.262200e-14
8602.430000 1.317200e-14
8606.960000 1.392700e-14
8611.500000 1.487400e-14
8616.030000 1.597900e-14
8620.560000 1.721800e-14
8625.100000 1.859400e-14
8629.630000 2.004100e-14
8634.170000 2.150300e-14
8638.700000 2.297100e-14
8643.240000 2.442400e-14
8647.770000 2.579300e-14
8652.310000 2.703100e-14
8656.840000 2.813500e-14
8661.380000 2.907500e-14
8665.910000 2.986800e-14
8670.440000 3.047800e-14
8674.980000 3.088800e-14
8679.510000 3.111300e-14
8684.050000 3.119300e-14
8688.580000 3.112300e-14
8693.120000 3.094700e-14
8697.650000 3.072900e-14
8702.190000 3.047300e-14
8706.720000 3.021100e-14
8711.260000 2.996100e-14
8715.790000 2.967800e-14
8720.320000 2.931200e-14
8724.860000 2.887800e-14
8729.390000 2.842200e-14
8733.930000 2.792800e-14
8738.460000 2.740100e-14
8743.000000 2.689400e-14
8747.530000 2.635200e-14
8752.070000 2.575600e-14
8756.600000 2.521700e-14
8761.140000 2.474600e-14
8765.670000 2.429100e-14
8770.210000 2.382400e-14
8774.740000 2.331700e-14
8779.270000 2.277600e-14
8783.810000 2.226400e-14
8788.340000 2.179500e-14
8792.880000 2.134300e-14
8797.410000 2.093400e-14
8801.950000 2.057100e-14
8806.480000 2.023100e-14
8811.020000 1.998200e-14
8815.550000 1.982900e-14
8820.090000 1.970000e-14
8824.620000 1.951000e-14
8829.150000 1.928900e-14
8833.690000 1.905300e-14
8838.220000 1.877800e-14
8842.760000 1.841200e-14
8847.290000 1.798900e-14
8851.830000 1.761300e-14
8856.360000 1.727800e-14
8860.900000 1.694000e-14
8865.430000 1.658400e-14
8869.970000 1.622700e-14
8874.500000 1.588200e-14
8879.030000 1.549500e-14
8883.570000 1.508400e-14
8888.100000 1.478300e-14
8892.640000 1.451900e-14
8897.170000 1.428400e-14
8901.710000 1.417000e-14
8906.240000 1.410500e-14
8910.780000 1.408700e-14
8915.310000 1.418000e-14
8919.850000 1.434200e-14
8924.380000 1.444100e-14
8928.910000 1.451900e-14
8933.450000 1.460500e-14
8937.980000 1.464100e-14
8942.520000 1.461700e-14
8947.050000 1.455200e-14
8951.590000 1.447800e-14
8956.120000 1.441900e-14
8960.660000 1.436100e-14
8965.190000 1.427000e-14
8969.730000 1.414700e-14
8974.260000 1.406100e-14
8978.800000 1.402100e-14
8983.330000 1.394800e-14
8987.860000 1.385900e-14
8992.400000 1.385500e-14
8996.930000 1.394500e-14
9001.470000 1.409500e-14
9006.000000 1.424100e-14
9010.540000 1.434000e-14
9015.070000 1.441100e-14
9019.610000 1.440600e-14
9024.140000 1.421800e-14
9028.680000 1.392400e-14
9033.210000 1.369000e-14
9037.740000 1.343100e-14
9042.280000 1.312500e-14
9046.810000 1.282400e-14
9051.350000 1.250300e-14
9055.880000 1.226700e-14
9060.420000 1.219900e-14
9064.950000 1.222800e-14
9069.490000 1.223300e-14
9074.020000 1.228600e-14
9078.560000 1.244200e-14
9083.090000 1.269700e-14
9087.620000 1.299300e-14
9092.160000 1.328300e-14
9096.690000 1.356600e-14
9101.230000 1.382900e-14
9105.760000 1.404600e-14
9110.300000 1.421000e-14
9114.830000 1.428700e-14
9119.370000 1.425000e-14
9123.900000 1.410400e-14
9128.440000 1.388500e-14
9132.970000 1.365400e-14
9137.500000 1.342700e-14
9142.040000 1.318800e-14
9146.570000 1.296900e-14
9151.110000 1.275400e-14
9155.640000 1.254400e-14
9160.180000 1.238500e-14
9164.710000 1.224100e-14
9169.250000 1.202300e-14
9173.780000 1.177400e-14
9178.320000 1.158900e-14
9182.850000 1.142500e-14
9187.390000 1.127100e-14
9191.920000 1.116500e-14
9196.450000 1.109900e-14
9200.990000 1.110700e-14
9205.520000 1.123300e-14
9210.060000 1.147500e-14
9214.590000 1.176000e-14
9219.130000 1.211800e-14
9223.660000 1.259000e-14
9228.200000 1.312900e-14
9232.730000 1.357400e-14
9237.270000 1.391000e-14
9241.800000 1.420300e-14
9246.330000 1.442200e-14
9250.870000 1.459300e-14
9255.400000 1.473100e-14
9259.940000 1.475400e-14
9264.470000 1.467200e-14
9269.010000 1.448900e-14
9273.540000 1.417700e-14
9278.080000 1.375300e-14
9282.610000 1.331000e-14
9287.150000 1.280900e-14
9291.680000 1.226200e-14
9296.210000 1.173500e-14
9300.750000 1.118300e-14
9305.280000 1.065000e-14
9309.820000 1.023200e-14
9314.350000 9.822600e-15
9318.890000 9.396200e-15
9323.420000 9.012900e-15
9327.960000 8.680700e-15
9332.490000 8.345500e-15
9337.030000 8.034000e-15
9341.560000 7.765500e-15
9346.100000 7.466600e-15
9350.630000 7.249300e-15
9355.160000 7.181800e-15
9359.700000 7.118100e-15
9364.230000 7.084800e-15
9368.770000 7.262400e-15
9373.300000 7.528300e-15
9377.840000 7.731600e-15
9382.370000 7.965000e-15
9386.910000 8.301500e-15
9391.440000 8.641000e-15
9395.980000 9.010900e-15
9400.510000 9.398100e-15
9405.040000 9.750200e-15
9409.580000 1.009700e-14
9414.110000 1.035900e-14
9418.650000 1.046300e-14
9423.180000 1.048300e-14
9427.720000 1.048900e-14
9432.250000 1.037700e-14
9436.790000 1.010100e-14
9441.320000 9.747500e-15
9445.860000 9.411700e-15
9450.390000 9.158300e-15
9454.920000 8.983700e-15
9459.460000 8.776600e-15
9463.990000 8.564000e-15
9468.530000 8.441000e-15
9473.060000 8.406200e-15
9477.600000 8.395000e-15
9482.130000 8.467100e-15
9486.670000 8.545800e-15
9491.200000 8.524000e-15
9495.740000 8.570800e-15
9500.270000 8.699700e-15
9504.800000 8.769200e-15
9509.340000 8.825300e-15
9513.870000 8.985100e-15
9518.410000 9.215100e-15
9522.940000 9.455700e-15
9527.480000 9.703600e-15
9532.010000 9.995100e-15
9536.550000 1.021100e-14
9541.080000 1.035000e-14
9545.620000 1.045700e-14
9550.150000 1.054400e-14
9554.690000 1.056800e-14
9559.220000 1.048400e-14
9563.750000 1.036000e-14
9568.290000 1.021200e-14
9572.820000 1.001400e-14
9577.360000 9.744000e-15
9581.890000 9.368500e-15
9586.430000 9.007300e-15
9590.960000 8.767900e-15
9595.500000 8.590500e-15
9600.030000 8.382800e-15
9604.570000 8.180000e-15
9609.100000 8.061500e-15
9613.630000 8.033600e-15
9618.170000 8.091200e-15
9622.700000 8.187700e-15
9627.240000 8.297100e-15
9631.770000 8.364800e-15
9636.310000 8.382500e-15
9640.840000 8.405800e-15
9645.380000 8.450400e-15
9649.910000 8.516800e-15
9654.450000 8.549500e-15
9658.980000 8.561800e-15
9663.510000 8.727600e-15
9668.050000 8.929800e-15
9672.580000 9.085500e-15
9677.120000 9.252400e-15
9681.650000 9.376000e-15
9686.190000 9.473600e-15
9690.720000 9.545400e-15
9695.260000 9.583300e-15
9699.790000 9.557400e-15
9704.330000 9.495800e-15
9708.860000 9.412600e-15
9713.400000 9.227600e-15
9717.930000 9.013300e-15
9722.460000 8.845300e-15
9727.000000 8.729500e-15
9731.530000 8.669600e-15
9736.070000 8.633600e-15
9740.600000 8.669100e-15
9745.140000 8.730300e-15
9749.670000 8.793300e-15
9754.210000 8.929200e-15
9758.740000 9.096100e-15
9763.280000 9.235100e-15
9767.810000 9.335800e-15
9772.340000 9.487400e-15
9776.880000 9.608900e-15
9781.410000 9.638000e-15
9785.950000 9.591900e-15
9790.480000 9.447000e-15
9795.020000 9.188800e-15
9799.550000 8.871800e-15
9804.090000 8.542800e-15
9808.620000 8.301700e-15
9813.160000 8.088000e-15
9817.690000 7.870800e-15
9822.220000 7.701300e-15
9826.760000 7.590600e-15
9831.290000 7.525600e-15
9835.830000 7.484800e-15
9840.360000 7.465600e-15
9844.900000 7.454100e-15
9849.430000 7.474200e-15
9853.970000 7.518300e-15
9858.500000 7.536800e-15
9863.040000 7.504900e-15
9867.570000 7.442300e-15
9872.100000 7.478200e-15
9876.640000 7.492700e-15
9881.170000 7.397000e-15
9885.710000 7.479000e-15
9890.240000 7.624400e-15
9894.780000 7.680700e-15
9899.310000 7.687600e-15
9903.850000 7.532100e-15
9908.380000 7.217300e-15
9912.920000 7.005700e-15
9917.450000 6.962200e-15
9921.990000 6.916900e-15
9926.520000 6.952600e-15
9931.050000 7.017000e-15
9935.590000 6.920300e-15
9940.120000 6.757900e-15
9944.660000 6.697900e-15
9949.190000 6.691000e-15
9953.730000 6.681400e-15
9958.260000 6.692100e-15
9962.800000 6.683500e-15
9967.330000 6.589100e-15
9971.870000 6.454500e-15
9976.400000 6.371900e-15
9980.930000 6.288000e-15
9985.470000 6.182400e-15
9990.000000 6.092700e-15
9994.540000 6.031000e-15
9999.070000 6.010400e-15
10003.610000 5.926500e-15
10008.140000 5.728700e-15
10012.680000 5.545000e-15
10017.210000 5.480000e-15
10021.750000 5.411600e-15
10026.280000 5.232500e-15
10030.810000 5.235200e-15
10035.350000 5.566500e-15
10039.880000 5.969900e-15
10044.420000 6.169700e-15
10048.950000 6.058600e-15
10053.490000 5.895400e-15
10058.020000 5.930300e-15
10062.560000 5.966000e-15
10067.090000 5.869400e-15
10071.630000 5.766200e-15
10076.160000 5.671800e-15
10080.690000 5.509600e-15
10085.230000 5.388500e-15
10089.760000 5.295900e-15
10094.300000 5.188000e-15
10098.830000 5.164600e-15
