4400.477117 5.549308e-16
4403.835388 2.774291e-16
4407.193659 2.331458e-16
4410.551930 7.986963e-16
4413.910201 6.758935e-16
4417.268472 1.062937e-15
4420.626743 1.061766e-15
4423.985014 4.413663e-16
4427.343284 5.163333e-16
4430.701555 4.855064e-16
4450.851181 1.522077e-16
4454.209452 3.025432e-16
4457.567722 2.021711e-16
4460.925993 3.405626e-17
4471.000806 3.544434e-16
4474.359077 9.118672e-16
4477.717348 4.519216e-16
4481.075619 2.221972e-16
4484.433889 6.829413e-17
4487.792160 4.834595e-17
4491.150431 1.624758e-16
4494.508702 5.862873e-17
4504.583515 1.528838e-17
4507.941786 5.775580e-17
4511.300056 2.089188e-16
4514.658327 2.790719e-16
4524.733140 1.155130e-16
4528.091411 3.808595e-16
4531.449682 5.750147e-16
4534.807953 3.728109e-16
4538.166223 4.308554e-16
4541.524494 4.255076e-16
4544.882765 4.159357e-16
4548.241036 5.259540e-16
4551.599307 1.571058e-16
4554.957578 2.637646e-16
4558.315849 3.856331e-16
4561.674120 2.357335e-16
4565.032391 1.426442e-16
4568.390661 5.691429e-16
4571.748932 6.270876e-16
4575.107203 4.266266e-16
4578.465474 2.498288e-16
4581.823745 3.947306e-16
4585.182016 5.274295e-16
4588.540287 8.442016e-16
4591.898558 1.016703e-15
4595.256828 7.956024e-16
4598.615099 2.987228e-16
4601.973370 3.695685e-16
4605.331641 4.268004e-16
4608.689912 2.491146e-16
4612.048183 2.853682e-17
4615.406454 9.283510e-17
4618.764725 2.734833e-16
4622.122995 6.542718e-16
4625.481266 6.266545e-16
4628.839537 2.798984e-16
4632.197808 3.646501e-17
4635.556079 2.078360e-17
4638.914350 1.382296e-16
4642.272621 4.319406e-16
4645.630892 5.835511e-16
4648.989162 2.117423e-16
4652.347433 3.534086e-16
4655.705704 5.392433e-16
4659.063975 4.948451e-16
4662.422246 2.657522e-16
4665.780517 1.408966e-16
4669.138788 2.842724e-16
4672.497059 5.853091e-16
4675.855330 4.644238e-16
4679.213600 4.280408e-16
4682.571871 4.289790e-16
4685.930142 3.136545e-16
4689.288413 2.517886e-16
4692.646684 3.770071e-16
4696.004955 4.485262e-16
4699.363226 3.330333e-16
4702.721497 5.551582e-16
4706.079767 6.165630e-16
4709.438038 6.108076e-16
4712.796309 4.909638e-16
4716.154580 6.127116e-16
4719.512851 6.965190e-16
4722.871122 5.606264e-16
4726.229393 5.025137e-16
4729.587664 4.444486e-16
4732.945934 3.252423e-16
4736.304205 3.153031e-16
4739.662476 3.046877e-16
4743.020747 4.207018e-16
4746.379018 4.981234e-16
4749.737289 3.945350e-16
4753.095560 3.528281e-16
4756.453831 2.613105e-16
4759.812101 2.963064e-16
4763.170372 4.242428e-16
4766.528643 4.861480e-16
4769.886914 5.023017e-16
4773.245185 6.171185e-16
4776.603456 5.365730e-16
4779.961727 2.673472e-16
4783.319998 2.738774e-16
4786.678269 4.768436e-16
4790.036539 4.215256e-16
4793.394810 2.067069e-16
4796.753081 2.074219e-16
4800.111352 3.123613e-16
4803.469623 4.892521e-16
4806.827894 6.957365e-16
4810.186165 5.413379e-16
4813.544436 4.134372e-16
4816.902706 4.212133e-16
4820.260977 2.781212e-16
4823.619248 7.818451e-17
4826.977519 2.441076e-16
4830.335790 7.414886e-16
4833.694061 6.439149e-16
4837.052332 4.668065e-16
4840.410603 3.287882e-16
4843.768873 3.109838e-16
4847.127144 4.264140e-16
4850.485415 4.074856e-16
4853.843686 4.110210e-16
4857.201957 4.208677e-16
4860.560228 4.501663e-16
4863.918499 5.421040e-16
4867.276770 5.166038e-16
4870.635040 4.530482e-16
4873.993311 4.365672e-16
4877.351582 5.214743e-16
4880.709853 6.297527e-16
4884.068124 3.709072e-16
4887.426395 3.008737e-17
4890.784666 1.972570e-16
4894.142937 4.761812e-16
4897.501207 4.454651e-16
4900.859478 3.675449e-16
4904.217749 3.824131e-16
4907.576020 4.258381e-16
4910.934291 3.823177e-16
4914.292562 4.217605e-16
4917.650833 4.229891e-16
4921.009104 3.275270e-16
4924.367375 3.314269e-16
4927.725645 4.621206e-16
4931.083916 4.105449e-16
4934.442187 4.171336e-16
4937.800458 3.789979e-16
4941.158729 3.435361e-16
4944.517000 2.999709e-16
4947.875271 2.647830e-16
4951.233542 2.340961e-16
4954.591812 2.089810e-16
4957.950083 2.130614e-16
4961.308354 3.382071e-16
4964.666625 4.599002e-16
4968.024896 6.813062e-16
4971.383167 7.259201e-16
4974.741438 6.153332e-16
4978.099709 5.091140e-16
4981.457979 5.621399e-16
4984.816250 7.461447e-16
4988.174521 6.830548e-16
4991.532792 5.526931e-16
4994.891063 6.530241e-16
4998.249334 4.433495e-16
5001.607605 4.504409e-16
5004.965876 6.557085e-16
5008.324146 6.162288e-16
5011.682417 4.935558e-16
5015.040688 5.660405e-16
5018.398959 7.616671e-16
5021.757230 6.606771e-16
5025.115501 5.322357e-16
5028.473772 3.428347e-16
5031.832043 3.143706e-16
5035.190314 4.531157e-16
5038.548584 4.306130e-16
5041.906855 4.097218e-16
5045.265126 5.331405e-16
5048.623397 6.569497e-16
5051.981668 6.103038e-16
5055.339939 5.189734e-16
5058.698210 5.475549e-16
5062.056481 5.905849e-16
5065.414751 6.283134e-16
5068.773022 6.122062e-16
5072.131293 6.292500e-16
5075.489564 6.558596e-16
5078.847835 6.839598e-16
5082.206106 7.038552e-16
5085.564377 6.778331e-16
5088.922648 6.449358e-16
5092.280918 6.775000e-16
5095.639189 6.878109e-16
5098.997460 6.726395e-16
5102.355731 6.531931e-16
5105.714002 6.331801e-16
5109.072273 6.124709e-16
5112.430544 5.953521e-16
5115.788815 6.466703e-16
5119.147085 6.851016e-16
5122.505356 6.424575e-16
5125.863627 6.549688e-16
5129.221898 5.940182e-16
5132.580169 4.913934e-16
5135.938440 5.042997e-16
5139.296711 4.532769e-16
5142.654982 5.001013e-16
5146.013253 5.683000e-16
5149.371523 6.663678e-16
5152.729794 5.969939e-16
5156.088065 5.293533e-16
5159.446336 4.513331e-16
5162.804607 4.196466e-16
5166.162878 5.182210e-16
5169.521149 5.131477e-16
5172.879420 4.391638e-16
5176.237690 3.942960e-16
5179.595961 5.186911e-16
5182.954232 5.987021e-16
5186.312503 7.169404e-16
5189.670774 6.694048e-16
5193.029045 5.464843e-16
5196.387316 4.666109e-16
5199.745587 4.399890e-16
5203.103857 4.981036e-16
5206.462128 4.026676e-16
5209.820399 5.354581e-16
5213.178670 6.440529e-16
5216.536941 4.772824e-16
5219.895212 4.790844e-16
5223.253483 5.672220e-16
5226.611754 5.954307e-16
5229.970024 4.681886e-16
5233.328295 5.373059e-16
5236.686566 5.188283e-16
5240.044837 4.899322e-16
5243.403108 5.770238e-16
5246.761379 5.315783e-16
5250.119650 4.730738e-16
5253.477921 6.005427e-16
5256.836192 6.544054e-16
5260.194462 4.626697e-16
5263.552733 3.589703e-16
5266.911004 3.784478e-16
5270.269275 5.044392e-16
5273.627546 6.877446e-16
5276.985817 5.863286e-16
5280.344088 3.723434e-16
5283.702359 4.837509e-16
5287.060629 4.846372e-16
5290.418900 6.499523e-16
5293.777171 7.569394e-16
5297.135442 6.489969e-16
5300.493713 3.832806e-16
5303.851984 2.991024e-16
5307.210255 5.454473e-16
5310.568526 7.091040e-16
5313.926796 6.666738e-16
5317.285067 6.021200e-16
5320.643338 5.014098e-16
5324.001609 3.830052e-16
5327.359880 5.249379e-16
5330.718151 5.168264e-16
5334.076422 5.520218e-16
5337.434693 6.457731e-16
5340.792963 5.340642e-16
5344.151234 4.710567e-16
5347.509505 5.462467e-16
5350.867776 5.563254e-16
5354.226047 6.385685e-16
5357.584318 7.389306e-16
5360.942589 5.751053e-16
5364.300860 3.447320e-16
5367.659130 3.744778e-16
5371.017401 5.838662e-16
5374.375672 7.579437e-16
5377.733943 7.380806e-16
5381.092214 6.338429e-16
5384.450485 5.684881e-16
5387.808756 6.500408e-16
5391.167027 7.108537e-16
5394.525298 5.724989e-16
5397.883568 5.420144e-16
5401.241839 6.364196e-16
5404.600110 6.465326e-16
5407.958381 7.220178e-16
5411.316652 7.592616e-16
5414.674923 6.149728e-16
5418.033194 5.432706e-16
5421.391465 5.462024e-16
5424.749735 4.853649e-16
5428.108006 4.979278e-16
5431.466277 6.246873e-16
5434.824548 6.486705e-16
5438.182819 6.273439e-16
5441.541090 6.021465e-16
5444.899361 5.943912e-16
5448.257632 6.253581e-16
5451.615902 7.173312e-16
5454.974173 7.622805e-16
5458.332444 7.480219e-16
5461.690715 6.173933e-16
5465.048986 5.336737e-16
5468.407257 6.105840e-16
5471.765528 6.731976e-16
5475.123799 7.603854e-16
5478.482069 7.922496e-16
5481.840340 7.048566e-16
5485.198611 6.738296e-16
5488.556882 6.420030e-16
5491.915153 5.298342e-16
5495.273424 4.557198e-16
5498.631695 5.603517e-16
5501.989966 5.710132e-16
5505.348237 5.345647e-16
5508.706507 5.057387e-16
5512.064778 5.298513e-16
5515.423049 6.758844e-16
5518.781320 6.768062e-16
5522.139591 7.081132e-16
5525.497862 6.434262e-16
5528.856133 6.008697e-16
5532.214404 5.648242e-16
5535.572674 5.423740e-16
5538.930945 6.288886e-16
5542.289216 6.389655e-16
5545.647487 5.686356e-16
5549.005758 5.907412e-16
5552.364029 6.433541e-16
5555.722300 6.928455e-16
5559.080571 7.256002e-16
5562.438841 6.296235e-16
5565.797112 4.974379e-16
5569.155383 5.763304e-16
5572.513654 6.031217e-16
5575.871925 7.414349e-16
5579.230196 7.066756e-16
5582.588467 6.648119e-16
5585.946738 6.603033e-16
5589.305008 5.121242e-16
5592.663279 4.921828e-16
5596.021550 5.580025e-16
5599.379821 6.230628e-16
5602.738092 3.484111e-16
5606.096363 4.122338e-16
5609.454634 5.896240e-16
5612.812905 7.061300e-16
5616.171176 6.034052e-16
5619.529446 5.561361e-16
5622.887717 5.628437e-16
5626.245988 4.945246e-16
5629.604259 5.393330e-16
5632.962530 5.799264e-16
5636.320801 5.889283e-16
5639.679072 6.529629e-16
5643.037343 6.485584e-16
5646.395613 4.387885e-16
5649.753884 4.647712e-16
5653.112155 6.801643e-16
5656.470426 6.217650e-16
5659.828697 5.738780e-16
5663.186968 5.838229e-16
5666.545239 4.877090e-16
5669.903510 5.019232e-16
5673.261780 5.713283e-16
5676.620051 5.513923e-16
5679.978322 5.162520e-16
5683.336593 5.874212e-16
5686.694864 5.525441e-16
5690.053135 4.335154e-16
5693.411406 4.340890e-16
5696.769677 4.166955e-16
5700.127947 4.823034e-16
5703.486218 4.789624e-16
5706.844489 4.091417e-16
5710.202760 4.009412e-16
5713.561031 4.664384e-16
5716.919302 4.977037e-16
5720.277573 3.782889e-16
5723.635844 3.686747e-16
5726.994115 4.651910e-16
5730.352385 3.455043e-16
5733.710656 3.363411e-16
5737.068927 4.803485e-16
5740.427198 4.623766e-16
5743.785469 3.756655e-16
5747.143740 4.130927e-16
5750.502011 5.322014e-16
5753.860282 5.781801e-16
5757.218552 6.209512e-16
5760.576823 5.569973e-16
5763.935094 5.252479e-16
5767.293365 4.504653e-16
5770.651636 3.989877e-16
5774.009907 3.936171e-16
5777.368178 4.293162e-16
5780.726449 5.384493e-16
5784.084719 5.600350e-16
5787.442990 5.352331e-16
5790.801261 4.015962e-16
5794.159532 4.138369e-16
5797.517803 4.380483e-16
5800.876074 5.568585e-16
5804.234345 5.677436e-16
5807.592616 4.837831e-16
5810.950886 5.286415e-16
5814.309157 5.378509e-16
5817.667428 4.983765e-16
5821.025699 4.304154e-16
5824.383970 4.667103e-16
5827.742241 5.280574e-16
5831.100512 4.985288e-16
5834.458783 5.132963e-16
5837.817053 4.439996e-16
5841.175324 3.866809e-16
5844.533595 3.736754e-16
5847.891866 4.451642e-16
5851.250137 3.941042e-16
5854.608408 3.171316e-16
5857.966679 4.148498e-16
5861.324950 4.981212e-16
5864.683221 4.802313e-16
5868.041491 3.509091e-16
5871.399762 4.028559e-16
5874.758033 4.395151e-16
5878.116304 5.018402e-16
5881.474575 4.271863e-16
5884.832846 3.934918e-16
5888.191117 3.842334e-16
5891.549388 5.564321e-16
5894.907658 6.032631e-16
5898.265929 5.086525e-16
5901.624200 4.780294e-16
5904.982471 4.660741e-16
5908.340742 4.739863e-16
5911.699013 4.355226e-16
5915.057284 5.370889e-16
5918.415555 5.384569e-16
5921.773825 4.596181e-16
5925.132096 4.672798e-16
5928.490367 5.364549e-16
5931.848638 6.269401e-16
5935.206909 5.815298e-16
5938.565180 5.423662e-16
5941.923451 5.758318e-16
5945.281722 5.612672e-16
5948.639992 5.946618e-16
5951.998263 5.283762e-16
5955.356534 5.153442e-16
5958.714805 5.345508e-16
5962.073076 5.226213e-16
5965.431347 5.645100e-16
5968.789618 5.250351e-16
5972.147889 5.909835e-16
5975.506160 6.316081e-16
5978.864430 6.385585e-16
5982.222701 7.800496e-16
5985.580972 7.413157e-16
5988.939243 6.625024e-16
5992.297514 6.999469e-16
5995.655785 4.417524e-16
5999.014056 5.840387e-17
6005.730597 6.366944e-17
6009.088868 2.249733e-16
6012.447139 6.068207e-16
6015.805410 6.309548e-16
6019.163681 6.240438e-16
6022.521952 6.499403e-16
6025.880223 5.539256e-16
6029.238494 5.806256e-16
6032.596764 6.714506e-16
6035.955035 6.287305e-16
6039.313306 5.598967e-16
6042.671577 5.574974e-16
6046.029848 5.686218e-16
6049.388119 5.651023e-16
6052.746390 6.088870e-16
6056.104661 5.916048e-16
6059.462931 5.821229e-16
6062.821202 6.204669e-16
6066.179473 6.481641e-16
6069.537744 6.285503e-16
6072.896015 6.082800e-16
6076.254286 6.083124e-16
6079.612557 6.330722e-16
6082.970828 6.319991e-16
6086.329099 5.890008e-16
6089.687369 5.525056e-16
6093.045640 5.041661e-16
6096.403911 5.512921e-16
6099.762182 5.755905e-16
6103.120453 5.577561e-16
6106.478724 5.414742e-16
6109.836995 5.800536e-16
6113.195266 5.951715e-16
6116.553536 5.010722e-16
6119.911807 4.518949e-16
6123.270078 4.537138e-16
6126.628349 5.180720e-16
6129.986620 5.237107e-16
6133.344891 4.297600e-16
6136.703162 5.535376e-16
6140.061433 5.092822e-16
6143.419703 5.104901e-16
6146.777974 5.402213e-16
6150.136245 5.733841e-16
6153.494516 6.064401e-16
6156.852787 5.952115e-16
6160.211058 5.867520e-16
6163.569329 6.285892e-16
6166.927600 5.677826e-16
6170.285870 5.274711e-16
6173.644141 5.508956e-16
6177.002412 5.734936e-16
6180.360683 6.463827e-16
6183.718954 5.687955e-16
6187.077225 5.159530e-16
6190.435496 5.472879e-16
6193.793767 5.378499e-16
6197.152038 5.060586e-16
6200.510308 4.425263e-16
6203.868579 4.224145e-16
6207.226850 4.958245e-16
6210.585121 5.746309e-16
6213.943392 5.541302e-16
6217.301663 5.150533e-16
6220.659934 5.838394e-16
6224.018205 6.056636e-16
6227.376475 5.934129e-16
6230.734746 5.162728e-16
6234.093017 5.105207e-16
6237.451288 5.666737e-16
6240.809559 5.560303e-16
6244.167830 5.624040e-16
6247.526101 5.717340e-16
6250.884372 5.801050e-16
6254.242642 5.876935e-16
6257.600913 5.823020e-16
6260.959184 5.313683e-16
6264.317455 5.102928e-16
6267.675726 5.416432e-16
6271.033997 5.595291e-16
6274.392268 5.603109e-16
6277.750539 5.490138e-16
6281.108809 4.994269e-16
6284.467080 4.630715e-16
6287.825351 5.275028e-16
6291.183622 5.397232e-16
6294.541893 4.969790e-16
6297.900164 4.767367e-16
6301.258435 4.632309e-16
6304.616706 4.510062e-16
6307.974976 4.438813e-16
6311.333247 4.784184e-16
6314.691518 5.552453e-16
6318.049789 5.722492e-16
6321.408060 5.851394e-16
6324.766331 5.905278e-16
6328.124602 4.864035e-16
6331.482873 4.437650e-16
6334.841144 4.834095e-16
6338.199414 4.985597e-16
6341.557685 5.223026e-16
6344.915956 5.891004e-16
6348.274227 5.634287e-16
6351.632498 5.661324e-16
6354.990769 5.591083e-16
6358.349040 5.294188e-16
6361.707311 5.271652e-16
6365.065581 5.812482e-16
6368.423852 2.977201e-16
6371.782123 4.031152e-16
6375.140394 4.603078e-16
6378.498665 4.699259e-16
6381.856936 4.957448e-16
6385.215207 5.546905e-16
6388.573478 5.527959e-16
6391.931748 5.524178e-16
6395.290019 5.367412e-16
6398.648290 4.910681e-16
6402.006561 4.204648e-16
6405.364832 4.575235e-16
6408.723103 4.808822e-16
6412.081374 5.809453e-16
6415.439645 6.631975e-16
6418.797915 5.979002e-16
6422.156186 5.342824e-16
6425.514457 5.369051e-16
6428.872728 5.199663e-16
6432.230999 5.174931e-16
6435.589270 5.652968e-16
6438.947541 5.548216e-16
6442.305812 4.539894e-16
6445.664083 4.771604e-16
6449.022353 5.183141e-16
6452.380624 5.177674e-16
6455.738895 4.653336e-16
6459.097166 5.511880e-16
6462.455437 5.827622e-16
6465.813708 5.770441e-16
6469.171979 5.357605e-16
6472.530250 4.499184e-16
6475.888520 4.671663e-16
6479.246791 4.204387e-16
6482.605062 4.834824e-16
6485.963333 5.433160e-16
6489.321604 5.519026e-16
6492.679875 5.642542e-16
6496.038146 5.029497e-16
6499.396417 4.797785e-16
6502.754687 5.064598e-16
6506.112958 5.812503e-16
6509.471229 5.878315e-16
6512.829500 5.530161e-16
6516.187771 5.396788e-16
6519.546042 4.660737e-16
6522.904313 4.975442e-16
6526.262584 5.751093e-16
6529.620854 6.340797e-16
6532.979125 5.962898e-16
6536.337396 5.022828e-16
6539.695667 5.574320e-16
6543.053938 6.305521e-16
6546.412209 6.428253e-16
6549.770480 6.155542e-16
6553.128751 5.718969e-16
6556.487022 5.924702e-16
6559.845292 6.429603e-16
6563.203563 7.629780e-16
6566.561834 7.403991e-16
6569.920105 6.946493e-16
6573.278376 6.397236e-16
6576.636647 6.627602e-16
6579.994918 6.720702e-16
6583.353189 6.828681e-16
6586.711459 6.846680e-16
6590.069730 6.484490e-16
6593.428001 7.519594e-16
6596.786272 8.558355e-16
6600.144543 8.749000e-16
6603.502814 8.645826e-16
6606.861085 8.666265e-16
6610.219356 8.275380e-16
6613.577626 7.712790e-16
6616.935897 8.100873e-16
6620.294168 8.355899e-16
6623.652439 8.553098e-16
6627.010710 8.639209e-16
6630.368981 8.767094e-16
6633.727252 8.271739e-16
6637.085523 8.728820e-16
6640.443793 8.685510e-16
6643.802064 8.190053e-16
6647.160335 8.305415e-16
6650.518606 8.516619e-16
6653.876877 8.383776e-16
6657.235148 8.191621e-16
6660.593419 8.064730e-16
6663.951690 8.033591e-16
6667.309961 8.009663e-16
6670.668231 7.985425e-16
6674.026502 7.962033e-16
6677.384773 7.939185e-16
6680.743044 7.916926e-16
6684.101315 7.895222e-16
6687.459586 7.874096e-16
6690.817857 7.853650e-16
6694.176128 7.833815e-16
6697.534398 7.814613e-16
6700.892669 7.796131e-16
6704.250940 7.778280e-16
6707.609211 7.761066e-16
6710.967482 7.744617e-16
6714.325753 7.727697e-16
6717.684024 7.717271e-16
6721.042295 7.704085e-16
6724.400565 7.477597e-16
6727.758836 7.086728e-16
6731.117107 7.397820e-16
6734.475378 7.621481e-16
6737.833649 7.948666e-16
6741.191920 8.036544e-16
6744.550191 8.018679e-16
6747.908462 7.715894e-16
6751.266732 7.426687e-16
6754.625003 6.995965e-16
6757.983274 6.406732e-16
6761.341545 5.944298e-16
6764.699816 6.581512e-16
6768.058087 6.685661e-16
6771.416358 6.925457e-16
6774.774629 6.705723e-16
6778.132899 6.512284e-16
6781.491170 6.526933e-16
6784.849441 6.395321e-16
6788.207712 6.143754e-16
6791.565983 6.224196e-16
6794.924254 6.803581e-16
6798.282525 6.947867e-16
6801.640796 6.606432e-16
6804.999067 6.418935e-16
6808.357337 5.957576e-16
6811.715608 6.057922e-16
6815.073879 5.763995e-16
6818.432150 5.641644e-16
6821.790421 5.484742e-16
6825.148692 5.378378e-16
6828.506963 5.318591e-16
6831.865234 5.269019e-16
6835.223504 5.217679e-16
6838.581775 5.164218e-16
6841.940046 5.109288e-16
6845.298317 5.053263e-16
6848.656588 4.996440e-16
6852.014859 4.939409e-16
6855.373130 4.882511e-16
6858.731401 4.826212e-16
6862.089671 4.770916e-16
6865.447942 4.717016e-16
6868.806213 4.665027e-16
6872.164484 4.615155e-16
6875.522755 4.520133e-16
6878.881026 4.464472e-16
6882.239297 5.033694e-16
6885.597568 5.066857e-16
6888.955838 4.680996e-16
6892.314109 4.530443e-16
6895.672380 4.542167e-16
6899.030651 4.510498e-16
6902.388922 4.626367e-16
6905.747193 4.914365e-16
6909.105464 5.117588e-16
6912.463735 5.038508e-16
6915.822006 4.799896e-16
6919.180276 4.581383e-16
6922.538547 4.259019e-16
6925.896818 5.914590e-16
6929.255089 5.345989e-16
6932.613360 4.796349e-16
6935.971631 4.823520e-16
6939.329902 4.945676e-16
6942.688173 5.386169e-16
6946.046443 5.061407e-16
6949.404714 5.117407e-16
6952.762985 5.314651e-16
6956.121256 4.659713e-16
6959.479527 4.498872e-16
6962.837798 4.729696e-16
6966.196069 4.502538e-16
6969.554340 4.269067e-16
6972.912610 5.185096e-16
6976.270881 4.956550e-16
6979.629152 4.487065e-16
6982.987423 4.760157e-16
6986.345694 5.186519e-16
6989.703965 4.719116e-16
6993.062236 4.590463e-16
6996.420507 4.879520e-16
6999.778777 5.165068e-16
7003.137048 5.161211e-16
7006.495319 5.272756e-16
7009.853590 4.797297e-16
7013.211861 4.991488e-16
7016.570132 4.854948e-16
7019.928403 5.466318e-16
7023.286674 5.123656e-16
7026.644945 4.514591e-16
