3501.063067 3.784878e-16
3502.800987 7.727647e-16
3504.538907 6.233907e-16
3506.276827 2.042997e-16
3508.014747 7.000986e-16
3509.752667 8.099870e-16
3511.490587 7.779957e-16
3513.228506 6.865406e-16
3514.966426 7.362109e-16
3516.704346 2.562643e-16
3518.442266 3.117282e-18
3521.918106 2.990395e-16
3523.656026 3.522260e-16
3525.393946 1.009476e-15
3527.131866 6.604936e-16
3528.869786 2.521623e-16
3530.607706 6.178299e-16
3532.345626 4.037113e-16
3534.083546 2.626025e-16
3535.821465 8.557323e-17
3537.559385 3.653172e-16
3539.297305 5.353698e-16
3541.035225 2.262749e-16
3542.773145 1.894337e-16
3544.511065 1.600105e-16
3547.986905 3.205086e-16
3549.724825 3.359696e-16
3551.462745 5.496163e-16
3553.200665 2.951238e-16
3554.938585 4.150673e-17
3556.676505 5.197602e-16
3558.414425 3.004303e-16
3560.152344 3.506418e-16
3561.890264 5.272077e-16
3563.628184 3.500587e-16
3565.366104 1.949391e-16
3567.104024 7.677824e-17
3568.841944 2.010611e-16
3570.579864 3.318151e-16
3572.317784 9.876347e-17
3574.055704 3.468952e-16
3575.793624 4.533399e-16
3577.531544 4.010634e-16
3579.269464 4.412541e-16
3581.007384 2.654472e-16
3582.745304 4.902984e-16
3584.483223 5.343596e-16
3586.221143 2.794486e-16
3587.959063 1.909416e-16
3589.696983 3.275172e-16
3591.434903 3.392507e-16
3593.172823 7.046800e-17
3594.910743 7.339132e-17
3596.648663 2.226560e-16
3598.386583 3.394664e-16
3600.124503 2.913660e-16
3601.862423 4.305535e-16
3603.600343 3.419549e-16
3605.338263 2.500378e-16
3607.076182 1.370529e-16
3608.814102 1.351621e-16
3610.552022 3.475165e-16
3612.289942 1.440051e-16
3614.027862 2.255492e-16
3615.765782 1.814969e-16
3617.503702 3.589298e-16
3619.241622 6.027635e-16
3620.979542 2.738371e-16
3622.717462 2.253239e-16
3624.455382 4.857285e-17
3626.193302 2.270454e-16
3627.931222 5.858058e-16
3629.669142 6.022396e-16
3631.407061 3.795074e-16
3633.144981 4.953051e-16
3634.882901 8.571632e-16
3636.620821 6.848555e-16
3638.358741 1.691871e-16
3640.096661 3.820891e-16
3641.834581 3.861637e-16
3643.572501 1.236999e-16
3645.310421 4.203159e-16
3647.048341 2.937552e-16
3648.786261 3.071411e-16
3650.524181 4.667170e-16
3652.262101 2.406520e-16
3654.000021 1.599388e-17
3655.737940 1.716966e-17
3657.475860 6.297638e-17
3659.213780 1.080214e-16
3660.951700 1.158631e-16
3662.689620 4.021023e-16
3664.427540 5.902901e-16
3666.165460 3.316613e-16
3667.903380 2.326726e-16
3669.641300 4.679351e-16
3671.379220 2.332080e-16
3673.117140 3.951165e-16
3674.855060 4.903803e-16
3676.592980 4.545459e-16
3678.330899 5.248577e-16
3680.068819 5.277585e-16
3681.806739 4.661488e-16
3683.544659 3.075852e-16
3685.282579 1.776636e-16
3687.020499 3.699067e-16
3688.758419 4.501778e-16
3690.496339 2.144317e-16
3692.234259 3.489926e-16
3693.972179 3.167725e-16
3695.710099 3.060130e-16
3697.448019 3.007542e-16
3699.185939 3.094214e-16
3700.923859 3.029477e-16
3702.661778 9.109512e-17
3704.399698 5.777172e-16
3706.137618 4.893021e-16
3707.875538 2.952641e-16
3709.613458 1.216636e-16
3711.351378 2.280860e-16
3713.089298 4.216124e-16
3714.827218 3.840287e-16
3716.565138 3.586207e-16
3718.303058 2.366872e-16
3720.040978 2.772835e-16
3721.778898 3.344388e-16
3723.516818 3.533432e-16
3725.254737 3.834959e-16
3726.992657 5.075602e-16
3728.730577 4.574585e-16
3730.468497 3.234150e-16
3732.206417 3.051597e-16
3733.944337 4.240006e-16
3735.682257 1.843034e-16
3737.420177 4.574379e-17
3739.158097 3.619479e-16
3740.896017 1.256216e-16
3742.633937 2.914259e-16
3744.371857 6.165506e-16
3746.109777 7.956770e-16
3747.847697 8.936959e-16
3749.585616 7.117376e-16
3751.323536 4.495502e-16
3753.061456 3.514563e-16
3754.799376 6.764944e-16
3756.537296 7.020931e-16
3758.275216 6.592397e-16
3760.013136 7.543311e-16
3761.751056 5.408575e-16
3763.488976 7.074935e-16
3765.226896 7.261468e-16
3766.964816 7.137999e-16
3768.702736 8.640977e-16
3770.440656 6.925573e-16
3772.178576 8.696775e-16
3773.916495 4.690083e-16
3775.654415 5.828074e-16
3777.392335 8.912464e-16
3779.130255 7.772556e-16
3780.868175 5.271296e-16
3782.606095 4.660195e-16
3784.344015 3.807082e-16
3786.081935 3.422518e-16
3787.819855 4.639130e-16
3789.557775 5.659130e-16
3791.295695 4.172093e-16
3793.033615 3.793083e-16
3794.771535 5.982118e-16
3796.509454 3.895436e-16
3798.247374 4.779915e-16
3799.985294 5.310840e-16
3801.723214 3.517701e-16
3803.461134 5.246119e-16
3805.199054 5.207118e-16
3806.936974 2.284433e-16
3808.674894 4.113993e-16
3810.412814 6.699793e-16
3812.150734 4.229411e-16
3813.888654 5.319345e-16
3815.626574 5.274784e-16
3817.364494 4.512343e-16
3819.102414 4.206583e-16
3820.840333 4.172355e-16
3822.578253 4.673285e-16
3824.316173 5.148358e-16
3826.054093 6.639912e-16
3827.792013 6.404819e-16
3829.529933 5.344777e-16
3831.267853 5.482700e-16
3833.005773 6.795133e-16
3834.743693 9.106129e-16
3836.481613 7.100911e-16
3838.219533 4.568603e-16
3839.957453 5.770243e-16
3841.695373 6.069223e-16
3843.433293 5.616460e-16
3845.171212 6.771285e-16
3846.909132 6.656025e-16
3848.647052 7.045829e-16
3850.384972 5.443932e-16
3852.122892 6.508183e-16
3853.860812 7.385950e-16
3855.598732 5.969361e-16
3857.336652 5.356913e-16
3859.074572 7.703676e-16
3860.812492 4.644849e-16
3862.550412 5.809273e-16
3864.288332 4.146920e-16
3866.026252 2.748940e-16
3867.764171 2.732978e-16
3869.502091 1.100741e-16
3871.240011 3.133307e-16
3872.977931 4.791690e-16
3874.715851 3.060816e-16
3876.453771 4.435454e-16
3878.191691 2.327405e-16
3879.929611 3.097268e-16
3883.405451 7.517705e-17
3885.143371 5.888220e-16
3886.881291 5.256365e-16
3888.619211 4.127374e-16
3890.357131 1.320655e-16
3892.095050 7.964024e-17
3893.832970 4.314922e-16
3895.570890 3.866666e-16
3897.308810 3.027407e-16
3899.046730 1.215003e-16
3900.784650 4.825591e-16
3902.522570 4.554216e-16
3904.260490 2.126165e-16
3905.998410 1.809041e-16
3907.736330 7.745715e-17
3909.474250 1.811160e-16
3911.212170 2.779053e-16
3912.950090 2.502721e-16
3914.688010 1.809648e-16
3916.425929 4.745170e-16
3918.163849 3.304513e-16
3919.901769 1.814491e-16
3921.639689 1.359581e-16
3923.377609 3.718950e-16
3925.115529 3.651105e-16
3926.853449 2.533294e-16
3928.591369 1.804168e-16
3930.329289 4.126942e-16
3932.067209 3.312738e-16
3933.805129 2.849252e-16
3935.543049 6.346579e-16
3937.280969 4.342377e-16
3939.018888 5.226465e-16
3940.756808 6.298080e-16
3942.494728 1.800447e-16
3944.232648 4.182281e-16
3945.970568 4.120816e-16
3947.708488 5.393163e-16
3949.446408 3.001354e-16
3951.184328 5.470066e-16
3952.922248 7.784530e-16
3954.660168 9.104603e-16
3956.398088 1.076614e-15
3958.136008 9.924147e-16
3959.873928 1.038740e-15
3961.611848 1.030322e-15
3963.349767 1.090230e-15
3965.087687 1.106078e-15
3966.825607 9.623992e-16
3968.563527 9.519536e-16
3970.301447 1.126385e-15
3972.039367 1.186911e-15
3973.777287 1.284507e-15
3975.515207 1.395414e-15
3977.253127 1.113271e-15
3978.991047 1.483692e-15
3980.728967 1.679518e-15
3982.466887 1.438102e-15
3984.204807 1.225309e-15
3985.942726 1.376694e-15
3987.680646 1.286135e-15
3989.418566 1.385297e-15
3991.156486 1.155987e-15
3992.894406 1.144253e-15
3994.632326 1.268004e-15
3996.370246 1.235505e-15
3998.108166 1.403819e-15
3999.846086 1.366072e-15
4001.584006 1.368745e-15
4003.321926 1.391739e-15
4005.059846 1.176674e-15
4006.797766 1.220096e-15
4008.535686 1.316739e-15
4010.273605 1.476221e-15
4012.011525 1.354934e-15
4013.749445 1.248076e-15
4015.487365 1.078307e-15
4017.225285 1.171675e-15
4018.963205 1.302953e-15
4020.701125 1.414226e-15
4022.439045 1.255363e-15
4024.176965 1.246862e-15
4025.914885 1.286492e-15
4027.652805 1.196543e-15
4029.390725 1.103226e-15
4031.128645 1.199667e-15
4032.866565 1.262587e-15
4034.604484 1.064329e-15
4036.342404 1.093116e-15
4038.080324 1.040193e-15
4039.818244 1.117443e-15
4041.556164 8.595089e-16
4043.294084 8.381986e-16
4045.032004 1.070067e-15
4046.769924 9.432990e-16
4048.507844 9.678503e-16
4050.245764 8.544002e-16
4051.983684 6.831450e-16
4053.721604 8.562749e-16
4055.459524 7.576411e-16
4057.197443 8.882731e-16
4058.935363 7.286618e-16
4060.673283 7.342135e-16
4062.411203 8.871367e-16
4064.149123 7.762938e-16
4065.887043 7.454165e-16
4067.624963 8.136727e-16
4069.362883 5.955142e-16
4071.100803 7.227514e-16
4072.838723 7.967606e-16
4074.576643 8.000176e-16
4076.314563 8.169310e-16
4078.052483 7.924822e-16
4079.790403 6.405078e-16
4081.528322 8.131928e-16
4083.266242 9.549364e-16
4085.004162 8.215518e-16
4086.742082 1.046576e-15
4088.480002 1.184951e-15
4090.217922 1.189059e-15
4091.955842 1.313151e-15
4093.693762 1.434623e-15
4095.431682 1.275302e-15
4097.169602 1.180163e-15
4098.907522 1.507319e-15
4100.645442 1.614183e-15
4102.383362 1.501701e-15
4104.121282 1.382947e-15
4105.859201 1.423345e-15
4107.597121 1.601477e-15
4109.335041 1.494236e-15
4111.072961 1.809489e-15
4112.810881 1.625566e-15
4114.548801 1.466797e-15
4116.286721 1.538250e-15
4118.024641 1.473834e-15
4119.762561 1.697829e-15
4121.500481 1.765319e-15
4123.238401 1.620093e-15
4124.976321 1.689324e-15
4126.714241 1.713861e-15
4128.452160 1.499464e-15
4130.190080 1.397537e-15
4131.928000 1.263717e-15
4133.665920 1.414457e-15
4135.403840 1.469545e-15
4137.141760 1.465103e-15
4138.879680 1.443636e-15
4140.617600 1.418402e-15
4142.355520 1.268559e-15
4144.093440 1.309121e-15
4145.831360 1.174190e-15
4147.569280 9.527031e-16
4149.307200 1.170584e-15
4151.045120 9.202606e-16
4152.783039 9.098091e-16
4154.520959 9.847242e-16
4156.258879 1.121257e-15
4157.996799 8.741879e-16
4159.734719 1.170041e-15
4161.472639 1.291922e-15
4163.210559 1.232100e-15
4164.948479 1.076584e-15
4166.686399 1.072238e-15
4168.424319 1.214782e-15
4170.162239 1.094387e-15
4171.900159 1.208922e-15
4173.638079 1.275376e-15
4175.375998 1.258970e-15
4177.113918 1.162919e-15
4178.851838 1.137001e-15
4180.589758 1.288276e-15
4182.327678 1.267674e-15
4184.065598 1.121646e-15
4185.803518 9.973691e-16
4187.541438 1.042089e-15
4189.279358 1.089674e-15
4191.017278 1.051820e-15
4192.755198 8.736725e-16
4194.493118 7.211995e-16
4196.231038 8.955843e-16
4197.968958 8.015193e-16
4199.706877 7.368013e-16
4201.444797 7.165751e-16
4203.182717 8.489261e-16
4204.920637 8.407134e-16
4206.658557 9.479033e-16
4208.396477 8.407880e-16
4210.134397 9.709012e-16
4211.872317 7.515451e-16
4213.610237 6.264101e-16
4215.348157 8.024384e-16
4217.086077 8.735836e-16
4218.823997 8.418647e-16
4220.561917 8.186607e-16
4222.299837 7.258943e-16
4224.037756 7.575792e-16
4225.775676 8.338702e-16
4227.513596 8.166210e-16
4229.251516 7.007164e-16
4230.989436 9.770683e-16
4232.727356 1.062209e-15
4234.465276 1.216813e-15
4236.203196 1.280874e-15
4237.941116 1.223631e-15
4239.679036 1.246438e-15
4241.416956 1.516904e-15
4243.154876 1.498915e-15
4244.892796 1.495337e-15
4246.630715 1.204102e-15
4248.368635 1.332148e-15
4250.106555 1.409264e-15
4251.844475 1.270307e-15
4253.582395 1.307934e-15
4255.320315 1.288959e-15
4257.058235 1.029397e-15
4258.796155 1.083330e-15
4260.534075 1.109799e-15
4262.271995 9.374213e-16
4264.009915 8.731140e-16
4265.747835 8.865067e-16
4267.485755 7.806143e-16
4269.223675 7.494299e-16
4270.961594 7.663363e-16
4272.699514 6.569428e-16
4274.437434 4.531235e-16
4276.175354 4.942413e-16
4277.913274 5.165309e-16
4279.651194 5.042222e-16
4281.389114 6.190105e-16
4283.127034 6.585498e-16
4284.864954 5.137923e-16
4286.602874 6.555767e-16
4288.340794 6.635869e-16
4290.078714 6.403061e-16
4291.816634 3.807662e-16
4293.554554 5.637521e-16
4295.292473 6.110784e-16
4297.030393 5.997929e-16
4298.768313 6.843503e-16
4300.506233 6.279846e-16
4302.244153 4.594623e-16
4303.982073 4.306460e-16
4305.719993 5.162476e-16
4307.457913 5.414145e-16
4309.195833 4.276316e-16
4310.933753 5.252214e-16
4312.671673 5.785538e-16
4314.409593 3.278985e-16
4316.147513 5.478831e-16
4317.885432 7.341967e-16
4319.623352 5.719767e-16
4321.361272 6.475112e-16
4323.099192 8.011644e-16
4324.837112 8.751162e-16
4326.575032 7.647853e-16
4328.312952 7.014032e-16
4330.050872 7.538314e-16
4331.788792 1.068355e-15
4333.526712 1.185175e-15
4335.264632 9.964459e-16
4337.002552 1.089602e-15
4338.740472 1.203761e-15
4340.478392 1.202004e-15
4342.216311 1.323370e-15
4343.954231 1.329978e-15
4345.692151 1.154319e-15
4347.430071 1.422524e-15
4349.167991 1.376034e-15
4350.905911 1.317491e-15
4352.643831 1.400571e-15
4354.381751 1.135816e-15
4356.119671 1.082569e-15
4357.857591 9.771505e-16
4359.595511 1.182142e-15
4361.333431 1.128969e-15
4363.071351 8.934282e-16
4364.809271 9.957125e-16
4366.547190 9.963369e-16
4368.285110 1.013845e-15
4370.023030 1.077964e-15
4371.760950 8.211167e-16
4373.498870 7.962611e-16
4375.236790 1.034764e-15
4376.974710 8.378825e-16
4378.712630 8.371030e-16
4380.450550 7.384444e-16
4382.188470 1.020673e-15
4383.926390 1.167791e-15
4385.664310 1.162315e-15
4387.402230 1.099114e-15
4389.140149 1.038451e-15
4390.878069 1.151845e-15
4392.615989 1.041977e-15
4394.353909 1.049755e-15
4396.091829 1.312618e-15
4397.829749 1.327558e-15
4399.567669 1.257350e-15
4401.305589 1.248223e-15
4403.043509 1.243570e-15
4404.781429 1.536453e-15
4406.519349 1.568262e-15
4408.257269 1.406292e-15
4409.995189 1.253137e-15
4411.733109 1.481717e-15
4413.471028 1.174376e-15
4415.208948 1.086141e-15
4416.946868 1.359800e-15
4418.684788 1.331229e-15
4420.422708 1.075485e-15
4422.160628 1.155353e-15
4423.898548 1.092832e-15
4425.636468 1.018773e-15
4427.374388 1.017113e-15
4429.112308 1.049236e-15
4430.850228 8.681064e-16
4432.588148 6.753822e-16
4434.326068 9.493290e-16
4436.063987 8.733916e-16
4437.801907 8.587216e-16
4439.539827 1.076871e-15
4441.277747 8.721520e-16
4443.015667 9.241818e-16
4444.753587 1.014452e-15
4446.491507 8.821027e-16
4448.229427 9.039974e-16
4449.967347 1.106926e-15
4451.705267 1.063193e-15
4453.443187 1.141050e-15
4455.181107 1.250507e-15
4456.919027 1.317188e-15
4458.656947 1.210768e-15
4460.394866 1.329288e-15
4462.132786 1.404178e-15
4463.870706 1.365664e-15
4465.608626 1.289233e-15
4467.346546 1.291183e-15
4469.084466 1.283650e-15
4470.822386 1.120284e-15
4472.560306 1.188569e-15
4474.298226 1.306654e-15
4476.036146 1.064591e-15
4477.774066 9.906004e-16
4479.511986 1.038229e-15
4481.249906 1.028670e-15
4482.987826 9.843412e-16
4484.725745 1.081535e-15
4486.463665 1.075555e-15
4488.201585 8.827079e-16
4489.939505 9.164715e-16
4491.677425 8.313866e-16
4493.415345 9.614434e-16
4495.153265 8.649254e-16
4496.891185 7.992112e-16
4498.629105 9.473488e-16
4500.367025 9.468412e-16
4502.104945 1.004219e-15
4503.842865 8.529357e-16
4505.580785 9.889169e-16
4507.318704 9.643669e-16
4509.056624 6.450125e-16
4510.794544 6.929035e-16
4512.532464 9.203306e-16
4514.270384 9.964293e-16
4516.008304 9.357894e-16
4517.746224 7.680978e-16
4519.484144 6.579301e-16
4521.222064 7.349663e-16
4522.959984 7.599058e-16
4524.697904 8.219558e-16
4526.435824 7.935669e-16
4528.173744 8.807722e-16
4529.911664 7.208653e-16
4531.649583 7.900843e-16
4533.387503 8.285476e-16
4535.125423 7.404905e-16
4536.863343 6.349899e-16
4538.601263 7.151885e-16
4540.339183 7.166140e-16
4542.077103 7.125014e-16
4543.815023 8.663412e-16
4545.552943 8.612494e-16
4547.290863 6.939911e-16
4549.028783 7.692442e-16
4550.766703 8.529254e-16
4552.504623 8.178131e-16
4554.242543 1.015162e-15
4555.980462 9.381522e-16
4557.718382 8.914517e-16
4559.456302 9.228861e-16
4561.194222 9.396454e-16
4562.932142 9.772793e-16
4564.670062 1.079592e-15
4566.407982 1.120603e-15
4568.145902 1.275351e-15
4569.883822 1.268616e-15
4571.621742 1.503109e-15
4573.359662 1.378651e-15
4575.097582 1.603739e-15
4576.835502 1.677304e-15
4578.573421 1.472273e-15
4580.311341 1.615490e-15
4582.049261 1.470260e-15
4583.787181 1.590800e-15
4585.525101 1.860940e-15
4587.263021 1.801174e-15
4589.000941 1.868345e-15
4590.738861 1.863062e-15
4592.476781 1.936940e-15
4594.214701 2.029027e-15
4595.952621 1.734700e-15
4597.690541 1.669070e-15
4599.428461 1.627453e-15
4601.166381 1.598368e-15
4602.904300 1.753467e-15
4604.642220 1.663055e-15
4606.380140 1.617246e-15
4608.118060 1.504793e-15
4609.855980 1.505019e-15
4611.593900 1.380416e-15
4613.331820 1.637999e-15
4615.069740 1.566415e-15
4616.807660 1.484803e-15
4618.545580 1.491447e-15
4620.283500 1.561968e-15
4622.021420 1.722623e-15
4623.759340 1.612349e-15
4625.497259 1.515162e-15
4627.235179 1.550244e-15
4628.973099 1.629657e-15
4630.711019 1.543419e-15
4632.448939 1.612526e-15
4634.186859 1.623532e-15
4635.924779 1.595842e-15
4637.662699 1.688529e-15
4639.400619 1.767928e-15
4641.138539 1.636609e-15
4642.876459 1.775909e-15
4644.614379 1.696243e-15
4646.352299 1.509810e-15
4648.090219 1.508518e-15
4649.828138 1.529673e-15
4651.566058 1.492605e-15
4653.303978 1.509865e-15
4655.041898 1.490760e-15
4656.779818 1.374601e-15
4658.517738 1.445662e-15
4660.255658 1.564223e-15
4661.993578 1.672282e-15
4663.731498 1.693807e-15
4665.469418 1.614599e-15
4667.207338 1.521473e-15
4668.945258 1.451660e-15
4670.683178 1.721904e-15
4672.421098 1.771047e-15
4674.159017 1.685373e-15
4675.896937 1.750227e-15
4677.634857 1.674198e-15
4679.372777 1.646052e-15
4681.110697 1.667393e-15
4682.848617 1.613201e-15
4684.586537 1.583819e-15
4686.324457 1.610506e-15
4688.062377 1.747695e-15
4689.800297 1.744212e-15
4691.538217 1.534672e-15
4693.276137 1.471997e-15
4695.014057 1.538628e-15
4696.751976 1.717486e-15
4698.489896 1.735148e-15
4700.227816 1.571158e-15
4701.965736 1.586461e-15
4703.703656 1.688694e-15
4705.441576 1.638221e-15
4707.179496 1.407309e-15
4708.917416 1.485954e-15
4710.655336 1.373437e-15
4712.393256 1.612474e-15
4714.131176 1.348085e-15
4715.869096 1.218531e-15
4717.607016 1.334593e-15
4719.344936 1.376482e-15
4721.082855 1.352461e-15
4722.820775 1.406259e-15
4724.558695 1.223896e-15
4726.296615 1.417262e-15
4728.034535 1.498582e-15
4729.772455 1.283279e-15
4731.510375 1.544822e-15
4733.248295 1.680772e-15
4734.986215 1.553454e-15
4736.724135 1.466712e-15
4738.462055 1.402194e-15
4740.199975 1.575176e-15
4741.937895 1.435407e-15
4743.675815 1.564059e-15
4745.413734 1.674887e-15
4747.151654 1.635717e-15
4748.889574 1.496363e-15
4750.627494 1.518360e-15
4752.365414 1.437940e-15
4754.103334 1.385249e-15
4755.841254 1.398552e-15
4757.579174 1.505377e-15
4759.317094 1.467037e-15
4761.055014 1.414067e-15
4762.792934 1.339559e-15
4764.530854 1.418956e-15
4766.268774 1.309958e-15
4768.006693 1.415266e-15
4769.744613 1.369124e-15
4771.482533 1.379634e-15
4773.220453 1.327090e-15
4774.958373 1.268306e-15
4776.696293 1.236401e-15
4778.434213 1.104139e-15
4780.172133 9.972684e-16
4781.910053 1.027951e-15
4783.647973 1.167693e-15
4785.385893 9.924379e-16
4787.123813 9.079697e-16
4788.861733 9.190834e-16
4790.599653 9.616158e-16
4792.337572 7.500359e-16
4794.075492 7.852637e-16
4795.813412 8.039416e-16
4797.551332 6.728291e-16
4799.289252 5.805628e-16
4801.027172 6.224904e-16
4802.765092 6.182381e-16
4804.503012 4.377079e-16
4806.240932 4.933102e-16
4807.978852 6.652804e-16
4809.716772 5.651696e-16
4811.454692 5.131894e-16
4813.192612 4.786955e-16
4814.930532 4.061132e-16
4816.668451 4.506820e-16
4818.406371 4.310619e-16
4820.144291 5.113399e-16
4821.882211 4.043502e-16
4823.620131 3.795148e-16
4825.358051 3.546688e-16
4827.095971 3.968774e-16
4828.833891 3.974207e-16
4830.571811 5.060723e-16
4832.309731 5.831778e-16
4834.047651 6.545672e-16
4835.785571 6.508230e-16
4837.523491 7.604289e-16
4839.261410 9.332903e-16
4840.999330 1.042995e-15
4842.737250 1.273835e-15
4844.475170 1.314840e-15
4846.213090 1.259309e-15
4847.951010 1.483371e-15
4849.688930 1.572995e-15
4851.426850 1.716549e-15
4853.164770 1.650059e-15
4854.902690 1.962570e-15
4856.640610 1.942387e-15
4858.378530 1.919517e-15
4860.116450 1.915505e-15
4861.854370 1.963429e-15
4863.592289 2.005601e-15
4865.330209 2.105966e-15
4867.068129 1.874676e-15
4868.806049 1.957452e-15
4870.543969 2.271290e-15
4872.281889 2.240704e-15
4874.019809 2.148549e-15
4875.757729 2.139428e-15
4877.495649 2.264073e-15
4879.233569 2.138225e-15
4880.971489 2.151094e-15
4882.709409 2.011787e-15
4884.447329 2.043780e-15
4886.185248 1.929876e-15
4887.923168 1.806888e-15
4889.661088 1.710248e-15
4891.399008 1.609268e-15
4893.136928 1.646929e-15
4894.874848 1.606166e-15
4896.612768 1.606535e-15
4898.350688 1.567051e-15
4900.088608 1.544850e-15
4901.826528 1.542539e-15
4903.564448 1.488507e-15
4905.302368 1.420085e-15
4907.040288 1.448065e-15
4908.778208 1.556460e-15
4910.516127 1.571190e-15
4912.254047 1.610416e-15
4913.991967 1.717195e-15
4915.729887 1.705840e-15
4917.467807 1.697833e-15
4919.205727 1.791633e-15
4920.943647 1.855480e-15
4922.681567 1.800139e-15
4924.419487 1.881635e-15
4926.157407 1.912701e-15
4927.895327 2.055655e-15
4929.633247 2.014180e-15
4931.371167 1.964204e-15
4933.109087 1.941749e-15
4934.847006 1.966801e-15
4936.584926 2.015737e-15
4938.322846 1.989442e-15
4940.060766 1.971185e-15
4941.798686 2.050778e-15
4943.536606 1.953812e-15
4945.274526 2.010058e-15
4947.012446 1.925775e-15
4948.750366 1.974453e-15
4950.488286 2.032331e-15
4952.226206 1.923383e-15
4953.964126 1.944089e-15
4955.702046 1.893672e-15
4957.439965 1.831317e-15
4959.177885 1.849665e-15
4960.915805 1.726274e-15
4962.653725 1.719184e-15
4964.391645 1.769554e-15
4966.129565 1.739812e-15
4967.867485 1.719025e-15
4969.605405 1.580893e-15
4971.343325 1.465612e-15
4973.081245 1.518111e-15
4974.819165 1.483981e-15
4976.557085 1.385360e-15
4978.295005 1.303245e-15
4980.032925 1.248628e-15
4981.770844 1.187478e-15
4983.508764 1.146489e-15
4985.246684 1.166518e-15
4986.984604 1.082796e-15
4988.722524 9.678936e-16
4990.460444 1.082881e-15
4992.198364 1.086007e-15
4993.936284 9.373104e-16
4995.674204 9.625481e-16
4997.412124 1.021659e-15
4999.150044 1.089166e-15
5000.887964 1.182114e-15
5002.625884 1.126357e-15
5004.363804 1.149639e-15
5006.101723 1.328001e-15
5007.839643 1.389676e-15
5009.577563 1.414065e-15
5011.315483 1.373787e-15
5013.053403 1.484842e-15
5014.791323 1.612093e-15
5016.529243 1.600107e-15
5018.267163 1.643322e-15
5020.005083 1.693996e-15
5021.743003 1.781066e-15
5023.480923 1.836381e-15
5025.218843 1.861429e-15
5026.956763 1.854054e-15
5028.694682 1.842295e-15
5030.432602 1.853001e-15
5032.170522 1.886049e-15
5033.908442 1.932782e-15
5035.646362 1.957926e-15
5037.384282 1.929377e-15
5039.122202 1.867341e-15
5040.860122 1.802063e-15
5042.598042 1.752109e-15
5044.335962 1.731660e-15
5046.073882 1.739392e-15
5047.811802 1.767187e-15
5049.549722 1.797658e-15
5051.287642 1.812755e-15
5053.025561 1.811213e-15
5054.763481 1.796846e-15
5056.501401 1.789587e-15
5058.239321 1.812646e-15
5059.977241 1.828798e-15
5061.715161 1.785508e-15
5063.453081 1.717463e-15
5065.191001 1.686193e-15
5066.928921 1.684947e-15
5068.666841 1.683371e-15
5070.404761 1.673538e-15
5072.142681 1.655125e-15
5073.880601 1.632871e-15
5075.618520 1.613726e-15
5077.356440 1.609430e-15
5079.094360 1.634168e-15
5080.832280 1.663276e-15
5082.570200 1.652624e-15
5084.308120 1.609867e-15
5086.046040 1.571342e-15
5087.783960 1.550973e-15
5089.521880 1.549077e-15
5091.259800 1.565370e-15
5092.997720 1.598181e-15
5094.735640 1.627435e-15
5096.473560 1.622054e-15
5098.211480 1.578915e-15
5099.949399 1.514447e-15
5101.687319 1.458195e-15
5103.425239 1.452426e-15
5105.163159 1.488643e-15
5106.901079 1.511044e-15
5108.638999 1.504095e-15
5110.376919 1.490831e-15
5112.114839 1.479877e-15
5113.852759 1.467761e-15
5115.590679 1.451463e-15
5117.328599 1.425443e-15
5119.066519 1.389620e-15
5120.804439 1.353514e-15
5122.542359 1.312052e-15
5124.280278 1.237385e-15
5126.018198 1.136654e-15
5127.756118 1.068991e-15
5129.494038 1.050396e-15
5131.231958 1.029712e-15
5132.969878 9.835048e-16
5134.707798 9.335503e-16
5136.445718 8.943632e-16
5138.183638 8.699467e-16
5139.921558 8.629550e-16
5141.659478 8.707545e-16
5143.397398 8.896785e-16
5145.135318 9.164059e-16
5146.873237 9.463966e-16
5148.611157 9.747635e-16
5150.349077 9.959772e-16
5152.086997 9.975916e-16
5153.824917 9.819189e-16
5155.562837 9.958347e-16
5157.300757 1.060077e-15
5159.038677 1.110188e-15
5160.776597 1.104595e-15
5162.514517 1.087185e-15
5164.252437 1.095482e-15
5165.990357 1.129657e-15
5167.728277 1.185661e-15
5169.466197 1.250852e-15
5171.204116 1.311949e-15
5172.942036 1.361868e-15
5174.679956 1.398106e-15
5176.417876 1.436400e-15
5178.155796 1.489401e-15
5179.893716 1.542674e-15
5181.631636 1.581278e-15
5183.369556 1.600391e-15
5185.107476 1.600242e-15
5186.845396 1.603928e-15
5188.583316 1.632870e-15
5190.321236 1.679337e-15
5192.059156 1.728837e-15
5193.797076 1.756361e-15
5195.534995 1.740214e-15
5197.272915 1.694116e-15
5199.010835 1.640133e-15
5200.748755 1.603523e-15
5202.486675 1.606070e-15
5204.224595 1.623076e-15
5205.962515 1.620506e-15
5207.700435 1.600831e-15
5209.438355 1.575979e-15
5211.176275 1.563836e-15
5212.914195 1.582935e-15
5214.652115 1.616813e-15
5216.390035 1.638172e-15
5218.127954 1.647848e-15
5219.865874 1.656029e-15
5221.603794 1.662475e-15
5223.341714 1.664434e-15
5225.079634 1.663226e-15
5226.817554 1.661042e-15
5228.555474 1.662043e-15
5230.293394 1.670687e-15
5232.031314 1.681598e-15
5233.769234 1.685048e-15
5235.507154 1.673428e-15
5237.245074 1.641771e-15
5238.982994 1.593180e-15
5240.720914 1.534055e-15
5242.458833 1.488697e-15
5244.196753 1.493124e-15
5245.934673 1.528557e-15
5247.672593 1.539131e-15
5249.410513 1.523232e-15
5251.148433 1.516239e-15
5252.886353 1.530861e-15
5254.624273 1.566111e-15
5256.362193 1.604176e-15
5258.100113 1.610625e-15
5259.838033 1.586896e-15
5261.575953 1.566829e-15
5263.313873 1.565921e-15
5265.051793 1.583573e-15
5266.789712 1.608239e-15
5268.527632 1.614536e-15
5270.265552 1.596765e-15
5272.003472 1.572924e-15
5273.741392 1.552714e-15
5275.479312 1.536357e-15
5277.217232 1.522629e-15
5278.955152 1.506254e-15
5280.693072 1.487282e-15
5282.430992 1.475201e-15
5284.168912 1.471237e-15
5285.906832 1.462456e-15
5287.644752 1.448381e-15
5289.382671 1.449820e-15
5291.120591 1.474511e-15
5292.858511 1.508369e-15
5294.596431 1.536853e-15
5296.334351 1.543544e-15
5298.072271 1.523846e-15
5299.810191 1.499295e-15
5301.548111 1.484566e-15
5303.286031 1.475822e-15
5305.023951 1.468704e-15
5306.761871 1.454615e-15
5308.499791 1.434236e-15
5310.237711 1.438919e-15
5311.975631 1.483896e-15
5313.713550 1.534053e-15
5315.451470 1.561793e-15
5317.189390 1.572787e-15
5318.927310 1.574167e-15
5320.665230 1.570782e-15
5322.403150 1.568259e-15
5324.141070 1.568542e-15
5325.878990 1.573508e-15
5327.616910 1.592785e-15
5329.354830 1.629409e-15
5331.092750 1.650722e-15
5332.830670 1.632352e-15
5334.568590 1.609400e-15
5336.306509 1.616625e-15
5338.044429 1.651120e-15
5339.782349 1.702092e-15
5341.520269 1.740625e-15
5343.258189 1.740522e-15
5344.996109 1.719649e-15
5346.734029 1.701842e-15
5348.471949 1.686088e-15
5350.209869 1.668686e-15
5351.947789 1.655357e-15
5353.685709 1.651889e-15
5355.423629 1.658784e-15
5357.161549 1.674456e-15
5358.899469 1.695411e-15
5360.637388 1.717107e-15
5362.375308 1.733217e-15
5364.113228 1.738308e-15
5365.851148 1.729248e-15
5367.589068 1.704420e-15
5369.326988 1.683179e-15
5371.064908 1.690138e-15
5372.802828 1.704596e-15
5374.540748 1.691801e-15
5376.278668 1.660715e-15
5378.016588 1.635099e-15
5379.754508 1.628393e-15
5381.492428 1.650226e-15
5383.230348 1.678646e-15
5384.968267 1.677908e-15
5386.706187 1.649629e-15
5388.444107 1.613560e-15
5390.182027 1.586457e-15
5391.919947 1.583740e-15
5393.657867 1.602749e-15
5395.395787 1.629687e-15
5397.133707 1.650371e-15
5398.871627 1.650224e-15
5400.609547 1.632915e-15
5402.347467 1.615580e-15
5404.085387 1.602675e-15
5405.823307 1.589506e-15
5407.561226 1.578527e-15
5409.299146 1.576313e-15
5411.037066 1.585622e-15
5412.774986 1.606811e-15
5414.512906 1.633103e-15
5416.250826 1.650920e-15
5417.988746 1.657207e-15
5419.726666 1.659781e-15
5421.464586 1.661191e-15
5423.202506 1.658549e-15
5424.940426 1.652025e-15
5426.678346 1.644660e-15
5428.416266 1.637914e-15
5430.154186 1.631171e-15
5431.892105 1.625669e-15
5433.630025 1.625389e-15
5435.367945 1.629790e-15
5437.105865 1.632011e-15
5438.843785 1.628432e-15
5440.581705 1.619845e-15
5442.319625 1.609339e-15
5444.057545 1.605962e-15
5445.795465 1.608173e-15
5447.533385 1.591767e-15
5449.271305 1.551948e-15
5451.009225 1.524892e-15
5452.747145 1.526784e-15
5454.485065 1.529571e-15
5456.222984 1.515643e-15
5457.960904 1.489547e-15
5459.698824 1.462806e-15
5461.436744 1.469988e-15
5463.174664 1.522872e-15
5464.912584 1.565560e-15
5466.650504 1.560876e-15
5468.388424 1.536619e-15
5470.126344 1.518391e-15
5471.864264 1.516566e-15
5473.602184 1.533648e-15
5475.340104 1.540221e-15
5477.078024 1.515322e-15
5478.815943 1.482518e-15
5480.553863 1.464109e-15
5482.291783 1.463706e-15
5484.029703 1.479442e-15
5485.767623 1.487538e-15
5487.505543 1.469067e-15
5489.243463 1.449426e-15
5490.981383 1.452289e-15
5492.719303 1.461349e-15
5494.457223 1.457865e-15
5496.195143 1.432454e-15
5497.933063 1.381733e-15
5499.670983 1.336219e-15
5501.408903 1.326936e-15
5503.146822 1.342283e-15
5504.884742 1.363016e-15
5506.622662 1.377837e-15
5508.360582 1.378343e-15
5510.098502 1.378232e-15
5511.836422 1.394917e-15
5513.574342 1.423878e-15
5515.312262 1.455310e-15
5517.050182 1.480592e-15
5518.788102 1.491845e-15
5520.526022 1.496124e-15
5522.263942 1.505049e-15
5524.001862 1.514452e-15
5525.739781 1.515732e-15
5527.477701 1.514168e-15
5529.215621 1.518870e-15
5530.953541 1.529698e-15
5532.691461 1.543705e-15
5534.429381 1.552571e-15
5536.167301 1.545079e-15
5537.905221 1.536339e-15
5539.643141 1.553578e-15
5541.381061 1.581771e-15
5543.118981 1.585614e-15
5544.856901 1.570236e-15
5546.594821 1.561040e-15
5548.332741 1.563352e-15
5550.070660 1.572849e-15
5551.808580 1.579662e-15
5553.546500 1.568630e-15
5555.284420 1.547329e-15
5557.022340 1.539971e-15
5558.760260 1.543826e-15
5560.498180 1.536208e-15
5562.236100 1.519372e-15
5563.974020 1.514494e-15
5565.711940 1.523725e-15
5567.449860 1.534165e-15
5569.187780 1.540827e-15
5570.925700 1.544149e-15
5572.663620 1.548392e-15
5574.401539 1.563665e-15
5576.139459 1.583367e-15
5577.877379 1.581882e-15
5579.615299 1.554468e-15
5581.353219 1.521712e-15
5583.091139 1.490431e-15
5584.829059 1.448769e-15
5586.566979 1.402716e-15
5588.304899 1.382114e-15
5590.042819 1.394244e-15
5591.780739 1.413798e-15
5593.518659 1.427309e-15
5595.256579 1.440373e-15
5596.994498 1.454723e-15
5598.732418 1.468298e-15
5600.470338 1.476550e-15
5602.208258 1.467122e-15
5603.946178 1.439220e-15
5605.684098 1.415635e-15
5607.422018 1.409052e-15
5609.159938 1.409469e-15
5610.897858 1.408108e-15
5612.635778 1.398027e-15
5614.373698 1.379750e-15
5616.111618 1.375728e-15
5617.849538 1.397942e-15
5619.587458 1.429166e-15
5621.325377 1.451362e-15
5623.063297 1.446403e-15
5624.801217 1.407020e-15
5626.539137 1.359758e-15
5628.277057 1.328919e-15
5630.014977 1.321360e-15
5631.752897 1.336727e-15
5633.490817 1.348473e-15
5635.228737 1.337423e-15
5636.966657 1.338797e-15
5638.704577 1.378252e-15
5640.442497 1.406484e-15
5642.180417 1.382013e-15
5643.918337 1.338849e-15
5645.656256 1.314932e-15
5647.394176 1.322927e-15
5649.132096 1.366736e-15
5650.870016 1.410899e-15
5652.607936 1.419935e-15
5654.345856 1.417754e-15
5656.083776 1.433731e-15
5657.821696 1.453849e-15
5659.559616 1.459600e-15
5661.297536 1.451363e-15
5663.035456 1.433628e-15
5664.773376 1.421616e-15
5666.511296 1.431502e-15
5668.249215 1.450173e-15
5669.987135 1.457739e-15
5671.725055 1.469593e-15
5673.462975 1.507839e-15
5675.200895 1.545354e-15
5676.938815 1.543944e-15
5678.676735 1.516183e-15
5680.414655 1.490087e-15
5682.152575 1.475909e-15
5683.890495 1.478321e-15
5685.628415 1.482630e-15
5687.366335 1.466641e-15
5689.104255 1.439423e-15
5690.842175 1.422186e-15
5692.580094 1.426295e-15
5694.318014 1.458508e-15
5696.055934 1.501558e-15
5697.793854 1.525957e-15
5699.531774 1.526045e-15
5701.269694 1.509767e-15
5703.007614 1.485316e-15
5704.745534 1.461849e-15
5706.483454 1.445938e-15
5708.221374 1.441572e-15
5709.959294 1.445734e-15
5711.697214 1.450591e-15
5713.435134 1.451473e-15
5715.173054 1.446293e-15
5716.910973 1.438377e-15
5718.648893 1.434810e-15
5720.386813 1.442371e-15
5722.124733 1.468123e-15
5723.862653 1.503331e-15
5725.600573 1.524255e-15
5727.338493 1.524571e-15
5729.076413 1.515807e-15
5730.814333 1.505239e-15
5732.552253 1.495595e-15
5734.290173 1.490585e-15
5736.028093 1.494633e-15
5737.766013 1.503703e-15
5739.503932 1.503037e-15
5741.241852 1.488441e-15
5742.979772 1.470149e-15
5744.717692 1.455815e-15
5746.455612 1.449959e-15
5748.193532 1.451628e-15
5749.931452 1.450784e-15
5751.669372 1.441022e-15
5753.407292 1.420197e-15
5755.145212 1.397042e-15
5756.883132 1.404287e-15
5758.621052 1.448292e-15
5760.358972 1.479852e-15
5762.096892 1.471457e-15
5763.834811 1.444340e-15
5765.572731 1.418686e-15
5767.310651 1.413063e-15
5769.048571 1.432398e-15
5770.786491 1.441253e-15
5772.524411 1.418117e-15
5774.262331 1.385830e-15
5776.000251 1.365119e-15
5777.738171 1.366423e-15
5779.476091 1.392340e-15
5781.214011 1.418937e-15
5782.951931 1.427359e-15
5784.689851 1.426710e-15
5786.427770 1.426836e-15
5788.165690 1.433980e-15
5789.903610 1.450363e-15
5791.641530 1.457539e-15
5793.379450 1.440987e-15
5795.117370 1.413071e-15
5796.855290 1.388253e-15
5798.593210 1.379948e-15
5800.331130 1.395740e-15
5802.069050 1.403865e-15
5803.806970 1.375675e-15
5805.544890 1.341313e-15
5807.282810 1.334798e-15
5809.020730 1.355132e-15
5810.758649 1.393581e-15
5812.496569 1.430453e-15
5814.234489 1.445359e-15
5815.972409 1.440553e-15
5817.710329 1.424947e-15
5819.448249 1.399147e-15
5821.186169 1.363795e-15
5822.924089 1.348160e-15
5824.662009 1.382800e-15
5826.399929 1.435610e-15
5828.137849 1.459312e-15
5829.875769 1.447900e-15
5831.613689 1.409001e-15
5833.351609 1.359599e-15
5835.089528 1.321322e-15
5836.827448 1.293898e-15
5838.565368 1.267863e-15
5840.303288 1.251429e-15
5842.041208 1.258302e-15
5843.779128 1.273666e-15
5845.517048 1.271186e-15
5847.254968 1.255835e-15
5848.992888 1.247099e-15
5850.730808 1.242773e-15
5852.468728 1.230423e-15
5854.206648 1.213645e-15
5855.944568 1.204112e-15
5857.682487 1.198705e-15
5859.420407 1.186170e-15
5861.158327 1.166852e-15
5862.896247 1.148437e-15
5864.634167 1.133584e-15
5866.372087 1.121407e-15
5868.110007 1.117095e-15
5869.847927 1.129987e-15
5871.585847 1.157856e-15
5873.323767 1.189218e-15
5875.061687 1.219496e-15
5876.799607 1.249473e-15
5878.537527 1.280624e-15
5880.275447 1.316724e-15
5882.013366 1.351076e-15
5883.751286 1.365761e-15
5885.489206 1.360374e-15
5887.227126 1.352035e-15
5888.965046 1.355595e-15
5890.702966 1.386936e-15
5892.440886 1.432654e-15
5894.178806 1.437135e-15
5895.916726 1.395078e-15
5897.654646 1.373654e-15
5899.392566 1.398181e-15
5901.130486 1.432108e-15
5902.868406 1.453111e-15
5904.606326 1.458323e-15
5906.344245 1.451356e-15
5908.082165 1.451699e-15
5909.820085 1.467848e-15
5911.558005 1.484658e-15
5913.295925 1.493471e-15
5915.033845 1.498749e-15
5916.771765 1.505179e-15
5918.509685 1.519787e-15
5920.247605 1.543811e-15
5921.985525 1.564657e-15
5923.723445 1.572026e-15
5925.461365 1.558415e-15
5927.199285 1.528781e-15
5928.937204 1.528741e-15
5930.675124 1.579496e-15
5932.413044 1.617491e-15
5934.150964 1.598358e-15
5935.888884 1.558818e-15
5937.626804 1.532143e-15
5939.364724 1.521767e-15
5941.102644 1.526237e-15
5942.840564 1.524478e-15
5944.578484 1.501090e-15
5946.316404 1.483106e-15
5948.054324 1.492590e-15
5949.792244 1.504407e-15
5951.530164 1.495128e-15
5953.268083 1.481194e-15
5955.006003 1.478829e-15
5956.743923 1.469906e-15
5958.481843 1.438235e-15
5960.219763 1.405537e-15
5961.957683 1.395216e-15
5963.695603 1.407820e-15
5965.433523 1.437906e-15
5967.171443 1.462732e-15
5968.909363 1.459700e-15
5970.647283 1.446522e-15
5972.385203 1.447695e-15
5974.123123 1.458885e-15
5975.861042 1.469884e-15
5977.598962 1.478645e-15
5979.336882 1.484324e-15
5981.074802 1.487639e-15
5982.812722 1.490181e-15
5984.550642 1.487538e-15
5986.288562 1.474248e-15
5988.026482 1.456667e-15
5989.764402 1.444865e-15
5991.502322 1.438983e-15
5993.240242 1.435247e-15
5994.978162 1.435641e-15
5996.716082 1.443819e-15
5998.454002 1.453365e-15
6000.191921 1.454304e-15
6001.929841 1.446413e-15
6003.667761 1.434152e-15
6005.405681 1.424600e-15
6007.143601 1.425675e-15
6008.881521 1.439401e-15
6010.619441 1.464189e-15
6012.357361 1.489295e-15
6014.095281 1.499258e-15
6015.833201 1.490154e-15
6017.571121 1.464935e-15
6019.309041 1.438603e-15
6021.046961 1.435430e-15
6022.784881 1.450291e-15
6024.522800 1.455902e-15
6026.260720 1.444461e-15
6027.998640 1.422418e-15
6029.736560 1.403145e-15
6031.474480 1.407208e-15
6033.212400 1.434215e-15
6034.950320 1.464688e-15
6036.688240 1.479487e-15
6038.426160 1.458199e-15
6040.164080 1.409763e-15
6041.902000 1.376713e-15
6043.639920 1.377190e-15
6045.377840 1.400553e-15
6047.115759 1.430763e-15
6048.853679 1.442261e-15
6050.591599 1.428903e-15
6052.329519 1.415039e-15
6054.067439 1.411019e-15
6055.805359 1.404996e-15
6057.543279 1.392908e-15
6059.281199 1.381237e-15
6061.019119 1.375174e-15
6062.757039 1.380213e-15
6064.494959 1.394397e-15
6066.232879 1.399929e-15
6067.970799 1.390217e-15
6069.708719 1.383025e-15
6071.446638 1.389173e-15
6073.184558 1.403913e-15
6074.922478 1.420464e-15
6076.660398 1.427015e-15
6078.398318 1.416857e-15
6080.136238 1.397368e-15
6081.874158 1.376898e-15
6083.612078 1.364101e-15
6085.349998 1.363488e-15
6087.087918 1.365387e-15
6088.825838 1.362247e-15
6090.563758 1.358774e-15
6092.301678 1.358709e-15
6094.039598 1.359800e-15
6095.777517 1.360013e-15
6097.515437 1.360697e-15
6099.253357 1.361569e-15
6100.991277 1.353646e-15
6102.729197 1.330388e-15
6104.467117 1.297171e-15
6106.205037 1.261915e-15
6107.942957 1.236639e-15
6109.680877 1.230941e-15
6111.418797 1.240704e-15
6113.156717 1.258385e-15
6114.894637 1.270844e-15
6116.632557 1.266963e-15
6118.370476 1.258971e-15
6120.108396 1.261462e-15
6121.846316 1.272616e-15
6123.584236 1.287212e-15
6125.322156 1.291800e-15
6127.060076 1.273736e-15
6128.797996 1.249380e-15
6130.535916 1.240560e-15
6132.273836 1.247991e-15
6134.011756 1.266443e-15
6135.749676 1.287502e-15
6137.487596 1.301430e-15
6139.225516 1.311759e-15
6140.963436 1.325999e-15
6142.701355 1.338950e-15
6144.439275 1.342658e-15
6146.177195 1.334150e-15
6147.915115 1.312282e-15
6149.653035 1.295447e-15
6151.390955 1.308867e-15
6153.128875 1.342597e-15
6154.866795 1.371411e-15
6156.604715 1.387684e-15
6158.342635 1.391591e-15
6160.080555 1.389614e-15
6161.818475 1.392243e-15
6163.556395 1.399545e-15
6165.294315 1.406563e-15
6167.032234 1.404411e-15
6168.770154 1.380753e-15
6170.508074 1.349749e-15
6172.245994 1.342930e-15
6173.983914 1.360108e-15
6175.721834 1.379593e-15
6177.459754 1.388248e-15
6179.197674 1.377508e-15
6180.935594 1.355768e-15
6182.673514 1.347523e-15
6184.411434 1.352458e-15
6186.149354 1.347600e-15
6187.887274 1.328985e-15
6189.625193 1.309780e-15
6191.363113 1.296740e-15
6193.101033 1.291785e-15
6194.838953 1.291039e-15
6196.576873 1.282787e-15
6198.314793 1.266065e-15
6200.052713 1.252752e-15
6201.790633 1.251167e-15
6203.528553 1.266193e-15
6205.266473 1.292928e-15
6207.004393 1.311636e-15
6208.742313 1.313885e-15
6210.480233 1.309475e-15
6212.218153 1.304716e-15
6213.956072 1.299933e-15
6215.693992 1.296241e-15
6217.431912 1.295132e-15
6219.169832 1.296312e-15
6220.907752 1.296043e-15
6222.645672 1.293849e-15
6224.383592 1.296800e-15
6226.121512 1.308085e-15
6227.859432 1.322289e-15
6229.597352 1.334500e-15
6231.335272 1.341298e-15
6233.073192 1.341590e-15
6234.811112 1.340480e-15
6236.549031 1.342227e-15
6238.286951 1.346314e-15
6240.024871 1.352701e-15
6241.762791 1.366398e-15
6243.500711 1.387094e-15
6245.238631 1.393321e-15
6246.976551 1.372644e-15
6248.714471 1.351291e-15
6250.452391 1.351552e-15
6252.190311 1.368026e-15
6253.928231 1.391515e-15
6255.666151 1.406599e-15
6257.404071 1.401336e-15
6259.141991 1.387457e-15
6260.879910 1.378011e-15
6262.617830 1.373571e-15
6264.355750 1.372925e-15
6266.093670 1.374999e-15
6267.831590 1.377855e-15
6269.569510 1.370735e-15
6271.307430 1.345500e-15
6273.045350 1.329283e-15
6274.783270 1.349518e-15
6276.521190 1.381074e-15
6278.259110 1.391894e-15
6279.997030 1.386700e-15
6281.734950 1.377712e-15
6283.472870 1.370711e-15
6285.210789 1.370108e-15
6286.948709 1.377720e-15
6288.686629 1.393051e-15
6290.424549 1.403316e-15
6292.162469 1.393845e-15
6293.900389 1.364805e-15
6295.638309 1.322557e-15
6297.376229 1.282442e-15
6299.114149 1.261700e-15
6300.852069 1.267395e-15
6302.589989 1.301004e-15
6304.327909 1.341927e-15
6306.065829 1.360969e-15
6307.803748 1.357533e-15
6309.541668 1.344436e-15
6311.279588 1.329867e-15
6313.017508 1.320749e-15
6314.755428 1.317370e-15
6316.493348 1.315140e-15
6318.231268 1.314956e-15
6319.969188 1.321513e-15
6321.707108 1.325525e-15
6323.445028 1.308724e-15
6325.182948 1.281713e-15
6326.920868 1.274608e-15
6328.658788 1.284970e-15
6330.396708 1.287426e-15
6332.134627 1.279218e-15
6333.872547 1.273528e-15
6335.610467 1.276123e-15
6337.348387 1.288332e-15
6339.086307 1.304912e-15
6340.824227 1.313609e-15
6342.562147 1.313470e-15
6344.300067 1.314562e-15
6346.037987 1.321387e-15
6347.775907 1.333516e-15
6349.513827 1.345622e-15
6351.251747 1.345688e-15
6352.989667 1.331875e-15
6354.727587 1.315909e-15
6356.465506 1.301354e-15
6358.203426 1.280178e-15
6359.941346 1.253008e-15
6361.679266 1.232351e-15
6363.417186 1.222668e-15
6365.155106 1.217204e-15
6366.893026 1.209226e-15
6368.630946 1.190435e-15
6370.368866 1.162047e-15
6372.106786 1.144962e-15
6373.844706 1.145797e-15
6375.582626 1.140276e-15
6377.320546 1.118659e-15
6379.058465 1.104566e-15
6380.796385 1.108543e-15
6382.534305 1.109583e-15
6384.272225 1.096336e-15
6386.010145 1.082154e-15
6387.748065 1.076795e-15
6389.485985 1.080144e-15
6391.223905 1.089861e-15
6392.961825 1.096040e-15
6394.699745 1.093094e-15
6396.437665 1.092222e-15
6398.175585 1.101776e-15
6399.913505 1.116374e-15
6401.651425 1.130643e-15
6403.389344 1.143784e-15
6405.127264 1.154283e-15
6406.865184 1.156896e-15
6408.603104 1.148294e-15
6410.341024 1.133808e-15
6412.078944 1.118568e-15
6413.816864 1.101913e-15
6415.554784 1.082373e-15
6417.292704 1.052043e-15
6419.030624 1.006078e-15
6420.768544 9.700766e-16
6422.506464 9.667947e-16
6424.244384 9.676123e-16
6425.982304 9.406951e-16
6427.720223 8.966556e-16
6429.458143 8.527233e-16
6431.196063 8.120402e-16
6432.933983 7.759544e-16
6434.671903 7.494539e-16
6436.409823 7.360038e-16
6438.147743 7.307882e-16
6439.885663 7.265085e-16
6441.623583 7.123457e-16
6443.361503 6.783786e-16
6445.099423 6.296816e-16
6446.837343 5.762072e-16
6448.575263 5.288906e-16
6450.313182 4.986244e-16
6452.051102 4.745837e-16
6453.789022 4.386244e-16
6455.526942 4.014338e-16
6457.264862 3.831020e-16
6459.002782 3.842022e-16
6460.740702 3.977563e-16
6462.478622 4.091310e-16
6464.216542 4.001356e-16
6465.954462 3.766691e-16
6467.692382 3.571185e-16
6469.430302 3.442475e-16
6471.168222 3.327815e-16
6472.906142 3.250431e-16
6474.644061 3.267309e-16
6476.381981 3.354149e-16
6478.119901 3.440530e-16
6479.857821 3.501836e-16
6481.595741 3.543924e-16
6483.333661 3.581203e-16
6485.071581 3.634935e-16
6486.809501 3.730949e-16
6488.547421 3.900337e-16
6490.285341 4.119521e-16
6492.023261 4.311517e-16
6493.761181 4.491549e-16
6495.499101 4.768633e-16
6497.237020 5.113418e-16
6498.974940 5.351267e-16
6500.712860 5.498880e-16
6502.450780 5.783504e-16
6504.188700 6.221584e-16
6505.926620 6.586757e-16
6507.664540 6.820712e-16
6509.402460 7.067253e-16
6511.140380 7.392739e-16
6512.878300 7.766537e-16
6514.616220 8.184236e-16
6516.354140 8.681566e-16
6518.092060 9.231404e-16
6519.829980 9.686770e-16
6521.567899 1.008376e-15
6523.305819 1.079000e-15
6525.043739 1.191197e-15
6526.781659 1.308796e-15
6528.519579 1.405794e-15
6530.257499 1.474142e-15
6531.995419 1.521004e-15
6533.733339 1.588590e-15
6535.471259 1.698982e-15
6537.209179 1.823459e-15
6538.947099 1.937946e-15
6540.685019 2.034724e-15
6542.422939 2.110500e-15
6544.160859 2.175010e-15
6545.898778 2.237526e-15
6547.636698 2.300699e-15
6549.374618 2.364749e-15
6551.112538 2.420724e-15
6552.850458 2.463965e-15
6554.588378 2.507098e-15
6556.326298 2.561543e-15
6558.064218 2.633871e-15
6559.802138 2.723440e-15
6561.540058 2.799685e-15
6563.277978 2.838745e-15
6565.015898 2.868082e-15
6566.753818 2.912084e-15
6568.491737 2.939210e-15
6570.229657 2.923736e-15
6571.967577 2.909056e-15
6573.705497 2.936656e-15
6575.443417 2.982910e-15
6577.181337 3.017985e-15
6578.919257 3.036886e-15
6580.657177 3.039378e-15
6582.395097 3.041628e-15
6584.133017 3.060672e-15
6587.608857 3.067599e-15
6589.346777 3.051857e-15
6591.084697 3.056097e-15
6592.822616 3.060595e-15
6594.560536 3.037713e-15
6596.298456 3.004622e-15
6598.036376 2.987723e-15
6599.774296 2.980209e-15
6601.512216 2.967094e-15
6603.250136 2.938898e-15
6604.988056 2.888233e-15
6606.725976 2.834556e-15
6608.463896 2.805408e-15
6610.201816 2.795836e-15
6611.939736 2.789302e-15
6613.677656 2.766269e-15
6615.415576 2.705319e-15
6617.153495 2.633018e-15
6618.891415 2.599008e-15
6620.629335 2.586576e-15
6622.367255 2.545962e-15
6624.105175 2.492650e-15
6625.843095 2.475023e-15
6627.581015 2.484839e-15
6629.318935 2.482705e-15
6631.056855 2.461888e-15
6632.794775 2.436041e-15
6634.532695 2.400664e-15
6636.270615 2.338919e-15
6638.008535 2.271509e-15
6639.746454 2.246231e-15
6641.484374 2.256410e-15
6643.222294 2.253687e-15
6644.960214 2.220638e-15
6646.698134 2.163145e-15
6648.436054 2.100612e-15
6650.173974 2.068527e-15
6651.911894 2.065374e-15
6653.649814 2.051451e-15
6655.387734 2.012950e-15
6657.125654 1.961697e-15
6658.863574 1.914690e-15
6660.601494 1.898514e-15
6662.339414 1.912417e-15
6664.077333 1.919089e-15
6665.815253 1.902272e-15
6667.553173 1.874499e-15
6669.291093 1.844770e-15
6671.029013 1.818523e-15
6672.766933 1.798237e-15
6674.504853 1.779912e-15
6676.242773 1.759394e-15
6677.980693 1.732500e-15
6679.718613 1.699146e-15
6681.456533 1.666824e-15
6683.194453 1.641822e-15
6684.932373 1.627727e-15
6686.670292 1.624524e-15
6688.408212 1.625650e-15
6690.146132 1.623924e-15
6691.884052 1.609612e-15
6693.621972 1.582575e-15
6695.359892 1.570069e-15
6697.097812 1.584698e-15
6698.835732 1.594104e-15
6700.573652 1.576167e-15
6702.311572 1.543237e-15
6704.049492 1.510011e-15
6705.787412 1.495851e-15
6707.525332 1.511013e-15
6709.263252 1.529853e-15
6711.001171 1.530361e-15
6712.739091 1.518550e-15
6714.477011 1.502055e-15
6716.214931 1.485046e-15
6717.952851 1.471240e-15
6719.690771 1.458756e-15
6721.428691 1.445448e-15
6723.166611 1.432369e-15
6724.904531 1.420831e-15
6726.642451 1.413158e-15
6728.380371 1.411005e-15
6730.118291 1.411106e-15
6731.856211 1.409828e-15
6733.594131 1.407978e-15
6735.332050 1.406727e-15
6737.069970 1.404409e-15
6738.807890 1.399193e-15
6740.545810 1.390355e-15
6742.283730 1.377942e-15
6744.021650 1.362735e-15
6745.759570 1.346039e-15
6747.497490 1.335382e-15
6749.235410 1.338291e-15
6750.973330 1.347865e-15
6752.711250 1.353376e-15
6754.449170 1.350215e-15
6756.187090 1.336532e-15
6757.925009 1.313864e-15
6759.662929 1.285539e-15
6761.400849 1.263280e-15
6763.138769 1.260658e-15
6764.876689 1.271065e-15
6766.614609 1.280114e-15
6768.352529 1.281907e-15
6770.090449 1.273796e-15
6771.828369 1.263666e-15
6773.566289 1.264867e-15
6775.304209 1.271897e-15
6777.042129 1.269946e-15
6778.780049 1.260164e-15
6780.517969 1.251846e-15
6782.255888 1.247645e-15
6783.993808 1.246570e-15
6785.731728 1.248363e-15
6787.469648 1.253321e-15
6789.207568 1.256004e-15
6790.945488 1.246421e-15
6792.683408 1.230551e-15
6794.421328 1.227308e-15
6796.159248 1.232044e-15
6797.897168 1.220531e-15
6799.635088 1.196257e-15
6801.373008 1.186565e-15
6803.110928 1.193770e-15
6804.848848 1.197623e-15
6806.586767 1.193129e-15
6808.324687 1.189021e-15
6810.062607 1.190784e-15
6811.800527 1.202446e-15
6813.538447 1.219209e-15
6815.276367 1.224788e-15
6817.014287 1.215910e-15
6818.752207 1.204901e-15
6820.490127 1.202556e-15
6822.228047 1.220266e-15
6823.965967 1.250335e-15
6825.703887 1.254285e-15
6827.441807 1.220540e-15
6829.179726 1.181898e-15
6830.917646 1.157397e-15
6832.655566 1.141438e-15
6834.393486 1.131613e-15
6836.131406 1.130075e-15
6837.869326 1.135359e-15
6839.607246 1.141545e-15
6841.345166 1.143877e-15
6843.083086 1.139545e-15
6844.821006 1.129728e-15
6846.558926 1.125172e-15
6848.296846 1.131886e-15
6850.034766 1.140706e-15
6851.772686 1.147287e-15
6853.510605 1.164193e-15
6855.248525 1.197224e-15
6856.986445 1.231970e-15
6858.724365 1.255236e-15
6860.462285 1.262178e-15
6862.200205 1.250014e-15
6863.938125 1.218717e-15
6865.676045 1.172417e-15
6867.413965 1.123505e-15
6869.151885 1.084504e-15
6870.889805 1.066523e-15
6872.627725 1.074958e-15
6874.365645 1.091546e-15
6876.103565 1.099238e-15
6877.841484 1.111415e-15
6879.579404 1.139858e-15
6881.317324 1.162539e-15
6883.055244 1.158942e-15
6884.793164 1.143603e-15
6886.531084 1.134244e-15
6888.269004 1.131018e-15
6890.006924 1.131219e-15
6891.744844 1.129953e-15
6893.482764 1.122192e-15
6895.220684 1.111712e-15
6896.958604 1.104091e-15
6898.696524 1.097850e-15
6900.434443 1.090253e-15
6902.172363 1.090373e-15
6903.910283 1.108449e-15
6905.648203 1.128279e-15
6907.386123 1.128145e-15
6909.124043 1.118659e-15
6910.861963 1.119162e-15
6912.599883 1.128470e-15
6914.337803 1.138897e-15
6916.075723 1.146758e-15
6917.813643 1.149806e-15
6919.551563 1.142477e-15
6921.289483 1.118753e-15
6923.027403 1.091655e-15
6924.765322 1.082095e-15
6926.503242 1.087022e-15
6928.241162 1.091637e-15
6929.979082 1.097131e-15
6931.717002 1.112361e-15
6933.454922 1.128688e-15
6935.192842 1.128542e-15
6936.930762 1.116188e-15
6938.668682 1.108676e-15
6940.406602 1.106439e-15
6942.144522 1.100222e-15
6943.882442 1.087958e-15
6945.620362 1.071137e-15
6947.358281 1.057041e-15
6949.096201 1.058198e-15
6950.834121 1.070934e-15
6952.572041 1.077931e-15
6954.309961 1.076805e-15
6956.047881 1.078241e-15
6957.785801 1.083657e-15
6959.523721 1.086449e-15
6961.261641 1.085468e-15
6962.999561 1.084607e-15
6964.737481 1.085631e-15
6966.475401 1.087134e-15
6968.213321 1.092916e-15
6969.951241 1.114510e-15
6971.689160 1.144524e-15
6973.427080 1.151035e-15
6975.165000 1.124265e-15
6976.902920 1.084231e-15
6978.640840 1.048820e-15
6980.378760 1.032879e-15
6982.116680 1.042110e-15
6983.854600 1.066999e-15
6985.592520 1.094111e-15
6987.330440 1.104500e-15
6989.068360 1.090918e-15
6990.806280 1.068304e-15
6992.544200 1.051005e-15
6994.282120 1.051722e-15
6996.020039 1.072089e-15
6997.757959 1.087026e-15
6999.495879 1.082273e-15
7001.233799 1.073583e-15
7002.971719 1.071631e-15
7004.709639 1.071872e-15
7006.447559 1.070604e-15
7008.185479 1.064503e-15
7009.923399 1.053689e-15
7011.661319 1.052605e-15
7013.399239 1.068332e-15
7015.137159 1.078099e-15
7016.875079 1.066858e-15
7018.612998 1.056234e-15
7020.350918 1.063582e-15
7022.088838 1.079002e-15
7023.826758 1.092129e-15
7025.564678 1.097932e-15
7027.302598 1.094228e-15
7029.040518 1.095556e-15
7030.778438 1.113314e-15
7032.516358 1.128431e-15
7034.254278 1.122989e-15
7035.992198 1.107049e-15
7037.730118 1.093374e-15
7039.468038 1.089544e-15
7041.205958 1.100066e-15
7042.943877 1.108261e-15
7044.681797 1.096732e-15
7046.419717 1.077373e-15
7048.157637 1.066245e-15
7049.895557 1.062537e-15
7051.633477 1.062293e-15
7053.371397 1.063590e-15
7055.109317 1.064493e-15
7056.847237 1.066297e-15
7058.585157 1.071197e-15
7060.323077 1.075804e-15
7062.060997 1.075312e-15
7063.798917 1.077267e-15
7065.536837 1.092476e-15
7067.274756 1.105990e-15
7069.012676 1.095322e-15
7070.750596 1.077200e-15
7072.488516 1.081794e-15
7074.226436 1.097654e-15
7075.964356 1.097676e-15
7077.702276 1.089077e-15
7079.440196 1.092206e-15
7081.178116 1.105290e-15
7082.916036 1.117832e-15
7084.653956 1.119698e-15
7086.391876 1.100299e-15
7088.129796 1.071000e-15
7089.867715 1.055350e-15
7091.605635 1.055880e-15
7093.343555 1.063299e-15
7095.081475 1.067480e-15
7096.819395 1.056471e-15
7098.557315 1.037795e-15
7100.295235 1.033057e-15
7102.033155 1.045415e-15
7103.771075 1.064514e-15
7105.508995 1.082294e-15
7107.246915 1.091640e-15
7108.984835 1.092620e-15
7110.722755 1.092367e-15
7112.460675 1.094165e-15
7114.198594 1.097944e-15
7115.936514 1.101486e-15
7117.674434 1.099622e-15
7119.412354 1.093528e-15
7121.150274 1.090889e-15
7122.888194 1.096920e-15
7124.626114 1.115933e-15
7126.364034 1.138204e-15
7128.101954 1.133793e-15
7129.839874 1.099884e-15
7131.577794 1.072090e-15
7133.315714 1.068514e-15
7135.053634 1.082010e-15
7136.791553 1.100731e-15
7138.529473 1.103228e-15
7140.267393 1.081255e-15
7142.005313 1.050573e-15
7143.743233 1.027502e-15
7145.481153 1.030255e-15
7147.219073 1.061238e-15
7148.956993 1.087934e-15
7150.694913 1.091337e-15
7152.432833 1.086989e-15
7154.170753 1.085281e-15
7155.908673 1.081724e-15
7157.646593 1.074821e-15
7159.384513 1.069727e-15
7161.122432 1.068738e-15
7162.860352 1.067077e-15
7164.598272 1.060342e-15
7166.336192 1.045640e-15
7168.074112 1.022557e-15
7169.812032 9.996051e-16
7171.549952 9.826541e-16
7173.287872 9.621579e-16
7175.025792 9.325690e-16
7176.763712 9.090157e-16
7178.501632 9.042909e-16
7180.239552 9.176505e-16
7181.977472 9.437158e-16
7183.715392 9.621301e-16
7185.453311 9.560527e-16
7187.191231 9.370968e-16
7188.929151 9.200840e-16
7190.667071 9.090210e-16
7192.404991 9.064050e-16
7194.142911 9.187743e-16
7195.880831 9.494290e-16
7197.618751 9.737639e-16
7199.356671 9.677439e-16
7201.094591 9.579512e-16
7202.832511 9.764281e-16
7204.570431 1.010233e-15
7206.308351 1.038428e-15
7208.046270 1.055870e-15
7209.784190 1.061336e-15
7211.522110 1.062129e-15
7213.260030 1.067662e-15
7214.997950 1.080779e-15
7216.735870 1.101708e-15
7218.473790 1.117180e-15
7220.211710 1.110815e-15
7221.949630 1.090157e-15
7223.687550 1.070359e-15
7225.425470 1.057430e-15
7227.163390 1.054770e-15
7228.901310 1.047353e-15
7230.639230 1.012396e-15
7232.377149 9.696195e-16
7234.115069 9.570979e-16
7235.852989 9.642153e-16
7237.590909 9.578681e-16
7239.328829 9.410293e-16
7241.066749 9.338172e-16
7242.804669 9.381324e-16
7244.542589 9.468497e-16
7246.280509 9.571269e-16
7248.018429 9.683208e-16
7249.756349 9.770531e-16
7251.494269 9.775572e-16
7253.232189 9.775085e-16
7254.970109 9.951443e-16
7256.708028 1.021020e-15
7258.445948 1.024143e-15
7260.183868 1.004857e-15
7261.921788 9.890444e-16
7263.659708 9.840052e-16
7265.397628 9.814511e-16
7267.135548 9.785978e-16
7268.873468 9.764957e-16
7270.611388 9.750424e-16
7272.349308 9.742977e-16
7274.087228 9.725856e-16
7275.825148 9.651323e-16
7277.563068 9.558432e-16
7279.300987 9.601570e-16
7281.038907 9.783955e-16
7282.776827 9.904345e-16
7284.514747 9.891129e-16
7286.252667 9.861760e-16
7287.990587 9.860195e-16
7289.728507 9.816316e-16
7291.466427 9.736590e-16
7293.204347 9.739438e-16
7294.942267 9.890905e-16
7296.680187 1.018385e-15
7298.418107 1.054348e-15
7300.156027 1.076072e-15
7301.893947 1.073295e-15
7303.631866 1.060199e-15
7305.369786 1.045591e-15
7307.107706 1.021525e-15
7308.845626 9.887193e-16
7310.583546 9.682118e-16
7312.321466 9.730671e-16
7314.059386 9.968722e-16
7315.797306 1.029221e-15
7317.535226 1.051641e-15
7319.273146 1.052127e-15
7321.011066 1.041681e-15
7322.748986 1.031195e-15
7324.486906 1.023680e-15
7326.224826 1.020527e-15
7327.962745 1.016582e-15
7329.700665 1.007612e-15
7331.438585 9.976040e-16
7333.176505 9.903628e-16
7334.914425 9.847819e-16
7336.652345 9.802063e-16
7338.390265 9.802397e-16
7340.128185 9.878186e-16
7341.866105 1.001625e-15
7343.604025 1.019258e-15
7345.341945 1.038262e-15
7347.079865 1.055828e-15
7348.817785 1.066138e-15
7350.555704 1.064850e-15
7352.293624 1.057677e-15
7354.031544 1.052036e-15
7355.769464 1.052478e-15
7357.507384 1.061857e-15
7359.245304 1.075153e-15
7360.983224 1.085276e-15
7362.721144 1.091359e-15
7364.459064 1.094163e-15
7366.196984 1.085765e-15
7367.934904 1.058277e-15
7369.672824 1.025573e-15
7371.410744 1.006383e-15
7373.148664 1.005960e-15
7374.886583 1.024405e-15
7376.624503 1.044144e-15
7378.362423 1.042110e-15
7380.100343 1.026611e-15
7381.838263 1.017491e-15
7383.576183 1.018428e-15
7385.314103 1.027141e-15
7387.052023 1.036067e-15
7388.789943 1.034547e-15
7390.527863 1.026576e-15
7392.265783 1.023817e-15
7394.003703 1.023844e-15
7395.741623 1.016802e-15
7397.479542 1.008746e-15
7399.217462 1.014113e-15
7400.955382 1.028910e-15
7402.693302 1.038539e-15
7404.431222 1.038027e-15
7406.169142 1.028732e-15
7407.907062 1.014348e-15
7409.644982 1.000091e-15
7411.382902 9.946173e-16
7413.120822 1.008673e-15
7414.858742 1.037772e-15
7416.596662 1.065613e-15
7418.334582 1.078826e-15
7420.072502 1.066018e-15
7421.810421 1.035005e-15
7423.548341 1.012910e-15
7425.286261 1.009859e-15
7427.024181 1.018088e-15
7428.762101 1.028332e-15
7430.500021 1.028312e-15
7432.237941 1.015595e-15
7433.975861 1.001429e-15
7435.713781 9.915903e-16
7437.451701 9.838770e-16
7439.189621 9.793699e-16
7440.927541 9.834832e-16
7442.665461 9.956230e-16
7444.403381 1.006858e-15
7446.141300 1.011320e-15
7447.879220 1.007553e-15
7449.617140 9.990552e-16
7451.355060 9.987146e-16
7453.092980 1.012372e-15
7454.830900 1.031571e-15
7456.568820 1.048885e-15
7458.306740 1.060027e-15
7460.044660 1.062615e-15
7461.782580 1.058474e-15
7463.520500 1.051396e-15
7465.258420 1.050183e-15
7466.996340 1.057203e-15
7468.734259 1.055712e-15
7470.472179 1.035713e-15
7472.210099 1.008914e-15
7473.948019 9.863336e-16
7475.685939 9.736988e-16
7477.423859 9.733706e-16
7479.161779 9.761797e-16
7480.899699 9.742724e-16
7482.637619 9.704322e-16
7484.375539 9.677445e-16
7486.113459 9.668205e-16
7487.851379 9.681789e-16
7489.589299 9.718973e-16
7491.327219 9.775067e-16
7493.065138 9.825767e-16
7494.803058 9.851772e-16
7496.540978 9.867664e-16
7498.278898 9.892875e-16
7500.016818 9.959615e-16
7501.754738 1.008969e-15
7503.492658 1.020751e-15
7505.230578 1.023805e-15
7506.968498 1.024963e-15
7508.706418 1.032378e-15
7510.444338 1.043678e-15
7512.182258 1.054447e-15
7513.920178 1.061007e-15
7515.658098 1.060039e-15
7517.396017 1.052734e-15
7519.133937 1.041990e-15
7520.871857 1.025694e-15
7522.609777 1.001114e-15
7524.347697 9.810645e-16
7526.085617 9.815359e-16
7527.823537 9.899833e-16
7529.561457 9.852459e-16
7531.299377 9.774311e-16
7533.037297 9.860233e-16
7534.775217 1.001361e-15
7536.513137 1.004822e-15
7538.251057 9.902936e-16
7539.988976 9.564494e-16
7541.726896 9.242863e-16
7543.464816 9.245981e-16
7545.202736 9.495385e-16
7546.940656 9.721501e-16
7548.678576 9.854825e-16
7550.416496 9.921694e-16
7552.154416 9.951960e-16
7553.892336 9.992941e-16
7555.630256 1.002399e-15
7557.368176 9.981961e-16
7559.106096 9.873309e-16
7560.844016 9.744484e-16
7562.581936 9.657169e-16
7564.319855 9.687053e-16
7566.057775 9.802999e-16
7567.795695 9.892069e-16
7569.533615 9.904132e-16
7571.271535 9.834901e-16
7573.009455 9.752597e-16
7574.747375 9.800648e-16
7576.485295 9.977968e-16
7578.223215 1.013858e-15
7579.961135 1.022722e-15
7581.699055 1.027382e-15
7583.436975 1.034007e-15
7585.174895 1.053754e-15
7586.912814 1.084708e-15
7588.650734 1.108459e-15
7590.388654 1.112937e-15
7592.126574 1.094689e-15
7593.864494 1.053874e-15
7595.602414 9.982060e-16
7597.340334 9.303588e-16
7599.078254 8.387346e-16
7600.816174 7.395357e-16
7602.554094 6.972236e-16
7604.292014 7.371778e-16
7606.029934 8.153123e-16
7607.767854 8.945031e-16
7609.505774 9.524555e-16
7611.243693 9.838044e-16
7612.981613 1.026904e-15
7614.719533 1.097627e-15
7616.457453 1.152755e-15
7618.195373 1.163540e-15
7619.933293 1.138061e-15
7621.671213 1.088963e-15
7623.409133 1.039262e-15
7625.147053 1.004223e-15
7626.884973 9.691428e-16
7628.622893 9.234484e-16
7630.360813 8.750635e-16
7632.098733 8.333644e-16
7633.836653 8.148673e-16
7635.574572 8.275092e-16
7637.312492 8.428349e-16
7639.050412 8.380098e-16
7640.788332 8.296260e-16
7642.526252 8.338705e-16
7644.264172 8.497855e-16
7646.002092 8.733871e-16
7647.740012 8.885775e-16
7649.477932 8.825352e-16
7651.215852 8.750923e-16
7652.953772 8.853918e-16
7654.691692 8.956774e-16
7656.429612 8.872396e-16
7658.167531 8.679947e-16
7659.905451 8.499018e-16
7661.643371 8.454693e-16
7663.381291 8.648245e-16
7665.119211 8.963838e-16
7666.857131 9.240983e-16
7668.595051 9.475744e-16
7670.332971 9.692854e-16
7672.070891 9.794545e-16
7673.808811 9.682376e-16
7675.546731 9.439111e-16
7677.284651 9.195305e-16
7679.022571 9.065011e-16
7680.760491 9.143169e-16
7682.498410 9.333557e-16
7684.236330 9.476183e-16
7685.974250 9.539744e-16
7687.712170 9.536740e-16
7689.450090 9.523864e-16
7691.188010 9.586268e-16
7692.925930 9.632236e-16
7694.663850 9.494011e-16
7696.401770 9.333053e-16
7698.139690 9.447418e-16
7699.877610 9.751472e-16
7701.615530 9.988218e-16
7703.353450 1.002419e-15
7705.091370 9.776980e-16
7706.829289 9.461765e-16
7708.567209 9.473697e-16
7710.305129 9.768920e-16
7712.043049 1.002899e-15
7713.780969 1.012557e-15
7715.518889 1.005262e-15
7717.256809 9.838396e-16
7718.994729 9.546123e-16
7720.732649 9.288875e-16
7722.470569 9.214674e-16
7724.208489 9.299063e-16
7725.946409 9.366954e-16
7727.684329 9.337621e-16
7729.422248 9.218147e-16
7731.160168 9.023945e-16
7732.898088 8.786819e-16
7734.636008 8.543869e-16
7736.373928 8.333341e-16
7738.111848 8.165934e-16
7739.849768 8.013359e-16
7741.587688 7.886628e-16
7743.325608 7.851891e-16
7745.063528 7.911648e-16
7746.801448 7.979875e-16
7748.539368 8.029354e-16
7750.277288 8.123562e-16
7752.015208 8.268087e-16
7753.753127 8.384609e-16
7755.491047 8.418838e-16
7757.228967 8.343304e-16
7758.966887 8.190971e-16
7760.704807 8.111148e-16
7762.442727 8.177959e-16
7764.180647 8.301878e-16
7765.918567 8.425445e-16
7767.656487 8.579285e-16
7769.394407 8.760360e-16
7771.132327 8.884897e-16
7772.870247 8.921843e-16
7774.608167 8.989379e-16
7776.346087 9.139115e-16
7778.084006 9.196692e-16
7779.821926 9.080044e-16
7781.559846 9.016602e-16
7783.297766 9.162146e-16
7785.035686 9.406297e-16
7786.773606 9.630214e-16
7788.511526 9.723239e-16
7790.249446 9.632705e-16
7791.987366 9.555428e-16
7793.725286 9.651234e-16
7795.463206 9.818804e-16
7797.201126 9.940780e-16
7798.939046 9.952073e-16
7800.676965 9.810213e-16
7802.414885 9.540784e-16
7804.152805 9.201305e-16
7805.890725 8.945728e-16
7807.628645 8.904145e-16
7809.366565 8.959166e-16
7811.104485 8.971532e-16
7812.842405 9.021893e-16
7814.580325 9.195899e-16
7816.318245 9.358268e-16
7818.056165 9.361309e-16
7819.794085 9.206652e-16
7821.532005 8.939018e-16
7823.269925 8.736061e-16
7825.007844 8.783424e-16
7826.745764 8.925934e-16
7828.483684 8.932400e-16
7830.221604 8.900666e-16
7831.959524 9.001821e-16
7833.697444 9.096501e-16
7835.435364 8.981793e-16
7837.173284 8.741227e-16
7838.911204 8.535093e-16
7840.649124 8.527445e-16
7842.387044 8.878427e-16
7844.124964 9.272105e-16
7845.862884 9.224658e-16
7847.600803 8.882263e-16
7849.338723 8.638120e-16
7851.076643 8.702792e-16
7852.814563 9.213367e-16
7854.552483 9.843388e-16
7856.290403 1.002926e-15
7858.028323 9.796371e-16
7859.766243 9.484393e-16
7861.504163 9.276957e-16
7863.242083 9.292445e-16
7864.980003 9.408998e-16
7866.717923 9.327992e-16
7868.455843 9.088991e-16
7870.193763 8.965499e-16
7871.931682 8.983376e-16
7873.669602 8.996462e-16
7875.407522 8.964259e-16
7877.145442 8.918222e-16
7878.883362 8.871152e-16
7880.621282 8.823431e-16
7882.359202 8.793505e-16
7884.097122 8.824274e-16
7885.835042 8.853400e-16
7887.572962 8.704731e-16
7889.310882 8.397934e-16
7891.048802 8.167037e-16
7892.786722 8.103637e-16
7894.524642 8.133197e-16
7896.262561 8.203151e-16
7898.000481 8.285420e-16
7899.738401 8.332105e-16
7901.476321 8.275062e-16
7903.214241 8.122458e-16
7904.952161 7.995798e-16
7906.690081 7.958900e-16
7908.428001 7.969143e-16
7910.165921 8.028187e-16
7911.903841 8.218422e-16
7913.641761 8.547418e-16
7915.379681 8.904155e-16
7917.117601 9.183539e-16
7918.855520 9.276516e-16
7920.593440 9.186578e-16
7922.331360 9.181029e-16
7924.069280 9.388042e-16
7925.807200 9.574743e-16
7927.545120 9.581232e-16
7929.283040 9.447695e-16
7931.020960 9.245302e-16
7932.758880 9.135463e-16
7934.496800 9.210013e-16
7936.234720 9.320401e-16
7937.972640 9.337646e-16
7939.710560 9.262849e-16
7941.448480 9.107197e-16
7943.186399 8.864203e-16
7944.924319 8.567368e-16
7946.662239 8.417866e-16
7948.400159 8.540042e-16
7950.138079 8.655793e-16
7951.875999 8.527074e-16
7953.613919 8.325591e-16
7955.351839 8.226342e-16
7957.089759 8.185426e-16
7958.827679 8.142134e-16
7960.565599 8.072721e-16
7962.303519 7.959463e-16
7964.041439 7.745411e-16
7965.779359 7.408842e-16
7967.517278 7.222592e-16
7969.255198 7.446056e-16
7970.993118 7.927836e-16
7972.731038 8.433461e-16
7974.468958 8.736820e-16
7976.206878 8.651853e-16
7977.944798 8.372980e-16
7979.682718 8.182637e-16
7981.420638 8.089771e-16
7983.158558 8.037702e-16
7984.896478 8.078360e-16
7986.634398 8.267900e-16
7988.372318 8.534530e-16
7990.110237 8.772680e-16
7991.848157 8.909096e-16
7993.586077 8.889836e-16
7995.323997 8.793889e-16
7997.061917 8.750742e-16
7998.799837 8.762165e-16
8000.537757 8.780354e-16
8002.275677 8.798204e-16
8004.013597 8.819519e-16
8005.751517 8.862939e-16
8007.489437 8.952514e-16
8009.227357 9.073601e-16
8010.965277 9.194163e-16
8012.703197 9.260491e-16
8014.441116 9.207994e-16
8016.179036 9.066186e-16
8017.916956 8.919788e-16
8019.654876 8.796451e-16
8021.392796 8.690153e-16
8023.130716 8.559270e-16
8024.868636 8.343171e-16
8026.606556 8.022596e-16
8028.344476 7.597890e-16
8030.082396 7.218445e-16
8031.820316 7.159230e-16
8033.558236 7.390097e-16
8035.296156 7.618486e-16
8037.034075 7.712509e-16
8038.771995 7.668825e-16
8040.509915 7.609554e-16
8042.247835 7.819980e-16
8043.985755 8.244574e-16
8045.723675 8.434590e-16
8047.461595 8.271358e-16
8049.199515 8.023605e-16
8050.937435 7.851075e-16
8052.675355 7.788745e-16
8054.413275 7.845773e-16
8056.151195 7.971670e-16
8057.889115 8.121585e-16
8059.627035 8.279924e-16
8061.364954 8.413598e-16
8063.102874 8.451770e-16
8064.840794 8.416321e-16
8066.578714 8.506447e-16
8068.316634 8.765642e-16
8070.054554 8.925556e-16
8071.792474 8.857977e-16
8073.530394 8.732866e-16
8075.268314 8.659719e-16
8077.006234 8.601282e-16
8078.744154 8.548029e-16
8080.482074 8.549884e-16
8082.219994 8.627799e-16
8083.957914 8.741945e-16
8085.695833 8.852704e-16
8087.433753 8.942829e-16
8089.171673 8.984067e-16
8090.909593 8.912654e-16
8092.647513 8.694135e-16
8094.385433 8.352539e-16
8096.123353 7.953509e-16
8097.861273 7.711520e-16
8099.599193 7.756320e-16
8101.337113 7.843943e-16
8103.075033 7.753059e-16
8104.812953 7.504714e-16
8106.550873 7.168530e-16
8108.288792 6.950075e-16
8110.026712 7.013512e-16
8111.764632 7.170172e-16
8113.502552 7.223982e-16
8115.240472 7.251823e-16
8116.978392 7.347209e-16
8118.716312 7.511796e-16
8120.454232 7.724415e-16
8122.192152 7.883524e-16
8123.930072 7.889165e-16
8125.667992 7.704675e-16
8127.405912 7.337591e-16
8129.143832 6.987199e-16
8130.881752 6.869633e-16
8132.619671 7.025499e-16
8134.357591 7.422045e-16
8136.095511 7.834101e-16
8137.833431 8.005795e-16
8139.571351 7.874967e-16
8141.309271 7.460388e-16
8143.047191 7.052148e-16
8144.785111 7.008009e-16
8146.523031 7.215449e-16
8148.260951 7.402643e-16
8149.998871 7.517245e-16
8151.736791 7.571080e-16
8153.474711 7.643970e-16
8155.212631 7.854867e-16
8156.950550 8.036897e-16
8158.688470 7.910303e-16
8160.426390 7.565915e-16
8162.164310 7.259283e-16
8163.902230 7.110365e-16
8165.640150 7.178091e-16
8167.378070 7.341162e-16
8169.115990 7.364401e-16
8170.853910 7.266079e-16
8172.591830 7.219529e-16
8174.329750 7.225716e-16
8176.067670 7.183185e-16
8177.805590 7.075957e-16
8179.543509 6.946971e-16
8181.281429 6.797165e-16
8183.019349 6.584822e-16
8184.757269 6.423393e-16
8186.495189 6.559217e-16
8188.233109 6.906696e-16
8189.971029 7.092897e-16
8191.708949 7.001456e-16
8193.446869 6.747746e-16
8195.184789 6.479219e-16
8196.922709 6.395205e-16
8198.660629 6.528317e-16
8200.398549 6.706194e-16
8202.136469 6.849303e-16
8203.874388 6.990160e-16
8205.612308 7.136843e-16
8207.350228 7.285303e-16
8209.088148 7.403917e-16
8210.826068 7.408743e-16
8212.563988 7.292848e-16
8214.301908 7.171638e-16
8216.039828 7.092841e-16
8217.777748 6.979061e-16
8219.515668 6.827863e-16
8221.253588 6.777620e-16
8222.991508 6.862882e-16
8224.729428 6.923087e-16
8226.467348 6.869196e-16
8228.205267 6.752001e-16
8229.943187 6.646463e-16
8231.681107 6.693737e-16
8233.419027 6.945600e-16
8235.156947 7.211833e-16
8236.894867 7.375965e-16
8238.632787 7.568085e-16
8240.370707 7.850715e-16
8242.108627 8.058530e-16
8243.846547 8.095979e-16
8245.584467 8.113464e-16
8247.322387 8.211433e-16
8249.060307 8.268542e-16
8250.798226 8.193793e-16
8252.536146 8.051101e-16
8254.274066 7.901078e-16
8256.011986 7.735960e-16
8257.749906 7.557920e-16
8259.487826 7.435954e-16
8261.225746 7.417675e-16
8262.963666 7.435014e-16
8264.701586 7.418320e-16
8266.439506 7.365659e-16
8268.177426 7.288754e-16
8269.915346 7.236418e-16
8271.653266 7.251492e-16
8273.391186 7.289146e-16
8275.129105 7.294264e-16
8276.867025 7.267800e-16
8278.604945 7.218152e-16
8280.342865 7.110897e-16
8282.080785 6.920664e-16
8283.818705 6.689583e-16
8285.556625 6.476437e-16
8287.294545 6.409547e-16
8289.032465 6.608243e-16
8290.770385 6.922289e-16
8292.508305 7.138230e-16
8294.246225 7.283039e-16
8295.984145 7.446672e-16
8297.722064 7.597246e-16
8299.459984 7.677045e-16
8301.197904 7.691363e-16
8302.935824 7.666909e-16
8304.673744 7.614960e-16
8306.411664 7.544279e-16
8308.149584 7.487480e-16
8309.887504 7.476953e-16
8311.625424 7.540260e-16
8313.363344 7.707131e-16
8315.101264 7.835630e-16
8316.839184 7.701943e-16
8318.577104 7.440626e-16
8320.315024 7.369751e-16
8322.052943 7.469412e-16
8323.790863 7.539199e-16
8325.528783 7.521609e-16
8327.266703 7.428994e-16
8329.004623 7.321895e-16
8330.742543 7.306736e-16
8332.480463 7.340226e-16
8334.218383 7.271225e-16
8335.956303 7.091054e-16
8337.694223 6.893892e-16
8339.432143 6.742002e-16
8341.170063 6.681650e-16
8342.907983 6.689694e-16
8344.645903 6.665534e-16
8346.383822 6.625896e-16
8348.121742 6.712997e-16
8349.859662 6.888377e-16
8351.597582 6.923374e-16
8353.335502 6.785518e-16
8355.073422 6.658785e-16
8356.811342 6.627923e-16
8358.549262 6.668894e-16
8360.287182 6.748129e-16
8362.025102 6.790465e-16
8363.763022 6.825152e-16
8365.500942 7.064849e-16
8367.238862 7.484887e-16
8368.976781 7.681815e-16
8370.714701 7.515686e-16
8372.452621 7.282459e-16
8374.190541 7.164692e-16
8375.928461 7.145960e-16
8377.666381 7.190289e-16
8379.404301 7.206089e-16
8381.142221 7.126775e-16
8382.880141 6.967273e-16
8384.618061 6.738855e-16
8386.355981 6.417987e-16
8388.093901 6.043332e-16
8389.831821 5.804768e-16
8391.569741 5.798375e-16
8393.307660 5.884296e-16
8395.045580 5.909957e-16
8396.783500 5.701374e-16
8398.521420 5.195173e-16
8400.259340 4.688766e-16
8401.997260 4.411950e-16
8403.735180 4.249963e-16
8405.473100 4.092536e-16
8407.211020 3.954921e-16
8408.948940 3.836594e-16
8410.686860 3.684184e-16
8412.424780 3.454811e-16
8414.162700 3.106724e-16
8415.900620 2.644364e-16
8417.638539 2.302935e-16
8419.376459 2.273200e-16
8421.114379 2.383027e-16
8422.852299 2.429291e-16
8424.590219 2.321851e-16
8426.328139 2.017484e-16
8428.066059 1.706135e-16
8429.803979 1.587212e-16
8431.541899 1.531360e-16
8433.279819 1.374895e-16
8435.017739 1.224207e-16
8436.755659 1.214423e-16
8438.493579 1.248593e-16
8440.231498 1.198218e-16
8441.969418 1.174196e-16
8443.707338 1.324848e-16
8445.445258 1.513636e-16
8447.183178 1.546164e-16
8448.921098 1.552345e-16
8450.659018 1.735011e-16
8452.396938 1.972291e-16
8454.134858 2.059245e-16
8455.872778 1.977978e-16
8457.610698 1.776490e-16
8459.348618 1.581349e-16
8461.086538 1.547742e-16
8462.824458 1.672798e-16
8464.562377 1.879895e-16
8466.300297 2.118491e-16
8468.038217 2.347074e-16
8469.776137 2.522679e-16
8471.514057 2.605429e-16
8473.251977 2.643894e-16
8474.989897 2.737120e-16
8476.727817 2.846552e-16
8478.465737 2.860709e-16
8480.203657 2.789376e-16
8481.941577 2.705956e-16
8483.679497 2.705885e-16
8485.417417 2.901775e-16
8487.155336 3.236420e-16
8488.893256 3.537569e-16
8490.631176 3.702584e-16
8492.369096 3.670236e-16
8494.107016 3.575374e-16
8495.844936 3.727909e-16
8497.582856 4.142433e-16
8499.320776 4.569691e-16
8501.058696 4.884991e-16
8502.796616 5.061796e-16
8504.534536 5.199988e-16
8506.272456 5.561779e-16
8508.010376 6.137316e-16
8509.748296 6.599589e-16
8511.486215 6.822126e-16
8513.224135 6.901883e-16
8514.962055 6.990805e-16
8516.699975 7.352602e-16
8518.437895 7.976885e-16
8520.175815 8.429456e-16
8521.913735 8.551226e-16
8523.651655 8.611192e-16
8525.389575 8.784429e-16
8527.127495 9.115636e-16
8528.865415 9.554194e-16
8530.603335 9.847306e-16
8532.341255 9.875542e-16
8534.079175 9.786241e-16
8535.817094 9.727942e-16
8537.555014 9.869808e-16
8539.292934 1.022668e-15
8541.030854 1.042683e-15
8542.768774 1.026305e-15
8544.506694 9.978160e-16
8546.244614 9.763660e-16
8547.982534 9.644957e-16
8549.720454 9.599103e-16
8551.458374 9.439717e-16
8553.196294 9.053723e-16
8554.934214 8.620067e-16
8556.672134 8.281687e-16
8558.410053 7.975612e-16
8560.147973 7.651172e-16
8561.885893 7.365638e-16
8563.623813 7.148421e-16
8565.361733 6.876726e-16
8567.099653 6.470494e-16
8568.837573 6.116357e-16
8570.575493 5.972362e-16
8572.313413 5.908551e-16
8574.051333 5.787988e-16
8575.789253 5.643101e-16
8577.527173 5.515334e-16
8579.265093 5.373843e-16
8581.003013 5.193967e-16
8582.740932 5.002776e-16
8584.478852 4.835155e-16
8586.216772 4.772616e-16
8587.954692 4.877655e-16
8589.692612 4.992854e-16
8591.430532 4.939065e-16
8593.168452 4.748281e-16
8594.906372 4.502732e-16
8596.644292 4.300462e-16
8598.382212 4.237551e-16
8600.120132 4.223053e-16
8601.858052 4.124084e-16
8603.595972 4.010541e-16
8605.333892 4.000072e-16
8607.071811 4.118962e-16
8608.809731 4.363234e-16
8610.547651 4.625307e-16
8612.285571 4.766664e-16
8614.023491 4.832063e-16
8615.761411 4.935699e-16
8617.499331 5.128314e-16
8619.237251 5.429747e-16
8620.975171 5.813111e-16
8622.713091 6.233143e-16
8624.451011 6.564357e-16
8626.188931 6.646686e-16
8627.926851 6.619151e-16
8629.664770 6.770344e-16
8631.402690 7.156426e-16
8633.140610 7.706530e-16
8634.878530 8.242694e-16
8636.616450 8.512977e-16
8638.354370 8.517529e-16
8640.092290 8.435705e-16
8641.830210 8.356333e-16
8643.568130 8.310151e-16
8645.306050 8.322669e-16
8647.043970 8.395441e-16
8648.781890 8.562648e-16
8650.519810 8.892100e-16
8652.257730 9.320626e-16
8653.995649 9.671166e-16
8655.733569 9.879723e-16
8657.471489 9.985148e-16
8659.209409 1.006912e-15
8660.947329 1.027597e-15
8662.685249 1.058143e-15
8664.423169 1.074944e-15
8666.161089 1.073634e-15
8667.899009 1.074335e-15
8669.636929 1.084054e-15
8671.374849 1.092810e-15
8673.112769 1.096710e-15
8674.850689 1.099212e-15
8676.588609 1.103310e-15
8678.326528 1.112183e-15
8680.064448 1.126498e-15
8681.802368 1.144040e-15
8683.540288 1.158028e-15
8685.278208 1.150085e-15
8687.016128 1.121865e-15
8688.754048 1.117757e-15
8690.491968 1.155789e-15
8692.229888 1.195324e-15
8693.967808 1.209442e-15
8695.705728 1.204875e-15
8697.443648 1.191059e-15
8699.181568 1.185025e-15
8700.919487 1.196410e-15
8702.657407 1.210243e-15
8704.395327 1.214592e-15
8706.133247 1.209903e-15
8707.871167 1.199353e-15
8709.609087 1.195804e-15
8711.347007 1.206596e-15
8713.084927 1.215011e-15
8714.822847 1.208091e-15
8716.560767 1.194978e-15
8718.298687 1.184284e-15
8720.036607 1.176038e-15
8721.774527 1.168893e-15
8723.512447 1.154548e-15
8725.250366 1.127413e-15
8726.988286 1.102499e-15
8728.726206 1.093086e-15
8730.464126 1.087644e-15
8732.202046 1.073800e-15
8733.939966 1.053824e-15
8735.677886 1.032494e-15
8737.415806 1.015749e-15
8739.153726 1.009065e-15
8740.891646 1.018700e-15
8742.629566 1.047546e-15
8744.367486 1.070744e-15
8746.105406 1.061748e-15
8747.843325 1.033502e-15
8749.581245 1.007459e-15
8751.319165 9.865391e-16
8753.057085 9.703399e-16
8754.795005 9.591390e-16
8756.532925 9.514539e-16
8758.270845 9.638464e-16
8760.008765 1.015269e-15
8761.746685 1.065111e-15
8763.484605 1.057317e-15
8765.222525 1.007741e-15
8766.960445 9.573458e-16
8768.698365 9.193308e-16
8770.436285 8.970052e-16
8772.174204 8.857759e-16
8773.912124 8.768160e-16
8775.650044 8.612094e-16
8777.387964 8.302493e-16
8779.125884 8.025186e-16
8780.863804 8.089897e-16
8782.601724 8.500322e-16
8784.339644 9.096517e-16
8786.077564 9.677222e-16
8787.815484 1.000765e-15
8789.553404 1.008933e-15
8791.291324 1.009293e-15
8793.029244 1.002671e-15
8794.767164 9.788834e-16
8796.505083 9.459165e-16
8798.243003 9.245602e-16
8799.980923 9.142521e-16
8801.718843 8.972952e-16
8803.456763 8.738077e-16
8805.194683 8.588407e-16
8806.932603 8.526127e-16
8808.670523 8.426403e-16
8810.408443 8.255231e-16
8812.146363 8.053733e-16
8813.884283 7.878296e-16
8815.622203 7.823961e-16
8817.360123 7.827230e-16
8819.098042 7.621161e-16
8820.835962 7.189430e-16
8822.573882 6.848433e-16
8824.311802 6.702006e-16
8826.049722 6.527075e-16
8827.787642 6.379474e-16
8829.525562 6.763860e-16
8831.263482 7.660006e-16
8833.001402 8.216018e-16
8834.739322 8.050605e-16
8836.477242 7.582969e-16
8838.215162 7.143180e-16
8839.953082 6.885194e-16
8841.691002 6.916724e-16
8843.428921 7.233485e-16
8845.166841 7.702065e-16
8846.904761 7.933038e-16
8848.642681 7.745953e-16
8850.380601 7.499557e-16
8852.118521 7.424633e-16
8853.856441 7.354809e-16
8855.594361 7.184623e-16
8857.332281 6.958569e-16
8859.070201 6.757815e-16
8860.808121 6.820159e-16
8862.546041 7.251239e-16
8864.283961 7.702019e-16
8866.021881 7.886472e-16
8867.759800 7.872497e-16
8869.497720 7.745633e-16
8871.235640 7.540034e-16
8872.973560 7.300084e-16
8874.711480 7.037783e-16
8876.449400 6.778580e-16
8878.187320 6.650262e-16
8879.925240 6.743174e-16
8881.663160 6.997141e-16
8883.401080 7.305503e-16
8885.139000 7.380876e-16
8886.876920 7.004456e-16
8888.614840 6.515840e-16
8890.352759 6.294929e-16
8892.090679 6.301192e-16
8893.828599 6.421355e-16
8895.566519 6.650517e-16
8897.304439 6.969634e-16
8899.042359 7.167418e-16
8900.780279 7.039708e-16
8902.518199 6.715230e-16
8904.256119 6.397028e-16
8905.994039 6.218434e-16
8907.731959 6.279982e-16
8909.469879 6.397712e-16
8911.207799 6.326260e-16
8912.945719 6.151454e-16
8914.683638 6.042086e-16
8916.421558 6.190783e-16
8918.159478 6.781067e-16
8919.897398 7.418441e-16
8921.635318 7.524584e-16
8923.373238 7.206319e-16
8925.111158 6.834870e-16
8926.849078 6.580148e-16
8928.586998 6.542387e-16
8930.324918 6.612685e-16
8932.062838 6.567463e-16
8933.800758 6.449850e-16
8935.538678 6.435105e-16
8937.276597 6.513426e-16
8939.014517 6.585686e-16
8940.752437 6.639953e-16
8942.490357 6.696527e-16
8944.228277 6.817675e-16
8945.966197 7.109886e-16
8947.704117 7.415082e-16
8949.442037 7.388752e-16
8951.179957 7.094870e-16
8952.917877 6.897050e-16
8954.655797 6.896634e-16
8956.393717 6.990256e-16
8958.131637 7.120762e-16
8959.869557 7.263807e-16
8961.607476 7.325862e-16
8963.345396 7.159562e-16
8965.083316 6.792548e-16
8966.821236 6.419151e-16
8968.559156 6.181557e-16
8970.297076 6.172635e-16
8972.034996 6.335981e-16
8973.772916 6.428627e-16
8975.510836 6.347203e-16
8977.248756 6.176016e-16
8978.986676 5.979611e-16
8980.724596 5.790550e-16
8982.462516 5.667465e-16
8984.200436 5.721164e-16
8985.938355 5.882772e-16
8987.676275 5.768279e-16
8989.414195 5.301905e-16
8991.152115 4.972061e-16
8992.890035 4.997974e-16
8994.627955 5.057395e-16
8996.365875 5.028418e-16
8998.103795 5.206956e-16
8999.841715 5.715284e-16
9001.579635 6.324983e-16
9003.317555 6.839319e-16
9005.055475 7.185476e-16
9006.793395 7.259973e-16
9008.531314 6.800157e-16
9010.269234 5.819709e-16
9012.007154 5.102057e-16
9013.745074 5.147772e-16
9015.482994 5.483525e-16
9017.220914 5.683817e-16
9018.958834 5.671181e-16
9020.696754 5.452022e-16
9022.434674 5.343423e-16
9024.172594 5.586786e-16
9025.910514 5.951496e-16
9027.648434 6.220959e-16
9029.386354 6.443716e-16
9031.124274 6.671305e-16
9032.862193 6.897307e-16
9034.600113 7.108111e-16
9036.338033 7.216871e-16
9038.075953 7.160773e-16
9039.813873 7.063184e-16
9041.551793 7.049946e-16
9043.289713 7.104565e-16
9045.027633 7.184209e-16
9046.765553 7.171245e-16
9048.503473 6.963822e-16
9050.241393 6.793500e-16
9051.979313 6.911605e-16
9053.717233 7.045595e-16
9055.455153 6.860309e-16
9057.193072 6.631199e-16
9058.930992 6.725830e-16
9060.668912 6.913012e-16
9062.406832 6.846691e-16
9064.144752 6.620454e-16
9065.882672 6.432903e-16
9067.620592 6.314549e-16
9069.358512 6.254175e-16
9071.096432 6.192778e-16
9072.834352 6.052703e-16
9074.572272 5.891782e-16
9076.310192 5.817163e-16
9078.048112 5.810848e-16
9079.786031 5.804997e-16
9081.523951 5.846448e-16
9083.261871 6.017053e-16
9084.999791 6.270901e-16
9086.737711 6.517734e-16
9088.475631 6.606590e-16
9090.213551 6.349042e-16
9091.951471 5.960584e-16
9093.689391 5.886955e-16
9095.427311 6.033287e-16
9097.165231 5.988545e-16
9098.903151 5.747090e-16
9100.641071 5.539321e-16
9102.378991 5.472766e-16
9104.116910 5.596628e-16
9105.854830 5.800373e-16
9107.592750 5.833631e-16
9109.330670 5.721515e-16
9111.068590 5.721541e-16
9112.806510 5.856604e-16
9114.544430 5.943828e-16
9116.282350 5.977453e-16
9118.020270 6.113867e-16
9119.758190 6.336975e-16
9121.496110 6.462783e-16
9123.234030 6.449586e-16
9124.971950 6.399449e-16
9126.709870 6.382489e-16
9128.447789 6.454594e-16
9130.185709 6.548860e-16
9131.923629 6.417441e-16
9133.661549 6.043097e-16
9135.399469 5.731162e-16
9137.137389 5.646778e-16
9138.875309 5.752212e-16
9140.613229 5.972656e-16
9142.351149 6.168117e-16
9144.089069 6.241883e-16
9145.826989 6.174972e-16
9147.564909 6.034442e-16
9149.302829 6.068998e-16
9151.040748 6.341768e-16
9152.778668 6.513831e-16
9154.516588 6.383311e-16
9156.254508 6.063999e-16
9157.992428 5.679752e-16
9159.730348 5.353261e-16
9161.468268 5.186914e-16
9163.206188 5.226538e-16
9164.944108 5.436421e-16
9166.682028 5.555431e-16
9168.419948 5.437471e-16
9170.157868 5.392733e-16
9171.895788 5.597167e-16
9173.633708 5.630330e-16
9175.371627 5.225248e-16
9177.109547 4.798154e-16
9178.847467 4.696747e-16
9180.585387 4.798929e-16
9182.323307 4.960753e-16
9184.061227 5.136733e-16
9185.799147 5.278028e-16
9187.537067 5.297825e-16
9189.274987 5.158899e-16
9191.012907 5.104213e-16
9192.750827 5.340495e-16
9194.488747 5.616269e-16
9196.226667 5.667541e-16
9197.964586 5.611940e-16
9199.702506 5.603712e-16
9201.440426 5.596470e-16
9203.178346 5.530771e-16
9204.916266 5.515303e-16
9206.654186 5.663498e-16
9208.392106 5.794756e-16
9210.130026 5.699067e-16
9211.867946 5.631606e-16
9213.605866 5.916161e-16
9215.343786 6.280400e-16
9217.081706 6.333348e-16
9218.819626 6.305325e-16
9220.557546 6.566821e-16
9222.295465 6.913839e-16
9224.033385 6.995105e-16
9225.771305 6.891355e-16
9227.509225 6.813579e-16
9229.247145 6.775268e-16
9230.985065 6.731691e-16
9232.722985 6.650171e-16
9234.460905 6.493758e-16
9236.198825 6.331726e-16
9237.936745 6.280009e-16
9239.674665 6.283606e-16
9241.412585 6.211018e-16
9243.150505 6.070731e-16
9244.888425 5.937456e-16
9246.626344 5.861229e-16
9248.364264 5.886623e-16
9250.102184 5.977202e-16
9251.840104 6.029685e-16
9253.578024 6.112231e-16
9255.315944 6.415360e-16
9257.053864 6.779129e-16
9258.791784 6.805850e-16
9260.529704 6.494443e-16
9262.267624 6.135334e-16
9264.005544 5.899569e-16
9265.743464 5.860820e-16
9267.481384 6.044952e-16
9269.219303 6.437933e-16
9270.957223 6.845052e-16
9272.695143 6.882925e-16
9274.433063 6.590306e-16
9276.170983 6.467449e-16
9277.908903 6.574117e-16
9279.646823 6.486059e-16
9281.384743 6.051049e-16
9283.122663 5.403847e-16
9284.860583 4.752046e-16
9286.598503 4.427173e-16
9288.336423 4.531830e-16
9290.074343 4.823619e-16
9291.812263 5.145001e-16
9293.550182 5.483166e-16
9295.288102 5.792149e-16
9297.026022 6.013328e-16
9298.763942 6.080715e-16
9300.501862 5.859405e-16
9302.239782 5.436906e-16
9303.977702 5.315014e-16
9305.715622 5.764918e-16
9307.453542 6.625404e-16
9309.191462 7.575444e-16
9310.929382 7.937382e-16
9312.667302 7.396469e-16
9314.405222 6.565989e-16
9316.143142 5.935270e-16
9317.881061 5.511140e-16
9319.618981 5.283120e-16
9321.356901 5.226128e-16
9323.094821 5.261409e-16
9324.832741 5.204405e-16
9326.570661 4.967467e-16
9328.308581 4.858747e-16
9330.046501 5.074833e-16
9331.784421 5.282920e-16
9333.522341 5.201489e-16
9335.260261 4.902649e-16
9336.998181 4.496895e-16
9338.736101 4.082450e-16
9340.474020 3.764744e-16
9342.211940 3.714988e-16
9343.949860 4.015357e-16
9345.687780 4.190786e-16
9347.425700 3.842452e-16
9349.163620 3.478196e-16
9350.901540 3.631949e-16
9352.639460 4.315407e-16
9354.377380 5.387634e-16
9356.115300 6.067692e-16
9357.853220 5.618400e-16
9359.591140 4.789245e-16
9361.329060 4.541754e-16
9363.066980 4.469279e-16
9364.804899 3.949110e-16
9366.542819 3.790378e-16
9368.280739 4.966689e-16
9370.018659 6.067410e-16
9371.756579 5.265661e-16
9373.494499 3.819972e-16
9375.232419 3.721471e-16
9376.970339 4.610790e-16
9378.708259 5.465128e-16
9380.446179 5.814982e-16
9382.184099 5.359206e-16
9383.922019 4.586670e-16
9385.659939 4.291172e-16
9387.397859 4.560488e-16
9389.135778 5.188847e-16
9390.873698 5.817731e-16
9392.611618 6.006146e-16
9394.349538 5.811512e-16
9396.087458 5.547191e-16
9397.825378 5.336438e-16
9399.563298 5.212849e-16
9401.301218 5.166992e-16
9403.039138 5.158033e-16
9404.777058 5.096937e-16
9406.514978 4.858877e-16
9408.252898 4.581968e-16
9409.990818 4.586044e-16
9411.728737 4.838106e-16
9413.466657 5.039662e-16
9415.204577 5.205499e-16
9416.942497 5.602022e-16
9418.680417 6.087123e-16
9420.418337 6.166064e-16
9422.156257 5.920454e-16
9423.894177 5.963033e-16
9425.632097 6.233793e-16
9427.370017 6.050469e-16
9429.107937 5.239284e-16
9430.845857 4.086139e-16
9432.583777 3.050180e-16
9434.321697 2.855565e-16
9436.059616 3.474359e-16
9437.797536 3.907531e-16
9439.535456 3.790587e-16
9441.273376 3.619863e-16
9443.011296 3.615253e-16
9444.749216 3.612630e-16
9446.487136 3.657735e-16
9448.225056 4.120118e-16
9449.962976 4.931760e-16
9451.700896 5.290807e-16
9453.438816 4.891247e-16
9455.176736 4.313665e-16
9456.914656 3.969530e-16
9458.652575 3.941847e-16
9460.390495 4.206239e-16
9462.128415 4.467931e-16
9463.866335 4.541387e-16
9465.604255 4.580304e-16
9467.342175 4.649842e-16
9469.080095 4.535590e-16
9470.818015 4.187830e-16
9472.555935 4.036019e-16
9474.293855 4.292141e-16
9476.031775 4.432349e-16
9477.769695 4.150965e-16
9479.507615 3.973676e-16
9481.245535 4.271220e-16
9482.983454 4.757862e-16
9484.721374 5.157315e-16
9486.459294 5.373552e-16
9488.197214 5.356787e-16
9489.935134 5.230562e-16
9491.673054 5.118116e-16
9493.410974 4.986505e-16
9495.148894 4.806667e-16
9496.886814 4.587293e-16
9498.624734 4.359856e-16
9500.362654 4.378571e-16
9502.100574 4.823908e-16
9503.838494 5.221558e-16
9505.576414 5.111490e-16
9507.314333 4.852981e-16
9509.052253 4.868283e-16
9510.790173 4.983480e-16
9512.528093 4.953672e-16
9514.266013 4.854976e-16
9516.003933 4.798992e-16
9517.741853 4.560433e-16
9519.479773 3.905449e-16
9521.217693 3.227751e-16
9522.955613 3.026498e-16
9524.693533 3.143856e-16
9526.431453 3.254618e-16
9528.169373 3.486677e-16
9529.907292 4.054393e-16
9531.645212 4.658755e-16
9533.383132 4.887575e-16
9535.121052 4.758376e-16
9536.858972 4.422210e-16
9538.596892 4.271618e-16
9540.334812 4.791906e-16
9542.072732 5.398866e-16
9543.810652 5.093083e-16
9545.548572 4.249345e-16
9547.286492 3.814144e-16
9549.024412 3.961875e-16
9550.762332 4.542145e-16
9552.500252 5.089617e-16
9554.238171 4.918199e-16
9555.976091 4.400992e-16
9557.714011 4.541027e-16
9559.451931 5.133606e-16
9561.189851 5.248562e-16
9562.927771 4.876773e-16
9564.665691 4.589061e-16
9566.403611 4.488566e-16
9568.141531 4.373968e-16
9569.879451 4.282659e-16
9571.617371 4.405897e-16
9573.355291 4.713623e-16
9575.093211 5.008361e-16
9576.831131 5.185030e-16
9578.569050 5.220554e-16
9580.306970 5.131599e-16
9582.044890 4.966975e-16
9583.782810 4.839825e-16
9585.520730 4.948879e-16
9587.258650 5.200653e-16
9588.996570 5.148669e-16
9590.734490 4.734433e-16
9592.472410 4.377315e-16
9594.210330 4.290112e-16
9595.948250 4.426079e-16
9597.686170 4.705770e-16
9599.424090 4.983594e-16
9601.162009 5.155898e-16
9602.899929 5.209979e-16
9604.637849 5.161280e-16
9606.375769 5.048128e-16
9608.113689 4.968771e-16
9609.851609 5.157576e-16
9611.589529 5.597787e-16
9613.327449 5.739138e-16
9615.065369 5.364609e-16
9616.803289 5.026756e-16
9618.541209 5.004100e-16
9620.279129 4.873182e-16
9622.017049 4.435205e-16
9623.754969 4.051565e-16
9625.492888 3.989360e-16
9627.230808 4.296503e-16
9628.968728 4.889481e-16
9630.706648 5.288511e-16
9632.444568 5.197283e-16
9634.182488 5.009014e-16
9635.920408 5.051259e-16
9637.658328 5.264907e-16
9639.396248 5.551565e-16
9641.134168 5.712152e-16
9642.872088 5.606756e-16
9644.610008 5.472415e-16
9646.347928 5.497503e-16
9648.085847 5.376951e-16
9649.823767 4.884711e-16
9651.561687 4.469636e-16
9653.299607 4.527535e-16
9655.037527 4.761921e-16
9656.775447 4.834721e-16
9658.513367 4.689108e-16
9660.251287 4.340666e-16
9661.989207 4.011698e-16
9663.727127 3.941306e-16
9665.465047 4.169088e-16
9667.202967 4.663673e-16
9668.940887 5.283134e-16
9670.678807 5.854772e-16
9672.416726 6.228826e-16
9674.154646 6.297691e-16
9675.892566 6.143758e-16
9677.630486 5.912212e-16
9679.368406 5.776583e-16
9681.106326 5.893534e-16
9682.844246 6.210981e-16
9684.582166 6.603074e-16
9686.320086 6.890749e-16
9688.058006 6.887012e-16
9689.795926 6.726039e-16
9691.533846 6.659516e-16
9693.271766 6.605522e-16
9695.009686 6.368576e-16
9696.747605 6.037597e-16
9698.485525 5.803387e-16
9700.223445 5.707896e-16
9701.961365 5.719643e-16
9703.699285 5.789601e-16
9705.437205 5.876284e-16
9707.175125 5.765939e-16
9708.913045 5.145348e-16
9710.650965 4.388919e-16
9712.388885 4.264518e-16
9714.126805 4.660814e-16
9715.864725 4.937478e-16
9717.602645 4.900314e-16
9719.340564 4.617895e-16
9721.078484 4.298528e-16
9722.816404 4.285084e-16
9724.554324 4.564305e-16
9726.292244 4.827316e-16
9728.030164 4.955369e-16
9729.768084 4.992748e-16
9731.506004 4.896363e-16
9733.243924 4.559264e-16
9734.981844 4.047475e-16
9736.719764 3.588289e-16
9738.457684 3.311154e-16
9740.195604 3.223762e-16
9741.933524 3.374468e-16
9743.671443 3.863155e-16
9745.409363 4.576080e-16
9747.147283 5.159784e-16
9748.885203 5.392584e-16
9750.623123 5.206870e-16
9752.361043 4.747622e-16
9754.098963 4.510417e-16
9755.836883 4.603270e-16
9757.574803 4.448695e-16
9759.312723 3.927179e-16
9761.050643 3.737466e-16
9762.788563 4.132287e-16
9764.526483 4.536676e-16
9766.264403 4.677069e-16
9768.002322 4.901956e-16
9769.740242 5.346403e-16
9771.478162 5.698698e-16
9773.216082 5.778586e-16
9774.954002 5.711939e-16
9776.691922 5.569938e-16
9778.429842 5.238868e-16
9780.167762 4.722463e-16
9781.905682 4.326642e-16
9783.643602 4.266069e-16
9785.381522 4.471841e-16
9787.119442 4.835824e-16
9788.857362 5.216341e-16
9790.595281 5.481301e-16
9792.333201 5.576048e-16
9794.071121 5.486970e-16
9795.809041 5.319826e-16
9797.546961 5.158658e-16
9799.284881 4.820534e-16
9801.022801 4.215951e-16
9802.760721 3.862898e-16
9804.498641 4.163889e-16
9806.236561 4.623123e-16
9807.974481 4.743187e-16
9809.712401 4.662468e-16
9811.450321 4.580025e-16
9813.188241 4.651436e-16
9814.926160 4.982297e-16
9816.664080 5.131758e-16
9818.402000 4.678016e-16
9820.139920 4.156682e-16
9821.877840 4.185552e-16
9823.615760 4.559492e-16
9825.353680 4.927558e-16
9827.091600 5.090514e-16
9828.829520 4.897672e-16
9830.567440 4.690531e-16
9832.305360 4.895990e-16
9834.043280 5.178368e-16
9835.781200 5.041330e-16
9837.519120 4.551892e-16
9839.257039 3.944220e-16
9840.994959 3.452822e-16
9842.732879 3.305407e-16
9844.470799 3.507418e-16
9846.208719 3.957850e-16
9847.946639 4.484874e-16
9849.684559 4.884903e-16
9851.422479 5.104605e-16
9853.160399 5.179732e-16
9854.898319 5.066575e-16
9856.636239 4.695601e-16
9858.374159 4.304878e-16
9860.112079 4.264100e-16
9861.849998 4.565145e-16
9863.587918 5.012701e-16
9865.325838 5.350327e-16
9867.063758 5.254317e-16
9868.801678 4.995455e-16
9870.539598 5.253061e-16
9872.277518 5.834704e-16
9874.015438 5.938812e-16
9875.753358 5.654975e-16
9877.491278 5.718374e-16
9879.229198 6.088626e-16
9880.967118 6.150534e-16
9882.705038 5.798869e-16
9884.442958 5.309513e-16
9886.180877 4.955217e-16
9887.918797 5.046272e-16
9889.656717 5.498524e-16
9891.394637 5.822169e-16
9893.132557 5.790814e-16
9894.870477 5.433906e-16
9896.608397 4.979572e-16
9898.346317 4.953016e-16
9900.084237 5.318490e-16
9901.822157 5.281944e-16
9903.560077 4.660063e-16
9905.297997 4.088115e-16
9907.035917 3.932179e-16
9908.773836 4.205721e-16
9910.511756 4.776454e-16
9912.249676 5.262939e-16
9913.987596 5.379552e-16
9915.725516 5.016706e-16
9917.463436 4.290326e-16
9919.201356 3.710922e-16
9920.939276 3.623685e-16
9922.677196 4.033138e-16
9924.415116 4.767972e-16
9926.153036 5.289935e-16
9927.890956 5.289273e-16
9929.628876 5.056221e-16
9931.366796 4.835210e-16
9933.104715 4.741428e-16
9934.842635 4.741094e-16
9936.580555 4.207762e-16
9938.318475 2.948195e-16
9940.056395 2.290787e-16
9941.794315 3.032490e-16
9943.532235 3.907430e-16
9945.270155 3.955986e-16
9947.008075 3.807611e-16
9948.745995 4.026609e-16
9950.483915 4.586316e-16
9952.221835 5.393797e-16
9953.959755 6.110031e-16
9955.697675 6.471310e-16
9957.435594 6.878607e-16
9959.173514 7.657161e-16
9960.911434 8.233925e-16
9962.649354 8.106498e-16
9964.387274 7.825326e-16
9966.125194 7.943345e-16
9967.863114 8.130071e-16
9969.601034 7.992760e-16
9971.338954 7.434649e-16
9973.076874 6.466298e-16
9974.814794 5.684318e-16
9976.552714 5.690949e-16
9978.290634 6.107690e-16
9980.028553 6.374495e-16
9981.766473 6.417788e-16
9983.504393 6.274359e-16
9985.242313 5.950309e-16
9986.980233 5.482249e-16
9988.718153 5.068053e-16
9990.456073 4.924137e-16
9992.193993 4.983674e-16
9993.931913 5.094459e-16
9995.669833 5.134391e-16
9997.407753 4.985090e-16
9999.145673 4.873440e-16
