3336.672000 2.453810e-17
3340.752400 1.290371e-16
3348.912600 1.276471e-16
3352.993000 7.319300e-17
3361.153300 1.095824e-16
3365.233400 9.211581e-17
3369.313700 4.259178e-17
3377.474000 2.876502e-17
3381.554200 1.451033e-16
3385.634500 1.428677e-16
3389.714600 1.281440e-16
3393.795000 9.319779e-17
3397.875000 7.947475e-17
3401.955300 1.291980e-16
3406.035400 1.058994e-16
3410.115700 1.749949e-16
3414.195800 5.788118e-17
3418.276100 1.093465e-16
3422.356200 1.330612e-16
3426.436500 1.522560e-16
3430.516600 1.486294e-16
3434.597000 9.210398e-17
3438.677000 8.226845e-17
3442.757300 3.478967e-17
3446.837400 2.895116e-17
3450.917700 1.067663e-16
3454.997800 6.402882e-17
3459.078100 1.081337e-16
3463.158200 1.575579e-16
3467.238500 9.452837e-17
3471.318600 7.204375e-17
3475.399000 7.686006e-17
3479.479000 1.111700e-16
3483.559300 7.798841e-17
3487.639400 7.767356e-17
3491.719700 1.110003e-16
3495.799800 6.996323e-17
3499.880100 4.791322e-17
3503.960200 8.856331e-17
3508.040500 1.259611e-16
3512.120600 7.955993e-17
3516.201000 7.178859e-17
3520.281000 1.322178e-16
3524.361300 8.480394e-17
3528.441400 1.412660e-16
3532.521700 1.015472e-16
3536.601800 1.179609e-16
3540.682100 1.093533e-16
3544.762200 1.107958e-16
3548.842500 7.325612e-17
3552.922600 1.215718e-16
3557.003000 9.391179e-17
3561.083000 1.613070e-16
3565.163300 1.209824e-16
3569.243400 1.375236e-16
3573.323700 1.407749e-16
3577.403800 1.302661e-16
3581.484100 1.540678e-16
3585.564200 1.380986e-16
3589.644300 1.280632e-16
3593.724600 1.466653e-16
3597.804700 1.670736e-16
3601.885000 1.117521e-16
3605.965000 1.488077e-16
3610.045400 2.150818e-16
3614.125500 1.776422e-16
3618.205800 8.933529e-17
3622.286000 1.325768e-16
3626.366200 1.085351e-16
3630.446300 1.372633e-16
3634.526600 9.993135e-17
3638.606700 1.525363e-16
3642.687000 1.373401e-16
3646.767000 1.062756e-16
3650.847400 1.608504e-16
3654.927500 1.137534e-16
3659.007800 1.407902e-16
3663.088000 1.217315e-16
3667.168200 1.314059e-16
3671.248300 1.211291e-16
3675.328600 1.420638e-16
3679.408700 1.519930e-16
3683.489000 1.505170e-16
3687.569000 1.601404e-16
3691.649400 1.595802e-16
3695.729500 1.533422e-16
3699.809800 1.528789e-16
3703.890000 1.574629e-16
3707.970200 1.581015e-16
3712.050300 1.254872e-16
3716.130600 1.338965e-16
3720.210700 1.741473e-16
3724.291000 1.615486e-16
3728.371000 1.642253e-16
3732.451400 1.992993e-16
3736.531500 1.669676e-16
3740.611800 1.758992e-16
3744.692000 1.621510e-16
3748.772200 1.548777e-16
3752.852300 1.635177e-16
3756.932600 1.919198e-16
3761.012700 1.640575e-16
3765.093000 1.635385e-16
3769.173000 1.554682e-16
3773.253400 1.793776e-16
3777.333500 1.645269e-16
3781.413800 1.416462e-16
3785.494000 1.731178e-16
3789.574200 1.583659e-16
3793.654300 1.828525e-16
3797.734600 1.777546e-16
3801.814700 1.921130e-16
3805.895000 1.813090e-16
3809.975000 2.123531e-16
3814.055400 2.227270e-16
3818.135500 2.367656e-16
3822.215800 2.401651e-16
3826.296000 2.120116e-16
3830.376200 1.844259e-16
3834.456300 1.860796e-16
3838.536400 1.696629e-16
3842.616700 1.783662e-16
3846.696800 1.753690e-16
3850.777000 1.987623e-16
3854.857200 1.708633e-16
3858.937500 1.815926e-16
3863.017600 1.983944e-16
3867.098000 1.910811e-16
3871.178000 1.829142e-16
3875.258300 2.071117e-16
3879.338400 2.115090e-16
3883.418700 2.132405e-16
3887.498800 2.198476e-16
3891.579000 1.958216e-16
3895.659200 2.177798e-16
3899.739500 2.159907e-16
3903.819600 2.054678e-16
3907.900000 2.051804e-16
3911.980000 2.061303e-16
3916.060300 2.080036e-16
3920.140400 2.191541e-16
3924.220700 2.241701e-16
3928.300800 2.395535e-16
3932.381000 2.105458e-16
3936.461200 2.191298e-16
3940.541500 2.174480e-16
3944.621600 2.227128e-16
3948.702000 2.217423e-16
3952.782000 2.600211e-16
3956.862300 2.387258e-16
3960.942400 2.243711e-16
3965.022700 2.406365e-16
3969.102800 2.309776e-16
3973.183000 2.416151e-16
3977.263200 2.488836e-16
3981.343500 2.355482e-16
3985.423600 2.499512e-16
3989.504000 2.362675e-16
3993.584000 2.725691e-16
3997.664300 2.446823e-16
4001.744400 2.551623e-16
4005.824700 2.478689e-16
4009.904800 2.805717e-16
4013.985000 2.763954e-16
4018.065200 2.557032e-16
4022.145500 2.684496e-16
4026.225600 2.606877e-16
4030.306000 2.604114e-16
4034.386000 2.526570e-16
4038.466300 2.599709e-16
4042.546400 2.751975e-16
4046.626700 3.013448e-16
4050.706800 2.778322e-16
4054.787000 2.809948e-16
4058.867200 2.873609e-16
4062.947500 2.763596e-16
4067.027600 2.712593e-16
4071.108000 2.658412e-16
4075.188000 2.762327e-16
4079.268000 2.662557e-16
4083.348400 2.817842e-16
4087.428500 2.830030e-16
4091.508800 2.695457e-16
4095.588900 2.851925e-16
4099.669000 2.815498e-16
4103.749500 2.658746e-16
4107.829600 2.861225e-16
4111.909700 2.692523e-16
4115.989700 2.728871e-16
4120.070300 2.744980e-16
4124.150400 2.788309e-16
4128.230500 2.727003e-16
4132.310500 2.600333e-16
4136.391000 2.782401e-16
4140.471000 2.764834e-16
4144.551300 2.746497e-16
4148.631300 2.655285e-16
4152.712000 2.615759e-16
4156.792000 2.610369e-16
4160.872000 2.845877e-16
4164.952000 2.680651e-16
4169.032700 2.530269e-16
4173.113000 2.685630e-16
4177.193000 2.751529e-16
4181.273000 2.663997e-16
4185.353500 2.597790e-16
4189.433600 2.649975e-16
4193.513700 2.717696e-16
4197.593800 2.725022e-16
4201.674300 2.653980e-16
4205.754400 2.662942e-16
4209.834500 2.686360e-16
4213.914600 2.566101e-16
4217.995000 2.504976e-16
4222.075000 2.480659e-16
4226.155300 2.508906e-16
4230.235400 2.621414e-16
4234.316000 2.549853e-16
4238.396000 2.589463e-16
4242.476000 2.493696e-16
4246.556000 2.621046e-16
4250.636700 2.538258e-16
4254.717000 2.743105e-16
4258.797000 2.527245e-16
4262.877000 2.558355e-16
4266.957500 2.457937e-16
4271.037600 2.527730e-16
4275.117700 2.465608e-16
4279.197800 2.558002e-16
4283.278300 2.568469e-16
4287.358400 2.580562e-16
4291.438500 2.625170e-16
4295.518600 2.575056e-16
4299.599000 2.637925e-16
4303.679000 2.593476e-16
4307.759300 2.754868e-16
4311.839400 2.523006e-16
4315.920000 2.578247e-16
4320.000000 2.477503e-16
4324.080000 2.833074e-16
4328.160000 2.772340e-16
4332.240000 2.652360e-16
4336.321000 2.611667e-16
4340.401000 2.674092e-16
4344.481000 2.573878e-16
4348.561000 2.763732e-16
4352.641600 2.658897e-16
4356.721700 2.594391e-16
4360.802000 2.849378e-16
4364.882000 2.749189e-16
4368.962400 2.729616e-16
4373.042500 2.591392e-16
4377.122600 2.756057e-16
4381.202600 2.933075e-16
4385.283000 2.939188e-16
4389.363300 2.774321e-16
4393.443400 2.932017e-16
4397.523400 2.832454e-16
4401.604000 2.648774e-16
4405.684000 2.875218e-16
4409.764000 2.976389e-16
4413.844000 2.940002e-16
4417.925000 2.979720e-16
4422.005000 2.930515e-16
4426.085000 2.741905e-16
4430.165000 3.010473e-16
4434.245600 3.029125e-16
4438.325700 3.141143e-16
4442.406000 2.975142e-16
4446.486000 2.980336e-16
4450.566400 3.061953e-16
4454.646500 2.930790e-16
4458.726600 3.120969e-16
4462.806600 2.940594e-16
4466.887000 2.917825e-16
4470.967300 2.981064e-16
4475.047400 3.036252e-16
4479.127400 3.184633e-16
4483.208000 3.102016e-16
4487.288000 3.029555e-16
4491.368000 3.115315e-16
4495.448000 3.036530e-16
4499.529000 3.000746e-16
4503.609000 3.155939e-16
4507.689000 3.265471e-16
4511.769000 3.221450e-16
4515.849600 3.197594e-16
4519.929700 3.193469e-16
4524.010000 3.052379e-16
4528.090000 3.164928e-16
4532.170400 2.942524e-16
4536.250500 3.021802e-16
4540.330600 3.330251e-16
4544.410600 3.126359e-16
4548.491000 3.265841e-16
4552.571300 3.257512e-16
4556.651400 3.258939e-16
4560.731400 3.192948e-16
4564.811500 3.334500e-16
4568.892000 3.179216e-16
4572.972000 3.236538e-16
4577.052200 3.220008e-16
4581.132300 3.484320e-16
4585.213000 3.352489e-16
4589.293000 3.536336e-16
4593.373000 3.382938e-16
4597.453000 3.343578e-16
4601.533700 3.365001e-16
4605.614000 3.443393e-16
4609.694000 3.465147e-16
4613.774000 3.564994e-16
4617.854500 3.599176e-16
4621.934600 3.618752e-16
4626.014600 3.654784e-16
4630.094700 3.645564e-16
4634.175300 3.661326e-16
4638.255400 3.764361e-16
4642.335400 3.668994e-16
4646.415500 3.848070e-16
4650.496000 3.694876e-16
4654.576000 3.766027e-16
4658.656200 3.817996e-16
4662.736300 3.827361e-16
4666.817000 3.898821e-16
4670.897000 3.956919e-16
4674.977000 3.904041e-16
4679.057000 3.982333e-16
4683.137700 3.971936e-16
4687.218000 3.867236e-16
4691.298000 3.984699e-16
4695.378000 3.967757e-16
4699.458500 3.901878e-16
4703.538600 3.894030e-16
4707.618700 4.118528e-16
4711.698700 4.057412e-16
4715.779300 3.982165e-16
4719.859400 4.122196e-16
4723.939500 4.142645e-16
4728.019500 4.110981e-16
4732.100000 4.050835e-16
4736.180000 4.073968e-16
4740.260300 3.965771e-16
4744.340300 4.101743e-16
4748.421000 4.043780e-16
4752.501000 3.926352e-16
4756.581000 4.246321e-16
4760.661000 4.109712e-16
4764.741700 4.071990e-16
4768.822000 4.093817e-16
4772.902000 3.935339e-16
4776.982000 3.980579e-16
4781.062500 3.917669e-16
4785.142600 4.107366e-16
4789.222700 4.031004e-16
4793.302700 4.101159e-16
4797.383300 4.062573e-16
4801.463400 4.027738e-16
4805.543500 4.102753e-16
4809.623500 4.133847e-16
4813.703600 4.195444e-16
4817.784000 4.017260e-16
4821.864300 4.140087e-16
4825.944300 4.067832e-16
4830.024400 3.938338e-16
4834.105000 4.121848e-16
4838.185000 3.962831e-16
4842.265000 3.704523e-16
4846.345000 3.926376e-16
4850.426000 3.965841e-16
4854.506000 3.969169e-16
4858.586000 3.858600e-16
4862.666000 3.712324e-16
4866.746600 3.751420e-16
4870.826700 3.841410e-16
4874.906700 3.754179e-16
4878.987000 3.673117e-16
4883.067400 3.734177e-16
4887.147500 3.663438e-16
4891.227500 3.718645e-16
4895.307600 3.632581e-16
4899.388000 3.711625e-16
4903.468300 3.904929e-16
4907.548300 3.720485e-16
4911.628400 3.715543e-16
4915.709000 3.674192e-16
4919.789000 3.844850e-16
4923.869000 3.844563e-16
4927.949000 3.684695e-16
4932.030000 3.699756e-16
4936.110000 3.704568e-16
4940.190000 3.625429e-16
4944.270000 3.562418e-16
4948.350600 3.465348e-16
4952.430700 3.708776e-16
4956.510700 3.767563e-16
4960.591000 3.640068e-16
4964.671400 3.769054e-16
4968.751500 3.700771e-16
4972.831500 3.729129e-16
4976.911600 3.944397e-16
4980.992000 3.920486e-16
4985.072300 3.978611e-16
4989.152300 4.045783e-16
4993.232400 3.815270e-16
4997.313000 3.750195e-16
5001.393000 3.856443e-16
5005.473000 3.812985e-16
5009.553000 3.593564e-16
5013.634000 3.761336e-16
5017.714000 3.760619e-16
5021.794000 3.654733e-16
5025.874000 3.880852e-16
5029.954600 3.782902e-16
5034.034700 3.894756e-16
5038.114700 3.817161e-16
5042.195000 3.682918e-16
5046.275000 3.860109e-16
5050.355500 3.532336e-16
5054.435500 3.780587e-16
5058.515600 3.751449e-16
5062.595700 3.783712e-16
5066.676300 3.717834e-16
5070.756300 3.638056e-16
5074.836400 3.637262e-16
5078.916500 3.866399e-16
5082.997000 3.979072e-16
5087.077000 3.776551e-16
5091.157000 3.686220e-16
5095.237300 3.668864e-16
5099.318000 3.763144e-16
5103.398000 3.734346e-16
5107.478000 3.794749e-16
5111.558000 3.774043e-16
5115.638700 4.007083e-16
5119.718800 3.961148e-16
5123.799000 4.095247e-16
5127.879000 4.176936e-16
5131.959500 4.133955e-16
5136.039600 4.257423e-16
5140.119600 4.019012e-16
5144.199700 3.957437e-16
5148.280300 3.871887e-16
5152.360400 4.006006e-16
5156.440400 4.007323e-16
5160.520500 3.863387e-16
5164.601000 3.874304e-16
5168.681000 3.849130e-16
5172.761000 3.755439e-16
5176.841300 3.945623e-16
5180.922000 4.033058e-16
5185.002000 3.789343e-16
5189.082000 3.874151e-16
5193.162000 4.011929e-16
5197.242700 4.000680e-16
5201.322800 3.981774e-16
5205.403000 3.897252e-16
5209.483000 4.033735e-16
5213.563500 4.062176e-16
5217.643600 4.067513e-16
5221.723600 4.133549e-16
5225.803700 4.140106e-16
5229.884300 4.046308e-16
5233.964400 4.070554e-16
5238.044400 4.169448e-16
5242.124500 4.202387e-16
5246.205000 4.242296e-16
5250.285000 4.332572e-16
5254.365000 4.388083e-16
5258.445300 4.365544e-16
5262.526000 4.191179e-16
5266.606000 4.336124e-16
5270.686000 4.140258e-16
5274.766000 4.255954e-16
5278.846700 4.181611e-16
5282.927000 4.379776e-16
5287.007000 4.487130e-16
5291.087000 4.402565e-16
5295.167000 4.448437e-16
5299.247600 4.401252e-16
5303.327600 4.460610e-16
5307.407700 4.519488e-16
5311.488000 4.595094e-16
5315.568400 4.765879e-16
5319.648400 4.747743e-16
5323.728500 4.594316e-16
5327.808600 4.663845e-16
5331.889000 4.696289e-16
5335.969000 4.759428e-16
5340.049300 4.795772e-16
5344.129400 4.838954e-16
5348.210000 4.926051e-16
5352.290000 4.955451e-16
5356.370000 4.853595e-16
5360.450000 4.947557e-16
5364.531000 5.172691e-16
5368.611000 5.062729e-16
5372.691000 5.046930e-16
5376.771000 5.080527e-16
5380.851600 5.113100e-16
5384.931600 5.225869e-16
5389.011700 5.024059e-16
5393.092000 5.201016e-16
5397.172400 5.309904e-16
5401.252400 5.165437e-16
5405.332500 5.213268e-16
5409.412600 5.248340e-16
5413.493000 5.261398e-16
5417.573000 5.307409e-16
5421.653300 5.376742e-16
5425.733400 5.380712e-16
5429.814000 5.406282e-16
5433.894000 5.513364e-16
5437.974000 5.474827e-16
5442.054000 5.629961e-16
5446.135000 5.635407e-16
5450.215000 5.577195e-16
5454.295000 5.489785e-16
5458.375000 5.538713e-16
5462.455600 5.601933e-16
5466.535600 5.760054e-16
5470.615700 5.792105e-16
5474.696000 5.842016e-16
5478.776400 5.914980e-16
5482.856400 5.929090e-16
5486.936500 5.984763e-16
5491.016600 5.958248e-16
5495.097000 5.870449e-16
5499.177200 5.807544e-16
5503.257300 5.800546e-16
5507.337400 5.964294e-16
5511.418000 6.050156e-16
5515.498000 5.975808e-16
5519.578000 6.021218e-16
5523.658000 6.041369e-16
5527.739000 6.057096e-16
5531.819000 6.288110e-16
5535.899000 5.998369e-16
5539.979000 6.021520e-16
5544.059000 6.151156e-16
5548.139600 6.176233e-16
5552.219700 6.140637e-16
5556.300000 5.899614e-16
5560.380000 6.009004e-16
5564.460400 6.003883e-16
5568.540500 6.076468e-16
5572.620600 6.061412e-16
5576.700700 6.026878e-16
5580.781200 6.131100e-16
5584.861300 5.996842e-16
5588.941400 5.890644e-16
5593.021500 6.074447e-16
5597.102000 6.196392e-16
5601.182000 5.961307e-16
5605.262000 5.731040e-16
5609.342300 5.846609e-16
5613.423000 5.933636e-16
5617.503000 5.912071e-16
5621.583000 5.989124e-16
5625.663000 6.004978e-16
5629.743700 6.169211e-16
5633.823700 5.953565e-16
5637.904000 5.975788e-16
5641.984000 6.096953e-16
5646.064500 5.783353e-16
5650.144500 5.797369e-16
5654.224600 6.005692e-16
5658.304700 5.936259e-16
5662.385300 5.820999e-16
5666.465300 5.879184e-16
5670.545400 5.977317e-16
5674.625500 5.977605e-16
5678.706000 5.891072e-16
5682.786000 5.939842e-16
5686.866000 6.027562e-16
5690.946300 5.746407e-16
5695.027000 5.848911e-16
5699.107000 5.878474e-16
5703.187000 5.701488e-16
5707.267000 5.678460e-16
5711.347700 5.741787e-16
5715.427700 5.613623e-16
5719.508000 5.558040e-16
5723.588000 5.701930e-16
5727.668500 5.568091e-16
5731.748500 5.490932e-16
5735.828600 5.601234e-16
5739.908700 5.489377e-16
5743.989300 5.413131e-16
5748.069300 5.351901e-16
5752.149400 5.274815e-16
5756.229500 5.474522e-16
5760.310000 5.495844e-16
5764.390000 5.282823e-16
5768.470000 5.285434e-16
5772.550300 5.152822e-16
5776.630400 5.260191e-16
5780.711000 5.101938e-16
5784.791000 5.229883e-16
5788.871000 5.274903e-16
5792.951000 5.096420e-16
5797.031700 5.102159e-16
5801.112000 5.108522e-16
5805.192000 5.087728e-16
5809.272000 5.086957e-16
5813.352500 4.968596e-16
5817.432600 4.903688e-16
5821.512700 4.994026e-16
5825.593000 5.047272e-16
5829.673300 4.889492e-16
5833.753400 4.900474e-16
5837.833500 4.950207e-16
5841.913600 4.833947e-16
5845.994000 5.145335e-16
5850.074000 4.784893e-16
5854.154300 4.699801e-16
5858.234400 4.726651e-16
5862.315000 4.858711e-16
5866.395000 4.827196e-16
5870.475000 4.853852e-16
5874.555000 4.787136e-16
5878.635700 4.702853e-16
5882.716000 4.781599e-16
5886.796000 4.686574e-16
5890.876000 4.626302e-16
5894.956500 4.543421e-16
5899.036600 4.565898e-16
5903.116700 4.560383e-16
5907.197000 4.640983e-16
5911.277300 4.623237e-16
5915.357400 4.651747e-16
5919.437500 4.690347e-16
5923.517600 4.720901e-16
5927.598000 4.595642e-16
5931.678000 4.681436e-16
5935.758300 4.445731e-16
5939.838400 4.291231e-16
5943.919000 4.509359e-16
5947.999000 4.647158e-16
5952.079000 4.589666e-16
5956.159000 4.384406e-16
5960.239700 4.249907e-16
5964.320000 4.415833e-16
5968.400000 4.325829e-16
5972.480000 4.496176e-16
5976.560500 4.325444e-16
5980.640600 4.384830e-16
5984.720700 4.060303e-16
5988.801000 4.311194e-16
5992.881300 4.249772e-16
5996.961400 4.221858e-16
6001.041500 4.299780e-16
6005.121600 4.296486e-16
6009.202000 4.282667e-16
6013.282000 4.245229e-16
6017.362300 4.150742e-16
6021.442400 4.163634e-16
6025.522500 4.165217e-16
6029.603000 4.044661e-16
6033.683000 4.234614e-16
6037.763000 4.138831e-16
6041.843300 3.970264e-16
6045.924000 3.888099e-16
6050.004000 4.099310e-16
6054.084000 4.106833e-16
6058.164000 3.963863e-16
6062.244600 4.065393e-16
6066.324700 4.055926e-16
6070.405000 3.943283e-16
6074.485000 4.023345e-16
6078.565400 4.133519e-16
6082.645500 4.077295e-16
6086.725600 3.987896e-16
6090.805700 4.028132e-16
6094.886000 4.018032e-16
6098.966300 4.057946e-16
6103.046400 3.987148e-16
6107.126500 3.900989e-16
6111.207000 3.669437e-16
6115.287000 4.040211e-16
6119.367000 4.019320e-16
6123.447300 3.983497e-16
6127.528000 4.015556e-16
6131.608000 3.995683e-16
6135.688000 3.906321e-16
6139.768000 3.910693e-16
6143.848600 3.933987e-16
6147.928700 3.984314e-16
6152.009000 4.036810e-16
6156.089000 3.813592e-16
6160.169400 3.867455e-16
6164.249500 3.955897e-16
6168.329600 3.931575e-16
6172.409700 3.888914e-16
6176.490000 3.856435e-16
6180.570300 3.976902e-16
6184.650400 3.957269e-16
6188.730500 3.997495e-16
6192.811000 3.951782e-16
6196.891000 3.950559e-16
6200.971000 4.069788e-16
6205.051300 4.030797e-16
6209.132000 4.044628e-16
6213.212000 4.132138e-16
6217.292000 3.920228e-16
6221.372000 3.997345e-16
6225.452600 4.140352e-16
6229.532700 4.054669e-16
6233.613000 3.966231e-16
6237.693000 3.929336e-16
6241.773400 4.016484e-16
6245.853500 3.984813e-16
6249.933600 3.920309e-16
6254.013700 3.954551e-16
6258.093800 3.939547e-16
6262.174300 4.027828e-16
6266.254400 3.800238e-16
6270.334500 4.004225e-16
6274.414600 4.076306e-16
6278.495000 4.015697e-16
6282.575000 3.908192e-16
6286.655300 3.863373e-16
6290.735400 4.038985e-16
6294.816000 3.920869e-16
6298.896000 3.784211e-16
6302.976000 3.914207e-16
6307.056000 3.984229e-16
6311.136700 3.683477e-16
6315.217000 3.733637e-16
6319.297000 4.126379e-16
6323.377000 3.930807e-16
6327.457500 3.894952e-16
6331.537600 3.724228e-16
6335.617700 3.948146e-16
6339.697800 3.877184e-16
6343.778300 3.879183e-16
6347.858400 4.016673e-16
6351.938500 3.929475e-16
6356.018600 3.843362e-16
6360.099000 3.837727e-16
6364.179000 3.818879e-16
6368.259300 3.838108e-16
6372.339400 3.941938e-16
6376.420000 3.810060e-16
6380.500000 3.850618e-16
6384.580000 3.814128e-16
6388.660000 3.855153e-16
6392.740700 3.908935e-16
6396.821000 3.767712e-16
6400.901000 4.026115e-16
6404.981000 3.862461e-16
6409.061500 3.778629e-16
6413.141600 3.947899e-16
6417.221700 3.910066e-16
6421.302000 3.832400e-16
6425.382300 3.894524e-16
6429.462400 3.977201e-16
6433.542500 3.888614e-16
6437.622600 3.966440e-16
6441.703000 3.939957e-16
6445.783000 4.012253e-16
6449.863300 3.951475e-16
6453.943400 3.917422e-16
6458.024000 4.022168e-16
6462.104000 4.122959e-16
6466.184000 4.067346e-16
6470.264000 3.902302e-16
6474.344700 3.950602e-16
6478.425000 3.925867e-16
6482.505000 3.858910e-16
6486.585000 4.027424e-16
6490.665500 4.028291e-16
6494.745600 4.166822e-16
6498.825700 4.054719e-16
6502.906000 4.079833e-16
6506.986000 4.177940e-16
6511.066400 4.099637e-16
6515.146500 3.932059e-16
6519.226600 4.074838e-16
6523.306600 4.053545e-16
6527.387000 3.977005e-16
6531.467300 4.102588e-16
6535.547400 3.932743e-16
6539.627400 4.110690e-16
6543.708000 3.987314e-16
6547.788000 4.270705e-16
6551.868000 4.180743e-16
6555.948000 4.027966e-16
6560.029000 4.200827e-16
6564.109000 4.341912e-16
6568.189000 4.296238e-16
6572.269000 4.179620e-16
6576.349600 4.281842e-16
6580.429700 4.419619e-16
6584.510000 4.277883e-16
6588.590000 4.312361e-16
6592.670400 4.414204e-16
6596.750500 4.018099e-16
6600.830600 4.256928e-16
6604.910600 4.371452e-16
6608.991000 4.422698e-16
6613.071300 4.244858e-16
6617.151400 4.365650e-16
6621.231400 4.484994e-16
6625.312000 4.344413e-16
6629.392000 4.381544e-16
6633.472000 4.408583e-16
6637.552200 4.363289e-16
6641.633000 4.431764e-16
6645.713000 4.381323e-16
6649.793000 4.287834e-16
6653.873000 4.365724e-16
6657.953600 4.511302e-16
6662.033700 4.389658e-16
6666.114000 4.423381e-16
6670.194000 4.383628e-16
6674.274400 4.188754e-16
6678.354500 4.293913e-16
6682.434600 4.470530e-16
6686.514600 4.407273e-16
6690.595000 4.309534e-16
6694.675300 4.391460e-16
6698.755400 4.330099e-16
6702.835400 4.393461e-16
6706.916000 4.248475e-16
6710.996000 4.406979e-16
6715.076000 4.189156e-16
6719.156200 4.292465e-16
6723.237000 4.618401e-16
6727.317000 4.845661e-16
6731.397000 4.833875e-16
6735.477000 4.540713e-16
6739.557600 4.283213e-16
6743.637700 4.362747e-16
6747.718000 4.431384e-16
6751.798000 4.482841e-16
6755.878000 4.336734e-16
6759.958500 4.285824e-16
6764.038600 4.356958e-16
6768.118700 4.207123e-16
6772.198700 4.204446e-16
6776.279300 4.382340e-16
6780.359400 4.399256e-16
6784.439500 4.367691e-16
6788.519500 4.374053e-16
6792.600000 4.308611e-16
6796.680000 4.319721e-16
6800.760300 4.288815e-16
6804.840300 4.198827e-16
6808.921000 4.292487e-16
6813.001000 4.271977e-16
6817.081000 4.376713e-16
6821.161000 4.199548e-16
6825.241700 4.304537e-16
6829.322000 4.176794e-16
6833.402000 4.177577e-16
6837.482000 4.340743e-16
6841.562500 4.246159e-16
6845.642600 4.204671e-16
6849.722700 4.279431e-16
6853.802700 4.360393e-16
6857.883300 4.346656e-16
6861.963400 4.318139e-16
6866.043500 4.241977e-16
6870.123500 4.427726e-16
6874.204000 3.994566e-16
6878.284000 4.040005e-16
6882.364300 4.215562e-16
6886.444300 4.282266e-16
6890.525000 4.174324e-16
6894.605000 4.004685e-16
6898.685000 4.011699e-16
6902.765000 3.883516e-16
6906.845700 3.851140e-16
6910.926000 4.050607e-16
6915.006000 3.939569e-16
6919.086000 3.847307e-16
6923.166500 3.912714e-16
6927.246600 3.875037e-16
6931.326700 3.907247e-16
6935.406700 3.968350e-16
6939.487300 4.098678e-16
6943.567400 3.827052e-16
6947.647500 3.698510e-16
6951.727500 3.802018e-16
6955.808000 3.566776e-16
6959.888000 3.782931e-16
6963.968300 3.892476e-16
6968.048300 3.651738e-16
6972.129000 3.876817e-16
6976.209000 3.913205e-16
6980.289000 3.838787e-16
6984.369000 3.837426e-16
6988.449000 3.720448e-16
6992.530000 3.701024e-16
6996.610000 3.788503e-16
7000.690000 3.746313e-16
7004.770000 3.671384e-16
7008.850600 3.803434e-16
7012.930700 3.775267e-16
7017.010700 3.706696e-16
7021.091000 3.848282e-16
7025.171400 3.788071e-16
7029.251500 3.842880e-16
7033.331500 3.692238e-16
7037.411600 3.540586e-16
7041.492000 3.516229e-16
7045.572300 3.609033e-16
7049.652300 3.633104e-16
7053.732400 3.654232e-16
7057.813000 3.543131e-16
7061.893000 3.281469e-16
7065.973000 3.472157e-16
7070.053000 3.509108e-16
7074.134000 3.623391e-16
7078.214000 3.555990e-16
7082.294000 3.406116e-16
7086.374000 3.399862e-16
7090.454600 3.624185e-16
7094.534700 3.512962e-16
7098.614700 3.399532e-16
7102.695000 3.478229e-16
7106.775400 3.514721e-16
7110.855500 3.453612e-16
7114.935500 3.533347e-16
7119.015600 3.638231e-16
7123.096000 3.295000e-16
7127.176300 3.058488e-16
7131.256300 3.225222e-16
7135.336400 3.399028e-16
7139.417000 3.454559e-16
7143.497000 3.450653e-16
7147.577000 3.356523e-16
7151.657000 3.293917e-16
7155.738000 3.245669e-16
7159.818000 3.336175e-16
7163.898000 3.424240e-16
7167.978000 3.311857e-16
7172.058600 3.357443e-16
7176.138700 3.413010e-16
7180.218800 3.314069e-16
7184.299000 3.341287e-16
7188.379400 3.313692e-16
7192.459500 3.267816e-16
7196.539600 3.156835e-16
7200.619600 3.425306e-16
7204.700000 3.274479e-16
7208.780300 2.945404e-16
7212.860400 3.117060e-16
7216.940400 3.237203e-16
7221.021000 3.201112e-16
7225.101000 3.221057e-16
7229.181000 3.171284e-16
7233.261000 3.119112e-16
7237.341300 3.165218e-16
7241.422000 3.189020e-16
7245.502000 3.237875e-16
7249.582000 3.077120e-16
7253.662000 2.908421e-16
7257.742700 3.033207e-16
7261.822800 3.219357e-16
7265.903000 3.146445e-16
7269.983000 3.059423e-16
7274.063500 3.105811e-16
7278.143600 3.136918e-16
7282.223600 3.162338e-16
7286.303700 3.096059e-16
7290.384300 3.155448e-16
7294.464400 3.179668e-16
7298.544400 2.913729e-16
7302.624500 3.061933e-16
7306.705000 3.154301e-16
7310.785000 3.160865e-16
7314.865000 3.147826e-16
7318.945300 3.078538e-16
7323.026000 3.030369e-16
7327.106000 2.850813e-16
7331.186000 2.730208e-16
7335.266000 2.954671e-16
7339.346700 2.876306e-16
7343.427000 2.863694e-16
7347.507000 2.822903e-16
7351.587000 2.739656e-16
7355.667500 2.977047e-16
7359.747600 2.860418e-16
7363.827600 2.832544e-16
7367.907700 2.787318e-16
7371.988300 2.800099e-16
7376.068400 2.829315e-16
7380.148400 2.838371e-16
7384.228500 3.066564e-16
7388.309000 2.918432e-16
7392.389000 2.748148e-16
7396.469000 2.987314e-16
7400.549300 2.749148e-16
7404.630000 2.730721e-16
7408.710000 2.614738e-16
7412.790000 2.887545e-16
7416.870000 2.767409e-16
7420.950700 2.671315e-16
7425.031000 2.844544e-16
7429.111000 2.893088e-16
7433.191000 2.815190e-16
7437.271500 2.838449e-16
7441.351600 2.719963e-16
7445.431600 2.567368e-16
7449.511700 2.775652e-16
7453.592300 2.723494e-16
7457.672400 2.866940e-16
