3600.000000 4.505083e-17
3605.170865 4.756151e-17
3610.341729 4.920821e-17
3615.512594 5.173998e-17
3620.683458 4.886622e-17
3625.854323 4.431417e-17
3631.025187 3.719079e-17
3636.196052 3.529562e-17
3641.366917 3.928194e-17
3646.537781 3.935744e-17
3651.708646 3.336567e-17
3656.879510 3.272237e-17
3662.050375 3.743202e-17
3667.221240 3.673581e-17
3672.392104 3.536753e-17
3677.562969 4.525804e-17
3682.733833 4.705703e-17
3687.904698 4.664065e-17
3693.075562 4.400971e-17
3698.246427 3.521193e-17
3703.417292 4.788664e-17
3708.588156 5.256595e-17
3713.759021 4.381984e-17
3718.929885 4.245543e-17
3724.100750 5.210831e-17
3729.271615 4.876014e-17
3734.442479 5.075577e-17
3739.613344 4.233335e-17
3744.784208 4.568991e-17
3749.955073 6.026176e-17
3755.125937 4.541139e-17
3760.296802 3.991122e-17
3765.467667 5.144234e-17
3770.638531 5.833262e-17
3775.809396 5.369054e-17
3780.980260 4.352186e-17
3786.151125 2.620280e-17
3791.321990 3.159949e-17
3796.492854 4.390933e-17
3801.663719 4.148253e-17
3806.834583 3.882947e-17
3812.005448 3.353477e-17
3817.176312 3.349590e-17
3822.347177 3.798171e-17
3827.518042 3.506379e-17
3832.688906 3.714688e-17
3837.859771 3.817288e-17
3843.030635 3.249850e-17
3848.201500 3.192152e-17
3853.372365 3.726322e-17
3858.543229 2.973946e-17
3863.714094 3.650384e-17
3868.884958 4.534867e-17
3874.055823 3.774778e-17
3879.226687 3.959082e-17
3884.397552 4.339182e-17
3889.568417 4.520775e-17
3894.739281 4.658103e-17
3899.910146 4.319887e-17
3905.081010 4.748985e-17
3910.251875 5.005854e-17
3915.422740 5.207708e-17
3920.593604 6.293637e-17
3925.764469 5.917807e-17
3930.935333 5.765266e-17
3936.106198 6.316044e-17
3941.277062 6.079411e-17
3946.447927 6.403130e-17
3951.618792 7.104883e-17
3956.789656 6.831384e-17
3961.960521 6.970012e-17
3967.131385 7.828635e-17
3972.302250 7.099927e-17
3977.473114 6.687834e-17
3982.643979 6.974698e-17
3987.814844 7.187724e-17
3992.985708 6.643585e-17
3998.156573 7.059120e-17
4003.327437 7.158619e-17
4008.498302 6.669817e-17
4013.669167 7.248300e-17
4018.840031 6.595063e-17
4024.010896 6.107524e-17
4029.181760 7.088841e-17
4034.352625 7.231773e-17
4039.523489 6.216096e-17
4044.694354 5.560450e-17
4049.865219 6.565262e-17
4055.036083 6.689625e-17
4060.206948 6.762336e-17
4065.377812 7.697516e-17
4070.548677 7.405483e-17
4075.719542 7.912946e-17
4080.890406 7.393358e-17
4086.061271 6.973546e-17
4091.232135 7.835587e-17
4096.403000 7.455318e-17
4101.573864 7.917306e-17
4106.744729 8.128476e-17
4111.915594 7.209117e-17
4117.086458 7.517802e-17
4122.257323 7.875175e-17
4127.428187 7.462875e-17
4132.599052 7.734773e-17
4137.769917 7.448435e-17
4142.940781 6.401544e-17
4148.111646 6.690706e-17
4153.282510 6.573449e-17
4158.453375 6.271006e-17
4163.624239 6.144283e-17
4168.795104 5.179463e-17
4173.965969 5.418185e-17
4179.136833 5.526353e-17
4184.307698 5.151643e-17
4189.478562 5.190014e-17
4194.649427 5.198984e-17
4199.820292 5.098036e-17
4204.991156 5.180306e-17
4210.162021 5.111905e-17
4215.332885 5.219938e-17
4220.503750 4.958512e-17
4225.674614 4.424824e-17
4230.845479 4.402418e-17
4236.016344 4.789988e-17
4241.187208 4.590387e-17
4246.358073 4.877322e-17
4251.528937 5.395563e-17
4256.699802 5.322628e-17
4261.870667 4.928332e-17
4267.041531 4.919043e-17
4272.212396 5.347610e-17
4277.383260 5.509935e-17
4282.554125 5.638826e-17
4287.724989 6.124014e-17
4292.895854 6.490361e-17
4298.066719 6.840927e-17
4303.237583 6.693372e-17
4308.408448 6.155147e-17
4313.579312 6.649925e-17
4318.750177 6.908724e-17
4323.921041 6.830781e-17
4329.091906 7.353356e-17
4334.262771 7.032968e-17
4339.433635 6.742519e-17
4344.604500 6.347810e-17
4349.775364 6.641031e-17
4354.946229 7.334314e-17
4360.117094 7.071236e-17
4365.287958 6.603804e-17
4370.458823 6.437769e-17
4375.629687 6.354298e-17
4380.800552 6.520157e-17
4385.971416 6.974144e-17
4391.142281 6.509905e-17
4396.313146 6.491266e-17
4401.484010 6.425567e-17
4406.654875 6.506195e-17
4411.825739 6.570534e-17
4416.996604 6.105450e-17
4422.167469 6.181234e-17
4427.338333 5.915928e-17
4432.509198 5.987090e-17
4437.680062 6.161461e-17
4442.850927 5.725843e-17
4448.021791 6.052212e-17
4453.192656 5.647672e-17
4458.363521 5.905062e-17
4463.534385 6.497436e-17
4468.705250 6.491653e-17
4473.876114 6.819372e-17
4479.046979 6.795646e-17
4484.217844 6.915944e-17
4489.388708 6.966553e-17
4494.559573 6.872476e-17
4499.730437 7.047415e-17
4504.901302 7.026253e-17
4510.072166 6.998892e-17
4515.243031 7.852692e-17
4520.413896 8.298072e-17
4525.584760 8.487724e-17
4530.755625 7.774375e-17
4535.926489 8.198898e-17
4541.097354 8.534617e-17
4546.268219 8.465556e-17
4551.439083 9.195689e-17
4556.609948 9.287728e-17
4561.780812 9.557761e-17
4566.951677 1.000622e-16
4572.122541 9.029151e-17
4577.293406 8.617028e-17
4582.464271 9.193958e-17
4587.635135 9.543199e-17
4592.806000 9.366809e-17
4597.976864 9.933355e-17
4603.147729 9.867661e-17
4608.318594 9.429817e-17
4613.489458 9.024783e-17
4618.660323 9.447426e-17
4623.831187 8.605720e-17
4629.002052 8.885398e-17
4634.172916 8.937291e-17
4639.343781 8.125592e-17
4644.514646 7.552854e-17
4649.685510 7.038380e-17
4654.856375 6.901413e-17
4660.027239 5.888019e-17
4665.198104 6.224645e-17
4670.368968 6.202528e-17
4675.539833 6.418586e-17
4680.710698 6.319328e-17
4685.881562 5.286396e-17
4691.052427 4.989343e-17
4696.223291 4.603963e-17
4701.394156 4.837836e-17
4706.565021 4.928990e-17
4711.735885 5.388023e-17
4716.906750 4.866249e-17
4722.077614 4.212504e-17
4727.248479 5.323365e-17
4732.419343 6.005854e-17
4737.590208 5.596132e-17
4742.761073 5.598155e-17
4747.931937 6.237928e-17
4753.102802 6.256082e-17
4758.273666 5.834644e-17
4763.444531 5.508733e-17
4768.615396 5.878816e-17
4773.786260 6.255023e-17
4778.957125 6.451740e-17
4784.127989 6.832018e-17
4789.298854 7.171414e-17
4794.469718 7.587609e-17
4799.640583 8.492270e-17
4804.811448 9.654570e-17
4809.982312 1.002658e-16
4815.153177 1.012336e-16
4820.324041 1.024702e-16
4825.494906 1.025446e-16
4830.665771 1.032817e-16
4835.836635 1.085844e-16
4841.007500 1.110820e-16
4846.178364 1.120169e-16
4851.349229 1.136543e-16
4856.520093 1.078238e-16
4861.690958 1.090076e-16
4866.861823 1.094657e-16
4872.032687 1.041437e-16
4877.203552 1.074333e-16
4882.374416 1.064740e-16
4887.545281 1.037632e-16
4892.716146 9.992067e-17
4897.887010 9.945957e-17
4903.057875 9.823046e-17
4908.228739 9.810216e-17
4913.399604 1.015840e-16
4918.570468 1.029632e-16
4923.741333 1.051208e-16
4928.912198 1.019770e-16
4934.083062 1.036924e-16
4939.253927 1.058864e-16
4944.424791 1.050864e-16
4949.595656 1.037862e-16
4954.766521 1.078318e-16
4959.937385 1.052144e-16
4965.108250 9.791289e-17
4970.279114 1.014565e-16
4975.449979 1.013698e-16
4980.620843 1.021293e-16
4985.791708 9.491286e-17
4990.962573 9.240758e-17
4996.133437 8.451764e-17
5001.304302 8.544223e-17
5006.475166 8.389904e-17
5011.646031 7.844213e-17
5016.816895 7.905299e-17
5021.987760 8.306020e-17
5027.158625 7.328063e-17
5032.329489 7.024882e-17
5037.500354 6.996534e-17
5042.671218 7.016898e-17
5047.842083 6.692036e-17
5053.012948 6.775062e-17
5058.183812 7.567871e-17
5063.354677 7.197359e-17
5068.525541 6.613844e-17
5073.696406 6.737568e-17
5078.867270 7.458823e-17
5084.038135 6.722251e-17
5089.209000 6.454397e-17
5094.379864 6.514190e-17
5099.550729 6.435540e-17
5104.721593 6.423835e-17
5109.892458 6.941916e-17
5115.063323 7.376152e-17
5120.234187 6.474763e-17
5125.405052 6.602239e-17
5130.575916 7.573024e-17
5135.746781 8.454802e-17
5140.917645 7.673909e-17
5146.088510 7.438106e-17
5151.259375 7.911823e-17
5156.430239 7.763671e-17
5161.601104 7.916198e-17
5166.771968 8.019049e-17
5171.942833 7.732517e-17
5177.113698 7.917406e-17
5182.284562 7.712851e-17
5187.455427 8.348389e-17
5192.626291 8.310214e-17
5197.797156 7.109755e-17
5202.968020 7.284726e-17
5208.138885 8.091049e-17
5213.309750 9.295698e-17
5218.480614 8.782016e-17
5223.651479 7.284398e-17
5228.822343 6.557370e-17
5233.993208 7.460515e-17
5239.164073 7.572934e-17
5244.334937 8.268963e-17
5249.505802 8.468937e-17
5254.676666 8.299081e-17
5259.847531 8.386866e-17
5265.018395 8.710078e-17
5270.189260 8.829707e-17
5275.360125 8.601562e-17
5280.530989 8.592491e-17
5285.701854 9.162969e-17
5290.872718 9.179846e-17
5296.043583 9.291922e-17
5301.214447 9.213142e-17
5306.385312 9.673021e-17
5311.556177 9.875554e-17
5316.727041 9.771628e-17
5321.897906 9.680176e-17
5327.068770 9.528577e-17
5332.239635 9.667485e-17
5337.410500 9.439544e-17
5342.581364 9.491052e-17
5347.752229 9.425397e-17
5352.923093 9.590597e-17
5358.093958 9.929626e-17
5363.264822 1.019621e-16
5368.435687 9.847305e-17
5373.606552 9.409676e-17
5378.777416 9.837543e-17
5383.948281 9.906605e-17
5389.119145 9.903090e-17
5394.290010 9.460656e-17
5399.460875 9.512803e-17
5404.631739 9.773269e-17
5409.802604 1.027528e-16
5414.973468 1.051091e-16
5420.144333 1.011456e-16
5425.315197 1.014964e-16
5430.486062 1.031173e-16
5435.656927 1.039049e-16
5440.827791 1.095232e-16
5445.998656 1.077119e-16
5451.169520 1.065297e-16
5456.340385 1.072891e-16
5461.511250 1.039950e-16
5466.682114 1.061262e-16
5471.852979 1.063756e-16
5477.023843 1.040521e-16
5482.194708 1.084354e-16
5487.365572 1.026085e-16
5492.536437 1.037294e-16
5497.707302 1.013046e-16
5502.878166 9.955513e-17
5508.049031 9.074875e-17
5513.219895 9.301012e-17
5518.390760 9.256282e-17
5523.561625 9.254511e-17
5528.732489 9.749186e-17
5533.903354 1.014016e-16
5539.074218 9.933986e-17
5544.245083 1.006315e-16
5549.415947 1.026555e-16
5554.586812 1.006184e-16
5559.757677 9.701592e-17
5564.928541 9.999783e-17
5570.099406 1.086224e-16
5575.270270 1.118372e-16
5580.441135 1.065752e-16
5585.612000 1.016800e-16
5590.782864 1.001669e-16
5595.953729 9.861509e-17
5601.124593 9.894656e-17
5606.295458 1.007283e-16
5611.466322 1.039474e-16
5616.637187 1.050034e-16
5621.808052 1.032400e-16
5626.978916 1.023125e-16
5632.149781 9.972482e-17
5637.320645 9.656139e-17
5642.491510 9.607230e-17
5647.662374 1.029902e-16
5652.833239 1.019987e-16
5658.004104 9.333508e-17
5663.174968 9.544989e-17
5668.345833 9.532967e-17
5673.516697 9.393472e-17
5678.687562 9.859930e-17
5683.858427 9.619066e-17
5689.029291 9.084608e-17
5694.200156 8.809376e-17
5699.371020 8.467272e-17
5704.541885 8.581575e-17
5709.712749 7.989354e-17
5714.883614 8.245260e-17
5720.054479 9.124878e-17
5725.225343 9.492033e-17
5730.396208 9.823910e-17
5735.567072 9.341226e-17
5740.737937 8.904082e-17
5745.908802 8.952610e-17
5751.079666 9.134684e-17
5756.250531 9.272091e-17
5761.421395 9.381597e-17
5766.592260 9.109604e-17
5771.763124 9.252454e-17
5776.933989 8.862800e-17
5782.104854 8.969034e-17
5787.275718 9.236251e-17
5792.446583 9.035890e-17
5797.617447 9.307178e-17
5802.788312 9.769017e-17
5807.959177 9.406421e-17
5813.130041 9.902755e-17
5818.300906 9.880778e-17
5823.471770 9.653302e-17
5828.642635 9.433574e-17
5833.813499 9.475929e-17
5838.984364 9.456607e-17
5844.155229 9.630630e-17
5849.326093 9.907635e-17
5854.496958 1.063844e-16
5859.667822 1.001708e-16
5864.838687 9.441031e-17
5870.009552 1.020139e-16
5875.180416 9.986575e-17
5880.351281 9.773800e-17
5885.522145 9.669041e-17
5890.693010 9.951059e-17
5895.863874 9.951429e-17
5901.034739 9.358672e-17
5906.205604 9.170418e-17
5911.376468 9.583946e-17
5916.547333 9.387127e-17
5921.718197 8.818696e-17
5926.889062 9.048058e-17
5932.059927 9.226733e-17
5937.230791 9.221701e-17
5942.401656 8.835689e-17
5947.572520 8.492735e-17
5952.743385 8.589914e-17
5957.914249 8.609449e-17
5963.085114 8.750676e-17
5968.255979 8.772904e-17
5973.426843 8.814038e-17
5978.597708 8.513060e-17
5983.768572 8.628565e-17
5988.939437 8.189733e-17
5994.110301 8.272999e-17
5999.281166 8.678479e-17
6004.452031 9.017106e-17
6009.622895 9.110656e-17
6014.793760 9.054421e-17
6019.964624 8.632886e-17
6025.135489 8.196543e-17
6030.306354 8.244395e-17
6035.477218 8.378703e-17
6040.648083 8.761407e-17
6045.818947 8.513428e-17
6050.989812 8.031187e-17
6056.160676 8.196339e-17
6061.331541 8.187937e-17
6066.502406 8.202488e-17
6071.673270 8.534156e-17
6076.844135 8.662478e-17
6082.014999 8.601641e-17
6087.185864 8.549371e-17
6092.356729 8.450652e-17
6097.527593 8.475102e-17
6102.698458 8.194174e-17
6107.869322 8.007028e-17
6113.040187 8.284200e-17
6118.211051 8.214621e-17
6123.381916 8.117658e-17
6128.552781 8.142827e-17
6133.723645 8.522135e-17
6138.894510 9.161440e-17
6144.065374 9.340058e-17
6149.236239 8.771674e-17
6154.407104 8.720018e-17
6159.577968 8.986969e-17
6164.748833 8.395000e-17
6169.919697 8.282410e-17
6175.090562 8.547026e-17
6180.261426 8.737697e-17
6185.432291 8.765522e-17
6190.603156 8.125357e-17
6195.774020 7.638165e-17
6200.944885 7.329645e-17
6206.115749 7.671487e-17
6211.286614 7.764447e-17
6216.457479 7.384836e-17
6221.628343 7.474262e-17
6226.799208 7.095905e-17
6231.970072 7.015004e-17
6237.140937 6.462875e-17
6242.311801 6.232815e-17
6247.482666 5.671375e-17
6252.653531 5.582530e-17
6257.824395 5.315881e-17
6262.995260 4.464322e-17
6268.166124 4.657594e-17
6273.336989 4.828192e-17
6278.507854 3.746025e-17
6283.678718 3.977300e-17
6288.849583 4.289472e-17
6294.020447 3.996250e-17
6299.191312 4.290642e-17
6304.362176 4.143390e-17
6309.533041 3.730562e-17
6314.703906 3.781845e-17
6319.874770 3.831432e-17
6325.045635 3.505259e-17
6330.216499 3.800009e-17
6335.387364 3.769186e-17
6340.558228 3.992677e-17
6345.729093 4.513918e-17
6350.899958 4.919102e-17
6356.070822 4.479482e-17
6361.241687 5.042065e-17
6366.412551 5.097479e-17
6371.583416 5.533710e-17
6376.754281 6.000411e-17
6381.925145 5.915782e-17
6387.096010 6.563457e-17
6392.266874 6.948565e-17
6397.437739 7.929954e-17
6402.608603 8.953846e-17
6407.779468 9.207870e-17
6412.950333 8.958440e-17
6418.121197 9.486635e-17
6423.292062 1.069801e-16
6428.462926 1.125616e-16
6433.633791 1.228986e-16
6438.804656 1.226196e-16
6443.975520 1.213583e-16
6449.146385 1.240059e-16
6454.317249 1.225948e-16
6459.488114 1.276800e-16
6464.658978 1.350215e-16
6469.829843 1.336273e-16
6475.000708 1.369983e-16
6480.171572 1.443365e-16
6485.342437 1.447528e-16
6490.513301 1.457901e-16
6495.684166 1.521030e-16
6500.855031 1.546049e-16
6506.025895 1.524303e-16
6511.196760 1.505884e-16
6516.367624 1.577917e-16
6521.538489 1.602586e-16
6526.709353 1.560824e-16
6531.880218 1.579887e-16
6537.051083 1.595270e-16
6542.221947 1.598603e-16
6547.392812 1.650486e-16
6552.563676 1.663061e-16
6557.734541 1.680994e-16
6562.905406 1.681868e-16
6568.076270 1.657131e-16
6573.247135 1.676640e-16
6578.417999 1.637171e-16
6583.588864 1.600972e-16
6588.759728 1.603255e-16
6593.930593 1.558443e-16
6599.101458 1.481340e-16
6604.272322 1.465905e-16
6609.443187 1.448271e-16
6614.614051 1.406854e-16
6619.784916 1.393230e-16
6624.955781 1.373353e-16
6630.126645 1.370775e-16
6635.297510 1.344417e-16
6640.468374 1.309360e-16
6645.639239 1.278157e-16
6650.810103 1.269307e-16
6655.980968 1.264157e-16
6661.151833 1.258297e-16
6666.322697 1.200547e-16
6671.493562 1.196064e-16
6676.664426 1.221162e-16
6681.835291 1.157982e-16
6687.006155 1.115089e-16
6692.177020 1.112555e-16
6697.347885 1.166531e-16
6702.518749 1.188238e-16
6707.689614 1.138983e-16
6712.860478 1.056973e-16
6718.031343 1.059712e-16
6723.202208 1.056721e-16
6728.373072 9.784105e-17
6733.543937 9.751352e-17
6738.714801 9.800108e-17
6743.885666 9.381062e-17
6749.056530 1.008007e-16
6754.227395 1.045657e-16
6759.398260 9.532893e-17
6764.569124 8.894841e-17
6769.739989 8.977144e-17
6774.910853 9.544377e-17
6780.081718 9.053007e-17
6785.252583 8.460535e-17
6790.423447 8.498802e-17
6795.594312 8.970535e-17
6800.765176 9.076190e-17
6805.936041 8.730634e-17
6811.106905 8.110525e-17
6816.277770 7.592754e-17
6821.448635 7.579283e-17
6826.619499 8.150791e-17
6831.790364 8.110539e-17
6836.961228 8.104221e-17
6842.132093 8.091010e-17
6847.302958 7.639752e-17
6852.473822 7.890348e-17
6857.644687 7.106267e-17
6862.815551 7.224582e-17
6867.986416 7.020355e-17
6873.157280 6.883308e-17
6878.328145 7.441600e-17
6883.499010 7.323774e-17
6888.669874 7.800177e-17
6893.840739 8.858324e-17
6899.011603 8.050877e-17
6904.182468 7.113369e-17
6909.353333 7.919160e-17
6914.524197 7.916252e-17
6919.695062 7.738839e-17
6924.865926 7.597785e-17
6930.036791 7.754775e-17
6935.207655 7.591097e-17
6940.378520 7.873809e-17
6945.549385 8.216885e-17
6950.720249 7.140386e-17
6955.891114 6.985088e-17
6961.061978 7.369177e-17
6966.232843 7.548050e-17
6971.403708 8.672491e-17
6976.574572 7.507248e-17
6981.745437 6.757301e-17
6986.916301 7.479527e-17
6992.087166 7.213497e-17
6997.258030 7.529852e-17
7002.428895 6.905201e-17
7007.599760 6.023493e-17
7012.770624 6.783812e-17
7017.941489 7.226896e-17
7023.112353 7.219873e-17
7028.283218 7.580146e-17
7033.454082 7.828809e-17
7038.624947 7.454100e-17
7043.795812 7.610203e-17
7048.966676 7.319283e-17
7054.137541 7.609152e-17
7059.308405 8.042744e-17
7064.479270 7.327073e-17
7069.650135 7.432110e-17
7074.820999 6.669563e-17
7079.991864 6.678171e-17
7085.162728 7.099293e-17
7090.333593 6.848928e-17
7095.504457 7.323365e-17
7100.675322 7.310150e-17
7105.846187 6.552059e-17
7111.017051 6.673256e-17
7116.187916 8.970628e-17
7121.358780 1.009455e-16
7126.529645 8.081359e-17
7131.700510 6.131953e-17
7136.871374 5.147385e-17
7142.042239 5.671533e-17
7147.213103 7.247244e-17
7152.383968 7.288871e-17
7157.554832 5.823338e-17
7162.725697 5.002250e-17
7167.896562 5.016153e-17
7173.067426 5.182995e-17
7178.238291 5.160545e-17
7183.409155 6.378894e-17
7188.580020 6.798132e-17
7193.750885 6.150374e-17
7198.921749 6.225576e-17
7204.092614 6.733288e-17
7209.263478 7.737620e-17
7214.434343 7.740178e-17
7219.605207 7.214859e-17
7224.776072 6.598788e-17
7229.946937 6.986262e-17
7235.117801 6.704374e-17
7240.288666 5.835146e-17
7245.459530 6.187558e-17
7250.630395 6.640670e-17
7255.801260 7.209153e-17
7260.972124 7.228981e-17
7266.142989 7.386354e-17
7271.313853 7.407091e-17
7276.484718 7.274539e-17
7281.655582 7.013492e-17
7286.826447 6.667868e-17
7291.997312 7.101387e-17
7297.168176 7.895916e-17
7302.339041 7.376218e-17
7307.509905 6.236982e-17
7312.680770 6.464212e-17
7317.851635 7.626423e-17
7323.022499 6.388913e-17
7328.193364 6.671750e-17
7333.364228 6.541447e-17
7338.535093 6.655894e-17
7343.705957 6.760427e-17
7348.876822 7.168284e-17
7354.047687 6.666008e-17
7359.218551 6.815754e-17
7364.389416 6.579741e-17
7369.560280 6.359700e-17
7374.731145 6.509270e-17
7379.902009 6.198249e-17
7385.072874 5.983225e-17
7390.243739 6.197608e-17
7395.414603 6.483903e-17
7400.585468 6.826052e-17
7405.756332 7.057264e-17
7410.927197 6.770999e-17
7416.098062 6.608194e-17
7421.268926 6.768202e-17
7426.439791 6.763984e-17
7431.610655 6.483293e-17
7436.781520 6.794589e-17
7441.952384 6.694645e-17
7447.123249 6.281402e-17
7452.294114 6.378271e-17
7457.464978 6.640662e-17
7462.635843 7.481974e-17
7467.806707 7.223261e-17
7472.977572 6.901510e-17
7478.148437 6.795152e-17
7483.319301 6.468040e-17
7488.490166 6.126058e-17
7493.661030 5.993455e-17
7498.831895 6.824606e-17
7504.002759 6.680041e-17
7509.173624 6.849131e-17
7514.344489 6.669048e-17
7519.515353 6.086803e-17
7524.686218 5.828608e-17
7529.857082 5.957866e-17
7535.027947 6.319164e-17
7540.198812 5.836275e-17
7545.369676 4.669137e-17
7550.540541 4.772655e-17
7555.711405 5.144234e-17
7560.882270 5.087683e-17
7566.053134 4.770648e-17
7571.223999 5.443944e-17
7576.394864 5.761256e-17
7581.565728 5.693116e-17
7586.736593 5.781581e-17
7591.907457 5.692063e-17
7597.078322 5.536111e-17
7602.249187 5.948948e-17
7607.420051 5.919435e-17
7612.590916 5.310769e-17
7617.761780 5.668168e-17
7622.932645 6.601411e-17
7628.103509 6.061015e-17
7633.274374 5.916849e-17
7638.445239 6.397907e-17
7643.616103 6.215822e-17
7648.786968 6.670155e-17
7653.957832 6.705466e-17
7659.128697 5.926377e-17
7664.299562 5.839975e-17
7669.470426 5.932674e-17
7674.641291 6.051433e-17
7679.812155 5.944526e-17
7684.983020 5.632536e-17
7690.153884 6.165770e-17
7695.324749 6.739325e-17
7700.495614 6.852753e-17
7705.666478 6.835750e-17
7710.837343 7.301141e-17
7716.008207 6.876135e-17
7721.179072 6.376831e-17
7726.349936 6.566911e-17
7731.520801 6.047386e-17
7736.691666 6.440646e-17
7741.862530 6.054742e-17
7747.033395 5.685096e-17
7752.204259 5.493764e-17
7757.375124 6.356248e-17
7762.545989 7.714868e-17
7767.716853 7.432641e-17
7772.887718 6.553171e-17
7778.058582 7.110920e-17
7783.229447 7.037379e-17
7788.400311 6.545087e-17
7793.571176 6.579553e-17
7798.742041 6.263728e-17
7803.912905 6.166596e-17
7809.083770 5.791282e-17
7814.254634 5.144537e-17
7819.425499 5.441982e-17
7824.596364 5.364273e-17
7829.767228 5.056479e-17
7834.938093 5.378758e-17
7840.108957 5.691165e-17
7845.279822 7.062722e-17
7850.450686 6.973610e-17
7855.621551 6.313010e-17
7860.792416 5.281596e-17
7865.963280 5.049007e-17
7871.134145 6.314011e-17
7876.305009 6.391359e-17
7881.475874 5.974408e-17
7886.646739 5.570625e-17
7891.817603 5.677775e-17
7896.988468 6.119900e-17
7902.159332 6.630298e-17
7907.330197 6.035263e-17
7912.501061 5.365734e-17
7917.671926 5.632490e-17
7922.842791 6.179658e-17
7928.013655 5.915014e-17
7933.184520 5.087334e-17
7938.355384 5.042419e-17
7943.526249 5.713950e-17
7948.697114 6.208722e-17
7953.867978 6.449897e-17
7959.038843 6.150521e-17
7964.209707 5.799009e-17
7969.380572 5.721968e-17
7974.551436 5.661470e-17
7979.722301 5.317772e-17
7984.893166 5.979523e-17
7990.064030 5.922734e-17
7995.234895 4.934107e-17
8000.405759 5.710680e-17
8005.576624 6.057346e-17
8010.747488 4.994259e-17
8015.918353 5.448509e-17
8021.089218 6.337078e-17
8026.260082 5.455233e-17
8031.430947 5.880148e-17
8036.601811 6.044789e-17
8041.772676 5.783206e-17
8046.943541 5.836443e-17
8052.114405 5.907863e-17
8057.285270 6.497463e-17
8062.456134 6.120379e-17
8067.626999 5.447243e-17
8072.797863 5.535087e-17
8077.968728 5.860957e-17
8083.139593 6.649283e-17
8088.310457 6.230385e-17
8093.481322 5.370472e-17
8098.652186 5.822993e-17
8103.823051 6.058348e-17
8108.993916 5.544603e-17
8114.164780 4.040021e-17
8119.335645 4.234890e-17
8124.506509 6.217499e-17
8129.677374 6.363069e-17
8134.848238 5.276400e-17
8140.019103 4.138627e-17
8145.189968 5.319960e-17
8150.360832 6.026102e-17
8155.531697 5.178294e-17
8160.702561 4.706696e-17
8165.873426 5.112238e-17
8171.044291 5.331508e-17
8176.215155 4.621258e-17
8181.386020 4.519395e-17
8186.556884 4.533835e-17
8191.727749 4.262983e-17
8196.898613 4.631382e-17
8202.069478 4.961503e-17
8207.240343 4.373986e-17
8212.411207 4.142446e-17
8217.582072 3.164184e-17
8222.752936 3.351520e-17
8227.923801 3.351111e-17
8233.094666 3.002159e-17
8238.265530 3.749275e-17
8243.436395 3.018191e-17
8248.607259 3.067975e-17
8253.778124 4.248251e-17
8258.948988 4.581965e-17
8264.119853 4.868478e-17
8269.290718 4.412664e-17
8274.461582 2.010679e-17
8279.632447 1.011462e-17
8284.803311 3.186581e-17
8289.974176 4.075043e-17
8295.145041 4.272112e-17
8300.315905 3.904361e-17
8305.486770 3.942759e-17
8310.657634 3.435181e-17
8315.828499 3.704751e-17
8320.999363 4.759982e-17
8326.170228 4.197900e-17
8331.341093 4.593076e-17
8336.511957 5.000504e-17
8341.682822 3.908319e-17
8346.853686 4.111466e-17
8352.024551 3.700386e-17
8357.195415 4.333830e-17
8362.366280 5.700842e-17
8367.537145 5.875185e-17
8372.708009 3.764451e-17
8377.878874 2.761935e-17
8383.049738 3.617739e-17
8388.220603 3.341976e-17
8393.391468 3.882101e-17
8398.562332 3.802507e-17
8403.733197 2.434099e-17
8408.904061 2.845058e-17
8414.074926 3.603964e-17
8419.245790 4.970277e-17
8424.416655 4.267501e-17
8429.587520 3.861154e-17
8434.758384 4.163863e-17
8439.929249 4.235726e-17
8445.100113 4.525924e-17
8450.270978 5.319413e-17
8455.441843 5.929303e-17
8460.612707 4.780188e-17
8465.783572 4.276455e-17
8470.954436 4.087799e-17
8476.125301 5.949064e-17
8481.296165 4.215299e-17
8486.467030 3.819698e-17
8491.637895 5.856093e-17
8496.808759 6.225785e-17
8501.979624 6.337278e-17
8507.150488 6.786743e-17
8512.321353 7.128079e-17
8517.492218 5.544883e-17
8522.663082 5.284527e-17
8527.833947 5.807323e-17
8533.004811 5.584585e-17
8538.175676 5.142701e-17
8543.346540 5.849681e-17
8548.517405 6.706673e-17
8553.688270 6.637386e-17
8558.859134 5.541629e-17
8564.029999 6.010971e-17
8569.200863 6.215290e-17
8574.371728 6.742963e-17
8579.542593 6.751665e-17
8584.713457 5.344088e-17
8589.884322 4.665432e-17
8595.055186 4.310839e-17
8600.226051 4.682103e-17
8605.396915 5.456703e-17
8610.567780 6.363581e-17
8615.738645 6.841081e-17
8620.909509 4.809012e-17
8626.080374 4.494644e-17
8631.251238 5.573413e-17
8636.422103 5.480145e-17
8641.592968 6.588241e-17
8646.763832 6.318105e-17
