5035.000000 7.232445e-17
5037.644904 1.017788e-16
5040.289809 8.505110e-17
5042.934713 4.493099e-17
5045.579618 4.703032e-17
5048.224522 1.549069e-17
5050.869427 1.300700e-17
5053.514331 2.850866e-17
5056.159236 3.914216e-17
5058.804140 2.660561e-17
5061.449045 4.775712e-17
5064.093949 6.999361e-17
5066.738854 7.095886e-17
5069.383758 4.333362e-17
5072.028663 5.836930e-17
5074.673567 5.934338e-17
5077.318471 5.341810e-17
5079.963376 5.898854e-17
5082.608280 6.034379e-17
5085.253185 4.980994e-17
5087.898089 6.201231e-17
5090.542994 6.594809e-17
5093.187898 6.656551e-17
5095.832803 6.470326e-17
5098.477707 6.172683e-17
5101.122612 6.452691e-17
5103.767516 5.878715e-17
5106.412421 5.622304e-17
5109.057325 6.202412e-17
5111.702230 6.828081e-17
5114.347134 6.786094e-17
5116.992038 6.327720e-17
5119.636943 6.064117e-17
5122.281847 5.858329e-17
5124.926752 6.600406e-17
5127.571656 7.944875e-17
5130.216561 6.804578e-17
5132.861465 5.702301e-17
5135.506370 6.075110e-17
5138.151274 6.574684e-17
5140.796179 5.785725e-17
5143.441083 5.013128e-17
5146.085988 4.280203e-17
5148.730892 5.398730e-17
5151.375797 6.000821e-17
5154.020701 5.958710e-17
5156.665605 5.004663e-17
5159.310510 5.491064e-17
5161.955414 6.338304e-17
5164.600319 6.996308e-17
5167.245223 6.915597e-17
5169.890128 7.672845e-17
5172.535032 7.246070e-17
5175.179937 5.158776e-17
5177.824841 5.486825e-17
5180.469746 5.143206e-17
5183.114650 4.126813e-17
5185.759555 4.512518e-17
5188.404459 5.139774e-17
5191.049364 4.829132e-17
5193.694268 4.926772e-17
5196.339172 3.951884e-17
5198.984077 4.242949e-17
5201.628981 5.167986e-17
5204.273886 4.932031e-17
5206.918790 4.563825e-17
5209.563695 4.407768e-17
5212.208599 5.123460e-17
5214.853504 5.593407e-17
5217.498408 4.864353e-17
5220.143313 5.349656e-17
5222.788217 5.967798e-17
5225.433122 5.639397e-17
5228.078026 5.689634e-17
5230.722930 5.518035e-17
5233.367835 5.697031e-17
5236.012739 6.702588e-17
5238.657644 6.329215e-17
5241.302548 5.926488e-17
5243.947453 5.017219e-17
5246.592357 5.157141e-17
5249.237262 6.809443e-17
5251.882166 6.333686e-17
5254.527071 5.610674e-17
5257.171975 5.777511e-17
5259.816880 5.248750e-17
5262.461784 6.265249e-17
5265.106689 7.004922e-17
5267.751593 6.585262e-17
5270.396497 6.101837e-17
5273.041402 6.247435e-17
5275.686306 6.690283e-17
5278.331211 6.656361e-17
5280.976115 6.681530e-17
5283.621020 7.524806e-17
5286.265924 6.903535e-17
5288.910829 6.366901e-17
5291.555733 6.743298e-17
5294.200638 6.735816e-17
5296.845542 7.125579e-17
5299.490447 7.579947e-17
5302.135351 6.424341e-17
5304.780256 6.329584e-17
5307.425160 6.546231e-17
5310.070064 7.101140e-17
5312.714969 7.262449e-17
5315.359873 6.853083e-17
5318.004778 6.152555e-17
5320.649682 6.247632e-17
5323.294587 6.633882e-17
5325.939491 7.259364e-17
5328.584396 6.953798e-17
5331.229300 7.115226e-17
5333.874205 6.872367e-17
5336.519109 6.671384e-17
5339.164014 7.034523e-17
5341.808918 6.055493e-17
5344.453823 6.155953e-17
5347.098727 7.103276e-17
5349.743631 6.886008e-17
5352.388536 6.209104e-17
5355.033440 5.926060e-17
5357.678345 5.654887e-17
5360.323249 5.298102e-17
5362.968154 4.175631e-17
5365.613058 3.103842e-17
5368.257963 4.820519e-17
5370.902867 5.281946e-17
5373.547772 4.997665e-17
5376.192676 5.479423e-17
5378.837581 5.709464e-17
5381.482485 6.594151e-17
5384.127390 6.205222e-17
5386.772294 5.729578e-17
5389.417198 6.133545e-17
5392.062103 6.840894e-17
5394.707007 7.064157e-17
5397.351912 7.564919e-17
5399.996816 7.974740e-17
5402.641721 6.501402e-17
5405.286625 6.637321e-17
5407.931530 7.859392e-17
5410.576434 7.310729e-17
5413.221339 6.333825e-17
5415.866243 6.032434e-17
5418.511148 6.294792e-17
5421.156052 6.197467e-17
5423.800957 6.150008e-17
5426.445861 6.714748e-17
5429.090765 6.829325e-17
5431.735670 6.976099e-17
5434.380574 6.772296e-17
5437.025479 6.863327e-17
5439.670383 7.346394e-17
5442.315288 7.553416e-17
5444.960192 6.710650e-17
5447.605097 6.243292e-17
5450.250001 7.379966e-17
5452.894906 7.621265e-17
5455.539810 6.880903e-17
5458.184715 5.906469e-17
5460.829619 5.012924e-17
5463.474524 6.063753e-17
5466.119428 6.603813e-17
5468.764332 6.328863e-17
5471.409237 6.665316e-17
5474.054141 6.738902e-17
5476.699046 6.188548e-17
5479.343950 6.044756e-17
5481.988855 6.306422e-17
5484.633759 7.038681e-17
5487.278664 7.553741e-17
5489.923568 7.593635e-17
5492.568473 7.035791e-17
5495.213377 6.983463e-17
5497.858282 6.809311e-17
5500.503186 6.768765e-17
5503.148091 6.962066e-17
5505.792995 6.752312e-17
5508.437899 7.450236e-17
5511.082804 7.727426e-17
5513.727708 7.032312e-17
5516.372613 7.336023e-17
5519.017517 7.413600e-17
5521.662422 6.572458e-17
5524.307326 6.874921e-17
5526.952231 6.595381e-17
5529.597135 5.733685e-17
5532.242040 5.949370e-17
5534.886944 5.919662e-17
5537.531849 6.795789e-17
5540.176753 7.129027e-17
5542.821658 5.697764e-17
5545.466562 5.714596e-17
5548.111466 6.402553e-17
5550.756371 7.607061e-17
5553.401275 6.752162e-17
5556.046180 5.724290e-17
5558.691084 5.157884e-17
5561.335989 5.210571e-17
5563.980893 5.321809e-17
5566.625798 5.229545e-17
5569.270702 4.779813e-17
5571.915607 4.294420e-17
5574.560511 4.063435e-17
5577.205416 5.345816e-17
5579.850320 6.313960e-17
5582.495225 6.833324e-17
5585.140129 6.825696e-17
5587.785033 6.260540e-17
5590.429938 5.753328e-17
5593.074842 6.364281e-17
5595.719747 6.646089e-17
5598.364651 6.733985e-17
5601.009556 7.138269e-17
5603.654460 6.743827e-17
5606.299365 6.227867e-17
5608.944269 6.398490e-17
5611.589174 7.130238e-17
5614.234078 7.099618e-17
5616.878983 7.202292e-17
5619.523887 7.906462e-17
5622.168791 7.986459e-17
5624.813696 7.708701e-17
5627.458600 7.937245e-17
5630.103505 7.853979e-17
5632.748409 7.471040e-17
5635.393314 7.297595e-17
5638.038218 6.947373e-17
5640.683123 7.482851e-17
5643.328027 7.425696e-17
5645.972932 5.555037e-17
5648.617836 5.756049e-17
5651.262741 6.916376e-17
5653.907645 5.805358e-17
5656.552550 6.045804e-17
5659.197454 6.977722e-17
5661.842358 7.330371e-17
5664.487263 7.142081e-17
5667.132167 6.387037e-17
5669.777072 6.021365e-17
5672.421976 5.783649e-17
5675.066881 5.635824e-17
5677.711785 4.979477e-17
5680.356690 5.139497e-17
5683.001594 5.436806e-17
5685.646499 5.361779e-17
5688.291403 5.722940e-17
5690.936308 5.311732e-17
5693.581212 4.402318e-17
5696.226117 4.955382e-17
5698.871021 5.497812e-17
5701.515925 5.139295e-17
5704.160830 5.254011e-17
5706.805734 4.626359e-17
5709.450639 4.704115e-17
5712.095543 3.972784e-17
5714.740448 4.078179e-17
5717.385352 4.473937e-17
5720.030257 3.656685e-17
5722.675161 3.460146e-17
5725.320066 3.869417e-17
5727.964970 3.952950e-17
5730.609875 3.722212e-17
5733.254779 4.195379e-17
5735.899684 4.433702e-17
5738.544588 4.453406e-17
5741.189492 4.674891e-17
5743.834397 4.064896e-17
5746.479301 4.340139e-17
5749.124206 4.255069e-17
5751.769110 4.252032e-17
5754.414015 4.284604e-17
5757.058919 4.241759e-17
5759.703824 5.262406e-17
5762.348728 5.378868e-17
5764.993633 4.695452e-17
5767.638537 4.476670e-17
5770.283442 4.667741e-17
5772.928346 5.002955e-17
5775.573251 5.130886e-17
5778.218155 5.052085e-17
5780.863059 5.375698e-17
5783.507964 5.130687e-17
5786.152868 4.631821e-17
5788.797773 5.026292e-17
5791.442677 5.413757e-17
5794.087582 4.900811e-17
5796.732486 3.962602e-17
5799.377391 4.703019e-17
5802.022295 5.436958e-17
5804.667200 5.470703e-17
5807.312104 4.788608e-17
5809.957009 4.393202e-17
5812.601913 4.289507e-17
5815.246818 4.322533e-17
5817.891722 4.538381e-17
5820.536626 3.928525e-17
5823.181531 4.264546e-17
5825.826435 5.071350e-17
5828.471340 4.577666e-17
5831.116244 3.828305e-17
5833.761149 3.432640e-17
5836.406053 3.392895e-17
5839.050958 3.134984e-17
5841.695862 3.138580e-17
5844.340767 3.080041e-17
5846.985671 3.115792e-17
5849.630576 3.218293e-17
5852.275480 3.219549e-17
5854.920385 3.582233e-17
5857.565289 4.074516e-17
5860.210193 3.294229e-17
5862.855098 2.264885e-17
5865.500002 2.758814e-17
5868.144907 3.417526e-17
5870.789811 2.862194e-17
5873.434716 2.710626e-17
5876.079620 2.581436e-17
5878.724525 2.419643e-17
5881.369429 2.121946e-17
5884.014334 2.377735e-17
5886.659238 2.957543e-17
5889.304143 3.199113e-17
5891.949047 3.298824e-17
5894.593952 3.094888e-17
5897.238856 3.412911e-17
5899.883760 3.618191e-17
5902.528665 3.888051e-17
5905.173569 3.745583e-17
5907.818474 3.837744e-17
5910.463378 4.092657e-17
5913.108283 4.003640e-17
5915.753187 4.466977e-17
5918.398092 4.291761e-17
5921.042996 4.159147e-17
5923.687901 4.491375e-17
5926.332805 4.528803e-17
5928.977710 4.426270e-17
5931.622614 4.768142e-17
5934.267519 5.074926e-17
5936.912423 5.132896e-17
5939.557327 5.451578e-17
5942.202232 5.539061e-17
5944.847136 5.176912e-17
5947.492041 5.710466e-17
5950.136945 6.636657e-17
5952.781850 6.816510e-17
5955.426754 7.362929e-17
5958.071659 7.743005e-17
5960.716563 8.117249e-17
5963.361468 8.225658e-17
5966.006372 7.864799e-17
5968.651277 8.143822e-17
5971.296181 8.484617e-17
5973.941085 8.182829e-17
5976.585990 8.408254e-17
5979.230894 8.910237e-17
5981.875799 8.903717e-17
5984.520703 8.665322e-17
5987.165608 8.553427e-17
5989.810512 8.628543e-17
5992.455417 8.659715e-17
5995.100321 8.363468e-17
5997.745226 8.305294e-17
6000.390130 8.306910e-17
6003.035035 8.111945e-17
6005.679939 8.188609e-17
6008.324844 8.347616e-17
6010.969748 8.668964e-17
6013.614652 8.848571e-17
6016.259557 8.446407e-17
6018.904461 7.777199e-17
6021.549366 7.671591e-17
6024.194270 8.081897e-17
6026.839175 8.374999e-17
6029.484079 7.855918e-17
6032.128984 7.389063e-17
6034.773888 7.466544e-17
6037.418793 7.188778e-17
6040.063697 7.624065e-17
6042.708602 7.925228e-17
6045.353506 7.390438e-17
6047.998411 7.003010e-17
6050.643315 6.262447e-17
6053.288219 6.192491e-17
6055.933124 6.204334e-17
6058.578028 5.959465e-17
6061.222933 5.708858e-17
6063.867837 6.031595e-17
6066.512742 5.946509e-17
6069.157646 5.722723e-17
6071.802551 5.584340e-17
6074.447455 5.916231e-17
6077.092360 6.392058e-17
6079.737264 5.961495e-17
6082.382169 5.696866e-17
6085.027073 5.509016e-17
6087.671978 5.176827e-17
6090.316882 5.550269e-17
6092.961786 5.867782e-17
6095.606691 5.133647e-17
6098.251595 4.253179e-17
6100.896500 4.582674e-17
6103.541404 4.699099e-17
6106.186309 5.171212e-17
6108.831213 4.974839e-17
6111.476118 4.490110e-17
6114.121022 4.534592e-17
6116.765927 4.593327e-17
6119.410831 4.286905e-17
6122.055736 4.390397e-17
6124.700640 4.828836e-17
6127.345545 4.962296e-17
6129.990449 4.368399e-17
6132.635353 3.986371e-17
6135.280258 4.580097e-17
6137.925162 4.430425e-17
6140.570067 3.778256e-17
6143.214971 3.597885e-17
6145.859876 3.419683e-17
6148.504780 3.898730e-17
6151.149685 4.420494e-17
6153.794589 4.540281e-17
6156.439494 4.678673e-17
6159.084398 4.766020e-17
6161.729303 4.558109e-17
6164.374207 3.780893e-17
6167.019112 3.398480e-17
6169.664016 4.114936e-17
6172.308920 5.032907e-17
6174.953825 4.917988e-17
6177.598729 4.217644e-17
6180.243634 4.394740e-17
6182.888538 4.694858e-17
6185.533443 4.506654e-17
6188.178347 4.403406e-17
6190.823252 4.608505e-17
6193.468156 4.528080e-17
6196.113061 4.166104e-17
6198.757965 4.616047e-17
6201.402870 5.382784e-17
6204.047774 5.367486e-17
6206.692679 5.071589e-17
6209.337583 5.378424e-17
6211.982487 5.285107e-17
6214.627392 4.931243e-17
6217.272296 5.311448e-17
6219.917201 5.637888e-17
6222.562105 5.336511e-17
6225.207010 5.659714e-17
6227.851914 5.991185e-17
6230.496819 5.158893e-17
6233.141723 5.294601e-17
6235.786628 5.795183e-17
6238.431532 5.387728e-17
6241.076437 4.857862e-17
6243.721341 4.398857e-17
6246.366246 4.718032e-17
6249.011150 5.126667e-17
6251.656054 5.248029e-17
6254.300959 5.382441e-17
6256.945863 5.721066e-17
6259.590768 5.724791e-17
6262.235672 5.428751e-17
6264.880577 5.344617e-17
6267.525481 5.384099e-17
6270.170386 5.751936e-17
6272.815290 5.674281e-17
6275.460195 5.109560e-17
6278.105099 4.494854e-17
6280.750004 4.046361e-17
6283.394908 4.284380e-17
6286.039813 4.811374e-17
6288.684717 4.706897e-17
6291.329621 4.161385e-17
6293.974526 4.618975e-17
6296.619430 5.061910e-17
6299.264335 4.969901e-17
6301.909239 5.399947e-17
6304.554144 5.468370e-17
6307.199048 5.629178e-17
6309.843953 5.771254e-17
6312.488857 5.108587e-17
6315.133762 5.567633e-17
6317.778666 6.288863e-17
6320.423571 5.859012e-17
6323.068475 5.613381e-17
6325.713380 5.363540e-17
6328.358284 5.721920e-17
6331.003188 6.471806e-17
6333.648093 6.078529e-17
6336.292997 5.626384e-17
6338.937902 5.251912e-17
6341.582806 5.097331e-17
6344.227711 5.594144e-17
6346.872615 6.132776e-17
6349.517520 5.671995e-17
6352.162424 5.195872e-17
6354.807329 5.232225e-17
6357.452233 5.490024e-17
6360.097138 6.035277e-17
6362.742042 6.133352e-17
6365.386946 5.452648e-17
6368.031851 4.942589e-17
6370.676755 5.290839e-17
6373.321660 5.021631e-17
6375.966564 4.519996e-17
6378.611469 5.233614e-17
6381.256373 5.585097e-17
6383.901278 5.232947e-17
6386.546182 5.499494e-17
6389.191087 5.752911e-17
6391.835991 5.625288e-17
6394.480896 5.301555e-17
6397.125800 5.375977e-17
6399.770705 5.378699e-17
6402.415609 5.325828e-17
6405.060513 5.322507e-17
6407.705418 4.729574e-17
6410.350322 4.521881e-17
6412.995227 4.477501e-17
6415.640131 4.369113e-17
6418.285036 4.954398e-17
6420.929940 5.287603e-17
6423.574845 4.948707e-17
6426.219749 4.574407e-17
6428.864654 4.891642e-17
6431.509558 4.982450e-17
6434.154463 4.821408e-17
6436.799367 5.053294e-17
6439.444272 5.356671e-17
6442.089176 5.016230e-17
6444.734080 4.772819e-17
6447.378985 5.308380e-17
6450.023889 5.307192e-17
6452.668794 4.382615e-17
6455.313698 4.189778e-17
6457.958603 4.555167e-17
6460.603507 4.464854e-17
6463.248412 4.284829e-17
6465.893316 4.562841e-17
6468.538221 4.744493e-17
6471.183125 4.465600e-17
6473.828030 4.473841e-17
6476.472934 4.528131e-17
6479.117839 4.652993e-17
6481.762743 4.926937e-17
6484.407647 5.110598e-17
6487.052552 5.234148e-17
6489.697456 4.858426e-17
6492.342361 4.581977e-17
6494.987265 4.904036e-17
6497.632170 5.256443e-17
6500.277074 5.534857e-17
6502.921979 5.447517e-17
6505.566883 4.801502e-17
6508.211788 4.876613e-17
6510.856692 5.584186e-17
6513.501597 5.506517e-17
6516.146501 5.029392e-17
6518.791406 4.942037e-17
6521.436310 4.984240e-17
6524.081214 5.096315e-17
6526.726119 5.256059e-17
6529.371023 5.362261e-17
6532.015928 5.789428e-17
6534.660832 5.858189e-17
6537.305737 5.793340e-17
6539.950641 6.058359e-17
6542.595546 5.972467e-17
6545.240450 5.739443e-17
6547.885355 5.808859e-17
6550.530259 6.034253e-17
6553.175164 6.045642e-17
6555.820068 6.302118e-17
6558.464973 6.384932e-17
6561.109877 6.101262e-17
6563.754781 6.224207e-17
6566.399686 6.509243e-17
6569.044590 6.499329e-17
6571.689495 6.387274e-17
6574.334399 6.353257e-17
6576.979304 6.213756e-17
6579.624208 5.768037e-17
6582.269113 5.804006e-17
6584.914017 6.270687e-17
6587.558922 6.201626e-17
6590.203826 6.130851e-17
6592.848731 5.930743e-17
6595.493635 6.015908e-17
6598.138540 7.235757e-17
6600.783444 7.561380e-17
6603.428348 6.993771e-17
6606.073253 6.617182e-17
6608.718157 6.078481e-17
6611.363062 5.546351e-17
6614.007966 5.396252e-17
6616.652871 5.392026e-17
6619.297775 5.438340e-17
6621.942680 5.695326e-17
6624.587584 6.004299e-17
6627.232489 5.878276e-17
6629.877393 5.652146e-17
6632.522298 5.759712e-17
6635.167202 5.710201e-17
6637.812107 5.509264e-17
6640.457011 5.535105e-17
6643.101915 5.880790e-17
6645.746820 6.239650e-17
6648.391724 6.593838e-17
6651.036629 6.577544e-17
6653.681533 5.799080e-17
6656.326438 5.224313e-17
6658.971342 5.325124e-17
6661.616247 5.582901e-17
6664.261151 5.979920e-17
6666.906056 5.995055e-17
6669.550960 5.011652e-17
6672.195865 3.637246e-17
6674.840769 2.061157e-17
6677.485674 6.538112e-18
6680.130578 5.701065e-18
6682.775482 1.035346e-17
6685.420387 1.675905e-17
6688.065291 2.824106e-17
6690.710196 3.834517e-17
6693.355100 4.525114e-17
6696.000005 4.701496e-17
6698.644909 4.391437e-17
6701.289814 3.772648e-17
6703.934718 3.317508e-17
6706.579623 3.623798e-17
6709.224527 4.221189e-17
6711.869432 4.697778e-17
6714.514336 4.720381e-17
6717.159240 4.163777e-17
6719.804145 3.972803e-17
6722.449049 4.368028e-17
6725.093954 4.453987e-17
6727.738858 4.525105e-17
6730.383763 5.033203e-17
6733.028667 4.989547e-17
6735.673572 4.639520e-17
6738.318476 4.541746e-17
6740.963381 4.166224e-17
6743.608285 4.185944e-17
6746.253190 4.600294e-17
6748.898094 4.553916e-17
6751.542999 4.510185e-17
6754.187903 4.377997e-17
6756.832807 4.283193e-17
6759.477712 4.532670e-17
6762.122616 4.571919e-17
6764.767521 4.691479e-17
6767.412425 5.040539e-17
6770.057330 5.021096e-17
6772.702234 5.146048e-17
6775.347139 5.427071e-17
6777.992043 5.243628e-17
6780.636948 4.930162e-17
6783.281852 5.503809e-17
6785.926757 6.035640e-17
6788.571661 5.982246e-17
6791.216566 5.806915e-17
6793.861470 5.407358e-17
6796.506374 5.522806e-17
6799.151279 5.830239e-17
6801.796183 5.942800e-17
6804.441088 5.740750e-17
6807.085992 5.749726e-17
6809.730897 5.772909e-17
6812.375801 5.396759e-17
6815.020706 5.154273e-17
6817.665610 5.036397e-17
6820.310515 5.530072e-17
6822.955419 5.933920e-17
6825.600324 5.369816e-17
6828.245228 4.640182e-17
6830.890133 4.666300e-17
6833.535037 4.863559e-17
6836.179941 4.599645e-17
6838.824846 3.865995e-17
6841.469750 3.575476e-17
6844.114655 3.820138e-17
6846.759559 4.075271e-17
6849.404464 4.339731e-17
6852.049368 4.364245e-17
6854.694273 3.990533e-17
6857.339177 3.781171e-17
6859.984082 4.178978e-17
6862.628986 4.248605e-17
6865.273891 4.158397e-17
6867.918795 3.676794e-17
6870.563700 3.084726e-17
6873.208604 2.919602e-17
6875.853508 2.947420e-17
6878.498413 3.315322e-17
6881.143317 3.362803e-17
6883.788222 3.102890e-17
6886.433126 2.848424e-17
6889.078031 2.613580e-17
6891.722935 2.415617e-17
6894.367840 2.638082e-17
6897.012744 2.836841e-17
6899.657649 2.743503e-17
6902.302553 2.710314e-17
6904.947458 2.932266e-17
6907.592362 3.276918e-17
6910.237267 3.162406e-17
6912.882171 2.677093e-17
6915.527075 2.560090e-17
6918.171980 2.844662e-17
6920.816884 2.634795e-17
6923.461789 2.362597e-17
6926.106693 2.307779e-17
6928.751598 2.749120e-17
6931.396502 3.147090e-17
6934.041407 2.718399e-17
6936.686311 2.528185e-17
6939.331216 2.328349e-17
6941.976120 2.611131e-17
6944.621025 3.101656e-17
6947.265929 2.965408e-17
6949.910834 2.813746e-17
6952.555738 2.872652e-17
6955.200642 2.956194e-17
6957.845547 2.683706e-17
6960.490451 2.720419e-17
6963.135356 2.845193e-17
6965.780260 2.692862e-17
6968.425165 2.293304e-17
6971.070069 2.217796e-17
6973.714974 2.343383e-17
6976.359878 2.142668e-17
6979.004783 2.427058e-17
6981.649687 2.808510e-17
6984.294592 3.185728e-17
6986.939496 3.036269e-17
6989.584401 2.178498e-17
6992.229305 1.935995e-17
6994.874209 2.257189e-17
6997.519114 2.267520e-17
7000.164018 2.248002e-17
7002.808923 2.372129e-17
7005.453827 2.440932e-17
7008.098732 2.666035e-17
7010.743636 2.498132e-17
7013.388541 2.063021e-17
7016.033445 1.805552e-17
7018.678350 1.960135e-17
7021.323254 2.084150e-17
7023.968159 2.220133e-17
7026.613063 2.726446e-17
7029.257968 2.517601e-17
7031.902872 1.993086e-17
7034.547776 1.886963e-17
7037.192681 2.169837e-17
7039.837585 2.546811e-17
7042.482490 2.389691e-17
7045.127394 2.344164e-17
7047.772299 2.576504e-17
7050.417203 2.526938e-17
7053.062108 2.322585e-17
7055.707012 2.077536e-17
7058.351917 2.260174e-17
7060.996821 2.492089e-17
7063.641726 2.386639e-17
7066.286630 2.565336e-17
7068.931535 2.583267e-17
7071.576439 2.322098e-17
7074.221343 2.212590e-17
7076.866248 2.513856e-17
7079.511152 2.979122e-17
7082.156057 2.731434e-17
7084.800961 2.110507e-17
7087.445866 2.205207e-17
7090.090770 2.617315e-17
7092.735675 2.547578e-17
7095.380579 2.533274e-17
7098.025484 2.995080e-17
7100.670388 3.132033e-17
7103.315293 3.134022e-17
7105.960197 3.691616e-17
7108.605101 3.920768e-17
7111.250006 3.806532e-17
7113.894910 4.258561e-17
7116.539815 4.510967e-17
7119.184719 4.188050e-17
7121.829624 4.820466e-17
7124.474528 5.218889e-17
7127.119433 4.729843e-17
7129.764337 4.977480e-17
7132.409242 5.550135e-17
7135.054146 5.650861e-17
7137.699051 5.306115e-17
7140.343955 5.131050e-17
7142.988860 5.346912e-17
7145.633764 5.656242e-17
7148.278668 5.839286e-17
7150.923573 5.858845e-17
7153.568477 5.859315e-17
7156.213382 5.840990e-17
7158.858286 6.203567e-17
7161.503191 6.435421e-17
7164.148095 6.712752e-17
7166.793000 7.135100e-17
7169.437904 7.042383e-17
7172.082809 7.184539e-17
7174.727713 7.145524e-17
7177.372618 6.990738e-17
7180.017522 7.343886e-17
7182.662427 7.662508e-17
7185.307331 7.288963e-17
7187.952235 6.685190e-17
7190.597140 6.683065e-17
7193.242044 6.679712e-17
7195.886949 6.603097e-17
7198.531853 6.842011e-17
7201.176758 6.634269e-17
7203.821662 6.414518e-17
7206.466567 6.479350e-17
7209.111471 6.343984e-17
7211.756376 6.468253e-17
7214.401280 6.710845e-17
7217.046185 6.565290e-17
7219.691089 6.271611e-17
7222.335994 6.348581e-17
7224.980898 6.288341e-17
7227.625802 6.382257e-17
7230.270707 6.997211e-17
7232.915611 6.802498e-17
7235.560516 5.731666e-17
7238.205420 5.111564e-17
7240.850325 4.969821e-17
7243.495229 4.715409e-17
7246.140134 4.751957e-17
7248.785038 5.150973e-17
7251.429943 4.981619e-17
7254.074847 4.442556e-17
7256.719752 4.129337e-17
7259.364656 4.227713e-17
7262.009561 4.472497e-17
7264.654465 4.502363e-17
7267.299369 4.930125e-17
7269.944274 4.897689e-17
7272.589178 4.324952e-17
7275.234083 4.058350e-17
7277.878987 3.993316e-17
7280.523892 4.165822e-17
7283.168796 4.067377e-17
7285.813701 3.837838e-17
7288.458605 4.062327e-17
7291.103510 4.167657e-17
7293.748414 3.661942e-17
7296.393319 3.345866e-17
7299.038223 3.624427e-17
7301.683128 3.881763e-17
7304.328032 3.969341e-17
7306.972936 3.735805e-17
7309.617841 3.721336e-17
7312.262745 3.973574e-17
7314.907650 3.761607e-17
7317.552554 3.871568e-17
7320.197459 4.177914e-17
7322.842363 3.836103e-17
7325.487268 3.496917e-17
7328.132172 3.906222e-17
7330.777077 4.269929e-17
7333.421981 4.151061e-17
7336.066886 4.150139e-17
7338.711790 4.238288e-17
7341.356695 4.498654e-17
7344.001599 4.586988e-17
7346.646503 4.176873e-17
7349.291408 4.135899e-17
7351.936312 4.521454e-17
7354.581217 4.129221e-17
7357.226121 3.634741e-17
7359.871026 4.035183e-17
7362.515930 4.484616e-17
7365.160835 4.496934e-17
7367.805739 4.369780e-17
7370.450644 4.771333e-17
7373.095548 5.133028e-17
7375.740453 4.828207e-17
7378.385357 5.172066e-17
7381.030262 5.376467e-17
7383.675166 4.688330e-17
7386.320070 4.647940e-17
7388.964975 4.965222e-17
7391.609879 5.036571e-17
7394.254784 5.093350e-17
7396.899688 5.269353e-17
7399.544593 5.564497e-17
7402.189497 5.738709e-17
7404.834402 5.552554e-17
7407.479306 5.234310e-17
7410.124211 5.281936e-17
7412.769115 5.855595e-17
7415.414020 5.502827e-17
7418.058924 5.094738e-17
7420.703829 5.354854e-17
7423.348733 5.797718e-17
7425.993637 5.814287e-17
7428.638542 5.318098e-17
7431.283446 5.109620e-17
7433.928351 5.615356e-17
7436.573255 6.235095e-17
7439.218160 5.875544e-17
7441.863064 5.247047e-17
7444.507969 4.754092e-17
7447.152873 4.772109e-17
7449.797778 4.907842e-17
7452.442682 5.193462e-17
7455.087587 5.785406e-17
7457.732491 5.805371e-17
7460.377395 5.283567e-17
7463.022300 5.064154e-17
7465.667204 4.564040e-17
7468.312109 4.208951e-17
7470.957013 4.850414e-17
7473.601918 5.144513e-17
7476.246822 5.020162e-17
7478.891727 4.936021e-17
7481.536631 4.739779e-17
7484.181536 4.217466e-17
7486.826440 4.045972e-17
7489.471345 4.398256e-17
7492.116249 4.884926e-17
7494.761154 4.932032e-17
7497.406058 4.216491e-17
7500.050962 3.958574e-17
7502.695867 4.574198e-17
7505.340771 4.531061e-17
7507.985676 3.955398e-17
7510.630580 3.815824e-17
7513.275485 3.804882e-17
7515.920389 4.040855e-17
7518.565294 4.290221e-17
7521.210198 4.032410e-17
7523.855103 3.751595e-17
7526.500007 3.915824e-17
7529.144912 4.322408e-17
7531.789816 4.661405e-17
7534.434721 5.270618e-17
7537.079625 5.252986e-17
7539.724529 4.453353e-17
7542.369434 4.277164e-17
7545.014338 4.152578e-17
7547.659243 4.270524e-17
7550.304147 4.768595e-17
7552.949052 4.631905e-17
7555.593956 4.255731e-17
7558.238861 4.356124e-17
7560.883765 4.672615e-17
7563.528670 4.711006e-17
7566.173574 4.554088e-17
7568.818479 4.549990e-17
7571.463383 4.251859e-17
7574.108288 4.225838e-17
7576.753192 4.959277e-17
7579.398096 4.837720e-17
7582.043001 4.257993e-17
7584.687905 4.312564e-17
7587.332810 4.917549e-17
7589.977714 4.876836e-17
7592.622619 4.459978e-17
7595.267523 4.942661e-17
7597.912428 4.864106e-17
7600.557332 4.093489e-17
7603.202237 3.337637e-17
7605.847141 2.528460e-17
7608.492046 1.919827e-17
7611.136950 1.830147e-17
7613.781855 2.119040e-17
7616.426759 2.627345e-17
7619.071663 2.695523e-17
7621.716568 2.535799e-17
7624.361472 2.751836e-17
7627.006377 3.273395e-17
7629.651281 3.310391e-17
7632.296186 3.292089e-17
7634.941090 3.430379e-17
7637.585995 3.077259e-17
7640.230899 2.429329e-17
7642.875804 2.255513e-17
7645.520708 2.457234e-17
7648.165613 2.591547e-17
7650.810517 2.976080e-17
7653.455422 3.200249e-17
7656.100326 2.874391e-17
7658.745230 2.935169e-17
7661.390135 3.290508e-17
7664.035039 3.045283e-17
7666.679944 2.987210e-17
7669.324848 3.434001e-17
7671.969753 3.545534e-17
7674.614657 3.444679e-17
7677.259562 3.383643e-17
7679.904466 3.310790e-17
7682.549371 3.193718e-17
7685.194275 2.978134e-17
7687.839180 2.821532e-17
7690.484084 3.102585e-17
7693.128989 3.257225e-17
7695.773893 3.423616e-17
7698.418797 3.726934e-17
7701.063702 3.689570e-17
7703.708606 3.972401e-17
7706.353511 3.591894e-17
7708.998415 3.132543e-17
7711.643320 3.118132e-17
7714.288224 3.234553e-17
7716.933129 3.644334e-17
7719.578033 3.508556e-17
7722.222938 2.362194e-17
7724.867842 2.489819e-17
7727.512747 3.308873e-17
7730.157651 3.211658e-17
7732.802556 2.999923e-17
7735.447460 2.970489e-17
7738.092364 2.815271e-17
7740.737269 2.984185e-17
7743.382173 2.515993e-17
7746.027078 1.996278e-17
7748.671982 2.861299e-17
7751.316887 3.503585e-17
7753.961791 3.359461e-17
7756.606696 2.784795e-17
7759.251600 2.450653e-17
7761.896505 2.872235e-17
7764.541409 3.465026e-17
7767.186314 3.596305e-17
7769.831218 3.403300e-17
7772.476123 3.163133e-17
7775.121027 2.926578e-17
7777.765931 2.886121e-17
7780.410836 2.877801e-17
7783.055740 2.970389e-17
7785.700645 3.254017e-17
7788.345549 3.091052e-17
7790.990454 2.729239e-17
7793.635358 3.042830e-17
7796.280263 3.211539e-17
7798.925167 2.740212e-17
7801.570072 2.849432e-17
7804.214976 3.192647e-17
7806.859881 3.309254e-17
7809.504785 3.436496e-17
7812.149690 3.445279e-17
7814.794594 2.981704e-17
7817.439498 2.398740e-17
7820.084403 2.303731e-17
7822.729307 2.718658e-17
7825.374212 2.719701e-17
7828.019116 2.628998e-17
7830.664021 2.869058e-17
7833.308925 3.076342e-17
7835.953830 3.328861e-17
7838.598734 3.319878e-17
7841.243639 3.115824e-17
7843.888543 3.203095e-17
7846.533448 3.288919e-17
7849.178352 2.800103e-17
7851.823256 2.232567e-17
7854.468161 2.735761e-17
7857.113065 3.351972e-17
7859.757970 2.953049e-17
7862.402874 2.743565e-17
7865.047779 3.095088e-17
7867.692683 3.324913e-17
7870.337588 3.412944e-17
7872.982492 3.395430e-17
7875.627397 3.412829e-17
7878.272301 3.226302e-17
7880.917206 3.357534e-17
7883.562110 3.939169e-17
7886.207015 3.819880e-17
7888.851919 3.753398e-17
7891.496823 4.032131e-17
7894.141728 4.011110e-17
7896.786632 4.132035e-17
7899.431537 3.991846e-17
7902.076441 3.810036e-17
7904.721346 3.920451e-17
7907.366250 4.176746e-17
7910.011155 4.697333e-17
7912.656059 5.071270e-17
7915.300964 5.083140e-17
7917.945868 4.551591e-17
7920.590773 4.444457e-17
7923.235677 4.627750e-17
7925.880582 3.992885e-17
7928.525486 4.062465e-17
7931.170390 4.447292e-17
7933.815295 4.498190e-17
7936.460199 4.258433e-17
7939.105104 4.232326e-17
7941.750008 4.575223e-17
7944.394913 4.633341e-17
7947.039817 3.999121e-17
7949.684722 4.148831e-17
7952.329626 4.333619e-17
7954.974531 4.228174e-17
7957.619435 4.242901e-17
7960.264340 3.935920e-17
7962.909244 3.796880e-17
7965.554149 3.743491e-17
7968.199053 3.655772e-17
7970.843957 3.839981e-17
7973.488862 3.962777e-17
7976.133766 3.951702e-17
7978.778671 4.051683e-17
7981.423575 4.568121e-17
7984.068480 4.640690e-17
7986.713384 3.851380e-17
7989.358289 3.556904e-17
7992.003193 3.821957e-17
7994.648098 4.088420e-17
7997.293002 3.804715e-17
7999.937907 3.630889e-17
8002.582811 4.234772e-17
8005.227716 3.880626e-17
8007.872620 3.497506e-17
8010.517524 3.684333e-17
8013.162429 3.287021e-17
8015.807333 3.040715e-17
8018.452238 3.309191e-17
8021.097142 3.254069e-17
8023.742047 2.796905e-17
8026.386951 2.945725e-17
8029.031856 3.390217e-17
8031.676760 3.002638e-17
8034.321665 2.731436e-17
8036.966569 3.484404e-17
8039.611474 4.241243e-17
8042.256378 3.956613e-17
8044.901283 3.100640e-17
8047.546187 2.674197e-17
8050.191091 2.678845e-17
8052.835996 2.987056e-17
8055.480900 2.900876e-17
8058.125805 2.391523e-17
8060.770709 2.407594e-17
8063.415614 2.921517e-17
8066.060518 2.797713e-17
8068.705423 2.511983e-17
8071.350327 2.716210e-17
8073.995232 2.525259e-17
8076.640136 2.363312e-17
8079.285041 3.097493e-17
8081.929945 3.639074e-17
8084.574850 3.309649e-17
8087.219754 2.567217e-17
8089.864658 2.254771e-17
8092.509563 2.772207e-17
8095.154467 2.827838e-17
8097.799372 2.983067e-17
8100.444276 3.103648e-17
8103.089181 2.965377e-17
8105.734085 2.711858e-17
8108.378990 2.705066e-17
8111.023894 2.683649e-17
8113.668799 2.289393e-17
8116.313703 2.333035e-17
8118.958608 2.467910e-17
8121.603512 2.351797e-17
8124.248417 2.593379e-17
8126.893321 2.764682e-17
8129.538225 2.680247e-17
8132.183130 2.499022e-17
8134.828034 2.645480e-17
8137.472939 2.775216e-17
8140.117843 2.844993e-17
8142.762748 2.717296e-17
8145.407652 2.387338e-17
8148.052557 2.018428e-17
8150.697461 2.023756e-17
8153.342366 2.205332e-17
8155.987270 2.072023e-17
8158.632175 2.145706e-17
8161.277079 2.250666e-17
8163.921984 2.140621e-17
8166.566888 2.196987e-17
8169.211792 2.166103e-17
8171.856697 1.982829e-17
8174.501601 2.114085e-17
8177.146506 2.359859e-17
8179.791410 2.232732e-17
8182.436315 2.683398e-17
8185.081219 2.597909e-17
8187.726124 1.988053e-17
8190.371028 2.600111e-17
8193.015933 2.840650e-17
8195.660837 2.321532e-17
8198.305742 2.296807e-17
8200.950646 2.585627e-17
8203.595550 2.569181e-17
8206.240455 2.378981e-17
8208.885359 2.296440e-17
8211.530264 1.921891e-17
8214.175168 1.781214e-17
8216.820073 2.313795e-17
8219.464977 2.756253e-17
8222.109882 2.450338e-17
8224.754786 2.276487e-17
8227.399691 2.117927e-17
8230.044595 2.327780e-17
8232.689500 2.588924e-17
8235.334404 2.123088e-17
8237.979309 2.106040e-17
8240.624213 2.061670e-17
8243.269117 1.760308e-17
8245.914022 1.931788e-17
8248.558926 2.141271e-17
8251.203831 2.663251e-17
8253.848735 2.816703e-17
8256.493640 2.443369e-17
8259.138544 2.246762e-17
8261.783449 1.915791e-17
8264.428353 1.911005e-17
8267.073258 2.010999e-17
8269.718162 1.919345e-17
8272.363067 2.163264e-17
8275.007971 2.367584e-17
8277.652876 2.147253e-17
8280.297780 1.737917e-17
8282.942684 1.529338e-17
8285.587589 1.416548e-17
8288.232493 1.842184e-17
8290.877398 2.035186e-17
8293.522302 1.555135e-17
8296.167207 1.777845e-17
8298.812111 2.342655e-17
8301.457016 2.395232e-17
8304.101920 2.096394e-17
8306.746825 2.042763e-17
8309.391729 2.776955e-17
8312.036634 3.251796e-17
8314.681538 2.826113e-17
8317.326443 2.554863e-17
8319.971347 2.662854e-17
8322.616251 2.687663e-17
8325.261156 2.758847e-17
8327.906060 2.681037e-17
8330.550965 2.059459e-17
8333.195869 1.802350e-17
8335.840774 1.855071e-17
8338.485678 1.873429e-17
8341.130583 2.445117e-17
8343.775487 2.737669e-17
8346.420392 2.354916e-17
8349.065296 2.110455e-17
8351.710201 2.427670e-17
8354.355105 2.633352e-17
8357.000010 2.315047e-17
8359.644914 2.655557e-17
8362.289818 3.098723e-17
8364.934723 3.042733e-17
8367.579627 3.103225e-17
8370.224532 3.013804e-17
8372.869436 2.379079e-17
8375.514341 2.127357e-17
8378.159245 2.522762e-17
8380.804150 2.452415e-17
8383.449054 2.192953e-17
8386.093959 2.106425e-17
8388.738863 2.112478e-17
8391.383768 2.563465e-17
8394.028672 2.704494e-17
8396.673577 2.719973e-17
8399.318481 3.186563e-17
8401.963385 4.162427e-17
8404.608290 4.721084e-17
8407.253194 4.202726e-17
8409.898099 3.885416e-17
8412.543003 3.675829e-17
8415.187908 3.608242e-17
8417.832812 4.035233e-17
8420.477717 3.965337e-17
8423.122621 3.561842e-17
8425.767526 3.756783e-17
8428.412430 3.211179e-17
8431.057335 2.371509e-17
8433.702239 2.706084e-17
8436.347144 3.395000e-17
8438.992048 3.205447e-17
8441.636952 2.395849e-17
8444.281857 2.255105e-17
8446.926761 2.940151e-17
8449.571666 3.422925e-17
8452.216570 3.521659e-17
8454.861475 3.506455e-17
8457.506379 3.265822e-17
8460.151284 2.814195e-17
8462.796188 2.266591e-17
8465.441093 1.984657e-17
8468.085997 1.882572e-17
8470.730902 1.622414e-17
8473.375806 2.059783e-17
8476.020711 2.803826e-17
8478.665615 2.663507e-17
8481.310519 2.380493e-17
8483.955424 2.937094e-17
8486.600328 3.245714e-17
8489.245233 2.909632e-17
8491.890137 2.524047e-17
8494.535042 2.518019e-17
8497.179946 2.929571e-17
8499.824851 3.023261e-17
8502.469755 2.932363e-17
8505.114660 2.890981e-17
8507.759564 3.334242e-17
8510.404469 3.700433e-17
8513.049373 3.200744e-17
8515.694278 2.342684e-17
8518.339182 2.132756e-17
8520.984086 2.570566e-17
8523.628991 2.837463e-17
8526.273895 2.939477e-17
8528.918800 2.861063e-17
8531.563704 2.716539e-17
8534.208609 3.156611e-17
8536.853513 3.587464e-17
8539.498418 3.700791e-17
8542.143322 3.748891e-17
8544.788227 3.621626e-17
8547.433131 3.116962e-17
8550.078036 3.177896e-17
8552.722940 3.329453e-17
8555.367845 3.346783e-17
8558.012749 3.827835e-17
8560.657653 4.384415e-17
8563.302558 4.225314e-17
8565.947462 4.360205e-17
8568.592367 5.390629e-17
8571.237271 5.472101e-17
8573.882176 5.110145e-17
8576.527080 5.416050e-17
8579.171985 5.574663e-17
8581.816889 5.631696e-17
8584.461794 5.985171e-17
8587.106698 5.894935e-17
8589.751603 5.536840e-17
8592.396507 5.876399e-17
8595.041411 6.243360e-17
8597.686316 5.803376e-17
8600.331220 5.617984e-17
8602.976125 6.530095e-17
8605.621029 7.442151e-17
8608.265934 7.782555e-17
8610.910838 7.673515e-17
8613.555743 7.005937e-17
8616.200647 6.725176e-17
8618.845552 6.455306e-17
8621.490456 6.275722e-17
8624.135361 7.077874e-17
8626.780265 8.093018e-17
8629.425170 8.000310e-17
8632.070074 8.095515e-17
8634.714978 7.828412e-17
8637.359883 7.235985e-17
8640.004787 7.536415e-17
8642.649692 8.521865e-17
8645.294596 8.497407e-17
8647.939501 7.779849e-17
8650.584405 8.371315e-17
8653.229310 9.535729e-17
8655.874214 9.535870e-17
8658.519119 9.120249e-17
8661.164023 9.252237e-17
8663.808928 9.249606e-17
8666.453832 9.075967e-17
8669.098737 9.121258e-17
8671.743641 9.803794e-17
8674.388545 9.636581e-17
8677.033450 9.413050e-17
8679.678354 1.008242e-16
8682.323259 9.901201e-17
8684.968163 9.267512e-17
8687.613068 9.235106e-17
8690.257972 9.429887e-17
8692.902877 9.364946e-17
8695.547781 9.699902e-17
8698.192686 1.041877e-16
8700.837590 1.010484e-16
8703.482495 9.250387e-17
8706.127399 9.262563e-17
8708.772304 9.477547e-17
8711.417208 8.876288e-17
8714.062112 8.440701e-17
8716.707017 8.083341e-17
8719.351921 7.737952e-17
8721.996826 8.322853e-17
8724.641730 8.155376e-17
8727.286635 8.313343e-17
8729.931539 8.318161e-17
8732.576444 7.535662e-17
8735.221348 7.883839e-17
8737.866253 7.646858e-17
8740.511157 7.019567e-17
8743.156062 7.164681e-17
8745.800966 7.757663e-17
8748.445871 7.747271e-17
8751.090775 7.875583e-17
8753.735679 7.935225e-17
8756.380584 7.847690e-17
8759.025488 8.655100e-17
8761.670393 8.310637e-17
8764.315297 7.193345e-17
8766.960202 6.988154e-17
8769.605106 6.755356e-17
8772.250011 6.456822e-17
8774.894915 6.840061e-17
8777.539820 7.558491e-17
8780.184724 7.886335e-17
8782.829629 8.515173e-17
8785.474533 9.024147e-17
8788.119438 8.746477e-17
8790.764342 8.753199e-17
8793.409246 8.462306e-17
8796.054151 8.398563e-17
8798.699055 8.393259e-17
8801.343960 8.646393e-17
8803.988864 9.101418e-17
8806.633769 9.135778e-17
8809.278673 8.504992e-17
8811.923578 8.629699e-17
8814.568482 9.238326e-17
8817.213387 9.007246e-17
8819.858291 9.009590e-17
8822.503196 8.752614e-17
8825.148100 7.383574e-17
8827.793005 6.952940e-17
8830.437909 7.863156e-17
8846.307336 9.414661e-17
8848.952240 7.967629e-17
8851.597145 8.578906e-17
8854.242049 8.610128e-17
8856.886954 8.004320e-17
8859.531858 9.014852e-17
8862.176763 1.074383e-16
8864.821667 1.127904e-16
8867.466572 1.121672e-16
8870.111476 1.123091e-16
8872.756380 1.117860e-16
8875.401285 1.070563e-16
8878.046189 9.526902e-17
8880.691094 8.724075e-17
8883.335998 9.071837e-17
8885.980903 8.885556e-17
8888.625807 6.564202e-17
8891.270712 4.642367e-17
8893.915616 3.842613e-17
8896.560521 1.843433e-17
8899.205425 1.408759e-17
8901.850330 2.736995e-17
8904.495234 4.772594e-17
8907.140139 6.995441e-17
8909.785043 7.546579e-17
8912.429947 8.304306e-17
8915.074852 9.062936e-17
8917.719756 9.944228e-17
8920.364661 9.857195e-17
8923.009565 8.612619e-17
8925.654470 7.321351e-17
8928.299374 8.099392e-17
8930.944279 9.717355e-17
8933.589183 8.437984e-17
8936.234088 6.373554e-17
8938.878992 6.230371e-17
8941.523897 7.144515e-17
8944.168801 7.494043e-17
8946.813706 7.308592e-17
8949.458610 8.298048e-17
8952.103514 8.405251e-17
8954.748419 6.144420e-17
8957.393323 3.144888e-17
8960.038228 1.557520e-17
8962.683132 8.537353e-18
8970.617846 1.969388e-17
8973.262750 3.608452e-17
8975.907655 3.562208e-17
8978.552559 3.288271e-17
8981.197464 3.289527e-17
8983.842368 3.047027e-17
8986.487272 3.134959e-17
8989.132177 3.034992e-17
8991.777081 2.404636e-17
8994.421986 2.263928e-17
8997.066890 2.977465e-17
8999.711795 3.685361e-17
9002.356699 3.352718e-17
9005.001604 2.442892e-17
9007.646508 2.102882e-17
9010.291413 2.475704e-17
9012.936317 3.294916e-17
9015.581222 4.010509e-17
9018.226126 3.436292e-17
9020.871031 2.586493e-17
9023.515935 2.662519e-17
9026.160839 2.880744e-17
9028.805744 2.851585e-17
9031.450648 3.107396e-17
9034.095553 3.079931e-17
9036.740457 2.575659e-17
9039.385362 2.355021e-17
9042.030266 2.405845e-17
9044.675171 2.366146e-17
9047.320075 2.249485e-17
9049.964980 2.265478e-17
9052.609884 2.670163e-17
9055.254789 2.921052e-17
9057.899693 2.558873e-17
9060.544598 2.086174e-17
9063.189502 1.927904e-17
9065.834406 2.271527e-17
9068.479311 2.603370e-17
9071.124215 2.999290e-17
9073.769120 3.324644e-17
9076.414024 3.424655e-17
9079.058929 3.058365e-17
9081.703833 2.670460e-17
9084.348738 2.300738e-17
9086.993642 2.199601e-17
9089.638547 2.662842e-17
9092.283451 2.755527e-17
9094.928356 2.365796e-17
9097.573260 2.254812e-17
9100.218165 2.224243e-17
9102.863069 1.997899e-17
9105.507973 2.032935e-17
9108.152878 2.612208e-17
9110.797782 3.035304e-17
9113.442687 2.982649e-17
9116.087591 2.976758e-17
9118.732496 2.773235e-17
9121.377400 2.369181e-17
9124.022305 1.772548e-17
9126.667209 2.087935e-17
9129.312114 2.763709e-17
9131.957018 2.381611e-17
9134.601923 1.922060e-17
9137.246827 2.069045e-17
9139.891732 1.817412e-17
9142.536636 1.420531e-17
9145.181540 1.647470e-17
9147.826445 2.113452e-17
9150.471349 2.467527e-17
9153.116254 2.673672e-17
9155.761158 2.469561e-17
9158.406063 1.699611e-17
9161.050967 1.446563e-17
9163.695872 2.306012e-17
9166.340776 2.624950e-17
9168.985681 2.534977e-17
9171.630585 2.458004e-17
9174.275490 2.197839e-17
9176.920394 2.164373e-17
9179.565299 2.147606e-17
9182.210203 1.694695e-17
9184.855107 1.782448e-17
9187.500012 2.324427e-17
9190.144916 2.649914e-17
9192.789821 2.556480e-17
9195.434725 2.478064e-17
9198.079630 2.413471e-17
9200.724534 2.196220e-17
9203.369439 2.625784e-17
9206.014343 3.160757e-17
9208.659248 2.836609e-17
9211.304152 2.581885e-17
9213.949057 2.396916e-17
9216.593961 2.394240e-17
9219.238866 2.453000e-17
9221.883770 2.314702e-17
9224.528674 2.955066e-17
9227.173579 3.126418e-17
9229.818483 3.171130e-17
9232.463388 2.636596e-17
9235.108292 2.274063e-17
9237.753197 2.415932e-17
9240.398101 2.193431e-17
9243.043006 2.010209e-17
9245.687910 2.150553e-17
9248.332815 2.177115e-17
9250.977719 1.751768e-17
9253.622624 1.697472e-17
9256.267528 2.554307e-17
9258.912433 3.096585e-17
9261.557337 2.755508e-17
9264.202241 2.308543e-17
9266.847146 3.017487e-17
9269.492050 3.002154e-17
9272.136955 2.419464e-17
9274.781859 2.743705e-17
9277.426764 3.051471e-17
9280.071668 2.796202e-17
9282.716573 2.072203e-17
9285.361477 2.501163e-17
9288.006382 2.789942e-17
9290.651286 2.635699e-17
9293.296191 2.191439e-17
9295.941095 1.787213e-17
9298.586000 2.163555e-17
9301.230904 2.599539e-17
9303.875808 3.212556e-17
9306.520713 4.110961e-17
9309.165617 4.790477e-17
9311.810522 5.495034e-17
9314.455426 5.148714e-17
9317.100331 3.894092e-17
9319.745235 2.979459e-17
9322.390140 2.485984e-17
9325.035044 2.874858e-17
9327.679949 3.633785e-17
9330.324853 3.788902e-17
9332.969758 2.893860e-17
9335.614662 2.005792e-17
9338.259566 2.230956e-17
9340.904471 1.872480e-17
9343.549375 1.191948e-17
9346.194280 1.214140e-17
9348.839184 1.612850e-17
9351.484089 2.207226e-17
9354.128993 2.452730e-17
9356.773898 2.187323e-17
9359.418802 1.588396e-17
9362.063707 1.587798e-17
9364.708611 1.443690e-17
9367.353516 1.888296e-17
