3800.000000 5.741331e-16
3803.041410 5.632048e-16
3806.082820 4.617304e-16
3809.124231 5.556633e-16
3812.165641 5.096282e-16
3815.207051 4.557477e-16
3818.248461 4.014071e-16
3821.289871 4.841729e-16
3824.331281 5.131307e-16
3827.372692 4.370603e-16
3830.414102 4.919320e-16
3833.455512 5.204437e-16
3836.496922 4.903460e-16
3839.538332 3.722176e-16
3842.579743 4.674934e-16
3845.621153 5.193944e-16
3848.662563 5.521055e-16
3851.703973 4.914469e-16
3854.745383 4.937905e-16
3857.786794 5.339681e-16
3860.828204 5.590706e-16
3863.869614 4.835358e-16
3866.911024 4.917777e-16
3869.952434 3.779495e-16
3872.993844 4.742050e-16
3876.035255 5.300477e-16
3879.076665 5.051879e-16
3882.118075 4.691169e-16
3885.159485 5.179635e-16
3888.200895 5.397707e-16
3891.242306 5.001526e-16
3894.283716 4.667996e-16
3897.325126 4.675304e-16
3900.366536 4.989352e-16
3903.407946 4.629946e-16
3906.449356 4.780396e-16
3909.490767 4.629927e-16
3912.532177 5.206077e-16
3915.573587 4.934557e-16
3918.614997 4.912143e-16
3921.656407 4.901137e-16
3924.697818 5.290605e-16
3927.739228 4.655095e-16
3930.780638 4.607283e-16
3933.822048 4.505490e-16
3936.863458 4.294987e-16
3939.904868 4.980632e-16
3942.946279 4.819221e-16
3945.987689 4.769861e-16
3949.029099 5.187007e-16
3952.070509 4.901262e-16
3955.111919 5.103434e-16
3958.153330 4.828836e-16
3961.194740 4.417246e-16
3964.236150 4.933342e-16
3967.277560 4.833108e-16
3970.318970 4.386858e-16
3973.360381 4.434985e-16
3976.401791 4.762986e-16
3979.443201 4.775502e-16
3982.484611 4.507695e-16
3985.526021 4.673923e-16
3988.567431 5.006185e-16
3991.608842 5.236105e-16
3994.650252 4.755356e-16
3997.691662 4.860131e-16
4000.733072 4.331854e-16
4003.774482 3.869707e-16
4006.815893 3.465820e-16
4009.857303 3.752920e-16
4012.898713 4.984863e-16
4015.940123 4.466975e-16
4018.981533 4.748316e-16
4022.022943 4.900444e-16
4025.064354 4.823318e-16
4028.105764 4.501284e-16
4031.147174 4.883709e-16
4034.188584 4.970593e-16
4037.229994 4.454464e-16
4040.271405 3.860501e-16
4043.312815 3.660574e-16
4046.354225 4.584963e-16
4049.395635 4.906411e-16
4052.437045 5.669848e-16
4055.478456 5.301742e-16
4058.519866 5.709168e-16
4061.561276 4.894244e-16
4064.602686 4.590662e-16
4067.644096 5.141799e-16
4070.685506 4.975053e-16
4073.726917 4.733501e-16
4076.768327 4.535924e-16
4079.809737 4.369583e-16
4082.851147 4.791324e-16
4085.892557 4.913506e-16
4088.933968 4.975614e-16
4091.975378 4.500005e-16
4095.016788 4.138552e-16
4098.058198 4.216250e-16
4101.099608 4.465076e-16
4104.141018 4.500089e-16
4107.182429 4.436562e-16
4110.223839 4.764435e-16
4113.265249 4.527523e-16
4116.306659 4.413054e-16
4119.348069 4.463926e-16
4122.389480 4.364257e-16
4125.430890 4.103339e-16
4128.472300 4.233987e-16
4131.513710 4.189737e-16
4134.555120 4.269698e-16
4137.596530 4.420217e-16
4140.637941 4.308482e-16
4143.679351 4.143448e-16
4146.720761 4.554126e-16
4149.762171 4.799980e-16
4152.803581 4.569429e-16
4155.844992 4.803333e-16
4158.886402 4.693086e-16
4161.927812 4.658333e-16
4164.969222 5.023540e-16
4168.010632 4.888550e-16
4171.052043 4.780375e-16
4174.093453 4.447480e-16
4177.134863 4.125052e-16
4180.176273 4.565684e-16
4183.217683 5.337647e-16
4186.259093 5.671491e-16
4189.300504 5.410908e-16
4192.341914 5.384129e-16
4195.383324 5.088888e-16
4198.424734 4.643590e-16
4201.466144 4.799555e-16
4204.507555 4.749857e-16
4207.548965 4.390903e-16
4210.590375 4.231497e-16
4213.631785 4.322215e-16
4216.673195 4.599257e-16
4219.714605 4.401945e-16
4222.756016 4.011546e-16
4225.797426 4.072749e-16
4228.838836 4.421956e-16
4231.880246 4.191502e-16
4234.921656 4.369142e-16
4237.963067 4.473327e-16
4241.004477 4.308701e-16
4244.045887 4.776464e-16
4247.087297 4.512606e-16
4250.128707 3.732013e-16
4253.170118 4.042678e-16
4256.211528 3.877691e-16
4259.252938 4.050010e-16
4262.294348 4.635075e-16
4265.335758 4.522683e-16
4268.377168 4.300855e-16
4271.418579 4.496158e-16
4274.459989 4.815020e-16
4277.501399 4.354694e-16
4280.542809 4.168877e-16
4283.584219 4.273268e-16
4286.625630 3.779779e-16
4289.667040 4.237422e-16
4292.708450 4.558777e-16
4295.749860 4.475760e-16
4298.791270 4.075169e-16
4301.832680 3.753567e-16
4304.874091 3.952708e-16
4307.915501 3.894649e-16
4310.956911 3.503637e-16
4313.998321 3.832538e-16
4317.039731 4.156023e-16
4320.081142 4.260732e-16
4323.122552 3.964142e-16
4326.163962 4.186854e-16
4329.205372 4.510123e-16
4332.246782 3.815815e-16
4335.288193 4.098246e-16
4338.329603 4.019401e-16
4341.371013 3.865745e-16
4344.412423 4.312530e-16
4347.453833 3.900383e-16
4350.495243 4.095180e-16
4353.536654 3.685201e-16
4356.578064 4.013338e-16
4359.619474 4.193147e-16
4362.660884 4.101762e-16
4365.702294 4.394374e-16
4368.743705 4.223337e-16
4371.785115 3.936418e-16
4374.826525 4.123791e-16
4377.867935 3.740220e-16
4380.909345 3.689727e-16
4383.950755 3.525980e-16
4386.992166 4.062138e-16
4390.033576 4.182161e-16
4393.074986 3.828010e-16
4396.116396 3.941220e-16
4399.157806 4.191062e-16
4402.199217 4.550089e-16
4405.240627 4.694170e-16
4408.282037 4.585754e-16
4411.323447 4.746352e-16
4414.364857 4.829776e-16
4417.406267 4.038907e-16
4420.447678 3.640306e-16
4423.489088 4.583046e-16
4426.530498 5.805605e-16
4429.571908 5.107949e-16
4432.613318 4.764281e-16
4435.654729 4.838534e-16
4438.696139 4.896966e-16
4441.737549 5.146021e-16
4444.778959 4.535032e-16
4447.820369 4.602361e-16
4450.861780 4.628574e-16
4453.903190 4.523249e-16
4456.944600 4.283505e-16
4459.986010 4.501044e-16
4463.027420 4.340439e-16
4466.068830 3.911912e-16
4469.110241 4.103826e-16
4472.151651 4.093504e-16
4475.193061 3.855793e-16
4478.234471 3.885879e-16
4481.275881 3.904813e-16
4484.317292 3.978246e-16
4487.358702 4.363948e-16
4490.400112 4.341006e-16
4493.441522 3.990959e-16
4496.482932 3.886771e-16
4499.524342 3.635614e-16
4502.565753 3.693389e-16
4505.607163 3.913408e-16
4508.648573 4.215936e-16
4511.689983 4.063083e-16
4514.731393 3.752234e-16
4517.772804 3.999414e-16
4520.814214 3.971652e-16
4523.855624 3.819337e-16
4526.897034 3.897345e-16
4529.938444 3.920892e-16
4532.979855 4.128870e-16
4536.021265 3.817072e-16
4539.062675 4.002301e-16
4542.104085 3.777578e-16
4545.145495 3.642438e-16
4548.186905 3.676142e-16
4551.228316 3.605432e-16
4554.269726 3.643746e-16
4557.311136 3.856616e-16
4560.352546 3.794454e-16
4563.393956 3.766231e-16
4566.435367 3.685861e-16
4569.476777 3.568151e-16
4572.518187 3.922317e-16
4575.559597 3.834002e-16
4578.601007 3.945213e-16
4581.642417 3.831727e-16
4584.683828 3.839989e-16
4587.725238 4.007812e-16
4590.766648 3.625807e-16
4593.808058 3.670510e-16
4596.849468 3.565437e-16
4599.890879 3.544505e-16
4602.932289 3.404330e-16
4605.973699 3.464565e-16
4609.015109 3.858702e-16
4612.056519 4.113784e-16
4615.097929 3.993744e-16
4618.139340 3.941313e-16
4621.180750 3.887105e-16
4624.222160 3.915908e-16
4627.263570 3.928630e-16
4630.304980 3.507210e-16
4633.346391 3.164458e-16
4636.387801 3.321283e-16
4639.429211 3.236486e-16
4642.470621 3.543643e-16
4645.512031 3.737116e-16
4648.553442 3.664929e-16
4651.594852 3.817175e-16
4654.636262 3.658119e-16
4657.677672 3.816463e-16
4660.719082 3.840665e-16
4663.760492 3.818007e-16
4666.801903 3.159162e-16
4669.843313 3.102580e-16
4672.884723 3.605816e-16
4675.926133 3.817035e-16
4678.967543 3.728351e-16
4682.008954 3.723063e-16
4685.050364 3.940052e-16
4688.091774 3.880716e-16
4691.133184 3.877093e-16
4694.174594 3.890321e-16
4697.216004 3.985906e-16
4700.257415 3.707058e-16
4703.298825 3.405946e-16
4706.340235 3.389937e-16
4709.381645 3.446736e-16
4712.423055 3.596995e-16
4715.464466 3.300023e-16
4718.505876 3.407890e-16
4721.547286 3.560318e-16
4724.588696 3.591163e-16
4727.630106 3.667939e-16
4730.671517 3.577239e-16
4733.712927 3.725461e-16
4736.754337 3.613010e-16
4739.795747 3.452537e-16
4742.837157 3.283331e-16
4745.878567 3.845487e-16
4748.919978 3.653423e-16
4751.961388 3.498766e-16
4755.002798 3.602111e-16
4758.044208 3.788905e-16
4761.085618 3.634654e-16
4764.127029 3.523195e-16
4767.168439 3.449242e-16
4770.209849 3.780098e-16
4773.251259 3.736375e-16
4776.292669 3.316808e-16
4779.334079 3.324084e-16
4782.375490 3.278393e-16
4785.416900 3.428088e-16
4788.458310 3.531568e-16
4791.499720 3.449229e-16
4794.541130 3.211828e-16
4797.582541 3.453188e-16
4800.623951 3.322842e-16
4803.665361 3.338661e-16
4806.706771 3.283873e-16
4809.748181 3.084466e-16
4812.789591 3.191997e-16
4815.831002 3.523411e-16
4818.872412 3.331653e-16
4821.913822 3.316387e-16
4824.955232 3.324438e-16
4827.996642 3.430924e-16
4831.038053 3.461213e-16
4834.079463 3.605150e-16
4837.120873 3.224883e-16
4840.162283 3.238814e-16
4843.203693 3.507191e-16
4846.245104 3.102451e-16
4849.286514 3.557318e-16
4852.327924 3.276119e-16
4855.369334 3.162670e-16
4858.410744 3.327464e-16
4861.452154 3.368702e-16
4864.493565 3.531765e-16
4867.534975 3.161624e-16
4870.576385 3.058659e-16
4873.617795 3.163265e-16
4876.659205 3.094238e-16
4879.700616 3.163909e-16
4882.742026 3.153117e-16
4885.783436 3.267499e-16
4888.824846 3.335844e-16
4891.866256 3.439758e-16
4894.907666 3.387895e-16
4897.949077 3.349624e-16
4900.990487 3.237413e-16
4904.031897 3.384181e-16
4907.073307 3.195378e-16
4910.114717 3.095576e-16
4913.156128 3.269369e-16
4916.197538 3.497247e-16
4919.238948 3.489682e-16
4922.280358 3.467766e-16
4925.321768 3.842886e-16
4928.363179 3.963674e-16
4931.404589 3.845769e-16
4934.445999 4.053663e-16
4937.487409 4.010738e-16
4940.528819 4.179721e-16
4943.570229 4.236603e-16
4946.611640 4.201684e-16
4949.653050 4.130252e-16
4952.694460 4.670916e-16
4955.735870 6.344960e-16
4958.777280 7.228249e-16
4961.818691 6.665618e-16
4964.860101 5.845794e-16
4967.901511 5.288878e-16
4970.942921 5.015808e-16
4973.984331 4.776723e-16
4977.025741 4.453403e-16
4980.067152 4.522716e-16
4983.108562 3.963106e-16
4986.149972 4.041669e-16
4989.191382 3.821891e-16
4992.232792 3.745821e-16
4995.274203 3.796141e-16
4998.315613 3.744843e-16
5001.357023 3.795151e-16
5004.398433 3.620032e-16
5007.439843 3.558185e-16
5010.481253 3.069886e-16
5013.522664 2.778434e-16
5016.564074 2.760573e-16
5019.605484 3.124553e-16
5022.646894 3.413291e-16
5025.688304 3.464360e-16
5028.729715 3.613100e-16
5031.771125 3.663798e-16
5034.812535 3.366268e-16
5037.853945 3.523312e-16
5040.895355 3.410455e-16
5043.936766 3.348167e-16
5046.978176 3.236105e-16
5050.019586 3.176411e-16
5053.060996 3.371533e-16
5056.102406 3.410183e-16
5059.143816 3.213436e-16
5062.185227 3.091366e-16
5065.226637 3.237527e-16
5068.268047 3.206923e-16
5071.309457 3.306009e-16
5074.350867 3.235752e-16
5077.392278 3.124612e-16
5080.433688 3.002383e-16
5083.475098 3.204582e-16
5086.516508 3.260622e-16
5089.557918 3.262099e-16
5092.599328 3.268450e-16
5095.640739 3.246366e-16
5098.682149 3.261430e-16
5101.723559 3.145476e-16
5104.764969 3.294066e-16
5107.806379 2.886563e-16
5110.847790 2.482839e-16
5113.889200 2.770270e-16
5116.930610 3.244664e-16
5119.972020 3.520770e-16
5123.013430 3.738433e-16
5126.054841 3.443295e-16
5129.096251 3.441146e-16
5132.137661 3.469788e-16
5135.179071 3.338193e-16
5138.220481 3.294425e-16
5141.261891 3.352538e-16
5144.303302 3.433889e-16
5147.344712 3.178483e-16
5150.386122 3.078870e-16
5153.427532 3.085083e-16
5156.468942 3.119780e-16
5159.510353 3.076541e-16
5162.551763 2.938696e-16
5165.593173 2.942341e-16
5168.634583 3.193629e-16
5171.675993 3.070519e-16
5174.717403 2.926881e-16
5177.758814 3.015435e-16
5180.800224 3.165973e-16
5183.841634 2.965074e-16
5186.883044 3.185531e-16
5189.924454 3.267363e-16
5192.965865 3.050461e-16
5196.007275 3.216654e-16
5199.048685 3.035371e-16
5202.090095 3.209818e-16
5205.131505 3.162538e-16
5208.172916 2.987930e-16
5211.214326 3.047744e-16
5214.255736 3.204210e-16
5217.297146 2.972917e-16
5220.338556 3.086652e-16
5223.379966 3.022393e-16
5226.421377 3.075928e-16
5229.462787 2.942512e-16
5232.504197 3.152075e-16
5235.545607 3.112074e-16
5238.587017 3.220673e-16
5241.628428 3.082578e-16
5244.669838 3.055883e-16
5247.711248 3.235798e-16
5250.752658 3.265343e-16
5253.794068 3.131054e-16
5256.835478 3.212497e-16
5259.876889 2.904257e-16
5262.918299 2.643545e-16
5265.959709 2.363149e-16
5269.001119 2.894488e-16
5272.042529 3.311194e-16
5275.083940 3.448729e-16
5278.125350 3.398064e-16
5281.166760 3.358269e-16
5284.208170 3.116179e-16
5287.249580 3.149669e-16
5290.290990 3.012378e-16
5293.332401 2.857636e-16
5296.373811 3.009524e-16
5299.415221 3.190782e-16
5302.456631 3.141060e-16
5305.498041 3.217698e-16
5308.539452 3.248695e-16
5311.580862 3.323359e-16
5314.622272 3.080264e-16
5317.663682 2.971882e-16
5320.705092 3.124631e-16
5323.746503 3.239739e-16
5326.787913 2.919413e-16
5329.829323 2.952992e-16
5332.870733 2.909957e-16
5335.912143 2.886329e-16
5338.953553 3.094144e-16
5341.994964 3.040589e-16
5345.036374 3.008775e-16
5348.077784 3.050974e-16
5351.119194 3.042799e-16
5354.160604 2.966836e-16
5357.202015 3.063471e-16
5360.243425 3.014581e-16
5363.284835 2.837665e-16
5366.326245 2.826710e-16
5369.367655 2.838621e-16
5372.409065 2.696610e-16
5375.450476 2.859049e-16
5378.491886 2.948256e-16
5381.533296 3.024543e-16
5384.574706 3.196520e-16
5387.616116 3.320446e-16
5390.657527 3.100340e-16
5393.698937 3.186288e-16
5396.740347 3.216621e-16
5399.781757 3.124768e-16
5402.823167 3.205183e-16
5405.864578 2.954208e-16
5408.905988 2.838255e-16
5411.947398 2.752503e-16
5414.988808 2.680772e-16
5418.030218 2.776658e-16
5421.071628 3.118239e-16
5424.113039 3.101790e-16
5427.154449 3.157849e-16
5430.195859 2.934938e-16
5433.237269 2.937101e-16
5436.278679 2.877188e-16
5439.320090 2.988599e-16
5442.361500 2.999228e-16
5445.402910 2.981786e-16
5448.444320 2.908451e-16
5451.485730 2.848758e-16
5454.527140 2.805413e-16
5457.568551 2.857367e-16
5460.609961 2.805273e-16
5463.651371 2.771846e-16
5466.692781 2.802694e-16
5469.734191 2.892142e-16
5472.775602 2.752502e-16
5475.817012 2.913699e-16
5478.858422 3.122072e-16
5481.899832 2.908425e-16
5484.941242 2.680038e-16
5487.982652 2.862447e-16
5491.024063 2.799325e-16
5494.065473 2.562154e-16
5497.106883 2.791495e-16
5500.148293 2.918770e-16
5503.189703 2.927542e-16
5506.231114 2.838638e-16
5509.272524 2.867701e-16
5512.313934 2.738638e-16
5515.355344 2.782931e-16
5518.396754 2.626514e-16
5521.438165 2.594095e-16
5524.479575 2.842183e-16
5527.520985 2.786611e-16
5530.562395 2.656084e-16
5533.603805 2.794779e-16
5536.645215 2.734658e-16
5539.686626 2.676176e-16
5542.728036 2.736099e-16
5545.769446 2.725683e-16
5548.810856 2.696551e-16
5551.852266 2.930667e-16
5554.893677 2.741926e-16
5557.935087 2.677111e-16
5560.976497 2.717095e-16
5564.017907 2.996606e-16
5567.059317 2.679900e-16
5570.100727 2.665036e-16
5573.142138 2.725335e-16
5576.183548 3.047466e-16
5579.224958 2.337883e-16
5582.266368 2.847544e-16
5585.307778 2.624996e-16
5588.349189 2.774940e-16
5591.390599 2.747939e-16
5594.432009 2.694707e-16
5597.473419 2.481023e-16
5600.514829 2.578532e-16
5603.556240 2.448604e-16
5606.597650 2.614458e-16
5609.639060 2.759541e-16
5612.680470 2.581349e-16
5615.721880 2.632955e-16
5618.763290 2.784876e-16
5621.804701 2.575723e-16
5624.846111 2.577658e-16
5627.887521 2.676357e-16
5630.928931 2.642916e-16
5633.970341 2.809877e-16
5637.011752 2.810559e-16
5640.053162 2.712565e-16
5643.094572 2.695167e-16
5646.135982 2.604205e-16
5649.177392 2.600663e-16
5652.218802 2.563649e-16
5655.260213 2.577969e-16
5658.301623 2.541416e-16
5661.343033 2.632026e-16
5664.384443 2.795950e-16
5667.425853 2.644085e-16
5670.467264 2.593003e-16
5673.508674 2.539472e-16
5676.550084 2.596526e-16
5679.591494 2.517174e-16
5682.632904 2.619972e-16
5685.674314 2.555150e-16
5688.715725 2.506529e-16
5691.757135 2.568666e-16
5694.798545 2.511536e-16
5697.839955 2.621428e-16
5700.881365 2.644136e-16
5703.922776 2.483123e-16
5706.964186 2.644278e-16
5710.005596 2.615937e-16
5713.047006 2.574156e-16
5716.088416 2.436366e-16
5719.129827 2.393476e-16
5722.171237 2.465438e-16
5725.212647 2.358982e-16
5728.254057 2.600512e-16
5731.295467 2.606686e-16
5734.336877 2.500789e-16
5737.378288 2.549718e-16
5740.419698 2.638002e-16
5743.461108 2.666656e-16
5746.502518 2.728156e-16
5749.543928 2.538145e-16
5752.585339 2.450927e-16
5755.626749 2.545216e-16
5758.668159 2.458443e-16
5761.709569 2.350705e-16
5764.750979 2.675115e-16
5767.792389 2.688554e-16
5770.833800 2.388300e-16
5773.875210 2.530138e-16
5776.916620 2.435877e-16
5779.958030 2.393275e-16
5782.999440 2.411156e-16
5786.040851 2.324239e-16
5789.082261 2.344293e-16
5792.123671 2.454097e-16
5795.165081 2.455166e-16
5798.206491 2.417211e-16
5801.247902 2.455175e-16
5804.289312 2.462404e-16
5807.330722 2.343380e-16
5810.372132 2.511529e-16
5813.413542 2.685908e-16
5816.454952 2.448221e-16
5819.496363 2.315367e-16
5822.537773 2.567604e-16
5825.579183 2.653989e-16
5828.620593 2.556953e-16
5831.662003 2.395494e-16
5834.703414 2.534072e-16
5837.744824 2.420305e-16
5840.786234 2.409016e-16
5843.827644 2.309379e-16
5846.869054 2.385310e-16
5849.910464 2.490052e-16
5852.951875 2.419162e-16
5855.993285 2.338877e-16
5859.034695 2.359509e-16
5862.076105 2.389516e-16
5865.117515 2.343155e-16
5868.158926 2.169556e-16
5871.200336 2.450778e-16
5874.241746 2.532710e-16
5877.283156 2.537541e-16
5880.324566 2.560383e-16
5883.365976 2.427067e-16
5886.407387 2.441252e-16
5889.448797 2.498234e-16
5892.490207 2.617978e-16
5895.531617 2.221404e-16
5898.573027 2.142247e-16
5901.614438 2.426335e-16
5904.655848 2.498692e-16
5907.697258 2.321437e-16
5910.738668 2.388442e-16
5913.780078 2.191577e-16
5916.821489 2.308912e-16
5919.862899 2.288164e-16
5922.904309 2.154544e-16
5925.945719 2.507677e-16
5928.987129 2.458953e-16
5932.028539 2.522798e-16
5935.069950 2.645201e-16
5938.111360 2.516460e-16
5941.152770 2.554627e-16
5944.194180 2.493303e-16
5947.235590 2.557240e-16
5950.277001 2.525175e-16
5953.318411 2.375518e-16
5956.359821 2.426132e-16
5959.401231 2.531226e-16
5962.442641 2.434762e-16
5965.484051 2.351038e-16
5968.525462 2.397357e-16
5971.566872 2.450321e-16
5974.608282 2.592675e-16
5977.649692 2.501129e-16
5980.691102 2.453312e-16
5983.732513 2.400686e-16
5986.773923 2.556781e-16
5989.815333 2.415132e-16
5992.856743 2.421929e-16
5995.898153 2.718944e-16
5998.939564 2.500968e-16
6001.980974 2.349980e-16
6005.022384 2.401529e-16
6008.063794 2.270624e-16
6011.105204 2.241227e-16
6014.146614 2.315933e-16
6017.188025 2.397837e-16
6020.229435 2.583661e-16
6023.270845 2.511766e-16
6026.312255 2.571281e-16
6029.353665 2.505324e-16
6032.395076 2.335356e-16
6035.436486 2.319274e-16
6038.477896 2.733502e-16
6041.519306 2.844770e-16
6044.560716 2.299094e-16
6047.602126 2.316889e-16
6050.643537 2.286197e-16
6053.684947 2.445929e-16
6056.726357 2.372839e-16
6059.767767 2.379838e-16
6062.809177 2.399256e-16
6065.850588 2.398191e-16
6068.891998 2.377492e-16
6071.933408 2.367189e-16
6074.974818 2.380858e-16
6078.016228 2.400779e-16
6081.057639 2.418041e-16
6084.099049 2.383148e-16
6087.140459 2.395889e-16
6090.181869 2.200224e-16
6093.223279 2.256560e-16
6096.264689 2.335455e-16
6099.306100 2.486578e-16
6102.347510 2.421875e-16
6105.388920 2.178213e-16
6108.430330 2.341941e-16
6111.471740 2.347953e-16
6114.513151 2.443850e-16
6117.554561 2.316088e-16
6120.595971 2.186307e-16
6123.637381 2.276429e-16
6126.678791 2.376962e-16
6129.720201 2.230530e-16
6132.761612 2.147824e-16
6135.803022 2.316255e-16
6138.844432 2.281115e-16
6141.885842 2.183483e-16
6144.927252 2.260131e-16
6147.968663 2.326324e-16
6151.010073 2.125664e-16
6154.051483 2.124043e-16
6157.092893 2.163470e-16
6160.134303 2.289886e-16
6163.175713 2.296410e-16
6166.217124 2.182506e-16
6169.258534 2.299612e-16
6172.299944 2.433043e-16
6175.341354 2.178605e-16
6178.382764 2.151549e-16
6181.424175 2.298126e-16
6184.465585 2.269859e-16
6187.506995 2.275728e-16
6190.548405 2.197821e-16
6193.589815 2.157271e-16
6196.631226 2.143780e-16
6199.672636 2.222185e-16
6202.714046 2.347011e-16
6205.755456 2.357119e-16
6208.796866 2.094978e-16
6211.838276 2.227155e-16
6214.879687 2.271775e-16
6217.921097 2.208195e-16
6220.962507 2.155977e-16
6224.003917 2.149413e-16
6227.045327 2.175900e-16
6230.086738 2.195692e-16
6233.128148 2.065354e-16
6236.169558 2.192091e-16
6239.210968 2.255972e-16
6242.252378 2.239697e-16
6245.293788 2.165853e-16
6248.335199 2.205641e-16
6251.376609 2.095397e-16
6254.418019 1.983930e-16
6257.459429 2.014052e-16
6260.500839 2.269083e-16
6263.542250 2.091380e-16
6266.583660 2.409268e-16
6269.625070 2.258481e-16
6272.666480 2.116019e-16
6275.707890 2.108553e-16
6278.749301 2.012144e-16
6281.790711 2.180489e-16
6284.832121 2.044599e-16
6287.873531 2.210909e-16
6290.914941 2.028705e-16
6293.956351 2.081580e-16
6296.997762 2.110782e-16
6300.039172 2.166098e-16
6303.080582 2.165951e-16
6306.121992 2.121697e-16
6309.163402 2.136101e-16
6312.204813 2.129137e-16
6315.246223 2.130640e-16
6318.287633 2.163874e-16
6321.329043 2.078691e-16
6324.370453 2.247081e-16
6327.411863 2.299691e-16
6330.453274 2.235451e-16
6333.494684 2.381990e-16
6336.536094 2.308458e-16
6339.577504 2.175047e-16
6342.618914 2.121317e-16
6345.660325 2.159974e-16
6348.701735 2.169258e-16
6351.743145 2.132604e-16
6354.784555 2.097135e-16
6357.825965 2.096254e-16
6360.867375 2.148504e-16
6363.908786 2.144496e-16
6366.950196 2.148037e-16
6369.991606 2.207484e-16
6373.033016 2.268588e-16
6376.074426 2.383377e-16
6379.115837 2.101569e-16
6382.157247 1.995055e-16
6385.198657 1.982532e-16
6388.240067 2.213636e-16
6391.281477 2.204926e-16
6394.322888 2.181372e-16
6397.364298 2.182759e-16
6400.405708 2.203182e-16
6403.447118 1.989875e-16
6406.488528 2.014978e-16
6409.529938 2.107585e-16
6412.571349 2.101314e-16
6415.612759 2.126459e-16
6418.654169 2.123393e-16
6421.695579 2.219008e-16
6424.736989 2.123062e-16
6427.778400 2.154800e-16
6430.819810 2.334622e-16
6433.861220 2.220809e-16
6436.902630 2.220321e-16
6439.944040 2.153544e-16
6442.985450 2.250131e-16
6446.026861 2.340676e-16
6449.068271 2.142724e-16
6452.109681 2.066881e-16
6455.151091 2.177816e-16
6458.192501 2.167007e-16
6461.233912 2.168729e-16
6464.275322 1.775042e-16
6467.316732 1.865419e-16
6470.358142 1.987222e-16
6473.399552 2.106562e-16
6476.440963 2.135222e-16
6479.482373 2.241719e-16
6482.523783 2.286461e-16
6485.565193 2.122423e-16
6488.606603 1.885428e-16
6491.648013 1.792202e-16
6494.689424 1.880183e-16
6497.730834 2.165741e-16
6500.772244 1.995705e-16
6503.813654 2.279324e-16
6506.855064 2.112418e-16
6509.896475 2.235995e-16
6512.937885 2.125988e-16
6515.979295 2.030029e-16
6519.020705 2.123224e-16
6522.062115 2.034160e-16
6525.103525 2.142324e-16
6528.144936 2.247224e-16
6531.186346 2.156610e-16
6534.227756 1.771557e-16
6537.269166 2.015606e-16
6540.310576 2.223035e-16
6543.351987 2.185048e-16
6546.393397 2.153950e-16
6549.434807 2.086724e-16
6552.476217 2.069059e-16
6555.517627 2.148559e-16
6558.559037 2.259553e-16
6561.600448 2.109292e-16
6564.641858 2.106700e-16
6567.683268 2.195963e-16
6570.724678 2.075154e-16
6573.766088 1.783838e-16
6576.807499 1.930366e-16
6579.848909 1.937540e-16
6582.890319 2.098268e-16
6585.931729 2.168223e-16
6588.973139 2.137540e-16
6592.014550 2.102125e-16
6595.055960 2.218080e-16
6598.097370 2.063222e-16
6601.138780 2.087922e-16
6604.180190 2.204685e-16
6607.221600 2.118374e-16
6610.263011 2.156389e-16
6613.304421 2.236232e-16
6616.345831 2.191076e-16
6619.387241 2.091273e-16
6622.428651 2.058236e-16
6625.470062 2.129956e-16
6628.511472 2.243849e-16
6631.552882 2.278090e-16
6634.594292 2.065083e-16
6637.635702 2.140407e-16
6640.677112 2.295362e-16
6643.718523 2.470188e-16
6646.759933 2.336982e-16
6649.801343 2.577262e-16
6652.842753 2.644327e-16
6655.884163 2.602073e-16
6658.925574 2.815533e-16
6661.966984 2.832459e-16
6665.008394 2.901459e-16
6668.049804 2.915938e-16
6671.091214 3.336389e-16
6674.132625 3.440630e-16
6677.174035 3.547124e-16
6680.215445 3.426740e-16
6683.256855 3.773855e-16
6686.298265 4.879556e-16
6704.546726 5.011584e-16
6707.588137 4.225756e-16
6710.629547 3.851025e-16
6713.670957 3.972732e-16
6716.712367 4.096742e-16
6719.753777 3.593319e-16
6722.795187 3.149456e-16
6725.836598 3.112015e-16
6728.878008 2.918710e-16
6731.919418 2.812886e-16
6734.960828 2.840166e-16
6738.002238 2.744165e-16
6741.043649 2.550462e-16
6744.085059 2.299490e-16
6747.126469 2.419539e-16
6750.167879 2.586022e-16
6753.209289 2.435651e-16
6756.250699 2.305611e-16
6759.292110 2.247486e-16
6762.333520 2.267724e-16
6765.374930 2.199913e-16
6768.416340 2.136330e-16
6771.457750 2.050607e-16
6774.499161 2.022046e-16
6777.540571 1.899002e-16
6780.581981 2.006448e-16
6783.623391 1.955430e-16
6786.664801 1.921281e-16
6789.706212 2.073253e-16
6792.747622 2.116476e-16
6795.789032 2.032745e-16
6798.830442 2.080710e-16
6801.871852 1.931551e-16
6804.913262 1.807810e-16
6807.954673 2.031581e-16
6810.996083 1.968151e-16
6814.037493 1.984703e-16
6817.078903 2.032578e-16
6820.120313 1.965176e-16
6823.161724 2.054890e-16
6826.203134 1.744844e-16
6829.244544 1.699669e-16
6832.285954 2.079310e-16
6835.327364 1.873237e-16
6838.368774 1.740877e-16
6841.410185 1.979373e-16
6844.451595 1.970138e-16
6847.493005 1.970735e-16
6850.534415 2.000105e-16
6853.575825 2.128690e-16
6856.617236 1.929060e-16
6859.658646 1.667433e-16
6862.700056 1.852832e-16
6865.741466 1.526609e-16
6868.782876 1.939087e-16
6871.824287 1.883193e-16
6874.865697 1.953076e-16
6877.907107 1.815828e-16
6880.948517 1.809772e-16
6883.989927 1.739319e-16
6887.031337 1.779823e-16
6890.072748 1.799209e-16
6893.114158 1.792342e-16
6896.155568 1.764222e-16
6899.196978 1.784622e-16
6902.238388 1.734840e-16
6905.279799 1.587257e-16
6908.321209 1.604390e-16
6911.362619 1.964246e-16
6914.404029 1.805742e-16
6917.445439 1.734396e-16
6920.486849 1.541798e-16
6923.528260 1.721873e-16
6926.569670 2.035672e-16
6929.611080 1.684138e-16
6932.652490 1.853613e-16
6935.693900 1.727340e-16
6938.735311 1.639713e-16
6941.776721 1.679701e-16
6944.818131 1.742723e-16
6947.859541 1.540682e-16
6950.900951 1.669820e-16
6953.942361 1.853788e-16
6956.983772 1.951087e-16
6960.025182 1.969557e-16
6963.066592 1.721249e-16
6966.108002 1.790984e-16
6969.149412 1.809959e-16
6972.190823 1.752788e-16
6975.232233 1.785605e-16
6978.273643 1.722740e-16
6981.315053 1.673491e-16
6984.356463 1.646266e-16
6987.397874 1.738710e-16
6990.439284 1.804037e-16
6993.480694 1.739832e-16
6996.522104 1.572082e-16
6999.563514 1.652455e-16
7002.604924 1.755771e-16
7005.646335 1.734581e-16
7008.687745 1.815409e-16
7011.729155 1.729329e-16
7014.770565 1.485991e-16
7017.811975 1.521906e-16
7020.853386 1.477463e-16
7023.894796 1.742117e-16
7026.936206 1.866460e-16
7029.977616 1.797233e-16
7033.019026 1.890660e-16
7036.060436 1.790459e-16
7039.101847 1.845909e-16
7042.143257 1.879573e-16
7045.184667 1.749011e-16
7048.226077 1.843981e-16
7051.267487 1.754011e-16
7054.308898 1.576761e-16
7057.350308 1.778349e-16
7060.391718 1.719715e-16
7063.433128 1.704355e-16
7066.474538 1.711028e-16
7069.515949 1.775666e-16
7072.557359 1.694967e-16
7075.598769 1.631695e-16
7078.640179 1.656308e-16
7081.681589 1.658030e-16
7084.722999 1.577701e-16
7087.764410 1.540151e-16
7090.805820 1.666420e-16
7093.847230 1.882604e-16
7096.888640 1.782733e-16
7099.930050 1.798450e-16
7102.971461 1.614218e-16
7106.012871 1.503681e-16
7109.054281 1.655307e-16
7112.095691 1.686233e-16
7115.137101 1.672264e-16
7118.178511 1.692357e-16
7121.219922 1.845661e-16
7124.261332 1.734452e-16
7127.302742 1.573435e-16
7130.344152 1.656009e-16
7133.385562 1.722641e-16
7136.426973 1.667020e-16
7139.468383 1.726282e-16
7142.509793 1.809219e-16
7145.551203 1.723616e-16
7148.592613 1.748900e-16
7151.634024 1.624933e-16
7154.675434 1.585497e-16
7157.716844 1.563236e-16
7160.758254 1.579114e-16
7163.799664 1.713223e-16
7166.841074 1.680452e-16
7169.882485 1.536395e-16
7172.923895 1.862588e-16
7175.965305 1.915736e-16
7179.006715 1.825643e-16
7182.048125 1.730973e-16
7185.089536 1.863403e-16
7188.130946 1.749148e-16
7191.172356 1.707872e-16
7194.213766 1.653192e-16
7197.255176 1.793973e-16
7200.296586 1.738646e-16
7203.337997 1.582459e-16
7206.379407 1.542846e-16
7209.420817 1.416108e-16
7212.462227 1.634945e-16
7215.503637 1.684250e-16
7218.545048 1.672395e-16
7221.586458 1.829733e-16
7224.627868 1.673305e-16
7227.669278 1.603036e-16
7230.710688 1.659314e-16
7233.752098 1.655060e-16
7236.793509 1.667029e-16
7239.834919 1.865964e-16
7242.876329 1.811105e-16
7245.917739 1.904678e-16
7248.959149 1.684974e-16
7252.000560 1.633566e-16
7255.041970 1.830671e-16
7258.083380 1.661074e-16
7261.124790 1.605391e-16
7264.166200 1.589618e-16
7267.207611 1.522569e-16
7270.249021 1.633232e-16
7273.290431 1.823504e-16
7276.331841 1.734297e-16
7279.373251 1.198843e-16
7282.414661 1.609104e-16
7285.456072 1.432796e-16
7288.497482 1.610654e-16
7291.538892 1.587720e-16
7294.580302 1.657466e-16
7297.621712 1.418723e-16
7300.663123 1.581510e-16
7303.704533 1.736429e-16
7306.745943 1.641204e-16
7309.787353 1.534298e-16
7312.828763 1.676861e-16
7315.870173 1.623944e-16
7318.911584 1.674797e-16
7321.952994 1.687320e-16
7324.994404 1.828515e-16
7328.035814 1.893993e-16
7331.077224 1.494844e-16
7334.118635 1.586510e-16
7337.160045 1.606617e-16
7340.201455 1.733896e-16
7343.242865 1.558981e-16
7346.284275 1.625920e-16
7349.325686 1.493580e-16
7352.367096 1.497758e-16
7355.408506 1.504004e-16
7358.449916 1.464777e-16
7361.491326 1.479725e-16
7364.532736 1.654649e-16
7367.574147 1.591864e-16
7370.615557 1.653729e-16
7373.656967 1.485750e-16
7376.698377 1.774449e-16
7379.739787 1.563908e-16
7382.781198 1.489924e-16
7385.822608 1.630060e-16
7388.864018 1.569554e-16
7391.905428 1.427880e-16
7394.946838 1.763226e-16
7397.988248 1.799378e-16
7401.029659 1.565808e-16
7404.071069 1.494493e-16
7407.112479 1.596166e-16
7410.153889 1.638024e-16
7413.195299 1.637772e-16
7416.236710 1.695224e-16
7419.278120 1.811850e-16
7422.319530 1.672922e-16
7425.360940 1.626642e-16
7428.402350 1.731553e-16
7431.443760 1.570869e-16
7434.485171 1.555989e-16
7437.526581 1.519531e-16
7440.567991 1.383769e-16
7443.609401 1.714025e-16
7446.650811 1.666460e-16
7449.692222 1.602417e-16
7452.733632 1.541288e-16
7455.775042 1.559365e-16
7458.816452 1.666576e-16
7461.857862 1.562749e-16
7464.899273 1.575476e-16
7467.940683 1.740557e-16
7470.982093 1.689495e-16
7474.023503 1.440279e-16
7477.064913 1.620267e-16
7480.106323 1.585158e-16
7483.147734 1.546868e-16
7486.189144 1.722461e-16
7489.230554 1.558241e-16
7492.271964 1.457777e-16
7495.313374 1.558679e-16
7498.354785 1.567057e-16
7501.396195 1.530348e-16
7504.437605 1.454329e-16
7507.479015 1.461035e-16
7510.520425 1.517882e-16
7513.561835 1.626981e-16
7516.603246 1.571266e-16
7519.644656 1.618458e-16
7522.686066 1.605441e-16
7525.727476 1.674359e-16
7528.768886 1.555018e-16
7531.810297 1.572403e-16
7534.851707 1.616024e-16
7537.893117 1.555975e-16
7540.934527 1.510633e-16
7543.975937 1.679546e-16
7547.017348 1.628576e-16
7550.058758 1.573005e-16
7553.100168 1.600921e-16
7556.141578 1.462016e-16
7559.182988 1.545735e-16
7562.224398 1.567274e-16
7565.265809 1.549902e-16
7568.307219 1.376290e-16
7571.348629 1.370329e-16
7574.390039 1.692991e-16
7577.431449 1.527785e-16
7580.472860 1.455858e-16
7583.514270 1.534062e-16
7586.555680 1.602505e-16
7589.597090 1.399083e-16
7592.638500 1.112763e-16
7595.679910 1.022957e-16
7598.721321 9.832078e-17
7601.762731 7.849584e-17
7604.804141 7.888304e-17
7607.845551 1.207752e-16
7610.886961 1.498021e-16
7613.928372 1.827607e-16
7616.969782 1.915758e-16
7620.011192 1.421002e-16
7623.052602 1.131452e-16
7626.094012 1.448247e-16
7629.135422 1.287311e-16
7632.176833 1.279517e-16
7635.218243 1.382204e-16
7638.259653 1.436263e-16
7641.301063 1.649528e-16
7644.342473 1.423835e-16
7647.383884 1.410635e-16
7650.425294 1.512836e-16
7653.466704 1.516312e-16
7656.508114 1.512588e-16
7659.549524 1.622059e-16
7662.590935 1.454187e-16
7665.632345 1.605628e-16
7668.673755 1.612272e-16
7671.715165 1.544939e-16
7674.756575 1.589808e-16
7677.797985 1.655257e-16
7680.839396 1.515618e-16
7683.880806 1.417774e-16
7686.922216 1.518421e-16
7689.963626 1.576259e-16
7693.005036 1.352841e-16
7696.046447 1.552896e-16
7699.087857 1.471163e-16
7702.129267 1.408940e-16
7705.170677 1.607597e-16
7708.212087 1.691120e-16
7711.253497 1.386133e-16
7714.294908 1.825633e-16
7717.336318 1.833040e-16
7720.377728 1.536421e-16
7723.419138 1.477600e-16
7726.460548 1.459826e-16
7729.501959 1.475109e-16
7732.543369 1.728543e-16
7735.584779 1.460035e-16
7738.626189 1.379298e-16
7741.667599 1.452545e-16
7744.709010 1.275363e-16
7747.750420 1.621668e-16
7750.791830 1.442485e-16
7753.833240 1.275315e-16
7756.874650 1.373823e-16
7759.916060 1.201496e-16
7762.957471 1.125725e-16
7765.998881 2.055469e-16
7769.040291 1.518766e-16
7772.081701 1.598762e-16
7775.123111 1.600163e-16
7778.164522 1.420962e-16
7781.205932 1.483793e-16
7784.247342 1.432839e-16
7787.288752 1.297632e-16
7790.330162 1.412889e-16
7793.371572 1.402015e-16
7796.412983 1.299218e-16
7799.454393 1.413982e-16
7802.495803 1.342370e-16
7805.537213 1.411360e-16
7808.578623 1.288934e-16
7811.620034 1.649383e-16
7814.661444 1.499821e-16
7817.702854 1.225875e-16
7820.744264 1.659402e-16
7823.785674 1.347830e-16
7826.827084 1.356143e-16
7829.868495 1.566369e-16
7832.909905 1.505403e-16
7835.951315 1.547595e-16
7838.992725 1.325943e-16
7842.034135 1.307379e-16
7845.075546 1.541489e-16
7848.116956 1.352696e-16
7851.158366 1.426994e-16
7854.199776 1.363326e-16
7857.241186 1.478196e-16
7860.282597 1.343608e-16
7863.324007 1.263109e-16
7866.365417 1.484053e-16
7869.406827 1.363164e-16
7872.448237 1.449119e-16
7875.489647 1.312045e-16
7878.531058 1.370955e-16
7881.572468 1.358592e-16
7884.613878 1.301761e-16
7887.655288 1.480406e-16
7890.696698 1.601469e-16
7893.738109 1.568147e-16
7896.779519 1.390221e-16
7899.820929 1.264633e-16
7902.862339 1.477502e-16
7905.903749 1.679409e-16
7908.945159 1.297115e-16
7911.986570 1.041664e-16
7915.027980 1.174050e-16
7918.069390 1.170494e-16
7921.110800 1.165950e-16
7924.152210 1.060557e-16
7927.193621 1.096540e-16
7930.235031 1.498652e-16
7933.276441 1.552257e-16
7936.317851 1.706037e-16
7939.359261 1.348748e-16
7942.400672 1.317832e-16
7945.442082 1.366365e-16
7948.483492 1.336943e-16
7951.524902 1.379597e-16
7954.566312 1.656158e-16
7957.607722 1.424431e-16
7960.649133 1.204826e-16
7963.690543 1.301863e-16
7966.731953 1.328535e-16
7969.773363 1.400034e-16
7972.814773 1.314533e-16
7975.856184 1.323287e-16
7978.897594 1.434712e-16
7981.939004 1.381188e-16
7984.980414 1.458777e-16
7988.021824 1.413529e-16
7991.063234 1.030181e-16
7994.104645 9.863275e-17
7997.146055 1.415610e-16
8000.187465 1.388816e-16
8003.228875 1.381259e-16
8006.270285 1.512522e-16
8009.311696 1.424915e-16
8012.353106 1.240476e-16
8015.394516 1.176546e-16
8018.435926 1.733017e-16
8021.477336 1.725909e-16
8024.518747 1.505155e-16
8027.560157 1.707920e-16
8030.601567 1.581388e-16
8033.642977 1.360682e-16
8036.684387 1.437942e-16
8039.725797 1.543916e-16
8042.767208 1.496787e-16
8045.808618 1.385258e-16
8048.850028 1.396759e-16
8051.891438 1.394382e-16
8054.932848 1.394455e-16
8057.974259 1.484594e-16
8061.015669 1.314653e-16
8064.057079 1.394224e-16
8067.098489 1.397934e-16
8070.139899 1.454736e-16
8073.181309 1.290753e-16
8076.222720 1.420841e-16
8079.264130 1.428537e-16
8082.305540 1.311102e-16
8085.346950 1.427557e-16
8088.388360 1.362671e-16
8091.429771 1.362764e-16
8094.471181 1.373400e-16
8097.512591 1.388018e-16
8100.554001 1.352446e-16
8103.595411 1.223541e-16
8106.636821 1.335605e-16
8109.678232 1.416934e-16
8112.719642 1.285334e-16
8115.761052 1.445709e-16
8118.802462 1.407379e-16
8121.843872 1.183098e-16
8124.885283 1.202628e-16
8127.926693 1.114836e-16
8130.968103 1.342970e-16
8134.009513 1.325774e-16
8137.050923 1.330713e-16
8140.092334 1.265800e-16
8143.133744 1.404246e-16
8146.175154 1.225023e-16
8149.216564 1.376998e-16
8152.257974 1.381141e-16
8155.299384 1.331551e-16
8158.340795 1.243668e-16
8161.382205 1.117489e-16
8164.423615 1.288181e-16
8167.465025 1.416725e-16
8170.506435 1.175655e-16
8173.547846 1.090376e-16
8176.589256 1.353734e-16
8179.630666 1.281304e-16
8182.672076 1.388999e-16
8185.713486 1.148951e-16
8188.754896 1.128258e-16
8191.796307 1.156632e-16
8194.837717 1.449915e-16
8197.879127 1.545900e-16
8200.920537 1.450335e-16
8203.961947 1.381244e-16
8207.003358 1.421178e-16
8210.044768 1.150420e-16
8213.086178 1.015611e-16
8216.127588 1.263566e-16
8219.168998 1.200267e-16
8222.210409 9.077493e-17
8225.251819 1.022315e-16
8228.293229 1.173787e-16
8231.334639 1.310805e-16
8234.376049 1.349016e-16
8237.417459 1.030916e-16
8240.458870 1.175087e-16
8243.500280 1.438589e-16
8246.541690 1.189821e-16
8249.583100 1.033950e-16
8252.624510 1.135149e-16
8255.665921 1.199576e-16
8258.707331 1.191616e-16
8261.748741 1.171844e-16
8264.790151 1.287644e-16
8267.831561 1.188645e-16
8270.872971 1.057515e-16
8273.914382 1.190545e-16
8276.955792 1.343080e-16
8279.997202 1.200589e-16
8283.038612 1.145080e-16
8286.080022 1.468216e-16
8289.121433 1.622135e-16
8292.162843 1.326360e-16
8295.204253 9.787342e-17
8298.245663 1.245433e-16
8301.287073 1.427544e-16
8304.328483 1.420293e-16
8307.369894 1.525731e-16
8310.411304 1.358888e-16
8313.452714 1.382909e-16
8316.494124 1.351974e-16
8319.535534 1.501673e-16
8322.576945 1.475526e-16
8325.618355 1.254783e-16
8328.659765 1.138084e-16
8331.701175 1.196043e-16
8334.742585 1.216831e-16
8337.783996 1.127285e-16
8340.825406 1.159317e-16
8343.866816 1.606541e-16
8346.908226 1.943293e-16
8349.949636 1.413484e-16
8352.991046 1.229815e-16
8356.032457 1.187129e-16
8359.073867 1.281243e-16
8362.115277 1.194334e-16
8365.156687 1.132690e-16
8368.198097 1.172198e-16
8371.239508 1.222129e-16
8374.280918 1.010377e-16
8377.322328 1.020361e-16
8380.363738 1.500065e-16
8383.405148 1.510537e-16
8386.446558 1.593300e-16
8389.487969 1.249195e-16
8392.529379 1.459689e-16
8395.570789 1.426748e-16
8398.612199 8.519458e-17
8401.653609 1.078925e-16
8404.695020 1.216505e-16
8407.736430 1.165016e-16
8410.777840 1.120921e-16
8413.819250 9.922896e-17
8416.860660 1.208882e-16
8419.902071 1.132739e-16
8422.943481 1.138234e-16
8425.984891 1.403808e-16
8429.026301 1.111053e-16
8432.067711 1.056192e-16
8435.109121 1.416393e-16
8438.150532 1.338129e-16
8441.191942 1.060053e-16
8444.233352 1.114982e-16
8447.274762 1.083883e-16
8450.316172 1.067469e-16
8453.357583 1.159787e-16
8456.398993 1.343713e-16
8459.440403 1.431090e-16
8462.481813 1.049360e-16
8465.523223 1.076486e-16
8468.564633 1.251333e-16
8471.606044 1.236887e-16
8474.647454 1.472159e-16
8477.688864 1.366751e-16
8480.730274 1.153542e-16
8483.771684 1.428286e-16
8486.813095 1.580870e-16
8489.854505 1.306834e-16
8492.895915 1.259618e-16
8495.937325 1.388633e-16
8498.978735 1.320119e-16
8502.020145 1.146282e-16
8505.061556 1.114514e-16
8508.102966 8.929086e-17
8511.144376 9.746794e-17
8514.185786 1.147729e-16
8517.227196 9.108691e-17
8520.268607 1.359708e-16
8523.310017 1.380066e-16
8526.351427 1.563355e-16
8529.392837 1.057712e-16
8532.434247 9.625982e-17
8535.475658 1.109413e-16
8538.517068 1.002964e-16
8541.558478 1.227154e-16
8544.599888 1.019543e-16
8547.641298 1.344429e-16
8550.682708 1.361773e-16
8553.724119 1.012133e-16
8556.765529 1.324448e-16
8559.806939 1.162526e-16
8562.848349 1.007890e-16
8565.889759 1.097804e-16
8568.931170 1.205724e-16
8571.972580 1.092738e-16
8575.013990 1.055487e-16
8578.055400 1.174424e-16
8581.096810 1.157832e-16
8584.138220 1.035234e-16
8587.179631 1.211961e-16
8590.221041 1.422975e-16
8593.262451 1.244467e-16
8596.303861 9.574342e-17
8599.345271 9.035320e-17
8602.386682 1.061927e-16
8605.428092 1.032268e-16
8608.469502 9.406156e-17
8611.510912 1.191941e-16
8614.552322 8.244565e-17
8617.593733 8.533772e-17
8620.635143 1.226213e-16
8623.676553 1.128067e-16
8626.717963 1.221734e-16
8629.759373 1.166995e-16
8632.800783 9.824165e-17
8635.842194 1.051952e-16
8638.883604 1.589365e-16
8641.925014 1.173425e-16
8644.966424 1.353974e-16
8648.007834 1.089514e-16
8651.049245 7.488446e-17
8654.090655 8.442540e-17
8657.132065 9.724846e-17
8660.173475 9.800523e-17
8663.214885 1.073073e-16
8666.256295 9.201225e-17
8669.297706 1.283584e-16
8672.339116 7.927745e-17
8675.380526 8.248820e-17
8678.421936 9.291641e-17
8681.463346 8.817020e-17
8684.504757 9.966231e-17
8687.546167 9.977627e-17
8690.587577 9.671515e-17
8693.628987 8.286779e-17
8696.670397 1.291368e-16
8699.711807 9.606897e-17
8702.753218 1.055494e-16
8705.794628 8.525127e-17
8708.836038 1.049069e-16
8711.877448 1.275952e-16
8714.918858 1.209189e-16
8717.960269 1.342634e-16
8721.001679 1.217829e-16
8724.043089 1.049398e-16
8727.084499 1.020439e-16
8730.125909 1.010636e-16
8733.167320 1.447278e-16
8736.208730 1.111426e-16
8739.250140 6.242842e-17
8742.291550 1.193404e-16
8745.332960 1.161621e-16
8748.374370 1.191971e-16
8751.415781 1.331724e-16
8754.457191 9.474445e-17
8757.498601 8.428167e-17
8760.540011 1.134378e-16
8763.581421 6.886217e-17
8766.622832 7.643327e-17
8769.664242 1.325086e-16
8772.705652 1.067782e-16
8775.747062 8.801485e-17
8778.788472 7.749360e-17
8781.829882 1.292612e-16
8784.871293 1.009919e-16
8787.912703 1.364498e-16
8790.954113 1.321026e-16
8793.995523 9.008162e-17
8797.036933 1.225056e-16
8800.078344 1.108539e-16
8803.119754 8.041252e-17
8806.161164 1.228722e-16
8809.202574 1.134126e-16
8812.243984 1.109414e-16
8815.285395 9.574180e-17
8818.326805 9.964754e-17
8821.368215 1.277567e-16
8824.409625 1.137549e-16
8827.451035 1.481855e-16
8830.492445 1.306972e-16
8833.533856 8.288498e-17
8836.575266 9.917596e-17
8839.616676 8.901860e-17
8842.658086 8.754864e-17
8845.699496 1.407610e-16
8848.740907 1.596523e-16
8851.782317 1.231952e-16
8854.823727 1.236159e-16
8857.865137 1.110792e-16
8860.906547 1.123906e-16
8863.947957 1.073885e-16
8866.989368 7.878254e-17
8870.030778 1.121891e-16
8873.072188 1.186240e-16
8876.113598 9.048723e-17
8879.155008 6.529380e-17
8882.196419 5.233424e-17
8885.237829 5.066143e-18
8888.279239 9.575706e-17
8891.320649 7.422787e-17
8894.362059 8.892718e-17
8897.403470 9.320889e-17
8900.444880 1.079666e-16
8903.486290 1.111942e-16
8906.527700 6.633783e-17
8909.569110 9.479507e-17
8912.610520 9.093989e-17
8915.651931 7.826104e-17
8918.693341 8.648243e-17
8921.734751 1.381558e-16
8924.776161 1.470563e-16
8927.817571 1.001535e-16
8930.858982 9.075713e-17
8933.900392 7.491054e-17
8936.941802 9.613349e-17
8939.983212 1.045295e-16
8943.024622 1.205316e-16
8946.066032 6.012640e-17
8949.107443 8.252031e-17
8952.148853 9.327930e-17
8955.190263 1.022446e-16
8958.231673 2.021509e-17
8961.273083 9.646123e-17
8964.314494 9.500231e-17
8967.355904 6.011184e-17
8970.397314 4.959855e-17
8973.438724 8.727231e-17
8976.480134 8.074357e-17
8979.521544 7.642645e-17
8982.562955 5.517158e-17
8985.604365 8.340185e-17
8988.645775 8.033344e-17
8991.687185 7.103905e-17
8994.728595 1.064789e-16
8997.770006 8.290041e-17
9000.811416 1.371451e-17
9003.852826 1.062814e-16
9006.894236 9.989116e-17
9009.935646 1.112781e-16
9012.977057 8.251266e-17
9016.018467 9.801228e-17
9019.059877 7.463264e-17
9022.101287 1.101432e-16
9025.142697 1.374194e-16
9028.184107 1.117067e-16
9031.225518 6.719622e-17
9034.266928 8.293695e-17
9037.308338 6.667375e-17
9040.349748 8.603702e-17
9043.391158 1.248920e-16
9046.432569 9.764452e-17
9049.473979 1.530638e-16
9052.515389 1.111777e-16
9055.556799 1.300218e-16
9058.598209 7.626067e-17
9061.639619 7.250523e-17
9064.681030 3.305704e-17
9067.722440 9.954569e-17
9070.763850 1.142676e-16
9073.805260 9.817416e-17
9076.846670 1.195001e-16
9079.888081 1.028451e-16
9082.929491 7.723332e-17
9085.970901 1.194664e-16
9089.012311 1.320654e-16
9092.053721 9.189706e-17
9095.095132 6.756448e-17
9098.136542 1.138731e-16
9101.177952 1.476675e-16
9104.219362 6.607721e-17
9107.260772 5.269687e-17
9110.302182 9.925288e-17
9113.343593 1.060887e-16
9116.385003 2.803740e-17
9119.426413 4.199421e-17
9122.467823 7.391158e-17
9125.509233 7.575599e-17
9128.550644 9.465148e-17
9131.592054 7.913906e-17
9134.633464 9.229436e-17
9137.674874 9.815109e-17
9140.716284 8.466731e-17
9143.757694 1.205793e-16
9146.799105 1.199390e-16
9149.840515 8.902009e-17
9152.881925 7.458942e-17
9155.923335 3.153702e-17
9158.964745 7.108108e-17
9162.006156 8.771000e-17
9165.047566 1.280838e-16
9168.088976 1.072750e-16
9171.130386 1.246357e-16
9174.171796 7.030846e-17
9177.213206 6.621802e-17
9180.254617 6.281485e-17
9183.296027 8.031155e-17
9186.337437 7.999026e-17
9189.378847 8.202862e-17
9192.420257 8.588544e-17
9195.461668 8.698967e-17
9198.503078 5.795604e-17
9201.544488 5.494879e-17
9204.585898 8.477801e-17
9207.627308 1.019352e-16
9210.668719 7.417603e-17
9213.710129 7.627819e-17
9216.751539 6.314619e-17
9219.792949 2.075086e-17
9222.834359 6.910985e-17
9225.875769 4.031941e-17
9228.917180 5.689075e-17
9231.958590 8.370542e-17
9235.000000 6.827451e-17
