5.997055664060009804e+03 4.216279377277466267e+00 8.229185999999999846e-15 8.229186000000000240e-16
6.001263057706250038e+03 4.216279377277466267e+00 8.210530999999999546e-15 8.210531000000000334e-16
6.005470451352490272e+03 4.216279377277466267e+00 8.206930999999999250e-15 8.206930999999999645e-16
6.009677844998729597e+03 4.216279377277466267e+00 8.124394000000000331e-15 8.124394000000000528e-16
6.013885238644969832e+03 4.216279377277466267e+00 8.109189000000000511e-15 8.109189000000000708e-16
6.018092632291200061e+03 4.216279377277466267e+00 8.033741999999999899e-15 8.033742000000000096e-16
6.022300025937450300e+03 4.216279377277466267e+00 8.054294999999999268e-15 8.054294999999999466e-16
6.026507419583689625e+03 4.216279377277466267e+00 8.118310000000000763e-15 8.118310000000001355e-16
6.030714813229929860e+03 4.216279377277466267e+00 7.911809000000000447e-15 7.911809000000001039e-16
6.034922206876170094e+03 4.216279377277466267e+00 7.952980000000000106e-15 7.952980000000000895e-16
6.039129600522410328e+03 4.216279377277466267e+00 7.931768999999999297e-15 7.931768999999999691e-16
6.043336994168649653e+03 4.216279377277466267e+00 7.910768000000000121e-15 7.910768000000000121e-16
6.047544387814889888e+03 4.216279377277466267e+00 7.897890999999999262e-15 7.897890999999999262e-16
6.051751781461120117e+03 4.216279377277466267e+00 7.782169999999999999e-15 7.782169999999999999e-16
6.055959175107370356e+03 4.216279377277466267e+00 7.848435000000000298e-15 7.848435000000001086e-16
6.060166568753609681e+03 4.216279377277466267e+00 7.813997999999999931e-15 7.813998000000000720e-16
6.064373962399849916e+03 4.216279377277466267e+00 7.857763999999999389e-15 7.857763999999999783e-16
6.068581356046090150e+03 4.216279377277466267e+00 7.771752999999999577e-15 7.771752999999999972e-16
6.072788749692320380e+03 4.216279377277466267e+00 7.798917999999999694e-15 7.798918000000000089e-16
6.076996143338569709e+03 4.216279377277466267e+00 7.723028999999999774e-15 7.723029000000000168e-16
6.081203536984809944e+03 4.216279377277466267e+00 7.723936000000000560e-15 7.723936000000000560e-16
6.085410930631040173e+03 4.216279377277466267e+00 7.780381000000000237e-15 7.780381000000000632e-16
6.089618324277290412e+03 4.216279377277466267e+00 7.744498999999999707e-15 7.744499000000000101e-16
6.093825717923529737e+03 4.216279377277466267e+00 7.678679999999999573e-15 7.678679999999999573e-16
6.098033111569769972e+03 4.216279377277466267e+00 7.704792999999999767e-15 7.704792999999999767e-16
6.102240505216000201e+03 4.216279377277466267e+00 7.677394000000000759e-15 7.677394000000001351e-16
6.106447898862250440e+03 4.216279377277466267e+00 7.693222000000000432e-15 7.693222000000000432e-16
6.110655292508479761e+03 4.216279377277466267e+00 7.544283000000000636e-15 7.544283000000001228e-16
6.114862686154730000e+03 4.216279377277466267e+00 7.534943000000000370e-15 7.534943000000000567e-16
6.119070079800970234e+03 4.216279377277466267e+00 7.555638999999999237e-15 7.555638999999999829e-16
6.123277473447209559e+03 4.216279377277466267e+00 7.586683999999999725e-15 7.586684000000000514e-16
6.127484867093449793e+03 4.216279377277466267e+00 7.475536000000000704e-15 7.475536000000001296e-16
6.131692260739690028e+03 4.216279377277466267e+00 7.523956999999999840e-15 7.523957000000000432e-16
6.135899654385930262e+03 4.216279377277466267e+00 7.501435999999999804e-15 7.501436000000000395e-16
6.140107048032169587e+03 4.216279377277466267e+00 7.441457000000000570e-15 7.441457000000000570e-16
6.144314441678409821e+03 4.216279377277466267e+00 7.456628000000000201e-15 7.456628000000000595e-16
6.148521835324650056e+03 4.216279377277466267e+00 7.508128000000000347e-15 7.508128000000000544e-16
6.152729228970890290e+03 4.216279377277466267e+00 7.500277000000000212e-15 7.500277000000001001e-16
6.156936622617129615e+03 4.216279377277466267e+00 7.413838000000000150e-15 7.413838000000000347e-16
6.161144016263369849e+03 4.216279377277466267e+00 7.425152999999999822e-15 7.425153000000000414e-16
6.165351409909610084e+03 4.216279377277466267e+00 7.399556999999999633e-15 7.399556999999999830e-16
6.169558803555840313e+03 4.216279377277466267e+00 7.355704000000000062e-15 7.355704000000000654e-16
6.173766197202089643e+03 4.216279377277466267e+00 7.332190000000000524e-15 7.332190000000000919e-16
6.177973590848329877e+03 4.216279377277466267e+00 7.344846999999999972e-15 7.344846999999999972e-16
6.182180984494570112e+03 4.216279377277466267e+00 7.306183000000000179e-15 7.306183000000000376e-16
6.186388378140810346e+03 4.216279377277466267e+00 7.320933999999999696e-15 7.320934000000000091e-16
6.190595771787049671e+03 4.216279377277466267e+00 7.403280999999999691e-15 7.403280999999999888e-16
6.194803165433289905e+03 4.216279377277466267e+00 7.256126000000000557e-15 7.256126000000000951e-16
6.199010559079530140e+03 4.216279377277466267e+00 7.249642000000000430e-15 7.249642000000000825e-16
6.203217952725770374e+03 4.216279377277466267e+00 7.310422000000000601e-15 7.310422000000001390e-16
6.207425346371999694e+03 4.216279377277466267e+00 7.276057999999999714e-15 7.276057999999999714e-16
6.211632740018249933e+03 4.216279377277466267e+00 7.238927999999999838e-15 7.238928000000000036e-16
6.215840133664490168e+03 4.216279377277466267e+00 7.072392000000000163e-15 7.072392000000000755e-16
6.220047527310720398e+03 4.216279377277466267e+00 7.208606000000000132e-15 7.208606000000000329e-16
6.224254920956969727e+03 4.216279377277466267e+00 7.201009999999999840e-15 7.201010000000000235e-16
6.228462314603209961e+03 4.216279377277466267e+00 7.101933000000000065e-15 7.101933000000000065e-16
6.232669708249450196e+03 4.216279377277466267e+00 7.108069999999999557e-15 7.108069999999999557e-16
6.236877101895680426e+03 4.216279377277466267e+00 7.139783999999999504e-15 7.139784000000000095e-16
6.241084495541929755e+03 4.216279377277466267e+00 7.070012000000000310e-15 7.070012000000000310e-16
6.245291889188169989e+03 4.216279377277466267e+00 7.067745999999999653e-15 7.067746000000000048e-16
6.249499282834410224e+03 4.216279377277466267e+00 7.099177000000000065e-15 7.099177000000000262e-16
6.253706676480649548e+03 4.216279377277466267e+00 7.074031000000000109e-15 7.074031000000000504e-16
6.257914070126889783e+03 4.216279377277466267e+00 7.068523000000000178e-15 7.068523000000000178e-16
6.262121463773130017e+03 4.216279377277466267e+00 7.002371000000000045e-15 7.002371000000000440e-16
6.266328857419370252e+03 4.216279377277466267e+00 7.020411999999999662e-15 7.020412000000000450e-16
6.270536251065609576e+03 4.216279377277466267e+00 6.990886000000000215e-15 6.990886000000000412e-16
6.274743644711849811e+03 4.216279377277466267e+00 6.952018999999999893e-15 6.952018999999999893e-16
6.278951038358090045e+03 4.216279377277466267e+00 6.920536000000000166e-15 6.920536000000000166e-16
6.283158432004330280e+03 4.216279377277466267e+00 6.888916999999999681e-15 6.888917000000000273e-16
6.287365825650569604e+03 4.216279377277466267e+00 6.967318000000000144e-15 6.967318000000000539e-16
6.291573219296809839e+03 4.216279377277466267e+00 6.860828000000000262e-15 6.860828000000000853e-16
6.295780612943050073e+03 4.216279377277466267e+00 6.853644999999999766e-15 6.853645000000000358e-16
6.299988006589290308e+03 4.216279377277466267e+00 6.875411999999999869e-15 6.875412000000000066e-16
6.304195400235529632e+03 4.216279377277466267e+00 6.806664000000000118e-15 6.806664000000000315e-16
6.308402793881769867e+03 4.216279377277466267e+00 6.788034999999999870e-15 6.788035000000000658e-16
6.312610187528010101e+03 4.216279377277466267e+00 6.723103999999999998e-15 6.723103999999999998e-16
6.316817581174250336e+03 4.216279377277466267e+00 6.747347999999999846e-15 6.747348000000000437e-16
6.321024974820489660e+03 4.216279377277466267e+00 6.725081999999999653e-15 6.725081999999999850e-16
6.325232368466719890e+03 4.216279377277466267e+00 6.696864999999999613e-15 6.696864999999999810e-16
6.329439762112970129e+03 4.216279377277466267e+00 6.639892000000000334e-15 6.639892000000001122e-16
6.333647155759210364e+03 4.216279377277466267e+00 6.648289999999999805e-15 6.648289999999999805e-16
6.337854549405449688e+03 4.216279377277466267e+00 6.668785000000000150e-15 6.668785000000000742e-16
6.342061943051689923e+03 4.216279377277466267e+00 6.661991999999999647e-15 6.661992000000000042e-16
6.346269336697930157e+03 4.216279377277466267e+00 6.653263999999999637e-15 6.653263999999999637e-16
6.350476730344170392e+03 4.216279377277466267e+00 6.705817000000000315e-15 6.705817000000000315e-16
6.354684123990409716e+03 4.216279377277466267e+00 6.592892000000000161e-15 6.592892000000000556e-16
6.358891517636649951e+03 4.216279377277466267e+00 6.699138999999999618e-15 6.699138999999999618e-16
6.363098911282890185e+03 4.216279377277466267e+00 6.683538999999999916e-15 6.683538999999999916e-16
6.367306304929130420e+03 4.216279377277466267e+00 6.654582999999999609e-15 6.654582999999999806e-16
6.371513698575369745e+03 4.216279377277466267e+00 6.667599999999999718e-15 6.667600000000000112e-16
6.375721092221609979e+03 4.216279377277466267e+00 6.605297999999999835e-15 6.605298000000000427e-16
6.379928485867850213e+03 4.216279377277466267e+00 6.667211000000000334e-15 6.667211000000001123e-16
6.384135879514090448e+03 4.216279377277466267e+00 6.740742000000000385e-15 6.740742000000000582e-16
6.388343273160329773e+03 4.216279377277466267e+00 6.664338999999999920e-15 6.664339000000000512e-16
6.392550666806570007e+03 4.216279377277466267e+00 6.631287000000000266e-15 6.631287000000000266e-16
6.396758060452810241e+03 4.216279377277466267e+00 6.649613999999999666e-15 6.649614000000000060e-16
6.400965454099049566e+03 4.216279377277466267e+00 6.679405000000000311e-15 6.679405000000000706e-16
6.405172847745289801e+03 4.216279377277466267e+00 6.657613999999999796e-15 6.657614000000000388e-16
6.409380241391530035e+03 4.216279377277466267e+00 6.585996000000000059e-15 6.585996000000000651e-16
6.413587635037770269e+03 4.216279377277466267e+00 6.640853999999999894e-15 6.640854000000000486e-16
6.417795028684009594e+03 4.216279377277466267e+00 6.618380999999999894e-15 6.618381000000000683e-16
6.422002422330239824e+03 4.216279377277466267e+00 6.581821999999999767e-15 6.581821999999999767e-16
6.426209815976490063e+03 4.216279377277466267e+00 6.595280999999999972e-15 6.595281000000000367e-16
6.430417209622730297e+03 4.216279377277466267e+00 6.502088000000000274e-15 6.502088000000000866e-16
6.434624603268969622e+03 4.216279377277466267e+00 6.548350999999999819e-15 6.548351000000000016e-16
6.438831996915209857e+03 4.216279377277466267e+00 6.561903999999999667e-15 6.561904000000000455e-16
6.443039390561450091e+03 4.216279377277466267e+00 6.587611000000000382e-15 6.587611000000000776e-16
6.447246784207690325e+03 4.216279377277466267e+00 6.553989000000000010e-15 6.553989000000000602e-16
6.451454177853929650e+03 4.216279377277466267e+00 6.556661999999999965e-15 6.556662000000000557e-16
6.455661571500169885e+03 4.216279377277466267e+00 6.617530000000000070e-15 6.617530000000000070e-16
6.459868965146410119e+03 4.216279377277466267e+00 6.555720999999999779e-15 6.555721000000000371e-16
6.464076358792650353e+03 4.216279377277466267e+00 6.515023999999999978e-15 6.515023999999999978e-16
6.468283752438889678e+03 4.216279377277466267e+00 6.552627999999999711e-15 6.552628000000000105e-16
6.472491146085119908e+03 4.216279377277466267e+00 6.643009000000000025e-15 6.643009000000000025e-16
6.476698539731370147e+03 4.216279377277466267e+00 6.605197999999999695e-15 6.605197999999999695e-16
6.480905933377600377e+03 4.216279377277466267e+00 6.631253999999999896e-15 6.631254000000000291e-16
6.485113327023839702e+03 4.216279377277466267e+00 6.640774999999999918e-15 6.640774999999999918e-16
6.489320720670089941e+03 4.216279377277466267e+00 6.603000000000000207e-15 6.603000000000000995e-16
6.493528114316330175e+03 4.216279377277466267e+00 6.569446000000000214e-15 6.569446000000000411e-16
6.497735507962570409e+03 4.216279377277466267e+00 6.634272000000000057e-15 6.634272000000000254e-16
6.501942901608809734e+03 4.216279377277466267e+00 6.586964000000000117e-15 6.586964000000000906e-16
6.506150295255049969e+03 4.216279377277466267e+00 6.614343000000000360e-15 6.614343000000000951e-16
6.510357688901290203e+03 4.216279377277466267e+00 6.636194000000000328e-15 6.636194000000000328e-16
6.514565082547530437e+03 4.216279377277466267e+00 6.655427999999999725e-15 6.655428000000000513e-16
6.518772476193769762e+03 4.216279377277466267e+00 6.714729000000000331e-15 6.714729000000001119e-16
6.522979869840009997e+03 4.216279377277466267e+00 6.750309000000000013e-15 6.750309000000000802e-16
6.527187263486250231e+03 4.216279377277466267e+00 6.745235000000000042e-15 6.745235000000000239e-16
6.531394657132489556e+03 4.216279377277466267e+00 6.768418999999999828e-15 6.768419000000000223e-16
6.535602050778729790e+03 4.216279377277466267e+00 6.811041000000000149e-15 6.811041000000000149e-16
6.539809444424970025e+03 4.216279377277466267e+00 6.852669000000000359e-15 6.852669000000000557e-16
6.544016838071210259e+03 4.216279377277466267e+00 6.937116000000000132e-15 6.937116000000000921e-16
6.548224231717449584e+03 4.216279377277466267e+00 6.982978999999999907e-15 6.982979000000000104e-16
6.552431625363689818e+03 4.216279377277466267e+00 7.205704000000000386e-15 7.205704000000001174e-16
6.556639019009930053e+03 4.216279377277466267e+00 7.255275000000000733e-15 7.255275000000001325e-16
6.560846412656170287e+03 4.216279377277466267e+00 7.461357000000000755e-15 7.461357000000001150e-16
6.565053806302409612e+03 4.216279377277466267e+00 7.760269000000000356e-15 7.760269000000000750e-16
6.569261199948639842e+03 4.216279377277466267e+00 7.966868000000000382e-15 7.966868000000001171e-16
6.573468593594890081e+03 4.216279377277466267e+00 8.349737000000000412e-15 8.349737000000000609e-16
6.577675987241130315e+03 4.216279377277466267e+00 8.895584000000000148e-15 8.895584000000000937e-16
6.581883380887369640e+03 4.216279377277466267e+00 9.721894999999999781e-15 9.721895000000000176e-16
6.586090774533609874e+03 4.216279377277466267e+00 1.140136000000000034e-14 1.140136000000000152e-15
6.590298168179850109e+03 4.216279377277466267e+00 1.635845000000000059e-14 1.635845000000000059e-15
6.594505561826090343e+03 4.216279377277466267e+00 2.309001999999999886e-14 2.309001999999999886e-15
6.607127742764810137e+03 4.216279377277466267e+00 1.982852999999999879e-14 1.982853000000000116e-15
6.611335136411050371e+03 4.216279377277466267e+00 1.274878999999999944e-14 1.274879000000000102e-15
6.615542530057289696e+03 4.216279377277466267e+00 1.062190000000000009e-14 1.062190000000000009e-15
6.619749923703529930e+03 4.216279377277466267e+00 9.599789999999999743e-15 9.599790000000000532e-16
6.623957317349770165e+03 4.216279377277466267e+00 9.021373999999999378e-15 9.021373999999999772e-16
6.628164710996010399e+03 4.216279377277466267e+00 8.462415999999999890e-15 8.462416000000000285e-16
6.632372104642249724e+03 4.216279377277466267e+00 8.066255999999999385e-15 8.066255999999999583e-16
6.636579498288489958e+03 4.216279377277466267e+00 7.776274999999999535e-15 7.776275000000000324e-16
6.640786891934730193e+03 4.216279377277466267e+00 7.509188000000000408e-15 7.509188000000001000e-16
6.644994285580970427e+03 4.216279377277466267e+00 7.403241000000000582e-15 7.403241000000001173e-16
6.649201679227209752e+03 4.216279377277466267e+00 7.235584000000000784e-15 7.235584000000001573e-16
6.653409072873449986e+03 4.216279377277466267e+00 7.046593000000000234e-15 7.046593000000000234e-16
6.657616466519690221e+03 4.216279377277466267e+00 7.002467000000000116e-15 7.002467000000000905e-16
6.661823860165929545e+03 4.216279377277466267e+00 6.850677999999999890e-15 6.850678000000000087e-16
6.666031253812159775e+03 4.216279377277466267e+00 6.728706000000000360e-15 6.728706000000001149e-16
6.670238647458410014e+03 4.216279377277466267e+00 6.684054000000000281e-15 6.684054000000000872e-16
6.674446041104650249e+03 4.216279377277466267e+00 6.609718000000000013e-15 6.609718000000000408e-16
6.678653434750889573e+03 4.216279377277466267e+00 6.613215999999999740e-15 6.613215999999999740e-16
6.682860828397129808e+03 4.216279377277466267e+00 6.590094999999999655e-15 6.590095000000000246e-16
6.687068222043370042e+03 4.216279377277466267e+00 6.537217999999999723e-15 6.537217999999999723e-16
6.691275615689610277e+03 4.216279377277466267e+00 6.492314000000000048e-15 6.492314000000000443e-16
6.695483009335849601e+03 4.216279377277466267e+00 6.464281000000000013e-15 6.464281000000000802e-16
6.699690402982089836e+03 4.216279377277466267e+00 6.553672000000000285e-15 6.553672000000000483e-16
6.703897796628330070e+03 4.216279377277466267e+00 6.657458000000000272e-15 6.657458000000000864e-16
6.708105190274570305e+03 4.216279377277466267e+00 6.898731999999999625e-15 6.898732000000000217e-16
6.712312583920809629e+03 4.216279377277466267e+00 7.088517000000000006e-15 7.088517000000000598e-16
6.716519977567049864e+03 4.216279377277466267e+00 7.208986999999999378e-15 7.208986999999999772e-16
6.720727371213290098e+03 4.216279377277466267e+00 7.017642999999999636e-15 7.017643000000000030e-16
6.724934764859530333e+03 4.216279377277466267e+00 6.613303999999999674e-15 6.613303999999999674e-16
6.729142158505769657e+03 4.216279377277466267e+00 6.461650000000000385e-15 6.461650000000001174e-16
6.733349552152009892e+03 4.216279377277466267e+00 6.407653000000000151e-15 6.407653000000000151e-16
6.737556945798250126e+03 4.216279377277466267e+00 6.391745999999999713e-15 6.391746000000000502e-16
6.741764339444490361e+03 4.216279377277466267e+00 6.252300000000000247e-15 6.252300000000001036e-16
6.745971733090729686e+03 4.216279377277466267e+00 6.259881000000000084e-15 6.259881000000000872e-16
6.750179126736969920e+03 4.216279377277466267e+00 6.181056000000000228e-15 6.181056000000001016e-16
6.754386520383210154e+03 4.216279377277466267e+00 6.127916000000000315e-15 6.127916000000000512e-16
6.758593914029450389e+03 4.216279377277466267e+00 6.141255999999999857e-15 6.141255999999999857e-16
6.762801307675689714e+03 4.216279377277466267e+00 6.085831000000000342e-15 6.085831000000000539e-16
6.767008701321929948e+03 4.216279377277466267e+00 6.093499000000000292e-15 6.093499000000000489e-16
6.771216094968170182e+03 4.216279377277466267e+00 6.048516999999999673e-15 6.048517000000000462e-16
6.775423488614410417e+03 4.216279377277466267e+00 6.054259000000000073e-15 6.054259000000000073e-16
6.779630882260649742e+03 4.216279377277466267e+00 6.035132000000000344e-15 6.035132000000000344e-16
6.783838275906889976e+03 4.216279377277466267e+00 5.986056000000000017e-15 5.986056000000000806e-16
6.788045669553130210e+03 4.216279377277466267e+00 5.986130000000000105e-15 5.986130000000000302e-16
6.792253063199370445e+03 4.216279377277466267e+00 5.952348999999999961e-15 5.952349000000000158e-16
6.796460456845609770e+03 4.216279377277466267e+00 5.939893999999999643e-15 5.939894000000000235e-16
6.800667850491850004e+03 4.216279377277466267e+00 5.994515000000000339e-15 5.994515000000000339e-16
6.804875244138090238e+03 4.216279377277466267e+00 5.901252999999999653e-15 5.901253000000000442e-16
6.809082637784329563e+03 4.216279377277466267e+00 5.880621000000000307e-15 5.880621000000000504e-16
6.813290031430569798e+03 4.216279377277466267e+00 5.898889000000000074e-15 5.898889000000000074e-16
6.817497425076810032e+03 4.216279377277466267e+00 5.827745000000000195e-15 5.827745000000000786e-16
6.821704818723050266e+03 4.216279377277466267e+00 5.896546999999999690e-15 5.896546999999999690e-16
6.825912212369289591e+03 4.216279377277466267e+00 5.881687999999999896e-15 5.881688000000000685e-16
6.830119606015529826e+03 4.216279377277466267e+00 5.844977000000000314e-15 5.844977000000000511e-16
6.834326999661770060e+03 4.216279377277466267e+00 5.796895999999999917e-15 5.796896000000000312e-16
6.838534393308010294e+03 4.216279377277466267e+00 5.782918999999999888e-15 5.782919000000000282e-16
6.842741786954249619e+03 4.216279377277466267e+00 5.794542000000000116e-15 5.794542000000000116e-16
6.846949180600489854e+03 4.216279377277466267e+00 5.763993000000000258e-15 5.763993000000000850e-16
6.851156574246730088e+03 4.216279377277466267e+00 5.783010999999999890e-15 5.783011000000000482e-16
6.855363967892970322e+03 4.216279377277466267e+00 5.922554000000000036e-15 5.922554000000000233e-16
6.859571361539209647e+03 4.216279377277466267e+00 5.844736000000000316e-15 5.844736000000000513e-16
6.863778755185449882e+03 4.216279377277466267e+00 5.829822000000000169e-15 5.829822000000000563e-16
6.867986148831690116e+03 4.216279377277466267e+00 5.686769999999999910e-15 5.686770000000000502e-16
6.872193542477930350e+03 4.216279377277466267e+00 5.739942000000000373e-15 5.739942000000001162e-16
6.876400936124169675e+03 4.216279377277466267e+00 6.096691999999999711e-15 6.096692000000000500e-16
6.880608329770409910e+03 4.216279377277466267e+00 6.171414999999999722e-15 6.171415000000000314e-16
6.884815723416650144e+03 4.216279377277466267e+00 6.085312999999999729e-15 6.085313000000000123e-16
6.889023117062890378e+03 4.216279377277466267e+00 5.950741999999999775e-15 5.950742000000000564e-16
6.893230510709129703e+03 4.216279377277466267e+00 5.895199000000000206e-15 5.895199000000000797e-16
6.897437904355369938e+03 4.216279377277466267e+00 5.891296999999999851e-15 5.891297000000000246e-16
6.901645298001610172e+03 4.216279377277466267e+00 5.855966000000000303e-15 5.855966000000001092e-16
6.905852691647850406e+03 4.216279377277466267e+00 5.860542000000000005e-15 5.860542000000000597e-16
6.910060085294089731e+03 4.216279377277466267e+00 5.815588999999999687e-15 5.815589000000000279e-16
6.914267478940329966e+03 4.216279377277466267e+00 5.733511000000000170e-15 5.733511000000000368e-16
6.918474872586570200e+03 4.216279377277466267e+00 5.727926999999999723e-15 5.727926999999999920e-16
6.922682266232810434e+03 4.216279377277466267e+00 5.693424000000000196e-15 5.693424000000000590e-16
6.926889659879049759e+03 4.216279377277466267e+00 5.666030000000000287e-15 5.666030000000000287e-16
6.931097053525289994e+03 4.216279377277466267e+00 5.680845000000000115e-15 5.680845000000000312e-16
6.935304447171530228e+03 4.216279377277466267e+00 5.642455999999999719e-15 5.642456000000000508e-16
6.939511840817769553e+03 4.216279377277466267e+00 5.684500999999999794e-15 5.684500999999999794e-16
6.943719234464009787e+03 4.216279377277466267e+00 5.631014000000000035e-15 5.631014000000000627e-16
6.947926628110250022e+03 4.216279377277466267e+00 5.616766999999999708e-15 5.616766999999999905e-16
6.952134021756490256e+03 4.216279377277466267e+00 5.642152000000000020e-15 5.642152000000000020e-16
6.956341415402729581e+03 4.216279377277466267e+00 5.585025000000000069e-15 5.585025000000000463e-16
6.960548809048969815e+03 4.216279377277466267e+00 5.570719999999999928e-15 5.570720000000000322e-16
6.964756202695210050e+03 4.216279377277466267e+00 5.609893000000000377e-15 5.609893000000000969e-16
6.968963596341450284e+03 4.216279377277466267e+00 5.511539999999999625e-15 5.511539999999999625e-16
6.973170989987689609e+03 4.216279377277466267e+00 5.533502000000000119e-15 5.533502000000000710e-16
6.977378383633929843e+03 4.216279377277466267e+00 5.492565000000000140e-15 5.492565000000000140e-16
6.981585777280170078e+03 4.216279377277466267e+00 5.487427999999999678e-15 5.487428000000000072e-16
6.985793170926410312e+03 4.216279377277466267e+00 5.528970000000000383e-15 5.528970000000001172e-16
6.990000564572649637e+03 4.216279377277466267e+00 5.546450999999999848e-15 5.546451000000000440e-16
6.994207958218889871e+03 4.216279377277466267e+00 5.535442000000000304e-15 5.535442000000000501e-16
6.998415351865130106e+03 4.216279377277466267e+00 5.574286999999999853e-15 5.574287000000000051e-16
7.002622745511370340e+03 4.216279377277466267e+00 5.491110000000000198e-15 5.491110000000000790e-16
7.006830139157609665e+03 4.216279377277466267e+00 5.461961999999999749e-15 5.461961999999999749e-16
7.011037532803849899e+03 4.216279377277466267e+00 5.444297000000000279e-15 5.444297000000001068e-16
7.015244926450090134e+03 4.216279377277466267e+00 5.489305000000000162e-15 5.489305000000000359e-16
7.019452320096330368e+03 4.216279377277466267e+00 5.504817999999999750e-15 5.504817999999999947e-16
7.023659713742569693e+03 4.216279377277466267e+00 5.418119999999999775e-15 5.418120000000000564e-16
7.027867107388809927e+03 4.216279377277466267e+00 5.447212999999999872e-15 5.447213000000000660e-16
7.032074501035050162e+03 4.216279377277466267e+00 5.442081999999999907e-15 5.442082000000000499e-16
7.036281894681290396e+03 4.216279377277466267e+00 5.394344000000000077e-15 5.394344000000000668e-16
7.040489288327529721e+03 4.216279377277466267e+00 5.474986999999999995e-15 5.474987000000000587e-16
7.044696681973769955e+03 4.216279377277466267e+00 5.380304000000000346e-15 5.380304000000001135e-16
7.048904075620010190e+03 4.216279377277466267e+00 5.460759000000000191e-15 5.460759000000000388e-16
7.053111469266250424e+03 4.216279377277466267e+00 5.450538999999999800e-15 5.450539000000000391e-16
7.057318862912489749e+03 4.216279377277466267e+00 5.380740999999999765e-15 5.380741000000000357e-16
7.061526256558729983e+03 4.216279377277466267e+00 5.420440999999999996e-15 5.420441000000000785e-16
7.065733650204970218e+03 4.216279377277466267e+00 5.423551000000000159e-15 5.423551000000000948e-16
7.069941043851210452e+03 4.216279377277466267e+00 5.432688999999999717e-15 5.432689000000000506e-16
7.074148437497449777e+03 4.216279377277466267e+00 5.471717000000000240e-15 5.471717000000000634e-16
7.078355831143690011e+03 4.216279377277466267e+00 5.525421000000000372e-15 5.525421000000001161e-16
7.082563224789930246e+03 4.216279377277466267e+00 5.559160000000000190e-15 5.559160000000000978e-16
7.086770618436169570e+03 4.216279377277466267e+00 5.606013000000000006e-15 5.606013000000000401e-16
7.090978012082409805e+03 4.216279377277466267e+00 5.703822000000000094e-15 5.703822000000000094e-16
7.095185405728650039e+03 4.216279377277466267e+00 5.962289000000000276e-15 5.962289000000000276e-16
7.099392799374890274e+03 4.216279377277466267e+00 6.349919999999999652e-15 6.349920000000000244e-16
7.103600193021129598e+03 4.216279377277466267e+00 6.675256000000000251e-15 6.675256000000000251e-16
7.107807586667369833e+03 4.216279377277466267e+00 6.662102000000000353e-15 6.662102000000000945e-16
7.112014980313610067e+03 4.216279377277466267e+00 6.254193000000000217e-15 6.254193000000000414e-16
7.116222373959850302e+03 4.216279377277466267e+00 5.806530000000000105e-15 5.806530000000000302e-16
7.120429767606089626e+03 4.216279377277466267e+00 5.615467000000000258e-15 5.615467000000000258e-16
7.124637161252329861e+03 4.216279377277466267e+00 5.577011000000000093e-15 5.577011000000000684e-16
7.128844554898570095e+03 4.216279377277466267e+00 5.517519999999999773e-15 5.517519999999999773e-16
7.133051948544810330e+03 4.216279377277466267e+00 5.492179000000000216e-15 5.492179000000000611e-16
7.137259342191049655e+03 4.216279377277466267e+00 5.461216999999999773e-15 5.461216999999999773e-16
7.141466735837289889e+03 4.216279377277466267e+00 5.395175000000000346e-15 5.395175000000000938e-16
7.145674129483530123e+03 4.216279377277466267e+00 5.324950999999999700e-15 5.324950999999999700e-16
7.149881523129770358e+03 4.216279377277466267e+00 5.284271999999999814e-15 5.284272000000000011e-16
7.154088916776009683e+03 4.216279377277466267e+00 5.302655000000000176e-15 5.302655000000000570e-16
7.158296310422249917e+03 4.216279377277466267e+00 5.284935000000000353e-15 5.284935000000000945e-16
7.162503704068490151e+03 4.216279377277466267e+00 5.242330000000000128e-15 5.242329999999999930e-16
7.166711097714730386e+03 4.216279377277466267e+00 5.227976000000000131e-15 5.227976000000000723e-16
7.170918491360969711e+03 4.216279377277466267e+00 5.294805999999999681e-15 5.294805999999999681e-16
7.175125885007209945e+03 4.216279377277466267e+00 5.277750000000000218e-15 5.277750000000000810e-16
7.179333278653450179e+03 4.216279377277466267e+00 5.292477000000000112e-15 5.292476999999999915e-16
7.183540672299690414e+03 4.216279377277466267e+00 5.316847999999999971e-15 5.316848000000000168e-16
7.187748065945929739e+03 4.216279377277466267e+00 5.304698999999999781e-15 5.304699000000000372e-16
7.191955459592169973e+03 4.216279377277466267e+00 5.341437000000000024e-15 5.341437000000000616e-16
7.196162853238410207e+03 4.216279377277466267e+00 5.322845000000000214e-15 5.322845000000000214e-16
7.200370246884650442e+03 4.216279377277466267e+00 5.276147000000000101e-15 5.276147000000000495e-16
7.204577640530889767e+03 4.216279377277466267e+00 5.299821999999999840e-15 5.299821999999999840e-16
7.208785034177130001e+03 4.216279377277466267e+00 5.258714999999999703e-15 5.258715000000000294e-16
7.212992427823370235e+03 4.216279377277466267e+00 5.216216999999999934e-15 5.216216999999999737e-16
7.217199821469609560e+03 4.216279377277466267e+00 5.240861000000000340e-15 5.240861000000000143e-16
7.221407215115849795e+03 4.216279377277466267e+00 5.228029999999999875e-15 5.228029999999999875e-16
7.225614608762090029e+03 4.216279377277466267e+00 5.204512000000000269e-15 5.204512000000000861e-16
7.229822002408330263e+03 4.216279377277466267e+00 5.102202000000000388e-15 5.102202000000000979e-16
7.234029396054569588e+03 4.216279377277466267e+00 5.147806000000000251e-15 5.147806000000000448e-16
7.238236789700809823e+03 4.216279377277466267e+00 5.177732000000000256e-15 5.177732000000000453e-16
7.242444183347050057e+03 4.216279377277466267e+00 5.078549999999999663e-15 5.078549999999999466e-16
7.246651576993290291e+03 4.216279377277466267e+00 5.139404999999999742e-15 5.139405000000000334e-16
7.250858970639529616e+03 4.216279377277466267e+00 5.179148000000000120e-15 5.179147999999999922e-16
7.255066364285769851e+03 4.216279377277466267e+00 5.105161999999999947e-15 5.105162000000000538e-16
7.259273757932010085e+03 4.216279377277466267e+00 5.142795999999999800e-15 5.142796000000000195e-16
7.263481151578250319e+03 4.216279377277466267e+00 5.090009000000000231e-15 5.090009000000000231e-16
7.267688545224489644e+03 4.216279377277466267e+00 5.136898999999999697e-15 5.136898999999999894e-16
7.271895938870729879e+03 4.216279377277466267e+00 5.122166000000000094e-15 5.122165999999999897e-16
7.276103332516970113e+03 4.216279377277466267e+00 5.134960999999999940e-15 5.134960999999999743e-16
7.280310726163210347e+03 4.216279377277466267e+00 5.157924999999999893e-15 5.157924999999999893e-16
7.284518119809449672e+03 4.216279377277466267e+00 5.203658000000000196e-15 5.203658000000000788e-16
7.288725513455689907e+03 4.216279377277466267e+00 5.070837999999999746e-15 5.070837999999999549e-16
7.292932907101930141e+03 4.216279377277466267e+00 5.106069999999999763e-15 5.106069999999999763e-16
7.297140300748170375e+03 4.216279377277466267e+00 5.094715000000000193e-15 5.094714999999999996e-16
7.301347694394409700e+03 4.216279377277466267e+00 5.099824000000000174e-15 5.099824000000000174e-16
7.305555088040649935e+03 4.216279377277466267e+00 5.078946999999999973e-15 5.078946999999999973e-16
7.309762481686890169e+03 4.216279377277466267e+00 5.197599000000000072e-15 5.197599000000000072e-16
7.313969875333130403e+03 4.216279377277466267e+00 5.275227999999999898e-15 5.275228000000000293e-16
7.318177268979369728e+03 4.216279377277466267e+00 5.410182000000000316e-15 5.410182000000000907e-16
7.322384662625609963e+03 4.216279377277466267e+00 5.289008999999999717e-15 5.289009000000000112e-16
7.326592056271850197e+03 4.216279377277466267e+00 5.297319000000000043e-15 5.297318999999999846e-16
7.330799449918090431e+03 4.216279377277466267e+00 5.197105999999999691e-15 5.197106000000000085e-16
7.335006843564329756e+03 4.216279377277466267e+00 5.079274000000000264e-15 5.079274000000000264e-16
7.339214237210569991e+03 4.216279377277466267e+00 5.076313999999999916e-15 5.076313999999999719e-16
7.343421630856810225e+03 4.216279377277466267e+00 4.986725999999999613e-15 4.986726000000000008e-16
7.347629024503049550e+03 4.216279377277466267e+00 5.010818999999999825e-15 5.010819000000000023e-16
7.351836418149289784e+03 4.216279377277466267e+00 4.901493999999999967e-15 4.901493999999999967e-16
7.356043811795530019e+03 4.216279377277466267e+00 4.926953000000000367e-15 4.926953000000000565e-16
7.360251205441770253e+03 4.216279377277466267e+00 4.957034000000000077e-15 4.957034000000000274e-16
7.364458599088009578e+03 4.216279377277466267e+00 4.911287999999999747e-15 4.911287999999999747e-16
7.368665992734249812e+03 4.216279377277466267e+00 4.922217000000000284e-15 4.922217000000000284e-16
7.372873386380490047e+03 4.216279377277466267e+00 4.931223999999999762e-15 4.931223999999999762e-16
7.377080780026730281e+03 4.216279377277466267e+00 4.941677999999999833e-15 4.941678000000000030e-16
7.381288173672969606e+03 4.216279377277466267e+00 4.880541999999999858e-15 4.880542000000000450e-16
7.385495567319209840e+03 4.216279377277466267e+00 4.851413999999999753e-15 4.851413999999999753e-16
7.389702960965450075e+03 4.216279377277466267e+00 4.781909999999999639e-15 4.781910000000000034e-16
7.393910354611690309e+03 4.216279377277466267e+00 4.789721999999999696e-15 4.789721999999999696e-16
7.398117748257929634e+03 4.216279377277466267e+00 4.865561999999999761e-15 4.865561999999999564e-16
7.402325141904169868e+03 4.216279377277466267e+00 4.864448999999999776e-15 4.864448999999999776e-16
7.406532535550410103e+03 4.216279377277466267e+00 4.817521000000000052e-15 4.817521000000000052e-16
7.410739929196650337e+03 4.216279377277466267e+00 4.760746999999999654e-15 4.760747000000000049e-16
7.414947322842889662e+03 4.216279377277466267e+00 4.748804000000000241e-15 4.748804000000000635e-16
7.419154716489129896e+03 4.216279377277466267e+00 4.779413000000000340e-15 4.779413000000000932e-16
7.423362110135370131e+03 4.216279377277466267e+00 4.777768999999999717e-15 4.777769000000000111e-16
7.427569503781610365e+03 4.216279377277466267e+00 4.840769000000000149e-15 4.840769000000000346e-16
7.431776897427849690e+03 4.216279377277466267e+00 4.785904999999999816e-15 4.785904999999999618e-16
7.435984291074089924e+03 4.216279377277466267e+00 4.772066000000000184e-15 4.772066000000000381e-16
7.440191684720330159e+03 4.216279377277466267e+00 4.778359999999999808e-15 4.778360000000000203e-16
7.444399078366570393e+03 4.216279377277466267e+00 4.725346999999999907e-15 4.725347000000000499e-16
7.448606472012809718e+03 4.216279377277466267e+00 4.770910000000000052e-15 4.770910000000000447e-16
7.452813865659049952e+03 4.216279377277466267e+00 4.709573999999999799e-15 4.709574000000000390e-16
7.457021259305290187e+03 4.216279377277466267e+00 4.719809999999999675e-15 4.719809999999999478e-16
7.461228652951530421e+03 4.216279377277466267e+00 4.802434000000000286e-15 4.802434000000000680e-16
7.465436046597769746e+03 4.216279377277466267e+00 4.743367999999999969e-15 4.743368000000000166e-16
7.469643440244009980e+03 4.216279377277466267e+00 4.736019999999999992e-15 4.736019999999999795e-16
7.473850833890250215e+03 4.216279377277466267e+00 4.748121999999999967e-15 4.748122000000000164e-16
7.478058227536490449e+03 4.216279377277466267e+00 4.704310999999999934e-15 4.704311000000000328e-16
7.482265621182729774e+03 4.216279377277466267e+00 4.730696000000000066e-15 4.730695999999999868e-16
7.486473014828970008e+03 4.216279377277466267e+00 4.698911000000000280e-15 4.698911000000000280e-16
7.490680408475210243e+03 4.216279377277466267e+00 4.691362000000000204e-15 4.691362000000000598e-16
7.494887802121449567e+03 4.216279377277466267e+00 4.706391000000000157e-15 4.706391000000000551e-16
7.499095195767689802e+03 4.216279377277466267e+00 4.624677999999999612e-15 4.624678000000000006e-16
7.503302589413930036e+03 4.216279377277466267e+00 4.625526999999999796e-15 4.625526999999999993e-16
7.507509983060170271e+03 4.216279377277466267e+00 4.636944999999999856e-15 4.636945000000000251e-16
7.511717376706409595e+03 4.216279377277466267e+00 4.652788999999999804e-15 4.652789000000000395e-16
7.515924770352649830e+03 4.216279377277466267e+00 4.676122000000000374e-15 4.676122000000000177e-16
7.520132163998890064e+03 4.216279377277466267e+00 4.688625999999999759e-15 4.688626000000000153e-16
7.524339557645130299e+03 4.216279377277466267e+00 4.679107000000000166e-15 4.679107000000000166e-16
7.528546951291369624e+03 4.216279377277466267e+00 4.644659000000000202e-15 4.644659000000000794e-16
7.532754344937609858e+03 4.216279377277466267e+00 4.612355999999999803e-15 4.612355999999999803e-16
7.536961738583850092e+03 4.216279377277466267e+00 4.589837000000000196e-15 4.589837000000000393e-16
7.541169132230090327e+03 4.216279377277466267e+00 4.637865999999999699e-15 4.637866000000000094e-16
7.545376525876329652e+03 4.216279377277466267e+00 4.668395999999999822e-15 4.668395999999999822e-16
7.549583919522569886e+03 4.216279377277466267e+00 4.700019000000000376e-15 4.700019000000000968e-16
7.553791313168810120e+03 4.216279377277466267e+00 4.655171999999999906e-15 4.655172000000000300e-16
7.557998706815050355e+03 4.216279377277466267e+00 4.628136000000000229e-15 4.628136000000000624e-16
7.562206100461289680e+03 4.216279377277466267e+00 4.580219000000000283e-15 4.580219000000000480e-16
7.566413494107529914e+03 4.216279377277466267e+00 4.510625999999999627e-15 4.510626000000000022e-16
7.570620887753770148e+03 4.216279377277466267e+00 4.516689999999999641e-15 4.516689999999999838e-16
7.574828281400010383e+03 4.216279377277466267e+00 4.605448000000000283e-15 4.605448000000000086e-16
7.579035675046249708e+03 4.216279377277466267e+00 4.606017000000000392e-15 4.606017000000000195e-16
7.583243068692489942e+03 4.216279377277466267e+00 4.791230000000000351e-15 4.791230000000000351e-16
7.587450462338730176e+03 4.216279377277466267e+00 4.844661999999999756e-15 4.844661999999999559e-16
7.591657855984970411e+03 4.216279377277466267e+00 4.887328000000000044e-15 4.887328000000000438e-16
7.595865249631209736e+03 4.216279377277466267e+00 4.908316999999999802e-15 4.908317000000000196e-16
7.600072643277449970e+03 4.216279377277466267e+00 4.991250999999999820e-15 4.991250999999999820e-16
7.604280036923690204e+03 4.216279377277466267e+00 6.071435999999999839e-15 6.071435999999999839e-16
7.608487430569930439e+03 4.216279377277466267e+00 7.131800999999999468e-15 7.131800999999999666e-16
7.612694824216169764e+03 4.216279377277466267e+00 7.337757999999999908e-15 7.337758000000000302e-16
7.616902217862409998e+03 4.216279377277466267e+00 6.851627000000000213e-15 6.851627000000000805e-16
7.621109611508650232e+03 4.216279377277466267e+00 6.294320000000000090e-15 6.294320000000000878e-16
7.625317005154889557e+03 4.216279377277466267e+00 5.685503000000000042e-15 5.685503000000000831e-16
7.629524398801129792e+03 4.216279377277466267e+00 5.502384000000000152e-15 5.502384000000000349e-16
7.633731792447370026e+03 4.216279377277466267e+00 5.482154000000000216e-15 5.482154000000001005e-16
7.637939186093610260e+03 4.216279377277466267e+00 5.475872000000000008e-15 5.475872000000000008e-16
7.642146579739849585e+03 4.216279377277466267e+00 5.425134999999999752e-15 5.425134999999999752e-16
7.646353973386089820e+03 4.216279377277466267e+00 5.189382000000000357e-15 5.189382000000000357e-16
7.650561367032330054e+03 4.216279377277466267e+00 5.134758000000000201e-15 5.134758000000000793e-16
7.654768760678570288e+03 4.216279377277466267e+00 5.011507999999999628e-15 5.011508000000000220e-16
7.658976154324809613e+03 4.216279377277466267e+00 4.838224999999999845e-15 4.838224999999999845e-16
7.663183547971049848e+03 4.216279377277466267e+00 4.814743000000000068e-15 4.814743000000000266e-16
7.667390941617290082e+03 4.216279377277466267e+00 4.637155999999999733e-15 4.637155999999999733e-16
7.671598335263530316e+03 4.216279377277466267e+00 4.605593000000000210e-15 4.605593000000000604e-16
7.675805728909769641e+03 4.216279377277466267e+00 4.483978000000000304e-15 4.483978000000000501e-16
7.680013122556009876e+03 4.216279377277466267e+00 4.481437000000000249e-15 4.481437000000000446e-16
7.684220516202250110e+03 4.216279377277466267e+00 4.481407000000000128e-15 4.481406999999999931e-16
7.688427909848490344e+03 4.216279377277466267e+00 4.431199000000000082e-15 4.431199000000000082e-16
7.692635303494729669e+03 4.216279377277466267e+00 4.461788999999999658e-15 4.461788999999999856e-16
7.696842697140969904e+03 4.216279377277466267e+00 4.471686999999999647e-15 4.471686999999999647e-16
7.701050090787210138e+03 4.216279377277466267e+00 4.422696999999999614e-15 4.422696999999999910e-16
7.705257484433450372e+03 4.216279377277466267e+00 4.406671999999999911e-15 4.406672000000000305e-16
7.709464878079689697e+03 4.216279377277466267e+00 4.340058000000000126e-15 4.340058000000000422e-16
7.713672271725929932e+03 4.216279377277466267e+00 4.309326000000000084e-15 4.309326000000000084e-16
7.717879665372170166e+03 4.216279377277466267e+00 4.297834999999999756e-15 4.297835000000000150e-16
7.722087059018410400e+03 4.216279377277466267e+00 4.362097000000000168e-15 4.362097000000000463e-16
7.726294452664649725e+03 4.216279377277466267e+00 4.359104000000000239e-15 4.359104000000000436e-16
7.730501846310889960e+03 4.216279377277466267e+00 4.420967000000000274e-15 4.420967000000000274e-16
7.734709239957130194e+03 4.216279377277466267e+00 4.376767000000000069e-15 4.376767000000000463e-16
7.738916633603370428e+03 4.216279377277466267e+00 4.344799000000000098e-15 4.344799000000000296e-16
7.743124027249609753e+03 4.216279377277466267e+00 4.380759999999999816e-15 4.380759999999999915e-16
7.747331420895849988e+03 4.216279377277466267e+00 4.255809000000000204e-15 4.255809000000000402e-16
7.751538814542090222e+03 4.216279377277466267e+00 4.307653999999999768e-15 4.307653999999999866e-16
7.755746208188329547e+03 4.216279377277466267e+00 4.269674999999999708e-15 4.269674999999999708e-16
7.759953601834569781e+03 4.216279377277466267e+00 4.309840999999999659e-15 4.309841000000000054e-16
7.764160995480810016e+03 4.216279377277466267e+00 4.374752999999999796e-15 4.374753000000000190e-16
7.768368389127050250e+03 4.216279377277466267e+00 4.265196999999999717e-15 4.265196999999999816e-16
7.772575782773289575e+03 4.216279377277466267e+00 4.231751999999999822e-15 4.231751999999999822e-16
7.776783176419529809e+03 4.216279377277466267e+00 4.244999000000000330e-15 4.244999000000000626e-16
7.780990570065770044e+03 4.216279377277466267e+00 4.204861000000000071e-15 4.204861000000000170e-16
7.785197963712010278e+03 4.216279377277466267e+00 4.219455000000000245e-15 4.219455000000000541e-16
7.789405357358249603e+03 4.216279377277466267e+00 4.368188999999999873e-15 4.368189000000000169e-16
7.793612751004489837e+03 4.216279377277466267e+00 4.303294999999999651e-15 4.303294999999999750e-16
7.797820144650730072e+03 4.216279377277466267e+00 4.349203000000000002e-15 4.349203000000000199e-16
7.802027538296970306e+03 4.216279377277466267e+00 4.322240999999999624e-15 4.322241000000000018e-16
7.806234931943209631e+03 4.216279377277466267e+00 4.296146000000000134e-15 4.296146000000000528e-16
7.810442325589449865e+03 4.216279377277466267e+00 4.210998000000000352e-15 4.210998000000000648e-16
7.814649719235690100e+03 4.216279377277466267e+00 4.239196999999999689e-15 4.239196999999999985e-16
7.818857112881930334e+03 4.216279377277466267e+00 4.248856999999999929e-15 4.248857000000000225e-16
7.823064506528169659e+03 4.216279377277466267e+00 4.259419000000000277e-15 4.259419000000000277e-16
7.827271900174409893e+03 4.216279377277466267e+00 4.314364000000000226e-15 4.314364000000000226e-16
7.831479293820650128e+03 4.216279377277466267e+00 4.196878000000000036e-15 4.196878000000000233e-16
7.835686687466890362e+03 4.216279377277466267e+00 4.246684999999999703e-15 4.246684999999999802e-16
7.839894081113129687e+03 4.216279377277466267e+00 4.256407999999999645e-15 4.256408000000000039e-16
7.844101474759369921e+03 4.216279377277466267e+00 4.248422000000000150e-15 4.248422000000000150e-16
7.848308868405610156e+03 4.216279377277466267e+00 4.244681999999999817e-15 4.244682000000000014e-16
7.852516262051850390e+03 4.216279377277466267e+00 4.245539999999999958e-15 4.245540000000000352e-16
7.856723655698089715e+03 4.216279377277466267e+00 4.264363999999999808e-15 4.264363999999999907e-16
7.860931049344329949e+03 4.216279377277466267e+00 4.254075000000000007e-15 4.254075000000000007e-16
7.865138442990570184e+03 4.216279377277466267e+00 4.249329999999999966e-15 4.249330000000000361e-16
7.869345836636810418e+03 4.216279377277466267e+00 4.190586000000000052e-15 4.190586000000000052e-16
7.873553230283049743e+03 4.216279377277466267e+00 4.162554999999999656e-15 4.162555000000000050e-16
7.877760623929289977e+03 4.216279377277466267e+00 4.160208000000000172e-15 4.160208000000000566e-16
7.881968017575530212e+03 4.216279377277466267e+00 4.185634000000000203e-15 4.185634000000000203e-16
7.886175411221770446e+03 4.216279377277466267e+00 4.162433000000000322e-15 4.162433000000000322e-16
7.890382804868009771e+03 4.216279377277466267e+00 4.203168000000000381e-15 4.203168000000000775e-16
7.894590198514250005e+03 4.216279377277466267e+00 4.180868999999999819e-15 4.180869000000000213e-16
7.898797592160490240e+03 4.216279377277466267e+00 4.213138999999999848e-15 4.213139000000000243e-16
7.903004985806729565e+03 4.216279377277466267e+00 4.157837000000000276e-15 4.157837000000000473e-16
7.907212379452969799e+03 4.216279377277466267e+00 4.089245999999999868e-15 4.089246000000000065e-16
7.911419773099210033e+03 4.216279377277466267e+00 4.144606000000000042e-15 4.144606000000000239e-16
7.915627166745450268e+03 4.216279377277466267e+00 4.147340999999999878e-15 4.147340999999999878e-16
7.919834560391689593e+03 4.216279377277466267e+00 4.182851000000000331e-15 4.182851000000000331e-16
7.924041954037929827e+03 4.216279377277466267e+00 4.147164000000000191e-15 4.147164000000000191e-16
7.928249347684170061e+03 4.216279377277466267e+00 4.142516999999999861e-15 4.142517000000000157e-16
7.932456741330410296e+03 4.216279377277466267e+00 4.150591999999999899e-15 4.150592000000000293e-16
7.936664134976649621e+03 4.216279377277466267e+00 4.106853000000000314e-15 4.106853000000000314e-16
7.940871528622889855e+03 4.216279377277466267e+00 4.119442999999999992e-15 4.119443000000000090e-16
7.945078922269130089e+03 4.216279377277466267e+00 4.200816000000000220e-15 4.200816000000000220e-16
7.949286315915370324e+03 4.216279377277466267e+00 4.145717000000000387e-15 4.145717000000000387e-16
7.953493709561609649e+03 4.216279377277466267e+00 4.186994999999999714e-15 4.186994999999999714e-16
7.957701103207849883e+03 4.216279377277466267e+00 4.137598000000000382e-15 4.137598000000000777e-16
7.961908496854090117e+03 4.216279377277466267e+00 4.041613000000000066e-15 4.041613000000000066e-16
7.966115890500330352e+03 4.216279377277466267e+00 4.042182000000000175e-15 4.042182000000000175e-16
7.970323284146569677e+03 4.216279377277466267e+00 4.039636000000000231e-15 4.039636000000000527e-16
7.974530677792809911e+03 4.216279377277466267e+00 4.047387000000000227e-15 4.047387000000000325e-16
7.978738071439050145e+03 4.216279377277466267e+00 4.064848000000000137e-15 4.064848000000000236e-16
7.982945465085290380e+03 4.216279377277466267e+00 4.066242999999999837e-15 4.066243000000000035e-16
7.987152858731529705e+03 4.216279377277466267e+00 4.072898999999999762e-15 4.072898999999999762e-16
7.991360252377769939e+03 4.216279377277466267e+00 4.063381999999999809e-15 4.063381999999999908e-16
7.995567646024010173e+03 4.216279377277466267e+00 4.003664999999999947e-15 4.003665000000000243e-16
7.999775039670250408e+03 4.216279377277466267e+00 4.053868000000000105e-15 4.053868000000000499e-16
8.003982433316489733e+03 4.216279377277466267e+00 3.977944999999999995e-15 3.977945000000000291e-16
8.008189826962729967e+03 4.216279377277466267e+00 3.960008999999999618e-15 3.960008999999999618e-16
8.012397220608970201e+03 4.216279377277466267e+00 4.030220000000000238e-15 4.030220000000000238e-16
8.016604614255210436e+03 4.216279377277466267e+00 3.963642000000000283e-15 3.963642000000000283e-16
8.020812007901449761e+03 4.216279377277466267e+00 4.000856000000000023e-15 4.000856000000000122e-16
8.025019401547689995e+03 4.216279377277466267e+00 4.015180999999999719e-15 4.015181000000000113e-16
8.029226795193930229e+03 4.216279377277466267e+00 3.922466999999999767e-15 3.922467000000000161e-16
8.033434188840169554e+03 4.216279377277466267e+00 3.939711999999999912e-15 3.939712000000000010e-16
8.037641582486409789e+03 4.216279377277466267e+00 3.981433999999999764e-15 3.981433999999999764e-16
8.041848976132650023e+03 4.216279377277466267e+00 3.939061000000000367e-15 3.939061000000000367e-16
8.046056369778890257e+03 4.216279377277466267e+00 3.984697999999999811e-15 3.984697999999999811e-16
8.050263763425129582e+03 4.216279377277466267e+00 3.955709999999999743e-15 3.955710000000000039e-16
8.054471157071369817e+03 4.216279377277466267e+00 3.939417999999999990e-15 3.939418000000000187e-16
8.058678550717610051e+03 4.216279377277466267e+00 3.907669999999999854e-15 3.907669999999999854e-16
8.062885944363850285e+03 4.216279377277466267e+00 3.898808000000000303e-15 3.898808000000000401e-16
8.067093338010089610e+03 4.216279377277466267e+00 3.914122000000000220e-15 3.914122000000000318e-16
8.071300731656329845e+03 4.216279377277466267e+00 3.902384000000000186e-15 3.902384000000000481e-16
8.075508125302570079e+03 4.216279377277466267e+00 3.917089000000000096e-15 3.917089000000000096e-16
8.079715518948810313e+03 4.216279377277466267e+00 3.864274999999999866e-15 3.864275000000000063e-16
8.083922912595049638e+03 4.216279377277466267e+00 3.865594999999999658e-15 3.865595000000000053e-16
8.088130306241289873e+03 4.216279377277466267e+00 3.789472999999999878e-15 3.789473000000000174e-16
8.092337699887530107e+03 4.216279377277466267e+00 3.825520999999999710e-15 3.825520999999999907e-16
8.096545093533770341e+03 4.216279377277466267e+00 3.779765000000000391e-15 3.779765000000000687e-16
8.100752487180009666e+03 4.216279377277466267e+00 3.838015000000000105e-15 3.838015000000000204e-16
8.104959880826249901e+03 4.216279377277466267e+00 3.753108000000000321e-15 3.753108000000000321e-16
8.109167274472490135e+03 4.216279377277466267e+00 3.819726999999999994e-15 3.819727000000000290e-16
8.113374668118730369e+03 4.216279377277466267e+00 3.884662999999999754e-15 3.884663000000000050e-16
8.117582061764969694e+03 4.216279377277466267e+00 3.873980999999999712e-15 3.873980999999999909e-16
8.121789455411209929e+03 4.216279377277466267e+00 3.867616000000000249e-15 3.867616000000000544e-16
8.125996849057450163e+03 4.216279377277466267e+00 3.837389000000000004e-15 3.837389000000000004e-16
8.130204242703690397e+03 4.216279377277466267e+00 3.807993999999999849e-15 3.807994000000000046e-16
8.134411636349929722e+03 4.216279377277466267e+00 3.814346000000000075e-15 3.814346000000000272e-16
8.138619029996169957e+03 4.216279377277466267e+00 3.863213000000000165e-15 3.863213000000000461e-16
8.142826423642410191e+03 4.216279377277466267e+00 3.803992000000000144e-15 3.803992000000000243e-16
8.147033817288650425e+03 4.216279377277466267e+00 3.834756999999999767e-15 3.834757000000000063e-16
8.151241210934889750e+03 4.216279377277466267e+00 3.870312000000000007e-15 3.870312000000000303e-16
8.155448604581129985e+03 4.216279377277466267e+00 3.836259999999999745e-15 3.836260000000000139e-16
8.159655998227370219e+03 4.216279377277466267e+00 3.899884999999999669e-15 3.899884999999999768e-16
8.163863391873610453e+03 4.216279377277466267e+00 3.874909999999999692e-15 3.874909999999999791e-16
8.168070785519849778e+03 4.216279377277466267e+00 3.792211999999999783e-15 3.792212000000000079e-16
8.172278179166090013e+03 4.216279377277466267e+00 3.836249999999999967e-15 3.836249999999999967e-16
8.176485572812330247e+03 4.216279377277466267e+00 3.713654999999999796e-15 3.713654999999999796e-16
8.180692966458569572e+03 4.216279377277466267e+00 3.808342000000000303e-15 3.808342000000000501e-16
8.184900360104809806e+03 4.216279377277466267e+00 3.762004999999999882e-15 3.762004999999999882e-16
8.189107753751050041e+03 4.216279377277466267e+00 3.758393000000000170e-15 3.758393000000000367e-16
8.193315147397290275e+03 4.216279377277466267e+00 3.772147000000000117e-15 3.772147000000000117e-16
8.197522541043530509e+03 4.216279377277466267e+00 3.797958000000000251e-15 3.797958000000000449e-16
8.201729934689770744e+03 4.216279377277466267e+00 3.820498999999999842e-15 3.820498999999999842e-16
8.205937328336009159e+03 4.216279377277466267e+00 3.802468999999999823e-15 3.802468999999999823e-16
8.210144721982249393e+03 4.216279377277466267e+00 3.779101000000000032e-15 3.779101000000000426e-16
8.214352115628489628e+03 4.216279377277466267e+00 3.703822999999999758e-15 3.703822999999999955e-16
8.218559509274729862e+03 4.216279377277466267e+00 3.668601000000000307e-15 3.668601000000000406e-16
8.222766902920970097e+03 4.216279377277466267e+00 3.713589999999999666e-15 3.713589999999999666e-16
8.226974296567210331e+03 4.216279377277466267e+00 3.707940999999999878e-15 3.707941000000000075e-16
8.231181690213450565e+03 4.216279377277466267e+00 3.746805999999999771e-15 3.746805999999999968e-16
8.235389083859690800e+03 4.216279377277466267e+00 3.792893000000000237e-15 3.792893000000000237e-16
8.239596477505929215e+03 4.216279377277466267e+00 3.805958000000000381e-15 3.805958000000000776e-16
8.243803871152169449e+03 4.216279377277466267e+00 3.718994000000000178e-15 3.718994000000000473e-16
8.248011264798409684e+03 4.216279377277466267e+00 3.755684000000000385e-15 3.755684000000000484e-16
8.252218658444649918e+03 4.216279377277466267e+00 3.708763000000000189e-15 3.708763000000000485e-16
8.256426052090890153e+03 4.216279377277466267e+00 3.645771999999999715e-15 3.645772000000000109e-16
8.260633445737130387e+03 4.216279377277466267e+00 3.668529999999999680e-15 3.668529999999999877e-16
8.264840839383370621e+03 4.216279377277466267e+00 3.641361000000000283e-15 3.641361000000000480e-16
8.269048233029610856e+03 4.216279377277466267e+00 3.667222999999999913e-15 3.667223000000000011e-16
8.273255626675849271e+03 4.216279377277466267e+00 3.731227000000000233e-15 3.731227000000000430e-16
8.277463020322089505e+03 4.216279377277466267e+00 3.702358999999999859e-15 3.702359000000000253e-16
8.281670413968329740e+03 4.216279377277466267e+00 3.698607000000000109e-15 3.698607000000000306e-16
8.285877807614569974e+03 4.216279377277466267e+00 3.748012000000000366e-15 3.748012000000000761e-16
8.290085201260810209e+03 4.216279377277466267e+00 3.698365000000000292e-15 3.698365000000000489e-16
8.294292594907050443e+03 4.216279377277466267e+00 3.677047999999999634e-15 3.677047999999999634e-16
8.298499988553290677e+03 4.216279377277466267e+00 3.671166999999999805e-15 3.671166999999999904e-16
8.302707382199529093e+03 4.216279377277466267e+00 3.611283000000000033e-15 3.611283000000000231e-16
8.306914775845769327e+03 4.216279377277466267e+00 3.600412000000000098e-15 3.600412000000000098e-16
8.311122169492009562e+03 4.216279377277466267e+00 3.573011999999999692e-15 3.573011999999999889e-16
8.315329563138249796e+03 4.216279377277466267e+00 3.570822000000000341e-15 3.570822000000000735e-16
8.319536956784490030e+03 4.216279377277466267e+00 3.616364000000000322e-15 3.616364000000000520e-16
8.323744350430730265e+03 4.216279377277466267e+00 3.616278000000000029e-15 3.616278000000000226e-16
8.327951744076970499e+03 4.216279377277466267e+00 3.615288999999999807e-15 3.615288999999999807e-16
8.332159137723210733e+03 4.216279377277466267e+00 3.660929000000000288e-15 3.660929000000000683e-16
8.336366531369449149e+03 4.216279377277466267e+00 3.635355000000000082e-15 3.635355000000000082e-16
8.340573925015689383e+03 4.216279377277466267e+00 3.599909999999999760e-15 3.599909999999999760e-16
8.344781318661929618e+03 4.216279377277466267e+00 3.555961000000000118e-15 3.555961000000000118e-16
8.348988712308169852e+03 4.216279377277466267e+00 3.518037999999999837e-15 3.518038000000000231e-16
8.353196105954410086e+03 4.216279377277466267e+00 3.573732000000000224e-15 3.573732000000000422e-16
8.357403499600650321e+03 4.216279377277466267e+00 3.497529000000000039e-15 3.497529000000000335e-16
8.361610893246890555e+03 4.216279377277466267e+00 3.464181999999999854e-15 3.464181999999999953e-16
8.365818286893130789e+03 4.216279377277466267e+00 3.591066000000000123e-15 3.591066000000000518e-16
8.370025680539369205e+03 4.216279377277466267e+00 3.517134999999999908e-15 3.517135000000000106e-16
8.374233074185609439e+03 4.216279377277466267e+00 3.592669000000000240e-15 3.592669000000000339e-16
8.378440467831849674e+03 4.216279377277466267e+00 3.517800000000000088e-15 3.517800000000000186e-16
8.382647861478089908e+03 4.216279377277466267e+00 3.500379000000000076e-15 3.500379000000000470e-16
8.386855255124330142e+03 4.216279377277466267e+00 3.479534000000000030e-15 3.479534000000000424e-16
8.391062648770570377e+03 4.216279377277466267e+00 3.524626000000000172e-15 3.524626000000000369e-16
8.395270042416810611e+03 4.216279377277466267e+00 3.499566999999999935e-15 3.499567000000000231e-16
8.399477436063050845e+03 4.216279377277466267e+00 3.491940999999999918e-15 3.491941000000000115e-16
8.403684829709289261e+03 4.216279377277466267e+00 3.459089000000000148e-15 3.459089000000000345e-16
8.407892223355529495e+03 4.216279377277466267e+00 3.489822999999999831e-15 3.489822999999999831e-16
8.412099617001769730e+03 4.216279377277466267e+00 3.531335999999999841e-15 3.531336000000000235e-16
8.416307010648009964e+03 4.216279377277466267e+00 3.525014999999999950e-15 3.525015000000000344e-16
8.420514404294250198e+03 4.216279377277466267e+00 3.463442000000000162e-15 3.463442000000000556e-16
8.424721797940490433e+03 4.216279377277466267e+00 3.463545000000000156e-15 3.463545000000000254e-16
8.428929191586730667e+03 4.216279377277466267e+00 3.352482000000000031e-15 3.352482000000000031e-16
8.433136585232970901e+03 4.216279377277466267e+00 3.388325999999999909e-15 3.388326000000000008e-16
8.437343978879209317e+03 4.216279377277466267e+00 3.394628000000000066e-15 3.394628000000000362e-16
8.441551372525449551e+03 4.216279377277466267e+00 3.412345999999999854e-15 3.412345999999999854e-16
8.445758766171689786e+03 4.216279377277466267e+00 3.410572999999999973e-15 3.410573000000000071e-16
8.449966159817930020e+03 4.216279377277466267e+00 3.415467999999999828e-15 3.415467999999999828e-16
8.454173553464170254e+03 4.216279377277466267e+00 3.439793999999999901e-15 3.439794000000000295e-16
8.458380947110410489e+03 4.216279377277466267e+00 3.407422000000000092e-15 3.407422000000000388e-16
8.462588340756650723e+03 4.216279377277466267e+00 3.461282999999999963e-15 3.461283000000000258e-16
8.466795734402889138e+03 4.216279377277466267e+00 3.437214000000000162e-15 3.437214000000000360e-16
8.471003128049129373e+03 4.216279377277466267e+00 3.317022000000000043e-15 3.317022000000000437e-16
8.475210521695369607e+03 4.216279377277466267e+00 3.355165999999999978e-15 3.355165999999999978e-16
8.479417915341609842e+03 4.216279377277466267e+00 3.378333000000000064e-15 3.378333000000000064e-16
8.483625308987850076e+03 4.216279377277466267e+00 3.370183000000000119e-15 3.370183000000000119e-16
8.487832702634090310e+03 4.216279377277466267e+00 3.496589000000000067e-15 3.496589000000000462e-16
8.492040096280330545e+03 4.216279377277466267e+00 3.507847000000000141e-15 3.507847000000000437e-16
8.496247489926570779e+03 4.216279377277466267e+00 3.471693000000000067e-15 3.471693000000000067e-16
8.500454883572809194e+03 4.216279377277466267e+00 3.500120999999999983e-15 3.500121000000000082e-16
8.504662277219049429e+03 4.216279377277466267e+00 3.410531999999999860e-15 3.410532000000000057e-16
8.508869670865289663e+03 4.216279377277466267e+00 3.389076999999999988e-15 3.389077000000000382e-16
8.513077064511529898e+03 4.216279377277466267e+00 3.437030000000000158e-15 3.437030000000000454e-16
8.517284458157770132e+03 4.216279377277466267e+00 3.437534999999999956e-15 3.437535000000000252e-16
8.521491851804010366e+03 4.216279377277466267e+00 3.299068999999999966e-15 3.299069000000000360e-16
8.525699245450250601e+03 4.216279377277466267e+00 3.281917000000000037e-15 3.281917000000000037e-16
8.529906639096490835e+03 4.216279377277466267e+00 3.227881999999999939e-15 3.227881999999999939e-16
8.534114032742729250e+03 4.216279377277466267e+00 3.259678999999999931e-15 3.259679000000000326e-16
8.538321426388969485e+03 4.216279377277466267e+00 3.282546999999999813e-15 3.282547000000000010e-16
8.542528820035209719e+03 4.216279377277466267e+00 3.293771000000000092e-15 3.293771000000000190e-16
8.546736213681449954e+03 4.216279377277466267e+00 3.374821000000000097e-15 3.374821000000000294e-16
8.550943607327690188e+03 4.216279377277466267e+00 3.376517000000000036e-15 3.376517000000000135e-16
8.555151000973930422e+03 4.216279377277466267e+00 3.369309000000000097e-15 3.369309000000000196e-16
8.559358394620170657e+03 4.216279377277466267e+00 3.283260000000000028e-15 3.283260000000000324e-16
8.563565788266410891e+03 4.216279377277466267e+00 3.246409999999999833e-15 3.246410000000000031e-16
8.567773181912649306e+03 4.216279377277466267e+00 3.201384000000000036e-15 3.201384000000000036e-16
8.571980575558889541e+03 4.216279377277466267e+00 3.216171999999999992e-15 3.216171999999999992e-16
8.576187969205129775e+03 4.216279377277466267e+00 3.179759000000000005e-15 3.179759000000000400e-16
8.580395362851370010e+03 4.216279377277466267e+00 3.208420999999999996e-15 3.208421000000000194e-16
8.584602756497610244e+03 4.216279377277466267e+00 3.238909000000000187e-15 3.238909000000000582e-16
8.588810150143850478e+03 4.216279377277466267e+00 3.308962999999999886e-15 3.308962999999999886e-16
8.593017543790090713e+03 4.216279377277466267e+00 3.375989999999999860e-15 3.375989999999999860e-16
8.597224937436329128e+03 4.216279377277466267e+00 3.381558000000000033e-15 3.381558000000000230e-16
8.601432331082569362e+03 4.216279377277466267e+00 3.277327999999999915e-15 3.277327999999999915e-16
8.605639724728809597e+03 4.216279377277466267e+00 3.216610999999999840e-15 3.216610999999999840e-16
8.609847118375049831e+03 4.216279377277466267e+00 3.134519999999999903e-15 3.134520000000000297e-16
8.614054512021290066e+03 4.216279377277466267e+00 3.145703999999999889e-15 3.145704000000000283e-16
8.618261905667530300e+03 4.216279377277466267e+00 3.161271999999999829e-15 3.161271999999999829e-16
8.622469299313770534e+03 4.216279377277466267e+00 3.109943000000000056e-15 3.109943000000000154e-16
8.626676692960010769e+03 4.216279377277466267e+00 3.195718999999999973e-15 3.195719000000000367e-16
8.630884086606249184e+03 4.216279377277466267e+00 3.235330999999999876e-15 3.235330999999999876e-16
8.635091480252489418e+03 4.216279377277466267e+00 3.271182999999999891e-15 3.271182999999999891e-16
8.639298873898729653e+03 4.216279377277466267e+00 3.304423999999999833e-15 3.304424000000000129e-16
8.643506267544969887e+03 4.216279377277466267e+00 3.295580000000000196e-15 3.295580000000000394e-16
8.647713661191210122e+03 4.216279377277466267e+00 3.281341000000000006e-15 3.281341000000000203e-16
8.651921054837450356e+03 4.216279377277466267e+00 3.221099999999999822e-15 3.221100000000000217e-16
8.656128448483690590e+03 4.216279377277466267e+00 3.179772000000000031e-15 3.179772000000000031e-16
8.660335842129930825e+03 4.216279377277466267e+00 3.139074000000000016e-15 3.139074000000000311e-16
8.664543235776169240e+03 4.216279377277466267e+00 3.075887999999999939e-15 3.075888000000000038e-16
8.668750629422409475e+03 4.216279377277466267e+00 3.050176000000000124e-15 3.050176000000000124e-16
8.672958023068649709e+03 4.216279377277466267e+00 3.118625999999999885e-15 3.118626000000000280e-16
8.677165416714889943e+03 4.216279377277466267e+00 3.174102999999999899e-15 3.174103000000000096e-16
8.681372810361130178e+03 4.216279377277466267e+00 3.141205000000000128e-15 3.141205000000000227e-16
8.685580204007370412e+03 4.216279377277466267e+00 3.149565000000000130e-15 3.149565000000000327e-16
8.689787597653610646e+03 4.216279377277466267e+00 3.130464000000000059e-15 3.130464000000000355e-16
8.693994991299850881e+03 4.216279377277466267e+00 3.088589999999999963e-15 3.088590000000000357e-16
8.698202384946089296e+03 4.216279377277466267e+00 3.117709999999999931e-15 3.117710000000000030e-16
8.702409778592329531e+03 4.216279377277466267e+00 3.060896999999999850e-15 3.060897000000000146e-16
8.706617172238569765e+03 4.216279377277466267e+00 3.097142999999999926e-15 3.097143000000000222e-16
8.710824565884809999e+03 4.216279377277466267e+00 3.243015000000000101e-15 3.243015000000000396e-16
8.715031959531050234e+03 4.216279377277466267e+00 3.257183000000000058e-15 3.257183000000000058e-16
8.719239353177290468e+03 4.216279377277466267e+00 3.252462999999999855e-15 3.252462999999999855e-16
8.723446746823530702e+03 4.216279377277466267e+00 3.194594999999999996e-15 3.194595000000000095e-16
8.727654140469769118e+03 4.216279377277466267e+00 3.080812000000000096e-15 3.080812000000000490e-16
8.731861534116009352e+03 4.216279377277466267e+00 3.163304000000000017e-15 3.163304000000000313e-16
8.736068927762249587e+03 4.216279377277466267e+00 3.046835999999999955e-15 3.046835999999999955e-16
8.740276321408489821e+03 4.216279377277466267e+00 3.002851000000000090e-15 3.002851000000000385e-16
8.744483715054730055e+03 4.216279377277466267e+00 3.029217999999999912e-15 3.029218000000000208e-16
8.748691108700970290e+03 4.216279377277466267e+00 2.987540999999999847e-15 2.987541000000000241e-16
8.752898502347210524e+03 4.216279377277466267e+00 3.073819000000000102e-15 3.073819000000000299e-16
8.757105895993450758e+03 4.216279377277466267e+00 3.067643999999999957e-15 3.067644000000000253e-16
8.761313289639689174e+03 4.216279377277466267e+00 3.070702999999999836e-15 3.070703000000000230e-16
8.765520683285929408e+03 4.216279377277466267e+00 3.036830000000000084e-15 3.036830000000000380e-16
8.769728076932169643e+03 4.216279377277466267e+00 3.028262000000000060e-15 3.028262000000000257e-16
8.773935470578409877e+03 4.216279377277466267e+00 3.061577000000000090e-15 3.061577000000000484e-16
8.778142864224650111e+03 4.216279377277466267e+00 3.110267999999999918e-15 3.110268000000000312e-16
8.782350257870890346e+03 4.216279377277466267e+00 3.009296999999999958e-15 3.009296999999999958e-16
8.786557651517130580e+03 4.216279377277466267e+00 2.930500000000000188e-15 2.930500000000000484e-16
8.790765045163370814e+03 4.216279377277466267e+00 3.024757000000000016e-15 3.024757000000000213e-16
8.794972438809609230e+03 4.216279377277466267e+00 3.098649999999999972e-15 3.098650000000000071e-16
8.799179832455849464e+03 4.216279377277466267e+00 3.148614000000000167e-15 3.148614000000000462e-16
8.803387226102089699e+03 4.216279377277466267e+00 3.170250000000000189e-15 3.170250000000000584e-16
8.807594619748329933e+03 4.216279377277466267e+00 3.100373000000000178e-15 3.100373000000000474e-16
8.811802013394570167e+03 4.216279377277466267e+00 3.041146000000000054e-15 3.041146000000000350e-16
8.816009407040810402e+03 4.216279377277466267e+00 3.014657999999999928e-15 3.014658000000000125e-16
8.820216800687050636e+03 4.216279377277466267e+00 2.970712000000000141e-15 2.970712000000000436e-16
8.824424194333290870e+03 4.216279377277466267e+00 2.950336000000000064e-15 2.950336000000000261e-16
8.828631587979529286e+03 4.216279377277466267e+00 2.907160000000000089e-15 2.907160000000000484e-16
8.832838981625769520e+03 4.216279377277466267e+00 2.886838000000000151e-15 2.886838000000000447e-16
8.837046375272009755e+03 4.216279377277466267e+00 2.916537999999999825e-15 2.916538000000000219e-16
8.841253768918249989e+03 4.216279377277466267e+00 2.857118000000000133e-15 2.857118000000000330e-16
8.845461162564490223e+03 4.216279377277466267e+00 2.934549000000000109e-15 2.934549000000000208e-16
8.849668556210730458e+03 4.216279377277466267e+00 2.977429000000000127e-15 2.977429000000000522e-16
8.853875949856970692e+03 4.216279377277466267e+00 2.919361999999999809e-15 2.919362000000000105e-16
8.858083343503209107e+03 4.216279377277466267e+00 3.032083000000000009e-15 3.032083000000000108e-16
8.862290737149449342e+03 4.216279377277466267e+00 2.870061000000000154e-15 2.870061000000000154e-16
8.866498130795689576e+03 4.216279377277466267e+00 2.903578000000000103e-15 2.903578000000000498e-16
8.870705524441929811e+03 4.216279377277466267e+00 2.938129000000000061e-15 2.938129000000000061e-16
8.874912918088170045e+03 4.216279377277466267e+00 2.821222000000000151e-15 2.821222000000000348e-16
8.879120311734410279e+03 4.216279377277466267e+00 2.962869999999999963e-15 2.962870000000000259e-16
8.883327705380650514e+03 4.216279377277466267e+00 2.870399999999999863e-15 2.870400000000000257e-16
8.887535099026890748e+03 4.216279377277466267e+00 2.865540999999999836e-15 2.865540999999999935e-16
8.891742492673129163e+03 4.216279377277466267e+00 2.912768999999999980e-15 2.912769000000000374e-16
8.895949886319369398e+03 4.216279377277466267e+00 2.938000000000000015e-15 2.938000000000000113e-16
8.900157279965609632e+03 4.216279377277466267e+00 2.931256999999999976e-15 2.931257000000000272e-16
8.904364673611849867e+03 4.216279377277466267e+00 3.000746000000000029e-15 3.000746000000000226e-16
8.908572067258090101e+03 4.216279377277466267e+00 3.072045000000000007e-15 3.072045000000000204e-16
8.912779460904330335e+03 4.216279377277466267e+00 3.061892999999999995e-15 3.061893000000000290e-16
8.916986854550570570e+03 4.216279377277466267e+00 3.035711999999999816e-15 3.035712000000000014e-16
8.921194248196810804e+03 4.216279377277466267e+00 2.927379999999999854e-15 2.927380000000000150e-16
8.925401641843049219e+03 4.216279377277466267e+00 2.830985999999999810e-15 2.830986000000000106e-16
8.929609035489289454e+03 4.216279377277466267e+00 2.811598000000000135e-15 2.811598000000000529e-16
8.933816429135529688e+03 4.216279377277466267e+00 2.834350999999999817e-15 2.834351000000000211e-16
8.938023822781769923e+03 4.216279377277466267e+00 2.883684000000000021e-15 2.883684000000000317e-16
8.942231216428010157e+03 4.216279377277466267e+00 2.856993999999999976e-15 2.856993999999999976e-16
8.946438610074250391e+03 4.216279377277466267e+00 2.801768999999999951e-15 2.801769000000000148e-16
8.950646003720490626e+03 4.216279377277466267e+00 2.893257999999999967e-15 2.893258000000000263e-16
8.954853397366730860e+03 4.216279377277466267e+00 2.907202999999999842e-15 2.907203000000000137e-16
8.959060791012969275e+03 4.216279377277466267e+00 2.861909999999999995e-15 2.861910000000000389e-16
8.963268184659209510e+03 4.216279377277466267e+00 2.882227000000000045e-15 2.882227000000000341e-16
8.967475578305449744e+03 4.216279377277466267e+00 2.760987000000000071e-15 2.760987000000000268e-16
8.971682971951689979e+03 4.216279377277466267e+00 2.789645999999999813e-15 2.789646000000000109e-16
8.975890365597930213e+03 4.216279377277466267e+00 2.849773999999999831e-15 2.849774000000000225e-16
8.980097759244170447e+03 4.216279377277466267e+00 2.798881000000000051e-15 2.798881000000000445e-16
8.984305152890410682e+03 4.216279377277466267e+00 2.782617999999999810e-15 2.782617999999999810e-16
8.988512546536649097e+03 4.216279377277466267e+00 2.757613999999999927e-15 2.757614000000000124e-16
8.992719940182889331e+03 4.216279377277466267e+00 2.799705999999999823e-15 2.799705999999999823e-16
8.996927333829129566e+03 4.216279377277466267e+00 2.858869999999999851e-15 2.858869999999999949e-16
9.001134727475369800e+03 4.216279377277466267e+00 2.852947000000000090e-15 2.852947000000000386e-16
9.005342121121610035e+03 4.216279377277466267e+00 2.861423000000000111e-15 2.861423000000000309e-16
9.009549514767850269e+03 4.216279377277466267e+00 2.865864999999999879e-15 2.865865000000000273e-16
9.013756908414090503e+03 4.216279377277466267e+00 2.821121000000000191e-15 2.821121000000000290e-16
9.017964302060330738e+03 4.216279377277466267e+00 2.835206000000000104e-15 2.835206000000000104e-16
9.022171695706569153e+03 4.216279377277466267e+00 2.760172000000000076e-15 2.760172000000000076e-16
9.026379089352809387e+03 4.216279377277466267e+00 2.752138000000000151e-15 2.752138000000000447e-16
9.030586482999049622e+03 4.216279377277466267e+00 2.763824999999999901e-15 2.763825000000000098e-16
9.034793876645289856e+03 4.216279377277466267e+00 2.690840999999999976e-15 2.690841000000000271e-16
9.039001270291530091e+03 4.216279377277466267e+00 2.756244000000000064e-15 2.756244000000000262e-16
9.043208663937770325e+03 4.216279377277466267e+00 2.744953000000000016e-15 2.744953000000000311e-16
9.047416057584010559e+03 4.216279377277466267e+00 2.725402000000000105e-15 2.725402000000000499e-16
9.051623451230250794e+03 4.216279377277466267e+00 2.786753999999999844e-15 2.786754000000000140e-16
9.055830844876489209e+03 4.216279377277466267e+00 2.883291999999999994e-15 2.883292000000000389e-16
9.060038238522729444e+03 4.216279377277466267e+00 2.886249000000000093e-15 2.886249000000000488e-16
9.064245632168969678e+03 4.216279377277466267e+00 3.051355999999999879e-15 3.051356000000000175e-16
9.068453025815209912e+03 4.216279377277466267e+00 3.018612999999999812e-15 3.018613000000000009e-16
9.072660419461450147e+03 4.216279377277466267e+00 2.845781999999999903e-15 2.845782000000000100e-16
9.076867813107690381e+03 4.216279377277466267e+00 2.871923000000000183e-15 2.871923000000000183e-16
9.081075206753930615e+03 4.216279377277466267e+00 2.777987000000000150e-15 2.777987000000000347e-16
9.085282600400170850e+03 4.216279377277466267e+00 2.708732000000000171e-15 2.708732000000000171e-16
9.089489994046409265e+03 4.216279377277466267e+00 2.734930000000000050e-15 2.734930000000000345e-16
9.093697387692649500e+03 4.216279377277466267e+00 2.703061000000000005e-15 2.703061000000000103e-16
9.097904781338889734e+03 4.216279377277466267e+00 2.756921999999999875e-15 2.756921999999999974e-16
9.102112174985129968e+03 4.216279377277466267e+00 2.758288000000000064e-15 2.758288000000000064e-16
9.106319568631370203e+03 4.216279377277466267e+00 2.710078999999999836e-15 2.710079000000000230e-16
9.110526962277610437e+03 4.216279377277466267e+00 2.802496000000000012e-15 2.802496000000000406e-16
9.114734355923850671e+03 4.216279377277466267e+00 2.782930000000000041e-15 2.782930000000000337e-16
9.118941749570090906e+03 4.216279377277466267e+00 2.746493000000000037e-15 2.746493000000000135e-16
9.123149143216329321e+03 4.216279377277466267e+00 2.837049000000000004e-15 2.837049000000000102e-16
9.127356536862569556e+03 4.216279377277466267e+00 2.826215999999999932e-15 2.826216000000000031e-16
9.131563930508809790e+03 4.216279377277466267e+00 2.693158999999999947e-15 2.693159000000000046e-16
9.135771324155050024e+03 4.216279377277466267e+00 2.679429000000000018e-15 2.679429000000000413e-16
9.139978717801290259e+03 4.216279377277466267e+00 2.689186000000000149e-15 2.689186000000000445e-16
9.144186111447530493e+03 4.216279377277466267e+00 2.718755999999999957e-15 2.718755999999999957e-16
9.148393505093770727e+03 4.216279377277466267e+00 2.699678999999999903e-15 2.699679000000000101e-16
9.152600898740009143e+03 4.216279377277466267e+00 2.638435999999999867e-15 2.638436000000000064e-16
9.156808292386249377e+03 4.216279377277466267e+00 2.698171000000000037e-15 2.698171000000000432e-16
9.161015686032489612e+03 4.216279377277466267e+00 2.709839000000000053e-15 2.709839000000000053e-16
9.165223079678729846e+03 4.216279377277466267e+00 2.690939999999999901e-15 2.690940000000000197e-16
9.169430473324970080e+03 4.216279377277466267e+00 2.771969000000000137e-15 2.771969000000000137e-16
9.173637866971210315e+03 4.216279377277466267e+00 2.707468000000000157e-15 2.707468000000000453e-16
9.177845260617450549e+03 4.216279377277466267e+00 2.698618000000000023e-15 2.698618000000000319e-16
9.182052654263690783e+03 4.216279377277466267e+00 2.732708999999999969e-15 2.732709000000000363e-16
9.186260047909929199e+03 4.216279377277466267e+00 2.656005000000000054e-15 2.656005000000000251e-16
9.190467441556169433e+03 4.216279377277466267e+00 2.531021000000000073e-15 2.531021000000000270e-16
9.194674835202409668e+03 4.216279377277466267e+00 2.610500999999999936e-15 2.610501000000000035e-16
9.198882228848649902e+03 4.216279377277466267e+00 2.564290000000000101e-15 2.564290000000000397e-16
9.203089622494890136e+03 4.216279377277466267e+00 2.549634999999999866e-15 2.549635000000000162e-16
9.207297016141130371e+03 4.216279377277466267e+00 2.584075999999999906e-15 2.584075999999999808e-16
9.211504409787370605e+03 4.216279377277466267e+00 2.552528000000000049e-15 2.552527999999999951e-16
9.215711803433610839e+03 4.216279377277466267e+00 2.571169000000000109e-15 2.571169000000000405e-16
9.219919197079849255e+03 4.216279377277466267e+00 2.602101999999999856e-15 2.602102000000000054e-16
9.224126590726089489e+03 4.216279377277466267e+00 2.701705999999999808e-15 2.701706000000000005e-16
9.228333984372329724e+03 4.216279377277466267e+00 2.692825000000000128e-15 2.692825000000000522e-16
9.232541378018569958e+03 4.216279377277466267e+00 2.595712999999999981e-15 2.595713000000000079e-16
9.236748771664810192e+03 4.216279377277466267e+00 2.662476000000000155e-15 2.662476000000000253e-16
9.240956165311050427e+03 4.216279377277466267e+00 2.649632999999999879e-15 2.649633000000000175e-16
9.245163558957290661e+03 4.216279377277466267e+00 2.552802000000000022e-15 2.552801999999999923e-16
9.249370952603530895e+03 4.216279377277466267e+00 2.634103000000000196e-15 2.634103000000000196e-16
9.253578346249769311e+03 4.216279377277466267e+00 2.663784000000000136e-15 2.663784000000000431e-16
9.257785739896009545e+03 4.216279377277466267e+00 2.630165999999999833e-15 2.630166000000000030e-16
9.261993133542249780e+03 4.216279377277466267e+00 2.726866999999999824e-15 2.726867000000000021e-16
9.266200527188490014e+03 4.216279377277466267e+00 2.738350999999999834e-15 2.738351000000000229e-16
9.270407920834730248e+03 4.216279377277466267e+00 2.836685999999999883e-15 2.836685999999999883e-16
9.274615314480970483e+03 4.216279377277466267e+00 2.988874999999999880e-15 2.988875000000000176e-16
9.278822708127210717e+03 4.216279377277466267e+00 2.998695999999999926e-15 2.998696000000000025e-16
9.283030101773449132e+03 4.216279377277466267e+00 3.021705000000000060e-15 3.021705000000000455e-16
9.287237495419689367e+03 4.216279377277466267e+00 2.934556999999999852e-15 2.934557000000000246e-16
9.291444889065929601e+03 4.216279377277466267e+00 2.730553000000000018e-15 2.730553000000000018e-16
9.295652282712169836e+03 4.216279377277466267e+00 2.636634000000000079e-15 2.636634000000000079e-16
9.299859676358410070e+03 4.216279377277466267e+00 2.684949000000000155e-15 2.684949000000000550e-16
9.304067070004650304e+03 4.216279377277466267e+00 2.661473999999999907e-15 2.661474000000000203e-16
9.308274463650890539e+03 4.216279377277466267e+00 2.614159000000000044e-15 2.614159000000000143e-16
9.312481857297130773e+03 4.216279377277466267e+00 2.489532000000000080e-15 2.489531999999999982e-16
9.316689250943369188e+03 4.216279377277466267e+00 2.471815000000000112e-15 2.471815000000000309e-16
9.320896644589609423e+03 4.216279377277466267e+00 2.632758999999999991e-15 2.632759000000000090e-16
9.325104038235849657e+03 4.216279377277466267e+00 2.742438000000000013e-15 2.742438000000000013e-16
9.329311431882089892e+03 4.216279377277466267e+00 2.688209000000000133e-15 2.688209000000000330e-16
9.333518825528330126e+03 4.216279377277466267e+00 2.759079999999999860e-15 2.759079999999999959e-16
9.337726219174570360e+03 4.216279377277466267e+00 2.612242999999999877e-15 2.612242999999999975e-16
9.341933612820810595e+03 4.216279377277466267e+00 2.544930999999999938e-15 2.544931000000000036e-16
9.346141006467050829e+03 4.216279377277466267e+00 2.561094000000000039e-15 2.561093999999999940e-16
9.350348400113289244e+03 4.216279377277466267e+00 2.656745999999999961e-15 2.656745999999999961e-16
9.354555793759529479e+03 4.216279377277466267e+00 2.756776000000000129e-15 2.756776000000000129e-16
9.358763187405769713e+03 4.216279377277466267e+00 2.637276000000000061e-15 2.637276000000000357e-16
9.362970581052009948e+03 4.216279377277466267e+00 2.744171999999999816e-15 2.744171999999999915e-16
9.367177974698250182e+03 4.216279377277466267e+00 2.742624000000000052e-15 2.742624000000000052e-16
9.371385368344490416e+03 4.216279377277466267e+00 2.705122000000000099e-15 2.705122000000000296e-16
9.375592761990730651e+03 4.216279377277466267e+00 2.784943000000000099e-15 2.784943000000000297e-16
9.379800155636970885e+03 4.216279377277466267e+00 2.711559000000000010e-15 2.711559000000000010e-16
9.384007549283209300e+03 4.216279377277466267e+00 2.538198999999999891e-15 2.538199000000000186e-16
9.388214942929449535e+03 4.216279377277466267e+00 2.554156999999999824e-15 2.554157000000000021e-16
9.392422336575689769e+03 4.216279377277466267e+00 2.554898999999999945e-15 2.554899000000000044e-16
9.396629730221930004e+03 4.216279377277466267e+00 2.489530000000000046e-15 2.489530000000000342e-16
9.400837123868170238e+03 4.216279377277466267e+00 2.477095000000000072e-15 2.477095000000000269e-16
9.405044517514410472e+03 4.216279377277466267e+00 2.471265000000000133e-15 2.471265000000000231e-16
9.409251911160650707e+03 4.216279377277466267e+00 2.445394000000000151e-15 2.445394000000000348e-16
9.413459304806889122e+03 4.216279377277466267e+00 2.576118000000000103e-15 2.576118000000000300e-16
9.417666698453129356e+03 4.216279377277466267e+00 2.457869000000000023e-15 2.457869000000000122e-16
9.421874092099369591e+03 4.216279377277466267e+00 2.481084999999999965e-15 2.481085000000000261e-16
9.426081485745609825e+03 4.216279377277466267e+00 2.570860999999999947e-15 2.570861000000000144e-16
9.430288879391850060e+03 4.216279377277466267e+00 2.338533000000000010e-15 2.338532999999999912e-16
9.434496273038090294e+03 4.216279377277466267e+00 2.445666000000000089e-15 2.445666000000000187e-16
9.438703666684330528e+03 4.216279377277466267e+00 2.487733000000000147e-15 2.487733000000000443e-16
9.442911060330570763e+03 4.216279377277466267e+00 2.434605000000000046e-15 2.434605000000000243e-16
9.447118453976809178e+03 4.216279377277466267e+00 2.557963999999999927e-15 2.557963999999999927e-16
9.451325847623049413e+03 4.216279377277466267e+00 2.467690000000000070e-15 2.467689999999999971e-16
9.455533241269289647e+03 4.216279377277466267e+00 2.434421999999999861e-15 2.434422000000000157e-16
9.459740634915529881e+03 4.216279377277466267e+00 2.551676999999999831e-15 2.551676999999999831e-16
9.463948028561770116e+03 4.216279377277466267e+00 2.583221999999999834e-15 2.583221999999999735e-16
9.468155422208010350e+03 4.216279377277466267e+00 2.633267000000000038e-15 2.633267000000000334e-16
9.472362815854250584e+03 4.216279377277466267e+00 2.606423999999999929e-15 2.606423999999999929e-16
9.476570209500490819e+03 4.216279377277466267e+00 2.475943000000000009e-15 2.475943000000000107e-16
9.480777603146729234e+03 4.216279377277466267e+00 2.492665999999999866e-15 2.492665999999999768e-16
9.484984996792969469e+03 4.216279377277466267e+00 2.471881000000000062e-15 2.471881000000000259e-16
9.489192390439209703e+03 4.216279377277466267e+00 2.391179999999999937e-15 2.391179999999999937e-16
9.493399784085449937e+03 4.216279377277466267e+00 2.409880999999999844e-15 2.409880999999999942e-16
9.497607177731690172e+03 4.216279377277466267e+00 2.294049999999999875e-15 2.294049999999999776e-16
9.501814571377930406e+03 4.216279377277466267e+00 2.317151000000000011e-15 2.317150999999999913e-16
9.506021965024170640e+03 4.216279377277466267e+00 2.426365999999999953e-15 2.426366000000000051e-16
9.510229358670410875e+03 4.216279377277466267e+00 2.467162000000000074e-15 2.467162000000000369e-16
9.514436752316649290e+03 4.216279377277466267e+00 2.427789999999999954e-15 2.427790000000000052e-16
9.518644145962889525e+03 4.216279377277466267e+00 2.449953000000000152e-15 2.449953000000000448e-16
9.522851539609129759e+03 4.216279377277466267e+00 2.287481999999999883e-15 2.287481999999999982e-16
9.527058933255369993e+03 4.216279377277466267e+00 2.491263000000000029e-15 2.491262999999999930e-16
9.531266326901610228e+03 4.216279377277466267e+00 2.505490000000000013e-15 2.505490000000000309e-16
9.535473720547850462e+03 4.216279377277466267e+00 2.430374000000000155e-15 2.430374000000000254e-16
9.539681114194090696e+03 4.216279377277466267e+00 2.434653999999999901e-15 2.434653999999999803e-16
9.543888507840329112e+03 4.216279377277466267e+00 2.332228999999999819e-15 2.332228999999999918e-16
9.548095901486569346e+03 4.216279377277466267e+00 2.340055000000000117e-15 2.340055000000000018e-16
9.552303295132809581e+03 4.216279377277466267e+00 2.506248999999999835e-15 2.506248999999999736e-16
9.556510688779049815e+03 4.216279377277466267e+00 2.355141999999999882e-15 2.355141999999999882e-16
9.560718082425290049e+03 4.216279377277466267e+00 2.358567000000000130e-15 2.358567000000000032e-16
9.564925476071530284e+03 4.216279377277466267e+00 2.356144000000000130e-15 2.356144000000000426e-16
9.569132869717770518e+03 4.216279377277466267e+00 2.397879999999999829e-15 2.397880000000000124e-16
9.573340263364010752e+03 4.216279377277466267e+00 2.564240999999999851e-15 2.564240999999999851e-16
9.577547657010249168e+03 4.216279377277466267e+00 2.519265999999999944e-15 2.519266000000000042e-16
9.581755050656489402e+03 4.216279377277466267e+00 2.382076999999999994e-15 2.382076999999999994e-16
9.585962444302729637e+03 4.216279377277466267e+00 2.465210000000000077e-15 2.465210000000000274e-16
9.590169837948969871e+03 4.216279377277466267e+00 2.550214000000000146e-15 2.550214000000000442e-16
9.594377231595210105e+03 4.216279377277466267e+00 2.699406000000000145e-15 2.699406000000000441e-16
9.598584625241450340e+03 4.216279377277466267e+00 2.878469000000000192e-15 2.878469000000000487e-16
9.602792018887690574e+03 4.216279377277466267e+00 2.824232999999999994e-15 2.824233000000000093e-16
9.606999412533930808e+03 4.216279377277466267e+00 2.625584000000000028e-15 2.625584000000000126e-16
9.611206806180169224e+03 4.216279377277466267e+00 2.469756999999999872e-15 2.469757000000000069e-16
9.615414199826409458e+03 4.216279377277466267e+00 2.412522999999999858e-15 2.412523000000000055e-16
9.619621593472649693e+03 4.216279377277466267e+00 2.428854999999999903e-15 2.428855000000000100e-16
9.623828987118889927e+03 4.216279377277466267e+00 2.460011000000000128e-15 2.460011000000000029e-16
9.628036380765130161e+03 4.216279377277466267e+00 2.414443000000000094e-15 2.414442999999999995e-16
9.632243774411370396e+03 4.216279377277466267e+00 2.448724999999999968e-15 2.448725000000000165e-16
9.636451168057610630e+03 4.216279377277466267e+00 2.249280999999999955e-15 2.249280999999999857e-16
9.640658561703850864e+03 4.216279377277466267e+00 2.206067000000000117e-15 2.206067000000000265e-16
9.644865955350089280e+03 4.216279377277466267e+00 2.450797999999999873e-15 2.450798000000000169e-16
9.649073348996329514e+03 4.216279377277466267e+00 2.260151999999999891e-15 2.260151999999999990e-16
9.653280742642569749e+03 4.216279377277466267e+00 2.166167000000000002e-15 2.166167000000000100e-16
9.657488136288809983e+03 4.216279377277466267e+00 2.372470999999999892e-15 2.372470999999999892e-16
9.661695529935050217e+03 4.216279377277466267e+00 2.121507000000000179e-15 2.121507000000000278e-16
9.665902923581290452e+03 4.216279377277466267e+00 2.374128000000000148e-15 2.374128000000000345e-16
9.670110317227530686e+03 4.216279377277466267e+00 2.396148999999999880e-15 2.396149000000000176e-16
9.674317710873769101e+03 4.216279377277466267e+00 2.287198000000000134e-15 2.287198000000000331e-16
9.678525104520009336e+03 4.216279377277466267e+00 2.232720000000000119e-15 2.232720000000000119e-16
9.682732498166249570e+03 4.216279377277466267e+00 2.265418000000000005e-15 2.265418000000000005e-16
9.686939891812489805e+03 4.216279377277466267e+00 2.296757000000000019e-15 2.296757000000000019e-16
9.691147285458730039e+03 4.216279377277466267e+00 2.279927999999999919e-15 2.279928000000000215e-16
9.695354679104970273e+03 4.216279377277466267e+00 2.105534000000000186e-15 2.105534000000000186e-16
9.699562072751210508e+03 4.216279377277466267e+00 2.213146000000000010e-15 2.213146000000000010e-16
9.703769466397450742e+03 4.216279377277466267e+00 2.204970000000000013e-15 2.204970000000000062e-16
9.707976860043689157e+03 4.216279377277466267e+00 2.180941000000000111e-15 2.180941000000000111e-16
9.712184253689929392e+03 4.216279377277466267e+00 2.244550000000000155e-15 2.244550000000000155e-16
9.716391647336169626e+03 4.216279377277466267e+00 2.292934000000000036e-15 2.292934000000000036e-16
9.720599040982409861e+03 4.216279377277466267e+00 2.269589000000000048e-15 2.269588999999999949e-16
9.724806434628650095e+03 4.216279377277466267e+00 2.201493999999999875e-15 2.201493999999999974e-16
9.729013828274890329e+03 4.216279377277466267e+00 2.111851999999999828e-15 2.111851999999999877e-16
9.733221221921130564e+03 4.216279377277466267e+00 2.187754000000000169e-15 2.187754000000000169e-16
9.737428615567370798e+03 4.216279377277466267e+00 2.265744000000000081e-15 2.265743999999999983e-16
9.741636009213609213e+03 4.216279377277466267e+00 2.078527000000000021e-15 2.078527000000000218e-16
9.745843402859849448e+03 4.216279377277466267e+00 2.102435999999999834e-15 2.102435999999999834e-16
9.750050796506089682e+03 4.216279377277466267e+00 2.269567999999999885e-15 2.269567999999999786e-16
9.754258190152329917e+03 4.216279377277466267e+00 2.166013999999999938e-15 2.166014000000000036e-16
9.758465583798570151e+03 4.216279377277466267e+00 2.212848000000000020e-15 2.212848000000000168e-16
9.762672977444810385e+03 4.216279377277466267e+00 2.353563999999999998e-15 2.353563999999999998e-16
9.766880371091050620e+03 4.216279377277466267e+00 2.218951000000000111e-15 2.218951000000000111e-16
9.771087764737290854e+03 4.216279377277466267e+00 2.346921999999999918e-15 2.346922000000000214e-16
9.775295158383529269e+03 4.216279377277466267e+00 2.338316000000000031e-15 2.338316000000000031e-16
9.779502552029769504e+03 4.216279377277466267e+00 2.193860000000000115e-15 2.193860000000000312e-16
9.783709945676009738e+03 4.216279377277466267e+00 2.314309999999999932e-15 2.314310000000000129e-16
9.787917339322249973e+03 4.216279377277466267e+00 2.189135999999999843e-15 2.189135999999999843e-16
9.792124732968490207e+03 4.216279377277466267e+00 2.278514000000000090e-15 2.278514000000000385e-16
9.796332126614730441e+03 4.216279377277466267e+00 2.284534000000000136e-15 2.284534000000000235e-16
9.800539520260970676e+03 4.216279377277466267e+00 2.148820000000000077e-15 2.148820000000000126e-16
9.804746913907209091e+03 4.216279377277466267e+00 2.251738000000000145e-15 2.251738000000000244e-16
9.808954307553449325e+03 4.216279377277466267e+00 2.221865000000000064e-15 2.221865000000000064e-16
9.813161701199689560e+03 4.216279377277466267e+00 2.109754999999999905e-15 2.109755000000000003e-16
9.817369094845929794e+03 4.216279377277466267e+00 2.351239000000000103e-15 2.351239000000000004e-16
9.821576488492170029e+03 4.216279377277466267e+00 2.263937000000000011e-15 2.263936999999999912e-16
9.825783882138410263e+03 4.216279377277466267e+00 2.125554000000000065e-15 2.125554000000000115e-16
9.829991275784650497e+03 4.216279377277466267e+00 2.206836999999999931e-15 2.206836999999999931e-16
9.834198669430890732e+03 4.216279377277466267e+00 2.154157999999999849e-15 2.154157999999999997e-16
9.838406063077129147e+03 4.216279377277466267e+00 2.204816000000000129e-15 2.204816000000000179e-16
9.842613456723369382e+03 4.216279377277466267e+00 2.162208999999999869e-15 2.162209000000000017e-16
9.846820850369609616e+03 4.216279377277466267e+00 2.090828999999999881e-15 2.090829000000000078e-16
9.851028244015849850e+03 4.216279377277466267e+00 2.251298000000000083e-15 2.251298000000000083e-16
9.855235637662090085e+03 4.216279377277466267e+00 2.178095000000000143e-15 2.178095000000000242e-16
9.859443031308330319e+03 4.216279377277466267e+00 2.140044000000000031e-15 2.140044000000000228e-16
9.863650424954570553e+03 4.216279377277466267e+00 2.259476000000000114e-15 2.259476000000000410e-16
9.867857818600810788e+03 4.216279377277466267e+00 2.140902999999999992e-15 2.140903000000000140e-16
9.872065212247049203e+03 4.216279377277466267e+00 2.148000000000000194e-15 2.148000000000000342e-16
9.876272605893289438e+03 4.216279377277466267e+00 2.183180999999999927e-15 2.183181000000000124e-16
9.880479999539529672e+03 4.216279377277466267e+00 2.078682999999999939e-15 2.078682999999999989e-16
9.884687393185769906e+03 4.216279377277466267e+00 2.142714999999999951e-15 2.142715000000000050e-16
9.888894786832010141e+03 4.216279377277466267e+00 2.244873999999999803e-15 2.244874000000000000e-16
9.893102180478250375e+03 4.216279377277466267e+00 1.925389000000000095e-15 1.925389000000000194e-16
9.897309574124490609e+03 4.216279377277466267e+00 2.161391000000000020e-15 2.161391000000000119e-16
9.901516967770730844e+03 4.216279377277466267e+00 2.060354000000000110e-15 2.060354000000000307e-16
9.905724361416969259e+03 4.216279377277466267e+00 1.998743000000000064e-15 1.998743000000000212e-16
9.909931755063209494e+03 4.216279377277466267e+00 2.243295999999999918e-15 2.243296000000000116e-16
9.914139148709449728e+03 4.216279377277466267e+00 2.066320000000000018e-15 2.066320000000000018e-16
9.918346542355689962e+03 4.216279377277466267e+00 2.100575999999999840e-15 2.100575999999999938e-16
9.922553936001930197e+03 4.216279377277466267e+00 2.122625000000000053e-15 2.122625000000000151e-16
9.926761329648170431e+03 4.216279377277466267e+00 1.992089999999999993e-15 1.992090000000000191e-16
9.930968723294410665e+03 4.216279377277466267e+00 2.176628999999999815e-15 2.176628999999999914e-16
9.935176116940650900e+03 4.216279377277466267e+00 2.107804999999999942e-15 2.107805000000000041e-16
9.939383510586889315e+03 4.216279377277466267e+00 1.891386999999999903e-15 1.891386999999999903e-16
9.943590904233129550e+03 4.216279377277466267e+00 2.087226000000000126e-15 2.087226000000000175e-16
9.947798297879369784e+03 4.216279377277466267e+00 2.182849999999999961e-15 2.182850000000000060e-16
9.952005691525610018e+03 4.216279377277466267e+00 2.156393000000000171e-15 2.156393000000000171e-16
9.956213085171850253e+03 4.216279377277466267e+00 2.328547000000000088e-15 2.328547000000000187e-16
9.960420478818090487e+03 4.216279377277466267e+00 2.183638000000000084e-15 2.183638000000000182e-16
9.964627872464330721e+03 4.216279377277466267e+00 2.025606999999999942e-15 2.025607000000000041e-16
9.968835266110569137e+03 4.216279377277466267e+00 2.132021999999999917e-15 2.132021999999999917e-16
9.973042659756809371e+03 4.216279377277466267e+00 1.926408000000000043e-15 1.926408000000000142e-16
9.977250053403049606e+03 4.216279377277466267e+00 1.910154000000000154e-15 1.910154000000000352e-16
9.981457447049289840e+03 4.216279377277466267e+00 2.133399999999999917e-15 2.133400000000000065e-16
9.985664840695530074e+03 4.216279377277466267e+00 1.960621000000000112e-15 1.960621000000000162e-16
9.989872234341770309e+03 4.216279377277466267e+00 1.968515000000000000e-15 1.968515000000000098e-16
