3704.000000 8.618628e-16
3705.470000 8.685443e-16
3706.940000 8.364854e-16
3708.410000 5.818209e-16
3709.880000 8.010255e-16
3711.350000 7.066977e-16
3712.820000 5.369131e-16
3714.290000 1.177574e-15
3715.760000 8.759967e-16
3717.230000 4.485906e-16
3718.700000 5.004610e-16
3720.170000 1.259911e-15
3721.640000 3.471666e-16
3723.110000 6.742065e-16
3724.580000 8.010488e-16
3726.050000 1.052114e-15
3727.520000 8.680056e-16
3728.990000 7.616470e-16
3730.460000 8.144110e-16
3731.930000 1.013419e-15
3733.400000 5.060026e-16
3734.870000 8.899642e-16
3736.340000 3.990712e-16
3737.810000 2.031857e-16
3739.280000 7.949772e-16
3740.750000 2.852996e-16
3742.220000 5.184003e-16
3743.690000 1.082189e-15
3745.160000 9.402036e-16
3746.630000 1.061094e-15
3748.100000 5.164892e-16
3749.570000 1.070203e-17
3751.040000 7.756271e-16
3752.510000 1.240615e-15
3753.980000 3.068635e-16
3756.920000 5.670212e-17
3758.390000 4.341394e-16
3759.860000 6.916968e-16
3761.330000 7.574993e-16
3762.800000 5.282626e-16
3764.270000 6.982090e-16
3765.740000 1.105701e-15
3767.210000 6.319513e-16
3768.680000 6.666658e-16
3770.150000 9.285984e-17
3771.620000 7.517757e-16
3773.090000 7.279992e-16
3774.560000 6.839217e-16
3776.030000 8.927311e-16
3777.500000 4.606735e-16
3778.970000 1.422086e-16
3780.440000 4.177844e-16
3781.910000 6.115169e-16
3783.380000 6.211292e-16
3784.850000 6.192361e-16
3786.320000 7.896988e-16
3787.790000 5.158315e-16
3789.260000 1.010916e-15
3790.730000 1.188997e-15
3792.200000 8.659031e-16
3793.670000 7.228416e-16
3795.140000 5.921264e-16
3796.610000 1.097666e-15
3798.080000 4.313011e-16
3799.550000 4.232930e-16
3801.020000 4.026807e-16
3802.490000 5.524207e-16
3803.960000 7.393272e-16
3805.430000 9.710519e-16
3806.900000 1.092717e-15
3808.370000 6.076024e-16
3809.840000 3.611296e-16
3811.310000 8.202386e-16
3812.780000 8.444127e-16
3814.250000 7.677961e-16
3815.720000 6.164869e-16
3817.190000 4.733982e-16
3818.660000 5.450436e-16
3820.130000 9.852151e-16
3821.600000 1.033514e-15
3823.070000 4.803531e-16
3824.540000 5.887219e-16
3826.010000 7.723597e-16
3827.480000 5.562715e-16
3828.950000 5.514823e-16
3830.420000 8.550982e-16
3831.890000 8.921915e-16
3833.360000 8.799384e-16
3834.830000 9.766676e-16
3836.300000 9.817334e-16
3837.770000 8.115689e-16
3839.240000 5.301442e-16
3840.710000 1.807376e-16
3842.180000 6.866652e-16
3843.650000 8.728240e-16
3845.120000 7.022386e-16
3846.590000 6.093462e-16
3848.060000 9.070076e-16
3849.530000 9.640315e-16
3851.000000 1.128785e-15
3852.470000 1.035504e-15
3853.940000 1.056577e-15
3855.410000 9.120153e-16
3856.880000 6.331564e-16
3858.350000 9.544894e-16
3859.820000 1.115370e-15
3861.290000 9.185966e-16
3862.760000 1.268818e-15
3864.230000 8.323731e-16
3865.700000 5.379583e-16
3867.170000 9.086492e-16
3868.640000 9.889388e-16
3870.110000 1.347911e-15
3871.580000 9.684557e-16
3873.050000 1.221089e-15
3874.520000 1.203543e-15
3875.990000 8.817413e-16
3877.460000 1.075490e-15
3878.930000 1.389941e-15
3880.400000 1.224344e-15
3881.870000 8.213443e-16
3883.340000 8.341081e-16
3884.810000 9.616098e-16
3886.280000 1.202831e-15
3887.750000 1.149094e-15
3889.220000 1.232741e-15
3890.690000 1.076633e-15
3892.160000 9.195246e-16
3893.630000 9.773772e-16
3895.100000 8.644867e-16
3896.570000 9.661249e-16
3898.040000 8.390373e-16
3899.510000 1.013869e-15
3900.980000 1.033440e-15
3902.450000 1.062257e-15
3903.920000 1.514639e-15
3905.390000 1.348440e-15
3906.860000 1.215103e-15
3908.330000 1.240979e-15
3909.800000 1.364313e-15
3911.270000 1.591502e-15
3912.740000 1.460574e-15
3914.210000 1.282684e-15
3915.680000 1.355146e-15
3917.150000 1.215893e-15
3918.620000 1.190493e-15
3920.090000 1.167505e-15
3921.560000 1.090543e-15
3923.030000 1.024843e-15
3924.500000 9.380163e-16
3925.970000 7.389420e-16
3927.440000 1.011395e-15
3928.910000 1.255498e-15
3930.380000 1.325902e-15
3931.850000 1.421473e-15
3933.320000 1.415118e-15
3934.790000 1.123590e-15
3936.260000 1.316860e-15
3937.730000 1.420427e-15
3939.200000 9.977778e-16
3940.670000 1.092886e-15
3942.140000 1.126827e-15
3943.610000 1.420704e-15
3945.080000 1.273620e-15
3946.550000 1.183032e-15
3948.020000 1.305168e-15
3949.490000 1.189780e-15
3950.960000 1.189054e-15
3952.430000 1.232851e-15
3953.900000 1.353710e-15
3955.370000 1.656627e-15
3956.840000 1.452049e-15
3958.310000 1.477485e-15
3959.780000 1.601721e-15
3961.250000 1.653315e-15
3962.720000 1.582612e-15
3964.190000 1.323257e-15
3965.660000 1.364227e-15
3967.130000 1.351125e-15
3968.600000 1.219300e-15
3970.070000 1.198791e-15
3971.540000 8.907672e-16
3973.010000 3.733317e-16
3974.480000 4.410632e-16
3975.950000 9.623997e-16
3977.420000 1.013000e-15
3978.890000 1.203762e-15
3980.360000 1.368924e-15
3981.830000 1.118312e-15
3983.300000 1.123320e-15
3984.770000 1.452525e-15
3986.240000 1.592305e-15
3987.710000 1.312320e-15
3989.180000 1.165538e-15
3990.650000 1.238859e-15
3992.120000 1.439935e-15
3993.590000 1.523322e-15
3995.060000 1.754148e-15
3996.530000 1.826958e-15
3998.000000 1.690332e-15
3999.470000 1.525290e-15
4000.940000 1.632874e-15
4002.410000 1.625371e-15
4003.880000 1.388048e-15
4005.350000 1.603597e-15
4006.820000 1.513995e-15
4008.290000 1.442516e-15
4009.760000 1.572965e-15
4011.230000 1.395852e-15
4012.700000 1.035598e-15
4014.170000 1.345185e-15
4015.640000 1.672711e-15
4017.110000 1.623688e-15
4018.580000 1.789233e-15
4020.050000 1.707620e-15
4021.520000 1.137704e-15
4022.990000 1.002364e-15
4024.460000 1.656622e-15
4025.930000 1.592962e-15
4027.400000 1.272768e-15
4028.870000 1.696099e-15
4030.340000 1.673693e-15
4031.810000 1.442091e-15
4033.280000 1.453119e-15
4034.750000 1.278953e-15
4036.220000 1.351050e-15
4037.690000 1.441300e-15
4039.160000 1.524668e-15
4040.630000 1.645163e-15
4042.100000 1.439200e-15
4043.570000 1.083032e-15
4045.040000 1.396996e-15
4046.510000 1.459861e-15
4047.980000 1.319597e-15
4049.450000 1.608096e-15
4050.920000 1.726421e-15
4052.390000 1.700240e-15
4053.860000 1.831821e-15
4055.330000 1.606822e-15
4056.800000 1.691689e-15
4058.270000 1.715993e-15
4059.740000 1.405758e-15
4061.210000 1.199500e-15
4062.680000 9.916338e-16
4064.150000 1.190173e-15
4065.620000 1.227256e-15
4067.090000 1.305665e-15
4068.560000 1.553456e-15
4070.030000 1.633220e-15
4071.500000 1.627425e-15
4072.970000 1.453743e-15
4074.440000 1.280301e-15
4075.910000 1.318895e-15
4077.380000 1.472816e-15
4078.850000 1.471732e-15
4080.320000 1.213245e-15
4081.790000 1.093100e-15
4083.260000 1.314083e-15
4084.730000 1.417276e-15
4086.200000 1.290197e-15
4087.670000 1.270667e-15
4089.140000 1.428880e-15
4090.610000 1.532141e-15
4092.080000 1.429759e-15
4093.550000 1.351317e-15
4095.020000 1.311285e-15
4096.490000 1.378564e-15
4097.960000 1.397030e-15
4099.430000 1.257308e-15
4100.900000 1.150882e-15
4102.370000 1.135045e-15
4103.840000 1.259813e-15
4105.310000 1.302680e-15
4106.780000 1.076520e-15
4108.250000 1.186880e-15
4109.720000 1.451974e-15
4111.190000 1.280517e-15
4112.660000 9.421653e-16
4114.130000 7.654361e-16
4115.600000 8.614560e-16
4117.070000 1.215024e-15
4118.540000 1.582427e-15
4120.010000 1.318670e-15
4121.480000 1.129624e-15
4122.950000 1.264433e-15
4124.420000 1.244327e-15
4125.890000 9.751150e-16
4127.360000 8.548070e-16
4128.830000 1.248131e-15
4130.300000 1.461728e-15
4131.770000 1.250356e-15
4133.240000 1.032469e-15
4134.710000 1.041236e-15
4136.180000 1.238286e-15
4137.650000 1.162108e-15
4139.120000 1.017217e-15
4140.590000 1.270684e-15
4142.060000 1.497278e-15
4143.530000 1.285020e-15
4145.000000 1.020463e-15
4146.470000 1.220201e-15
4147.940000 1.304145e-15
4149.410000 1.064604e-15
4150.880000 9.276844e-16
4152.350000 1.083946e-15
4153.820000 1.348961e-15
4155.290000 1.359895e-15
4156.760000 1.381341e-15
4158.230000 1.331194e-15
4159.700000 1.207789e-15
4161.170000 1.131001e-15
4162.640000 1.220788e-15
4164.110000 1.301305e-15
4165.580000 1.264965e-15
4167.050000 1.276556e-15
4168.520000 1.178557e-15
4169.990000 1.263498e-15
4171.460000 1.351876e-15
4172.930000 1.305867e-15
4174.400000 1.171284e-15
4175.870000 1.025799e-15
4177.340000 1.090569e-15
4178.810000 1.118181e-15
4180.280000 1.250209e-15
4181.750000 1.337954e-15
4183.220000 1.459239e-15
4184.690000 1.419396e-15
4186.160000 1.305953e-15
4187.630000 1.245429e-15
4189.100000 9.840945e-16
4190.570000 8.235611e-16
4192.040000 1.020606e-15
4193.510000 1.143116e-15
4194.980000 9.492287e-16
4196.450000 8.379312e-16
4197.920000 1.016502e-15
4199.390000 1.188817e-15
4200.860000 1.210365e-15
4202.330000 1.157664e-15
4203.800000 1.132577e-15
4205.270000 1.221583e-15
4206.740000 1.396791e-15
4208.210000 1.283271e-15
4209.680000 1.109423e-15
4211.150000 1.153604e-15
4212.620000 1.248043e-15
4214.090000 1.088561e-15
4215.560000 1.061497e-15
4217.030000 1.270335e-15
4218.500000 1.406912e-15
4219.970000 1.370741e-15
4221.440000 1.360629e-15
4222.910000 1.397334e-15
4224.380000 1.114980e-15
4225.850000 1.150436e-15
4227.320000 1.480795e-15
4228.790000 1.604024e-15
4230.260000 1.457637e-15
4231.730000 1.370650e-15
4233.200000 1.272494e-15
4234.670000 1.193946e-15
4236.140000 1.291188e-15
4237.610000 1.397103e-15
4239.080000 1.323154e-15
4240.550000 1.031986e-15
4242.020000 9.352337e-16
4243.490000 1.176314e-15
4244.960000 1.452215e-15
4246.430000 1.346633e-15
4247.900000 1.118990e-15
4249.370000 1.330696e-15
4250.840000 1.558943e-15
4252.310000 1.493419e-15
4253.780000 1.506432e-15
4255.250000 1.512822e-15
4256.720000 1.370813e-15
4258.190000 1.139246e-15
4259.660000 1.247581e-15
4261.130000 1.303808e-15
4262.600000 1.328788e-15
4264.070000 1.362884e-15
4265.540000 1.223033e-15
4267.010000 1.320953e-15
4268.480000 1.418652e-15
4269.950000 1.454766e-15
4271.420000 1.315963e-15
4272.890000 1.233040e-15
4274.360000 1.380272e-15
4275.830000 1.449028e-15
4277.300000 1.217230e-15
4278.770000 1.082052e-15
4280.240000 1.242653e-15
4281.710000 1.222713e-15
4283.180000 1.258525e-15
4284.650000 1.211233e-15
4286.120000 1.119515e-15
4287.590000 1.298371e-15
4289.060000 1.409355e-15
4290.530000 1.416511e-15
4292.000000 1.506716e-15
4293.470000 1.406243e-15
4294.940000 1.464889e-15
4296.410000 1.632113e-15
4297.880000 1.394824e-15
4299.350000 1.377259e-15
4300.820000 1.529221e-15
4302.290000 1.084852e-15
4303.760000 1.079271e-15
4305.230000 1.340296e-15
4306.700000 1.367668e-15
4308.170000 1.142547e-15
4309.640000 1.008945e-15
4311.110000 1.160433e-15
4312.580000 1.110472e-15
4314.050000 1.013136e-15
4315.520000 1.189278e-15
4316.990000 1.263675e-15
4318.460000 1.089833e-15
4319.930000 1.072694e-15
4321.400000 1.094817e-15
4322.870000 1.214632e-15
4324.340000 1.283818e-15
4325.810000 1.203762e-15
4327.280000 1.146360e-15
4328.750000 1.174611e-15
4330.220000 1.375934e-15
4331.690000 1.416880e-15
4333.160000 1.370795e-15
4334.630000 1.233662e-15
4336.100000 9.748936e-16
4337.570000 1.070822e-15
4339.040000 9.375785e-16
4340.510000 8.335810e-16
4341.980000 8.355704e-16
4343.450000 1.037455e-15
4344.920000 1.173515e-15
4346.390000 1.013329e-15
4347.860000 1.006757e-15
4349.330000 1.184736e-15
4350.800000 1.217087e-15
4352.270000 1.184232e-15
4353.740000 1.218980e-15
4355.210000 1.348247e-15
4356.680000 1.336065e-15
4358.150000 1.234691e-15
4359.620000 1.107161e-15
4361.090000 1.221951e-15
4362.560000 1.345621e-15
4364.030000 1.151465e-15
4365.500000 1.285727e-15
4366.970000 1.219049e-15
4368.440000 1.416358e-15
4369.910000 1.298067e-15
4371.380000 9.973593e-16
4372.850000 1.209486e-15
4374.320000 1.407032e-15
4375.790000 1.333449e-15
4377.260000 1.370286e-15
4378.730000 1.321060e-15
4380.200000 1.221958e-15
4381.670000 1.161367e-15
4383.140000 1.043506e-15
4384.610000 1.182761e-15
4386.080000 1.279669e-15
4387.550000 1.137191e-15
4389.020000 9.216625e-16
4390.490000 9.421416e-16
4391.960000 1.196117e-15
4393.430000 1.292076e-15
4394.900000 1.204344e-15
4396.370000 1.213968e-15
4397.840000 1.472320e-15
4399.310000 1.366718e-15
4400.780000 1.197787e-15
4402.250000 1.208784e-15
4403.720000 1.219782e-15
4405.190000 1.230779e-15
4406.660000 1.241776e-15
4408.130000 1.252773e-15
4409.600000 1.263770e-15
4411.070000 1.274767e-15
4412.540000 1.285764e-15
4414.010000 1.296761e-15
4415.480000 1.296761e-15
4416.950000 9.800103e-16
4418.420000 1.110667e-15
4419.890000 1.188593e-15
4421.360000 1.350699e-15
4422.830000 1.415085e-15
4424.300000 1.056430e-15
4425.770000 1.237076e-15
4427.240000 1.313378e-15
4428.710000 1.339528e-15
4430.180000 1.217800e-15
4431.650000 1.139617e-15
4433.120000 1.155393e-15
4434.590000 1.206356e-15
4436.060000 1.381758e-15
4437.530000 1.413203e-15
4439.000000 1.073142e-15
4440.470000 1.141812e-15
4441.940000 1.392640e-15
4443.410000 1.349908e-15
4444.880000 1.324020e-15
4446.350000 1.542936e-15
4447.820000 1.380293e-15
4449.290000 1.337142e-15
4450.760000 1.360796e-15
4452.230000 1.207259e-15
4453.700000 1.159846e-15
4455.170000 1.330756e-15
4456.640000 1.268167e-15
4458.110000 1.223845e-15
4459.580000 1.237037e-15
4461.050000 1.129209e-15
4462.520000 1.376647e-15
4463.990000 1.357564e-15
4465.460000 1.276143e-15
4466.930000 1.444658e-15
4468.400000 1.346769e-15
4469.870000 1.269047e-15
4471.340000 1.484229e-15
4472.810000 1.389252e-15
4474.280000 1.340074e-15
4475.750000 1.397155e-15
4477.220000 1.564339e-15
4478.690000 1.518353e-15
4480.160000 1.648267e-15
4481.630000 1.587333e-15
4483.100000 1.510737e-15
4484.570000 1.525555e-15
4486.040000 1.330587e-15
4487.510000 1.318115e-15
4488.980000 1.490424e-15
4490.450000 1.808998e-15
4491.920000 1.769347e-15
4493.390000 1.571725e-15
4494.860000 1.724312e-15
4496.330000 1.546336e-15
4497.800000 1.455596e-15
4499.270000 1.661828e-15
4500.740000 1.650819e-15
4502.210000 1.463092e-15
4503.680000 1.574344e-15
4505.150000 1.742037e-15
4506.620000 1.704385e-15
4508.090000 1.554355e-15
4509.560000 1.491626e-15
4511.030000 1.676501e-15
4512.500000 1.719073e-15
4513.970000 1.817490e-15
4515.440000 1.737083e-15
4516.910000 1.663950e-15
4518.380000 1.504825e-15
4519.850000 1.592480e-15
4521.320000 1.803582e-15
4522.790000 1.768282e-15
4524.260000 1.832719e-15
4525.730000 1.903329e-15
4527.200000 1.755839e-15
4528.670000 1.749602e-15
4530.140000 1.861498e-15
4531.610000 1.925196e-15
4533.080000 1.870480e-15
4534.550000 1.836744e-15
4536.020000 1.812577e-15
4537.490000 1.758803e-15
4538.960000 1.978059e-15
4540.430000 1.831881e-15
4541.900000 1.689661e-15
4543.370000 1.898910e-15
4544.840000 2.000131e-15
4546.310000 2.000472e-15
4547.780000 1.914339e-15
4549.250000 2.015591e-15
4550.720000 1.980094e-15
4552.190000 1.765185e-15
4553.660000 1.859308e-15
4555.130000 1.906824e-15
4556.600000 2.058620e-15
4558.070000 1.821548e-15
4559.540000 1.785794e-15
4561.010000 2.140683e-15
4562.480000 2.118853e-15
4563.950000 1.860546e-15
4565.420000 2.049770e-15
4566.890000 2.115160e-15
4568.360000 2.119410e-15
4569.830000 2.032929e-15
4571.300000 2.111870e-15
4572.770000 2.108258e-15
4574.240000 1.978337e-15
4575.710000 2.021251e-15
4577.180000 2.212856e-15
4578.650000 2.228758e-15
4580.120000 2.012614e-15
4581.590000 2.061341e-15
4583.060000 2.220532e-15
4584.530000 2.085231e-15
4586.000000 1.882734e-15
4587.470000 1.898619e-15
4588.940000 2.114826e-15
4590.410000 1.877253e-15
4591.880000 1.905829e-15
4593.350000 2.026273e-15
4594.820000 1.805675e-15
4596.290000 1.905542e-15
4597.760000 1.884247e-15
4599.230000 1.998068e-15
4600.700000 2.019033e-15
4602.170000 2.183193e-15
4603.640000 2.228915e-15
4605.110000 1.926856e-15
4606.580000 2.069572e-15
4608.050000 2.149542e-15
4609.520000 2.116549e-15
4610.990000 1.928342e-15
4612.460000 2.109734e-15
4613.930000 2.108672e-15
4615.400000 2.008819e-15
4616.870000 1.939238e-15
4618.340000 2.038159e-15
4619.810000 2.086214e-15
4621.280000 2.155585e-15
4622.750000 2.110131e-15
4624.220000 2.119978e-15
4625.690000 2.128057e-15
4627.160000 2.141361e-15
4628.630000 1.883891e-15
4630.100000 1.919089e-15
4631.570000 2.147287e-15
4633.040000 2.194250e-15
4634.510000 2.060910e-15
4635.980000 2.112176e-15
4637.450000 2.159729e-15
4638.920000 1.919926e-15
4640.390000 1.873364e-15
4641.860000 2.182064e-15
4643.330000 2.033011e-15
4644.800000 1.967608e-15
4646.270000 1.789694e-15
4647.740000 1.966372e-15
4649.210000 2.066691e-15
4650.680000 1.878749e-15
4652.150000 2.034936e-15
4653.620000 2.048951e-15
4655.090000 2.217999e-15
4656.560000 1.879424e-15
4658.030000 2.006363e-15
4659.500000 2.089846e-15
4660.970000 1.935347e-15
4662.440000 1.793022e-15
4663.910000 2.041022e-15
4665.380000 1.867577e-15
4666.850000 1.878448e-15
4668.320000 1.754616e-15
4669.790000 1.719782e-15
4671.260000 1.666554e-15
4672.730000 1.881302e-15
4674.200000 1.705388e-15
4675.670000 1.768350e-15
4677.140000 1.973648e-15
4678.610000 1.753680e-15
4680.080000 1.705052e-15
4681.550000 1.994586e-15
4683.020000 1.682273e-15
4684.490000 1.652370e-15
4685.960000 1.728864e-15
4687.430000 1.731647e-15
4688.900000 1.806446e-15
4690.370000 1.736528e-15
4691.840000 1.853851e-15
4693.310000 1.778213e-15
4694.780000 1.726397e-15
4696.250000 1.672932e-15
4697.720000 1.689672e-15
4699.190000 1.669035e-15
4700.660000 1.798207e-15
4702.130000 1.600916e-15
4703.600000 1.585957e-15
4705.070000 1.659052e-15
4706.540000 1.810092e-15
4708.010000 1.649664e-15
4709.480000 1.618611e-15
4710.950000 1.729443e-15
4712.420000 1.689472e-15
4713.890000 1.668496e-15
4715.360000 1.641427e-15
4716.830000 1.657537e-15
4718.300000 1.638068e-15
4719.770000 1.531445e-15
4721.240000 1.610447e-15
4722.710000 1.876314e-15
4724.180000 1.807478e-15
4725.650000 1.528743e-15
4727.120000 1.640192e-15
4728.590000 1.859268e-15
4730.060000 1.696281e-15
4731.530000 1.651393e-15
4733.000000 1.652166e-15
4734.470000 1.627315e-15
4735.940000 1.556556e-15
4737.410000 1.437725e-15
4738.880000 1.602224e-15
4740.350000 1.695348e-15
4741.820000 1.641522e-15
4743.290000 1.600275e-15
4744.760000 1.437622e-15
4746.230000 1.493727e-15
4747.700000 1.592865e-15
4749.170000 1.452233e-15
4750.640000 1.444764e-15
4752.110000 1.590210e-15
4753.580000 1.523815e-15
4755.050000 1.445168e-15
4756.520000 1.577302e-15
4757.990000 1.382412e-15
4759.460000 1.350235e-15
4760.930000 1.480630e-15
4762.400000 1.503687e-15
4763.870000 1.612708e-15
4765.340000 1.609786e-15
4766.810000 1.568365e-15
4768.280000 1.523456e-15
4769.750000 1.310669e-15
4771.220000 1.153446e-15
4772.690000 1.187050e-15
4774.160000 1.395312e-15
4775.630000 1.361855e-15
4777.100000 1.400985e-15
4778.570000 1.549053e-15
4780.040000 1.515551e-15
4781.510000 1.504331e-15
4782.980000 1.426813e-15
4784.450000 1.495111e-15
4785.920000 1.482362e-15
4787.390000 1.443759e-15
4788.860000 1.420614e-15
4790.330000 1.389656e-15
4791.800000 1.372248e-15
4793.270000 1.268861e-15
4794.740000 1.317388e-15
4796.210000 1.359138e-15
4797.680000 1.370300e-15
4799.150000 1.458746e-15
4800.620000 1.474681e-15
4802.090000 1.431545e-15
4803.560000 1.461040e-15
4805.030000 1.429462e-15
4806.500000 1.347459e-15
4807.970000 1.382688e-15
4809.440000 1.374101e-15
4810.910000 1.276755e-15
4812.380000 1.112873e-15
4813.850000 1.132750e-15
4815.320000 1.324161e-15
4816.790000 1.373775e-15
4818.260000 1.249929e-15
4819.730000 1.354443e-15
4821.200000 1.534918e-15
4822.670000 1.330898e-15
4824.140000 1.264479e-15
4825.610000 1.246804e-15
4827.080000 1.230977e-15
4828.550000 1.291011e-15
4830.020000 1.329457e-15
4831.490000 1.381441e-15
4832.960000 1.428966e-15
4834.430000 1.458393e-15
4835.900000 1.386197e-15
4837.370000 1.535742e-15
4838.840000 1.558991e-15
4840.310000 1.413938e-15
4841.780000 1.346390e-15
4843.250000 1.482299e-15
4844.720000 1.493928e-15
4846.190000 1.405994e-15
4847.660000 1.407108e-15
4849.130000 1.337748e-15
4850.600000 1.191969e-15
4852.070000 1.299773e-15
4853.540000 1.496784e-15
4855.010000 1.519224e-15
4856.480000 1.424233e-15
4857.950000 1.406821e-15
4859.420000 1.422636e-15
4860.890000 1.352914e-15
4862.360000 1.273176e-15
4863.830000 1.379554e-15
4865.300000 1.508923e-15
4866.770000 1.533156e-15
4868.240000 1.643174e-15
4869.710000 1.534586e-15
4871.180000 1.414306e-15
4872.650000 1.170247e-15
4874.120000 1.250892e-15
4875.590000 1.336670e-15
4877.060000 1.297049e-15
4878.530000 1.178025e-15
4880.000000 1.204288e-15
4881.470000 1.304224e-15
4882.940000 1.258287e-15
4884.410000 1.346237e-15
4885.880000 1.321134e-15
4887.350000 1.297955e-15
4888.820000 1.488585e-15
4890.290000 1.402267e-15
4891.760000 1.427943e-15
4893.230000 1.489048e-15
4894.700000 1.466074e-15
4896.170000 1.440549e-15
4897.640000 1.504896e-15
4899.110000 1.459061e-15
4900.580000 1.415395e-15
4902.050000 1.530861e-15
4903.520000 1.588512e-15
4904.990000 1.559562e-15
4906.460000 1.547599e-15
4907.930000 1.506487e-15
4909.400000 1.544040e-15
4910.870000 1.620353e-15
4912.340000 1.685404e-15
4913.810000 1.718725e-15
4915.280000 1.527577e-15
4916.750000 1.461900e-15
4918.220000 1.487134e-15
4919.690000 1.523164e-15
4921.160000 1.638106e-15
4922.630000 1.647333e-15
4924.100000 1.598781e-15
4925.570000 1.608014e-15
4927.040000 1.690581e-15
4928.510000 1.642562e-15
4929.980000 1.604587e-15
4931.450000 1.678018e-15
4932.920000 1.739483e-15
4934.390000 1.731214e-15
4935.860000 1.771765e-15
4937.330000 1.803708e-15
4938.800000 1.761247e-15
4940.270000 1.650974e-15
4941.740000 1.678027e-15
4943.210000 1.786487e-15
4944.680000 1.623962e-15
4946.150000 1.510826e-15
4947.620000 1.598553e-15
4949.090000 1.653583e-15
4950.560000 1.742620e-15
4952.030000 1.768708e-15
4953.500000 1.778821e-15
4954.970000 1.840755e-15
4956.440000 1.817875e-15
4957.910000 1.616594e-15
4959.380000 1.712188e-15
4960.850000 1.819192e-15
4962.320000 1.727212e-15
4963.790000 1.648201e-15
4965.260000 1.712973e-15
4966.730000 1.674045e-15
4968.200000 1.801702e-15
4969.670000 1.886449e-15
4971.140000 1.817901e-15
4972.610000 1.824205e-15
4974.080000 1.737317e-15
4975.550000 1.591340e-15
4977.020000 1.643707e-15
4978.490000 1.686354e-15
4979.960000 1.582394e-15
4981.430000 1.560756e-15
4982.900000 1.667821e-15
4984.370000 1.598516e-15
4985.840000 1.523853e-15
4987.310000 1.567483e-15
4988.780000 1.585058e-15
4990.250000 1.419324e-15
4991.720000 1.348777e-15
4993.190000 1.483140e-15
4994.660000 1.586206e-15
4996.130000 1.439266e-15
4997.600000 1.333198e-15
4999.070000 1.491541e-15
5000.540000 1.558837e-15
5002.010000 1.469942e-15
5003.480000 1.533813e-15
5004.950000 1.557137e-15
5006.420000 1.557925e-15
5007.890000 1.364838e-15
5009.360000 1.259967e-15
5010.830000 1.384821e-15
5012.300000 1.524336e-15
5013.770000 1.491339e-15
5015.240000 1.354456e-15
5016.710000 1.267088e-15
5018.180000 1.301626e-15
5019.650000 1.376502e-15
5021.120000 1.393932e-15
5022.590000 1.331531e-15
5024.060000 1.241796e-15
5025.530000 1.314853e-15
5027.000000 1.262383e-15
5028.470000 1.299045e-15
5029.940000 1.268505e-15
5031.410000 1.181520e-15
5032.880000 1.276163e-15
5034.350000 1.318249e-15
5035.820000 1.224488e-15
5037.290000 1.292536e-15
5038.760000 1.323731e-15
5040.230000 1.236559e-15
5041.700000 1.234580e-15
5043.170000 1.341353e-15
5044.640000 1.269810e-15
5046.110000 1.177314e-15
5047.580000 1.265610e-15
5049.050000 1.263046e-15
5050.520000 1.322768e-15
5051.990000 1.266421e-15
5053.460000 1.369241e-15
5054.930000 1.446246e-15
5056.400000 1.450602e-15
5057.870000 1.325357e-15
5059.340000 1.242719e-15
5060.810000 1.296465e-15
5062.280000 1.328872e-15
5063.750000 1.471177e-15
5065.220000 1.577906e-15
5066.690000 1.487427e-15
5068.160000 1.364011e-15
5069.630000 1.274487e-15
5071.100000 1.399860e-15
5072.570000 1.445008e-15
5074.040000 1.413698e-15
5075.510000 1.423995e-15
5076.980000 1.392639e-15
5078.450000 1.455123e-15
5079.920000 1.485646e-15
5081.390000 1.474387e-15
5082.860000 1.472889e-15
5084.330000 1.430588e-15
5085.800000 1.328458e-15
5087.270000 1.398046e-15
5088.740000 1.460365e-15
5090.210000 1.427054e-15
5091.680000 1.470105e-15
5093.150000 1.487387e-15
5094.620000 1.395582e-15
5096.090000 1.434729e-15
5097.560000 1.473301e-15
5099.030000 1.495215e-15
5100.500000 1.573632e-15
5101.970000 1.555205e-15
5103.440000 1.473320e-15
5104.910000 1.491399e-15
5106.380000 1.568575e-15
5107.850000 1.612855e-15
5109.320000 1.510832e-15
5110.790000 1.490051e-15
5112.260000 1.586327e-15
5113.730000 1.601750e-15
5115.200000 1.519503e-15
5116.670000 1.508526e-15
5118.140000 1.539070e-15
5119.610000 1.550117e-15
5121.080000 1.532933e-15
5122.550000 1.530988e-15
5124.020000 1.595635e-15
5125.490000 1.664669e-15
5126.960000 1.672216e-15
5128.430000 1.654202e-15
5129.900000 1.540027e-15
5131.370000 1.415766e-15
5132.840000 1.469245e-15
5134.310000 1.596621e-15
5135.780000 1.596078e-15
5137.250000 1.490144e-15
5138.720000 1.529724e-15
5140.190000 1.663384e-15
5141.660000 1.723438e-15
5143.130000 1.704770e-15
5144.600000 1.556577e-15
5146.070000 1.486014e-15
5147.540000 1.511355e-15
5149.010000 1.544676e-15
5150.480000 1.628094e-15
5151.950000 1.571672e-15
5153.420000 1.521330e-15
5154.890000 1.568053e-15
5156.360000 1.584754e-15
5157.830000 1.611283e-15
5159.300000 1.668803e-15
5160.770000 1.667525e-15
5162.240000 1.654077e-15
5163.710000 1.677277e-15
5165.180000 1.669561e-15
5166.650000 1.589538e-15
5168.120000 1.567379e-15
5169.590000 1.644985e-15
5171.060000 1.699575e-15
5172.530000 1.645662e-15
5174.000000 1.599337e-15
5175.470000 1.595941e-15
5176.940000 1.610116e-15
5178.410000 1.581415e-15
5179.880000 1.503886e-15
5181.350000 1.547400e-15
5182.820000 1.584532e-15
5184.290000 1.582528e-15
5185.760000 1.733302e-15
5187.230000 1.801610e-15
5188.700000 1.699866e-15
5190.170000 1.652421e-15
5191.640000 1.692881e-15
5193.110000 1.736857e-15
5194.580000 1.800580e-15
5196.050000 1.842079e-15
5197.520000 1.791023e-15
5198.990000 1.755533e-15
5200.460000 1.688060e-15
5201.930000 1.662323e-15
5203.400000 1.769577e-15
5204.870000 1.828328e-15
5206.340000 1.781544e-15
5207.810000 1.795206e-15
5209.280000 1.830539e-15
5210.750000 1.787883e-15
5212.220000 1.736631e-15
5213.690000 1.776010e-15
5215.160000 1.814368e-15
5216.630000 1.900592e-15
5218.100000 1.912752e-15
5219.570000 1.838898e-15
5221.040000 1.790942e-15
5222.510000 1.834996e-15
5223.980000 1.908197e-15
5225.450000 1.849369e-15
5226.920000 1.825325e-15
5228.390000 1.829576e-15
5229.860000 1.781408e-15
5231.330000 1.740493e-15
5232.800000 1.759227e-15
5234.270000 1.817652e-15
5235.740000 1.943515e-15
5237.210000 1.994639e-15
5238.680000 1.848450e-15
5240.150000 1.765207e-15
5241.620000 1.857707e-15
5243.090000 1.900873e-15
5244.560000 1.813689e-15
5246.030000 1.819159e-15
5247.500000 1.922726e-15
5248.970000 1.905571e-15
5250.440000 1.837785e-15
5251.910000 1.904661e-15
5253.380000 1.912375e-15
5254.850000 1.847892e-15
5256.320000 1.892841e-15
5257.790000 1.922200e-15
5259.260000 1.850780e-15
5260.730000 1.775453e-15
5262.200000 1.849507e-15
5263.670000 1.989813e-15
5265.140000 2.037219e-15
5266.610000 1.954965e-15
5268.080000 1.894281e-15
5269.550000 1.927808e-15
5271.020000 1.926080e-15
5272.490000 1.940565e-15
5273.960000 1.990792e-15
5275.430000 1.928625e-15
5276.900000 1.861948e-15
5278.370000 1.908957e-15
5279.840000 1.964377e-15
5281.310000 1.892614e-15
5282.780000 1.873508e-15
5284.250000 1.979702e-15
5285.720000 1.988358e-15
5287.190000 1.965342e-15
5288.660000 2.085882e-15
5290.130000 2.118944e-15
5291.600000 2.104866e-15
5293.070000 2.090789e-15
5294.540000 2.076712e-15
5296.010000 2.062634e-15
5297.480000 2.048557e-15
5298.950000 2.034479e-15
5300.420000 2.020402e-15
5301.890000 2.006324e-15
5303.360000 2.006324e-15
5304.830000 1.941601e-15
5306.300000 1.922241e-15
5307.770000 1.921833e-15
5309.240000 1.943309e-15
5310.710000 1.928638e-15
5312.180000 1.913426e-15
5313.650000 1.986291e-15
5315.120000 2.036671e-15
5316.590000 2.060339e-15
5318.060000 2.037706e-15
5319.530000 1.943199e-15
5321.000000 1.966526e-15
5322.470000 2.075461e-15
5323.940000 2.082589e-15
5325.410000 1.983012e-15
5326.880000 1.976203e-15
5328.350000 2.023614e-15
5329.820000 2.017707e-15
5331.290000 2.012686e-15
5332.760000 2.002655e-15
5334.230000 2.102179e-15
5335.700000 2.197229e-15
5337.170000 2.107360e-15
5338.640000 2.069906e-15
5340.110000 2.141684e-15
5341.580000 2.144275e-15
5343.050000 2.078369e-15
5344.520000 1.983613e-15
5345.990000 1.981475e-15
5347.460000 2.021717e-15
5348.930000 1.981047e-15
5350.400000 1.913814e-15
5351.870000 1.978093e-15
5353.340000 2.096232e-15
5354.810000 2.055731e-15
5356.280000 2.019144e-15
5357.750000 2.029405e-15
5359.220000 2.003787e-15
5360.690000 2.010924e-15
5362.160000 1.993588e-15
5363.630000 1.972168e-15
5365.100000 1.995287e-15
5366.570000 1.964447e-15
5368.040000 1.977730e-15
5369.510000 1.955977e-15
5370.980000 1.927039e-15
5372.450000 1.951091e-15
5373.920000 1.907240e-15
5375.390000 1.888247e-15
5376.860000 1.868920e-15
5378.330000 1.904087e-15
5379.800000 1.930641e-15
5381.270000 1.880385e-15
5382.740000 1.946540e-15
5384.210000 1.948176e-15
5385.680000 1.862668e-15
5387.150000 1.801842e-15
5388.620000 1.900802e-15
5390.090000 1.977811e-15
5391.560000 1.946333e-15
5393.030000 1.977727e-15
5394.500000 2.012621e-15
5395.970000 1.931877e-15
5397.440000 1.862949e-15
5398.910000 1.932819e-15
5400.380000 1.987927e-15
5401.850000 1.934988e-15
5403.320000 1.830914e-15
5404.790000 1.865907e-15
5406.260000 1.837310e-15
5407.730000 1.740280e-15
5409.200000 1.757572e-15
5410.670000 1.766339e-15
5412.140000 1.824914e-15
5413.610000 1.876008e-15
5415.080000 1.704008e-15
5416.550000 1.703340e-15
5418.020000 1.751389e-15
5419.490000 1.822559e-15
5420.960000 1.942207e-15
5422.430000 1.848825e-15
5423.900000 1.787524e-15
5425.370000 1.839309e-15
5426.840000 1.888848e-15
5428.310000 1.925782e-15
5429.780000 1.860674e-15
5431.250000 1.888246e-15
5432.720000 2.018417e-15
5434.190000 1.962947e-15
5435.660000 1.766094e-15
5437.130000 1.789714e-15
5438.600000 1.929327e-15
5440.070000 1.918983e-15
5441.540000 1.920908e-15
5443.010000 1.935651e-15
5444.480000 1.849010e-15
5445.950000 1.901555e-15
5447.420000 1.991874e-15
5448.890000 1.992858e-15
5450.360000 1.989591e-15
5451.830000 2.072604e-15
5453.300000 2.028033e-15
5454.770000 1.968419e-15
5456.240000 1.932177e-15
5457.710000 1.927244e-15
5459.180000 2.033417e-15
5460.650000 1.983136e-15
5462.120000 1.959610e-15
5463.590000 1.883521e-15
5465.060000 1.940987e-15
5466.530000 2.091865e-15
5468.000000 2.144964e-15
5469.470000 2.093628e-15
5470.940000 2.057928e-15
5472.410000 2.015503e-15
5473.880000 2.000652e-15
5475.350000 1.982660e-15
5476.820000 1.961859e-15
5478.290000 2.043252e-15
5479.760000 1.967291e-15
5481.230000 1.945836e-15
5482.700000 2.052557e-15
5484.170000 1.995535e-15
5485.640000 1.971008e-15
5487.110000 2.033102e-15
5488.580000 2.026313e-15
5490.050000 2.005664e-15
5491.520000 1.929846e-15
5492.990000 1.937602e-15
5494.460000 1.936250e-15
5495.930000 1.945652e-15
5497.400000 1.894408e-15
5498.870000 1.909601e-15
5500.340000 1.957048e-15
5501.810000 1.939350e-15
5503.280000 1.954897e-15
5504.750000 1.863626e-15
5506.220000 1.892431e-15
5507.690000 1.951480e-15
5509.160000 1.864160e-15
5510.630000 1.666135e-15
5512.100000 1.764059e-15
5513.570000 1.831716e-15
5515.040000 1.693213e-15
5516.510000 1.668293e-15
5517.980000 1.798741e-15
5519.450000 1.740235e-15
5520.920000 1.691845e-15
5522.390000 1.753897e-15
5523.860000 1.679079e-15
5525.330000 1.624916e-15
5526.800000 1.642121e-15
5528.270000 1.663307e-15
5529.740000 1.652634e-15
5531.210000 1.711483e-15
5532.680000 1.655168e-15
5534.150000 1.564962e-15
5535.620000 1.544706e-15
5537.090000 1.643626e-15
5538.560000 1.645933e-15
5540.030000 1.628474e-15
5541.500000 1.554123e-15
5542.970000 1.404325e-15
5544.440000 1.409050e-15
5545.910000 1.437568e-15
5547.380000 1.489919e-15
5548.850000 1.467143e-15
5550.320000 1.490144e-15
5551.790000 1.448116e-15
5553.260000 1.362346e-15
5554.730000 1.368526e-15
5556.200000 1.444086e-15
5557.670000 1.439482e-15
5559.140000 1.279373e-15
5560.610000 1.246639e-15
5562.080000 1.308622e-15
5563.550000 1.435677e-15
5565.020000 1.251756e-15
5566.490000 1.338963e-15
5567.960000 1.342937e-15
5569.430000 1.295190e-15
5570.900000 1.198080e-15
5572.370000 1.276312e-15
5573.840000 1.188610e-15
5575.310000 1.199836e-15
5576.780000 1.364142e-15
5578.250000 1.360335e-15
5579.720000 1.231292e-15
5581.190000 1.123542e-15
5582.660000 1.216789e-15
5584.130000 1.211630e-15
5585.600000 1.208831e-15
5587.070000 1.197391e-15
5588.540000 1.181887e-15
5590.010000 1.201024e-15
5591.480000 1.262293e-15
5592.950000 1.150224e-15
5594.420000 1.107876e-15
5595.890000 1.067542e-15
5597.360000 1.030914e-15
5598.830000 1.036622e-15
5600.300000 1.015125e-15
5601.770000 1.060998e-15
5603.240000 1.085686e-15
5604.710000 1.038692e-15
5606.180000 9.757083e-16
5607.650000 9.415221e-16
5609.120000 1.055739e-15
5610.590000 1.124208e-15
5612.060000 1.003839e-15
5613.530000 1.000538e-15
5615.000000 1.029203e-15
5616.470000 1.013196e-15
5617.940000 9.538928e-16
5619.410000 1.061356e-15
5620.880000 9.078760e-16
5622.350000 9.314668e-16
5623.820000 9.562311e-16
5625.290000 8.559878e-16
5626.760000 8.536148e-16
5628.230000 8.731337e-16
5629.700000 8.771543e-16
5631.170000 9.065084e-16
5632.640000 9.324627e-16
5634.110000 9.403934e-16
5635.580000 8.642031e-16
5637.050000 8.520564e-16
5638.520000 8.080438e-16
5639.990000 9.045010e-16
5641.460000 9.821309e-16
5642.930000 8.469776e-16
5644.400000 8.374466e-16
5645.870000 9.027653e-16
5647.340000 8.640009e-16
5648.810000 9.151053e-16
5650.280000 8.993955e-16
5651.750000 7.135282e-16
5653.220000 7.629077e-16
5654.690000 8.622331e-16
5656.160000 7.828070e-16
5657.630000 8.277558e-16
5659.100000 8.549655e-16
5660.570000 8.504163e-16
5662.040000 8.424321e-16
5663.510000 8.279886e-16
5664.980000 9.238052e-16
5666.450000 9.093020e-16
5667.920000 7.786317e-16
5669.390000 8.199114e-16
5670.860000 8.380924e-16
5672.330000 8.069947e-16
5673.800000 8.408791e-16
5675.270000 8.445103e-16
5676.740000 8.428347e-16
5678.210000 8.209631e-16
5679.680000 8.352040e-16
5681.150000 9.013783e-16
5682.620000 8.851866e-16
5684.090000 8.727595e-16
5685.560000 8.978677e-16
5687.030000 9.455197e-16
5688.500000 9.007544e-16
5689.970000 8.537223e-16
5691.440000 9.364856e-16
5692.910000 9.448397e-16
5694.380000 9.229624e-16
5695.850000 8.860529e-16
5697.320000 8.718510e-16
5698.790000 8.677189e-16
5700.260000 8.534039e-16
5701.730000 8.637536e-16
5703.200000 8.719240e-16
5704.670000 8.709429e-16
5706.140000 7.946980e-16
5707.610000 9.042206e-16
5709.080000 9.898994e-16
5710.550000 9.323364e-16
5712.020000 8.917109e-16
5713.490000 8.973819e-16
5714.960000 9.299533e-16
5716.430000 9.744117e-16
5717.900000 1.065818e-15
5719.370000 9.918429e-16
5720.840000 9.650136e-16
5722.310000 9.319074e-16
5723.780000 9.359054e-16
5725.250000 9.208049e-16
5726.720000 1.001660e-15
5728.190000 1.037461e-15
5729.660000 9.512866e-16
5731.130000 8.670643e-16
5732.600000 9.000834e-16
5734.070000 1.003273e-15
5735.540000 1.033788e-15
5737.010000 1.010284e-15
5738.480000 1.087348e-15
5739.950000 1.012551e-15
5741.420000 9.824347e-16
5742.890000 1.088113e-15
5744.360000 1.081765e-15
5745.830000 1.033067e-15
5747.300000 1.052890e-15
5748.770000 1.136592e-15
5750.240000 1.095652e-15
5751.710000 1.241278e-15
5753.180000 1.202420e-15
5754.650000 1.149503e-15
5756.120000 1.212295e-15
5757.590000 1.127797e-15
5759.060000 1.141954e-15
5760.530000 1.312516e-15
5762.000000 1.328851e-15
5763.470000 1.292784e-15
5764.940000 1.273276e-15
5766.410000 1.209986e-15
5767.880000 1.236859e-15
5769.350000 1.265567e-15
5770.820000 1.294675e-15
5772.290000 1.310412e-15
5773.760000 1.198336e-15
5775.230000 1.272832e-15
5776.700000 1.230329e-15
5778.170000 1.303144e-15
5779.640000 1.410087e-15
5781.110000 1.321333e-15
5782.580000 1.356599e-15
5784.050000 1.362706e-15
5785.520000 1.340571e-15
5786.990000 1.404745e-15
5788.460000 1.495837e-15
5789.930000 1.475014e-15
5791.400000 1.358721e-15
5792.870000 1.425904e-15
5794.340000 1.447339e-15
5795.810000 1.554095e-15
5797.280000 1.517730e-15
5798.750000 1.486839e-15
5800.220000 1.580929e-15
5801.690000 1.543979e-15
5803.160000 1.578676e-15
5804.630000 1.626294e-15
5806.100000 1.656706e-15
5807.570000 1.676504e-15
5809.040000 1.631894e-15
5810.510000 1.655565e-15
5811.980000 1.575625e-15
5813.450000 1.655352e-15
5814.920000 1.618877e-15
5816.390000 1.618345e-15
5817.860000 1.614232e-15
5819.330000 1.736401e-15
5820.800000 1.712585e-15
5822.270000 1.671709e-15
5823.740000 1.648398e-15
5825.210000 1.800444e-15
5826.680000 1.794153e-15
5828.150000 1.748628e-15
5829.620000 1.640046e-15
5831.090000 1.855960e-15
5832.560000 1.890164e-15
5834.030000 1.816223e-15
5835.500000 1.748669e-15
5836.970000 1.737219e-15
5838.440000 1.789277e-15
5839.910000 1.802545e-15
5841.380000 1.822255e-15
5842.850000 1.840081e-15
5844.320000 1.884260e-15
5845.790000 1.879598e-15
5847.260000 1.865103e-15
5848.730000 1.940582e-15
5850.200000 1.934624e-15
5851.670000 1.870429e-15
5853.140000 1.862496e-15
5854.610000 1.837761e-15
5856.080000 1.802875e-15
5857.550000 1.880957e-15
5859.020000 1.927640e-15
5860.490000 1.974794e-15
5861.960000 1.937096e-15
5863.430000 1.843006e-15
5864.900000 1.921624e-15
5866.370000 1.896973e-15
5867.840000 1.996123e-15
5869.310000 2.027957e-15
5870.780000 2.016142e-15
5872.250000 1.934203e-15
5873.720000 1.948491e-15
5875.190000 1.927854e-15
5876.660000 2.003739e-15
5878.130000 1.954797e-15
5879.600000 1.882253e-15
5881.070000 1.967348e-15
5882.540000 2.023140e-15
5884.010000 1.922247e-15
5885.480000 1.835585e-15
5886.950000 1.833856e-15
5888.420000 1.913270e-15
5889.890000 1.898621e-15
5891.360000 1.928178e-15
5892.830000 1.889970e-15
5894.300000 1.619433e-15
5895.770000 1.299651e-15
5897.240000 1.283231e-15
5898.710000 1.234145e-15
5900.180000 1.273715e-15
5901.650000 1.311051e-15
5903.120000 1.268584e-15
5904.590000 1.326736e-15
5906.060000 1.588850e-15
5907.530000 1.653603e-15
5909.000000 1.779010e-15
5910.470000 1.934819e-15
5911.940000 1.913097e-15
5913.410000 1.850667e-15
5914.880000 1.932816e-15
5916.350000 1.979374e-15
5917.820000 1.975133e-15
5919.290000 1.998055e-15
5920.760000 2.018034e-15
5922.230000 2.038164e-15
5923.700000 1.993778e-15
5925.170000 1.959380e-15
5926.640000 1.882705e-15
5928.110000 1.937902e-15
5929.580000 1.949284e-15
5931.050000 1.818122e-15
5932.520000 1.862518e-15
5933.990000 2.003109e-15
5935.460000 1.956525e-15
5936.930000 1.933439e-15
5938.400000 1.967385e-15
5939.870000 1.968816e-15
5941.340000 1.988117e-15
5942.810000 1.944944e-15
5944.280000 1.851164e-15
5945.750000 1.891577e-15
5947.220000 1.905969e-15
5948.690000 1.848025e-15
5950.160000 1.928648e-15
5951.630000 2.002455e-15
5953.100000 1.928753e-15
5954.570000 1.864833e-15
5956.040000 1.978421e-15
5957.510000 2.010613e-15
5958.980000 1.892879e-15
5960.450000 1.872271e-15
5961.920000 1.982115e-15
5963.390000 1.991431e-15
5964.860000 1.898026e-15
5966.330000 1.880603e-15
5967.800000 2.008708e-15
5969.270000 2.015603e-15
5970.740000 1.961399e-15
5972.210000 1.957474e-15
5973.680000 1.887498e-15
5975.150000 1.839841e-15
5976.620000 1.844351e-15
5978.090000 1.825808e-15
5979.560000 1.868865e-15
5981.030000 2.005757e-15
5982.500000 1.941362e-15
5983.970000 1.896598e-15
5985.440000 1.946450e-15
5986.910000 1.933056e-15
5988.380000 1.961820e-15
5989.850000 1.851587e-15
5991.320000 1.768932e-15
5992.790000 1.817427e-15
5994.260000 1.748471e-15
5995.730000 1.776488e-15
5997.200000 1.867037e-15
5998.670000 1.903760e-15
6000.140000 1.950248e-15
6001.610000 1.821880e-15
6003.080000 1.724402e-15
6004.550000 1.793314e-15
6006.020000 1.779103e-15
6007.490000 1.813619e-15
6008.960000 1.886829e-15
6010.430000 1.843589e-15
6011.900000 1.775611e-15
6013.370000 1.839515e-15
6014.840000 1.760037e-15
6016.310000 1.763452e-15
6017.780000 1.755072e-15
6019.250000 1.782025e-15
6020.720000 1.818501e-15
6022.190000 1.815192e-15
6023.660000 1.815725e-15
6025.130000 1.795131e-15
6026.600000 1.764166e-15
6028.070000 1.741043e-15
6029.540000 1.694851e-15
6031.010000 1.764234e-15
6032.480000 1.793433e-15
6033.950000 1.736023e-15
6035.420000 1.830897e-15
6036.890000 1.820606e-15
6038.360000 1.810316e-15
6039.830000 1.800026e-15
6041.300000 1.789735e-15
6042.770000 1.779445e-15
6044.240000 1.769155e-15
6045.710000 1.758864e-15
6047.180000 1.748574e-15
6048.650000 1.738284e-15
6050.120000 1.727993e-15
6051.590000 1.727993e-15
6053.060000 1.692019e-15
6054.530000 1.738353e-15
6056.000000 1.716651e-15
6057.470000 1.666638e-15
6058.940000 1.700487e-15
6060.410000 1.712843e-15
6061.880000 1.689142e-15
6063.350000 1.681103e-15
6064.820000 1.654863e-15
6066.290000 1.629113e-15
6067.760000 1.604540e-15
6069.230000 1.600372e-15
6070.700000 1.647720e-15
6072.170000 1.652141e-15
6073.640000 1.609731e-15
6075.110000 1.567600e-15
6076.580000 1.576322e-15
6078.050000 1.569449e-15
6079.520000 1.597385e-15
6080.990000 1.561731e-15
6082.460000 1.541582e-15
6083.930000 1.577954e-15
6085.400000 1.656789e-15
6086.870000 1.608139e-15
6088.340000 1.458565e-15
6089.810000 1.488570e-15
6091.280000 1.630945e-15
6092.750000 1.533143e-15
6094.220000 1.442057e-15
6095.690000 1.535625e-15
6097.160000 1.606408e-15
6098.630000 1.552283e-15
6100.100000 1.458164e-15
6101.570000 1.487710e-15
6103.040000 1.606055e-15
6104.510000 1.507818e-15
6105.980000 1.521473e-15
6107.450000 1.554596e-15
6108.920000 1.501173e-15
6110.390000 1.488272e-15
6111.860000 1.499745e-15
6113.330000 1.501085e-15
6114.800000 1.478617e-15
6116.270000 1.446624e-15
6117.740000 1.440331e-15
6119.210000 1.453361e-15
6120.680000 1.514597e-15
6122.150000 1.577335e-15
6123.620000 1.515385e-15
6125.090000 1.530044e-15
6126.560000 1.548413e-15
6128.030000 1.511522e-15
6129.500000 1.520028e-15
6130.970000 1.508057e-15
6132.440000 1.486782e-15
6133.910000 1.468480e-15
6135.380000 1.475103e-15
6136.850000 1.433183e-15
6138.320000 1.416422e-15
6139.790000 1.543057e-15
6141.260000 1.545104e-15
6142.730000 1.495302e-15
6144.200000 1.478246e-15
6145.670000 1.454565e-15
6147.140000 1.449479e-15
6148.610000 1.429118e-15
6150.080000 1.464857e-15
6151.550000 1.452261e-15
6153.020000 1.434727e-15
6154.490000 1.471009e-15
6155.960000 1.475121e-15
6157.430000 1.518232e-15
6158.900000 1.572533e-15
6160.370000 1.581375e-15
6161.840000 1.518770e-15
6163.310000 1.535517e-15
6164.780000 1.626727e-15
6166.250000 1.625562e-15
6167.720000 1.602900e-15
6169.190000 1.628015e-15
6170.660000 1.585716e-15
6172.130000 1.560180e-15
6173.600000 1.640876e-15
6175.070000 1.632165e-15
6176.540000 1.600829e-15
6178.010000 1.598416e-15
6179.480000 1.613177e-15
6180.950000 1.627939e-15
6182.420000 1.642700e-15
6183.890000 1.657462e-15
6185.360000 1.672223e-15
6186.830000 1.686985e-15
6188.300000 1.701746e-15
6189.770000 1.716508e-15
6191.240000 1.731270e-15
6192.710000 1.746031e-15
6194.180000 1.760793e-15
6195.650000 1.760793e-15
6197.120000 1.802192e-15
6198.590000 1.745237e-15
6200.060000 1.712890e-15
6201.530000 1.680841e-15
6203.000000 1.727607e-15
6204.470000 1.787923e-15
6205.940000 1.748736e-15
6207.410000 1.697737e-15
6208.880000 1.697117e-15
6210.350000 1.741157e-15
6211.820000 1.727598e-15
6213.290000 1.672700e-15
6214.760000 1.711235e-15
6216.230000 1.796687e-15
6217.700000 1.786175e-15
6219.170000 1.667222e-15
6220.640000 1.634190e-15
6222.110000 1.676781e-15
6223.580000 1.667895e-15
6225.050000 1.705097e-15
6226.520000 1.696495e-15
6227.990000 1.611331e-15
6229.460000 1.630360e-15
6230.930000 1.715671e-15
6232.400000 1.723663e-15
6233.870000 1.790237e-15
6235.340000 1.797311e-15
6236.810000 1.670028e-15
6238.280000 1.562119e-15
6239.750000 1.574370e-15
6241.220000 1.647902e-15
6242.690000 1.655341e-15
6244.160000 1.707955e-15
6245.630000 1.676493e-15
6247.100000 1.567273e-15
6248.570000 1.608202e-15
6250.040000 1.622483e-15
6251.510000 1.627180e-15
6252.980000 1.653986e-15
6254.450000 1.675732e-15
6255.920000 1.693978e-15
6257.390000 1.633893e-15
6258.860000 1.616847e-15
6260.330000 1.672123e-15
6261.800000 1.653956e-15
6263.270000 1.592231e-15
6264.740000 1.659375e-15
6266.210000 1.625874e-15
6267.680000 1.541024e-15
6269.150000 1.572365e-15
6270.620000 1.561564e-15
6272.090000 1.618087e-15
6273.560000 1.669094e-15
6275.030000 1.573172e-15
6276.500000 1.563829e-15
6277.970000 1.596572e-15
6279.440000 1.560634e-15
6280.910000 1.558914e-15
6282.380000 1.519785e-15
6283.850000 1.509798e-15
6285.320000 1.599072e-15
6286.790000 1.700754e-15
6288.260000 1.675338e-15
6289.730000 1.594374e-15
6291.200000 1.583480e-15
6292.670000 1.590077e-15
6294.140000 1.484522e-15
6295.610000 1.464495e-15
6297.080000 1.509640e-15
6298.550000 1.521165e-15
6300.020000 1.528147e-15
6301.490000 1.478421e-15
6302.960000 1.526447e-15
6304.430000 1.572828e-15
6305.900000 1.469620e-15
6307.370000 1.520358e-15
6308.840000 1.628214e-15
6310.310000 1.581345e-15
6311.780000 1.505351e-15
6313.250000 1.483405e-15
6314.720000 1.493063e-15
6316.190000 1.504081e-15
6317.660000 1.506074e-15
6319.130000 1.470953e-15
6320.600000 1.496946e-15
6322.070000 1.514070e-15
6323.540000 1.473453e-15
6325.010000 1.512240e-15
6326.480000 1.563272e-15
6327.950000 1.494014e-15
6329.420000 1.496863e-15
6330.890000 1.545048e-15
6332.360000 1.530317e-15
6333.830000 1.558304e-15
6335.300000 1.599446e-15
6336.770000 1.605753e-15
6338.240000 1.528279e-15
6339.710000 1.489218e-15
6341.180000 1.519784e-15
6342.650000 1.550911e-15
6344.120000 1.525340e-15
6345.590000 1.505500e-15
6347.060000 1.602442e-15
6348.530000 1.638537e-15
6350.000000 1.577444e-15
6351.470000 1.600313e-15
6352.940000 1.631533e-15
6354.410000 1.566637e-15
6355.880000 1.539926e-15
6357.350000 1.527264e-15
6358.820000 1.466188e-15
6360.290000 1.436372e-15
6361.760000 1.518890e-15
6363.230000 1.640042e-15
6364.700000 1.661170e-15
6366.170000 1.601486e-15
6367.640000 1.532765e-15
6369.110000 1.475593e-15
6370.580000 1.520693e-15
6372.050000 1.607138e-15
6373.520000 1.572049e-15
6374.990000 1.493447e-15
6376.460000 1.454014e-15
6377.930000 1.493596e-15
6379.400000 1.538955e-15
6380.870000 1.507985e-15
6382.340000 1.477482e-15
6383.810000 1.505955e-15
6385.280000 1.558058e-15
6386.750000 1.562979e-15
6388.220000 1.546749e-15
6389.690000 1.545303e-15
6391.160000 1.558069e-15
6392.630000 1.529191e-15
6394.100000 1.513548e-15
6395.570000 1.452957e-15
6397.040000 1.470141e-15
6398.510000 1.578157e-15
6399.980000 1.609513e-15
6401.450000 1.556234e-15
6402.920000 1.609212e-15
6404.390000 1.604504e-15
6405.860000 1.545387e-15
6407.330000 1.572625e-15
6408.800000 1.601940e-15
6410.270000 1.554797e-15
6411.740000 1.485605e-15
6413.210000 1.569423e-15
6414.680000 1.623912e-15
6416.150000 1.582897e-15
6417.620000 1.567855e-15
6419.090000 1.610674e-15
6420.560000 1.562696e-15
6422.030000 1.508758e-15
6423.500000 1.627574e-15
6424.970000 1.639252e-15
6426.440000 1.521673e-15
6427.910000 1.468427e-15
6429.380000 1.516281e-15
6430.850000 1.593863e-15
6432.320000 1.615665e-15
6433.790000 1.601525e-15
6435.260000 1.610096e-15
6436.730000 1.663392e-15
6438.200000 1.591032e-15
6439.670000 1.547119e-15
6441.140000 1.512039e-15
6442.610000 1.565502e-15
6444.080000 1.625690e-15
6445.550000 1.677358e-15
6447.020000 1.663422e-15
6448.490000 1.712882e-15
6449.960000 1.648257e-15
6451.430000 1.602085e-15
6452.900000 1.583002e-15
6454.370000 1.584654e-15
6455.840000 1.590131e-15
6457.310000 1.654117e-15
6458.780000 1.614962e-15
6460.250000 1.616910e-15
6461.720000 1.597095e-15
6463.190000 1.651500e-15
6464.660000 1.616727e-15
6466.130000 1.570750e-15
6467.600000 1.640105e-15
6469.070000 1.650673e-15
6470.540000 1.595859e-15
6472.010000 1.579405e-15
6473.480000 1.560573e-15
6474.950000 1.623564e-15
6476.420000 1.567964e-15
6477.890000 1.611968e-15
6479.360000 1.606662e-15
6480.830000 1.617069e-15
6482.300000 1.711790e-15
6483.770000 1.677255e-15
6485.240000 1.603324e-15
6486.710000 1.590024e-15
6488.180000 1.537211e-15
6489.650000 1.570816e-15
6491.120000 1.589256e-15
6492.590000 1.516607e-15
6494.060000 1.547213e-15
6495.530000 1.570887e-15
6497.000000 1.585145e-15
6498.470000 1.596175e-15
6499.940000 1.551234e-15
6501.410000 1.525566e-15
6502.880000 1.492576e-15
6504.350000 1.632506e-15
6505.820000 1.636775e-15
6507.290000 1.509868e-15
6508.760000 1.516978e-15
6510.230000 1.603794e-15
6511.700000 1.609095e-15
6513.170000 1.485165e-15
6514.640000 1.430716e-15
6516.110000 1.502789e-15
6517.580000 1.534997e-15
6519.050000 1.617741e-15
6520.520000 1.694141e-15
6521.990000 1.645924e-15
6523.460000 1.551581e-15
6524.930000 1.549012e-15
6526.400000 1.578858e-15
6527.870000 1.589047e-15
6529.340000 1.541821e-15
6530.810000 1.575426e-15
6532.280000 1.654827e-15
6533.750000 1.512358e-15
6535.220000 1.503396e-15
6536.690000 1.589655e-15
6538.160000 1.514374e-15
6539.630000 1.542756e-15
6541.100000 1.584001e-15
6542.570000 1.540291e-15
6544.040000 1.531194e-15
6545.510000 1.541958e-15
6546.980000 1.616899e-15
6548.450000 1.656484e-15
6549.920000 1.517445e-15
6551.390000 1.487245e-15
6552.860000 1.568388e-15
6554.330000 1.608304e-15
6555.800000 1.600019e-15
6557.270000 1.591734e-15
6558.740000 1.583449e-15
6560.210000 1.575164e-15
6561.680000 1.566879e-15
6563.150000 1.558594e-15
6564.620000 1.550310e-15
6566.090000 1.550310e-15
6567.560000 1.653577e-15
6569.030000 1.886347e-15
6570.500000 2.157665e-15
6571.970000 2.254566e-15
6573.440000 2.026530e-15
6574.910000 1.835146e-15
6576.380000 1.720981e-15
6577.850000 1.559648e-15
6579.320000 1.531189e-15
6580.790000 1.534943e-15
6582.260000 1.533269e-15
6583.730000 1.527913e-15
6585.200000 1.563703e-15
6586.670000 1.576700e-15
6588.140000 1.589966e-15
6589.610000 1.607099e-15
6591.080000 1.695132e-15
6592.550000 1.689027e-15
6594.020000 1.656097e-15
6595.490000 1.644410e-15
6596.960000 1.537532e-15
6598.430000 1.417909e-15
6599.900000 1.519162e-15
6601.370000 1.522111e-15
6602.840000 1.539786e-15
6604.310000 1.522543e-15
6605.780000 1.433899e-15
6607.250000 1.438331e-15
6608.720000 1.453833e-15
6610.190000 1.474724e-15
6611.660000 1.486422e-15
6613.130000 1.517938e-15
6614.600000 1.451828e-15
6616.070000 1.466601e-15
6617.540000 1.427937e-15
6619.010000 1.400700e-15
6620.480000 1.364529e-15
6621.950000 1.402548e-15
6623.420000 1.478324e-15
6624.890000 1.408264e-15
6626.360000 1.455572e-15
6627.830000 1.406591e-15
6629.300000 1.346561e-15
6630.770000 1.397296e-15
6632.240000 1.476321e-15
6633.710000 1.493606e-15
6635.180000 1.439516e-15
6636.650000 1.378761e-15
6638.120000 1.365836e-15
6639.590000 1.429462e-15
6641.060000 1.348085e-15
6642.530000 1.298921e-15
6644.000000 1.327752e-15
6645.470000 1.413809e-15
6646.940000 1.430297e-15
6648.410000 1.361288e-15
6649.880000 1.313610e-15
6651.350000 1.375617e-15
6652.820000 1.340109e-15
6654.290000 1.283945e-15
6655.760000 1.358769e-15
6657.230000 1.296180e-15
6658.700000 1.281876e-15
6660.170000 1.325257e-15
6661.640000 1.352929e-15
6663.110000 1.368395e-15
6664.580000 1.351572e-15
6666.050000 1.344255e-15
6667.520000 1.257500e-15
6668.990000 1.353082e-15
6670.460000 1.384411e-15
6671.930000 1.342337e-15
6673.400000 1.304817e-15
6674.870000 1.294537e-15
6676.340000 1.289285e-15
6677.810000 1.209350e-15
6679.280000 1.288988e-15
6680.750000 1.250761e-15
6682.220000 1.228324e-15
6683.690000 1.217918e-15
6685.160000 1.299639e-15
6686.630000 1.239522e-15
6688.100000 1.195449e-15
6689.570000 1.301417e-15
6691.040000 1.283389e-15
6692.510000 1.201896e-15
6693.980000 1.230273e-15
6695.450000 1.282648e-15
6696.920000 1.236364e-15
6698.390000 1.233907e-15
6699.860000 1.245026e-15
6701.330000 1.264365e-15
6702.800000 1.231216e-15
6704.270000 1.260617e-15
6705.740000 1.170413e-15
6707.210000 1.165717e-15
6708.680000 1.179181e-15
6710.150000 1.211353e-15
6711.620000 1.162318e-15
6713.090000 1.123307e-15
6714.560000 1.130728e-15
6716.030000 1.142394e-15
6717.500000 1.193445e-15
6718.970000 1.186833e-15
6720.440000 1.180795e-15
6721.910000 1.177798e-15
6723.380000 1.170594e-15
6724.850000 1.158008e-15
6726.320000 1.187922e-15
6727.790000 1.214586e-15
6729.260000 1.306959e-15
6730.730000 1.227618e-15
6732.200000 1.199940e-15
6733.670000 1.202810e-15
6735.140000 1.132382e-15
6736.610000 1.159934e-15
6738.080000 1.246147e-15
6739.550000 1.238650e-15
6741.020000 1.139968e-15
6742.490000 1.149905e-15
6743.960000 1.240915e-15
6745.430000 1.271510e-15
6746.900000 1.255015e-15
6748.370000 1.125919e-15
6749.840000 1.216701e-15
6751.310000 1.308161e-15
6752.780000 1.142083e-15
6754.250000 1.105600e-15
6755.720000 1.168251e-15
6757.190000 1.198947e-15
6758.660000 1.139341e-15
6760.130000 1.119589e-15
6761.600000 1.150638e-15
6763.070000 1.192949e-15
6764.540000 1.137264e-15
6766.010000 1.118774e-15
6767.480000 1.176097e-15
6768.950000 1.084903e-15
6770.420000 1.169891e-15
6771.890000 1.231021e-15
6773.360000 1.208934e-15
6774.830000 1.253296e-15
6776.300000 1.203666e-15
6777.770000 1.183543e-15
6779.240000 1.157169e-15
6780.710000 1.115216e-15
6782.180000 1.105896e-15
6783.650000 1.077975e-15
6785.120000 1.116364e-15
6786.590000 1.105123e-15
6788.060000 1.024819e-15
6789.530000 1.083162e-15
6791.000000 1.127876e-15
6792.470000 1.128530e-15
6793.940000 1.137417e-15
6795.410000 1.118331e-15
6796.880000 1.069962e-15
6798.350000 1.122089e-15
6799.820000 1.256468e-15
6801.290000 1.158750e-15
6802.760000 1.107012e-15
6804.230000 1.076833e-15
6805.700000 9.744330e-16
6807.170000 1.074807e-15
6808.640000 1.095070e-15
6810.110000 1.022695e-15
6811.580000 1.048694e-15
6813.050000 1.044743e-15
6814.520000 1.042804e-15
6815.990000 1.041689e-15
6817.460000 1.017146e-15
6818.930000 1.030751e-15
6820.400000 1.011144e-15
6821.870000 9.720846e-16
6823.340000 9.429731e-16
6824.810000 1.010991e-15
6826.280000 1.033586e-15
6827.750000 1.041017e-15
6829.220000 1.073719e-15
6830.690000 1.052798e-15
6832.160000 1.113134e-15
6833.630000 1.053065e-15
6835.100000 9.945893e-16
6836.570000 9.955640e-16
6838.040000 9.965387e-16
6839.510000 9.975134e-16
6840.980000 9.984881e-16
6842.450000 9.994628e-16
6843.920000 1.000438e-15
6845.390000 1.001412e-15
6846.860000 1.002387e-15
6848.330000 1.002387e-15
6849.800000 1.019280e-15
6851.270000 1.046979e-15
6852.740000 1.009988e-15
6854.210000 9.120749e-16
6855.680000 1.024105e-15
6857.150000 1.039727e-15
6858.620000 1.099662e-15
6860.090000 9.602445e-16
6861.560000 9.649646e-16
6863.030000 9.633502e-16
6864.500000 9.742798e-16
6865.970000 1.049455e-15
6867.440000 1.043859e-15
6868.910000 1.038992e-15
6870.380000 1.009225e-15
6871.850000 9.971024e-16
6873.320000 9.588730e-16
6874.790000 9.928898e-16
6876.260000 9.142789e-16
6877.730000 9.749239e-16
6879.200000 1.003771e-15
6880.670000 1.085381e-15
6882.140000 1.020053e-15
6883.610000 9.811892e-16
6885.080000 9.847873e-16
6886.550000 1.018920e-15
6888.020000 1.026400e-15
6889.490000 1.034951e-15
6890.960000 1.127975e-15
6892.430000 1.114857e-15
6893.900000 9.635426e-16
6895.370000 9.730139e-16
6896.840000 1.037252e-15
6898.310000 1.007913e-15
6899.780000 1.081325e-15
6901.250000 1.029935e-15
6902.720000 1.008615e-15
6904.190000 1.009910e-15
6905.660000 1.071132e-15
6907.130000 1.021333e-15
6908.600000 1.133867e-15
6910.070000 9.865475e-16
6911.540000 1.007164e-15
6913.010000 1.055106e-15
6914.480000 9.932562e-16
6915.950000 1.003262e-15
6917.420000 1.082303e-15
6918.890000 1.022780e-15
6920.360000 1.064708e-15
6921.830000 1.073197e-15
6923.300000 1.137496e-15
6924.770000 1.174111e-15
6926.240000 1.146504e-15
6927.710000 1.057635e-15
6929.180000 1.047022e-15
6930.650000 1.118265e-15
6932.120000 1.237375e-15
6933.590000 1.234252e-15
6935.060000 1.128427e-15
6936.530000 1.178073e-15
6938.000000 1.165301e-15
6939.470000 1.179327e-15
6940.940000 1.137076e-15
6942.410000 1.143509e-15
6943.880000 1.134643e-15
6945.350000 1.120753e-15
6946.820000 1.176454e-15
6948.290000 1.179381e-15
6949.760000 1.181758e-15
6951.230000 1.163358e-15
6952.700000 1.080222e-15
6954.170000 1.065291e-15
6955.640000 1.140006e-15
6957.110000 1.190797e-15
6958.580000 1.089116e-15
6960.050000 1.016919e-15
6961.520000 1.112913e-15
6962.990000 1.195920e-15
6964.460000 1.236545e-15
6965.930000 1.260356e-15
6967.400000 1.223371e-15
6968.870000 1.154329e-15
6970.340000 1.111886e-15
6971.810000 1.131909e-15
6973.280000 1.142707e-15
6974.750000 1.141638e-15
6976.220000 1.187027e-15
6977.690000 1.198524e-15
6979.160000 1.168044e-15
6980.630000 1.200893e-15
6982.100000 1.208362e-15
6983.570000 1.193962e-15
6985.040000 1.213355e-15
6986.510000 1.204933e-15
6987.980000 1.114513e-15
6989.450000 1.085986e-15
6990.920000 1.133920e-15
6992.390000 1.182627e-15
6993.860000 1.232397e-15
6995.330000 1.130034e-15
6996.800000 1.097573e-15
6998.270000 1.204098e-15
6999.740000 1.207821e-15
7001.210000 1.088838e-15
7002.680000 1.081785e-15
7004.150000 1.131106e-15
7005.620000 1.082943e-15
7007.090000 1.072529e-15
7008.560000 1.064531e-15
7010.030000 1.099490e-15
7011.500000 1.170432e-15
7012.970000 1.187957e-15
7014.440000 1.202271e-15
7015.910000 1.146301e-15
7017.380000 1.100991e-15
7018.850000 1.087600e-15
7020.320000 1.087432e-15
7021.790000 1.169262e-15
7023.260000 1.139560e-15
7024.730000 1.092236e-15
7026.200000 1.142311e-15
7027.670000 1.105965e-15
7029.140000 1.073152e-15
7030.610000 1.104749e-15
7032.080000 1.112314e-15
7033.550000 1.150766e-15
7035.020000 1.150315e-15
7036.490000 1.149228e-15
7037.960000 1.094579e-15
7039.430000 1.123181e-15
7040.900000 1.098434e-15
7042.370000 1.072789e-15
7043.840000 1.103274e-15
7045.310000 1.177504e-15
7046.780000 1.127136e-15
7048.250000 1.074207e-15
7049.720000 1.126609e-15
7051.190000 1.076812e-15
7052.660000 1.164501e-15
7054.130000 1.140516e-15
7055.600000 1.068898e-15
7057.070000 1.117842e-15
7058.540000 1.179357e-15
7060.010000 1.162137e-15
7061.480000 1.125995e-15
7062.950000 1.124977e-15
7064.420000 1.157951e-15
7065.890000 1.225247e-15
7067.360000 1.156960e-15
7068.830000 1.087972e-15
7070.300000 1.047883e-15
7071.770000 1.063471e-15
7073.240000 1.109526e-15
7074.710000 1.100403e-15
7076.180000 1.205774e-15
7077.650000 1.191057e-15
7079.120000 1.135084e-15
7080.590000 1.161812e-15
7082.060000 1.187417e-15
7083.530000 1.153845e-15
7085.000000 1.135128e-15
7086.470000 1.114738e-15
7087.940000 1.178902e-15
7089.410000 1.093916e-15
7090.880000 1.136484e-15
7092.350000 1.196210e-15
7093.820000 1.236876e-15
7095.290000 1.184874e-15
7096.760000 1.118572e-15
7098.230000 1.133498e-15
7099.700000 1.124404e-15
7101.170000 1.186905e-15
7102.640000 1.162511e-15
7104.110000 1.109261e-15
7105.580000 1.131018e-15
7107.050000 1.171086e-15
7108.520000 1.195427e-15
7109.990000 1.186968e-15
7111.460000 1.194577e-15
7112.930000 1.168983e-15
7114.400000 1.138212e-15
7115.870000 1.150441e-15
7117.340000 1.128588e-15
7118.810000 1.160269e-15
7120.280000 1.174303e-15
7121.750000 1.148589e-15
7123.220000 1.137352e-15
7124.690000 1.201559e-15
7126.160000 1.125352e-15
7127.630000 1.044912e-15
7129.100000 1.179387e-15
7130.570000 1.230281e-15
7132.040000 1.247537e-15
7133.510000 1.199378e-15
7134.980000 1.174633e-15
7136.450000 1.198724e-15
7137.920000 1.146421e-15
7139.390000 1.155661e-15
7140.860000 1.242002e-15
7142.330000 1.295917e-15
7143.800000 1.283173e-15
7145.270000 1.236038e-15
7146.740000 1.200401e-15
7148.210000 1.174689e-15
7149.680000 1.179267e-15
7151.150000 1.125946e-15
7152.620000 1.142443e-15
7154.090000 1.209935e-15
7155.560000 1.200881e-15
7157.030000 1.211783e-15
7158.500000 1.210125e-15
7159.970000 1.216841e-15
7161.440000 1.204731e-15
7162.910000 1.248754e-15
7164.380000 1.309403e-15
7165.850000 1.277630e-15
7167.320000 1.306433e-15
7168.790000 1.344855e-15
7170.260000 1.240419e-15
7171.730000 1.167400e-15
7173.200000 1.228618e-15
7174.670000 1.307001e-15
7176.140000 1.314135e-15
7177.610000 1.333766e-15
7179.080000 1.326228e-15
7180.550000 1.318404e-15
7182.020000 1.327444e-15
7183.490000 1.318791e-15
7184.960000 1.353827e-15
7186.430000 1.343795e-15
7187.900000 1.382944e-15
7189.370000 1.348883e-15
7190.840000 1.274777e-15
7192.310000 1.356353e-15
7193.780000 1.353014e-15
7195.250000 1.284289e-15
7196.720000 1.310343e-15
7198.190000 1.295047e-15
7199.660000 1.343617e-15
7201.130000 1.475997e-15
7202.600000 1.451617e-15
7204.070000 1.402060e-15
7205.540000 1.325005e-15
7207.010000 1.273622e-15
7208.480000 1.363912e-15
7209.950000 1.410956e-15
7211.420000 1.335751e-15
7212.890000 1.382677e-15
7214.360000 1.445553e-15
7215.830000 1.450759e-15
7217.300000 1.446768e-15
7218.770000 1.411680e-15
7220.240000 1.413422e-15
7221.710000 1.487686e-15
7223.180000 1.475148e-15
7224.650000 1.442891e-15
7226.120000 1.476754e-15
7227.590000 1.460144e-15
7229.060000 1.444412e-15
7230.530000 1.447694e-15
7232.000000 1.491826e-15
7233.470000 1.542914e-15
7234.940000 1.518760e-15
7236.410000 1.451560e-15
7237.880000 1.448533e-15
7239.350000 1.501728e-15
7240.820000 1.505092e-15
7242.290000 1.512236e-15
7243.760000 1.509089e-15
7245.230000 1.529348e-15
7246.700000 1.517232e-15
7248.170000 1.455173e-15
7249.640000 1.457465e-15
7251.110000 1.535966e-15
7252.580000 1.516708e-15
7254.050000 1.416116e-15
7255.520000 1.417532e-15
7256.990000 1.480283e-15
7258.460000 1.502113e-15
7259.930000 1.512092e-15
7261.400000 1.501143e-15
7262.870000 1.467886e-15
7264.340000 1.513871e-15
7265.810000 1.526254e-15
7267.280000 1.493104e-15
7268.750000 1.484271e-15
7270.220000 1.500072e-15
7271.690000 1.502741e-15
7273.160000 1.519734e-15
7274.630000 1.529322e-15
7276.100000 1.477412e-15
7277.570000 1.503719e-15
7279.040000 1.549962e-15
7280.510000 1.482142e-15
7281.980000 1.489003e-15
7283.450000 1.551591e-15
7284.920000 1.555886e-15
7286.390000 1.613430e-15
7287.860000 1.580314e-15
7289.330000 1.474530e-15
7290.800000 1.474783e-15
7292.270000 1.485224e-15
7293.740000 1.457266e-15
7295.210000 1.422793e-15
7296.680000 1.473135e-15
7298.150000 1.537856e-15
7299.620000 1.512017e-15
7301.090000 1.498375e-15
7302.560000 1.535491e-15
7304.030000 1.527338e-15
7305.500000 1.483983e-15
7306.970000 1.491772e-15
7308.440000 1.508732e-15
7309.910000 1.484244e-15
7311.380000 1.381030e-15
7312.850000 1.318445e-15
7314.320000 1.417155e-15
7315.790000 1.443168e-15
7317.260000 1.381138e-15
7318.730000 1.358694e-15
7320.200000 1.323990e-15
7321.670000 1.371392e-15
7323.140000 1.522686e-15
7324.610000 1.511129e-15
7326.080000 1.433844e-15
7327.550000 1.459960e-15
7329.020000 1.350680e-15
7330.490000 1.242975e-15
7331.960000 1.398104e-15
7333.430000 1.499485e-15
7334.900000 1.368742e-15
7336.370000 1.351058e-15
7337.840000 1.369374e-15
7339.310000 1.329414e-15
7340.780000 1.391561e-15
7342.250000 1.390214e-15
7343.720000 1.316755e-15
7345.190000 1.343405e-15
7346.660000 1.350572e-15
7348.130000 1.314812e-15
7349.600000 1.350109e-15
7351.070000 1.331693e-15
7352.540000 1.329585e-15
7354.010000 1.338658e-15
7355.480000 1.304333e-15
7356.950000 1.367525e-15
7358.420000 1.483054e-15
7359.890000 1.453105e-15
7361.360000 1.359781e-15
7362.830000 1.352625e-15
7364.300000 1.388995e-15
7365.770000 1.423114e-15
7367.240000 1.337357e-15
7368.710000 1.259993e-15
7370.180000 1.341774e-15
7371.650000 1.385551e-15
7373.120000 1.314244e-15
7374.590000 1.275114e-15
7376.060000 1.340631e-15
7377.530000 1.411462e-15
7379.000000 1.347372e-15
7380.470000 1.291102e-15
7381.940000 1.325965e-15
7383.410000 1.309089e-15
7384.880000 1.338214e-15
7386.350000 1.310942e-15
7387.820000 1.258457e-15
7389.290000 1.337869e-15
7390.760000 1.375419e-15
7392.230000 1.354033e-15
7393.700000 1.298637e-15
7395.170000 1.270334e-15
7396.640000 1.343091e-15
7398.110000 1.376228e-15
7399.580000 1.356850e-15
7401.050000 1.337060e-15
7402.520000 1.319815e-15
7403.990000 1.342696e-15
7405.460000 1.370089e-15
7406.930000 1.405761e-15
7408.400000 1.379277e-15
7409.870000 1.296743e-15
7411.340000 1.269233e-15
7412.810000 1.262498e-15
7414.280000 1.241351e-15
7415.750000 1.251828e-15
7417.220000 1.236813e-15
7418.690000 1.284671e-15
7420.160000 1.289599e-15
7421.630000 1.253590e-15
7423.100000 1.216714e-15
7424.570000 1.244916e-15
7426.040000 1.215528e-15
7427.510000 1.263167e-15
7428.980000 1.334669e-15
7430.450000 1.259014e-15
7431.920000 1.240852e-15
7433.390000 1.240229e-15
7434.860000 1.305486e-15
7436.330000 1.288335e-15
7437.800000 1.189474e-15
7439.270000 1.142782e-15
7440.740000 1.170671e-15
7442.210000 1.246627e-15
7443.680000 1.231022e-15
7445.150000 1.153779e-15
7446.620000 1.138238e-15
7448.090000 1.164608e-15
7449.560000 1.210027e-15
7451.030000 1.211445e-15
7452.500000 1.188628e-15
7453.970000 1.329827e-15
7455.440000 1.352532e-15
7456.910000 1.137447e-15
7458.380000 1.278342e-15
7459.850000 1.387004e-15
7461.320000 1.175294e-15
7462.790000 1.060920e-15
7464.260000 1.077646e-15
7465.730000 1.137104e-15
7467.200000 1.142512e-15
7468.670000 1.121920e-15
7470.140000 1.104923e-15
7471.610000 1.028985e-15
7473.080000 1.090425e-15
7474.550000 1.088407e-15
7476.020000 1.059267e-15
7477.490000 1.079312e-15
7478.960000 1.045260e-15
7480.430000 1.047669e-15
7481.900000 1.092636e-15
7483.370000 1.019566e-15
7484.840000 9.569500e-16
7486.310000 1.012497e-15
7487.780000 1.069666e-15
7489.250000 1.043477e-15
7490.720000 1.059364e-15
7492.190000 1.065341e-15
7493.660000 1.059803e-15
7495.130000 9.688965e-16
7496.600000 9.390670e-16
7498.070000 1.004969e-15
7499.540000 1.036879e-15
7501.010000 1.001436e-15
7502.480000 1.035220e-15
7503.950000 1.025018e-15
7505.420000 9.869214e-16
7506.890000 9.772603e-16
7508.360000 9.357120e-16
7509.830000 8.384989e-16
7511.300000 8.533323e-16
7512.770000 9.218651e-16
7514.240000 9.613419e-16
7515.710000 9.685583e-16
7517.180000 9.344795e-16
7518.650000 9.614142e-16
7520.120000 1.032956e-15
7521.590000 1.062641e-15
7523.060000 1.054608e-15
7524.530000 1.070602e-15
7526.000000 1.091415e-15
7527.470000 1.111523e-15
7528.940000 1.049099e-15
7530.410000 9.844368e-16
7531.880000 1.033072e-15
7533.350000 1.045365e-15
7534.820000 1.101593e-15
7536.290000 1.130146e-15
7537.760000 1.006794e-15
7539.230000 9.484223e-16
7540.700000 9.954475e-16
7542.170000 1.015021e-15
7543.640000 1.008017e-15
7545.110000 1.008486e-15
7546.580000 1.036906e-15
7548.050000 1.030925e-15
7549.520000 1.011662e-15
7550.990000 1.065529e-15
7552.460000 1.059250e-15
7553.930000 1.032545e-15
7555.400000 9.011101e-16
7556.870000 8.974730e-16
7558.340000 9.005256e-16
7559.810000 9.012073e-16
7561.280000 8.992370e-16
7562.750000 8.996665e-16
7564.220000 9.793953e-16
7565.690000 9.744235e-16
7567.160000 8.939433e-16
7568.630000 8.190799e-16
7570.100000 8.805232e-16
7571.570000 9.109695e-16
7573.040000 8.840121e-16
7574.510000 8.610134e-16
7575.980000 8.458237e-16
7577.450000 8.632044e-16
7578.920000 8.896034e-16
7580.390000 8.460473e-16
7581.860000 8.667796e-16
7583.330000 9.080130e-16
7584.800000 8.805786e-16
7586.270000 9.236836e-16
7587.740000 9.075719e-16
7589.210000 8.995165e-16
7590.680000 9.473343e-16
7592.150000 9.190624e-16
7593.620000 8.517925e-16
7595.090000 9.221901e-16
7596.560000 9.774365e-16
7598.030000 9.882557e-16
7599.500000 9.338129e-16
7600.970000 8.924483e-16
7602.440000 7.399573e-16
7603.910000 6.987762e-16
7605.380000 9.166167e-16
7606.850000 9.800883e-16
7608.320000 8.856017e-16
7609.790000 8.143463e-16
7611.260000 8.671721e-16
7612.730000 8.189423e-16
7614.200000 8.960139e-16
7615.670000 9.136344e-16
7617.140000 7.956061e-16
7618.610000 7.644686e-16
7620.080000 7.089115e-16
7621.550000 7.683891e-16
7623.020000 8.501552e-16
7624.490000 7.983044e-16
7625.960000 7.608192e-16
7627.430000 8.078678e-16
7628.900000 8.413723e-16
