3802.682902 9.296993e-16
3804.626402 7.763593e-16
3810.456901 2.541460e-17
3816.287400 2.873152e-16
3818.230900 1.081254e-15
3820.174400 5.626790e-16
3824.061399 1.798755e-15
3826.004899 5.974645e-16
3827.948399 7.051870e-17
3829.891898 1.231250e-16
3833.778898 7.363730e-16
3843.496397 2.590723e-16
3847.383396 3.210195e-17
3849.326896 3.386992e-16
3853.213895 1.236419e-15
3855.157395 1.097662e-15
3857.100895 3.193123e-17
3859.044394 4.073817e-17
3860.987894 7.225853e-16
3862.931394 5.871132e-17
3868.761893 1.978068e-16
3870.705393 6.893449e-16
3872.648893 5.876335e-16
3874.592392 3.649914e-16
3880.422891 3.054094e-16
3882.366391 4.243144e-16
3884.309891 8.427932e-16
3886.253391 3.900970e-16
3888.196890 1.660615e-16
3890.140390 4.631034e-16
3894.027390 8.204478e-16
3901.801388 1.282593e-16
3903.744888 5.648181e-16
3905.688388 3.849690e-16
3907.631888 5.007588e-16
3909.575387 4.808634e-16
3915.405887 5.854843e-16
3917.349386 6.363158e-16
3921.236386 4.837254e-16
3923.179886 6.417572e-16
3925.123385 3.585445e-16
3927.066885 2.769934e-16
3929.010385 8.372466e-16
3930.953884 5.609842e-16
3932.897384 1.742100e-16
3934.840884 9.142168e-17
3938.727883 2.194927e-16
3942.614883 1.763269e-16
3944.558383 3.168871e-16
3950.388882 4.063918e-16
3952.332381 1.140291e-16
3956.219381 1.479589e-16
3958.162881 2.066164e-16
3960.106380 5.265100e-16
3962.049880 2.401738e-16
3963.993380 3.959252e-17
3965.936880 4.049160e-17
3967.880379 2.251890e-16
3969.823879 4.382351e-16
3971.767379 1.692391e-16
3973.710879 1.982687e-16
3975.654378 2.162003e-17
3977.597878 3.770722e-18
3981.484877 3.801439e-16
3983.428377 3.859024e-16
3985.371877 8.104593e-16
3987.315377 9.940517e-16
3989.258876 1.559289e-16
3991.202376 1.477034e-16
3993.145876 3.019891e-16
4010.637373 4.877253e-16
4012.580873 6.284356e-16
4014.524373 4.220032e-16
4016.467873 3.101791e-16
4018.411372 1.235636e-16
4020.354872 3.698027e-16
4022.298372 3.352175e-16
4024.241871 6.652000e-16
4026.185371 2.794625e-16
4028.128871 2.459985e-16
4032.015870 3.618506e-16
4033.959370 3.016048e-16
4037.846370 6.327725e-17
4039.789869 2.127963e-16
4041.733369 7.387528e-16
4043.676869 3.388822e-18
4049.507368 6.566915e-18
4051.450868 4.922909e-16
4053.394367 5.173879e-16
4055.337867 2.551025e-16
4057.281367 2.409207e-16
4061.168366 4.851399e-16
4063.111866 5.472990e-16
4065.055366 9.911816e-17
4066.998866 3.261639e-16
4068.942365 5.566288e-16
4070.885865 6.654310e-16
4072.829365 6.478384e-16
4074.772864 5.910386e-16
4076.716364 3.357646e-16
4078.659864 8.539684e-17
4082.546863 4.357857e-16
4084.490363 2.807012e-18
4086.433863 2.902583e-16
4092.264362 4.690768e-16
4094.207862 5.611227e-16
4096.151361 3.889839e-16
4098.094861 3.836181e-16
4100.038361 1.537548e-16
4101.981861 3.613210e-16
4103.925360 3.274332e-16
4107.812360 2.079790e-16
4109.755860 3.963182e-16
4113.642859 2.769662e-17
4115.586359 3.672550e-17
4117.529859 2.118818e-16
4119.473358 4.747508e-16
4121.416858 1.994497e-16
4123.360358 2.407659e-16
4125.303857 1.871694e-16
4127.247357 5.252384e-17
4129.190857 2.176482e-16
4135.021356 1.195760e-16
4136.964856 1.959306e-16
4138.908356 1.242743e-16
4144.738855 3.495869e-16
4146.682354 6.764390e-18
4148.625854 3.242004e-17
4150.569354 2.061269e-16
4152.512854 3.213220e-16
4154.456353 3.134387e-16
4156.399853 2.909385e-16
4158.343353 2.701514e-16
4160.286853 4.966464e-16
4162.230352 4.444084e-16
4164.173852 1.378759e-16
4166.117352 8.244211e-17
4168.060852 8.891823e-17
4170.004351 3.656890e-17
4171.947851 2.174916e-16
4173.891351 2.412985e-17
4181.665350 8.710081e-17
4183.608849 2.619908e-16
4185.552349 2.917930e-16
4187.495849 4.800384e-16
4189.439349 3.623974e-16
4191.382848 2.198590e-16
4193.326348 1.182084e-16
4195.269848 4.710323e-16
4197.213347 1.672328e-16
4199.156847 2.164936e-16
4201.100347 4.219637e-16
4204.987346 2.343249e-16
4206.930846 2.752680e-16
4208.874346 1.808881e-16
4210.817846 4.790472e-16
4212.761345 5.589499e-16
4214.704845 4.865251e-16
4216.648345 1.652743e-16
4224.422344 2.027605e-16
4226.365843 3.079529e-16
4228.309343 1.370578e-16
4230.252843 2.244395e-16
4232.196343 2.650741e-16
4234.139842 6.608232e-17
4238.026842 1.833735e-16
4239.970342 1.717495e-16
4241.913841 2.143320e-16
4247.744340 3.307830e-16
4249.687840 4.298593e-16
4253.574840 1.680053e-16
4255.518339 1.615187e-16
4257.461839 1.227575e-16
4259.405339 3.829150e-16
4261.348839 4.601804e-16
4263.292338 9.670918e-17
4265.235838 3.441644e-19
4267.179338 2.456876e-16
4269.122837 4.480192e-16
4271.066337 3.379727e-16
4273.009837 2.347922e-16
4274.953337 1.232258e-16
4276.896836 1.939498e-16
4278.840336 2.807758e-16
4280.783836 1.080229e-16
4282.727336 2.615661e-16
4284.670835 2.222934e-16
4286.614335 2.677374e-16
4288.557835 3.553567e-16
4290.501334 4.168515e-16
4292.444834 3.032752e-16
4294.388334 3.013344e-16
4296.331834 2.532150e-16
4298.275333 1.954750e-16
4300.218833 2.725052e-16
4302.162333 4.203316e-16
4304.105833 3.204948e-16
4306.049332 2.196291e-16
4307.992832 2.041418e-16
4309.936332 4.757684e-17
4311.879832 1.227153e-16
4313.823331 3.155336e-16
4315.766831 3.000702e-16
4317.710331 1.643387e-16
4319.653830 1.095202e-16
4321.597330 5.116105e-17
4323.540830 3.718506e-16
4325.484330 3.552975e-16
4327.427829 4.312937e-16
4329.371329 2.360812e-16
4331.314829 1.177938e-16
4333.258329 3.049602e-16
4335.201828 3.610116e-16
4337.145328 2.582151e-16
4339.088828 1.988940e-16
4341.032327 1.339400e-16
4342.975827 2.417973e-16
4344.919327 2.142658e-16
4346.862827 1.114472e-16
4348.806326 2.689053e-16
4350.749826 3.280507e-16
4352.693326 2.944998e-16
4354.636826 3.262475e-16
4356.580325 5.284112e-17
4362.410824 5.440878e-17
4364.354324 2.847488e-16
4366.297824 1.410942e-16
4368.241324 1.277506e-17
4370.184823 1.247018e-16
4372.128323 1.970668e-16
4374.071823 3.132911e-16
4376.015323 2.157989e-16
4377.958822 2.735029e-16
4379.902322 1.318925e-16
4381.845822 4.217975e-17
4383.789322 2.677362e-16
4385.732821 1.814139e-16
4387.676321 1.185046e-16
4389.619821 1.896643e-16
4391.563320 2.857673e-16
4393.506820 3.431606e-16
4395.450320 1.452522e-16
4397.393820 3.694196e-16
4399.337319 2.923415e-16
4401.280819 1.617875e-16
4403.224319 9.184114e-17
4405.167819 4.710779e-16
4407.111318 2.780239e-16
4409.054818 1.002796e-16
4410.998318 2.471673e-16
4412.941817 3.122641e-16
4414.885317 3.583550e-16
4416.828817 3.257261e-16
4418.772317 2.056505e-16
4420.715816 2.556436e-16
4422.659316 1.758896e-16
4424.602816 2.920370e-16
4426.546316 2.835380e-16
4428.489815 3.590544e-16
4430.433315 2.797146e-16
4432.376815 1.205394e-16
4434.320315 1.986842e-16
4436.263814 2.397556e-16
4438.207314 2.302806e-16
4440.150814 3.065484e-16
4442.094313 2.159798e-16
4444.037813 2.352054e-16
4445.981313 2.537250e-16
4447.924813 2.798042e-16
4449.868312 3.840179e-16
4451.811812 3.468559e-16
4453.755312 1.696374e-16
4455.698812 1.766244e-16
4457.642311 3.186937e-16
4459.585811 3.776222e-16
4461.529311 4.352934e-16
4463.472810 1.618672e-16
4465.416310 3.521533e-16
4467.359810 3.983344e-16
4469.303310 2.330992e-16
4471.246809 2.253671e-16
4473.190309 2.402967e-16
4475.133809 2.313009e-16
4477.077309 2.701827e-16
4479.020808 2.410674e-16
4480.964308 1.717531e-16
4482.907808 3.283368e-16
4484.851307 2.252107e-16
4486.794807 1.489626e-16
4488.738307 1.733218e-16
4490.681807 2.857794e-16
4492.625306 2.460988e-16
4494.568806 3.469550e-16
4496.512306 2.941037e-16
4498.455806 2.702979e-16
4500.399305 3.470303e-16
4502.342805 4.495381e-16
4504.286305 3.733519e-16
4506.229805 3.704859e-16
4508.173304 2.032561e-16
4510.116804 2.080108e-16
4512.060304 2.654780e-16
4514.003803 3.454203e-16
4515.947303 2.690060e-16
4517.890803 2.193181e-16
4519.834303 2.264878e-16
4521.777802 3.848921e-16
4523.721302 3.485219e-16
4525.664802 3.170905e-16
4527.608302 3.190532e-16
4529.551801 3.280977e-16
4531.495301 3.111134e-16
4533.438801 3.095291e-16
4535.382300 3.144037e-16
4537.325800 2.056034e-16
4539.269300 2.143083e-16
4541.212800 3.557999e-16
4543.156299 4.238312e-16
4545.099799 3.398111e-16
4547.043299 2.774509e-16
4548.986799 3.890762e-16
4550.930298 3.274184e-16
4552.873798 2.343533e-16
4554.817298 3.426884e-16
4556.760797 3.339002e-16
4558.704297 2.758969e-16
4560.647797 3.844692e-16
4562.591297 4.373056e-16
4564.534796 4.406756e-16
4566.478296 4.197658e-16
4568.421796 3.414177e-16
4570.365296 3.574386e-16
4572.308795 4.347718e-16
4574.252295 4.566727e-16
4576.195795 4.582113e-16
4578.139295 2.574774e-16
4580.082794 3.600126e-16
4582.026294 3.906059e-16
4583.969794 4.965324e-16
4585.913293 4.873448e-16
4587.856793 3.877866e-16
4589.800293 3.518156e-16
4591.743793 4.250793e-16
4593.687292 4.911231e-16
4595.630792 4.175462e-16
4597.574292 3.185878e-16
4599.517792 2.950630e-16
4601.461291 3.875031e-17
4603.404791 4.394865e-16
4605.348291 3.820454e-16
4607.291790 4.361940e-16
4609.235290 5.504997e-16
4611.178790 4.841086e-16
4613.122290 4.114420e-16
4615.065789 4.659312e-16
4617.009289 4.057182e-16
4618.952789 4.140586e-16
4620.896289 4.911731e-16
4622.839788 4.333448e-16
4624.783288 3.799254e-16
4626.726788 3.497651e-16
4628.670288 3.796629e-16
4630.613787 3.798800e-16
4632.557287 4.441588e-16
4634.500787 4.917239e-16
4636.444286 4.619863e-16
4638.387786 4.360521e-16
4640.331286 4.403115e-16
4642.274786 5.022140e-16
4644.218285 4.698079e-16
4646.161785 4.067944e-16
4648.105285 4.336197e-16
4650.048785 4.867576e-16
4651.992284 4.932952e-16
4653.935784 3.988007e-16
4655.879284 4.204407e-16
4657.822783 4.159987e-16
4659.766283 3.877562e-16
4661.709783 4.198541e-16
4663.653283 2.908099e-16
4665.596782 4.024666e-16
4667.540282 4.760549e-16
4669.483782 3.127314e-16
4671.427282 3.624798e-16
4673.370781 5.019602e-16
4675.314281 4.541482e-16
4679.201280 9.679085e-17
4681.144780 4.602755e-16
4683.088280 3.396406e-16
4685.031780 4.959007e-16
4686.975279 5.463253e-16
4688.918779 6.034711e-16
4690.862279 4.315718e-16
4692.805779 3.887037e-16
4694.749278 3.868748e-16
4696.692778 4.628321e-16
4698.636278 3.742780e-16
4700.579778 4.367731e-16
4702.523277 4.995712e-16
4704.466777 4.068864e-16
4706.410277 4.455402e-16
4708.353776 4.634626e-16
4710.297276 4.624549e-16
4712.240776 4.276790e-16
4714.184276 3.886349e-16
4716.127775 4.203812e-16
4718.071275 3.641675e-16
4720.014775 2.534404e-16
4721.958275 3.478348e-16
4723.901774 3.233559e-16
4725.845274 4.384922e-16
4727.788774 4.820202e-16
4729.732273 3.387739e-16
4731.675773 3.169438e-16
4733.619273 3.595437e-16
4735.562773 3.972811e-16
4737.506272 3.409856e-16
4739.449772 4.389567e-16
4741.393272 3.063807e-16
4743.336772 3.567591e-16
4745.280271 3.868200e-16
4747.223771 3.562347e-16
4749.167271 3.691241e-16
4751.110770 4.664196e-16
4753.054270 3.686055e-16
4754.997770 2.974347e-16
4756.941270 3.599151e-16
4758.884769 3.587309e-16
4760.828269 3.324291e-16
4762.771769 4.449422e-16
4764.715269 4.307427e-16
4766.658768 3.389645e-16
4768.602268 3.425959e-16
4770.545768 3.726718e-16
4772.489268 5.063594e-16
4774.432767 4.021797e-16
4776.376267 3.076611e-16
4778.319767 3.437404e-16
4780.263266 3.933460e-16
4782.206766 4.435173e-16
4784.150266 4.492817e-16
4786.093766 3.647197e-16
4788.037265 3.266667e-16
4789.980765 4.615983e-16
4791.924265 4.571823e-16
4793.867765 3.908055e-16
4795.811264 2.716084e-16
4797.754764 2.958382e-16
4799.698264 3.378760e-16
4801.641763 3.320599e-16
4803.585263 3.795596e-16
4805.528763 2.350813e-16
4807.472263 3.252132e-16
4809.415762 3.947462e-16
4811.359262 3.882830e-16
4813.302762 3.827589e-16
4815.246262 3.595345e-16
4817.189761 4.311733e-16
4819.133261 3.814636e-16
4821.076761 3.138634e-16
4823.020260 3.063173e-16
4824.963760 2.683038e-16
4826.907260 3.010600e-16
4828.850760 3.546877e-16
4830.794259 3.553162e-16
4832.737759 3.345058e-16
4834.681259 3.564692e-16
4836.624759 3.200554e-16
4838.568258 2.965177e-16
4840.511758 2.962147e-16
4842.455258 3.537899e-16
4844.398758 3.168197e-16
4846.342257 2.599103e-16
4848.285757 3.077632e-16
4850.229257 2.974985e-16
4852.172756 1.876752e-16
4854.116256 2.418956e-16
4856.059756 2.595438e-16
4858.003256 3.132760e-16
4859.946755 2.790731e-16
4861.890255 2.260619e-16
4863.833755 1.952660e-16
4865.777255 2.188905e-16
4867.720754 2.068407e-16
4869.664254 2.570805e-16
4871.607754 2.411627e-16
4873.551253 1.831641e-16
4875.494753 3.263455e-16
4877.438253 3.163641e-16
4879.381753 2.104673e-16
4881.325252 2.700034e-16
4883.268752 2.599138e-16
4885.212252 2.344975e-16
4887.155752 3.532753e-16
4889.099251 3.444871e-16
4891.042751 2.711694e-16
4892.986251 4.017177e-16
4894.929751 4.297870e-16
4896.873250 3.016773e-16
4898.816750 3.560593e-16
4900.760250 3.358016e-16
4902.703749 2.749878e-16
4904.647249 2.182600e-16
4906.590749 2.627281e-16
4908.534249 2.708788e-16
4910.477748 2.426835e-16
4912.421248 2.564638e-16
4914.364748 3.323196e-16
4916.308248 2.593677e-16
4918.251747 2.506489e-16
4920.195247 2.723445e-16
4922.138747 3.092241e-16
4924.082246 2.976491e-16
4926.025746 2.418375e-16
4927.969246 2.606821e-16
4929.912746 3.520334e-16
4931.856245 3.167434e-16
4933.799745 2.170918e-16
4935.743245 2.903417e-16
4937.686745 2.962090e-16
4939.630244 3.452262e-16
4941.573744 3.526806e-16
4943.517244 3.538586e-16
4945.460743 3.882786e-16
4947.404243 4.227913e-16
4949.347743 4.077318e-16
4951.291243 3.890215e-16
4953.234742 4.103247e-16
4955.178242 4.034176e-16
4957.121742 4.223282e-16
4959.065242 4.805186e-16
4961.008741 5.044568e-16
4962.952241 4.432829e-16
4964.895741 4.878513e-16
4966.839241 5.959512e-16
4968.782740 4.583568e-16
4970.726240 5.254162e-16
4972.669740 5.307710e-16
4974.613239 5.451276e-16
4976.556739 5.250494e-16
4978.500239 5.240851e-16
4980.443739 5.370574e-16
4982.387238 5.377123e-16
4984.330738 5.668270e-16
4986.274238 5.638489e-16
4988.217738 5.040160e-16
4990.161237 4.426801e-16
4992.104737 4.798542e-16
4994.048237 5.522668e-16
4995.991736 5.483216e-16
4997.935236 5.213121e-16
4999.878736 5.872082e-16
5001.822236 5.510868e-16
5003.765735 5.904820e-16
5005.709235 6.768262e-16
5007.652735 5.789605e-16
5009.596235 5.876157e-16
5011.539734 6.359372e-16
5013.483234 5.699613e-16
5015.426734 5.511916e-16
5017.370233 6.533160e-16
5019.313733 6.065465e-16
5021.257233 4.752025e-16
5023.200733 5.316649e-16
5025.144232 5.786474e-16
5027.087732 5.616276e-16
5029.031232 5.438371e-16
5030.974732 5.586340e-16
5032.918231 5.702858e-16
5034.861731 5.287973e-16
5036.805231 5.063023e-16
5038.748731 6.215405e-16
5040.692230 6.082782e-16
5042.635730 5.472390e-16
5044.579230 5.647415e-16
5046.522729 4.940705e-16
5048.466229 4.992193e-16
5050.409729 4.143452e-16
5052.353229 4.433781e-16
5054.296728 5.300000e-16
5056.240228 4.811546e-16
5058.183728 5.205395e-16
5060.127228 4.671802e-16
5062.070727 4.215398e-16
5064.014227 4.428006e-16
5065.957727 4.301810e-16
5067.901226 4.414883e-16
5069.844726 4.273919e-16
5071.788226 3.813265e-16
5073.731726 3.798763e-16
5075.675225 4.158959e-16
5077.618725 4.128956e-16
5079.562225 4.139533e-16
5081.505725 4.355047e-16
5083.449224 4.478319e-16
5085.392724 4.083436e-16
5087.336224 4.782517e-16
5089.279724 3.608061e-16
5091.223223 4.223794e-16
5093.166723 4.526043e-16
5095.110223 3.500158e-16
5097.053722 3.804204e-16
5098.997222 3.619931e-16
5100.940722 4.289751e-16
5102.884222 4.689570e-16
5104.827721 4.596958e-16
5106.771221 4.182231e-16
5108.714721 3.385627e-16
5110.658221 4.544592e-16
5112.601720 4.307941e-16
5114.545220 3.423223e-16
5116.488720 3.900892e-16
5118.432219 4.174297e-16
5120.375719 4.273457e-16
5122.319219 4.378424e-16
5124.262719 4.553637e-16
5126.206218 4.695706e-16
5128.149718 4.906287e-16
5130.093218 4.084011e-16
5132.036718 3.700250e-16
5133.980217 4.531678e-16
5135.923717 4.574876e-16
5137.867217 4.413593e-16
5139.810716 4.559284e-16
5141.754216 4.620089e-16
5143.697716 4.601138e-16
5145.641216 4.132683e-16
5147.584715 4.342246e-16
5149.528215 4.774812e-16
5151.471715 4.418117e-16
5153.415215 5.062932e-16
5155.358714 4.971168e-16
5157.302214 5.395855e-16
5159.245714 5.122868e-16
5161.189214 4.810298e-16
5163.132713 4.968156e-16
5165.076213 4.352083e-16
5167.019713 4.601696e-16
5168.963212 4.620672e-16
5170.906712 4.542114e-16
5172.850212 5.517827e-16
5174.793712 5.509386e-16
5176.737211 4.695577e-16
5178.680711 4.421308e-16
5180.624211 5.037041e-16
5182.567711 5.046843e-16
5184.511210 4.951253e-16
5186.454710 5.001791e-16
5188.398210 4.907760e-16
5190.341709 4.975683e-16
5192.285209 5.106979e-16
5194.228709 5.306410e-16
5196.172209 5.023369e-16
5198.115708 5.123953e-16
5200.059208 5.171327e-16
5202.002708 4.824295e-16
5203.946208 5.538649e-16
5205.889707 6.001806e-16
5207.833207 5.270973e-16
5209.776707 4.590762e-16
5211.720206 4.696662e-16
5213.663706 5.151259e-16
5215.607206 5.342263e-16
5217.550706 4.877179e-16
5219.494205 4.278368e-16
5221.437705 4.741805e-16
5223.381205 5.138391e-16
5225.324705 5.181091e-16
5227.268204 5.663248e-16
5229.211704 5.649379e-16
5231.155204 4.864396e-16
5233.098704 4.523285e-16
5235.042203 5.377951e-16
5236.985703 5.747483e-16
5238.929203 5.308079e-16
5240.872702 4.932407e-16
5242.816202 4.927510e-16
5244.759702 5.371715e-16
5246.703202 5.111783e-16
5248.646701 4.893482e-16
5250.590201 5.448163e-16
5252.533701 5.323878e-16
5254.477201 4.777568e-16
5256.420700 5.004139e-16
5258.364200 5.155693e-16
5260.307700 5.786564e-16
5262.251199 5.540332e-16
5264.194699 5.591566e-16
5266.138199 4.938931e-16
5268.081699 5.149419e-16
5270.025198 5.581181e-16
5271.968698 5.772126e-16
5273.912198 5.846317e-16
5275.855698 5.436216e-16
5277.799197 4.986809e-16
5279.742697 5.506323e-16
5281.686197 5.792832e-16
5283.629697 5.091108e-16
5285.573196 4.700910e-16
5287.516696 5.281423e-16
5289.460196 5.036299e-16
5291.403695 5.610204e-16
5293.347195 6.076542e-16
5295.290695 6.092830e-16
5297.234195 5.639486e-16
5299.177694 5.521319e-16
5301.121194 6.006385e-16
5303.064694 6.115330e-16
5305.008194 6.059032e-16
5306.951693 5.932113e-16
5308.895193 6.056301e-16
5310.838693 6.350549e-16
5312.782192 5.754219e-16
5314.725692 6.374329e-16
5316.669192 6.222084e-16
5318.612692 6.662735e-16
5320.556191 6.116871e-16
5322.499691 5.521158e-16
5324.443191 6.165279e-16
5326.386691 6.142609e-16
5328.330190 6.023652e-16
5330.273690 6.522935e-16
5332.217190 6.535892e-16
5334.160689 6.468740e-16
5336.104189 6.531300e-16
5338.047689 6.430341e-16
5339.991189 6.588088e-16
5341.934688 6.465848e-16
5343.878188 6.045205e-16
5345.821688 6.657448e-16
5347.765188 6.971106e-16
5349.708687 6.888894e-16
5351.652187 6.991370e-16
5353.595687 6.939479e-16
5355.539187 7.171317e-16
5357.482686 6.930240e-16
5359.426186 6.755193e-16
5361.369686 6.925295e-16
5363.313185 6.988821e-16
5365.256685 7.086542e-16
5367.200185 7.376717e-16
5369.143685 7.486890e-16
5371.087184 7.165807e-16
5373.030684 7.337395e-16
5374.974184 6.843636e-16
5376.917684 6.831927e-16
5378.861183 7.346887e-16
5380.804683 7.166555e-16
5382.748183 7.646036e-16
5384.691682 7.330486e-16
5386.635182 7.176503e-16
5388.578682 6.859699e-16
5390.522182 6.624624e-16
5392.465681 6.342563e-16
5394.409181 6.665830e-16
5396.352681 7.435338e-16
5398.296181 7.314163e-16
5400.239680 6.920454e-16
5402.183180 7.300819e-16
5404.126680 8.119570e-16
5406.070179 6.901020e-16
5408.013679 6.908355e-16
5409.957179 7.708517e-16
5411.900679 7.819297e-16
5413.844178 7.597979e-16
5415.787678 7.315985e-16
5417.731178 7.208632e-16
5419.674678 7.033126e-16
5421.618177 7.177146e-16
5423.561677 7.211921e-16
5425.505177 7.098593e-16
5427.448677 6.984092e-16
5429.392176 7.276777e-16
5431.335676 7.194720e-16
5433.279176 7.082807e-16
5435.222675 6.813723e-16
5437.166175 6.467714e-16
5439.109675 7.312041e-16
5441.053175 7.213433e-16
5442.996674 7.247089e-16
5444.940174 7.410177e-16
5446.883674 7.089764e-16
5448.827174 7.292627e-16
5450.770673 7.054135e-16
5452.714173 6.939167e-16
5454.657673 7.128875e-16
5456.601172 7.274380e-16
5458.544672 7.306991e-16
5460.488172 6.843441e-16
5462.431672 6.781767e-16
5464.375171 7.278642e-16
5466.318671 7.454742e-16
5468.262171 7.107771e-16
5470.205671 7.167395e-16
5472.149170 7.070893e-16
5474.092670 7.105053e-16
5476.036170 7.996067e-16
5477.979669 7.878316e-16
5479.923169 6.967764e-16
5481.866669 6.885893e-16
5483.810169 7.617142e-16
5485.753668 7.731295e-16
5487.697168 7.628197e-16
5489.640668 7.708859e-16
5491.584168 8.181401e-16
5493.527667 8.624568e-16
5495.471167 8.386337e-16
5497.414667 8.515767e-16
5499.358167 8.479968e-16
5501.301666 8.470361e-16
5503.245166 8.374046e-16
5505.188666 9.300535e-16
5507.132165 8.990227e-16
5509.075665 8.463991e-16
5511.019165 9.453573e-16
5512.962665 9.155299e-16
5514.906164 8.899149e-16
5516.849664 9.300411e-16
5518.793164 9.183246e-16
5520.736664 9.287385e-16
5522.680163 9.057949e-16
5524.623663 9.047725e-16
5526.567163 8.843084e-16
5528.510662 8.499674e-16
5530.454162 8.788411e-16
5532.397662 9.007158e-16
5534.341162 8.807398e-16
5536.284661 9.277312e-16
5538.228161 9.046233e-16
5540.171661 8.739988e-16
5542.115161 9.104507e-16
5544.058660 9.287526e-16
5546.002160 8.960543e-16
5547.945660 8.692181e-16
5549.889160 9.109584e-16
5551.832659 9.159806e-16
5553.776159 8.814729e-16
5555.719659 8.658749e-16
5557.663158 8.652417e-16
5559.606658 8.765138e-16
5561.550158 8.965272e-16
5563.493658 8.912985e-16
5565.437157 8.708118e-16
5567.380657 9.026992e-16
5569.324157 8.771773e-16
5571.267657 9.589376e-16
5573.211156 9.268771e-16
5575.154656 8.667109e-16
5577.098156 8.940739e-16
5579.041655 8.174022e-16
5580.985155 7.546203e-16
5582.928655 7.813627e-16
5584.872155 8.049993e-16
5586.815654 8.923490e-16
5588.759154 8.656996e-16
5590.702654 8.377088e-16
5592.646154 7.771850e-16
5594.589653 7.264851e-16
5596.533153 8.001763e-16
5598.476653 7.827136e-16
5600.420152 7.898756e-16
5602.363652 7.985646e-16
5604.307152 8.271837e-16
5606.250652 7.761457e-16
5608.194151 7.800033e-16
5610.137651 7.899769e-16
5612.081151 8.155785e-16
5614.024651 7.677589e-16
5615.968150 7.440624e-16
5617.911650 7.607918e-16
5619.855150 7.911187e-16
5621.798650 8.096157e-16
5623.742149 7.740712e-16
5625.685649 7.838254e-16
5627.629149 8.095631e-16
5629.572648 8.079712e-16
5631.516148 7.867274e-16
5633.459648 7.618310e-16
5635.403148 7.855491e-16
5637.346647 7.699481e-16
5639.290147 7.807083e-16
5641.233647 8.171177e-16
5643.177147 7.753711e-16
5645.120646 8.302421e-16
5647.064146 7.904252e-16
5649.007646 7.424409e-16
5650.951145 7.751965e-16
5652.894645 7.543231e-16
5654.838145 7.567363e-16
5656.781645 7.733955e-16
5658.725144 7.650654e-16
5660.668644 7.602509e-16
5662.612144 7.803388e-16
5664.555644 7.511986e-16
5666.499143 7.265778e-16
5668.442643 7.337302e-16
5670.386143 7.494265e-16
5672.329642 7.364730e-16
5674.273142 7.190750e-16
5676.216642 6.981039e-16
5678.160142 7.076778e-16
5680.103641 6.878499e-16
5682.047141 6.556081e-16
5683.990641 6.332005e-16
5685.934141 6.205837e-16
5687.877640 5.927536e-16
5689.821140 5.986906e-16
5691.764640 5.430719e-16
5693.708140 5.405118e-16
5695.651639 5.549584e-16
5697.595139 5.412270e-16
5699.538639 5.423474e-16
5701.482138 4.953157e-16
5703.425638 4.941706e-16
5705.369138 4.489081e-16
5707.312638 3.869782e-16
5709.256137 4.192363e-16
5711.199637 4.296130e-16
5713.143137 3.969452e-16
5715.086637 3.737874e-16
5717.030136 3.758516e-16
5718.973636 3.722431e-16
5720.917136 3.791401e-16
5722.860635 3.661745e-16
5724.804135 3.603789e-16
5726.747635 3.274413e-16
5728.691135 3.286475e-16
5730.634634 3.087357e-16
5732.578134 2.738307e-16
5734.521634 2.859661e-16
5736.465134 2.986298e-16
5738.408633 3.159066e-16
5740.352133 3.007850e-16
5742.295633 3.472109e-16
5744.239133 3.730603e-16
5746.182632 3.225762e-16
5748.126132 3.458002e-16
5750.069632 3.779205e-16
5752.013131 4.248908e-16
5753.956631 4.238899e-16
5755.900131 4.206035e-16
5757.843631 4.271334e-16
5759.787130 3.866397e-16
5761.730630 3.686647e-16
5763.674130 3.901548e-16
5765.617630 3.982093e-16
5767.561129 4.069271e-16
5769.504629 4.347100e-16
5771.448129 4.415256e-16
5773.391628 4.552627e-16
5775.335128 5.045675e-16
5777.278628 5.019672e-16
5779.222128 4.997398e-16
5781.165627 5.547317e-16
5783.109127 5.692178e-16
5785.052627 5.303909e-16
5786.996127 5.135695e-16
5788.939626 5.430917e-16
5790.883126 6.339840e-16
5792.826626 6.354176e-16
5794.770125 6.137861e-16
5796.713625 6.530975e-16
5798.657125 6.943234e-16
5800.600625 6.714107e-16
5802.544124 6.590076e-16
5804.487624 7.100984e-16
5806.431124 7.352644e-16
5808.374624 6.868404e-16
5810.318123 7.396468e-16
5812.261623 7.431758e-16
5814.205123 7.945964e-16
5816.148623 7.935811e-16
5818.092122 8.029772e-16
5820.035622 8.179106e-16
5821.979122 8.049169e-16
5823.922621 8.111409e-16
5825.866121 8.572260e-16
5827.809621 8.915951e-16
5829.753121 8.985520e-16
5831.696620 9.395675e-16
5833.640120 9.855124e-16
5835.583620 9.678854e-16
5837.527120 9.224519e-16
5839.470619 9.648398e-16
5841.414119 9.792840e-16
5843.357619 9.270772e-16
5845.301118 9.343991e-16
5847.244618 9.809524e-16
5849.188118 9.920049e-16
5851.131618 1.041498e-15
5853.075117 1.053756e-15
5855.018617 1.030425e-15
5856.962117 1.014771e-15
5858.905617 1.081938e-15
5860.849116 1.126241e-15
5862.792616 1.072391e-15
5864.736116 1.092757e-15
5866.679615 1.098284e-15
5868.623115 1.101735e-15
5870.566615 1.087034e-15
5872.510115 1.094075e-15
5874.453614 1.065860e-15
5876.397114 1.117465e-15
5878.340614 1.123348e-15
5880.284114 1.045200e-15
5882.227613 1.086623e-15
5884.171113 1.168580e-15
5886.114613 1.122524e-15
5888.058113 1.060631e-15
5890.001612 1.088024e-15
5891.945112 1.109898e-15
5893.888612 1.095970e-15
5895.832111 1.130754e-15
5897.775611 1.161967e-15
5899.719111 1.128605e-15
5901.662611 1.132573e-15
5903.606110 1.117794e-15
5905.549610 1.109633e-15
5907.493110 1.162505e-15
5909.436610 1.153347e-15
5911.380109 1.153112e-15
5913.323609 1.183893e-15
5915.267109 1.210422e-15
5917.210608 1.189343e-15
5919.154108 1.265325e-15
5921.097608 1.206365e-15
5923.041108 1.184130e-15
5924.984607 1.198554e-15
5926.928107 1.211261e-15
5928.871607 1.157320e-15
5930.815107 1.136014e-15
5932.758606 1.088397e-15
5934.702106 1.079422e-15
5936.645606 1.091220e-15
5938.589106 1.138991e-15
5940.532605 1.181261e-15
5942.476105 1.224192e-15
5944.419605 1.186980e-15
5946.363104 1.134369e-15
5948.306604 1.211749e-15
5950.250104 1.230319e-15
5952.193604 1.171381e-15
5954.137103 1.136749e-15
5956.080603 1.148558e-15
5958.024103 1.207907e-15
5959.967603 1.190308e-15
5961.911102 1.120367e-15
5963.854602 1.112144e-15
5965.798102 1.192307e-15
5967.741601 1.157266e-15
5969.685101 1.109943e-15
5971.628601 1.187340e-15
5973.572101 1.137332e-15
5975.515600 1.117020e-15
5977.459100 1.149716e-15
5979.402600 1.175023e-15
5981.346100 1.093216e-15
5983.289599 1.087354e-15
5985.233099 1.140510e-15
5987.176599 1.162635e-15
5989.120098 1.130125e-15
5991.063598 1.126433e-15
5993.007098 1.104203e-15
5994.950598 1.056487e-15
5996.894097 1.068908e-15
5998.837597 1.126629e-15
6000.781097 1.138843e-15
6002.724597 1.103293e-15
6004.668096 1.091428e-15
6006.611596 1.067654e-15
6008.555096 1.060330e-15
6010.498596 1.076982e-15
6012.442095 1.039045e-15
6014.385595 1.086803e-15
6016.329095 1.034675e-15
6018.272594 1.004606e-15
6020.216094 1.040353e-15
6022.159594 1.073620e-15
6024.103094 1.035651e-15
6026.046593 9.952926e-16
6027.990093 9.893379e-16
6029.933593 1.047853e-15
6031.877093 1.014312e-15
6033.820592 1.024058e-15
6035.764092 9.728647e-16
6037.707592 9.442052e-16
6039.651091 9.382599e-16
6041.594591 9.592279e-16
6043.538091 9.535326e-16
6045.481591 9.399989e-16
6047.425090 9.456015e-16
6049.368590 9.768593e-16
6051.312090 9.525901e-16
6053.255590 9.459819e-16
6055.199089 9.518496e-16
6057.142589 8.956029e-16
6059.086089 9.381855e-16
6061.029588 9.594722e-16
6062.973088 8.712408e-16
6064.916588 8.718441e-16
6066.860088 8.812214e-16
6068.803587 8.816894e-16
6070.747087 9.164928e-16
6072.690587 9.437732e-16
6074.634087 9.092189e-16
6076.577586 8.932305e-16
6078.521086 9.256888e-16
6080.464586 9.453010e-16
6082.408086 9.693325e-16
6084.351585 8.958338e-16
6086.295085 8.919809e-16
6088.238585 8.732410e-16
6090.182084 8.981045e-16
6092.125584 8.861872e-16
6094.069084 8.983713e-16
6096.012584 8.928672e-16
6097.956083 8.683510e-16
6099.899583 8.796519e-16
6101.843083 8.750435e-16
6103.786583 8.730375e-16
6105.730082 8.822715e-16
6107.673582 8.761218e-16
6109.617082 8.835767e-16
6111.560581 8.982142e-16
6113.504081 9.081447e-16
6115.447581 9.042562e-16
6117.391081 8.879327e-16
6119.334580 8.788938e-16
6121.278080 8.569795e-16
6123.221580 8.619156e-16
6125.165080 8.551726e-16
6127.108579 8.142497e-16
6129.052079 8.643081e-16
6130.995579 8.472212e-16
6132.939078 8.230188e-16
6134.882578 9.640003e-16
6136.826078 9.463975e-16
6138.769578 8.930718e-16
6140.713077 8.712507e-16
6142.656577 9.003177e-16
6144.600077 8.598797e-16
6146.543577 8.331081e-16
6148.487076 8.738186e-16
6150.430576 8.727196e-16
6152.374076 8.665933e-16
6154.317576 8.535902e-16
6156.261075 8.319021e-16
6158.204575 8.430072e-16
6160.148075 8.523002e-16
6162.091574 8.590999e-16
6164.035074 8.822629e-16
6165.978574 9.280973e-16
6167.922074 9.147909e-16
6169.865573 8.725221e-16
6171.809073 8.617555e-16
6173.752573 9.020639e-16
6175.696073 8.829124e-16
6177.639572 8.504522e-16
6179.583072 8.067878e-16
6181.526572 8.625292e-16
6183.470071 9.233056e-16
6185.413571 9.257626e-16
6187.357071 8.616376e-16
6189.300571 8.767377e-16
6191.244070 8.951998e-16
6193.187570 8.528785e-16
6195.131070 8.777410e-16
6197.074570 8.760176e-16
6199.018069 8.985527e-16
6200.961569 9.446473e-16
6202.905069 9.055419e-16
6204.848569 9.175566e-16
6206.792068 9.590402e-16
6208.735568 9.141876e-16
6210.679068 8.932443e-16
6212.622567 9.167097e-16
6214.566067 9.338659e-16
6216.509567 9.025352e-16
6218.453067 9.060998e-16
6220.396566 9.509207e-16
6222.340066 9.034381e-16
6224.283566 9.269423e-16
6226.227066 9.417667e-16
6228.170565 9.632597e-16
6230.114065 9.552688e-16
6232.057565 8.956111e-16
6234.001064 8.883343e-16
6235.944564 8.836240e-16
6237.888064 8.984654e-16
6239.831564 9.222028e-16
6241.775063 9.651040e-16
6243.718563 9.579684e-16
6245.662063 9.104604e-16
6247.605563 8.866147e-16
6249.549062 8.934500e-16
6251.492562 9.185381e-16
6253.436062 8.073970e-16
6255.379561 7.151798e-16
6257.323061 8.153906e-16
6259.266561 8.879425e-16
6261.210061 9.577431e-16
6263.153560 9.370396e-16
6265.097060 9.092110e-16
6267.040560 9.346723e-16
6268.984060 8.772008e-16
6270.927559 8.465171e-16
6272.871059 8.394782e-16
6274.814559 8.612764e-16
6276.758059 8.689835e-16
6278.701558 8.171689e-16
6280.645058 8.554390e-16
6282.588558 9.145441e-16
6284.532057 8.815687e-16
6286.475557 9.239024e-16
6288.419057 9.107435e-16
6290.362557 8.739390e-16
6292.306056 8.570991e-16
6294.249556 8.536032e-16
6296.193056 8.325879e-16
6298.136556 8.468291e-16
6300.080055 8.670929e-16
6302.023555 8.340895e-16
6303.967055 8.313614e-16
6305.910554 8.313862e-16
6307.854054 8.454568e-16
6309.797554 8.305512e-16
6311.741054 8.123116e-16
6313.684553 8.692705e-16
6315.628053 8.175254e-16
6317.571553 8.346035e-16
6319.515053 8.232421e-16
6321.458552 8.283279e-16
6323.402052 8.126583e-16
6325.345552 7.953839e-16
6327.289051 7.915762e-16
6329.232551 8.344400e-16
6331.176051 8.267343e-16
6333.119551 9.104070e-16
6335.063050 8.593775e-16
6337.006550 8.523346e-16
6338.950050 8.851494e-16
6340.893550 8.728667e-16
6342.837049 8.529071e-16
6344.780549 8.517943e-16
6346.724049 8.875618e-16
6348.667549 8.687983e-16
6350.611048 8.193511e-16
6352.554548 8.368888e-16
6354.498048 8.681128e-16
6356.441547 8.335449e-16
6358.385047 8.744721e-16
6360.328547 8.374109e-16
6362.272047 8.343097e-16
6364.215546 8.589197e-16
6366.159046 8.200043e-16
6368.102546 8.247594e-16
6370.046046 8.077683e-16
6371.989545 8.379220e-16
6373.933045 8.556422e-16
6375.876545 8.308833e-16
6377.820044 8.636431e-16
6379.763544 8.433566e-16
6381.707044 8.255126e-16
6383.650544 8.098829e-16
6385.594043 8.168641e-16
6387.537543 8.508715e-16
6389.481043 8.445968e-16
6391.424543 8.359307e-16
6393.368042 8.437861e-16
6395.311542 8.389953e-16
6397.255042 8.488073e-16
6399.198542 8.806588e-16
6401.142041 8.691330e-16
6403.085541 8.425468e-16
6405.029041 8.333827e-16
6406.972540 8.209538e-16
6408.916040 8.210114e-16
6410.859540 8.401765e-16
6412.803040 8.785382e-16
6414.746539 8.621430e-16
6416.690039 8.862012e-16
6418.633539 8.889249e-16
6420.577039 9.056910e-16
6422.520538 9.227719e-16
6424.464038 8.885855e-16
6426.407538 8.597805e-16
6428.351037 9.105229e-16
6430.294537 9.240197e-16
6432.238037 8.896684e-16
6434.181537 8.515259e-16
6436.125036 8.286599e-16
6438.068536 8.761171e-16
6440.012036 8.916518e-16
6441.955536 8.674329e-16
6443.899035 8.625466e-16
6445.842535 8.578446e-16
6447.786035 8.866390e-16
6449.729534 8.684986e-16
6451.673034 8.913655e-16
6453.616534 9.159479e-16
6455.560034 8.849277e-16
6457.503533 8.677499e-16
6459.447033 8.556602e-16
6461.390533 8.527898e-16
6463.334033 8.547802e-16
6465.277532 9.033430e-16
6467.221032 8.950158e-16
6469.164532 8.685205e-16
6471.108032 9.012429e-16
6473.051531 8.668125e-16
6474.995031 8.084598e-16
6476.938531 8.381660e-16
6478.882030 7.735755e-16
6480.825530 7.099987e-16
6482.769030 7.974574e-16
6484.712530 7.854317e-16
6486.656029 7.665614e-16
6488.599529 7.561638e-16
6490.543029 7.727972e-16
6492.486529 7.656633e-16
6494.430028 7.713625e-16
6496.373528 7.519890e-16
6498.317028 7.468109e-16
6500.260527 7.333622e-16
6502.204027 7.255604e-16
6504.147527 6.917112e-16
6506.091027 6.942021e-16
6508.034526 7.091720e-16
6509.978026 6.463191e-16
6511.921526 6.163384e-16
6513.865026 6.268377e-16
6515.808525 6.234722e-16
6517.752025 6.191876e-16
6519.695525 6.393184e-16
6521.639024 6.400137e-16
6523.582524 6.116766e-16
6525.526024 6.186518e-16
6527.469524 6.216565e-16
6529.413023 6.362143e-16
6531.356523 6.547017e-16
6533.300023 6.540348e-16
6535.243523 6.660569e-16
6537.187022 6.649471e-16
6539.130522 6.575175e-16
6541.074022 6.402239e-16
6543.017522 6.463736e-16
6544.961021 6.516730e-16
6546.904521 6.250416e-16
6548.848021 6.565495e-16
6550.791520 6.548254e-16
6552.735020 6.699655e-16
6554.678520 6.881672e-16
6556.622020 6.999921e-16
6558.565519 6.885849e-16
6560.509019 7.060292e-16
6562.452519 7.233370e-16
6564.396019 6.830173e-16
6566.339518 6.996785e-16
6568.283018 7.302650e-16
6570.226518 7.258148e-16
6572.170017 7.552406e-16
6574.113517 8.109237e-16
6576.057017 8.270511e-16
6578.000517 7.664561e-16
6579.944016 8.018240e-16
6581.887516 7.890307e-16
6583.831016 8.502977e-16
6585.774516 8.527187e-16
6587.718015 8.527544e-16
6589.661515 8.926109e-16
6591.605015 9.111674e-16
6593.548514 9.200653e-16
6595.492014 9.226416e-16
6597.435514 9.087297e-16
6599.379014 9.023273e-16
6601.322513 9.465372e-16
6603.266013 1.080531e-15
6605.209513 1.182481e-15
6607.153013 1.201767e-15
6609.096512 1.247807e-15
6611.040012 1.218984e-15
6612.983512 1.072571e-15
6614.927012 9.645835e-16
6616.870511 1.011897e-15
6618.814011 9.809630e-16
6620.757511 1.003048e-15
6622.701010 1.077545e-15
6624.644510 1.073484e-15
6626.588010 1.100396e-15
6628.531510 1.125686e-15
6630.475009 1.099386e-15
6632.418509 1.106739e-15
6634.362009 1.086020e-15
6636.305509 1.032261e-15
6638.249008 1.054187e-15
6640.192508 1.089892e-15
6642.136008 1.110118e-15
6644.079507 1.123905e-15
6646.023007 1.116333e-15
6647.966507 1.098051e-15
6649.910007 1.087519e-15
6651.853506 1.117101e-15
6653.797006 1.089872e-15
6655.740506 1.060403e-15
6657.684006 1.077104e-15
6659.627505 1.083522e-15
6661.571005 1.069705e-15
6663.514505 1.045228e-15
6665.458005 1.070161e-15
6667.401504 1.090616e-15
6669.345004 1.104634e-15
6671.288504 1.110983e-15
6673.232003 1.103643e-15
6675.175503 1.089705e-15
6677.119003 1.116552e-15
6679.062503 1.118577e-15
6681.006002 1.096975e-15
6682.949502 1.111291e-15
6684.893002 1.143437e-15
6686.836502 1.138055e-15
6688.780001 1.119135e-15
6690.723501 1.109611e-15
6692.667001 1.082678e-15
6694.610500 1.094966e-15
6696.554000 1.080522e-15
6698.497500 1.072696e-15
6700.441000 1.072276e-15
6702.384499 1.114080e-15
6704.327999 1.073586e-15
6706.271499 1.044901e-15
6708.214999 1.057191e-15
6710.158498 1.067567e-15
6712.101998 1.050992e-15
6714.045498 1.062878e-15
6715.988997 1.049403e-15
6717.932497 1.058159e-15
6719.875997 1.066311e-15
6721.819497 1.073007e-15
6723.762996 1.068217e-15
6725.706496 1.056929e-15
6727.649996 1.056538e-15
6729.593496 1.040634e-15
6731.536995 1.065146e-15
6733.480495 1.065554e-15
6735.423995 1.047153e-15
6737.367495 1.031448e-15
6739.310994 1.015570e-15
6741.254494 1.006679e-15
6743.197994 1.049250e-15
6745.141493 1.081292e-15
6747.084993 1.068734e-15
6749.028493 1.014623e-15
6750.971993 1.014219e-15
6752.915492 1.017278e-15
6754.858992 1.019343e-15
6756.802492 1.002726e-15
6758.745992 1.035332e-15
6760.689491 1.054290e-15
6762.632991 1.057192e-15
6764.576491 1.072060e-15
6766.519990 1.040232e-15
6768.463490 1.020948e-15
6770.406990 1.008584e-15
6772.350490 1.004151e-15
6774.293989 1.056606e-15
6776.237489 1.065460e-15
6778.180989 1.041299e-15
6780.124489 1.046819e-15
6782.067988 1.036816e-15
6784.011488 1.013892e-15
6785.954988 1.033223e-15
6787.898487 1.000431e-15
6789.841987 9.873210e-16
6791.785487 9.454671e-16
6793.728987 9.972088e-16
6795.672486 1.005594e-15
6797.615986 9.472307e-16
6799.559486 9.661514e-16
6801.502986 9.949745e-16
6803.446485 1.005264e-15
6805.389985 1.001874e-15
6807.333485 9.944260e-16
6809.276985 1.023209e-15
6811.220484 1.009645e-15
6813.163984 1.032714e-15
6815.107484 1.004225e-15
6817.050983 1.023965e-15
6818.994483 9.798493e-16
6820.937983 9.714249e-16
6822.881483 1.007664e-15
6824.824982 9.750886e-16
6826.768482 9.509835e-16
6828.711982 9.581353e-16
6830.655482 9.353854e-16
6832.598981 9.574236e-16
6834.542481 9.550707e-16
6836.485981 9.577132e-16
6838.429480 9.377751e-16
6840.372980 9.086634e-16
6842.316480 9.053069e-16
6844.259980 9.166209e-16
6846.203479 9.116150e-16
6848.146979 8.822385e-16
6850.090479 9.385340e-16
6852.033979 8.943575e-16
6853.977478 8.494463e-16
6855.920978 8.637133e-16
6857.864478 8.625818e-16
6859.807978 8.229878e-16
6861.751477 7.040319e-16
6863.694977 6.717239e-16
6865.638477 6.295161e-16
6867.581976 5.745777e-16
6869.525476 4.892188e-16
6871.468976 4.462942e-16
6873.412476 5.232223e-16
6875.355975 5.689334e-16
6877.299475 5.821634e-16
6879.242975 6.135604e-16
6881.186475 6.193903e-16
6883.129974 6.268130e-16
6885.073474 6.013487e-16
6887.016974 5.435644e-16
6888.960473 5.404904e-16
6890.903973 5.338760e-16
6892.847473 5.126798e-16
6894.790973 5.333516e-16
6896.734472 5.340016e-16
6898.677972 5.377300e-16
6900.621472 5.290978e-16
6902.564972 5.546300e-16
6904.508471 5.182450e-16
6906.451971 5.099116e-16
6908.395471 5.468303e-16
6910.338970 5.880843e-16
6912.282470 5.924394e-16
6914.225970 5.688817e-16
6916.169470 5.591952e-16
6918.112969 5.559083e-16
6920.056469 5.406210e-16
6921.999969 5.432963e-16
6923.943469 5.679757e-16
6925.886968 5.893327e-16
6927.830468 6.247025e-16
6929.773968 6.187611e-16
6931.717468 5.939533e-16
6933.660967 6.439862e-16
6935.604467 6.663574e-16
6937.547967 6.524163e-16
6939.491466 7.028799e-16
6941.434966 7.119241e-16
6943.378466 6.751537e-16
6945.321966 6.701721e-16
6947.265465 7.026624e-16
6949.208965 7.396282e-16
6951.152465 7.116230e-16
6953.095965 7.219337e-16
6955.039464 7.661014e-16
6956.982964 7.739559e-16
6958.926464 8.019761e-16
6960.869963 8.276156e-16
6962.813463 8.627950e-16
6964.756963 8.864494e-16
6966.700463 8.858851e-16
6968.643962 9.306920e-16
6970.587462 9.491673e-16
6972.530962 9.197673e-16
6974.474462 9.562932e-16
6976.417961 9.254000e-16
6978.361461 9.576674e-16
6980.304961 9.503311e-16
6982.248460 9.356470e-16
6984.191960 9.667502e-16
6986.135460 9.741677e-16
6988.078960 1.020173e-15
6990.022459 1.055397e-15
6991.965959 1.041103e-15
6993.909459 1.055102e-15
6995.852959 1.059636e-15
6997.796458 1.068462e-15
6999.739958 1.123320e-15
7001.683458 1.140156e-15
7003.626958 1.127654e-15
7005.570457 1.084371e-15
7007.513957 1.096524e-15
7009.457457 1.106307e-15
7011.400956 1.113532e-15
7013.344456 1.144638e-15
7015.287956 1.202617e-15
7017.231456 1.165278e-15
7019.174955 1.150611e-15
7021.118455 1.152156e-15
7023.061955 1.143722e-15
7025.005455 1.155849e-15
7026.948954 1.170231e-15
7028.892454 1.201036e-15
7030.835954 1.226731e-15
7032.779453 1.240306e-15
7034.722953 1.263043e-15
7036.666453 1.238007e-15
7038.609953 1.225651e-15
7040.553452 1.234704e-15
7042.496952 1.204973e-15
7044.440452 1.169444e-15
7046.383952 1.118504e-15
7048.327451 1.170510e-15
7050.270951 1.161235e-15
7052.214451 1.115749e-15
7054.157951 1.168177e-15
7056.101450 1.172679e-15
7058.044950 1.146067e-15
7059.988450 1.120038e-15
7061.931949 1.139189e-15
7063.875449 1.193785e-15
7065.818949 1.193263e-15
7067.762449 1.176988e-15
7069.705948 1.167387e-15
7071.649448 1.165943e-15
7073.592948 1.168019e-15
7075.536448 1.096580e-15
7077.479947 1.141707e-15
7079.423447 1.142763e-15
7081.366947 1.128121e-15
7083.310446 1.125667e-15
7085.253946 1.089608e-15
7087.197446 1.091045e-15
7089.140946 1.094512e-15
7091.084445 1.083416e-15
7093.027945 1.077987e-15
7094.971445 1.099379e-15
7096.914945 1.075489e-15
7098.858444 1.091251e-15
7100.801944 1.119075e-15
7102.745444 1.102207e-15
7104.688943 1.093743e-15
7106.632443 1.097653e-15
7108.575943 1.120567e-15
7110.519443 1.134660e-15
7112.462942 1.140617e-15
7114.406442 1.143553e-15
7116.349942 1.158174e-15
7118.293442 1.149325e-15
7120.236941 1.118242e-15
7122.180441 1.101277e-15
7124.123941 1.060665e-15
7126.067441 1.030838e-15
7128.010940 1.053259e-15
7129.954440 1.045192e-15
7131.897940 1.039441e-15
7133.841439 1.027378e-15
7135.784939 1.046191e-15
7137.728439 1.056641e-15
7139.671939 1.083973e-15
7141.615438 1.113757e-15
7143.558938 1.083033e-15
7145.502438 1.102459e-15
7147.445938 1.104854e-15
7149.389437 1.090830e-15
7151.332937 1.083700e-15
7153.276437 1.074839e-15
7155.219936 1.053056e-15
7157.163436 1.065725e-15
7159.106936 1.034953e-15
7161.050436 1.028293e-15
7162.993935 9.650417e-16
7164.937435 9.771541e-16
7166.880935 9.660900e-16
7168.824435 9.497242e-16
7170.767934 9.033377e-16
7172.711434 8.752189e-16
7174.654934 9.110314e-16
7176.598433 9.288700e-16
7178.541933 9.269684e-16
7180.485433 9.247442e-16
7182.428933 9.310224e-16
7184.372432 9.475631e-16
7186.315932 9.389082e-16
7188.259432 9.551065e-16
7190.202932 9.893698e-16
7192.146431 9.750965e-16
7194.089931 9.442001e-16
7196.033431 9.282067e-16
7197.976931 9.078782e-16
7199.920430 9.187558e-16
7201.863930 9.350928e-16
7203.807430 9.881848e-16
7205.750929 3.955689e-16
7209.637929 4.962301e-16
7211.581429 1.069409e-15
7213.524928 1.025670e-15
7215.468428 1.069121e-15
7217.411928 1.011242e-15
7219.355428 1.057876e-15
7221.298927 1.101613e-15
7223.242427 1.095769e-15
7225.185927 1.016083e-15
7227.129426 1.045053e-15
7229.072926 1.048052e-15
7231.016426 1.028547e-15
7232.959926 1.033221e-15
7234.903425 1.028176e-15
7236.846925 1.019608e-15
7238.790425 1.056806e-15
7240.733925 1.063667e-15
7242.677424 1.039382e-15
7244.620924 1.014056e-15
7246.564424 1.018243e-15
7248.507923 1.020315e-15
7250.451423 9.774476e-16
7252.394923 9.603901e-16
7254.338423 9.697050e-16
7256.281922 9.963959e-16
7258.225422 1.010608e-15
7260.168922 1.012565e-15
7262.112422 1.036470e-15
7264.055921 1.032162e-15
7265.999421 1.035004e-15
7267.942921 1.073473e-15
7269.886421 1.096927e-15
7271.829920 1.055506e-15
7273.773420 1.049181e-15
7275.716920 1.019496e-15
7277.660419 1.043755e-15
7279.603919 1.117347e-15
7281.547419 1.107424e-15
7283.490919 1.099124e-15
7285.434418 1.101561e-15
7287.377918 1.049803e-15
7289.321418 1.020095e-15
7291.264918 9.976035e-16
7293.208417 1.044642e-15
7295.151917 1.031095e-15
7297.095417 1.056570e-15
7299.038916 1.090934e-15
7300.982416 1.081001e-15
7302.925916 1.104207e-15
7304.869416 1.109312e-15
7306.812915 1.121392e-15
7308.756415 1.169833e-15
7310.699915 1.218140e-15
7312.643415 1.209656e-15
7314.586914 1.187100e-15
7316.530414 1.189295e-15
7318.473914 1.207752e-15
7320.417414 1.195255e-15
7322.360913 1.148084e-15
7324.304413 1.151623e-15
7326.247913 1.145958e-15
7328.191412 1.122055e-15
7330.134912 1.130219e-15
7332.078412 1.126319e-15
7334.021912 1.145536e-15
7335.965411 1.142079e-15
7337.908911 1.139123e-15
7339.852411 1.154033e-15
7341.795911 1.177973e-15
7343.739410 1.181706e-15
7345.682910 1.195329e-15
7347.626410 1.220232e-15
7349.569909 1.215081e-15
7351.513409 1.218906e-15
7353.456909 1.195557e-15
7355.400409 1.170481e-15
7357.343908 1.185173e-15
7359.287408 1.141953e-15
7361.230908 1.162730e-15
7363.174408 1.147984e-15
7365.117907 1.085370e-15
7367.061407 1.029503e-15
7369.004907 1.023979e-15
7370.948406 1.071231e-15
7372.891906 1.062878e-15
7374.835406 1.096947e-15
7376.778906 1.122762e-15
7378.722405 1.118421e-15
7380.665905 1.151963e-15
7382.609405 1.155465e-15
7384.552905 1.118336e-15
7386.496404 1.142770e-15
7388.439904 1.176463e-15
7390.383404 1.147680e-15
7392.326904 1.122880e-15
7394.270403 1.127616e-15
7396.213903 1.136699e-15
7398.157403 1.105607e-15
7400.100902 1.115846e-15
7402.044402 1.107183e-15
7403.987902 1.051132e-15
7405.931402 1.064871e-15
7407.874901 1.054482e-15
7409.818401 1.024147e-15
7411.761901 1.011734e-15
7413.705401 9.934731e-16
7415.648900 1.005739e-15
7417.592400 1.049219e-15
7419.535900 1.082808e-15
7421.479399 1.126728e-15
7423.422899 1.155975e-15
7425.366399 1.137208e-15
7427.309899 1.131759e-15
7429.253398 1.134432e-15
7431.196898 1.118781e-15
7433.140398 1.104593e-15
7435.083898 1.072201e-15
7437.027397 1.043057e-15
7438.970897 1.080943e-15
7440.914397 1.032198e-15
7442.857896 9.935383e-16
7444.801396 1.012780e-15
7446.744896 9.927999e-16
7448.688396 9.980569e-16
7450.631895 1.021722e-15
7452.575395 1.006167e-15
7454.518895 9.992587e-16
7456.462395 1.014798e-15
7458.405894 1.026311e-15
7460.349394 1.048115e-15
7462.292894 1.074792e-15
7464.236394 1.088786e-15
7466.179893 1.093279e-15
7468.123393 1.106276e-15
7470.066893 1.117125e-15
7472.010392 1.059473e-15
7473.953892 1.032684e-15
7475.897392 1.045234e-15
7477.840892 9.863765e-16
7479.784391 1.009465e-15
7481.727891 9.696043e-16
7483.671391 9.455073e-16
7485.614891 9.678860e-16
7487.558390 9.843940e-16
7489.501890 9.678814e-16
7491.445390 9.833193e-16
7493.388889 1.009399e-15
7495.332389 9.919726e-16
7497.275889 1.026216e-15
7499.219389 1.026792e-15
7501.162888 1.067252e-15
7503.106388 1.054392e-15
7505.049888 1.111730e-15
7506.993388 1.078023e-15
7508.936887 1.072948e-15
7510.880387 1.060885e-15
7512.823887 1.038463e-15
7514.767387 1.043253e-15
7516.710886 9.950005e-16
7518.654386 1.000900e-15
7520.597886 1.018672e-15
7522.541385 9.540362e-16
7524.484885 9.551064e-16
7526.428385 9.841765e-16
7528.371885 9.560170e-16
7530.315384 9.832559e-16
7532.258884 9.680882e-16
7534.202384 9.208496e-16
7536.145884 9.347152e-16
7538.089383 9.508099e-16
7540.032883 9.589635e-16
7541.976383 9.574673e-16
7543.919882 1.004653e-15
7545.863382 1.048942e-15
7547.806882 1.050667e-15
7549.750382 1.049245e-15
7551.693881 1.024268e-15
7553.637381 1.015136e-15
7555.580881 1.004457e-15
7557.524381 9.889751e-16
7559.467880 9.462337e-16
7561.411380 8.919986e-16
7563.354880 8.923073e-16
7565.298379 8.678506e-16
7567.241879 8.422139e-16
7569.185379 8.493439e-16
7571.128879 8.540836e-16
7573.072378 8.915237e-16
7575.015878 8.728100e-16
7576.959378 9.086703e-16
7578.902878 9.269443e-16
7580.846377 9.141139e-16
7582.789877 8.710836e-16
7584.733377 8.663269e-16
7586.676877 8.781486e-16
7588.620376 8.256198e-16
7590.563876 7.086300e-16
7592.507376 6.152945e-16
7594.450875 5.163518e-16
7596.394375 3.521666e-16
7598.337875 2.272335e-16
7600.281375 1.738873e-16
7602.224874 1.402011e-16
7604.168374 9.574037e-17
7606.111874 8.365208e-17
7608.055374 1.269788e-16
7609.998873 1.458034e-16
7611.942373 2.161015e-16
7613.885873 2.873501e-16
7615.829372 3.704963e-16
7617.772872 4.165026e-16
7619.716372 4.185206e-16
7621.659872 3.719061e-16
7623.603371 3.226107e-16
7625.546871 2.910649e-16
7627.490371 2.692887e-16
7629.433871 2.533359e-16
7631.377370 2.430683e-16
7633.320870 2.679091e-16
7635.264370 2.812188e-16
7637.207869 3.037796e-16
7639.151369 3.274284e-16
7641.094869 3.215453e-16
7643.038369 3.774458e-16
7644.981868 3.803143e-16
7646.925368 3.877514e-16
7648.868868 4.350288e-16
7650.812368 4.384116e-16
7652.755867 4.821827e-16
7654.699367 5.286593e-16
7656.642867 5.288725e-16
7658.586367 5.703234e-16
7660.529866 6.403897e-16
7662.473366 6.440142e-16
7664.416866 6.415111e-16
7666.360365 7.003075e-16
7668.303865 7.119205e-16
7670.247365 6.999906e-16
7672.190865 7.388482e-16
7674.134364 7.274626e-16
7676.077864 7.317428e-16
7678.021364 7.624060e-16
7679.964864 7.522010e-16
7681.908363 7.936615e-16
7683.851863 8.045585e-16
7685.795363 7.903933e-16
7687.738862 7.776989e-16
7689.682362 7.783749e-16
7691.625862 7.906504e-16
7693.569362 7.919612e-16
7695.512861 7.621435e-16
7697.456361 7.481104e-16
7699.399861 7.771786e-16
7701.343361 7.659974e-16
7703.286860 7.502080e-16
7705.230360 7.534281e-16
7707.173860 7.861648e-16
7709.117360 7.951703e-16
7711.060859 8.390779e-16
7713.004359 9.062051e-16
7714.947859 9.565720e-16
7716.891358 9.161922e-16
7718.834858 9.121491e-16
7720.778358 9.457546e-16
7722.721858 9.622153e-16
7724.665357 9.682588e-16
7726.608857 9.619015e-16
7728.552357 9.844932e-16
7730.495857 1.009626e-15
7732.439356 1.004639e-15
7734.382856 1.043252e-15
7736.326356 1.059556e-15
7738.269855 1.072155e-15
7740.213355 1.052667e-15
7742.156855 1.073317e-15
7744.100355 1.135378e-15
7746.043854 1.119629e-15
7747.987354 1.098467e-15
7749.930854 1.058190e-15
7751.874354 1.032914e-15
7753.817853 1.043349e-15
7755.761353 1.088193e-15
7757.704853 1.086996e-15
7759.648352 1.022488e-15
7761.591852 1.002910e-15
7763.535352 1.016491e-15
7765.478852 9.941607e-16
7767.422351 9.831548e-16
7769.365851 9.871062e-16
7771.309351 9.864337e-16
7773.252851 9.911502e-16
7775.196350 9.722539e-16
7777.139850 9.804766e-16
7779.083350 1.003863e-15
7781.026850 1.007957e-15
7782.970349 1.028848e-15
7784.913849 1.089015e-15
7786.857349 1.157015e-15
7788.800848 1.137633e-15
7790.744348 1.070209e-15
7792.687848 1.124452e-15
7794.631348 1.206712e-15
7796.574847 1.201771e-15
7798.518347 1.184382e-15
7800.461847 1.158471e-15
7802.405347 1.191229e-15
7804.348846 1.194483e-15
7806.292346 1.152362e-15
7808.235846 1.150868e-15
7810.179345 1.111988e-15
7812.122845 1.126807e-15
7814.066345 1.115232e-15
7816.009845 1.068822e-15
7817.953344 1.069613e-15
7819.896844 1.063971e-15
7821.840344 1.039765e-15
7823.783844 1.051385e-15
7825.727343 1.083571e-15
7827.670843 1.057816e-15
7829.614343 1.014587e-15
7831.557842 1.042103e-15
7833.501342 1.051154e-15
7835.444842 1.032397e-15
7837.388342 1.059273e-15
7839.331841 1.058823e-15
7841.275341 1.066448e-15
7843.218841 1.053439e-15
7845.162341 1.064086e-15
7847.105840 1.145635e-15
7849.049340 1.190667e-15
7850.992840 1.187950e-15
7852.936340 1.165419e-15
7854.879839 1.189983e-15
7856.823339 1.218379e-15
7858.766839 1.182195e-15
7860.710338 1.131785e-15
7862.653838 1.116387e-15
7864.597338 1.101540e-15
7866.540838 1.080965e-15
7868.484337 1.080054e-15
7870.427837 1.040601e-15
7872.371337 1.017931e-15
7874.314837 1.015236e-15
7876.258336 1.008904e-15
7878.201836 1.035051e-15
7880.145336 1.011735e-15
7882.088835 9.831775e-16
7884.032335 9.872635e-16
7885.975835 1.035185e-15
7887.919335 1.052774e-15
7889.862834 1.039375e-15
7891.806334 1.035537e-15
7893.749834 1.046627e-15
7895.693334 1.060326e-15
7897.636833 1.084128e-15
7899.580333 1.113845e-15
7901.523833 1.096009e-15
7903.467332 1.083120e-15
7905.410832 1.084201e-15
7907.354332 1.145504e-15
7909.297832 1.176967e-15
7911.241331 1.190043e-15
7913.184831 1.151397e-15
7915.128331 1.112342e-15
7917.071831 1.108616e-15
7919.015330 1.108451e-15
7920.958830 1.084397e-15
7922.902330 1.060440e-15
7924.845830 1.063285e-15
7926.789329 1.032781e-15
7928.732829 9.992761e-16
7930.676329 1.020122e-15
7932.619828 9.705771e-16
7934.563328 9.201920e-16
7936.506828 9.851255e-16
7938.450328 9.870313e-16
7940.393827 9.645651e-16
7942.337327 9.799967e-16
7944.280827 9.715098e-16
7946.224327 1.005682e-15
7948.167826 1.014613e-15
7950.111326 1.004733e-15
7952.054826 9.728260e-16
7953.998325 1.000547e-15
7955.941825 1.082159e-15
7957.885325 1.095362e-15
7959.828825 1.080896e-15
7961.772324 1.075912e-15
7963.715824 1.031152e-15
7965.659324 1.037357e-15
7967.602824 1.040119e-15
7969.546323 9.705462e-16
7971.489823 9.818646e-16
7973.433323 9.290541e-16
7975.376823 9.129474e-16
7977.320322 9.106272e-16
7979.263822 8.898807e-16
7981.207322 8.663665e-16
7983.150821 8.794827e-16
7985.094321 8.955098e-16
7987.037821 8.952224e-16
7988.981321 9.179668e-16
7990.924820 9.454326e-16
7992.868320 9.235683e-16
7994.811820 9.136506e-16
7996.755320 9.691555e-16
7998.698819 9.885273e-16
8000.642319 9.708052e-16
8002.585819 1.001071e-15
8004.529318 9.983425e-16
8006.472818 9.757295e-16
8008.416318 9.846784e-16
8010.359818 9.485203e-16
8012.303317 9.489844e-16
8014.246817 9.426070e-16
8016.190317 9.214593e-16
8018.133817 9.021597e-16
8020.077316 8.842287e-16
8022.020816 8.460758e-16
8023.964316 7.713673e-16
8025.907815 7.567809e-16
8027.851315 7.996249e-16
8029.794815 7.927401e-16
8031.738315 8.031030e-16
8033.681814 8.113403e-16
8035.625314 8.191365e-16
8037.568814 8.249075e-16
8039.512314 8.063306e-16
8041.455813 8.331141e-16
8043.399313 8.730211e-16
8045.342813 9.035633e-16
8047.286313 9.399145e-16
8049.229812 9.455292e-16
8051.173312 8.972144e-16
8053.116812 9.233922e-16
8055.060311 9.256720e-16
8057.003811 8.827401e-16
8058.947311 8.994833e-16
8060.890811 8.638084e-16
8062.834310 8.272244e-16
8064.777810 8.619019e-16
8066.721310 8.277859e-16
8068.664810 8.454941e-16
8070.608309 8.389859e-16
8072.551809 7.958208e-16
8074.495309 8.252563e-16
8076.438808 8.114910e-16
8078.382308 7.887589e-16
8080.325808 7.680566e-16
8082.269308 7.368719e-16
8084.212807 7.246412e-16
8086.156307 7.336768e-16
8088.099807 7.424839e-16
8090.043307 7.568646e-16
8091.986806 7.652477e-16
8093.930306 7.545037e-16
8095.873806 7.712302e-16
8097.817305 7.952933e-16
8099.760805 7.856736e-16
8101.704305 8.363662e-16
8103.647805 8.564318e-16
8105.591304 8.209840e-16
8107.534804 8.240888e-16
8109.478304 8.065171e-16
8111.421804 7.999538e-16
8113.365303 8.342924e-16
8115.308803 7.921675e-16
8117.252303 7.484439e-16
8119.195803 7.476514e-16
8121.139302 7.376629e-16
8123.082802 7.268518e-16
8125.026302 7.076420e-16
8126.969801 6.721582e-16
8128.913301 6.432121e-16
8130.856801 6.213633e-16
8132.800301 6.266552e-16
8134.743800 6.158397e-16
8136.687300 6.099048e-16
8138.630800 5.530184e-16
8140.574300 5.482074e-16
8142.517799 5.792682e-16
8144.461299 6.004446e-16
8146.404799 6.211236e-16
8148.348298 6.088489e-16
8150.291798 6.072105e-16
8152.235298 5.958143e-16
8154.178798 5.975034e-16
8156.122297 6.094644e-16
8158.065797 6.203774e-16
8160.009297 6.567735e-16
8161.952797 6.478340e-16
8163.896296 6.689258e-16
8165.839796 6.275524e-16
8167.783296 6.669097e-16
8169.726796 7.187136e-16
8171.670295 7.121563e-16
8173.613795 6.857517e-16
8175.557295 6.906747e-16
8177.500794 7.000579e-16
8179.444294 6.422560e-16
8181.387794 6.082619e-16
8183.331294 6.060127e-16
8185.274793 6.286245e-16
8187.218293 6.371976e-16
8189.161793 6.198546e-16
8191.105293 6.211179e-16
8193.048792 6.093362e-16
8194.992292 6.157588e-16
8196.935792 5.981577e-16
8198.879291 5.988590e-16
8200.822791 6.439897e-16
8202.766291 6.509761e-16
8204.709791 6.601052e-16
8206.653290 6.486517e-16
8208.596790 6.575504e-16
8210.540290 6.944716e-16
8212.483790 6.888420e-16
8214.427289 6.856352e-16
8216.370789 7.063149e-16
8218.314289 7.133557e-16
8220.257788 6.671161e-16
8222.201288 6.334179e-16
8224.144788 6.587193e-16
8226.088288 6.342131e-16
8228.031787 5.978576e-16
8229.975287 5.947824e-16
8231.918787 6.322951e-16
8233.862287 6.975189e-16
8235.805786 7.351099e-16
8237.749286 7.496934e-16
8239.692786 7.774420e-16
8241.636286 7.783081e-16
8243.579785 7.414014e-16
8245.523285 7.674480e-16
8247.466785 8.035692e-16
8249.410284 8.194366e-16
8251.353784 7.796344e-16
8253.297284 7.367515e-16
8255.240784 7.313030e-16
8257.184283 6.868504e-16
8259.127783 6.767077e-16
8261.071283 6.651633e-16
8263.014783 6.571777e-16
8264.958282 6.483831e-16
8266.901782 6.517130e-16
8268.845282 6.416180e-16
8270.788781 6.253800e-16
8272.732281 5.958952e-16
8274.675781 5.730813e-16
8276.619281 5.917429e-16
8278.562780 6.000507e-16
8280.506280 5.730752e-16
8282.449780 5.786326e-16
8284.393280 5.521716e-16
8286.336779 4.724590e-16
8288.280279 4.610458e-16
8290.223779 3.663908e-16
8292.167278 2.688080e-16
8294.110778 5.286879e-16
8296.054278 5.777430e-16
8297.997778 5.735095e-16
8299.941277 5.521506e-16
8301.884777 5.083428e-16
8303.828277 5.824423e-16
8305.771777 6.241408e-16
8307.715276 6.121438e-16
8309.658776 5.820259e-16
8311.602276 5.588658e-16
8313.545776 5.613771e-16
8315.489275 5.029288e-16
8317.432775 4.269159e-16
8319.376275 4.416392e-16
8321.319774 4.418565e-16
8323.263274 4.000896e-16
8325.206774 3.847320e-16
8327.150274 3.422123e-16
8329.093773 3.605706e-16
8331.037273 3.769129e-16
8332.980773 3.609893e-16
8334.924273 3.506924e-16
8336.867772 3.462173e-16
8338.811272 3.600904e-16
8340.754772 3.965545e-16
8342.698271 2.963898e-16
8344.641771 2.685129e-16
8346.585271 2.974029e-16
8348.528771 2.616405e-16
8350.472270 2.817725e-16
8352.415770 3.154616e-16
8354.359270 2.798719e-16
8356.302770 2.829010e-16
8358.246269 3.569060e-16
8360.189769 3.881211e-16
8362.133269 3.701530e-16
8364.076769 4.343772e-16
8366.020268 3.941833e-16
8367.963768 3.973425e-16
8369.907268 4.004177e-16
8371.850767 4.405485e-16
8373.794267 4.274787e-16
8375.737767 4.596299e-16
8377.681267 5.114771e-16
8379.624766 4.743664e-16
8381.568266 4.412256e-16
8383.511766 4.704870e-16
8385.455266 5.128904e-16
8387.398765 5.100205e-16
8389.342265 4.468852e-16
8391.285765 4.284139e-16
8393.229264 4.021702e-16
8395.172764 3.716661e-16
8397.116264 3.145036e-16
8399.059764 3.048964e-16
8401.003263 3.265826e-16
8402.946763 3.210175e-16
8404.890263 3.499900e-16
8406.833763 4.555425e-16
8408.777262 5.032618e-16
8410.720762 5.441698e-16
8412.664262 6.243457e-16
8414.607761 6.605503e-16
8416.551261 7.045254e-16
8418.494761 7.096054e-16
8420.438261 6.781751e-16
8422.381760 7.858469e-16
8424.325260 7.962273e-16
8426.268760 8.799945e-16
8428.212260 9.841561e-16
8430.155759 9.827863e-16
8432.099259 9.363250e-16
8434.042759 8.612834e-16
8435.986259 7.874233e-16
8437.929758 7.095813e-16
8439.873258 6.855807e-16
8441.816758 6.693182e-16
8443.760257 6.393948e-16
8445.703757 6.178620e-16
8447.647257 6.100430e-16
8449.590757 5.743114e-16
8451.534256 5.080494e-16
8453.477756 5.105096e-16
8455.421256 5.639455e-16
8457.364756 6.576410e-16
8459.308255 6.951705e-16
8461.251755 7.523242e-16
8463.195255 8.235139e-16
8465.138754 8.092561e-16
8467.082254 8.670124e-16
8469.025754 8.817088e-16
8470.969254 8.753802e-16
8472.912753 8.435208e-16
8474.856253 8.288280e-16
8476.799753 8.477841e-16
8478.743253 8.424977e-16
8480.686752 7.647387e-16
8482.630252 7.018544e-16
8484.573752 7.393142e-16
8486.517251 7.470768e-16
8488.460751 7.254193e-16
8490.404251 6.800886e-16
8492.347751 6.549490e-16
8494.291250 6.413846e-16
8496.234750 5.888515e-16
8498.178250 6.153508e-16
8500.121750 6.159391e-16
8502.065249 5.787503e-16
8504.008749 5.412675e-16
8505.952249 5.609504e-16
8507.895749 6.135561e-16
8509.839248 6.524447e-16
8511.782748 6.692642e-16
8513.726248 7.147752e-16
8515.669747 7.780147e-16
8517.613247 8.169866e-16
8519.556747 8.890595e-16
8521.500247 9.056887e-16
8523.443746 9.423415e-16
8525.387246 9.429782e-16
8527.330746 9.931506e-16
8529.274246 1.007496e-15
8531.217745 9.879911e-16
8533.161245 1.004618e-15
8535.104745 1.013478e-15
8537.048244 9.969091e-16
8538.991744 1.000644e-15
8540.935244 9.487648e-16
8542.878744 8.967128e-16
8544.822243 8.909748e-16
8546.765743 8.432348e-16
8548.709243 8.169046e-16
8550.652743 8.622924e-16
8552.596242 8.861909e-16
8554.539742 8.714902e-16
8556.483242 9.179833e-16
8558.426741 9.440280e-16
8560.370241 9.855499e-16
8562.313741 9.584556e-16
8564.257241 1.047941e-15
8566.200740 1.065624e-15
8568.144240 1.067929e-15
8570.087740 1.130695e-15
8572.031240 1.203658e-15
8573.974739 1.281786e-15
8575.918239 1.336652e-15
8577.861739 1.384526e-15
8579.805239 1.419806e-15
8581.748738 1.425694e-15
8583.692238 1.453194e-15
8585.635738 1.422206e-15
8587.579237 1.426055e-15
8589.522737 1.380959e-15
8591.466237 1.338431e-15
8593.409737 1.324433e-15
8595.353236 1.237556e-15
8597.296736 1.266347e-15
8599.240236 1.184541e-15
8601.183736 1.189999e-15
8603.127235 1.256143e-15
8605.070735 1.265390e-15
8607.014235 1.264166e-15
8608.957734 1.241959e-15
8610.901234 1.245339e-15
8612.844734 1.289753e-15
8614.788234 1.296152e-15
8616.731733 1.323244e-15
8618.675233 1.388500e-15
8620.618733 1.470092e-15
8622.562233 1.465515e-15
8624.505732 1.511656e-15
8626.449232 1.585659e-15
8628.392732 1.659852e-15
8630.336232 1.674758e-15
8632.279731 1.727635e-15
8634.223231 1.784559e-15
8636.166731 1.777475e-15
8638.110230 1.800853e-15
8640.053730 1.793764e-15
8641.997230 1.779457e-15
8643.940730 1.802169e-15
8645.884229 1.821156e-15
8647.827729 1.847820e-15
8649.771229 1.733267e-15
8651.714729 1.674055e-15
8653.658228 1.668468e-15
8655.601728 1.610661e-15
8657.545228 1.583487e-15
8659.488727 1.540595e-15
8661.432227 1.512677e-15
8663.375727 1.496241e-15
8665.319227 1.471413e-15
8667.262726 1.450723e-15
8669.206226 1.444547e-15
8671.149726 1.501219e-15
8673.093226 1.521868e-15
8675.036725 1.494170e-15
8676.980225 1.559536e-15
8678.923725 1.606096e-15
8680.867224 1.580179e-15
8682.810724 1.632374e-15
8684.754224 1.663701e-15
8686.697724 1.753569e-15
8688.641223 1.797236e-15
8690.584723 1.845522e-15
8692.528223 1.870964e-15
8694.471723 1.853455e-15
8696.415222 1.883333e-15
8698.358722 1.923422e-15
8700.302222 1.913640e-15
8702.245722 1.923071e-15
8704.189221 1.936166e-15
8706.132721 1.893621e-15
8708.076221 1.885669e-15
8710.019720 1.883855e-15
8711.963220 1.817695e-15
8713.906720 1.807512e-15
8715.850220 1.766034e-15
8717.793719 1.658341e-15
8719.737219 1.588136e-15
8721.680719 1.552901e-15
8723.624219 1.545447e-15
8725.567718 1.434838e-15
8727.511218 1.381794e-15
8729.454718 1.427842e-15
8731.398217 1.414932e-15
8733.341717 1.389748e-15
8735.285217 1.404267e-15
8737.228717 1.405686e-15
8739.172216 1.411125e-15
8741.115716 1.439894e-15
8743.059216 1.455458e-15
8745.002716 1.482358e-15
8746.946215 1.510979e-15
8748.889715 1.511650e-15
8750.833215 1.601316e-15
8752.776714 1.680625e-15
8754.720214 1.759091e-15
8756.663714 1.743250e-15
8758.607214 1.839671e-15
8760.550713 1.820054e-15
8762.494213 1.860374e-15
8764.437713 1.783302e-15
8766.381213 1.641240e-15
8768.324712 1.739685e-15
8770.268212 1.747112e-15
8772.211712 1.617284e-15
8774.155212 1.593171e-15
8776.098711 1.507102e-15
8778.042211 1.364199e-15
8779.985711 1.288325e-15
8781.929210 1.268651e-15
8783.872710 1.264739e-15
8785.816210 1.252945e-15
8787.759710 1.154290e-15
8789.703209 1.190977e-15
8791.646709 1.182209e-15
8793.590209 1.208240e-15
8795.533709 1.201223e-15
8797.477208 1.227227e-15
8799.420708 1.271417e-15
8801.364208 1.286347e-15
8803.307707 1.291969e-15
8805.251207 1.309886e-15
8807.194707 1.358176e-15
8809.138207 1.429992e-15
8811.081706 1.470482e-15
8813.025206 1.452878e-15
8814.968706 1.456556e-15
8816.912206 1.503578e-15
8818.855705 1.505589e-15
8820.799205 1.455737e-15
8822.742705 1.472035e-15
8824.686205 1.514186e-15
8826.629704 1.432816e-15
8828.573204 1.417703e-15
8830.516704 1.270306e-15
8832.460203 1.149538e-15
8834.403703 1.097651e-15
8836.347203 1.084976e-15
8838.290703 1.085280e-15
8840.234202 1.001895e-15
8842.177702 9.579927e-16
8844.121202 1.013531e-15
8846.064702 1.030979e-15
8848.008201 1.003654e-15
8849.951701 1.032458e-15
8851.895201 1.007628e-15
8853.838700 9.898408e-16
8855.782200 1.050843e-15
8857.725700 1.090301e-15
8859.669200 1.130364e-15
8861.612699 1.212676e-15
8863.556199 1.251533e-15
8865.499699 1.286367e-15
8867.443199 1.270076e-15
8869.386698 1.288140e-15
8871.330198 1.337295e-15
8873.273698 1.324502e-15
8875.217197 1.311404e-15
8877.160697 1.282396e-15
8879.104197 1.262152e-15
8881.047697 1.265746e-15
8882.991196 1.202662e-15
8884.934696 1.107504e-15
8886.878196 1.099685e-15
8888.821696 1.050158e-15
8890.765195 9.598413e-16
8892.708695 8.699672e-16
8894.652195 9.285197e-16
8896.595695 8.848442e-16
8898.539194 8.675971e-16
8900.482694 8.373228e-16
8902.426194 8.046992e-16
8904.369693 7.799514e-16
8906.313193 7.635745e-16
8908.256693 7.877954e-16
8910.200193 7.848527e-16
8912.143692 8.542498e-16
8914.087192 8.466586e-16
8916.030692 8.430390e-16
8917.974192 7.784993e-16
8919.917691 9.023296e-16
8921.861191 9.184980e-16
8923.804691 9.771978e-16
8925.748190 9.840153e-16
8927.691690 9.861559e-16
8929.635190 9.906630e-16
8931.578690 1.037874e-15
8933.522189 1.021075e-15
8935.465689 9.685404e-16
8937.409189 9.661671e-16
8939.352689 9.277780e-16
8941.296188 8.365548e-16
8943.239688 7.566225e-16
8945.183188 7.105873e-16
8947.126687 7.243832e-16
8949.070187 7.388816e-16
8951.013687 6.823171e-16
8952.957187 7.004670e-16
8954.900686 6.230133e-16
8956.844186 6.167002e-16
8958.787686 5.685848e-16
8960.731186 5.709337e-16
8962.674685 5.844392e-16
8964.618185 5.403137e-16
8966.561685 5.375290e-16
8968.505185 5.530252e-16
8970.448684 6.124130e-16
8972.392184 6.544008e-16
8974.335684 6.258503e-16
8976.279183 6.787438e-16
8978.222683 7.251748e-16
8980.166183 7.199707e-16
8982.109683 7.402656e-16
8984.053182 7.032271e-16
8985.996682 7.154932e-16
8987.940182 6.796373e-16
8989.883682 6.169434e-16
8991.827181 6.601596e-16
8993.770681 7.202396e-16
8995.714181 7.074894e-16
8997.657680 7.226317e-16
8999.601180 7.127834e-16
9001.544680 6.609996e-16
9003.488180 5.977354e-16
9005.431679 5.481756e-16
9007.375179 5.374618e-16
9009.318679 5.575869e-16
9011.262179 5.841737e-16
9013.205678 5.630590e-16
9015.149178 5.468483e-16
9017.092678 5.083890e-16
9019.036177 5.288572e-16
9020.979677 5.221952e-16
9022.923177 5.290621e-16
9024.866677 5.663255e-16
9026.810176 5.461184e-16
9028.753676 6.110527e-16
9030.697176 6.330604e-16
9032.640676 6.505188e-16
9034.584175 6.966354e-16
9036.527675 7.239556e-16
9038.471175 7.569104e-16
9040.414675 7.836612e-16
9042.358174 7.793846e-16
9044.301674 8.129828e-16
9046.245174 9.032157e-16
9048.188673 9.158182e-16
9050.132173 8.733401e-16
9052.075673 8.578550e-16
9054.019173 8.703916e-16
9055.962672 9.004637e-16
9057.906172 8.072489e-16
9059.849672 7.591386e-16
9061.793172 7.177391e-16
9063.736671 7.023201e-16
9065.680171 6.595116e-16
9067.623671 5.943606e-16
9069.567170 5.850272e-16
9071.510670 5.816323e-16
9073.454170 5.302739e-16
9075.397670 5.188214e-16
9077.341169 5.330872e-16
9079.284669 5.093231e-16
9081.228169 5.244755e-16
9083.171669 4.860225e-16
9085.115168 4.651616e-16
9087.058668 4.698288e-16
9089.002168 5.077261e-16
9090.945668 4.849461e-16
9092.889167 5.141715e-16
9094.832667 5.099385e-16
9096.776167 5.162163e-16
9098.719666 5.340698e-16
9100.663166 5.659889e-16
9102.606666 5.392502e-16
9104.550166 5.474311e-16
9106.493665 6.304764e-16
9108.437165 6.491205e-16
9110.380665 6.458621e-16
9112.324165 6.736399e-16
9114.267664 6.746352e-16
9116.211164 6.803563e-16
9118.154664 6.746976e-16
9120.098163 6.449801e-16
9122.041663 6.203700e-16
9123.985163 6.225200e-16
9125.928663 6.177147e-16
9127.872162 6.006305e-16
9129.815662 5.528951e-16
9131.759162 5.161898e-16
9133.702662 4.740381e-16
9135.646161 4.996358e-16
9137.589661 4.678123e-16
9139.533161 4.454663e-16
9141.476660 5.100120e-16
9143.420160 5.280946e-16
9145.363660 5.146867e-16
9147.307160 4.933066e-16
9149.250659 4.742973e-16
9151.194159 4.180037e-16
9153.137659 4.440942e-16
9155.081159 3.990328e-16
9157.024658 3.856400e-16
9158.968158 4.060372e-16
9160.911658 4.502436e-16
9162.855158 4.831938e-16
9164.798657 4.838204e-16
9166.742157 4.979303e-16
9168.685657 4.992558e-16
9170.629156 4.904719e-16
9172.572656 5.080779e-16
9174.516156 5.337590e-16
9176.459656 5.331740e-16
9178.403155 5.569105e-16
9180.346655 6.142082e-16
9182.290155 6.370429e-16
9184.233655 6.780618e-16
9186.177154 7.219796e-16
9188.120654 7.701302e-16
9190.064154 7.364322e-16
9192.007653 7.289767e-16
9193.951153 7.093687e-16
9195.894653 7.246020e-16
9197.838153 7.495188e-16
9199.781652 7.590987e-16
9201.725152 7.433380e-16
9203.668652 7.415522e-16
9205.612152 7.248705e-16
9207.555651 6.586815e-16
9209.499151 6.579205e-16
9211.442651 6.828062e-16
9213.386150 6.098192e-16
9215.329650 5.746105e-16
9217.273150 6.149556e-16
9219.216650 6.121442e-16
9221.160149 5.850134e-16
9223.103649 6.219021e-16
9225.047149 5.814696e-16
9226.990649 5.861915e-16
9228.934148 6.344944e-16
9230.877648 5.998835e-16
9232.821148 6.220930e-16
9234.764648 6.053441e-16
9236.708147 5.768439e-16
9238.651647 6.271611e-16
9240.595147 6.404120e-16
9242.538646 6.397279e-16
9244.482146 6.511672e-16
9246.425646 6.834027e-16
9248.369146 7.554344e-16
9250.312645 7.496633e-16
9252.256145 7.413291e-16
9254.199645 7.726794e-16
9256.143145 7.842107e-16
9258.086644 7.601706e-16
9260.030144 7.839670e-16
9261.973644 8.032862e-16
9263.917143 7.972535e-16
9265.860643 7.342172e-16
9267.804143 7.314270e-16
9269.747643 7.128646e-16
9271.691142 7.308683e-16
9273.634642 6.803063e-16
9275.578142 5.986824e-16
9277.521642 5.751066e-16
9279.465141 5.676920e-16
9281.408641 5.443447e-16
9283.352141 5.072045e-16
9285.295641 5.044824e-16
9287.239140 5.076888e-16
9289.182640 4.781970e-16
9291.126140 4.732062e-16
9293.069639 4.825749e-16
9295.013139 4.597491e-16
9296.956639 4.150276e-16
9298.900139 3.959964e-16
9300.843638 4.218085e-16
9302.787138 3.573110e-16
9304.730638 3.469809e-16
9306.674138 3.959324e-16
9308.617637 4.391490e-16
9310.561137 4.282571e-16
9312.504637 3.100423e-16
9314.448136 3.069980e-16
9316.391636 3.609624e-16
9318.335136 3.381491e-16
9320.278636 3.665075e-16
9322.222135 3.128214e-16
9324.165635 3.427195e-16
9326.109135 3.624497e-16
9328.052635 4.472723e-16
9329.996134 3.940501e-16
9331.939634 3.762847e-16
9333.883134 3.649620e-16
9335.826633 3.465530e-16
9337.770133 3.109524e-16
9339.713633 2.682891e-16
9341.657133 2.725314e-16
9343.600632 2.679670e-16
9345.544132 2.868489e-16
9347.487632 3.127787e-16
9349.431132 2.963984e-16
9351.374631 3.151445e-16
9353.318131 3.304192e-16
9355.261631 2.639672e-16
9357.205131 2.462379e-16
9359.148630 3.161623e-16
9361.092130 3.360431e-16
9363.035630 2.583551e-16
9364.979129 2.564683e-16
9366.922629 2.268960e-16
9368.866129 2.763758e-16
9370.809629 2.258024e-16
9372.753128 3.057414e-16
9374.696628 2.520792e-16
9376.640128 1.902585e-16
9378.583628 2.515699e-16
9380.527127 2.482484e-16
9382.470627 2.800840e-16
9384.414127 3.649702e-16
9386.357626 4.210676e-16
9388.301126 4.405159e-16
9390.244626 4.694202e-16
9392.188126 5.936129e-16
9394.131625 6.332702e-16
9396.075125 5.860816e-16
9398.018625 5.099675e-16
9399.962125 5.362802e-16
9401.905624 4.968377e-16
9403.849124 5.415123e-16
9405.792624 5.199142e-16
9407.736123 4.861052e-16
9409.679623 4.519124e-16
9411.623123 4.836526e-16
9413.566623 4.560868e-16
9415.510122 4.527921e-16
9417.453622 4.473097e-16
9419.397122 4.103630e-16
9421.340622 4.034738e-16
9423.284121 3.953687e-16
9425.227621 3.390318e-16
9427.171121 3.092744e-16
9429.114621 3.401076e-16
9431.058120 3.302828e-16
9433.001620 3.732613e-16
9434.945120 3.258882e-16
9436.888619 3.202385e-16
9438.832119 2.791748e-16
9440.775619 2.477686e-16
9442.719119 2.864925e-16
9444.662618 2.842411e-16
9446.606118 2.785181e-16
9448.549618 3.510977e-16
9450.493118 3.945296e-16
9452.436617 3.399266e-16
9454.380117 3.190964e-16
9456.323617 3.129209e-16
9458.267116 3.093520e-16
9460.210616 3.256599e-16
9462.154116 3.161658e-16
9464.097616 3.622129e-16
9466.041115 4.424259e-16
9467.984615 4.697191e-16
9469.928115 4.758909e-16
9471.871615 4.840018e-16
9473.815114 4.156312e-16
9475.758614 3.599280e-16
9477.702114 3.608680e-16
9479.645614 3.369992e-16
9481.589113 3.606395e-16
9483.532613 4.132687e-16
9485.476113 3.986799e-16
9487.419612 4.403695e-16
9489.363112 4.337631e-16
9491.306612 3.828600e-16
9493.250112 3.317647e-16
9495.193611 2.990864e-16
9497.137111 2.636054e-16
9499.080611 2.373391e-16
9501.024111 3.051939e-16
9502.967610 3.033545e-16
9504.911110 2.863519e-16
9506.854610 3.656599e-16
9508.798109 3.877807e-16
9510.741609 3.497564e-16
9512.685109 3.767543e-16
9514.628609 3.782487e-16
9516.572108 3.239387e-16
9518.515608 2.655197e-16
9520.459108 2.958789e-16
9522.402608 2.682171e-16
9524.346107 2.791368e-16
9526.289607 3.257353e-16
9528.233107 3.535557e-16
9530.176606 3.861425e-16
9532.120106 3.672483e-16
9534.063606 3.715251e-16
9536.007106 4.264660e-16
9537.950605 4.168637e-16
9539.894105 3.831103e-16
9541.837605 3.362214e-16
9543.781105 3.734468e-16
9545.724604 3.875061e-16
9547.668104 3.876376e-16
9549.611604 4.552133e-16
9551.555104 3.991556e-16
9553.498603 4.184300e-16
9555.442103 3.923356e-16
9557.385603 3.251685e-16
9559.329102 2.999870e-16
9561.272602 3.747830e-16
9563.216102 3.885807e-16
9565.159602 3.273361e-16
9567.103101 2.884391e-16
9569.046601 2.957414e-16
9570.990101 3.192707e-16
9572.933601 3.041848e-16
9574.877100 3.209938e-16
9576.820600 3.569504e-16
9578.764100 2.982356e-16
9580.707599 3.012082e-16
9582.651099 2.889544e-16
9584.594599 2.641840e-16
9586.538099 3.066074e-16
9588.481598 3.025920e-16
9590.425098 2.896148e-16
9592.368598 3.020764e-16
9594.312098 3.356013e-16
9596.255597 3.655556e-16
9598.199097 3.699758e-16
9600.142597 4.120603e-16
9602.086096 4.460218e-16
9604.029596 4.008735e-16
9605.973096 3.412524e-16
9607.916596 3.662050e-16
9609.860095 4.126211e-16
9611.803595 4.262932e-16
9613.747095 4.555947e-16
9615.690595 4.461241e-16
9617.634094 4.146766e-16
9619.577594 3.810690e-16
9621.521094 3.246784e-16
9623.464594 3.859397e-16
9625.408093 3.533790e-16
9627.351593 3.607568e-16
9629.295093 4.020803e-16
9631.238592 3.988928e-16
9633.182092 4.265096e-16
9635.125592 3.648019e-16
9637.069092 2.907878e-16
9639.012591 2.920395e-16
9640.956091 3.405797e-16
9642.899591 3.409323e-16
9644.843091 1.413062e-15
9646.786590 1.699297e-15
9648.730090 5.862120e-16
9650.673590 3.910149e-16
9652.617089 3.478881e-16
9654.560589 3.243836e-16
9656.504089 3.527064e-16
9658.447589 2.741928e-16
9660.391088 3.728679e-16
9662.334588 3.744465e-16
9664.278088 3.975584e-16
9666.221588 3.220581e-16
9668.165087 3.400250e-16
9670.108587 4.090635e-16
9672.052087 4.883795e-16
9673.995586 4.676167e-16
9675.939086 4.040814e-16
9677.882586 4.403001e-16
9679.826086 4.676715e-16
9681.769585 5.343795e-16
9683.713085 5.366598e-16
9685.656585 4.632289e-16
9687.600085 4.669820e-16
9689.543584 4.140652e-16
9691.487084 4.191836e-16
9693.430584 5.222555e-16
9695.374084 4.238900e-16
9697.317583 4.269110e-16
9699.261083 4.114277e-16
9701.204583 3.578284e-16
9703.148082 3.789178e-16
9705.091582 3.044366e-16
9707.035082 3.579430e-16
9708.978582 4.317663e-16
9710.922081 4.044436e-16
9712.865581 3.927180e-16
9714.809081 3.805919e-16
9716.752581 3.670872e-16
9718.696080 3.876983e-16
9720.639580 4.061083e-16
9722.583080 4.049383e-16
9724.526579 3.877855e-16
9726.470079 4.410563e-16
9728.413579 4.528804e-16
9730.357079 3.838321e-16
9732.300578 4.182879e-16
9734.244078 3.746853e-16
9736.187578 2.847113e-16
9738.131078 2.676531e-16
9740.074577 3.344242e-16
9742.018077 3.615801e-16
9743.961577 4.128800e-16
9745.905077 4.756966e-16
9747.848576 4.272538e-16
9749.792076 4.175189e-16
9751.735576 4.769138e-16
9753.679075 4.614276e-16
9755.622575 4.898163e-16
9757.566075 4.958703e-16
9759.509575 4.333769e-16
9761.453074 4.515993e-16
9763.396574 4.675840e-16
9765.340074 4.451527e-16
9767.283574 4.578587e-16
9769.227073 4.232929e-16
9771.170573 3.937219e-16
9773.114073 4.344127e-16
9775.057572 4.430153e-16
9777.001072 4.197806e-16
9778.944572 3.468353e-16
9780.888072 3.884742e-16
9782.831571 3.688521e-16
9784.775071 3.443735e-16
9786.718571 3.760269e-16
9788.662071 3.753566e-16
9790.605570 4.206787e-16
9792.549070 3.909539e-16
9794.492570 3.798390e-16
9796.436069 4.080047e-16
9798.379569 3.792922e-16
9800.323069 3.647584e-16
9802.266569 4.344026e-16
9804.210068 4.160734e-16
9806.153568 4.052178e-16
9808.097068 4.441671e-16
9810.040568 3.833481e-16
9811.984067 4.040591e-16
9813.927567 4.817659e-16
9815.871067 4.992991e-16
9817.814567 5.703547e-16
9819.758066 4.765147e-16
9821.701566 4.930434e-16
9823.645066 5.209843e-16
9825.588565 4.698259e-16
9827.532065 4.800902e-16
9829.475565 4.994131e-16
9831.419065 4.887478e-16
9833.362564 5.431479e-16
9835.306064 5.209252e-16
9837.249564 5.393949e-16
9839.193064 4.250896e-16
9841.136563 3.497660e-16
9843.080063 4.473516e-16
9845.023563 4.666310e-16
9846.967062 4.058597e-16
9848.910562 3.448502e-16
9850.854062 3.663988e-16
9852.797562 7.432171e-16
9854.741061 8.632771e-16
9856.684561 4.233963e-16
9858.628061 4.046141e-16
9860.571561 4.285644e-16
9862.515060 4.262589e-16
9864.458560 4.049302e-16
9866.402060 4.377573e-16
9868.345559 4.050128e-16
9870.289059 3.975291e-16
9872.232559 3.448292e-16
9874.176059 2.973557e-16
9876.119558 3.861120e-16
9878.063058 5.199981e-16
9880.006558 4.980352e-16
9881.950058 4.802388e-16
9883.893557 4.569338e-16
9885.837057 4.733132e-16
9887.780557 5.269588e-16
9889.724057 5.813073e-16
9891.667556 5.382438e-16
9893.611056 4.819118e-16
9895.554556 5.030098e-16
9897.498055 4.638431e-16
9899.441555 4.392569e-16
9901.385055 4.750858e-16
9903.328555 5.136189e-16
9905.272054 4.839963e-16
9907.215554 5.384028e-16
9909.159054 5.223739e-16
9911.102554 4.183186e-16
9913.046053 3.585400e-16
9914.989553 3.814124e-16
9916.933053 3.562294e-16
9918.876552 3.794786e-16
9920.820052 3.904362e-16
9922.763552 3.667601e-16
9924.707052 4.123440e-16
9926.650551 4.475016e-16
9928.594051 4.245458e-16
9930.537551 3.343703e-16
9932.481051 3.685923e-16
9934.424550 4.453121e-16
9936.368050 3.905420e-16
9938.311550 3.741974e-16
9940.255050 4.108906e-16
9942.198549 3.860341e-16
9944.142049 2.844543e-16
9946.085549 2.787142e-16
9948.029048 4.490908e-16
9949.972548 3.287300e-16
9951.916048 3.261382e-16
9953.859548 2.747511e-16
9955.803047 3.970282e-16
9957.746547 5.548154e-16
9959.690047 4.643021e-16
9961.633547 5.303965e-16
9963.577046 5.326180e-16
9965.520546 5.538683e-16
9967.464046 4.523755e-16
9969.407545 5.203904e-16
9971.351045 5.420589e-16
9973.294545 5.432828e-16
9975.238045 4.765547e-16
9977.181544 4.710226e-16
9979.125044 4.771850e-16
9981.068544 4.312961e-16
9983.012044 4.540220e-16
9984.955543 4.047682e-16
9986.899043 3.080328e-16
9988.842543 3.482829e-16
9990.786042 3.702668e-16
9992.729542 2.562482e-16
9994.673042 3.826300e-16
9996.616542 3.903621e-16
9998.560041 4.724815e-16
