3802.000000 2.172570e-17
3804.000000 2.446960e-17
3806.000000 2.386410e-17
3808.000000 2.417730e-17
3810.000000 2.460140e-17
3812.000000 2.548570e-17
3814.000000 1.952570e-17
3816.000000 2.758420e-17
3818.000000 3.309320e-17
3820.000000 3.096500e-17
3822.000000 2.611270e-17
3824.000000 2.833940e-17
3826.000000 2.334090e-17
3828.000000 2.872760e-17
3830.000000 3.295470e-17
3832.000000 2.958790e-17
3834.000000 2.876150e-17
3836.000000 2.787970e-17
3838.000000 2.775370e-17
3840.000000 3.491030e-17
3842.000000 2.559320e-17
3844.000000 3.525780e-17
3846.000000 3.168830e-17
3848.000000 3.472780e-17
3850.000000 3.443960e-17
3852.000000 3.802080e-17
3854.000000 3.303300e-17
3856.000000 3.953530e-17
3858.000000 4.295550e-17
3860.000000 4.274970e-17
3862.000000 4.104350e-17
3864.000000 4.572680e-17
3866.000000 4.944520e-17
3868.000000 4.044950e-17
3870.000000 4.357320e-17
3872.000000 4.881890e-17
3874.000000 4.825350e-17
3876.000000 5.394500e-17
3878.000000 5.714290e-17
3880.000000 5.302030e-17
3882.000000 5.727690e-17
3884.000000 6.384750e-17
3886.000000 5.897920e-17
3888.000000 6.404230e-17
3890.000000 6.746950e-17
3892.000000 6.642490e-17
3894.000000 6.549150e-17
3896.000000 7.478010e-17
3898.000000 7.743820e-17
3900.000000 7.266720e-17
3902.000000 7.226660e-17
3904.000000 8.159740e-17
3906.000000 7.586880e-17
3908.000000 7.834260e-17
3910.000000 7.835080e-17
3912.000000 8.431840e-17
3914.000000 9.087260e-17
3916.000000 8.407550e-17
3918.000000 8.747710e-17
3920.000000 8.943280e-17
3922.000000 8.679340e-17
3924.000000 8.897790e-17
3926.000000 8.822640e-17
3928.000000 9.282810e-17
3930.000000 8.631780e-17
3932.000000 8.563290e-17
3934.000000 9.202900e-17
3936.000000 9.916940e-17
3938.000000 9.827100e-17
3940.000000 9.489910e-17
3942.000000 9.545040e-17
3944.000000 9.305120e-17
3946.000000 9.887320e-17
3948.000000 9.700020e-17
3950.000000 1.001480e-16
3952.000000 9.450680e-17
3954.000000 1.050620e-16
3956.000000 1.000250e-16
3958.000000 9.383710e-17
3960.000000 9.555010e-17
3962.000000 1.060230e-16
3964.000000 1.006890e-16
3966.000000 1.084810e-16
3968.000000 1.141470e-16
3970.000000 1.141920e-16
3972.000000 1.163060e-16
3974.000000 1.126740e-16
3976.000000 1.142930e-16
3978.000000 1.217750e-16
3980.000000 1.193030e-16
3982.000000 1.324550e-16
3984.000000 1.268340e-16
3986.000000 1.287910e-16
3988.000000 1.305160e-16
3990.000000 1.289770e-16
3992.000000 1.309110e-16
3994.000000 1.278750e-16
3996.000000 1.364050e-16
3998.000000 1.390860e-16
4000.000000 1.444170e-16
4002.000000 1.416440e-16
4004.000000 1.380410e-16
4006.000000 1.430070e-16
4008.000000 1.401250e-16
4010.000000 1.395770e-16
4012.000000 1.424690e-16
4014.000000 1.510490e-16
4016.000000 1.483830e-16
4018.000000 1.478800e-16
4020.000000 1.490480e-16
4022.000000 1.565100e-16
4024.000000 1.514350e-16
4026.000000 1.477070e-16
4028.000000 1.494700e-16
4030.000000 1.520770e-16
4032.000000 1.478530e-16
4034.000000 1.541210e-16
4036.000000 1.511150e-16
4038.000000 1.517710e-16
4040.000000 1.579410e-16
4042.000000 1.515060e-16
4044.000000 1.550280e-16
4046.000000 1.521380e-16
4048.000000 1.482980e-16
4050.000000 1.547650e-16
4052.000000 1.550360e-16
4054.000000 1.480830e-16
4056.000000 1.589090e-16
4058.000000 1.502130e-16
4060.000000 1.501800e-16
4062.000000 1.493450e-16
4064.000000 1.538970e-16
4066.000000 1.408650e-16
4068.000000 1.494470e-16
4070.000000 1.573730e-16
4072.000000 1.477510e-16
4074.000000 1.460800e-16
4076.000000 1.464980e-16
4078.000000 1.468430e-16
4080.000000 1.424630e-16
4082.000000 1.413120e-16
4084.000000 1.384810e-16
4086.000000 1.339440e-16
4088.000000 1.394220e-16
4090.000000 1.343470e-16
4092.000000 1.273900e-16
4094.000000 1.342960e-16
4096.000000 1.323850e-16
4098.000000 1.273940e-16
4100.000000 1.260730e-16
4102.000000 1.253930e-16
4104.000000 1.296350e-16
4106.000000 1.281570e-16
4108.000000 1.310350e-16
4110.000000 1.274900e-16
4112.000000 1.329020e-16
4114.000000 1.264420e-16
4116.000000 1.256630e-16
4118.000000 1.273640e-16
4120.000000 1.270860e-16
4122.000000 1.260080e-16
4124.000000 1.289650e-16
4126.000000 1.352620e-16
4128.000000 1.339690e-16
4130.000000 1.366510e-16
4132.000000 1.272690e-16
4134.000000 1.349730e-16
4136.000000 1.314570e-16
4138.000000 1.277440e-16
4140.000000 1.270010e-16
4142.000000 1.224940e-16
4144.000000 1.291210e-16
4146.000000 1.271700e-16
4148.000000 1.198640e-16
4150.000000 1.214730e-16
4152.000000 1.238500e-16
4154.000000 1.206170e-16
4156.000000 1.211590e-16
4158.000000 1.208880e-16
4160.000000 1.194380e-16
4162.000000 1.195480e-16
4164.000000 1.209350e-16
4166.000000 1.243100e-16
4168.000000 1.222570e-16
4170.000000 1.214600e-16
4172.000000 1.216090e-16
4174.000000 1.208120e-16
4176.000000 1.170670e-16
4178.000000 1.255610e-16
4180.000000 1.196160e-16
4182.000000 1.233020e-16
4184.000000 1.253310e-16
4186.000000 1.254180e-16
4188.000000 1.236030e-16
4190.000000 1.218290e-16
4192.000000 1.218110e-16
4194.000000 1.238570e-16
4196.000000 1.176810e-16
4198.000000 1.184150e-16
4200.000000 1.149870e-16
4202.000000 1.157120e-16
4204.000000 1.096060e-16
4206.000000 1.067350e-16
4208.000000 1.081350e-16
4210.000000 1.076060e-16
4212.000000 1.059520e-16
4214.000000 1.025690e-16
4216.000000 1.038950e-16
4218.000000 1.061310e-16
4220.000000 1.029570e-16
4222.000000 1.035690e-16
4224.000000 1.044270e-16
4226.000000 1.025120e-16
4228.000000 1.065410e-16
4230.000000 1.082330e-16
4232.000000 1.086770e-16
4234.000000 1.078010e-16
4236.000000 1.094440e-16
4238.000000 1.073880e-16
4240.000000 1.061210e-16
4242.000000 1.081470e-16
4244.000000 1.060440e-16
4246.000000 1.081340e-16
4248.000000 1.126120e-16
4250.000000 1.072250e-16
4252.000000 1.136490e-16
4254.000000 1.097210e-16
4256.000000 1.143130e-16
4258.000000 1.162990e-16
4260.000000 1.107420e-16
4262.000000 1.147900e-16
4264.000000 1.130460e-16
4266.000000 1.151500e-16
4268.000000 1.130170e-16
4270.000000 1.155210e-16
4272.000000 1.198360e-16
4274.000000 1.142220e-16
4276.000000 1.168110e-16
4278.000000 1.144710e-16
4280.000000 1.156280e-16
4282.000000 1.170940e-16
4284.000000 1.109600e-16
4286.000000 1.118410e-16
4288.000000 1.169900e-16
4290.000000 1.164970e-16
4292.000000 1.193080e-16
4294.000000 1.158370e-16
4296.000000 1.134750e-16
4298.000000 1.098060e-16
4300.000000 1.121770e-16
4302.000000 1.102590e-16
4304.000000 1.072280e-16
4306.000000 1.046840e-16
4308.000000 1.073930e-16
4310.000000 1.071870e-16
4312.000000 1.069240e-16
4314.000000 1.027340e-16
4316.000000 1.038620e-16
4318.000000 1.077450e-16
4320.000000 1.091550e-16
4322.000000 1.054230e-16
4324.000000 1.017620e-16
4326.000000 1.034360e-16
4328.000000 1.021640e-16
4330.000000 9.958690e-17
4332.000000 1.022930e-16
4334.000000 1.020670e-16
4336.000000 9.634530e-17
4338.000000 1.030800e-16
4340.000000 1.028030e-16
4342.000000 9.646030e-17
4344.000000 9.401920e-17
4346.000000 9.534600e-17
4348.000000 9.105000e-17
4350.000000 9.243140e-17
4352.000000 9.536600e-17
4354.000000 9.190020e-17
4356.000000 9.183460e-17
4358.000000 9.168150e-17
4360.000000 9.477750e-17
4362.000000 9.393110e-17
4364.000000 9.384570e-17
4366.000000 1.034910e-16
4368.000000 1.134780e-16
4370.000000 1.050590e-16
4372.000000 9.732910e-17
4374.000000 9.453050e-17
4376.000000 9.626640e-17
4378.000000 9.972560e-17
4380.000000 1.038380e-16
4382.000000 1.022410e-16
4384.000000 1.129770e-16
4386.000000 1.081750e-16
4388.000000 1.052430e-16
4390.000000 1.049500e-16
4392.000000 1.090470e-16
4394.000000 1.155140e-16
4396.000000 1.156150e-16
4398.000000 1.152050e-16
4400.000000 1.127480e-16
4402.000000 1.150760e-16
4404.000000 1.205910e-16
4406.000000 1.190710e-16
4408.000000 1.237080e-16
4410.000000 1.200120e-16
4412.000000 1.221620e-16
4414.000000 1.218590e-16
4416.000000 1.197420e-16
4418.000000 1.228310e-16
4420.000000 1.212190e-16
4422.000000 1.234080e-16
4424.000000 1.186180e-16
4426.000000 1.241070e-16
4428.000000 1.230710e-16
4430.000000 1.250700e-16
4432.000000 1.233020e-16
4434.000000 1.206160e-16
4436.000000 1.281030e-16
4438.000000 1.212440e-16
4440.000000 1.182080e-16
4442.000000 1.193450e-16
4444.000000 1.202740e-16
4446.000000 1.164650e-16
4448.000000 1.158890e-16
4450.000000 1.204750e-16
4452.000000 1.210110e-16
4454.000000 1.150480e-16
4456.000000 1.104010e-16
4458.000000 1.201970e-16
4460.000000 1.134720e-16
4462.000000 1.215170e-16
4464.000000 1.184960e-16
4466.000000 1.146680e-16
4468.000000 1.166230e-16
4470.000000 1.202900e-16
4472.000000 1.279780e-16
4474.000000 1.247480e-16
4476.000000 1.266130e-16
4478.000000 1.222230e-16
4480.000000 1.226080e-16
4482.000000 1.324420e-16
4484.000000 1.341310e-16
4486.000000 1.385450e-16
4488.000000 1.364090e-16
4490.000000 1.322040e-16
4492.000000 1.399600e-16
4494.000000 1.427660e-16
4496.000000 1.483270e-16
4498.000000 1.495750e-16
4500.000000 1.460990e-16
4502.000000 1.550780e-16
4504.000000 1.546210e-16
4506.000000 1.537700e-16
4508.000000 1.549710e-16
4510.000000 1.613970e-16
4512.000000 1.666970e-16
4514.000000 1.636330e-16
4516.000000 1.690530e-16
4518.000000 1.711220e-16
4520.000000 1.727820e-16
4522.000000 1.746650e-16
4524.000000 1.775530e-16
4526.000000 1.801420e-16
4528.000000 1.828970e-16
4530.000000 1.796110e-16
4532.000000 1.767560e-16
4534.000000 1.846010e-16
4536.000000 1.861620e-16
4538.000000 1.903920e-16
4540.000000 1.951960e-16
4542.000000 1.901170e-16
4544.000000 1.993130e-16
4546.000000 1.921590e-16
4548.000000 1.949360e-16
4550.000000 1.980180e-16
4552.000000 1.995360e-16
4554.000000 1.995070e-16
4556.000000 1.964850e-16
4558.000000 2.039910e-16
4560.000000 2.052640e-16
4562.000000 2.049470e-16
4564.000000 2.085090e-16
4566.000000 2.069520e-16
4568.000000 2.087660e-16
4570.000000 2.124200e-16
4572.000000 2.164200e-16
4574.000000 2.153980e-16
4576.000000 2.199880e-16
4578.000000 2.219910e-16
4580.000000 2.245060e-16
4582.000000 2.253840e-16
4584.000000 2.288860e-16
4586.000000 2.296420e-16
4588.000000 2.314860e-16
4590.000000 2.358950e-16
4592.000000 2.324910e-16
4594.000000 2.342260e-16
4596.000000 2.365780e-16
4598.000000 2.364310e-16
4600.000000 2.430420e-16
4602.000000 2.387500e-16
4604.000000 2.352600e-16
4606.000000 2.430400e-16
4608.000000 2.438180e-16
4610.000000 2.395970e-16
4612.000000 2.384300e-16
4614.000000 2.497960e-16
4616.000000 2.454770e-16
4618.000000 2.443010e-16
4620.000000 2.427880e-16
4622.000000 2.464940e-16
4624.000000 2.536200e-16
4626.000000 2.541620e-16
4628.000000 2.508310e-16
4630.000000 2.521290e-16
4632.000000 2.616880e-16
4634.000000 2.629100e-16
4636.000000 2.565580e-16
4638.000000 2.584980e-16
4640.000000 2.582790e-16
4642.000000 2.595540e-16
4644.000000 2.627560e-16
4646.000000 2.628090e-16
4648.000000 2.656880e-16
4650.000000 2.666780e-16
4652.000000 2.628110e-16
4654.000000 2.601980e-16
4656.000000 2.626900e-16
4658.000000 2.663630e-16
4660.000000 2.687480e-16
4662.000000 2.688030e-16
4664.000000 2.695680e-16
4666.000000 2.661400e-16
4668.000000 2.570930e-16
4670.000000 2.610220e-16
4672.000000 2.608860e-16
4674.000000 2.627500e-16
4676.000000 2.569490e-16
4678.000000 2.656450e-16
4680.000000 2.562170e-16
4682.000000 2.592550e-16
4684.000000 2.554660e-16
4686.000000 2.527290e-16
4688.000000 2.582820e-16
4690.000000 2.545270e-16
4692.000000 2.543950e-16
4694.000000 2.621070e-16
4696.000000 2.575580e-16
4698.000000 2.536940e-16
4700.000000 2.516760e-16
4702.000000 2.558180e-16
4704.000000 2.528900e-16
4706.000000 2.558970e-16
4708.000000 2.565070e-16
4710.000000 2.553700e-16
4712.000000 2.571240e-16
4714.000000 2.559280e-16
4716.000000 2.554420e-16
4718.000000 2.526880e-16
4720.000000 2.504050e-16
4722.000000 2.501730e-16
4724.000000 2.517410e-16
4726.000000 2.491920e-16
4728.000000 2.489940e-16
4730.000000 2.407810e-16
4732.000000 2.464930e-16
4734.000000 2.459900e-16
4736.000000 2.361240e-16
4738.000000 2.390770e-16
4740.000000 2.366730e-16
4742.000000 2.392020e-16
4744.000000 2.365230e-16
4746.000000 2.309680e-16
4748.000000 2.360280e-16
4750.000000 2.338620e-16
4752.000000 2.293790e-16
4754.000000 2.287910e-16
4756.000000 2.278730e-16
4758.000000 2.251310e-16
4760.000000 2.226150e-16
4762.000000 2.236590e-16
4764.000000 2.186740e-16
4766.000000 2.173900e-16
4768.000000 2.188310e-16
4770.000000 2.208200e-16
4772.000000 2.168930e-16
4774.000000 2.125670e-16
4776.000000 2.118410e-16
4778.000000 2.109500e-16
4780.000000 2.114370e-16
4782.000000 2.061640e-16
4784.000000 2.070380e-16
4786.000000 2.017710e-16
4788.000000 2.011300e-16
4790.000000 1.995960e-16
4792.000000 2.016400e-16
4794.000000 1.956400e-16
4796.000000 1.992670e-16
4798.000000 1.989790e-16
4800.000000 2.001310e-16
4802.000000 1.949090e-16
4804.000000 1.922580e-16
4806.000000 1.870770e-16
4808.000000 1.884940e-16
4810.000000 1.877130e-16
4812.000000 1.801830e-16
4814.000000 1.826110e-16
4816.000000 1.812700e-16
4818.000000 1.739360e-16
4820.000000 1.735960e-16
4822.000000 1.711660e-16
4824.000000 1.697320e-16
4826.000000 1.704370e-16
4828.000000 1.678950e-16
4830.000000 1.702490e-16
4832.000000 1.624000e-16
4834.000000 1.583840e-16
4836.000000 1.600350e-16
4838.000000 1.652280e-16
4840.000000 1.559080e-16
4842.000000 1.589890e-16
4844.000000 1.551580e-16
4846.000000 1.544160e-16
4848.000000 1.558320e-16
4850.000000 1.549620e-16
4852.000000 1.526100e-16
4854.000000 1.458610e-16
4856.000000 1.529780e-16
4858.000000 1.437870e-16
4860.000000 1.498140e-16
4862.000000 1.437040e-16
4864.000000 1.473790e-16
4866.000000 1.486430e-16
4868.000000 1.418830e-16
4870.000000 1.424810e-16
4872.000000 1.388820e-16
4874.000000 1.408550e-16
4876.000000 1.452100e-16
4878.000000 1.459840e-16
4880.000000 1.478050e-16
4882.000000 1.509090e-16
4884.000000 1.461350e-16
4886.000000 1.525430e-16
4888.000000 1.512040e-16
4890.000000 1.591860e-16
4892.000000 1.843940e-16
4894.000000 1.843830e-16
4896.000000 1.643020e-16
4898.000000 1.523760e-16
4900.000000 1.603930e-16
4902.000000 1.607210e-16
4904.000000 1.586530e-16
4906.000000 1.559190e-16
4908.000000 1.546430e-16
4910.000000 1.615710e-16
4912.000000 1.623270e-16
4914.000000 1.661400e-16
4916.000000 1.684750e-16
4918.000000 1.729220e-16
4920.000000 1.777760e-16
4922.000000 1.847840e-16
4924.000000 1.888290e-16
4926.000000 1.892450e-16
4928.000000 1.890010e-16
4930.000000 2.020830e-16
4932.000000 2.017690e-16
4934.000000 2.071480e-16
4936.000000 2.042050e-16
4938.000000 2.217160e-16
4940.000000 2.247650e-16
4942.000000 2.368200e-16
4944.000000 2.334930e-16
4946.000000 2.342790e-16
4948.000000 2.453800e-16
4950.000000 2.531420e-16
4952.000000 2.561540e-16
4954.000000 2.548090e-16
4956.000000 2.616990e-16
4958.000000 2.677880e-16
4960.000000 2.681630e-16
4962.000000 2.713560e-16
4964.000000 2.766810e-16
4966.000000 2.853140e-16
4968.000000 2.838660e-16
4970.000000 2.892110e-16
4972.000000 2.927070e-16
4974.000000 2.943250e-16
4976.000000 3.025030e-16
4978.000000 3.017120e-16
4980.000000 3.058720e-16
4982.000000 3.085410e-16
4984.000000 3.088770e-16
4986.000000 3.149290e-16
4988.000000 3.204450e-16
4990.000000 3.231630e-16
4992.000000 3.223420e-16
4994.000000 3.220500e-16
4996.000000 3.232500e-16
4998.000000 3.281900e-16
5000.000000 3.253530e-16
5002.000000 3.197770e-16
5004.000000 3.258770e-16
5006.000000 3.217100e-16
5008.000000 3.274740e-16
5010.000000 3.209730e-16
5012.000000 3.241830e-16
5014.000000 3.221460e-16
5016.000000 3.198420e-16
5018.000000 3.182090e-16
5020.000000 3.165630e-16
5022.000000 3.160130e-16
5024.000000 3.082770e-16
5026.000000 3.070580e-16
5028.000000 3.011290e-16
5030.000000 2.944110e-16
5032.000000 2.875360e-16
5034.000000 2.893480e-16
5036.000000 2.812040e-16
5038.000000 2.887500e-16
5040.000000 2.792580e-16
5042.000000 2.646810e-16
5044.000000 2.679800e-16
5046.000000 2.628170e-16
5048.000000 2.552490e-16
5050.000000 2.448160e-16
5052.000000 2.433330e-16
5054.000000 2.347280e-16
5056.000000 2.325210e-16
5058.000000 2.274600e-16
5060.000000 2.283800e-16
5062.000000 2.240450e-16
5064.000000 2.166390e-16
5066.000000 2.185900e-16
5068.000000 2.153830e-16
5070.000000 2.182930e-16
5072.000000 2.119500e-16
5074.000000 2.134980e-16
5076.000000 2.105390e-16
5078.000000 2.139240e-16
5080.000000 2.192990e-16
5082.000000 2.114820e-16
5084.000000 2.180000e-16
5086.000000 2.172770e-16
5088.000000 2.168140e-16
5090.000000 2.227210e-16
5092.000000 2.234660e-16
5094.000000 2.300920e-16
5096.000000 2.261700e-16
5098.000000 2.270810e-16
5100.000000 2.364050e-16
5102.000000 2.343920e-16
5104.000000 2.344090e-16
5106.000000 2.339510e-16
5108.000000 2.391080e-16
5110.000000 2.471230e-16
5112.000000 2.426750e-16
5114.000000 2.465620e-16
5116.000000 2.441470e-16
5118.000000 2.445270e-16
5120.000000 2.542980e-16
5122.000000 2.475080e-16
5124.000000 2.519720e-16
5126.000000 2.539330e-16
5128.000000 2.588290e-16
5130.000000 2.545730e-16
5132.000000 2.552830e-16
5134.000000 2.532270e-16
5136.000000 2.576290e-16
5138.000000 2.609190e-16
5140.000000 2.580390e-16
5142.000000 2.602780e-16
5144.000000 2.648260e-16
5146.000000 2.587730e-16
5148.000000 2.613300e-16
5150.000000 2.636450e-16
5152.000000 2.626710e-16
5154.000000 2.626820e-16
5156.000000 2.636820e-16
5158.000000 2.653040e-16
5160.000000 2.680970e-16
5162.000000 2.662990e-16
5164.000000 2.667410e-16
5166.000000 2.699930e-16
5168.000000 2.679640e-16
5170.000000 2.737330e-16
5172.000000 2.734160e-16
5174.000000 2.722790e-16
5176.000000 2.735490e-16
5178.000000 2.694390e-16
5180.000000 2.744720e-16
5182.000000 2.750120e-16
5184.000000 2.737540e-16
5186.000000 2.777040e-16
5188.000000 2.789520e-16
5190.000000 2.727820e-16
5192.000000 2.776680e-16
5194.000000 2.717740e-16
5196.000000 2.756400e-16
5198.000000 2.761560e-16
5200.000000 2.725290e-16
5202.000000 2.783830e-16
5204.000000 2.744410e-16
5206.000000 2.789120e-16
5208.000000 2.769060e-16
5210.000000 2.726520e-16
5212.000000 2.696260e-16
5214.000000 2.799000e-16
5216.000000 2.752780e-16
5218.000000 2.797660e-16
5220.000000 2.775500e-16
5222.000000 2.764510e-16
5224.000000 2.803380e-16
5226.000000 2.792860e-16
5228.000000 2.841050e-16
5230.000000 2.807050e-16
5232.000000 2.825210e-16
5234.000000 2.831110e-16
5236.000000 2.798040e-16
5238.000000 2.828430e-16
5240.000000 2.903090e-16
5242.000000 2.960300e-16
5244.000000 2.958060e-16
5246.000000 3.001840e-16
5248.000000 2.994890e-16
5250.000000 2.998590e-16
5252.000000 3.052740e-16
5254.000000 3.044380e-16
5256.000000 3.046700e-16
5258.000000 3.149330e-16
5260.000000 3.107790e-16
5262.000000 3.134820e-16
5264.000000 3.180980e-16
5266.000000 3.205700e-16
5268.000000 3.218440e-16
5270.000000 3.240320e-16
5272.000000 3.253250e-16
5274.000000 3.332460e-16
5276.000000 3.303390e-16
5278.000000 3.289400e-16
5280.000000 3.358710e-16
5282.000000 3.366230e-16
5284.000000 3.377240e-16
5286.000000 3.412420e-16
5288.000000 3.368290e-16
5290.000000 3.445150e-16
5292.000000 3.442870e-16
5294.000000 3.436760e-16
5296.000000 3.431900e-16
5298.000000 3.482590e-16
5300.000000 3.507890e-16
5302.000000 3.500440e-16
5304.000000 3.473730e-16
5306.000000 3.541550e-16
5308.000000 3.507210e-16
5310.000000 3.567460e-16
5312.000000 3.604890e-16
5314.000000 3.622970e-16
5316.000000 3.642530e-16
5318.000000 3.704320e-16
5320.000000 3.700960e-16
5322.000000 3.688700e-16
5324.000000 3.759770e-16
5326.000000 3.817770e-16
5328.000000 3.833720e-16
5330.000000 3.854310e-16
5332.000000 3.832930e-16
5334.000000 3.920950e-16
5336.000000 3.901990e-16
5338.000000 3.925030e-16
5340.000000 3.998200e-16
5342.000000 3.960100e-16
5344.000000 4.013030e-16
5346.000000 4.074310e-16
5348.000000 4.008270e-16
5350.000000 4.048350e-16
5352.000000 4.097700e-16
5354.000000 4.076820e-16
5356.000000 4.096640e-16
5358.000000 4.093350e-16
5360.000000 4.040430e-16
5362.000000 4.061190e-16
5364.000000 4.108460e-16
5366.000000 4.073190e-16
5368.000000 4.014060e-16
5370.000000 4.157620e-16
5372.000000 4.117740e-16
5374.000000 4.076350e-16
5376.000000 4.076010e-16
5378.000000 4.085820e-16
5380.000000 4.112810e-16
5382.000000 4.043870e-16
5384.000000 4.091780e-16
5386.000000 4.083400e-16
5388.000000 4.069100e-16
5390.000000 4.032020e-16
5392.000000 4.089660e-16
5394.000000 4.015560e-16
5396.000000 4.036450e-16
5398.000000 4.030380e-16
5400.000000 3.980190e-16
5402.000000 3.975940e-16
5404.000000 3.969870e-16
5406.000000 3.924980e-16
5408.000000 3.968480e-16
5410.000000 3.999870e-16
5412.000000 3.928800e-16
5414.000000 3.939050e-16
5416.000000 3.962690e-16
5418.000000 4.004790e-16
5420.000000 4.055940e-16
5422.000000 3.976450e-16
5424.000000 4.009240e-16
5426.000000 3.975260e-16
5428.000000 4.060130e-16
5430.000000 3.974650e-16
5432.000000 4.040750e-16
5434.000000 4.057810e-16
5436.000000 4.127040e-16
5438.000000 4.009480e-16
5440.000000 4.040350e-16
5442.000000 4.097970e-16
5444.000000 4.139370e-16
5446.000000 4.162050e-16
5448.000000 4.238910e-16
5450.000000 4.222060e-16
5452.000000 4.216180e-16
5454.000000 4.327760e-16
5456.000000 4.298270e-16
5458.000000 4.399680e-16
5460.000000 4.341930e-16
5462.000000 4.322140e-16
5464.000000 4.438960e-16
5466.000000 4.482930e-16
5468.000000 4.416440e-16
5470.000000 4.545360e-16
5472.000000 4.600820e-16
5474.000000 4.559860e-16
5476.000000 4.530020e-16
5478.000000 4.627090e-16
5480.000000 4.588370e-16
5482.000000 4.631100e-16
5484.000000 4.661320e-16
5486.000000 4.686860e-16
5488.000000 4.702080e-16
5490.000000 4.645260e-16
5492.000000 4.787090e-16
5494.000000 4.784180e-16
5496.000000 4.791210e-16
5498.000000 4.812020e-16
5500.000000 4.850740e-16
5502.000000 4.888710e-16
5504.000000 4.995930e-16
5506.000000 4.952340e-16
5508.000000 4.956520e-16
5510.000000 4.984660e-16
5512.000000 5.071540e-16
5514.000000 4.883630e-16
5516.000000 4.933490e-16
5518.000000 4.881940e-16
5520.000000 4.891200e-16
5522.000000 4.840810e-16
5524.000000 4.830650e-16
5526.000000 4.822310e-16
5528.000000 4.825740e-16
5530.000000 4.878670e-16
5532.000000 4.836210e-16
5534.000000 4.783740e-16
5536.000000 4.876980e-16
5538.000000 4.853500e-16
5540.000000 4.789400e-16
5542.000000 4.734010e-16
5544.000000 4.734390e-16
5546.000000 4.720630e-16
5548.000000 4.674360e-16
5550.000000 4.653230e-16
5552.000000 4.715400e-16
5554.000000 4.659150e-16
5556.000000 4.624160e-16
5558.000000 4.598360e-16
5560.000000 4.540910e-16
5562.000000 4.514300e-16
5564.000000 4.544930e-16
5566.000000 4.570850e-16
5568.000000 4.506670e-16
5570.000000 4.512350e-16
5572.000000 4.569370e-16
5574.000000 4.587840e-16
5576.000000 4.607390e-16
5578.000000 4.441260e-16
5580.000000 4.521760e-16
5582.000000 4.557140e-16
5584.000000 4.531090e-16
5586.000000 4.565190e-16
5588.000000 4.661070e-16
5590.000000 4.581610e-16
5592.000000 4.577920e-16
5594.000000 4.612840e-16
5596.000000 4.671880e-16
5598.000000 4.661610e-16
5600.000000 4.616630e-16
5602.000000 4.577830e-16
5604.000000 4.589380e-16
5606.000000 4.500570e-16
5608.000000 4.574940e-16
5610.000000 4.686600e-16
5612.000000 4.670730e-16
5614.000000 4.615410e-16
5616.000000 4.601780e-16
5618.000000 4.525650e-16
5620.000000 4.558990e-16
5622.000000 4.495260e-16
5624.000000 4.371120e-16
5626.000000 4.464510e-16
5628.000000 4.485600e-16
5630.000000 4.499080e-16
5632.000000 4.399220e-16
5634.000000 4.402680e-16
5636.000000 4.474630e-16
5638.000000 4.399240e-16
5640.000000 4.437870e-16
5642.000000 4.424100e-16
5644.000000 4.309270e-16
5646.000000 4.284290e-16
5648.000000 4.217140e-16
5650.000000 4.121740e-16
5652.000000 4.050760e-16
5654.000000 4.017740e-16
5656.000000 4.039220e-16
5658.000000 3.900870e-16
5660.000000 3.829440e-16
5662.000000 3.689860e-16
5664.000000 3.746270e-16
5666.000000 3.652200e-16
5668.000000 3.497300e-16
5670.000000 3.424790e-16
5672.000000 3.284570e-16
5674.000000 3.186920e-16
5676.000000 3.082920e-16
5678.000000 2.988210e-16
5680.000000 2.866480e-16
5682.000000 2.797940e-16
5684.000000 2.707320e-16
5686.000000 2.614880e-16
5688.000000 2.521990e-16
5690.000000 2.465020e-16
5692.000000 2.398950e-16
5694.000000 2.311650e-16
5696.000000 2.223190e-16
5698.000000 2.175980e-16
5700.000000 2.147800e-16
5702.000000 2.105840e-16
5704.000000 2.044590e-16
5706.000000 2.012580e-16
5708.000000 2.028670e-16
5710.000000 1.987000e-16
5712.000000 1.932280e-16
5714.000000 1.984250e-16
5716.000000 1.986500e-16
5718.000000 1.969570e-16
5720.000000 1.985390e-16
5722.000000 2.041960e-16
5724.000000 2.052810e-16
5726.000000 2.020980e-16
5728.000000 2.044180e-16
5730.000000 2.047200e-16
5732.000000 2.075810e-16
5734.000000 2.127280e-16
5736.000000 2.210480e-16
5738.000000 2.306930e-16
5740.000000 2.309440e-16
5742.000000 2.303970e-16
5744.000000 2.333170e-16
5746.000000 2.435030e-16
5748.000000 2.503330e-16
5750.000000 2.598230e-16
5752.000000 2.663610e-16
5754.000000 2.716080e-16
5756.000000 2.787780e-16
5758.000000 2.836920e-16
5760.000000 2.871420e-16
5762.000000 2.970850e-16
5764.000000 3.035040e-16
5766.000000 3.066750e-16
5768.000000 3.113320e-16
5770.000000 3.200320e-16
5772.000000 3.332210e-16
5774.000000 3.359240e-16
5776.000000 3.412510e-16
5778.000000 3.485940e-16
5780.000000 3.554920e-16
5782.000000 3.612970e-16
5784.000000 3.711470e-16
5786.000000 3.737940e-16
5788.000000 3.836510e-16
5790.000000 3.941090e-16
5792.000000 3.999550e-16
5794.000000 4.158810e-16
5796.000000 4.181260e-16
5798.000000 4.257060e-16
5800.000000 4.287720e-16
5802.000000 4.351410e-16
5804.000000 4.437050e-16
5806.000000 4.520260e-16
5808.000000 4.545010e-16
5810.000000 4.618750e-16
5812.000000 4.721880e-16
5814.000000 4.765640e-16
5816.000000 4.781800e-16
5818.000000 4.788120e-16
5820.000000 4.769490e-16
5822.000000 4.829050e-16
5824.000000 4.879840e-16
5826.000000 5.050180e-16
5828.000000 5.187910e-16
5830.000000 5.304670e-16
5832.000000 5.337620e-16
5834.000000 5.358150e-16
5836.000000 5.411390e-16
5838.000000 5.408870e-16
5840.000000 5.460290e-16
5842.000000 5.599340e-16
5844.000000 5.686290e-16
5846.000000 5.741810e-16
5848.000000 5.729900e-16
5850.000000 5.766230e-16
5852.000000 5.841910e-16
5854.000000 5.884070e-16
5856.000000 5.939020e-16
5858.000000 5.966690e-16
5860.000000 5.955770e-16
5862.000000 5.933640e-16
5864.000000 5.975460e-16
5866.000000 6.006760e-16
5868.000000 6.053790e-16
5870.000000 6.132710e-16
5872.000000 6.088760e-16
5874.000000 6.059220e-16
5876.000000 6.171040e-16
5878.000000 6.208570e-16
5880.000000 6.185610e-16
5882.000000 6.084490e-16
5884.000000 6.082800e-16
5886.000000 6.136020e-16
5888.000000 6.094130e-16
5890.000000 5.979310e-16
5892.000000 5.957270e-16
5894.000000 5.987010e-16
5896.000000 5.946410e-16
5898.000000 5.966000e-16
5900.000000 6.024040e-16
5902.000000 6.037070e-16
5904.000000 6.155840e-16
5906.000000 6.206610e-16
5908.000000 6.066450e-16
5910.000000 6.072470e-16
5912.000000 6.090740e-16
5914.000000 6.151120e-16
5916.000000 6.185210e-16
5918.000000 6.144910e-16
5920.000000 6.179310e-16
5922.000000 6.180780e-16
5924.000000 6.213750e-16
5926.000000 6.208130e-16
5928.000000 6.021090e-16
5930.000000 5.733820e-16
5932.000000 5.470110e-16
5934.000000 5.453560e-16
5936.000000 5.557790e-16
5938.000000 5.586250e-16
5940.000000 5.648370e-16
5942.000000 5.901360e-16
5944.000000 6.194060e-16
5946.000000 6.261210e-16
5948.000000 6.190070e-16
5950.000000 6.173990e-16
5952.000000 6.223120e-16
5954.000000 6.174470e-16
5956.000000 6.078460e-16
5958.000000 6.173920e-16
5960.000000 6.134120e-16
5962.000000 6.144200e-16
5964.000000 6.140980e-16
5966.000000 6.099700e-16
5968.000000 6.067750e-16
5970.000000 6.025770e-16
5972.000000 6.003340e-16
5974.000000 5.994410e-16
5976.000000 5.974920e-16
5978.000000 5.930850e-16
5980.000000 5.951150e-16
5982.000000 5.998480e-16
5984.000000 5.904350e-16
5986.000000 5.861620e-16
5988.000000 5.931010e-16
5990.000000 5.863980e-16
5992.000000 5.815090e-16
5994.000000 5.839350e-16
5996.000000 5.829560e-16
5998.000000 5.793880e-16
6000.000000 5.810760e-16
6002.000000 5.741420e-16
6004.000000 5.675110e-16
6006.000000 5.661800e-16
6008.000000 5.618640e-16
6010.000000 5.580240e-16
6012.000000 5.584580e-16
6014.000000 5.563270e-16
6016.000000 5.530030e-16
6018.000000 5.509550e-16
6020.000000 5.457120e-16
6022.000000 5.370680e-16
6024.000000 5.340940e-16
6026.000000 5.417270e-16
6028.000000 5.409860e-16
6030.000000 5.312540e-16
6032.000000 5.331130e-16
6034.000000 5.259640e-16
6036.000000 5.202400e-16
6038.000000 5.189750e-16
6040.000000 5.209870e-16
6042.000000 5.148430e-16
6044.000000 5.126040e-16
6046.000000 5.158860e-16
6048.000000 5.132800e-16
6050.000000 5.116080e-16
6052.000000 5.102350e-16
6054.000000 5.068990e-16
6056.000000 5.063540e-16
6058.000000 5.080350e-16
6060.000000 5.045880e-16
6062.000000 5.082960e-16
6064.000000 5.078720e-16
6066.000000 5.105270e-16
6068.000000 5.081690e-16
6070.000000 5.021010e-16
6072.000000 5.041650e-16
6074.000000 5.068360e-16
6076.000000 5.066900e-16
6078.000000 5.100340e-16
6080.000000 5.114240e-16
6082.000000 5.023560e-16
6084.000000 5.041120e-16
6086.000000 5.037990e-16
6088.000000 5.089570e-16
6090.000000 5.129960e-16
6092.000000 5.080000e-16
6094.000000 5.049820e-16
6096.000000 5.056910e-16
6098.000000 5.112460e-16
6100.000000 5.097120e-16
6102.000000 5.078970e-16
6104.000000 5.027220e-16
6106.000000 5.013680e-16
6108.000000 5.041490e-16
6110.000000 5.035020e-16
6112.000000 5.002460e-16
6114.000000 4.909600e-16
6116.000000 4.931330e-16
6118.000000 4.947080e-16
6120.000000 4.913760e-16
6122.000000 4.917530e-16
6124.000000 4.878090e-16
6126.000000 4.852450e-16
6128.000000 4.871910e-16
6130.000000 4.944550e-16
6132.000000 4.892230e-16
6134.000000 4.841410e-16
6136.000000 4.863890e-16
6138.000000 4.843380e-16
6140.000000 4.809480e-16
6142.000000 4.824030e-16
6144.000000 4.810280e-16
6146.000000 4.793690e-16
6148.000000 4.858770e-16
6150.000000 4.835240e-16
6152.000000 4.817000e-16
6154.000000 4.819700e-16
6156.000000 4.797980e-16
6158.000000 4.869320e-16
6160.000000 4.866790e-16
6162.000000 4.858870e-16
6164.000000 4.917690e-16
6166.000000 4.968440e-16
6168.000000 4.948380e-16
6170.000000 4.929260e-16
6172.000000 4.952140e-16
6174.000000 4.967700e-16
6176.000000 4.949730e-16
6178.000000 5.055170e-16
6180.000000 5.109660e-16
6182.000000 5.091620e-16
6184.000000 5.123680e-16
6186.000000 5.162240e-16
6188.000000 5.171580e-16
6190.000000 5.145400e-16
6192.000000 5.190060e-16
6194.000000 5.169440e-16
6196.000000 5.148900e-16
6198.000000 5.221490e-16
6200.000000 5.223630e-16
6202.000000 5.243940e-16
6204.000000 5.242730e-16
6206.000000 5.214200e-16
6208.000000 5.188070e-16
6210.000000 5.200620e-16
6212.000000 5.219320e-16
6214.000000 5.176960e-16
6216.000000 5.164810e-16
6218.000000 5.113500e-16
6220.000000 5.080820e-16
6222.000000 5.046940e-16
6224.000000 5.053290e-16
6226.000000 5.049860e-16
6228.000000 5.027560e-16
6230.000000 5.073400e-16
6232.000000 4.985880e-16
6234.000000 4.934360e-16
6236.000000 4.913810e-16
6238.000000 4.848600e-16
6240.000000 4.840110e-16
6242.000000 4.823060e-16
6244.000000 4.804700e-16
6246.000000 4.726810e-16
6248.000000 4.664420e-16
6250.000000 4.680360e-16
6252.000000 4.672090e-16
6254.000000 4.641740e-16
6256.000000 4.708360e-16
6258.000000 4.705270e-16
6260.000000 4.663590e-16
6262.000000 4.666470e-16
6264.000000 4.625140e-16
6266.000000 4.602470e-16
6268.000000 4.605060e-16
6270.000000 4.583980e-16
6272.000000 4.587440e-16
6274.000000 4.500730e-16
6276.000000 4.416250e-16
6278.000000 4.476680e-16
6280.000000 4.515690e-16
6282.000000 4.534470e-16
6284.000000 4.504570e-16
6286.000000 4.490360e-16
6288.000000 4.450620e-16
6290.000000 4.411430e-16
6292.000000 4.462250e-16
6294.000000 4.442690e-16
6296.000000 4.430360e-16
6298.000000 4.426000e-16
6300.000000 4.380100e-16
6302.000000 4.421510e-16
6304.000000 4.431360e-16
6306.000000 4.365950e-16
6308.000000 4.374970e-16
6310.000000 4.316430e-16
6312.000000 4.304590e-16
6314.000000 4.349810e-16
6316.000000 4.387820e-16
6318.000000 4.377260e-16
6320.000000 4.377310e-16
6322.000000 4.330740e-16
6324.000000 4.236240e-16
6326.000000 4.171780e-16
6328.000000 4.041950e-16
6330.000000 3.928810e-16
6332.000000 4.045160e-16
6334.000000 4.217610e-16
6336.000000 4.324580e-16
6338.000000 4.366050e-16
6340.000000 4.368030e-16
6342.000000 4.342720e-16
6344.000000 4.395550e-16
6346.000000 4.382370e-16
6348.000000 4.398320e-16
6350.000000 4.384350e-16
6352.000000 4.384760e-16
6354.000000 4.350040e-16
6356.000000 4.335670e-16
6358.000000 4.373530e-16
6360.000000 4.368180e-16
6362.000000 4.340990e-16
6364.000000 4.350750e-16
6366.000000 4.348370e-16
6368.000000 4.369290e-16
6370.000000 4.404520e-16
6372.000000 4.430660e-16
6374.000000 4.431210e-16
6376.000000 4.449580e-16
6378.000000 4.486980e-16
6380.000000 4.503720e-16
6382.000000 4.464120e-16
6384.000000 4.487060e-16
6386.000000 4.568090e-16
6388.000000 4.543400e-16
6390.000000 4.566560e-16
6392.000000 4.558380e-16
6394.000000 4.574110e-16
6396.000000 4.575230e-16
6398.000000 4.587220e-16
6400.000000 4.631640e-16
6402.000000 4.614500e-16
6404.000000 4.626790e-16
6406.000000 4.654690e-16
6408.000000 4.661140e-16
6410.000000 4.626320e-16
6412.000000 4.704070e-16
6414.000000 4.768320e-16
6416.000000 4.698770e-16
6418.000000 4.718260e-16
6420.000000 4.735010e-16
6422.000000 4.711670e-16
6424.000000 4.721450e-16
6426.000000 4.723390e-16
6428.000000 4.689550e-16
6430.000000 4.722610e-16
6432.000000 4.742750e-16
6434.000000 4.716980e-16
6436.000000 4.716150e-16
6438.000000 4.673850e-16
6440.000000 4.669440e-16
6442.000000 4.666300e-16
6444.000000 4.643720e-16
6446.000000 4.620320e-16
6448.000000 4.616800e-16
6450.000000 4.581350e-16
6452.000000 4.510470e-16
6454.000000 4.492920e-16
6456.000000 4.473710e-16
6458.000000 4.382060e-16
6460.000000 4.349760e-16
6462.000000 4.324060e-16
6464.000000 4.238620e-16
6466.000000 4.176160e-16
6468.000000 4.159430e-16
6470.000000 4.136770e-16
6472.000000 4.018760e-16
6474.000000 3.918180e-16
6476.000000 3.889480e-16
6478.000000 3.840870e-16
6480.000000 3.762330e-16
6482.000000 3.684720e-16
6484.000000 3.609060e-16
6486.000000 3.543880e-16
6488.000000 3.488240e-16
6490.000000 3.431700e-16
6492.000000 3.431710e-16
6494.000000 3.354340e-16
6496.000000 3.329790e-16
6498.000000 3.322820e-16
6500.000000 3.377350e-16
6502.000000 3.383580e-16
6504.000000 3.336850e-16
6506.000000 3.268560e-16
6508.000000 3.293460e-16
6510.000000 3.300070e-16
6512.000000 3.354750e-16
6514.000000 3.390650e-16
6516.000000 3.459940e-16
6518.000000 3.439030e-16
6520.000000 3.452410e-16
6522.000000 3.461720e-16
6524.000000 3.445010e-16
6526.000000 3.543370e-16
6528.000000 3.529890e-16
6530.000000 3.559490e-16
6532.000000 3.645850e-16
6534.000000 3.727370e-16
6536.000000 3.753480e-16
6538.000000 3.756890e-16
6540.000000 3.817510e-16
6542.000000 3.909830e-16
6544.000000 3.983290e-16
6546.000000 3.971180e-16
6548.000000 4.079220e-16
6550.000000 4.139880e-16
6552.000000 4.189510e-16
6554.000000 4.251540e-16
6556.000000 4.233020e-16
6558.000000 4.285570e-16
6560.000000 4.334250e-16
6562.000000 4.381470e-16
6564.000000 4.495760e-16
6566.000000 4.546240e-16
6568.000000 4.538610e-16
6570.000000 4.570930e-16
6572.000000 4.624300e-16
6574.000000 4.682640e-16
6576.000000 4.698230e-16
6578.000000 4.724950e-16
6580.000000 4.748610e-16
6582.000000 4.870850e-16
6584.000000 4.966880e-16
6586.000000 5.026460e-16
6588.000000 5.076460e-16
6590.000000 5.109560e-16
6592.000000 5.235050e-16
6594.000000 5.403960e-16
6596.000000 5.469600e-16
6598.000000 5.456800e-16
6600.000000 5.446190e-16
6602.000000 5.527600e-16
6604.000000 5.648700e-16
6606.000000 6.056300e-16
6608.000000 6.620500e-16
6610.000000 6.929920e-16
6612.000000 6.754630e-16
6614.000000 6.124900e-16
6616.000000 5.907790e-16
6618.000000 5.998580e-16
6620.000000 6.069270e-16
6622.000000 6.135700e-16
6624.000000 6.241730e-16
6626.000000 6.252370e-16
6628.000000 6.415300e-16
6630.000000 6.556640e-16
6632.000000 6.593110e-16
6634.000000 6.495650e-16
6636.000000 6.451450e-16
6638.000000 6.510020e-16
6640.000000 6.511150e-16
6642.000000 6.550620e-16
6644.000000 6.650680e-16
6646.000000 6.636210e-16
6648.000000 6.629500e-16
6650.000000 6.678760e-16
6652.000000 6.768390e-16
6654.000000 6.800930e-16
6656.000000 6.710280e-16
6658.000000 6.678300e-16
6660.000000 6.631580e-16
6662.000000 6.641370e-16
6664.000000 6.694480e-16
6666.000000 6.717910e-16
6668.000000 6.700240e-16
6670.000000 6.663930e-16
6672.000000 6.617410e-16
6674.000000 6.625440e-16
6676.000000 6.661500e-16
6678.000000 6.713710e-16
6680.000000 6.644750e-16
6682.000000 6.585710e-16
6684.000000 6.576780e-16
6686.000000 6.569740e-16
6688.000000 6.569400e-16
6690.000000 6.551830e-16
6692.000000 6.518330e-16
6694.000000 6.501700e-16
6696.000000 6.495160e-16
6698.000000 6.473480e-16
6700.000000 6.423550e-16
6702.000000 6.394270e-16
6704.000000 6.397740e-16
6706.000000 6.378960e-16
6708.000000 6.360890e-16
6710.000000 6.313810e-16
6712.000000 6.316530e-16
6714.000000 6.321210e-16
6716.000000 6.290970e-16
6718.000000 6.289290e-16
6720.000000 6.285810e-16
6722.000000 6.307520e-16
6724.000000 6.360240e-16
6726.000000 6.408900e-16
6728.000000 6.366850e-16
6730.000000 6.357030e-16
6732.000000 6.367270e-16
6734.000000 6.426060e-16
6736.000000 6.469260e-16
6738.000000 6.412200e-16
6740.000000 6.422450e-16
6742.000000 6.481950e-16
6744.000000 6.457830e-16
6746.000000 6.391190e-16
6748.000000 6.421350e-16
6750.000000 6.465340e-16
6752.000000 6.472120e-16
6754.000000 6.435660e-16
6756.000000 6.416480e-16
6758.000000 6.363640e-16
6760.000000 6.385920e-16
6762.000000 6.473440e-16
6764.000000 6.506370e-16
6766.000000 6.469510e-16
6768.000000 6.376750e-16
6770.000000 6.375810e-16
6772.000000 6.378360e-16
6774.000000 6.315670e-16
6776.000000 6.352040e-16
6778.000000 6.410960e-16
6780.000000 6.355200e-16
6782.000000 6.301060e-16
6784.000000 6.201690e-16
6786.000000 6.162740e-16
6788.000000 6.211230e-16
6790.000000 6.145410e-16
6792.000000 6.109910e-16
6794.000000 6.118630e-16
6796.000000 6.084910e-16
6798.000000 6.059190e-16
6800.000000 6.071770e-16
6802.000000 6.099970e-16
6804.000000 6.063260e-16
6806.000000 6.025170e-16
6808.000000 6.012280e-16
6810.000000 5.936460e-16
6812.000000 5.898840e-16
6814.000000 5.900190e-16
6816.000000 5.872560e-16
6818.000000 5.824020e-16
6820.000000 5.789300e-16
6822.000000 5.724210e-16
6824.000000 5.662700e-16
6826.000000 5.578430e-16
6828.000000 5.512920e-16
6830.000000 5.491420e-16
6832.000000 5.398740e-16
6834.000000 5.339230e-16
6836.000000 5.338060e-16
6838.000000 5.282300e-16
6840.000000 5.132480e-16
6842.000000 5.052120e-16
6844.000000 4.974320e-16
6846.000000 4.918240e-16
6848.000000 4.852530e-16
6850.000000 4.721750e-16
6852.000000 4.628150e-16
6854.000000 4.550010e-16
6856.000000 4.493440e-16
6858.000000 4.439160e-16
6860.000000 4.320300e-16
6862.000000 4.217240e-16
6864.000000 4.122200e-16
6866.000000 4.009320e-16
6868.000000 3.938900e-16
6870.000000 3.889400e-16
6872.000000 3.986350e-16
6874.000000 4.014110e-16
6876.000000 3.962030e-16
6878.000000 3.932720e-16
6880.000000 3.881000e-16
6882.000000 3.832200e-16
6884.000000 3.805570e-16
6886.000000 3.757540e-16
6888.000000 3.766840e-16
6890.000000 3.835380e-16
6892.000000 3.839910e-16
6894.000000 3.863820e-16
6896.000000 3.905420e-16
6898.000000 3.910470e-16
6900.000000 3.951530e-16
6902.000000 3.966600e-16
6904.000000 3.931200e-16
6906.000000 3.936450e-16
6908.000000 3.989040e-16
6910.000000 4.018360e-16
6912.000000 4.091050e-16
6914.000000 4.198540e-16
6916.000000 4.220700e-16
6918.000000 4.249320e-16
6920.000000 4.312500e-16
6922.000000 4.335530e-16
6924.000000 4.369290e-16
6926.000000 4.487100e-16
6928.000000 4.539420e-16
6930.000000 4.565000e-16
6932.000000 4.590800e-16
6934.000000 4.694860e-16
6936.000000 4.747220e-16
6938.000000 4.804310e-16
6940.000000 4.859820e-16
6942.000000 4.886430e-16
6944.000000 4.953820e-16
6946.000000 4.967810e-16
6948.000000 5.055470e-16
6950.000000 5.121390e-16
6952.000000 5.138590e-16
6954.000000 5.220630e-16
6956.000000 5.287540e-16
6958.000000 5.379440e-16
6960.000000 5.459550e-16
6962.000000 5.509870e-16
6964.000000 5.546100e-16
6966.000000 5.564020e-16
6968.000000 5.607020e-16
6970.000000 5.637560e-16
6972.000000 5.731770e-16
6974.000000 5.788600e-16
6976.000000 5.808520e-16
6978.000000 5.863380e-16
6980.000000 5.910100e-16
6982.000000 5.964530e-16
6984.000000 6.058110e-16
6986.000000 6.114480e-16
6988.000000 6.132940e-16
6990.000000 6.156450e-16
6992.000000 6.276700e-16
6994.000000 6.335250e-16
6996.000000 6.355440e-16
6998.000000 6.430930e-16
7000.000000 6.453410e-16
7002.000000 6.530300e-16
7004.000000 6.574420e-16
7006.000000 6.641790e-16
7008.000000 6.712260e-16
7010.000000 6.755720e-16
7012.000000 6.728350e-16
7014.000000 6.788710e-16
7016.000000 6.885850e-16
7018.000000 6.957540e-16
7020.000000 6.940130e-16
7022.000000 6.941330e-16
7024.000000 6.984570e-16
7026.000000 7.057470e-16
7028.000000 7.085950e-16
7030.000000 7.070270e-16
7032.000000 7.087320e-16
7034.000000 7.095760e-16
7036.000000 7.090890e-16
7038.000000 7.020410e-16
7040.000000 7.016540e-16
7042.000000 7.042960e-16
7044.000000 7.033930e-16
7046.000000 7.034470e-16
7048.000000 6.973780e-16
7050.000000 6.955260e-16
7052.000000 6.899520e-16
7054.000000 6.849070e-16
7056.000000 6.822310e-16
7058.000000 6.770890e-16
7060.000000 6.713670e-16
7062.000000 6.683590e-16
7064.000000 6.638920e-16
7066.000000 6.586490e-16
7068.000000 6.533540e-16
7070.000000 6.501290e-16
7072.000000 6.470040e-16
7074.000000 6.408000e-16
7076.000000 6.404980e-16
7078.000000 6.396120e-16
7080.000000 6.322320e-16
7082.000000 6.319690e-16
7084.000000 6.318130e-16
7086.000000 6.246980e-16
7088.000000 6.229530e-16
7090.000000 6.231790e-16
7092.000000 6.210270e-16
7094.000000 6.187990e-16
7096.000000 6.162260e-16
7098.000000 6.165990e-16
7100.000000 6.162700e-16
7102.000000 6.177880e-16
7104.000000 6.095040e-16
7106.000000 6.095660e-16
7108.000000 6.117550e-16
7110.000000 6.104470e-16
7112.000000 6.088760e-16
7114.000000 6.168660e-16
7116.000000 6.202750e-16
7118.000000 6.156510e-16
7120.000000 6.217540e-16
7122.000000 6.219900e-16
7124.000000 6.227780e-16
7126.000000 6.187660e-16
7128.000000 6.185120e-16
7130.000000 6.214850e-16
7132.000000 6.247130e-16
7134.000000 6.277390e-16
7136.000000 6.336020e-16
7138.000000 6.302140e-16
7140.000000 6.235630e-16
7142.000000 6.246720e-16
7144.000000 6.245230e-16
7146.000000 6.231830e-16
7148.000000 6.233140e-16
7150.000000 6.198020e-16
7152.000000 6.268310e-16
7154.000000 6.211840e-16
7156.000000 6.162020e-16
7158.000000 6.207730e-16
7160.000000 6.203350e-16
7162.000000 6.168270e-16
7164.000000 6.166420e-16
7166.000000 6.175980e-16
7168.000000 6.156680e-16
7170.000000 6.124140e-16
7172.000000 6.126620e-16
7174.000000 6.126090e-16
7176.000000 6.141780e-16
7178.000000 6.159570e-16
7180.000000 6.100210e-16
7182.000000 6.079620e-16
7184.000000 6.121600e-16
7186.000000 6.089760e-16
7188.000000 6.086760e-16
7190.000000 6.064790e-16
7192.000000 6.099370e-16
7194.000000 6.111410e-16
7196.000000 6.100450e-16
7198.000000 6.120070e-16
7200.000000 6.125730e-16
7202.000000 6.119500e-16
7204.000000 6.115660e-16
7206.000000 6.061000e-16
7208.000000 6.062960e-16
7210.000000 6.138910e-16
7212.000000 6.106640e-16
7214.000000 6.123500e-16
7216.000000 6.145580e-16
7218.000000 6.130290e-16
7220.000000 6.140590e-16
7222.000000 6.135330e-16
7224.000000 6.158020e-16
7226.000000 6.145950e-16
7228.000000 6.171330e-16
7230.000000 6.219280e-16
7232.000000 6.207490e-16
7234.000000 6.307330e-16
7236.000000 6.343560e-16
7238.000000 6.322810e-16
7240.000000 6.418260e-16
7242.000000 6.499530e-16
7244.000000 6.502920e-16
7246.000000 6.473120e-16
7248.000000 6.485390e-16
7250.000000 6.536740e-16
7252.000000 6.556110e-16
7254.000000 6.566630e-16
7256.000000 6.617770e-16
7258.000000 6.639610e-16
7260.000000 6.628460e-16
7262.000000 6.672260e-16
7264.000000 6.719760e-16
7266.000000 6.728900e-16
7268.000000 6.712620e-16
7270.000000 6.749760e-16
7272.000000 6.700080e-16
7274.000000 6.590300e-16
7276.000000 6.618440e-16
7278.000000 6.646890e-16
7280.000000 6.708310e-16
7282.000000 6.766340e-16
7284.000000 6.773700e-16
7286.000000 6.798270e-16
7288.000000 6.787190e-16
7290.000000 6.824560e-16
7292.000000 6.782200e-16
7294.000000 6.798590e-16
7296.000000 6.856960e-16
7298.000000 6.804120e-16
7300.000000 6.722560e-16
7302.000000 6.684890e-16
7304.000000 6.686810e-16
7306.000000 6.701470e-16
7308.000000 6.723400e-16
7310.000000 6.691710e-16
7312.000000 6.691740e-16
7314.000000 6.626950e-16
7316.000000 6.654810e-16
7318.000000 6.690870e-16
7320.000000 6.630490e-16
7322.000000 6.560600e-16
7324.000000 6.616400e-16
7326.000000 6.597620e-16
7328.000000 6.503370e-16
7330.000000 6.550550e-16
7332.000000 6.556570e-16
7334.000000 6.555370e-16
7336.000000 6.576770e-16
7338.000000 6.599530e-16
7340.000000 6.659400e-16
7342.000000 6.647510e-16
7344.000000 6.550630e-16
7346.000000 6.566080e-16
7348.000000 6.535770e-16
7350.000000 6.579220e-16
7352.000000 6.526280e-16
7354.000000 6.530890e-16
7356.000000 6.533900e-16
7358.000000 6.544980e-16
7360.000000 6.530530e-16
7362.000000 6.502800e-16
7364.000000 6.495330e-16
7366.000000 6.508820e-16
7368.000000 6.473450e-16
7370.000000 6.426850e-16
7372.000000 6.436760e-16
7374.000000 6.390690e-16
7376.000000 6.399580e-16
7378.000000 6.427220e-16
7380.000000 6.403610e-16
7382.000000 6.436690e-16
7384.000000 6.458560e-16
7386.000000 6.422880e-16
7388.000000 6.375350e-16
7390.000000 6.358440e-16
7392.000000 6.354920e-16
7394.000000 6.363230e-16
7396.000000 6.333790e-16
7398.000000 6.340600e-16
7400.000000 6.348210e-16
7402.000000 6.329450e-16
7404.000000 6.254430e-16
7406.000000 6.208670e-16
7408.000000 6.166010e-16
7410.000000 6.171700e-16
7412.000000 6.222630e-16
7414.000000 6.259920e-16
7416.000000 6.214720e-16
7418.000000 6.174100e-16
7420.000000 6.184160e-16
7422.000000 6.090940e-16
7424.000000 6.120480e-16
7426.000000 6.170090e-16
7428.000000 6.167710e-16
7430.000000 6.145060e-16
7432.000000 6.168930e-16
7434.000000 6.154810e-16
7436.000000 6.116550e-16
7438.000000 6.141710e-16
7440.000000 6.185310e-16
7442.000000 6.148440e-16
7444.000000 6.171050e-16
7446.000000 6.173360e-16
7448.000000 6.143980e-16
7450.000000 6.164030e-16
7452.000000 6.139840e-16
7454.000000 6.122320e-16
7456.000000 6.179980e-16
7458.000000 6.263980e-16
7460.000000 6.287250e-16
7462.000000 6.253630e-16
7464.000000 6.200890e-16
7466.000000 6.237420e-16
7468.000000 6.328220e-16
7470.000000 6.263640e-16
7472.000000 6.239450e-16
7474.000000 6.322250e-16
7476.000000 6.317010e-16
7478.000000 6.305960e-16
7480.000000 6.332780e-16
7482.000000 6.311890e-16
7484.000000 6.317240e-16
7486.000000 6.381230e-16
7488.000000 6.368520e-16
7490.000000 6.376680e-16
7492.000000 6.387480e-16
7494.000000 6.400780e-16
7496.000000 6.415910e-16
7498.000000 6.423850e-16
7500.000000 6.420700e-16
7502.000000 6.500250e-16
7504.000000 6.495000e-16
7506.000000 6.456790e-16
7508.000000 6.449860e-16
7510.000000 6.433570e-16
7512.000000 6.382480e-16
7514.000000 6.346720e-16
7516.000000 6.358430e-16
7518.000000 6.336690e-16
7520.000000 6.307180e-16
7522.000000 6.297240e-16
7524.000000 6.297250e-16
7526.000000 6.300650e-16
7528.000000 6.274890e-16
7530.000000 6.211090e-16
7532.000000 6.190760e-16
7534.000000 6.173620e-16
7536.000000 6.157540e-16
7538.000000 6.117940e-16
7540.000000 6.055760e-16
7542.000000 6.024420e-16
7544.000000 6.030670e-16
7546.000000 6.023070e-16
7548.000000 5.971760e-16
7550.000000 5.996610e-16
7552.000000 5.969320e-16
7554.000000 5.870010e-16
7556.000000 5.868550e-16
7558.000000 5.828020e-16
7560.000000 5.783190e-16
7562.000000 5.767280e-16
7564.000000 5.742670e-16
7566.000000 5.750780e-16
7568.000000 5.714740e-16
7570.000000 5.619160e-16
7572.000000 5.582170e-16
7574.000000 5.539130e-16
7576.000000 5.487090e-16
7578.000000 5.420320e-16
7580.000000 5.455960e-16
7582.000000 5.445970e-16
7584.000000 5.409350e-16
7586.000000 5.387520e-16
7588.000000 5.306580e-16
7590.000000 5.209090e-16
7592.000000 5.149770e-16
7594.000000 5.104220e-16
7596.000000 4.963340e-16
7598.000000 4.829650e-16
7600.000000 4.951210e-16
7602.000000 5.005900e-16
7604.000000 4.974120e-16
7606.000000 4.922970e-16
7608.000000 4.887090e-16
7610.000000 4.837690e-16
7612.000000 4.834760e-16
7614.000000 4.808980e-16
7616.000000 4.681040e-16
7618.000000 4.618520e-16
7620.000000 4.588800e-16
7622.000000 4.571770e-16
7624.000000 4.605320e-16
7626.000000 4.566230e-16
7628.000000 4.582130e-16
7630.000000 4.620930e-16
7632.000000 4.597400e-16
7634.000000 4.523370e-16
7636.000000 4.611500e-16
7638.000000 4.558110e-16
7640.000000 4.556590e-16
7642.000000 4.546380e-16
7644.000000 4.578650e-16
7646.000000 4.468450e-16
7648.000000 4.570770e-16
7650.000000 4.588160e-16
7652.000000 4.577630e-16
7654.000000 4.642280e-16
7656.000000 4.601010e-16
7658.000000 4.658130e-16
7660.000000 4.730660e-16
7662.000000 4.750750e-16
7664.000000 4.875280e-16
7666.000000 4.807660e-16
7668.000000 4.826510e-16
7670.000000 4.928830e-16
7672.000000 4.921770e-16
7674.000000 4.996270e-16
7676.000000 5.105520e-16
7678.000000 5.028770e-16
7680.000000 5.038890e-16
7682.000000 5.125350e-16
7684.000000 5.152630e-16
7686.000000 5.145590e-16
7688.000000 5.169450e-16
7690.000000 5.169190e-16
7692.000000 5.220840e-16
7694.000000 5.283630e-16
7696.000000 5.318100e-16
7698.000000 5.360810e-16
7700.000000 5.350530e-16
7702.000000 5.335260e-16
7704.000000 5.405320e-16
7706.000000 5.474890e-16
7708.000000 5.569940e-16
7710.000000 5.636870e-16
7712.000000 5.760380e-16
7714.000000 5.801150e-16
7716.000000 5.696180e-16
7718.000000 5.607120e-16
7720.000000 5.571120e-16
7722.000000 5.709780e-16
7724.000000 5.835780e-16
7726.000000 5.840000e-16
7728.000000 5.860810e-16
7730.000000 5.984180e-16
7732.000000 6.031730e-16
7734.000000 6.076910e-16
7736.000000 6.128610e-16
7738.000000 6.179510e-16
7740.000000 6.221090e-16
7742.000000 6.278150e-16
7744.000000 6.307050e-16
7746.000000 6.270660e-16
7748.000000 6.317580e-16
7750.000000 6.302040e-16
7752.000000 6.251480e-16
7754.000000 6.224850e-16
7756.000000 6.245440e-16
7758.000000 6.302010e-16
7760.000000 6.313690e-16
7762.000000 6.327170e-16
7764.000000 6.380860e-16
7766.000000 6.382230e-16
7768.000000 6.363560e-16
7770.000000 6.417260e-16
7772.000000 6.406100e-16
7774.000000 6.408230e-16
7776.000000 6.448370e-16
7778.000000 6.450000e-16
7780.000000 6.384530e-16
7782.000000 6.320490e-16
7784.000000 6.315480e-16
7786.000000 6.325630e-16
7788.000000 6.287470e-16
7790.000000 6.281200e-16
7792.000000 6.315930e-16
7794.000000 6.319350e-16
7796.000000 6.369900e-16
7798.000000 6.373550e-16
7800.000000 6.442040e-16
7802.000000 6.451820e-16
7804.000000 6.366940e-16
7806.000000 6.400730e-16
7808.000000 6.416980e-16
7810.000000 6.429540e-16
7812.000000 6.492440e-16
7814.000000 6.473960e-16
7816.000000 6.433270e-16
7818.000000 6.445490e-16
7820.000000 6.475490e-16
7822.000000 6.446710e-16
7824.000000 6.391750e-16
7826.000000 6.353370e-16
7828.000000 6.347950e-16
7830.000000 6.405130e-16
7832.000000 6.511270e-16
7834.000000 6.588560e-16
7836.000000 6.580250e-16
7838.000000 6.644980e-16
7840.000000 6.742050e-16
7842.000000 6.719270e-16
7844.000000 6.676570e-16
7846.000000 6.671180e-16
7848.000000 6.631170e-16
7850.000000 6.600290e-16
7852.000000 6.622440e-16
7854.000000 6.613360e-16
7856.000000 6.662000e-16
7858.000000 6.724900e-16
7860.000000 6.749160e-16
7862.000000 6.741880e-16
7864.000000 6.804900e-16
7866.000000 6.898350e-16
7868.000000 6.925070e-16
7870.000000 6.930750e-16
7872.000000 6.965110e-16
7874.000000 6.975670e-16
7876.000000 6.920140e-16
7878.000000 6.904220e-16
7880.000000 6.971600e-16
7882.000000 6.924360e-16
7884.000000 6.992090e-16
7886.000000 6.933000e-16
7888.000000 6.974780e-16
7890.000000 7.001950e-16
7892.000000 6.935450e-16
7894.000000 6.868380e-16
7896.000000 6.845020e-16
7898.000000 6.835950e-16
7900.000000 6.889530e-16
7902.000000 6.973240e-16
7904.000000 7.040770e-16
7906.000000 7.008610e-16
7908.000000 7.000630e-16
7910.000000 7.026950e-16
7912.000000 6.911400e-16
7914.000000 6.945210e-16
7916.000000 6.990170e-16
7918.000000 6.919060e-16
7920.000000 6.823970e-16
7922.000000 6.751800e-16
7924.000000 6.808930e-16
7926.000000 6.873190e-16
7928.000000 6.814430e-16
7930.000000 6.804570e-16
7932.000000 6.764650e-16
7934.000000 6.713670e-16
7936.000000 6.722560e-16
7938.000000 6.761640e-16
7940.000000 6.781550e-16
7942.000000 6.737090e-16
7944.000000 6.723260e-16
7946.000000 6.666540e-16
7948.000000 6.670540e-16
7950.000000 6.682620e-16
7952.000000 6.596420e-16
7954.000000 6.570600e-16
7956.000000 6.562040e-16
7958.000000 6.566250e-16
7960.000000 6.560880e-16
7962.000000 6.533770e-16
7964.000000 6.477090e-16
7966.000000 6.511570e-16
7968.000000 6.480850e-16
7970.000000 6.496500e-16
7972.000000 6.489270e-16
7974.000000 6.461420e-16
7976.000000 6.417510e-16
7978.000000 6.327940e-16
7980.000000 6.274570e-16
7982.000000 6.257800e-16
7984.000000 6.206760e-16
7986.000000 6.253020e-16
7988.000000 6.228130e-16
7990.000000 6.186810e-16
7992.000000 6.180760e-16
7994.000000 6.145020e-16
7996.000000 6.129810e-16
7998.000000 6.124220e-16
8000.000000 6.077660e-16
8002.000000 6.071040e-16
8004.000000 6.048690e-16
8006.000000 6.009540e-16
8008.000000 6.020310e-16
8010.000000 6.028470e-16
8012.000000 6.103250e-16
8014.000000 6.109800e-16
8016.000000 6.037680e-16
8018.000000 6.098850e-16
8020.000000 6.055780e-16
8022.000000 6.022380e-16
8024.000000 5.930850e-16
8026.000000 5.876660e-16
8028.000000 5.938820e-16
8030.000000 5.928820e-16
8032.000000 5.819140e-16
8034.000000 5.817360e-16
8036.000000 5.805910e-16
8038.000000 5.863670e-16
8040.000000 5.853150e-16
8042.000000 5.832060e-16
8044.000000 5.772530e-16
8046.000000 5.686990e-16
8048.000000 5.633830e-16
8050.000000 5.723220e-16
8052.000000 5.725080e-16
8054.000000 5.635110e-16
8056.000000 5.622840e-16
8058.000000 5.645090e-16
8060.000000 5.649890e-16
8062.000000 5.648080e-16
8064.000000 5.605490e-16
8066.000000 5.565410e-16
8068.000000 5.594240e-16
8070.000000 5.647200e-16
8072.000000 5.617920e-16
8074.000000 5.554620e-16
8076.000000 5.563500e-16
8078.000000 5.591800e-16
8080.000000 5.642710e-16
8082.000000 5.620440e-16
8084.000000 5.542720e-16
8086.000000 5.623450e-16
8088.000000 5.624440e-16
8090.000000 5.601090e-16
8092.000000 5.593090e-16
8094.000000 5.611840e-16
8096.000000 5.561110e-16
8098.000000 5.538600e-16
8100.000000 5.530760e-16
8102.000000 5.540940e-16
8104.000000 5.605970e-16
8106.000000 5.603090e-16
8108.000000 5.571570e-16
8110.000000 5.524600e-16
8112.000000 5.476250e-16
8114.000000 5.419560e-16
8116.000000 5.380680e-16
8118.000000 5.358480e-16
8120.000000 5.337780e-16
8122.000000 5.341890e-16
8124.000000 5.397720e-16
8126.000000 5.418080e-16
8128.000000 5.351660e-16
8130.000000 5.353230e-16
8132.000000 5.342420e-16
8134.000000 5.260520e-16
8136.000000 5.256000e-16
8138.000000 5.299430e-16
8140.000000 5.324050e-16
8142.000000 5.299410e-16
8144.000000 5.239800e-16
8146.000000 5.240900e-16
8148.000000 5.221050e-16
8150.000000 5.257060e-16
8152.000000 5.259070e-16
8154.000000 5.272970e-16
8156.000000 5.272650e-16
8158.000000 5.207820e-16
8160.000000 5.172820e-16
8162.000000 5.162100e-16
8164.000000 5.131950e-16
8166.000000 5.141870e-16
8168.000000 5.138480e-16
8170.000000 5.129720e-16
8172.000000 5.151420e-16
8174.000000 5.169070e-16
8176.000000 5.200340e-16
8178.000000 5.198170e-16
8180.000000 5.241450e-16
8182.000000 5.257370e-16
8184.000000 5.248620e-16
8186.000000 5.189340e-16
8188.000000 5.123930e-16
8190.000000 5.104060e-16
8192.000000 5.137390e-16
8194.000000 5.221320e-16
8196.000000 5.266460e-16
8198.000000 5.297340e-16
8200.000000 5.272460e-16
8202.000000 5.317470e-16
8204.000000 5.373790e-16
8206.000000 5.344370e-16
8208.000000 5.309960e-16
8210.000000 5.286350e-16
8212.000000 5.278710e-16
8214.000000 5.274120e-16
8216.000000 5.273350e-16
8218.000000 5.239880e-16
8220.000000 5.192760e-16
8222.000000 5.186890e-16
8224.000000 5.174020e-16
8226.000000 5.235530e-16
8228.000000 5.201580e-16
8230.000000 5.150880e-16
8232.000000 5.181690e-16
8234.000000 5.220290e-16
8236.000000 5.201290e-16
8238.000000 5.182570e-16
8240.000000 5.171140e-16
8242.000000 5.076560e-16
8244.000000 5.018700e-16
8246.000000 4.950300e-16
8248.000000 4.928710e-16
8250.000000 4.902670e-16
8252.000000 4.923700e-16
8254.000000 4.833780e-16
8256.000000 4.705100e-16
8258.000000 4.633260e-16
8260.000000 4.626450e-16
8262.000000 4.540480e-16
8264.000000 4.444340e-16
8266.000000 4.413170e-16
8268.000000 4.388230e-16
8270.000000 4.245890e-16
8272.000000 4.123170e-16
8274.000000 4.032340e-16
8276.000000 3.831540e-16
8278.000000 3.669960e-16
8280.000000 3.554250e-16
8282.000000 3.462790e-16
8284.000000 3.432070e-16
8286.000000 3.353370e-16
8288.000000 3.279810e-16
8290.000000 3.228650e-16
8292.000000 3.174640e-16
8294.000000 3.181420e-16
8296.000000 3.193910e-16
8298.000000 3.134970e-16
8300.000000 3.055470e-16
8302.000000 2.955320e-16
8304.000000 2.934320e-16
8306.000000 2.832270e-16
8308.000000 2.795720e-16
8310.000000 2.708610e-16
8312.000000 2.653130e-16
8314.000000 2.644900e-16
8316.000000 2.598910e-16
8318.000000 2.552780e-16
8320.000000 2.532870e-16
8322.000000 2.518420e-16
8324.000000 2.531570e-16
8326.000000 2.539490e-16
8328.000000 2.558950e-16
8330.000000 2.553860e-16
8332.000000 2.593910e-16
8334.000000 2.626080e-16
8336.000000 2.648900e-16
8338.000000 2.640700e-16
8340.000000 2.734410e-16
8342.000000 2.799170e-16
8344.000000 2.806850e-16
8346.000000 2.859800e-16
8348.000000 2.833850e-16
8350.000000 2.829830e-16
8352.000000 2.832390e-16
8354.000000 2.886300e-16
8356.000000 2.927940e-16
8358.000000 2.988350e-16
8360.000000 3.050910e-16
8362.000000 3.102610e-16
8364.000000 3.101170e-16
8366.000000 3.119530e-16
8368.000000 3.215260e-16
8370.000000 3.183810e-16
8372.000000 3.206530e-16
8374.000000 3.252070e-16
8376.000000 3.290370e-16
8378.000000 3.297760e-16
8380.000000 3.330630e-16
8382.000000 3.485150e-16
8384.000000 3.634740e-16
8386.000000 3.727630e-16
8388.000000 3.733050e-16
8390.000000 3.739030e-16
8392.000000 3.705900e-16
8394.000000 3.681300e-16
8396.000000 3.730060e-16
8398.000000 3.701760e-16
8400.000000 3.805910e-16
8402.000000 3.970400e-16
8404.000000 4.033950e-16
8406.000000 4.018850e-16
8408.000000 4.005780e-16
8410.000000 3.922570e-16
8412.000000 3.909880e-16
8414.000000 3.925510e-16
8416.000000 3.941740e-16
8418.000000 3.939790e-16
8420.000000 3.994880e-16
8422.000000 3.993560e-16
8424.000000 3.926120e-16
8426.000000 3.958920e-16
8428.000000 3.939490e-16
8430.000000 3.936220e-16
8432.000000 4.017520e-16
8434.000000 3.982970e-16
8436.000000 3.904860e-16
8438.000000 3.895570e-16
8440.000000 3.925800e-16
8442.000000 3.915150e-16
8444.000000 3.928220e-16
8446.000000 3.959050e-16
8448.000000 3.992320e-16
8450.000000 4.075960e-16
8452.000000 4.092410e-16
8454.000000 4.047310e-16
8456.000000 4.047210e-16
8458.000000 4.072160e-16
8460.000000 4.065570e-16
8462.000000 4.120480e-16
8464.000000 4.127230e-16
8466.000000 4.209140e-16
8468.000000 4.219240e-16
8470.000000 4.229250e-16
8472.000000 4.326130e-16
8474.000000 4.395410e-16
8476.000000 4.484770e-16
8478.000000 4.548530e-16
8480.000000 4.553070e-16
8482.000000 4.650450e-16
8484.000000 4.772220e-16
8486.000000 4.824440e-16
8488.000000 4.890310e-16
8490.000000 4.877390e-16
8492.000000 4.923370e-16
8494.000000 5.032660e-16
8496.000000 5.180020e-16
8498.000000 5.167240e-16
8500.000000 5.304750e-16
8502.000000 5.404710e-16
8504.000000 5.465430e-16
8506.000000 5.497760e-16
8508.000000 5.533930e-16
8510.000000 5.583910e-16
8512.000000 5.634000e-16
8514.000000 5.718360e-16
8516.000000 5.755880e-16
8518.000000 5.829450e-16
8520.000000 5.962940e-16
8522.000000 6.062130e-16
8524.000000 6.096500e-16
8526.000000 6.261630e-16
8528.000000 6.333930e-16
8530.000000 6.456380e-16
8532.000000 6.625810e-16
8534.000000 6.727930e-16
8536.000000 6.710460e-16
8538.000000 6.802410e-16
8540.000000 6.921250e-16
8542.000000 6.955140e-16
8544.000000 7.008210e-16
8546.000000 7.056180e-16
8548.000000 7.139430e-16
8550.000000 7.243840e-16
8552.000000 7.296740e-16
8554.000000 7.234320e-16
8556.000000 7.304930e-16
8558.000000 7.439820e-16
8560.000000 7.550370e-16
8562.000000 7.669790e-16
8564.000000 7.775080e-16
8566.000000 7.872250e-16
8568.000000 7.915100e-16
8570.000000 7.987820e-16
8572.000000 8.075830e-16
8574.000000 8.144570e-16
8576.000000 8.231740e-16
8578.000000 8.287860e-16
8580.000000 8.408810e-16
8582.000000 8.468880e-16
8584.000000 8.587230e-16
8586.000000 8.686400e-16
8588.000000 8.762900e-16
8590.000000 8.801110e-16
8592.000000 8.812240e-16
8594.000000 8.856080e-16
8596.000000 8.973770e-16
8598.000000 9.029760e-16
8600.000000 9.046080e-16
8602.000000 9.180800e-16
8604.000000 9.217370e-16
8606.000000 9.231150e-16
8608.000000 9.390640e-16
8610.000000 9.554270e-16
8612.000000 9.607850e-16
8614.000000 9.584190e-16
8616.000000 9.507520e-16
8618.000000 9.545800e-16
8620.000000 9.628650e-16
8622.000000 9.629340e-16
8624.000000 9.680250e-16
8626.000000 9.782020e-16
8628.000000 9.800440e-16
8630.000000 9.826860e-16
8632.000000 9.934650e-16
8634.000000 9.902630e-16
8636.000000 9.868940e-16
8638.000000 9.903060e-16
8640.000000 9.982270e-16
8642.000000 1.001940e-15
8644.000000 1.005970e-15
8646.000000 1.013340e-15
8648.000000 1.023750e-15
8650.000000 1.023190e-15
8652.000000 1.014840e-15
8654.000000 1.014210e-15
8656.000000 1.017470e-15
8658.000000 1.019260e-15
8660.000000 1.018860e-15
8662.000000 1.031980e-15
8664.000000 1.030540e-15
8666.000000 1.034230e-15
8668.000000 1.044830e-15
8670.000000 1.042850e-15
8672.000000 1.046340e-15
8674.000000 1.043230e-15
8676.000000 1.037530e-15
8678.000000 1.043370e-15
8680.000000 1.035900e-15
8682.000000 1.024380e-15
8684.000000 1.033990e-15
8686.000000 1.046550e-15
8688.000000 1.053960e-15
8690.000000 1.052380e-15
8692.000000 1.056270e-15
8694.000000 1.055360e-15
8696.000000 1.053500e-15
8698.000000 1.050780e-15
8700.000000 1.046250e-15
8702.000000 1.041670e-15
8704.000000 1.048960e-15
8706.000000 1.041390e-15
8708.000000 1.050080e-15
8710.000000 1.056370e-15
8712.000000 1.051780e-15
8714.000000 1.048540e-15
8716.000000 1.052630e-15
8718.000000 1.055060e-15
8720.000000 1.050230e-15
8722.000000 1.047090e-15
8724.000000 1.045130e-15
8726.000000 1.041560e-15
8728.000000 1.044950e-15
8730.000000 1.040810e-15
8732.000000 1.032200e-15
8734.000000 1.024740e-15
8736.000000 1.018940e-15
8738.000000 1.019020e-15
8740.000000 1.021530e-15
8742.000000 1.011690e-15
8744.000000 1.010170e-15
8746.000000 1.012260e-15
8748.000000 1.005340e-15
8750.000000 9.928370e-16
8752.000000 9.904310e-16
8754.000000 9.922370e-16
8756.000000 9.897200e-16
8758.000000 9.815310e-16
8760.000000 9.817500e-16
8762.000000 9.697060e-16
8764.000000 9.706170e-16
8766.000000 9.807140e-16
8768.000000 9.670100e-16
8770.000000 9.506990e-16
8772.000000 9.562160e-16
8774.000000 9.636560e-16
8776.000000 9.604310e-16
8778.000000 9.593440e-16
8780.000000 9.441180e-16
8782.000000 9.312230e-16
8784.000000 9.364530e-16
8786.000000 9.292070e-16
8788.000000 9.168970e-16
8790.000000 9.139980e-16
8792.000000 9.132340e-16
8794.000000 9.104900e-16
8796.000000 9.093680e-16
8798.000000 9.018310e-16
8800.000000 8.972520e-16
8802.000000 8.986290e-16
8804.000000 8.903190e-16
8806.000000 8.864150e-16
8808.000000 8.860900e-16
8810.000000 8.786710e-16
8812.000000 8.759070e-16
8814.000000 8.821230e-16
8816.000000 8.712940e-16
8818.000000 8.727940e-16
8820.000000 8.863230e-16
8822.000000 8.891000e-16
8824.000000 8.917100e-16
8826.000000 8.955930e-16
8828.000000 9.062960e-16
8830.000000 9.010430e-16
8832.000000 8.871090e-16
8834.000000 8.836660e-16
8836.000000 8.776840e-16
8838.000000 8.689260e-16
8840.000000 8.591100e-16
8842.000000 8.438120e-16
8844.000000 8.489320e-16
8846.000000 8.566350e-16
8848.000000 8.505940e-16
8850.000000 8.504510e-16
8852.000000 8.364650e-16
8854.000000 8.340270e-16
8856.000000 8.444760e-16
8858.000000 8.516960e-16
8860.000000 8.638570e-16
8862.000000 8.702500e-16
8864.000000 8.678840e-16
8866.000000 8.639160e-16
8868.000000 8.568270e-16
8870.000000 8.471810e-16
8872.000000 8.454470e-16
8874.000000 8.384680e-16
8876.000000 8.348850e-16
8878.000000 8.299770e-16
8880.000000 8.259000e-16
8882.000000 8.166590e-16
8884.000000 8.006790e-16
8886.000000 7.872040e-16
8888.000000 7.853250e-16
8890.000000 7.767210e-16
8892.000000 7.680940e-16
8894.000000 7.645060e-16
8896.000000 7.648760e-16
8898.000000 7.557340e-16
8900.000000 7.581400e-16
8902.000000 7.484210e-16
8904.000000 7.393170e-16
8906.000000 7.467950e-16
8908.000000 7.504520e-16
8910.000000 7.409780e-16
8912.000000 7.318250e-16
8914.000000 7.243000e-16
8916.000000 7.212790e-16
8918.000000 7.089490e-16
8920.000000 7.138110e-16
8922.000000 7.204660e-16
8924.000000 7.098140e-16
8926.000000 7.019360e-16
8928.000000 6.972700e-16
8930.000000 6.908260e-16
8932.000000 6.838420e-16
8934.000000 6.902950e-16
8936.000000 6.905870e-16
8938.000000 6.797490e-16
8940.000000 6.782770e-16
8942.000000 6.829590e-16
8944.000000 6.851660e-16
8946.000000 6.790480e-16
8948.000000 6.809630e-16
8950.000000 6.851000e-16
8952.000000 6.851290e-16
8954.000000 6.783060e-16
8956.000000 6.840380e-16
8958.000000 6.890540e-16
8960.000000 6.883540e-16
8962.000000 6.806940e-16
8964.000000 6.820290e-16
8966.000000 6.892790e-16
8968.000000 6.909620e-16
8970.000000 6.827840e-16
8972.000000 6.862360e-16
8974.000000 6.910040e-16
8976.000000 6.807220e-16
8978.000000 6.857160e-16
8980.000000 6.936590e-16
8982.000000 6.981660e-16
8984.000000 6.971630e-16
8986.000000 6.939570e-16
8988.000000 6.919200e-16
8990.000000 6.843270e-16
8992.000000 6.784970e-16
8994.000000 6.906710e-16
8996.000000 6.987890e-16
8998.000000 7.030320e-16
9000.000000 6.944360e-16
9002.000000 6.913920e-16
9004.000000 7.024840e-16
9006.000000 7.112910e-16
9008.000000 7.113670e-16
9010.000000 7.114420e-16
9012.000000 7.115180e-16
9014.000000 7.115940e-16
9016.000000 7.116690e-16
9018.000000 7.117450e-16
9020.000000 7.118210e-16
9022.000000 7.118210e-16
9024.000000 7.075350e-16
9026.000000 7.044040e-16
9028.000000 7.080410e-16
9030.000000 6.936840e-16
9032.000000 6.848780e-16
9034.000000 6.893470e-16
9036.000000 6.867060e-16
9038.000000 6.753030e-16
9040.000000 6.691780e-16
9042.000000 6.741600e-16
9044.000000 6.690350e-16
9046.000000 6.646320e-16
9048.000000 6.573650e-16
9050.000000 6.532750e-16
9052.000000 6.509680e-16
9054.000000 6.521970e-16
9056.000000 6.519950e-16
9058.000000 6.436520e-16
9060.000000 6.392360e-16
9062.000000 6.397140e-16
9064.000000 6.244240e-16
9066.000000 6.184160e-16
9068.000000 6.213920e-16
9070.000000 6.145260e-16
9072.000000 6.085140e-16
9074.000000 5.980810e-16
9076.000000 6.073850e-16
9078.000000 6.127270e-16
9080.000000 6.026940e-16
9082.000000 6.018600e-16
9084.000000 6.018320e-16
9086.000000 5.929420e-16
9088.000000 5.899210e-16
9090.000000 5.974810e-16
9092.000000 5.992440e-16
9094.000000 6.008980e-16
9096.000000 5.910550e-16
9098.000000 5.938650e-16
9100.000000 5.903840e-16
9102.000000 5.828600e-16
9104.000000 5.886760e-16
9106.000000 5.846030e-16
9108.000000 5.870680e-16
9110.000000 5.878410e-16
9112.000000 5.937500e-16
9114.000000 5.879720e-16
9116.000000 5.817260e-16
9118.000000 5.817110e-16
9120.000000 5.825910e-16
9122.000000 5.915850e-16
9124.000000 5.918130e-16
9126.000000 5.877330e-16
9128.000000 5.930020e-16
9130.000000 6.107850e-16
9132.000000 6.188410e-16
9134.000000 6.223840e-16
9136.000000 6.189700e-16
9138.000000 6.131650e-16
9140.000000 6.168660e-16
9142.000000 6.131760e-16
9144.000000 6.168950e-16
9146.000000 6.176920e-16
9148.000000 6.177590e-16
9150.000000 6.201270e-16
9152.000000 6.235670e-16
9154.000000 6.206710e-16
9156.000000 6.195430e-16
9158.000000 6.254370e-16
9160.000000 6.271320e-16
9162.000000 6.116160e-16
9164.000000 6.253760e-16
9166.000000 6.394110e-16
9168.000000 6.336170e-16
9170.000000 6.396550e-16
9172.000000 6.488990e-16
9174.000000 6.372520e-16
9176.000000 6.330330e-16
9178.000000 6.383390e-16
9180.000000 6.361540e-16
9182.000000 6.513860e-16
9184.000000 6.596370e-16
9186.000000 6.652440e-16
9188.000000 6.774020e-16
9190.000000 6.702500e-16
9192.000000 6.752160e-16
9194.000000 6.824430e-16
9196.000000 6.828340e-16
9198.000000 6.813320e-16
9200.000000 6.763730e-16
9202.000000 6.829640e-16
9204.000000 6.886910e-16
9206.000000 6.867140e-16
9208.000000 6.826030e-16
9210.000000 6.919780e-16
9212.000000 6.938740e-16
9214.000000 6.991410e-16
9216.000000 7.010580e-16
9218.000000 6.911110e-16
9220.000000 6.964460e-16
9222.000000 7.004690e-16
9224.000000 6.996830e-16
9226.000000 6.988970e-16
9228.000000 6.981110e-16
9230.000000 6.973250e-16
9232.000000 6.965400e-16
9234.000000 6.957540e-16
9236.000000 6.949680e-16
9238.000000 6.949680e-16
9240.000000 6.944520e-16
9242.000000 6.970610e-16
9244.000000 6.924020e-16
9246.000000 6.902810e-16
9248.000000 6.975750e-16
9250.000000 7.011110e-16
9252.000000 7.012890e-16
9254.000000 7.063770e-16
9256.000000 7.006880e-16
9258.000000 6.894520e-16
9260.000000 6.865490e-16
9262.000000 6.797010e-16
9264.000000 6.712840e-16
9266.000000 6.765040e-16
9268.000000 6.719000e-16
9270.000000 6.640220e-16
9272.000000 6.703670e-16
9274.000000 6.694240e-16
9276.000000 6.675110e-16
9278.000000 6.565360e-16
9280.000000 6.546770e-16
9282.000000 6.608150e-16
9284.000000 6.651810e-16
9286.000000 6.626400e-16
9288.000000 6.630180e-16
9290.000000 6.683510e-16
9292.000000 6.712290e-16
9294.000000 6.801180e-16
9296.000000 6.800570e-16
9298.000000 6.795510e-16
9300.000000 6.918310e-16
9302.000000 6.758730e-16
9304.000000 6.772910e-16
9306.000000 6.839860e-16
9308.000000 6.926130e-16
9310.000000 6.864120e-16
9312.000000 6.845650e-16
9314.000000 7.083770e-16
9316.000000 6.975860e-16
9318.000000 6.884190e-16
9320.000000 6.919720e-16
9322.000000 7.029540e-16
9324.000000 6.914790e-16
9326.000000 6.587330e-16
9328.000000 6.718220e-16
9330.000000 6.936540e-16
9332.000000 7.041280e-16
9334.000000 7.033320e-16
9336.000000 6.933850e-16
9338.000000 7.019380e-16
9340.000000 7.204830e-16
