4002.000000 1.439846e-16
4004.000000 1.396616e-16
4006.000000 1.397506e-16
4008.000000 1.227755e-16
4010.000000 1.427357e-16
4012.000000 9.245686e-17
4014.000000 1.098197e-16
4016.000000 1.097793e-16
4018.000000 9.753496e-17
4020.000000 1.181013e-16
4022.000000 5.800973e-17
4024.000000 9.178041e-17
4026.000000 1.143754e-16
4028.000000 1.159267e-16
4030.000000 1.079670e-16
4032.000000 8.555146e-17
4034.000000 1.446447e-16
4036.000000 1.248695e-16
4038.000000 1.182673e-16
4040.000000 1.239496e-16
4042.000000 1.469029e-16
4044.000000 1.292665e-16
4046.000000 3.087121e-17
4048.000000 1.025616e-16
4050.000000 1.239682e-16
4052.000000 1.140716e-16
4054.000000 1.726415e-16
4056.000000 1.420804e-16
4058.000000 1.467149e-16
4060.000000 1.154362e-16
4062.000000 1.290919e-16
4064.000000 1.470802e-16
4066.000000 1.089521e-16
4068.000000 1.315241e-16
4070.000000 1.490115e-16
4072.000000 1.283173e-16
4074.000000 1.435774e-16
4076.000000 1.285455e-16
4078.000000 1.413263e-16
4080.000000 1.252175e-16
4082.000000 1.586089e-16
4084.000000 1.259070e-16
4086.000000 1.349979e-16
4088.000000 1.281592e-16
4090.000000 1.157850e-16
4092.000000 1.416348e-16
4094.000000 1.481501e-16
4096.000000 1.042237e-16
4098.000000 1.463588e-16
4100.000000 1.614067e-16
4102.000000 1.398023e-16
4104.000000 1.464848e-16
4106.000000 1.496521e-16
4108.000000 1.532322e-16
4110.000000 1.558546e-16
4112.000000 1.376668e-16
4114.000000 1.354988e-16
4116.000000 1.644901e-16
4118.000000 1.655445e-16
4120.000000 1.686016e-16
4122.000000 1.608852e-16
4124.000000 1.627636e-16
4126.000000 1.591436e-16
4128.000000 1.643419e-16
4130.000000 1.573151e-16
4132.000000 1.475844e-16
4134.000000 1.510181e-16
4136.000000 1.397643e-16
4138.000000 1.607662e-16
4140.000000 1.753090e-16
4142.000000 1.452712e-16
4144.000000 1.241591e-16
4146.000000 1.524140e-16
4148.000000 1.537894e-16
4150.000000 1.206241e-16
4152.000000 1.526899e-16
4154.000000 1.446120e-16
4156.000000 1.330310e-16
4158.000000 1.410709e-16
4160.000000 1.555033e-16
4162.000000 1.332667e-16
4164.000000 1.747582e-16
4166.000000 1.571685e-16
4168.000000 1.736100e-16
4170.000000 1.529618e-16
4172.000000 1.467739e-16
4174.000000 1.377196e-16
4176.000000 1.414713e-16
4178.000000 1.088639e-16
4180.000000 1.095367e-16
4182.000000 1.327659e-16
4184.000000 1.304862e-16
4186.000000 1.198765e-16
4188.000000 1.234135e-16
4190.000000 1.383816e-16
4192.000000 1.143928e-16
4194.000000 1.243402e-16
4196.000000 1.114945e-16
4198.000000 1.460788e-16
4200.000000 1.300700e-16
4202.000000 1.280637e-16
4204.000000 1.316179e-16
4206.000000 1.460566e-16
4208.000000 1.230627e-16
4210.000000 1.423224e-16
4212.000000 1.170584e-16
4214.000000 1.461014e-16
4216.000000 1.317131e-16
4218.000000 1.659419e-16
4220.000000 1.466473e-16
4222.000000 1.444691e-16
4224.000000 1.336086e-16
4226.000000 1.334487e-16
4228.000000 1.114340e-16
4230.000000 1.126929e-16
4232.000000 1.282304e-16
4234.000000 1.350596e-16
4236.000000 1.118023e-16
4238.000000 1.320939e-16
4240.000000 1.364302e-16
4242.000000 1.302489e-16
4244.000000 1.347286e-16
4246.000000 1.635749e-16
4248.000000 1.240311e-16
4250.000000 1.375025e-16
4252.000000 1.151216e-16
4254.000000 1.105796e-16
4256.000000 1.371561e-16
4258.000000 1.444789e-16
4260.000000 1.216429e-16
4262.000000 1.319049e-16
4264.000000 1.213754e-16
4266.000000 1.362974e-16
4268.000000 1.091781e-16
4270.000000 1.355714e-16
4272.000000 1.296557e-16
4274.000000 1.390912e-16
4276.000000 1.279399e-16
4278.000000 1.408763e-16
4280.000000 1.062794e-16
4282.000000 1.402296e-16
4284.000000 1.387930e-16
4286.000000 1.207535e-16
4288.000000 1.351608e-16
4290.000000 1.365356e-16
4292.000000 1.343975e-16
4294.000000 1.117248e-16
4296.000000 1.262750e-16
4298.000000 1.315268e-16
4300.000000 1.375311e-16
4302.000000 1.263493e-16
4304.000000 1.086011e-16
4306.000000 9.865493e-17
4308.000000 1.100050e-16
4310.000000 1.185127e-16
4312.000000 1.238741e-16
4314.000000 1.037380e-16
4316.000000 9.108461e-17
4318.000000 1.149080e-16
4320.000000 1.096258e-16
4322.000000 9.776623e-17
4324.000000 1.091087e-16
4326.000000 1.190098e-16
4328.000000 1.032808e-16
4330.000000 8.907561e-17
4332.000000 1.163265e-16
4334.000000 9.992427e-17
4336.000000 1.214478e-16
4338.000000 1.187256e-16
4340.000000 1.225342e-16
4342.000000 1.066192e-16
4344.000000 1.306593e-16
4346.000000 1.137188e-16
4348.000000 1.093432e-16
4350.000000 1.098531e-16
4352.000000 1.291545e-16
4354.000000 1.169700e-16
4356.000000 1.063597e-16
4358.000000 1.358309e-16
4360.000000 9.914931e-17
4362.000000 1.319395e-16
4364.000000 9.540484e-17
4366.000000 1.023331e-16
4368.000000 1.408989e-16
4370.000000 1.352759e-16
4372.000000 1.252153e-16
4374.000000 1.492939e-16
4376.000000 1.161382e-16
4378.000000 9.476406e-17
4380.000000 1.041051e-16
4382.000000 9.492795e-17
4384.000000 1.331297e-16
4386.000000 1.239794e-16
4388.000000 1.302980e-16
4390.000000 1.007539e-16
4392.000000 1.255896e-16
4394.000000 1.128138e-16
4396.000000 1.225851e-16
4398.000000 1.247419e-16
4400.000000 1.193585e-16
4402.000000 1.252302e-16
4404.000000 1.127789e-16
4406.000000 1.100446e-16
4408.000000 1.069340e-16
4410.000000 1.367395e-16
4412.000000 1.551916e-16
4414.000000 1.326863e-16
4416.000000 1.050643e-16
4418.000000 1.084180e-16
4420.000000 1.095542e-16
4422.000000 9.124332e-17
4424.000000 1.071025e-16
4426.000000 1.079492e-16
4428.000000 1.011592e-16
4430.000000 1.339437e-16
4432.000000 1.259516e-16
4434.000000 1.214294e-16
4436.000000 1.114066e-16
4438.000000 1.128765e-16
4440.000000 9.777898e-17
4442.000000 1.069015e-16
4444.000000 1.216500e-16
4446.000000 1.130321e-16
4448.000000 1.061360e-16
4450.000000 1.137820e-16
4452.000000 1.077202e-16
4454.000000 1.040508e-16
4456.000000 1.099219e-16
4458.000000 8.626249e-17
4460.000000 9.856570e-17
4462.000000 1.211653e-16
4464.000000 7.332060e-17
4466.000000 9.966233e-17
4468.000000 8.572793e-17
4470.000000 8.476283e-17
4472.000000 1.016425e-16
4474.000000 7.972673e-17
4476.000000 8.114656e-17
4478.000000 9.377341e-17
4480.000000 7.957940e-17
4482.000000 9.982629e-17
4484.000000 9.970640e-17
4486.000000 1.054508e-16
4488.000000 1.233117e-16
4490.000000 1.258852e-16
4492.000000 1.431054e-16
4494.000000 1.071310e-16
4496.000000 1.199094e-16
4498.000000 1.173897e-16
4500.000000 1.181726e-16
4502.000000 9.596795e-17
4504.000000 8.523540e-17
4506.000000 1.029681e-16
4508.000000 1.194815e-16
4510.000000 1.263664e-16
4512.000000 1.222839e-16
4514.000000 1.156666e-16
4516.000000 1.183589e-16
4518.000000 1.043191e-16
4520.000000 1.227473e-16
4522.000000 9.778777e-17
4524.000000 1.228135e-16
4526.000000 1.270405e-16
4528.000000 1.178102e-16
4530.000000 1.184881e-16
4532.000000 1.265690e-16
4534.000000 1.162007e-16
4536.000000 1.281431e-16
4538.000000 1.023390e-16
4540.000000 1.314737e-16
4542.000000 1.123309e-16
4544.000000 9.575380e-17
4546.000000 1.089737e-16
4548.000000 1.102832e-16
4550.000000 1.087426e-16
4552.000000 1.082947e-16
4554.000000 1.097478e-16
4556.000000 1.192234e-16
4558.000000 8.284954e-17
4560.000000 1.176746e-16
4562.000000 8.783133e-17
4564.000000 1.285173e-16
4566.000000 1.184646e-16
4568.000000 1.016666e-16
4570.000000 1.210867e-16
4572.000000 1.366831e-16
4574.000000 1.214441e-16
4576.000000 1.236163e-16
4578.000000 1.380121e-16
4580.000000 1.166816e-16
4582.000000 1.227938e-16
4584.000000 1.170388e-16
4586.000000 1.045444e-16
4588.000000 1.113879e-16
4590.000000 1.113381e-16
4592.000000 1.151124e-16
4594.000000 1.354511e-16
4596.000000 9.766694e-17
4598.000000 1.233340e-16
4600.000000 1.375988e-16
4602.000000 1.346953e-16
4604.000000 1.237775e-16
4606.000000 1.348429e-16
4608.000000 1.536084e-16
4610.000000 1.380274e-16
4612.000000 1.328869e-16
4614.000000 1.520778e-16
4616.000000 1.356873e-16
4618.000000 1.496201e-16
4620.000000 1.488805e-16
4622.000000 1.495240e-16
4624.000000 1.521192e-16
4626.000000 1.628047e-16
4628.000000 1.462303e-16
4630.000000 1.841398e-16
4632.000000 1.625008e-16
4634.000000 1.476848e-16
4636.000000 1.295985e-16
4638.000000 1.582214e-16
4640.000000 1.642924e-16
4642.000000 1.773172e-16
4644.000000 1.766650e-16
4646.000000 1.515305e-16
4648.000000 1.767365e-16
4650.000000 1.698324e-16
4652.000000 1.705142e-16
4654.000000 1.582124e-16
4656.000000 1.742770e-16
4658.000000 1.658113e-16
4660.000000 1.923218e-16
4662.000000 1.676479e-16
4664.000000 1.678761e-16
4666.000000 1.685779e-16
4668.000000 1.800198e-16
4670.000000 1.881276e-16
4672.000000 1.858883e-16
4674.000000 1.798145e-16
4676.000000 1.767365e-16
4678.000000 1.689416e-16
4680.000000 1.976183e-16
4682.000000 1.819665e-16
4684.000000 1.897687e-16
4686.000000 1.920387e-16
4688.000000 1.849614e-16
4690.000000 1.784095e-16
4692.000000 1.646044e-16
4694.000000 1.813284e-16
4696.000000 1.646707e-16
4698.000000 1.813050e-16
4700.000000 1.827602e-16
4702.000000 1.600398e-16
4704.000000 1.743366e-16
4706.000000 1.722334e-16
4708.000000 1.648412e-16
4710.000000 1.792160e-16
4712.000000 1.821010e-16
4714.000000 1.562099e-16
4716.000000 1.562435e-16
4718.000000 1.354312e-16
4720.000000 1.631945e-16
4722.000000 1.535905e-16
4724.000000 1.615074e-16
4726.000000 1.805361e-16
4728.000000 1.798191e-16
4730.000000 1.682798e-16
4732.000000 1.791716e-16
4734.000000 1.634237e-16
4736.000000 1.549497e-16
4738.000000 1.598305e-16
4740.000000 1.619341e-16
4742.000000 1.566795e-16
4744.000000 1.483478e-16
4746.000000 1.571625e-16
4748.000000 1.635550e-16
4750.000000 1.662058e-16
4752.000000 1.703970e-16
4754.000000 1.914758e-16
4756.000000 1.845519e-16
4758.000000 1.900516e-16
4760.000000 1.773102e-16
4762.000000 1.752214e-16
4764.000000 1.800105e-16
4766.000000 1.904755e-16
4768.000000 1.788241e-16
4770.000000 1.709820e-16
4772.000000 1.703655e-16
4774.000000 1.809001e-16
4776.000000 1.649086e-16
4778.000000 1.899910e-16
4780.000000 1.757154e-16
4782.000000 2.032573e-16
4784.000000 1.886362e-16
4786.000000 1.766968e-16
4788.000000 1.878363e-16
4790.000000 1.827701e-16
4792.000000 1.814109e-16
4794.000000 1.856787e-16
4796.000000 1.824933e-16
4798.000000 1.737536e-16
4800.000000 1.585381e-16
4802.000000 1.815217e-16
4804.000000 1.864558e-16
4806.000000 1.745516e-16
4808.000000 1.854127e-16
4810.000000 1.654737e-16
4812.000000 1.513687e-16
4814.000000 1.684991e-16
4816.000000 1.947028e-16
4818.000000 1.653069e-16
4820.000000 1.608407e-16
4822.000000 1.775012e-16
4824.000000 1.672254e-16
4826.000000 1.605602e-16
4828.000000 1.658512e-16
4830.000000 1.645436e-16
4832.000000 1.847142e-16
4834.000000 1.862033e-16
4836.000000 1.792015e-16
4838.000000 1.749733e-16
4840.000000 1.772580e-16
4842.000000 1.583473e-16
4844.000000 1.603526e-16
4846.000000 1.614357e-16
4848.000000 1.783515e-16
4850.000000 1.694723e-16
4852.000000 1.630898e-16
4854.000000 1.671256e-16
4856.000000 1.791513e-16
4858.000000 1.804768e-16
4860.000000 1.586908e-16
4862.000000 1.670943e-16
4864.000000 1.788502e-16
4866.000000 1.673743e-16
4868.000000 1.601727e-16
4870.000000 1.719032e-16
4872.000000 1.572260e-16
4874.000000 1.612719e-16
4876.000000 1.818647e-16
4878.000000 1.446524e-16
4880.000000 1.790765e-16
4882.000000 1.559932e-16
4884.000000 1.531128e-16
4886.000000 1.471618e-16
4888.000000 1.505921e-16
4890.000000 1.470754e-16
4892.000000 1.364361e-16
4894.000000 1.604279e-16
4896.000000 1.566334e-16
4898.000000 1.430241e-16
4900.000000 1.487824e-16
4902.000000 1.411494e-16
4904.000000 1.470020e-16
4906.000000 1.328217e-16
4908.000000 1.442946e-16
4910.000000 1.433866e-16
4912.000000 1.147248e-16
4914.000000 1.178242e-16
4916.000000 1.261165e-16
4918.000000 1.209666e-16
4920.000000 1.318519e-16
4922.000000 1.195080e-16
4924.000000 1.252077e-16
4926.000000 1.263893e-16
4928.000000 1.116773e-16
4930.000000 9.866249e-17
4932.000000 8.946651e-17
4934.000000 9.761752e-17
4936.000000 9.849566e-17
4938.000000 1.131852e-16
4940.000000 1.887683e-16
4942.000000 1.583325e-16
4944.000000 1.515260e-16
4946.000000 1.036110e-16
4948.000000 9.020494e-17
4950.000000 9.358957e-17
4952.000000 9.097492e-17
4954.000000 9.678147e-17
4956.000000 9.853800e-17
4958.000000 7.610892e-17
4960.000000 8.569308e-17
4962.000000 9.244706e-17
4964.000000 8.517934e-17
4966.000000 6.868634e-17
4968.000000 8.343877e-17
4970.000000 6.101504e-17
4972.000000 8.084642e-17
4974.000000 7.553875e-17
4976.000000 8.750638e-17
4978.000000 6.778592e-17
4980.000000 7.861936e-17
4982.000000 8.292222e-17
4984.000000 6.262650e-17
4986.000000 8.202633e-17
4988.000000 5.505221e-17
4990.000000 7.307377e-17
4992.000000 8.338716e-17
4994.000000 7.914070e-17
4996.000000 7.320554e-17
4998.000000 7.327980e-17
5000.000000 6.852237e-17
5002.000000 6.006972e-17
5004.000000 8.620548e-17
5006.000000 7.877820e-17
5008.000000 8.233866e-17
5010.000000 9.578384e-17
5012.000000 9.231487e-17
5014.000000 1.020373e-16
5016.000000 1.150586e-16
5018.000000 1.082006e-16
5020.000000 1.010982e-16
5022.000000 9.184542e-17
5024.000000 1.091796e-16
5026.000000 1.108413e-16
5028.000000 1.155734e-16
5030.000000 1.259834e-16
5032.000000 1.372204e-16
5034.000000 1.276902e-16
5036.000000 1.141275e-16
5038.000000 1.408588e-16
5040.000000 1.562792e-16
5042.000000 1.475117e-16
5044.000000 1.430524e-16
5046.000000 1.390043e-16
5048.000000 1.567115e-16
5050.000000 1.459130e-16
5052.000000 1.584201e-16
5054.000000 1.468168e-16
5056.000000 1.506072e-16
5058.000000 1.638899e-16
5060.000000 1.731737e-16
5062.000000 1.791895e-16
5064.000000 1.896729e-16
5066.000000 1.971869e-16
5068.000000 2.050342e-16
5070.000000 1.776997e-16
5072.000000 1.926704e-16
5074.000000 1.887575e-16
5076.000000 1.917795e-16
5078.000000 2.075239e-16
5080.000000 2.108170e-16
5082.000000 1.928528e-16
5084.000000 2.244298e-16
5086.000000 2.368327e-16
5088.000000 2.571402e-16
5090.000000 2.716719e-16
5092.000000 2.700477e-16
5094.000000 2.390666e-16
5096.000000 2.157400e-16
5098.000000 2.362446e-16
5100.000000 2.394151e-16
5102.000000 2.255028e-16
5104.000000 2.195840e-16
5106.000000 2.432285e-16
5108.000000 2.224717e-16
5110.000000 2.169219e-16
5112.000000 2.220522e-16
5114.000000 2.106023e-16
5116.000000 2.256615e-16
5118.000000 2.173095e-16
5120.000000 2.120393e-16
5122.000000 2.147981e-16
5124.000000 1.916426e-16
5126.000000 2.010978e-16
5128.000000 2.146920e-16
5130.000000 2.323350e-16
5132.000000 2.005662e-16
5134.000000 1.986977e-16
5136.000000 1.886360e-16
5138.000000 1.815059e-16
5140.000000 1.912522e-16
5142.000000 1.987533e-16
5144.000000 1.927104e-16
5146.000000 1.783622e-16
5148.000000 1.795108e-16
5150.000000 1.680887e-16
5152.000000 1.589200e-16
5154.000000 1.580104e-16
5156.000000 1.636229e-16
5158.000000 1.457878e-16
5160.000000 1.389749e-16
5162.000000 1.435965e-16
5164.000000 1.415900e-16
5166.000000 1.317002e-16
5168.000000 1.315391e-16
5170.000000 1.254498e-16
5172.000000 1.299356e-16
5174.000000 1.244722e-16
5176.000000 1.151876e-16
5178.000000 1.183155e-16
5180.000000 1.218383e-16
5182.000000 1.047900e-16
5184.000000 1.180136e-16
5186.000000 1.181515e-16
5188.000000 1.267660e-16
5190.000000 1.286023e-16
5192.000000 1.370518e-16
5194.000000 1.429278e-16
5196.000000 1.228285e-16
5198.000000 1.281936e-16
5200.000000 1.238774e-16
5202.000000 1.336890e-16
5204.000000 1.296312e-16
5206.000000 1.433860e-16
5208.000000 1.482405e-16
5210.000000 1.448541e-16
5212.000000 1.412008e-16
5214.000000 1.609757e-16
5216.000000 1.688360e-16
5218.000000 1.727544e-16
5220.000000 1.637297e-16
5222.000000 1.668470e-16
5224.000000 1.662676e-16
5226.000000 1.778929e-16
5228.000000 1.673506e-16
5230.000000 1.687084e-16
5232.000000 1.709222e-16
5234.000000 1.879352e-16
5236.000000 1.639112e-16
5238.000000 1.687133e-16
5240.000000 1.834614e-16
5242.000000 1.825646e-16
5244.000000 1.874302e-16
5246.000000 1.820249e-16
5248.000000 1.705646e-16
5250.000000 1.713665e-16
5252.000000 1.596196e-16
5254.000000 1.550848e-16
5256.000000 1.786939e-16
5258.000000 1.905071e-16
5260.000000 1.816487e-16
5262.000000 1.721956e-16
5264.000000 1.693093e-16
5266.000000 1.630542e-16
5268.000000 1.635527e-16
5270.000000 1.751218e-16
5272.000000 1.732790e-16
5274.000000 1.712459e-16
5276.000000 1.748144e-16
5278.000000 1.557358e-16
5280.000000 1.794385e-16
5282.000000 1.751853e-16
5284.000000 1.820595e-16
5286.000000 1.743667e-16
5288.000000 1.775225e-16
5290.000000 1.605154e-16
5292.000000 1.662964e-16
5294.000000 1.685569e-16
5296.000000 1.686459e-16
5298.000000 1.589127e-16
5300.000000 1.659193e-16
5302.000000 1.725508e-16
5304.000000 1.537803e-16
5306.000000 1.547693e-16
5308.000000 1.696406e-16
5310.000000 1.496861e-16
5312.000000 1.636247e-16
5314.000000 1.719263e-16
5316.000000 1.677466e-16
5318.000000 1.652882e-16
5320.000000 1.582501e-16
5322.000000 1.660321e-16
5324.000000 1.655268e-16
5326.000000 1.776218e-16
5328.000000 1.671786e-16
5330.000000 1.450324e-16
5332.000000 1.669666e-16
5334.000000 1.614988e-16
5336.000000 1.562219e-16
5338.000000 1.633796e-16
5340.000000 1.731014e-16
5342.000000 1.744973e-16
5344.000000 1.645150e-16
5346.000000 1.509713e-16
5348.000000 1.680930e-16
5350.000000 1.596318e-16
5352.000000 1.781471e-16
5354.000000 1.643984e-16
5356.000000 1.467620e-16
5358.000000 1.861670e-16
5360.000000 1.819040e-16
5362.000000 1.575775e-16
5364.000000 1.515323e-16
5366.000000 1.576896e-16
5368.000000 1.723889e-16
5370.000000 1.930706e-16
5372.000000 1.678281e-16
5374.000000 1.652128e-16
5376.000000 1.698319e-16
5378.000000 1.928509e-16
5380.000000 1.958054e-16
5382.000000 1.720814e-16
5384.000000 1.789214e-16
5386.000000 1.919565e-16
5388.000000 1.972818e-16
5390.000000 2.013217e-16
5392.000000 1.788753e-16
5394.000000 1.755368e-16
5396.000000 1.856454e-16
5398.000000 1.724249e-16
5400.000000 1.994093e-16
5402.000000 1.767115e-16
5404.000000 1.864338e-16
5406.000000 1.744529e-16
5408.000000 1.886959e-16
5410.000000 1.988871e-16
5412.000000 1.989840e-16
5414.000000 1.745813e-16
5416.000000 1.699840e-16
5418.000000 2.196689e-16
5420.000000 2.175158e-16
5422.000000 2.022496e-16
5424.000000 2.041959e-16
5426.000000 2.053600e-16
5428.000000 1.934938e-16
5430.000000 1.942089e-16
5432.000000 1.957212e-16
5434.000000 1.935745e-16
5436.000000 1.871321e-16
5438.000000 1.865027e-16
5440.000000 1.913420e-16
5442.000000 1.936165e-16
5444.000000 1.918876e-16
5446.000000 1.894310e-16
5448.000000 1.897558e-16
5450.000000 1.919792e-16
5452.000000 1.920944e-16
5454.000000 1.902247e-16
5456.000000 1.899493e-16
5458.000000 1.915478e-16
5460.000000 1.933238e-16
5462.000000 1.948263e-16
5464.000000 1.966351e-16
5466.000000 1.920458e-16
5468.000000 1.772739e-16
5470.000000 1.718280e-16
5472.000000 1.722002e-16
5474.000000 1.766763e-16
5476.000000 1.870701e-16
5478.000000 2.014590e-16
5480.000000 2.059837e-16
5482.000000 2.042597e-16
5484.000000 2.008794e-16
5486.000000 1.906646e-16
5488.000000 1.841706e-16
5490.000000 1.850899e-16
5492.000000 1.892264e-16
5494.000000 1.907150e-16
5496.000000 1.926288e-16
5498.000000 1.915426e-16
5500.000000 1.859156e-16
5502.000000 1.832821e-16
5504.000000 1.851316e-16
5506.000000 1.881788e-16
5508.000000 1.888989e-16
5510.000000 1.884579e-16
5512.000000 1.889752e-16
5514.000000 1.913033e-16
5516.000000 1.907390e-16
5518.000000 1.855568e-16
5520.000000 1.810441e-16
5522.000000 1.823916e-16
5524.000000 1.876928e-16
5526.000000 1.865353e-16
5528.000000 1.774528e-16
5530.000000 1.764882e-16
5532.000000 1.843960e-16
5534.000000 1.906807e-16
5536.000000 1.897230e-16
5538.000000 1.851857e-16
5540.000000 1.833655e-16
5542.000000 1.824808e-16
5544.000000 1.809294e-16
5546.000000 1.797732e-16
5548.000000 1.773591e-16
5550.000000 1.717038e-16
5552.000000 1.656236e-16
5554.000000 1.661978e-16
5556.000000 1.737217e-16
5558.000000 1.754908e-16
5560.000000 1.758996e-16
5562.000000 1.734779e-16
5564.000000 1.656420e-16
5566.000000 1.575201e-16
5568.000000 1.565488e-16
5570.000000 1.601819e-16
5572.000000 1.646302e-16
5574.000000 1.735794e-16
5576.000000 1.794580e-16
5578.000000 1.825062e-16
5580.000000 1.843042e-16
5582.000000 1.856110e-16
5584.000000 1.860102e-16
5586.000000 1.863717e-16
5588.000000 1.838654e-16
5590.000000 1.866439e-16
5592.000000 1.964149e-16
5594.000000 2.045726e-16
5596.000000 2.061086e-16
5598.000000 2.043093e-16
5600.000000 2.059515e-16
5602.000000 2.097562e-16
5604.000000 2.118723e-16
5606.000000 2.132014e-16
5608.000000 2.142487e-16
5610.000000 2.149991e-16
5612.000000 2.155511e-16
5614.000000 2.163660e-16
5616.000000 2.166654e-16
5618.000000 2.189526e-16
5620.000000 2.234179e-16
5622.000000 2.272915e-16
5624.000000 2.303866e-16
5626.000000 2.331586e-16
5628.000000 2.360437e-16
5630.000000 2.395977e-16
5632.000000 2.391897e-16
5634.000000 2.335571e-16
5636.000000 2.310977e-16
5638.000000 2.322761e-16
5640.000000 2.337431e-16
5642.000000 2.329364e-16
5644.000000 2.309265e-16
5646.000000 2.301319e-16
5648.000000 2.292293e-16
5650.000000 2.298508e-16
5652.000000 2.334714e-16
5654.000000 2.355378e-16
5656.000000 2.335284e-16
5658.000000 2.290182e-16
5660.000000 2.242932e-16
5662.000000 2.161481e-16
5664.000000 2.125951e-16
5666.000000 2.130844e-16
5668.000000 2.130085e-16
5670.000000 2.108989e-16
5672.000000 2.082557e-16
5674.000000 2.071099e-16
5676.000000 2.093290e-16
5678.000000 2.039874e-16
5680.000000 1.917008e-16
5682.000000 1.803396e-16
5684.000000 1.675120e-16
5686.000000 1.576569e-16
5688.000000 1.605447e-16
5690.000000 1.765052e-16
5692.000000 1.782181e-16
5694.000000 1.696792e-16
5696.000000 1.653584e-16
5698.000000 1.658425e-16
5700.000000 1.659540e-16
5702.000000 1.615782e-16
5704.000000 1.542824e-16
5706.000000 1.499354e-16
5708.000000 1.461506e-16
5710.000000 1.442516e-16
5712.000000 1.451331e-16
5714.000000 1.458745e-16
5716.000000 1.445121e-16
5718.000000 1.423424e-16
5720.000000 1.429269e-16
5722.000000 1.453243e-16
5724.000000 1.484330e-16
5726.000000 1.545533e-16
5728.000000 1.582833e-16
5730.000000 1.573640e-16
5732.000000 1.543069e-16
5734.000000 1.533306e-16
5736.000000 1.528283e-16
5738.000000 1.527690e-16
5740.000000 1.551768e-16
5742.000000 1.542313e-16
5744.000000 1.469985e-16
5746.000000 1.392599e-16
5748.000000 1.392866e-16
5750.000000 1.452400e-16
5752.000000 1.472654e-16
5754.000000 1.500635e-16
5756.000000 1.488900e-16
5758.000000 1.424844e-16
5760.000000 1.349093e-16
5762.000000 1.290001e-16
5764.000000 1.231249e-16
5766.000000 1.214667e-16
5768.000000 1.248794e-16
5770.000000 1.261330e-16
5772.000000 1.273092e-16
5774.000000 1.268764e-16
5776.000000 1.233282e-16
5778.000000 1.176928e-16
5780.000000 1.138283e-16
5782.000000 1.105322e-16
5784.000000 1.072329e-16
5786.000000 1.038943e-16
5788.000000 1.010415e-16
5790.000000 9.968329e-17
5792.000000 9.840429e-17
5794.000000 9.317269e-17
5796.000000 8.339050e-17
5798.000000 7.772972e-17
5800.000000 7.381862e-17
5802.000000 7.088204e-17
5804.000000 6.936723e-17
5806.000000 6.842529e-17
5808.000000 6.673903e-17
5810.000000 6.533983e-17
5812.000000 6.134859e-17
5814.000000 5.211263e-17
5816.000000 4.850742e-17
5818.000000 5.234309e-17
5820.000000 5.682614e-17
5822.000000 5.671934e-17
5824.000000 5.454243e-17
5826.000000 4.958640e-17
5828.000000 3.753598e-17
5830.000000 3.294691e-17
5832.000000 3.490881e-17
5834.000000 3.841205e-17
5836.000000 4.167328e-17
5838.000000 4.558387e-17
5840.000000 4.718942e-17
5842.000000 4.689773e-17
5844.000000 4.685398e-17
5846.000000 4.488556e-17
5848.000000 4.526620e-17
5850.000000 5.095134e-17
5852.000000 5.831609e-17
5854.000000 5.881210e-17
5856.000000 5.284370e-17
5858.000000 5.188512e-17
5860.000000 5.284511e-17
5862.000000 5.457767e-17
5864.000000 5.841674e-17
5866.000000 6.182192e-17
5868.000000 6.000695e-17
5870.000000 5.332796e-17
5872.000000 5.141798e-17
5874.000000 5.085254e-17
5876.000000 5.272160e-17
5878.000000 5.712069e-17
5880.000000 6.356987e-17
5882.000000 7.331331e-17
5884.000000 8.700605e-17
5886.000000 8.820080e-17
5888.000000 7.764174e-17
5890.000000 7.053041e-17
5892.000000 6.151372e-17
5894.000000 5.639650e-17
5896.000000 5.978069e-17
5898.000000 6.876722e-17
5900.000000 7.494555e-17
5902.000000 7.909973e-17
5904.000000 8.856864e-17
5906.000000 1.053155e-16
5908.000000 1.186663e-16
5910.000000 1.252146e-16
5912.000000 1.280880e-16
5914.000000 1.303835e-16
5916.000000 1.307437e-16
5918.000000 1.298877e-16
5920.000000 1.251918e-16
5922.000000 1.235691e-16
5924.000000 1.258427e-16
5926.000000 1.304467e-16
5928.000000 1.371666e-16
5930.000000 1.487452e-16
5932.000000 1.497791e-16
5934.000000 1.391522e-16
5936.000000 1.351231e-16
5938.000000 1.378139e-16
5940.000000 1.426160e-16
5942.000000 1.467834e-16
5944.000000 1.516962e-16
5946.000000 1.561212e-16
5948.000000 1.596149e-16
5950.000000 1.649056e-16
5952.000000 1.733207e-16
5954.000000 1.802471e-16
5956.000000 1.831783e-16
5958.000000 1.835479e-16
5960.000000 1.823252e-16
5962.000000 1.763457e-16
5964.000000 1.750148e-16
5966.000000 1.763144e-16
5968.000000 1.788287e-16
5970.000000 1.831510e-16
5972.000000 1.881922e-16
5974.000000 1.895382e-16
5976.000000 1.862953e-16
5978.000000 1.886234e-16
5980.000000 1.975639e-16
5982.000000 2.012870e-16
5984.000000 1.963043e-16
5986.000000 1.891328e-16
5988.000000 1.880103e-16
5990.000000 1.901245e-16
5992.000000 1.920658e-16
5994.000000 1.963736e-16
5996.000000 1.986295e-16
5998.000000 1.984820e-16
6000.000000 1.977278e-16
6002.000000 1.975345e-16
6004.000000 1.972109e-16
6006.000000 1.985737e-16
6008.000000 2.021505e-16
6010.000000 2.043312e-16
6012.000000 2.056352e-16
6014.000000 2.065067e-16
6016.000000 2.072624e-16
6018.000000 2.076932e-16
6020.000000 2.066882e-16
6022.000000 2.039292e-16
6024.000000 2.017822e-16
6026.000000 1.994367e-16
6028.000000 1.973622e-16
6030.000000 1.953017e-16
6032.000000 1.937116e-16
6034.000000 1.944378e-16
6036.000000 1.977600e-16
6038.000000 1.998392e-16
6040.000000 2.025983e-16
6042.000000 2.038610e-16
6044.000000 2.033201e-16
6046.000000 2.015255e-16
6048.000000 1.986464e-16
6050.000000 1.937458e-16
6052.000000 1.917164e-16
6054.000000 1.919448e-16
6056.000000 1.915926e-16
6058.000000 1.899495e-16
6060.000000 1.892162e-16
6062.000000 1.919666e-16
6064.000000 1.976437e-16
6066.000000 1.986965e-16
6068.000000 1.975284e-16
6070.000000 1.944969e-16
6072.000000 1.877297e-16
6074.000000 1.816715e-16
6076.000000 1.783946e-16
6078.000000 1.768194e-16
6080.000000 1.793660e-16
6082.000000 1.912316e-16
6084.000000 1.922959e-16
6086.000000 1.837947e-16
6088.000000 1.767758e-16
6090.000000 1.748918e-16
6092.000000 1.749507e-16
6094.000000 1.738168e-16
6096.000000 1.731601e-16
6098.000000 1.710887e-16
6100.000000 1.654984e-16
6102.000000 1.640423e-16
6104.000000 1.697909e-16
6106.000000 1.771553e-16
6108.000000 1.782117e-16
6110.000000 1.753255e-16
6112.000000 1.734727e-16
6114.000000 1.703548e-16
6116.000000 1.681588e-16
6118.000000 1.679175e-16
6120.000000 1.668884e-16
6122.000000 1.615317e-16
6124.000000 1.524727e-16
6126.000000 1.512832e-16
6128.000000 1.576494e-16
6130.000000 1.603429e-16
6132.000000 1.605089e-16
6134.000000 1.605448e-16
6136.000000 1.619112e-16
6138.000000 1.637403e-16
6140.000000 1.631171e-16
6142.000000 1.602182e-16
6144.000000 1.578653e-16
6146.000000 1.549523e-16
6148.000000 1.524394e-16
6150.000000 1.508413e-16
6152.000000 1.496233e-16
6154.000000 1.476119e-16
6156.000000 1.439055e-16
6158.000000 1.436941e-16
6160.000000 1.482150e-16
6162.000000 1.494605e-16
6164.000000 1.446368e-16
6166.000000 1.387296e-16
6168.000000 1.387705e-16
6170.000000 1.432540e-16
6172.000000 1.446103e-16
6174.000000 1.469543e-16
6176.000000 1.450875e-16
6178.000000 1.374703e-16
6180.000000 1.285594e-16
6182.000000 1.218947e-16
6184.000000 1.154468e-16
6186.000000 1.136664e-16
6188.000000 1.167059e-16
6190.000000 1.193937e-16
6192.000000 1.233596e-16
6194.000000 1.269734e-16
6196.000000 1.290029e-16
6198.000000 1.301437e-16
6200.000000 1.316322e-16
6202.000000 1.323791e-16
6204.000000 1.345565e-16
6206.000000 1.381668e-16
6208.000000 1.416839e-16
6210.000000 1.450727e-16
6212.000000 1.481020e-16
6214.000000 1.487976e-16
6216.000000 1.459300e-16
6218.000000 1.470549e-16
6220.000000 1.532571e-16
6222.000000 1.549491e-16
6224.000000 1.481379e-16
6226.000000 1.398910e-16
6228.000000 1.407923e-16
6230.000000 1.487306e-16
6232.000000 1.516877e-16
6234.000000 1.522228e-16
6236.000000 1.540575e-16
6238.000000 1.587403e-16
6240.000000 1.621429e-16
6242.000000 1.596684e-16
6244.000000 1.525927e-16
6246.000000 1.498336e-16
6248.000000 1.487707e-16
6250.000000 1.483358e-16
6252.000000 1.496878e-16
6254.000000 1.504758e-16
6256.000000 1.487774e-16
6258.000000 1.456959e-16
6260.000000 1.451014e-16
6262.000000 1.468287e-16
6264.000000 1.469268e-16
6266.000000 1.460263e-16
6268.000000 1.451875e-16
6270.000000 1.449409e-16
6272.000000 1.447519e-16
6274.000000 1.434297e-16
6276.000000 1.401505e-16
6278.000000 1.397458e-16
6280.000000 1.419191e-16
6282.000000 1.433720e-16
6284.000000 1.430515e-16
6286.000000 1.427656e-16
6288.000000 1.451905e-16
6290.000000 1.504068e-16
6292.000000 1.521460e-16
6294.000000 1.510017e-16
6296.000000 1.511349e-16
6298.000000 1.522721e-16
6300.000000 1.541982e-16
6302.000000 1.575061e-16
6304.000000 1.623922e-16
6306.000000 1.639910e-16
6308.000000 1.633581e-16
6310.000000 1.622513e-16
6312.000000 1.583750e-16
6314.000000 1.565447e-16
6316.000000 1.608420e-16
6318.000000 1.689584e-16
6320.000000 1.721058e-16
6322.000000 1.717652e-16
6324.000000 1.732197e-16
6326.000000 1.749147e-16
6328.000000 1.773515e-16
6330.000000 1.811960e-16
6332.000000 1.856618e-16
6334.000000 1.883975e-16
6336.000000 1.904752e-16
6338.000000 1.911703e-16
6340.000000 1.885777e-16
6342.000000 1.887253e-16
6344.000000 1.931316e-16
6346.000000 1.992902e-16
6348.000000 2.044802e-16
6350.000000 2.107939e-16
6352.000000 2.130282e-16
6354.000000 2.115892e-16
6356.000000 2.101787e-16
6358.000000 2.083489e-16
6360.000000 2.063749e-16
6362.000000 2.047868e-16
6364.000000 2.032216e-16
6366.000000 2.029147e-16
6368.000000 2.043465e-16
6370.000000 2.047093e-16
6372.000000 2.037526e-16
6374.000000 2.033073e-16
6376.000000 2.040789e-16
6378.000000 2.057098e-16
6380.000000 2.103457e-16
6382.000000 2.215476e-16
6384.000000 2.250694e-16
6386.000000 2.227076e-16
6388.000000 2.193782e-16
6390.000000 2.159226e-16
6392.000000 2.121210e-16
6394.000000 2.109833e-16
6396.000000 2.134296e-16
6398.000000 2.118030e-16
6400.000000 2.057889e-16
6402.000000 2.028032e-16
6404.000000 2.047397e-16
6406.000000 2.085344e-16
6408.000000 2.106121e-16
6410.000000 2.127259e-16
6412.000000 2.132971e-16
6414.000000 2.124592e-16
6416.000000 2.113010e-16
6418.000000 2.095557e-16
6420.000000 2.076018e-16
6422.000000 2.058335e-16
6424.000000 2.039407e-16
6426.000000 2.032170e-16
6428.000000 2.055261e-16
6430.000000 2.036429e-16
6432.000000 1.962444e-16
6434.000000 1.896298e-16
6436.000000 1.875293e-16
6438.000000 1.879517e-16
6440.000000 1.897358e-16
6442.000000 1.954538e-16
6444.000000 1.979544e-16
6446.000000 1.996379e-16
6448.000000 1.989695e-16
6450.000000 1.940822e-16
6452.000000 1.871086e-16
6454.000000 1.847280e-16
6456.000000 1.857987e-16
6458.000000 1.853094e-16
6460.000000 1.847592e-16
6462.000000 1.841641e-16
6464.000000 1.837015e-16
6466.000000 1.830535e-16
6468.000000 1.815636e-16
6470.000000 1.792141e-16
6472.000000 1.774646e-16
6474.000000 1.761027e-16
6476.000000 1.743919e-16
6478.000000 1.715883e-16
6480.000000 1.694163e-16
6482.000000 1.700450e-16
6484.000000 1.729992e-16
6486.000000 1.734651e-16
6488.000000 1.724838e-16
6490.000000 1.717744e-16
6492.000000 1.707337e-16
6494.000000 1.700951e-16
6496.000000 1.710085e-16
6498.000000 1.728536e-16
6500.000000 1.708300e-16
6502.000000 1.639539e-16
6504.000000 1.609802e-16
6506.000000 1.606087e-16
6508.000000 1.604442e-16
6510.000000 1.597630e-16
6512.000000 1.590685e-16
6514.000000 1.583823e-16
6516.000000 1.575253e-16
6518.000000 1.571291e-16
6520.000000 1.564643e-16
6522.000000 1.570560e-16
6524.000000 1.599748e-16
6526.000000 1.634006e-16
6528.000000 1.641937e-16
6530.000000 1.631643e-16
6532.000000 1.626359e-16
6534.000000 1.616590e-16
6536.000000 1.608948e-16
6538.000000 1.602510e-16
6540.000000 1.598151e-16
6542.000000 1.597630e-16
6544.000000 1.600308e-16
6546.000000 1.604764e-16
6548.000000 1.616124e-16
6550.000000 1.619736e-16
6552.000000 1.614533e-16
6554.000000 1.609148e-16
6556.000000 1.604878e-16
6558.000000 1.601018e-16
6560.000000 1.624647e-16
6562.000000 1.685300e-16
6564.000000 1.720587e-16
6566.000000 1.742704e-16
6568.000000 1.760634e-16
6570.000000 1.774002e-16
6572.000000 1.784810e-16
6574.000000 1.808613e-16
6576.000000 1.862614e-16
6578.000000 1.862640e-16
6580.000000 1.803860e-16
6582.000000 1.770957e-16
6584.000000 1.785158e-16
6586.000000 1.814427e-16
6588.000000 1.820962e-16
6590.000000 1.817348e-16
6592.000000 1.816786e-16
6594.000000 1.823640e-16
6596.000000 1.812533e-16
6598.000000 1.773427e-16
6600.000000 1.731730e-16
6602.000000 1.712684e-16
6604.000000 1.704965e-16
6606.000000 1.708756e-16
6608.000000 1.748492e-16
6610.000000 1.747231e-16
6612.000000 1.700711e-16
6614.000000 1.650450e-16
6616.000000 1.622547e-16
6618.000000 1.603433e-16
6620.000000 1.574359e-16
6622.000000 1.538351e-16
6624.000000 1.506860e-16
6626.000000 1.474878e-16
6628.000000 1.448086e-16
6630.000000 1.433862e-16
6632.000000 1.424051e-16
6634.000000 1.391020e-16
6636.000000 1.339973e-16
6638.000000 1.289209e-16
6640.000000 1.223964e-16
6642.000000 1.170373e-16
6644.000000 1.129581e-16
6646.000000 1.101457e-16
6648.000000 1.095726e-16
6650.000000 1.118436e-16
6652.000000 1.120137e-16
6654.000000 1.116544e-16
6656.000000 1.106907e-16
6658.000000 1.053859e-16
6660.000000 1.036724e-16
6662.000000 1.161541e-16
6664.000000 1.405504e-16
6666.000000 1.551822e-16
6668.000000 1.734822e-16
6670.000000 1.756348e-16
6672.000000 1.590055e-16
6674.000000 1.378164e-16
6676.000000 1.184760e-16
6678.000000 9.753314e-17
6680.000000 9.076785e-17
6682.000000 9.747823e-17
6684.000000 1.020100e-16
6686.000000 1.099444e-16
6688.000000 1.167535e-16
6690.000000 1.206616e-16
6692.000000 1.229210e-16
6694.000000 1.240689e-16
6696.000000 1.230933e-16
6698.000000 1.229314e-16
6700.000000 1.226387e-16
6702.000000 1.224035e-16
6704.000000 1.215793e-16
6706.000000 1.213126e-16
6708.000000 1.242391e-16
6710.000000 1.306625e-16
6712.000000 1.339074e-16
6714.000000 1.361022e-16
6716.000000 1.371168e-16
6718.000000 1.352150e-16
6720.000000 1.340801e-16
6722.000000 1.389540e-16
6724.000000 1.490780e-16
6726.000000 1.508843e-16
6728.000000 1.454175e-16
6730.000000 1.433323e-16
6732.000000 1.441319e-16
6734.000000 1.448244e-16
6736.000000 1.433473e-16
6738.000000 1.407249e-16
6740.000000 1.408768e-16
6742.000000 1.440914e-16
6744.000000 1.449750e-16
6746.000000 1.442300e-16
6748.000000 1.434585e-16
6750.000000 1.431775e-16
6752.000000 1.430451e-16
6754.000000 1.430860e-16
6756.000000 1.438434e-16
6758.000000 1.433361e-16
6760.000000 1.407056e-16
6762.000000 1.400161e-16
6764.000000 1.431026e-16
6766.000000 1.471141e-16
6768.000000 1.473784e-16
6770.000000 1.450365e-16
6772.000000 1.436066e-16
6774.000000 1.412209e-16
6776.000000 1.401696e-16
6778.000000 1.411239e-16
6780.000000 1.423575e-16
6782.000000 1.420922e-16
6784.000000 1.410341e-16
6786.000000 1.398721e-16
6788.000000 1.377043e-16
6790.000000 1.366464e-16
6792.000000 1.370285e-16
6794.000000 1.372505e-16
6796.000000 1.361723e-16
6798.000000 1.343630e-16
6800.000000 1.330595e-16
6802.000000 1.311401e-16
6804.000000 1.308790e-16
6806.000000 1.323770e-16
6808.000000 1.339383e-16
6810.000000 1.346607e-16
6812.000000 1.353112e-16
6814.000000 1.375840e-16
6816.000000 1.424273e-16
6818.000000 1.442430e-16
6820.000000 1.443737e-16
6822.000000 1.437308e-16
6824.000000 1.422894e-16
6826.000000 1.401734e-16
6828.000000 1.377932e-16
6830.000000 1.341473e-16
6832.000000 1.332616e-16
6834.000000 1.352314e-16
6836.000000 1.360522e-16
6838.000000 1.361044e-16
6840.000000 1.351164e-16
6842.000000 1.317884e-16
6844.000000 1.259048e-16
6846.000000 1.239664e-16
6848.000000 1.261504e-16
6850.000000 1.252687e-16
6852.000000 1.212434e-16
6854.000000 1.169745e-16
6856.000000 1.140918e-16
6858.000000 1.117550e-16
6860.000000 1.103285e-16
6862.000000 1.102388e-16
6864.000000 1.096797e-16
6866.000000 1.081927e-16
6868.000000 1.080957e-16
6870.000000 1.115667e-16
6872.000000 1.164593e-16
6874.000000 1.155226e-16
6876.000000 1.079904e-16
6878.000000 1.059951e-16
6880.000000 1.073140e-16
6882.000000 1.080688e-16
6884.000000 1.072470e-16
6886.000000 1.062178e-16
6888.000000 1.066564e-16
6890.000000 1.084326e-16
6892.000000 1.090035e-16
6894.000000 1.091543e-16
6896.000000 1.089023e-16
6898.000000 1.082447e-16
6900.000000 1.071852e-16
6902.000000 1.056894e-16
6904.000000 1.037049e-16
6906.000000 1.017757e-16
6908.000000 9.944812e-17
6910.000000 9.758375e-17
6912.000000 9.598166e-17
6914.000000 9.479801e-17
6916.000000 9.402352e-17
6918.000000 9.363718e-17
6920.000000 9.488069e-17
6922.000000 9.939027e-17
6924.000000 1.004247e-16
6926.000000 9.872513e-17
6928.000000 9.652285e-17
6930.000000 9.424261e-17
6932.000000 9.179158e-17
6934.000000 9.103066e-17
6936.000000 9.200995e-17
6938.000000 9.215643e-17
6940.000000 9.163886e-17
6942.000000 9.211916e-17
6944.000000 9.483755e-17
6946.000000 9.784991e-17
6948.000000 9.734324e-17
6950.000000 9.370844e-17
6952.000000 9.220877e-17
6954.000000 9.192178e-17
6956.000000 9.073952e-17
6958.000000 8.805486e-17
6960.000000 8.537370e-17
6962.000000 8.436932e-17
6964.000000 8.451354e-17
6966.000000 8.418754e-17
6968.000000 8.407527e-17
6970.000000 8.368918e-17
6972.000000 8.256764e-17
6974.000000 8.197641e-17
6976.000000 8.312465e-17
6978.000000 8.546798e-17
6980.000000 8.617153e-17
6982.000000 8.567318e-17
6984.000000 8.572311e-17
6986.000000 8.581004e-17
6988.000000 8.619098e-17
6990.000000 8.780102e-17
6992.000000 8.962034e-17
6994.000000 8.712963e-17
6996.000000 7.828338e-17
6998.000000 7.599069e-17
7000.000000 7.784378e-17
7002.000000 7.987690e-17
7004.000000 8.201570e-17
7006.000000 8.397048e-17
7008.000000 8.351271e-17
7010.000000 8.063037e-17
7012.000000 7.947528e-17
7014.000000 7.911795e-17
7016.000000 7.849941e-17
7018.000000 7.769047e-17
7020.000000 7.666150e-17
7022.000000 7.527030e-17
7024.000000 7.364057e-17
7026.000000 7.129722e-17
7028.000000 6.724515e-17
7030.000000 6.506011e-17
7032.000000 6.456652e-17
7034.000000 6.490412e-17
7036.000000 6.576908e-17
7038.000000 6.734814e-17
7040.000000 6.840463e-17
7042.000000 6.978544e-17
7044.000000 7.011384e-17
7046.000000 6.947244e-17
7048.000000 6.847693e-17
7050.000000 6.711629e-17
7052.000000 6.551541e-17
7054.000000 6.496744e-17
7056.000000 6.467453e-17
7058.000000 6.576542e-17
7060.000000 6.824946e-17
7062.000000 7.117110e-17
7064.000000 7.477801e-17
7066.000000 7.855033e-17
7068.000000 8.083282e-17
7070.000000 8.145820e-17
7072.000000 8.419941e-17
7074.000000 8.909881e-17
7076.000000 9.258441e-17
7078.000000 9.408940e-17
7080.000000 9.514716e-17
7082.000000 9.716795e-17
7084.000000 9.949877e-17
7086.000000 1.024336e-16
7088.000000 1.066274e-16
7090.000000 1.097492e-16
7092.000000 1.118159e-16
7094.000000 1.136012e-16
7096.000000 1.154985e-16
7098.000000 1.172956e-16
7100.000000 1.194852e-16
7102.000000 1.221196e-16
7104.000000 1.244795e-16
7106.000000 1.265036e-16
7108.000000 1.287780e-16
7110.000000 1.317842e-16
7112.000000 1.350941e-16
7114.000000 1.372694e-16
7116.000000 1.386706e-16
7118.000000 1.398613e-16
7120.000000 1.410213e-16
7122.000000 1.411896e-16
7124.000000 1.397413e-16
7126.000000 1.376048e-16
7128.000000 1.364470e-16
7130.000000 1.350272e-16
7132.000000 1.360116e-16
7134.000000 1.397761e-16
7136.000000 1.427854e-16
7138.000000 1.447351e-16
7140.000000 1.465881e-16
7142.000000 1.491067e-16
7144.000000 1.520277e-16
7146.000000 1.548503e-16
7148.000000 1.593074e-16
7150.000000 1.605286e-16
7152.000000 1.583787e-16
7154.000000 1.548370e-16
7156.000000 1.504233e-16
7158.000000 1.446764e-16
7160.000000 1.435970e-16
7162.000000 1.473989e-16
7164.000000 1.487179e-16
7166.000000 1.491233e-16
7168.000000 1.489131e-16
7170.000000 1.473415e-16
7172.000000 1.452424e-16
7174.000000 1.470311e-16
7176.000000 1.540914e-16
7178.000000 1.561925e-16
7180.000000 1.559864e-16
7182.000000 1.545097e-16
7184.000000 1.509000e-16
7186.000000 1.467037e-16
7188.000000 1.460497e-16
7190.000000 1.480569e-16
7192.000000 1.493958e-16
7194.000000 1.524233e-16
7196.000000 1.532358e-16
7198.000000 1.507843e-16
7200.000000 1.475537e-16
7202.000000 1.461759e-16
7204.000000 1.454857e-16
7206.000000 1.456770e-16
7208.000000 1.475975e-16
7210.000000 1.484270e-16
7212.000000 1.478190e-16
7214.000000 1.475235e-16
7216.000000 1.491626e-16
7218.000000 1.520767e-16
7220.000000 1.523204e-16
7222.000000 1.512734e-16
7224.000000 1.488301e-16
7226.000000 1.430582e-16
7228.000000 1.389719e-16
7230.000000 1.388437e-16
7232.000000 1.411723e-16
7234.000000 1.447409e-16
7236.000000 1.538960e-16
7238.000000 1.553616e-16
7240.000000 1.500937e-16
7242.000000 1.462833e-16
7244.000000 1.459358e-16
7246.000000 1.467901e-16
7248.000000 1.469754e-16
7250.000000 1.482363e-16
7252.000000 1.460519e-16
7254.000000 1.397227e-16
7256.000000 1.353957e-16
7258.000000 1.332065e-16
7260.000000 1.323726e-16
7262.000000 1.330049e-16
7264.000000 1.355169e-16
7266.000000 1.366223e-16
7268.000000 1.382355e-16
7270.000000 1.377230e-16
7272.000000 1.335594e-16
7274.000000 1.301466e-16
7276.000000 1.315736e-16
7278.000000 1.361313e-16
7280.000000 1.360636e-16
7282.000000 1.335388e-16
7284.000000 1.300985e-16
7286.000000 1.227840e-16
7288.000000 1.182760e-16
7290.000000 1.202128e-16
7292.000000 1.260024e-16
7294.000000 1.309038e-16
7296.000000 1.385959e-16
7298.000000 1.424400e-16
7300.000000 1.441204e-16
7302.000000 1.443832e-16
7304.000000 1.420148e-16
7306.000000 1.390806e-16
7308.000000 1.412530e-16
7310.000000 1.489441e-16
7312.000000 1.505437e-16
7314.000000 1.480921e-16
7316.000000 1.460956e-16
7318.000000 1.440208e-16
7320.000000 1.426023e-16
7322.000000 1.438281e-16
7324.000000 1.475225e-16
7326.000000 1.489399e-16
7328.000000 1.483544e-16
7330.000000 1.496533e-16
7332.000000 1.543805e-16
7334.000000 1.577205e-16
7336.000000 1.551253e-16
7338.000000 1.484309e-16
7340.000000 1.468921e-16
7342.000000 1.491258e-16
7344.000000 1.494140e-16
7346.000000 1.479507e-16
7348.000000 1.474824e-16
7350.000000 1.493868e-16
7352.000000 1.527062e-16
7354.000000 1.557904e-16
7356.000000 1.608118e-16
7358.000000 1.624435e-16
7360.000000 1.605359e-16
7362.000000 1.597881e-16
7364.000000 1.616099e-16
7366.000000 1.643610e-16
7368.000000 1.661090e-16
7370.000000 1.681628e-16
7372.000000 1.680859e-16
7374.000000 1.650547e-16
7376.000000 1.636718e-16
7378.000000 1.644869e-16
7380.000000 1.660795e-16
7382.000000 1.673509e-16
7384.000000 1.689962e-16
7386.000000 1.694740e-16
7388.000000 1.688506e-16
7390.000000 1.684550e-16
7392.000000 1.677519e-16
7394.000000 1.675601e-16
7396.000000 1.688757e-16
7398.000000 1.713290e-16
7400.000000 1.723809e-16
7402.000000 1.722827e-16
7404.000000 1.730107e-16
7406.000000 1.748719e-16
7408.000000 1.759786e-16
7410.000000 1.749764e-16
7412.000000 1.729129e-16
7414.000000 1.731044e-16
7416.000000 1.750411e-16
7418.000000 1.764025e-16
7420.000000 1.777874e-16
7422.000000 1.794041e-16
7424.000000 1.809269e-16
7426.000000 1.829034e-16
7428.000000 1.870043e-16
7430.000000 1.942098e-16
7432.000000 1.974544e-16
7434.000000 1.984029e-16
7436.000000 1.985364e-16
7438.000000 1.972713e-16
7440.000000 1.956810e-16
7442.000000 1.955645e-16
7444.000000 1.963354e-16
7446.000000 1.967677e-16
7448.000000 1.983097e-16
7450.000000 1.977176e-16
7452.000000 1.944319e-16
7454.000000 1.907294e-16
7456.000000 1.879293e-16
7458.000000 1.852484e-16
7460.000000 1.855287e-16
7462.000000 1.887394e-16
7464.000000 1.918676e-16
7466.000000 1.962981e-16
7468.000000 2.001811e-16
7470.000000 2.037863e-16
7472.000000 2.065034e-16
7474.000000 2.015568e-16
7476.000000 1.849631e-16
7478.000000 1.783896e-16
7480.000000 1.777059e-16
7482.000000 1.770808e-16
7484.000000 1.746435e-16
7486.000000 1.725296e-16
7488.000000 1.736919e-16
7490.000000 1.782540e-16
7492.000000 1.807680e-16
7494.000000 1.837938e-16
7496.000000 1.847447e-16
7498.000000 1.823939e-16
7500.000000 1.793227e-16
7502.000000 1.788981e-16
7504.000000 1.801267e-16
7506.000000 1.800944e-16
7508.000000 1.800919e-16
7510.000000 1.790321e-16
7512.000000 1.762428e-16
7514.000000 1.735877e-16
7516.000000 1.727336e-16
7518.000000 1.729811e-16
7520.000000 1.722693e-16
7522.000000 1.726147e-16
7524.000000 1.697660e-16
7526.000000 1.619910e-16
7528.000000 1.559948e-16
7530.000000 1.555210e-16
7532.000000 1.580515e-16
7534.000000 1.588503e-16
7536.000000 1.588958e-16
7538.000000 1.606287e-16
7540.000000 1.647583e-16
7542.000000 1.674301e-16
7544.000000 1.674568e-16
7546.000000 1.661346e-16
7548.000000 1.649672e-16
7550.000000 1.629259e-16
7552.000000 1.619145e-16
7554.000000 1.613702e-16
7556.000000 1.612322e-16
7558.000000 1.618159e-16
7560.000000 1.625004e-16
7562.000000 1.622973e-16
7564.000000 1.613932e-16
7566.000000 1.613049e-16
7568.000000 1.623429e-16
7570.000000 1.620581e-16
7572.000000 1.600271e-16
7574.000000 1.579288e-16
7576.000000 1.573554e-16
7578.000000 1.577271e-16
7580.000000 1.556631e-16
7582.000000 1.505808e-16
7584.000000 1.480370e-16
7586.000000 1.469789e-16
7588.000000 1.470729e-16
7590.000000 1.485332e-16
7592.000000 1.511335e-16
7594.000000 1.531840e-16
7596.000000 1.562495e-16
7598.000000 1.571055e-16
7600.000000 1.581900e-16
7602.000000 1.553585e-16
7604.000000 1.445770e-16
7606.000000 1.314847e-16
7608.000000 1.293828e-16
7610.000000 1.357208e-16
7612.000000 1.396172e-16
7614.000000 1.455020e-16
7616.000000 1.501851e-16
7618.000000 1.551384e-16
7620.000000 1.576014e-16
7622.000000 1.520889e-16
7624.000000 1.385523e-16
7626.000000 1.321703e-16
7628.000000 1.273008e-16
7630.000000 1.263172e-16
7632.000000 1.317171e-16
7634.000000 1.371455e-16
7636.000000 1.367886e-16
7638.000000 1.330742e-16
7640.000000 1.322082e-16
7642.000000 1.329780e-16
7644.000000 1.325456e-16
7646.000000 1.305375e-16
7648.000000 1.294027e-16
7650.000000 1.309575e-16
7652.000000 1.338928e-16
7654.000000 1.337676e-16
7656.000000 1.309542e-16
7658.000000 1.295474e-16
7660.000000 1.286136e-16
7662.000000 1.275378e-16
7664.000000 1.262491e-16
7666.000000 1.247646e-16
7668.000000 1.227220e-16
7670.000000 1.192202e-16
7672.000000 1.186091e-16
7674.000000 1.207386e-16
7676.000000 1.221852e-16
7678.000000 1.233684e-16
7680.000000 1.235889e-16
7682.000000 1.205336e-16
7684.000000 1.134263e-16
7686.000000 1.133089e-16
7688.000000 1.195424e-16
7690.000000 1.232571e-16
7692.000000 1.258520e-16
7694.000000 1.266088e-16
7696.000000 1.234812e-16
7698.000000 1.169312e-16
7700.000000 1.153025e-16
7702.000000 1.170962e-16
7704.000000 1.180938e-16
7706.000000 1.196069e-16
7708.000000 1.205514e-16
7710.000000 1.205615e-16
7712.000000 1.197754e-16
7714.000000 1.167731e-16
7716.000000 1.105707e-16
7718.000000 1.061744e-16
7720.000000 1.009382e-16
7722.000000 9.822707e-17
7724.000000 9.928602e-17
7726.000000 1.027554e-16
7728.000000 1.068296e-16
7730.000000 1.141795e-16
7732.000000 1.166109e-16
7734.000000 1.156195e-16
7736.000000 1.141213e-16
7738.000000 1.110326e-16
7740.000000 1.083780e-16
7742.000000 1.103468e-16
7744.000000 1.168636e-16
7746.000000 1.174698e-16
7748.000000 1.136251e-16
7750.000000 1.110921e-16
7752.000000 1.095092e-16
7754.000000 1.081413e-16
7756.000000 1.063064e-16
7758.000000 1.040543e-16
7760.000000 1.056188e-16
7762.000000 1.136610e-16
7764.000000 1.150763e-16
7766.000000 1.105478e-16
7768.000000 1.051404e-16
7770.000000 1.006095e-16
7772.000000 9.608523e-17
7774.000000 9.446987e-17
7776.000000 9.598102e-17
7778.000000 9.641737e-17
7780.000000 9.746291e-17
7782.000000 9.773246e-17
7784.000000 9.644472e-17
7786.000000 9.454992e-17
7788.000000 9.389102e-17
7790.000000 9.279352e-17
7792.000000 9.523537e-17
7794.000000 1.018687e-16
7796.000000 1.073002e-16
7798.000000 1.114600e-16
7800.000000 1.146040e-16
7802.000000 1.159989e-16
7804.000000 1.157322e-16
7806.000000 1.151470e-16
7808.000000 1.132124e-16
7810.000000 1.117659e-16
7812.000000 1.105233e-16
7814.000000 1.096426e-16
7816.000000 1.093837e-16
7818.000000 1.096199e-16
7820.000000 1.104016e-16
7822.000000 1.120187e-16
7824.000000 1.134884e-16
7826.000000 1.148553e-16
7828.000000 1.165091e-16
7830.000000 1.188591e-16
7832.000000 1.216029e-16
7834.000000 1.232306e-16
7836.000000 1.234546e-16
7838.000000 1.250384e-16
7840.000000 1.275696e-16
7842.000000 1.300906e-16
7844.000000 1.333160e-16
7846.000000 1.360216e-16
7848.000000 1.339102e-16
7850.000000 1.261564e-16
7852.000000 1.228077e-16
7854.000000 1.189418e-16
7856.000000 1.199308e-16
7858.000000 1.284154e-16
7860.000000 1.392268e-16
7862.000000 1.455790e-16
7864.000000 1.507002e-16
7866.000000 1.522287e-16
7868.000000 1.473616e-16
7870.000000 1.469373e-16
7872.000000 1.506583e-16
7874.000000 1.564294e-16
7876.000000 1.639109e-16
7878.000000 1.738047e-16
7880.000000 1.784939e-16
7882.000000 1.785355e-16
7884.000000 1.803212e-16
7886.000000 1.836517e-16
7888.000000 1.858098e-16
7890.000000 1.853943e-16
7892.000000 1.832457e-16
7894.000000 1.804293e-16
7896.000000 1.739965e-16
7898.000000 1.725400e-16
7900.000000 1.747920e-16
7902.000000 1.777861e-16
7904.000000 1.810350e-16
7906.000000 1.847702e-16
7908.000000 1.881370e-16
7910.000000 1.931243e-16
7912.000000 1.930183e-16
7914.000000 1.891290e-16
7916.000000 1.835674e-16
7918.000000 1.752653e-16
7920.000000 1.662481e-16
7922.000000 1.601579e-16
7924.000000 1.555512e-16
7926.000000 1.519893e-16
7928.000000 1.493581e-16
7930.000000 1.484299e-16
7932.000000 1.502935e-16
7934.000000 1.523243e-16
7936.000000 1.519889e-16
7938.000000 1.503157e-16
7940.000000 1.494994e-16
7942.000000 1.489017e-16
7944.000000 1.482133e-16
7946.000000 1.478248e-16
7948.000000 1.469185e-16
7950.000000 1.444792e-16
7952.000000 1.412276e-16
7954.000000 1.410325e-16
7956.000000 1.437257e-16
7958.000000 1.452837e-16
7960.000000 1.485252e-16
7962.000000 1.488174e-16
7964.000000 1.429509e-16
7966.000000 1.348233e-16
7968.000000 1.336596e-16
7970.000000 1.387509e-16
7972.000000 1.388853e-16
7974.000000 1.360559e-16
7976.000000 1.343292e-16
7978.000000 1.347816e-16
7980.000000 1.353521e-16
7982.000000 1.333437e-16
7984.000000 1.290439e-16
7986.000000 1.273160e-16
7988.000000 1.274326e-16
7990.000000 1.269043e-16
7992.000000 1.267955e-16
7994.000000 1.253352e-16
7996.000000 1.197850e-16
7998.000000 1.106907e-16
8000.000000 1.076042e-16
8002.000000 1.088983e-16
8004.000000 1.095734e-16
8006.000000 1.104853e-16
8008.000000 1.119545e-16
8010.000000 1.143102e-16
8012.000000 1.173048e-16
8014.000000 1.191248e-16
8016.000000 1.215859e-16
8018.000000 1.207751e-16
8020.000000 1.160538e-16
8022.000000 1.119958e-16
8024.000000 1.096343e-16
8026.000000 1.082671e-16
8028.000000 1.086239e-16
8030.000000 1.116651e-16
8032.000000 1.124782e-16
8034.000000 1.120645e-16
8036.000000 1.118300e-16
8038.000000 1.122585e-16
8040.000000 1.124391e-16
8042.000000 1.109369e-16
8044.000000 1.074905e-16
8046.000000 1.070251e-16
8048.000000 1.100045e-16
8050.000000 1.102752e-16
8052.000000 1.070148e-16
8054.000000 1.034836e-16
8056.000000 1.025358e-16
8058.000000 1.030845e-16
8060.000000 1.020823e-16
8062.000000 9.957288e-17
8064.000000 9.865901e-17
8066.000000 9.986985e-17
8068.000000 1.004030e-16
8070.000000 9.804981e-17
8072.000000 9.420691e-17
8074.000000 9.420498e-17
8076.000000 9.816211e-17
8078.000000 9.940547e-17
8080.000000 9.899143e-17
8082.000000 9.891003e-17
8084.000000 9.998159e-17
8086.000000 1.013710e-16
8088.000000 1.016371e-16
8090.000000 1.009470e-16
8092.000000 1.007920e-16
8094.000000 1.010302e-16
8096.000000 1.007728e-16
8098.000000 9.970482e-17
8100.000000 9.841033e-17
8102.000000 9.786352e-17
8104.000000 9.836853e-17
8106.000000 9.591630e-17
8108.000000 8.953940e-17
8110.000000 8.602130e-17
8112.000000 8.563700e-17
8114.000000 8.624467e-17
8116.000000 8.645827e-17
8118.000000 8.700988e-17
8120.000000 8.683473e-17
8122.000000 8.556129e-17
8124.000000 8.550102e-17
8126.000000 8.659969e-17
8128.000000 8.789480e-17
8130.000000 8.892313e-17
8132.000000 8.994085e-17
8134.000000 9.094365e-17
8136.000000 9.292514e-17
8138.000000 9.258469e-17
8140.000000 8.964834e-17
8142.000000 8.721404e-17
8144.000000 8.560570e-17
8146.000000 8.491793e-17
8148.000000 8.769882e-17
8150.000000 9.626728e-17
8152.000000 9.780426e-17
8154.000000 9.491570e-17
8156.000000 9.124846e-17
8158.000000 8.566369e-17
8160.000000 8.035082e-17
8162.000000 8.017194e-17
8164.000000 8.431739e-17
8166.000000 8.611200e-17
8168.000000 8.771814e-17
8170.000000 8.899000e-17
8172.000000 8.995320e-17
8174.000000 9.058329e-17
8176.000000 9.070487e-17
8178.000000 9.026897e-17
8180.000000 9.078794e-17
8182.000000 9.203074e-17
8184.000000 9.313186e-17
8186.000000 9.535556e-17
8188.000000 9.599628e-17
8190.000000 9.266769e-17
8192.000000 8.682884e-17
8194.000000 8.452063e-17
8196.000000 8.466215e-17
8198.000000 8.377222e-17
8200.000000 8.217940e-17
8202.000000 8.147502e-17
8204.000000 8.243164e-17
8206.000000 8.424908e-17
8208.000000 8.541612e-17
8210.000000 8.770892e-17
8212.000000 8.645301e-17
8214.000000 8.047464e-17
8216.000000 7.716294e-17
8218.000000 7.769898e-17
8220.000000 8.005018e-17
8222.000000 8.281357e-17
8224.000000 8.771635e-17
8226.000000 8.840364e-17
8228.000000 8.559457e-17
8230.000000 8.318838e-17
8232.000000 8.024190e-17
8234.000000 7.799763e-17
8236.000000 7.842296e-17
8238.000000 8.101802e-17
8240.000000 8.121281e-17
8242.000000 8.071662e-17
8244.000000 7.892556e-17
8246.000000 7.471996e-17
8248.000000 7.112411e-17
8250.000000 7.009546e-17
8252.000000 7.052350e-17
8254.000000 7.044101e-17
8256.000000 7.146323e-17
8258.000000 7.052609e-17
8260.000000 6.741343e-17
8262.000000 6.485426e-17
8264.000000 6.359664e-17
8266.000000 6.310265e-17
8268.000000 6.348188e-17
8270.000000 6.514429e-17
8272.000000 6.635526e-17
8274.000000 6.789492e-17
8276.000000 6.903236e-17
8278.000000 7.050213e-17
8280.000000 7.092533e-17
8282.000000 6.725507e-17
8284.000000 5.896745e-17
8286.000000 5.571383e-17
8288.000000 5.467984e-17
8290.000000 5.515945e-17
8292.000000 5.820224e-17
8294.000000 6.165975e-17
8296.000000 6.324022e-17
8298.000000 6.390166e-17
8300.000000 6.466290e-17
8302.000000 6.445771e-17
8304.000000 6.559321e-17
8306.000000 6.876274e-17
8308.000000 7.122575e-17
8310.000000 7.110349e-17
8312.000000 6.946323e-17
8314.000000 6.900462e-17
8316.000000 6.800730e-17
8318.000000 6.903160e-17
8320.000000 7.311533e-17
8322.000000 7.571567e-17
8324.000000 7.494087e-17
8326.000000 7.253716e-17
8328.000000 7.121587e-17
8330.000000 6.942503e-17
8332.000000 6.920169e-17
8334.000000 7.200469e-17
8336.000000 7.193339e-17
8338.000000 6.610294e-17
8340.000000 5.961082e-17
8342.000000 6.022650e-17
8344.000000 6.570408e-17
8346.000000 7.105988e-17
8348.000000 8.195516e-17
8350.000000 8.607513e-17
8352.000000 8.194049e-17
8354.000000 7.520275e-17
8356.000000 7.000948e-17
8358.000000 6.399002e-17
8360.000000 6.215508e-17
8362.000000 6.485026e-17
8364.000000 6.572788e-17
8366.000000 6.518693e-17
8368.000000 6.508232e-17
8370.000000 6.624035e-17
8372.000000 6.822184e-17
8374.000000 7.150403e-17
8376.000000 7.883689e-17
8378.000000 8.056367e-17
8380.000000 7.753713e-17
8382.000000 7.414316e-17
8384.000000 7.127436e-17
8386.000000 6.852685e-17
8388.000000 6.762069e-17
8390.000000 6.673782e-17
8392.000000 7.032116e-17
8394.000000 8.168402e-17
8396.000000 8.761082e-17
8398.000000 8.481875e-17
8400.000000 7.876663e-17
8402.000000 7.593382e-17
8404.000000 7.401805e-17
8406.000000 7.123394e-17
8408.000000 6.608292e-17
8410.000000 6.476209e-17
8412.000000 6.969715e-17
8414.000000 7.445045e-17
8416.000000 7.198059e-17
8418.000000 6.435803e-17
8420.000000 6.320934e-17
8422.000000 6.658407e-17
8424.000000 6.848959e-17
8426.000000 7.092498e-17
8428.000000 7.165444e-17
8430.000000 6.790649e-17
8432.000000 6.126641e-17
8434.000000 6.097415e-17
8436.000000 6.614589e-17
8438.000000 6.901564e-17
8440.000000 7.204018e-17
8442.000000 7.400421e-17
8444.000000 7.432555e-17
8446.000000 7.352573e-17
8448.000000 7.244433e-17
8450.000000 7.083290e-17
8452.000000 6.844565e-17
8454.000000 6.451737e-17
8456.000000 6.142797e-17
8458.000000 6.000212e-17
8460.000000 5.885412e-17
8462.000000 5.588828e-17
8464.000000 5.114227e-17
8466.000000 4.887964e-17
8468.000000 4.824850e-17
8470.000000 4.777982e-17
8472.000000 4.784372e-17
8474.000000 4.791043e-17
8476.000000 4.743110e-17
8478.000000 4.682634e-17
8480.000000 4.438902e-17
8482.000000 4.012947e-17
8484.000000 3.579485e-17
8486.000000 2.989080e-17
8488.000000 2.528868e-17
8490.000000 2.420723e-17
8492.000000 2.543953e-17
8494.000000 2.572076e-17
8496.000000 2.548325e-17
8498.000000 2.706456e-17
8500.000000 3.196970e-17
8502.000000 3.464210e-17
8504.000000 3.225582e-17
8506.000000 2.747926e-17
8508.000000 2.568659e-17
8510.000000 2.380141e-17
8512.000000 2.581935e-17
8514.000000 3.455349e-17
8516.000000 3.864161e-17
8518.000000 3.473995e-17
8520.000000 2.828115e-17
8522.000000 2.626981e-17
8524.000000 2.590118e-17
8526.000000 2.700850e-17
8528.000000 3.176445e-17
8530.000000 3.381313e-17
8532.000000 3.179845e-17
8534.000000 2.975589e-17
8536.000000 3.193058e-17
8538.000000 3.714174e-17
8540.000000 3.825783e-17
8542.000000 3.597825e-17
8544.000000 3.551252e-17
8546.000000 3.551766e-17
8548.000000 3.703317e-17
8550.000000 4.164946e-17
8552.000000 4.850049e-17
8554.000000 5.172296e-17
8556.000000 5.224183e-17
8558.000000 5.374826e-17
8560.000000 5.499489e-17
8562.000000 5.680708e-17
8564.000000 5.995085e-17
8566.000000 6.360043e-17
8568.000000 6.536853e-17
8570.000000 6.614774e-17
8572.000000 6.592373e-17
8574.000000 6.238974e-17
8576.000000 6.207654e-17
8578.000000 6.701161e-17
8580.000000 7.394413e-17
8582.000000 7.861942e-17
8584.000000 8.302370e-17
8586.000000 8.578815e-17
8588.000000 8.596818e-17
8590.000000 8.767626e-17
8592.000000 9.135569e-17
8594.000000 9.536190e-17
8596.000000 9.818824e-17
8598.000000 1.003099e-16
8600.000000 1.036385e-16
8602.000000 1.091601e-16
8604.000000 1.117900e-16
8606.000000 1.112810e-16
8608.000000 1.103482e-16
8610.000000 1.103506e-16
8612.000000 1.105726e-16
8614.000000 1.121703e-16
8616.000000 1.169180e-16
8618.000000 1.176472e-16
8620.000000 1.152158e-16
8622.000000 1.121037e-16
8624.000000 1.086978e-16
8626.000000 1.049588e-16
8628.000000 1.028049e-16
8630.000000 1.023717e-16
8632.000000 1.005428e-16
8634.000000 9.719211e-17
8636.000000 9.530971e-17
8638.000000 9.636314e-17
8640.000000 9.793265e-17
8642.000000 9.598205e-17
8644.000000 9.102282e-17
8646.000000 8.868639e-17
8648.000000 8.675623e-17
8650.000000 8.658361e-17
8652.000000 9.007973e-17
8654.000000 9.295011e-17
8656.000000 9.012648e-17
8658.000000 8.319913e-17
8660.000000 7.842876e-17
8662.000000 7.073902e-17
8664.000000 6.961235e-17
8666.000000 7.685082e-17
8668.000000 8.423779e-17
8670.000000 8.634873e-17
8672.000000 8.601450e-17
8674.000000 8.761448e-17
8676.000000 8.954661e-17
8678.000000 9.207544e-17
8680.000000 9.549529e-17
8682.000000 9.886019e-17
8684.000000 1.016902e-16
8686.000000 1.044101e-16
8688.000000 1.078386e-16
8690.000000 1.108432e-16
8692.000000 1.164482e-16
8694.000000 1.277007e-16
8696.000000 1.334726e-16
8698.000000 1.296263e-16
8700.000000 1.226980e-16
8702.000000 1.222552e-16
8704.000000 1.248045e-16
8706.000000 1.285963e-16
8708.000000 1.364371e-16
8710.000000 1.415867e-16
8712.000000 1.437878e-16
8714.000000 1.446314e-16
8716.000000 1.448717e-16
8718.000000 1.437863e-16
8720.000000 1.448197e-16
8722.000000 1.469795e-16
8724.000000 1.498303e-16
8726.000000 1.537477e-16
8728.000000 1.580066e-16
8730.000000 1.620894e-16
8732.000000 1.662640e-16
8734.000000 1.708218e-16
8736.000000 1.768519e-16
8738.000000 1.804441e-16
8740.000000 1.816963e-16
8742.000000 1.828820e-16
8744.000000 1.848909e-16
8746.000000 1.870406e-16
8748.000000 1.886367e-16
8750.000000 1.914499e-16
8752.000000 1.899973e-16
8754.000000 1.820085e-16
8756.000000 1.784705e-16
8758.000000 1.825590e-16
8760.000000 1.895286e-16
8762.000000 1.933437e-16
8764.000000 1.966791e-16
8766.000000 1.982698e-16
8768.000000 1.945732e-16
8770.000000 1.973209e-16
8772.000000 2.113238e-16
8774.000000 2.246742e-16
8776.000000 2.237182e-16
8778.000000 2.123291e-16
8780.000000 2.097433e-16
8782.000000 2.106028e-16
8784.000000 2.119309e-16
8786.000000 2.150746e-16
8788.000000 2.179905e-16
8790.000000 2.191479e-16
8792.000000 2.193335e-16
8794.000000 2.192550e-16
8796.000000 2.189294e-16
8798.000000 2.174972e-16
8800.000000 2.141962e-16
8802.000000 2.115690e-16
8804.000000 2.108800e-16
8806.000000 2.110660e-16
8808.000000 2.101065e-16
8810.000000 2.084758e-16
8812.000000 2.071509e-16
8814.000000 2.048814e-16
8816.000000 2.043564e-16
8818.000000 2.082356e-16
8820.000000 2.121001e-16
8822.000000 2.072063e-16
8824.000000 1.939017e-16
8826.000000 1.875449e-16
8828.000000 1.830851e-16
8830.000000 1.812902e-16
8832.000000 1.828299e-16
8834.000000 1.861860e-16
8836.000000 1.902257e-16
8838.000000 1.962349e-16
8840.000000 1.975477e-16
8842.000000 1.944571e-16
8844.000000 1.928768e-16
8846.000000 1.914913e-16
8848.000000 1.911416e-16
8850.000000 1.927856e-16
8852.000000 1.959470e-16
8854.000000 1.992475e-16
8856.000000 2.049259e-16
8858.000000 2.072076e-16
8860.000000 2.073359e-16
8862.000000 2.057233e-16
8864.000000 2.027768e-16
8866.000000 1.980567e-16
8868.000000 1.898590e-16
8870.000000 1.748573e-16
8872.000000 1.671739e-16
8874.000000 1.653165e-16
8876.000000 1.616717e-16
8878.000000 1.530260e-16
8880.000000 1.442829e-16
8882.000000 1.432902e-16
8884.000000 1.479255e-16
8886.000000 1.533343e-16
8888.000000 1.656703e-16
8890.000000 1.711515e-16
8892.000000 1.672385e-16
8894.000000 1.610992e-16
8896.000000 1.597682e-16
8898.000000 1.606449e-16
8900.000000 1.594914e-16
8902.000000 1.580577e-16
8904.000000 1.552047e-16
8906.000000 1.476851e-16
8908.000000 1.436482e-16
8910.000000 1.504857e-16
8912.000000 1.646580e-16
8914.000000 1.705612e-16
8916.000000 1.756822e-16
8918.000000 1.731419e-16
8920.000000 1.592705e-16
8922.000000 1.479253e-16
8924.000000 1.450467e-16
8926.000000 1.462149e-16
8928.000000 1.462215e-16
8930.000000 1.481886e-16
8932.000000 1.478350e-16
8934.000000 1.460543e-16
8936.000000 1.439126e-16
8938.000000 1.411820e-16
8940.000000 1.383521e-16
8942.000000 1.367112e-16
8944.000000 1.351468e-16
8946.000000 1.365240e-16
8948.000000 1.423114e-16
8950.000000 1.455109e-16
8952.000000 1.451018e-16
8954.000000 1.441023e-16
8956.000000 1.452212e-16
8958.000000 1.472582e-16
8960.000000 1.502696e-16
8962.000000 1.577022e-16
8964.000000 1.587418e-16
8966.000000 1.521079e-16
8968.000000 1.448724e-16
8970.000000 1.419346e-16
8972.000000 1.408748e-16
8974.000000 1.375888e-16
8976.000000 1.333538e-16
8978.000000 1.286167e-16
8980.000000 1.220900e-16
8982.000000 1.168400e-16
8984.000000 1.138832e-16
8986.000000 1.126251e-16
8988.000000 1.137520e-16
8990.000000 1.196757e-16
8992.000000 1.210122e-16
8994.000000 1.192452e-16
8996.000000 1.180225e-16
8998.000000 1.181928e-16
9000.000000 1.186631e-16
9002.000000 1.184887e-16
9004.000000 1.188160e-16
9006.000000 1.160019e-16
9008.000000 1.090841e-16
9010.000000 1.042636e-16
9012.000000 1.018304e-16
9014.000000 1.004388e-16
9016.000000 9.932832e-17
9018.000000 9.895443e-17
9020.000000 9.835058e-17
9022.000000 9.628991e-17
9024.000000 9.757790e-17
9026.000000 1.040285e-16
9028.000000 1.095984e-16
9030.000000 1.098973e-16
9032.000000 1.070802e-16
9034.000000 1.043701e-16
9036.000000 1.003632e-16
9038.000000 9.602370e-17
9040.000000 8.941443e-17
9042.000000 8.496349e-17
9044.000000 8.451680e-17
9046.000000 8.680246e-17
9048.000000 9.095849e-17
9050.000000 1.010609e-16
9052.000000 1.039511e-16
9054.000000 1.016926e-16
9056.000000 9.942469e-17
9058.000000 9.805677e-17
9060.000000 9.657596e-17
9062.000000 9.462140e-17
9064.000000 9.238680e-17
9066.000000 8.963408e-17
9068.000000 8.562773e-17
9070.000000 8.275999e-17
9072.000000 8.071934e-17
9074.000000 7.988006e-17
9076.000000 8.153010e-17
9078.000000 8.601497e-17
9080.000000 8.626056e-17
9082.000000 8.516621e-17
9084.000000 8.087517e-17
9086.000000 7.071640e-17
9088.000000 6.164419e-17
9090.000000 5.882288e-17
9092.000000 5.971642e-17
9094.000000 6.157079e-17
9096.000000 6.866609e-17
9098.000000 7.013234e-17
9100.000000 6.635079e-17
9102.000000 6.291259e-17
9104.000000 6.193313e-17
9106.000000 6.202808e-17
9108.000000 6.279244e-17
9110.000000 6.633852e-17
9112.000000 6.583825e-17
9114.000000 6.202527e-17
9116.000000 5.849130e-17
9118.000000 5.478184e-17
9120.000000 5.204763e-17
9122.000000 5.460123e-17
9124.000000 6.335216e-17
9126.000000 6.623036e-17
9128.000000 6.674642e-17
9130.000000 6.558203e-17
9132.000000 6.138296e-17
9134.000000 5.686550e-17
9136.000000 5.563416e-17
9138.000000 5.636648e-17
9140.000000 5.716230e-17
9142.000000 5.904771e-17
9144.000000 6.075337e-17
9146.000000 6.263004e-17
9148.000000 6.430114e-17
9150.000000 6.515630e-17
9152.000000 6.543310e-17
9154.000000 6.750122e-17
9156.000000 7.350253e-17
9158.000000 7.381921e-17
9160.000000 6.714033e-17
9162.000000 6.259688e-17
9164.000000 6.495713e-17
9166.000000 7.057822e-17
9168.000000 7.227224e-17
9170.000000 7.160444e-17
9172.000000 7.222369e-17
9174.000000 7.384938e-17
9176.000000 7.426034e-17
9178.000000 7.239547e-17
9180.000000 6.977390e-17
9182.000000 6.897330e-17
9184.000000 6.880518e-17
9186.000000 7.006511e-17
9188.000000 7.377525e-17
9190.000000 7.619862e-17
9192.000000 7.814514e-17
9194.000000 7.832509e-17
9196.000000 7.363629e-17
9198.000000 6.361800e-17
9200.000000 6.177823e-17
9202.000000 6.654987e-17
9204.000000 6.919024e-17
9206.000000 7.064386e-17
9208.000000 7.171354e-17
9210.000000 7.218506e-17
9212.000000 7.205881e-17
9214.000000 7.463302e-17
9216.000000 8.203366e-17
9218.000000 8.367819e-17
9220.000000 8.019458e-17
9222.000000 7.622117e-17
9224.000000 7.327975e-17
9226.000000 7.052098e-17
9228.000000 6.913383e-17
9230.000000 6.882660e-17
9232.000000 6.911505e-17
9234.000000 7.030901e-17
9236.000000 7.194752e-17
9238.000000 7.442097e-17
9240.000000 7.702914e-17
9242.000000 7.796420e-17
9244.000000 7.790515e-17
9246.000000 7.699159e-17
9248.000000 7.449868e-17
9250.000000 7.243147e-17
9252.000000 7.080754e-17
9254.000000 6.940614e-17
9256.000000 6.816954e-17
9258.000000 6.700296e-17
9260.000000 6.678330e-17
9262.000000 6.757098e-17
9264.000000 6.829803e-17
9266.000000 6.916104e-17
9268.000000 7.006183e-17
9270.000000 7.065330e-17
9272.000000 7.103998e-17
9274.000000 7.313740e-17
9276.000000 7.798178e-17
9278.000000 8.008306e-17
9280.000000 8.004893e-17
9282.000000 7.952566e-17
9284.000000 7.966007e-17
9286.000000 7.948998e-17
9288.000000 7.593053e-17
9290.000000 6.684290e-17
9292.000000 6.333891e-17
9294.000000 6.014403e-17
9296.000000 6.275591e-17
9298.000000 7.608671e-17
9300.000000 9.274708e-17
9302.000000 9.739317e-17
9304.000000 9.507410e-17
9306.000000 9.009626e-17
9308.000000 7.477418e-17
9310.000000 6.777197e-17
9312.000000 7.660583e-17
9314.000000 8.442142e-17
9316.000000 6.897005e-17
9318.000000 3.371038e-17
9320.000000 2.277597e-17
9322.000000 2.901585e-17
9324.000000 3.035921e-17
9326.000000 2.543905e-17
9328.000000 2.471767e-17
9330.000000 3.807093e-17
9332.000000 6.166164e-17
9334.000000 6.836776e-17
9336.000000 6.387025e-17
9338.000000 5.974858e-17
9340.000000 4.511729e-17
9342.000000 4.115996e-17
9344.000000 6.348503e-17
9346.000000 9.950569e-17
9348.000000 1.109504e-16
9350.000000 1.046393e-16
9352.000000 1.044799e-16
9354.000000 1.027449e-16
9356.000000 1.012774e-16
9358.000000 9.973321e-17
9360.000000 9.890732e-17
9362.000000 1.016839e-16
9364.000000 1.084210e-16
9366.000000 1.125268e-16
9368.000000 1.152751e-16
9370.000000 1.188907e-16
9372.000000 1.266269e-16
9374.000000 1.317350e-16
9376.000000 1.242345e-16
9378.000000 1.055156e-16
9380.000000 9.604205e-17
9382.000000 8.899800e-17
9384.000000 8.500895e-17
9386.000000 8.244902e-17
9388.000000 8.488274e-17
9390.000000 9.720335e-17
9392.000000 1.177911e-16
9394.000000 1.277881e-16
9396.000000 1.337208e-16
9398.000000 1.352511e-16
9400.000000 1.285852e-16
9402.000000 1.236030e-16
9404.000000 1.268598e-16
9406.000000 1.333282e-16
9408.000000 1.292013e-16
9410.000000 1.099549e-16
9412.000000 1.077973e-16
9414.000000 1.197493e-16
9416.000000 1.279988e-16
9418.000000 1.267216e-16
9420.000000 1.229749e-16
9422.000000 1.267329e-16
9424.000000 1.367805e-16
9426.000000 1.413694e-16
9428.000000 1.390096e-16
9430.000000 1.446526e-16
9432.000000 1.670947e-16
9434.000000 1.875745e-16
9436.000000 1.803921e-16
9438.000000 1.505159e-16
9440.000000 1.398273e-16
9442.000000 1.381657e-16
9444.000000 1.351789e-16
9446.000000 1.317726e-16
9448.000000 1.291227e-16
9450.000000 1.289105e-16
9452.000000 1.308482e-16
9454.000000 1.230386e-16
9456.000000 9.424382e-17
9458.000000 9.389689e-17
9460.000000 1.265535e-16
9462.000000 1.527946e-16
9464.000000 1.506575e-16
9466.000000 1.357824e-16
9468.000000 1.413324e-16
9470.000000 1.652696e-16
9472.000000 1.740051e-16
9474.000000 1.800442e-16
9476.000000 1.759340e-16
9478.000000 1.558408e-16
9480.000000 1.280802e-16
9482.000000 1.095783e-16
9484.000000 8.951715e-17
9486.000000 8.634231e-17
9488.000000 1.029323e-16
9490.000000 1.142973e-16
9492.000000 1.225763e-16
9494.000000 1.251122e-16
9496.000000 1.114702e-16
9498.000000 7.978996e-17
9500.000000 7.301744e-17
9502.000000 8.524804e-17
9504.000000 9.203314e-17
9506.000000 9.492189e-17
9508.000000 9.788913e-17
9510.000000 1.039906e-16
9512.000000 1.122956e-16
9514.000000 1.111867e-16
9516.000000 9.963440e-17
9518.000000 9.370272e-17
9520.000000 8.965617e-17
9522.000000 8.806083e-17
9524.000000 8.939517e-17
9526.000000 9.337432e-17
9528.000000 1.000292e-16
9530.000000 1.135378e-16
9532.000000 1.197641e-16
9534.000000 1.226088e-16
9536.000000 1.226032e-16
9538.000000 1.175422e-16
9540.000000 1.109963e-16
9542.000000 1.123524e-16
9544.000000 1.184224e-16
9546.000000 1.272519e-16
9548.000000 1.458939e-16
9550.000000 1.555237e-16
9552.000000 1.538132e-16
9554.000000 1.464935e-16
9556.000000 1.382323e-16
9558.000000 1.265884e-16
9560.000000 1.145767e-16
9562.000000 9.243102e-17
9564.000000 8.721374e-17
9566.000000 1.045050e-16
9568.000000 1.233563e-16
9570.000000 1.281615e-16
9572.000000 1.263471e-16
9574.000000 1.209042e-16
9576.000000 1.044565e-16
9578.000000 9.752979e-17
9580.000000 9.924753e-17
9582.000000 1.005729e-16
9584.000000 9.688228e-17
9586.000000 9.127139e-17
9588.000000 8.909554e-17
9590.000000 9.124237e-17
9592.000000 8.822525e-17
9594.000000 7.824972e-17
9596.000000 7.369523e-17
9598.000000 7.915206e-17
9600.000000 8.919013e-17
9602.000000 9.580557e-17
9604.000000 1.044609e-16
9606.000000 1.050500e-16
9608.000000 9.658136e-17
9610.000000 9.097204e-17
9612.000000 8.924674e-17
9614.000000 8.876164e-17
9616.000000 8.776731e-17
9618.000000 8.690744e-17
9620.000000 8.683527e-17
9622.000000 8.876427e-17
9624.000000 8.832147e-17
9626.000000 8.427608e-17
9628.000000 8.072679e-17
9630.000000 8.109454e-17
9632.000000 8.389485e-17
9634.000000 8.601552e-17
9636.000000 8.905579e-17
9638.000000 9.125594e-17
9640.000000 9.412009e-17
9642.000000 9.479839e-17
9644.000000 9.092841e-17
9646.000000 8.428735e-17
9648.000000 8.116519e-17
9650.000000 7.606776e-17
9652.000000 7.988466e-17
9654.000000 9.682771e-17
9656.000000 1.068951e-16
9658.000000 1.037082e-16
9660.000000 9.423405e-17
9662.000000 8.677693e-17
9664.000000 7.421468e-17
9666.000000 7.312742e-17
9668.000000 8.506526e-17
9670.000000 9.075074e-17
9672.000000 8.644012e-17
9674.000000 8.037620e-17
9676.000000 8.142680e-17
9678.000000 8.684827e-17
9680.000000 9.011078e-17
9682.000000 9.323191e-17
9684.000000 9.645030e-17
9686.000000 1.024552e-16
9688.000000 1.050523e-16
9690.000000 9.767114e-17
9692.000000 8.268737e-17
9694.000000 7.376567e-17
9696.000000 6.468517e-17
9698.000000 6.060880e-17
9700.000000 6.054582e-17
9702.000000 6.423600e-17
9704.000000 7.377087e-17
9706.000000 8.717604e-17
9708.000000 9.136641e-17
9710.000000 8.864339e-17
9712.000000 8.704042e-17
9714.000000 8.420280e-17
9716.000000 8.033176e-17
9718.000000 7.488850e-17
9720.000000 6.874246e-17
9722.000000 6.435584e-17
9724.000000 6.065574e-17
9726.000000 5.816462e-17
9728.000000 5.804710e-17
9730.000000 5.645847e-17
9732.000000 5.129058e-17
9734.000000 4.682373e-17
9736.000000 4.891606e-17
9738.000000 5.587396e-17
9740.000000 6.274845e-17
9742.000000 7.705470e-17
9744.000000 8.062963e-17
9746.000000 6.990894e-17
9748.000000 5.806034e-17
9750.000000 5.629696e-17
9752.000000 5.998109e-17
9754.000000 5.698955e-17
9756.000000 4.638522e-17
9758.000000 4.431839e-17
9760.000000 5.047229e-17
9762.000000 5.712938e-17
9764.000000 6.094286e-17
9766.000000 6.385329e-17
9768.000000 6.572462e-17
9770.000000 6.450652e-17
9772.000000 6.724714e-17
9774.000000 7.310041e-17
9776.000000 7.896173e-17
9778.000000 8.495819e-17
9780.000000 9.041348e-17
9782.000000 9.176334e-17
9784.000000 8.935858e-17
9786.000000 8.743595e-17
9788.000000 8.589230e-17
9790.000000 8.127464e-17
9792.000000 6.869760e-17
9794.000000 5.779873e-17
9796.000000 6.495254e-17
9798.000000 9.059328e-17
9800.000000 8.896630e-17
9802.000000 6.059200e-17
9804.000000 4.866220e-17
9806.000000 5.452813e-17
9808.000000 6.337260e-17
9810.000000 6.492285e-17
9812.000000 6.382262e-17
9814.000000 6.410798e-17
9816.000000 6.434141e-17
9818.000000 6.477442e-17
9820.000000 6.520666e-17
9822.000000 6.600995e-17
9824.000000 6.729271e-17
9826.000000 6.901613e-17
9828.000000 7.165533e-17
9830.000000 7.890142e-17
9832.000000 7.780650e-17
9834.000000 7.077727e-17
9836.000000 6.112374e-17
9838.000000 4.511735e-17
9840.000000 2.893099e-17
9842.000000 3.266771e-17
9844.000000 5.886957e-17
9846.000000 6.529006e-17
9848.000000 6.029196e-17
9850.000000 5.698282e-17
9852.000000 5.630364e-17
9854.000000 5.610081e-17
9856.000000 5.544010e-17
9858.000000 5.417446e-17
9860.000000 5.561781e-17
9862.000000 6.217422e-17
9864.000000 6.326666e-17
9866.000000 5.572659e-17
9868.000000 4.949993e-17
9870.000000 5.399841e-17
9872.000000 6.572007e-17
9874.000000 7.016063e-17
9876.000000 7.476014e-17
9878.000000 7.130350e-17
9880.000000 5.357061e-17
9882.000000 4.134002e-17
9884.000000 4.741360e-17
9886.000000 6.347878e-17
9888.000000 6.879268e-17
9890.000000 7.016610e-17
9892.000000 6.955474e-17
9894.000000 6.323284e-17
9896.000000 5.981937e-17
9898.000000 6.178734e-17
9900.000000 6.684379e-17
9902.000000 7.356660e-17
9904.000000 8.683954e-17
9906.000000 8.892966e-17
9908.000000 8.077836e-17
9910.000000 7.527735e-17
9912.000000 7.348021e-17
9914.000000 7.311547e-17
9916.000000 7.391860e-17
9918.000000 7.798415e-17
9920.000000 7.330393e-17
9922.000000 5.854244e-17
9924.000000 4.945870e-17
9926.000000 4.459989e-17
9928.000000 4.316533e-17
9930.000000 4.652369e-17
9932.000000 5.470718e-17
9934.000000 5.798420e-17
9936.000000 5.763175e-17
9938.000000 6.001832e-17
9940.000000 6.472381e-17
9942.000000 6.957544e-17
9944.000000 7.155961e-17
9946.000000 7.296571e-17
9948.000000 8.705927e-17
9950.000000 1.258825e-16
9952.000000 1.333588e-16
9954.000000 1.176211e-16
9956.000000 9.854659e-17
9958.000000 7.435679e-17
9960.000000 5.095769e-17
9962.000000 5.833917e-17
9964.000000 1.027590e-16
9966.000000 1.124962e-16
9968.000000 1.073037e-16
9970.000000 9.317927e-17
9972.000000 6.174481e-17
9974.000000 2.900569e-17
9976.000000 2.251319e-17
9978.000000 3.483249e-17
9980.000000 4.176816e-17
9982.000000 5.918203e-17
9984.000000 6.224970e-17
9986.000000 4.534339e-17
9988.000000 2.728048e-17
9990.000000 2.348568e-17
9992.000000 2.692029e-17
9994.000000 3.448195e-17
9996.000000 5.177927e-17
9998.000000 6.420942e-17
