4002.000000 1.249773e-15
4004.000000 1.112991e-15
4006.000000 8.714839e-16
4008.000000 1.058754e-15
4010.000000 1.240404e-15
4012.000000 7.751615e-16
4014.000000 9.910716e-16
4016.000000 1.086504e-15
4018.000000 1.360464e-15
4020.000000 8.011845e-16
4022.000000 4.747398e-16
4024.000000 8.456229e-16
4026.000000 1.163967e-15
4028.000000 9.350881e-16
4030.000000 1.015198e-15
4032.000000 1.197437e-15
4034.000000 1.126476e-15
4036.000000 1.079796e-15
4038.000000 1.243081e-15
4040.000000 1.254923e-15
4042.000000 7.408319e-16
4044.000000 1.303207e-15
4046.000000 1.240206e-15
4048.000000 1.735790e-15
4050.000000 1.791679e-15
4052.000000 1.437399e-15
4054.000000 1.404344e-15
4056.000000 9.915791e-16
4058.000000 8.195252e-16
4060.000000 1.058867e-15
4062.000000 1.299594e-15
4064.000000 1.119084e-15
4066.000000 8.233296e-16
4068.000000 8.252414e-16
4070.000000 9.528882e-16
4072.000000 1.100955e-15
4074.000000 1.272905e-15
4076.000000 8.176638e-16
4078.000000 1.325864e-15
4080.000000 1.095180e-15
4082.000000 8.807986e-16
4084.000000 9.104907e-16
4086.000000 1.179071e-15
4088.000000 8.664905e-16
4090.000000 1.369463e-15
4092.000000 9.960600e-16
4094.000000 1.203593e-15
4096.000000 1.389840e-15
4098.000000 1.168483e-15
4100.000000 1.231302e-15
4102.000000 9.441211e-16
4104.000000 1.052098e-15
4106.000000 9.479075e-16
4108.000000 7.507794e-16
4110.000000 1.321831e-15
4112.000000 1.044111e-15
4114.000000 1.332954e-15
4116.000000 1.157503e-15
4118.000000 1.040787e-15
4120.000000 1.086547e-15
4122.000000 1.111763e-15
4124.000000 8.168119e-16
4126.000000 1.195177e-15
4128.000000 8.130080e-16
4130.000000 1.071941e-15
4132.000000 1.657317e-15
4134.000000 1.046836e-15
4136.000000 1.259824e-15
4138.000000 1.022379e-15
4140.000000 1.504157e-15
4142.000000 1.291149e-15
4144.000000 1.171238e-15
4146.000000 1.178596e-15
4148.000000 1.141461e-15
4150.000000 1.050092e-15
4152.000000 1.381466e-15
4154.000000 1.063810e-15
4156.000000 5.801243e-16
4158.000000 1.218646e-15
4160.000000 1.335770e-15
4162.000000 8.670615e-16
4164.000000 1.181633e-15
4166.000000 5.263935e-16
4168.000000 1.397047e-15
4170.000000 1.553365e-15
4172.000000 8.344296e-16
4174.000000 1.213817e-15
4176.000000 9.310731e-16
4178.000000 1.188376e-15
4180.000000 1.081743e-15
4182.000000 1.275096e-15
4184.000000 1.219514e-15
4186.000000 1.116350e-15
4188.000000 8.870042e-16
4190.000000 1.036538e-15
4192.000000 1.369311e-15
4194.000000 9.968799e-16
4196.000000 1.046496e-15
4198.000000 8.614366e-16
4200.000000 9.918863e-16
4202.000000 1.114852e-15
4204.000000 7.986712e-16
4206.000000 1.177068e-15
4208.000000 1.054940e-15
4210.000000 9.416803e-16
4212.000000 1.169371e-15
4214.000000 8.170097e-16
4216.000000 1.089163e-15
4218.000000 9.888077e-16
4220.000000 9.488900e-16
4222.000000 1.175441e-15
4224.000000 1.050933e-15
4226.000000 8.859231e-16
4228.000000 1.478710e-15
4230.000000 1.035272e-15
4232.000000 8.233120e-16
4234.000000 8.720620e-16
4236.000000 9.978093e-16
4238.000000 1.044944e-15
4240.000000 1.010023e-15
4242.000000 9.087806e-16
4244.000000 7.546978e-16
4246.000000 8.154238e-16
4248.000000 5.950741e-16
4250.000000 8.375723e-16
4252.000000 9.232750e-16
4254.000000 1.166098e-15
4256.000000 7.216569e-16
4258.000000 9.206284e-16
4260.000000 8.832920e-16
4262.000000 1.022596e-15
4264.000000 1.129208e-15
4266.000000 1.048412e-15
4268.000000 9.259030e-16
4270.000000 1.229279e-15
4272.000000 1.074278e-15
4274.000000 1.499495e-15
4276.000000 1.265527e-15
4278.000000 1.373688e-15
4280.000000 9.119191e-16
4282.000000 8.079000e-16
4284.000000 1.099857e-15
4286.000000 1.099452e-15
4288.000000 8.545357e-16
4290.000000 1.372513e-15
4292.000000 8.330900e-16
4294.000000 1.039466e-15
4296.000000 1.109340e-15
4298.000000 1.174149e-15
4300.000000 1.101890e-15
4302.000000 1.181465e-15
4304.000000 1.145552e-15
4306.000000 9.171043e-16
4308.000000 1.301767e-15
4310.000000 7.545833e-16
4312.000000 1.255136e-15
4314.000000 7.568989e-16
4316.000000 6.917764e-16
4318.000000 7.483013e-16
4320.000000 1.192944e-15
4322.000000 8.126978e-16
4324.000000 7.415798e-16
4326.000000 6.971706e-16
4328.000000 1.122499e-15
4330.000000 7.442640e-16
4332.000000 4.953390e-16
4334.000000 9.309238e-16
4336.000000 1.120098e-15
4338.000000 8.957607e-16
4340.000000 8.121565e-16
4342.000000 1.154404e-15
4344.000000 1.167201e-15
4346.000000 8.972576e-16
4348.000000 9.433631e-16
4350.000000 1.284466e-15
4352.000000 9.438065e-16
4354.000000 3.726410e-16
4356.000000 7.832012e-16
4358.000000 2.608411e-15
4360.000000 1.354328e-15
4362.000000 1.028496e-15
4364.000000 1.284110e-15
4366.000000 7.300907e-16
4368.000000 1.274566e-15
4370.000000 1.003368e-15
4372.000000 7.787162e-16
4374.000000 6.538021e-16
4376.000000 9.250257e-16
4378.000000 1.256267e-15
4380.000000 1.187404e-15
4382.000000 1.135926e-15
4384.000000 1.077908e-15
4386.000000 1.260844e-15
4388.000000 1.265403e-15
4390.000000 1.302320e-15
4392.000000 1.084615e-15
4394.000000 8.494523e-16
4396.000000 1.161435e-15
4398.000000 9.216406e-16
4400.000000 1.087779e-15
4402.000000 1.031590e-15
4404.000000 9.994319e-16
4406.000000 7.777787e-16
4408.000000 6.275041e-16
4410.000000 1.092189e-15
4412.000000 1.716417e-15
4414.000000 1.235157e-15
4416.000000 7.334710e-16
4418.000000 1.038232e-15
4420.000000 8.558556e-16
4422.000000 9.354468e-16
4424.000000 1.108784e-15
4426.000000 1.280316e-15
4428.000000 8.938669e-16
4430.000000 8.790067e-16
4432.000000 5.047102e-16
4434.000000 1.017152e-15
4436.000000 8.260919e-16
4438.000000 7.607336e-16
4440.000000 1.119057e-15
4442.000000 9.403345e-16
4444.000000 1.291349e-15
4446.000000 1.070304e-15
4448.000000 9.342078e-16
4450.000000 1.126453e-15
4452.000000 9.846567e-16
4454.000000 8.730025e-16
4456.000000 1.017582e-15
4458.000000 1.693513e-15
4460.000000 1.146709e-15
4462.000000 1.528024e-15
4464.000000 1.029469e-15
4466.000000 1.237992e-15
4468.000000 1.097966e-15
4470.000000 7.349022e-16
4472.000000 4.733132e-16
4474.000000 1.026321e-15
4476.000000 4.586210e-16
4478.000000 8.637565e-16
4480.000000 9.494698e-16
4482.000000 9.101048e-16
4484.000000 1.156931e-15
4486.000000 5.305593e-16
4488.000000 8.161484e-16
4490.000000 8.567360e-16
4492.000000 1.025685e-15
4494.000000 7.087957e-16
4496.000000 7.217546e-16
4498.000000 1.353855e-15
4500.000000 1.042842e-15
4502.000000 5.382931e-16
4504.000000 9.406811e-16
4506.000000 1.026293e-15
4508.000000 8.460114e-16
4510.000000 8.813251e-16
4512.000000 9.410747e-16
4514.000000 1.023754e-15
4516.000000 1.251075e-15
4518.000000 8.606238e-16
4520.000000 1.056499e-15
4522.000000 8.547548e-16
4524.000000 9.382467e-16
4526.000000 8.181533e-16
4528.000000 9.252387e-16
4530.000000 9.671326e-16
4532.000000 7.063096e-16
4534.000000 1.060744e-15
4536.000000 9.895405e-16
4538.000000 6.626535e-16
4540.000000 1.117750e-15
4542.000000 7.108716e-16
4544.000000 9.341569e-16
4546.000000 1.073028e-15
4548.000000 1.161332e-15
4550.000000 9.744446e-16
4552.000000 7.236124e-16
4554.000000 1.103689e-15
4556.000000 7.696586e-16
4558.000000 7.103646e-16
4560.000000 6.253905e-16
4562.000000 5.938271e-16
4564.000000 9.493212e-16
4566.000000 8.679055e-16
4568.000000 8.041333e-16
4570.000000 6.645030e-16
4572.000000 9.589036e-16
4574.000000 9.361385e-16
4576.000000 9.172741e-16
4578.000000 1.190101e-15
4580.000000 1.011362e-15
4582.000000 9.036572e-16
4584.000000 9.603482e-16
4586.000000 1.054181e-15
4588.000000 9.193163e-16
4590.000000 9.136845e-16
4592.000000 8.529178e-16
4594.000000 9.299209e-16
4596.000000 7.313943e-16
4598.000000 8.360076e-16
4600.000000 6.767275e-16
4602.000000 8.127902e-16
4604.000000 1.045137e-15
4606.000000 1.087357e-15
4608.000000 9.262790e-16
4610.000000 9.158785e-16
4612.000000 1.339080e-15
4614.000000 1.220928e-15
4616.000000 1.111155e-15
4618.000000 1.145096e-15
4620.000000 9.765768e-16
4622.000000 1.188710e-15
4624.000000 1.218113e-15
4626.000000 1.245269e-15
4628.000000 9.575582e-16
4630.000000 1.082995e-15
4632.000000 9.612429e-16
4634.000000 1.263077e-15
4636.000000 1.253514e-15
4638.000000 1.338975e-15
4640.000000 1.138057e-15
4642.000000 1.100165e-15
4644.000000 1.139252e-15
4646.000000 1.238675e-15
4648.000000 1.336981e-15
4650.000000 1.270706e-15
4652.000000 1.294647e-15
4654.000000 1.130216e-15
4656.000000 1.092122e-15
4658.000000 1.116181e-15
4660.000000 1.031353e-15
4662.000000 1.319773e-15
4664.000000 1.344679e-15
4666.000000 1.311777e-15
4668.000000 1.491547e-15
4670.000000 1.086024e-15
4672.000000 1.392060e-15
4674.000000 1.501637e-15
4676.000000 1.021174e-15
4678.000000 1.109631e-15
4680.000000 1.332330e-15
4682.000000 1.217241e-15
4684.000000 1.154177e-15
4686.000000 1.067859e-15
4688.000000 1.406887e-15
4690.000000 1.322649e-15
4692.000000 1.023937e-15
4694.000000 1.189597e-15
4696.000000 1.474357e-15
4698.000000 1.171071e-15
4700.000000 1.156010e-15
4702.000000 1.052420e-15
4704.000000 1.191316e-15
4706.000000 1.211372e-15
4708.000000 1.383436e-15
4710.000000 1.243215e-15
4712.000000 1.046061e-15
4714.000000 9.466885e-16
4716.000000 9.853249e-16
4718.000000 1.211876e-15
4720.000000 1.515430e-15
4722.000000 1.170033e-15
4724.000000 1.371124e-15
4726.000000 1.353133e-15
4728.000000 9.889250e-16
4730.000000 1.239549e-15
4732.000000 1.114749e-15
4734.000000 1.183499e-15
4736.000000 1.181750e-15
4738.000000 1.330569e-15
4740.000000 1.225303e-15
4742.000000 1.424671e-15
4744.000000 1.212754e-15
4746.000000 1.142177e-15
4748.000000 1.229989e-15
4750.000000 1.097459e-15
4752.000000 1.183606e-15
4754.000000 1.111611e-15
4756.000000 1.060319e-15
4758.000000 1.065064e-15
4760.000000 1.164676e-15
4762.000000 1.268757e-15
4764.000000 1.181540e-15
4766.000000 1.469884e-15
4768.000000 1.428353e-15
4770.000000 1.240914e-15
4772.000000 1.273691e-15
4774.000000 1.255971e-15
4776.000000 9.199937e-16
4778.000000 1.038998e-15
4780.000000 1.056996e-15
4782.000000 1.254136e-15
4784.000000 1.162731e-15
4786.000000 1.165466e-15
4788.000000 1.213499e-15
4790.000000 1.151567e-15
4792.000000 1.386827e-15
4794.000000 1.080673e-15
4796.000000 1.080389e-15
4798.000000 1.156972e-15
4800.000000 1.206844e-15
4802.000000 1.150997e-15
4804.000000 1.045931e-15
4806.000000 9.939994e-16
4808.000000 1.205000e-15
4810.000000 1.269428e-15
4812.000000 1.167779e-15
4814.000000 1.051093e-15
4816.000000 1.198769e-15
4818.000000 1.137117e-15
4820.000000 1.126164e-15
4822.000000 8.712390e-16
4824.000000 1.114987e-15
4826.000000 1.184735e-15
4828.000000 1.264413e-15
4830.000000 1.074064e-15
4832.000000 1.060733e-15
4834.000000 1.208782e-15
4836.000000 8.935307e-16
4838.000000 1.187712e-15
4840.000000 1.279001e-15
4842.000000 1.096544e-15
4844.000000 1.141645e-15
4846.000000 1.038067e-15
4848.000000 1.022385e-15
4850.000000 8.500548e-16
4852.000000 1.030517e-15
4854.000000 1.099459e-15
4856.000000 9.840529e-16
4858.000000 8.925082e-16
4860.000000 1.298698e-15
4862.000000 1.037669e-15
4864.000000 1.081336e-15
4866.000000 1.261360e-15
4868.000000 9.409352e-16
4870.000000 1.073562e-15
4872.000000 1.229953e-15
4874.000000 1.103194e-15
4876.000000 1.064558e-15
4878.000000 1.083986e-15
4880.000000 1.268047e-15
4882.000000 1.119951e-15
4884.000000 1.090316e-15
4886.000000 1.067390e-15
4888.000000 9.206000e-16
4890.000000 1.244525e-15
4892.000000 8.079036e-16
4894.000000 1.198781e-15
4896.000000 1.008966e-15
4898.000000 9.171578e-16
4900.000000 8.483712e-16
4902.000000 1.252387e-15
4904.000000 9.191617e-16
4906.000000 1.052529e-15
4908.000000 9.119401e-16
4910.000000 1.048836e-15
4912.000000 1.090796e-15
4914.000000 8.195022e-16
4916.000000 9.311181e-16
4918.000000 1.033482e-15
4920.000000 1.341982e-15
4922.000000 9.745169e-16
4924.000000 9.054781e-16
4926.000000 9.567354e-16
4928.000000 8.659773e-16
4930.000000 7.939529e-16
4932.000000 9.025528e-16
4934.000000 8.084626e-16
4936.000000 9.544303e-16
4938.000000 1.161669e-15
4940.000000 1.916007e-15
4942.000000 2.193161e-15
4944.000000 1.555602e-15
4946.000000 1.049576e-15
4948.000000 1.055465e-15
4950.000000 8.584287e-16
4952.000000 8.048096e-16
4954.000000 1.069166e-15
4956.000000 8.539313e-16
4958.000000 7.782501e-16
4960.000000 7.401694e-16
4962.000000 7.464987e-16
4964.000000 7.796285e-16
4966.000000 8.162046e-16
4968.000000 8.599797e-16
4970.000000 6.910318e-16
4972.000000 8.384578e-16
4974.000000 5.679573e-16
4976.000000 6.709924e-16
4978.000000 1.029088e-15
4980.000000 9.020634e-16
4982.000000 1.061203e-15
4984.000000 8.604112e-16
4986.000000 7.339914e-16
4988.000000 5.166501e-16
4990.000000 5.662942e-16
4992.000000 5.589772e-16
4994.000000 5.548483e-16
4996.000000 9.271057e-16
4998.000000 5.855414e-16
5000.000000 7.404144e-16
5002.000000 5.187926e-16
5004.000000 5.359663e-16
5006.000000 7.467518e-16
5008.000000 5.897795e-16
5010.000000 5.725113e-16
5012.000000 7.305855e-16
5014.000000 6.508645e-16
5016.000000 6.308388e-16
5018.000000 5.879649e-16
5020.000000 8.434716e-16
5022.000000 9.072177e-16
5024.000000 5.572293e-16
5026.000000 7.072430e-16
5028.000000 7.266138e-16
5030.000000 7.479624e-16
5032.000000 8.837301e-16
5034.000000 6.494047e-16
5036.000000 7.029458e-16
5038.000000 1.007435e-15
5040.000000 1.310251e-15
5042.000000 1.125400e-15
5044.000000 1.039933e-15
5046.000000 8.381965e-16
5048.000000 9.928984e-16
5050.000000 1.046345e-15
5052.000000 1.134208e-15
5054.000000 1.125497e-15
5056.000000 1.046765e-15
5058.000000 1.343049e-15
5060.000000 1.277157e-15
5062.000000 1.010334e-15
5064.000000 1.144600e-15
5066.000000 1.189484e-15
5068.000000 1.463870e-15
5070.000000 1.229855e-15
5072.000000 1.298376e-15
5074.000000 1.183086e-15
5076.000000 1.255239e-15
5078.000000 1.193218e-15
5080.000000 1.569440e-15
5082.000000 1.486699e-15
5084.000000 1.583122e-15
5086.000000 2.054337e-15
5088.000000 2.206724e-15
5090.000000 2.425246e-15
5092.000000 2.149894e-15
5094.000000 1.591886e-15
5096.000000 1.487994e-15
5098.000000 1.276395e-15
5100.000000 1.495119e-15
5102.000000 1.455139e-15
5104.000000 1.428569e-15
5106.000000 1.548734e-15
5108.000000 1.405099e-15
5110.000000 1.438239e-15
5112.000000 1.688076e-15
5114.000000 1.513160e-15
5116.000000 1.400119e-15
5118.000000 1.641984e-15
5120.000000 1.347342e-15
5122.000000 1.519489e-15
5124.000000 1.489860e-15
5126.000000 1.546552e-15
5128.000000 1.133644e-15
5130.000000 1.299444e-15
5132.000000 1.505892e-15
5134.000000 1.098195e-15
5136.000000 1.515469e-15
5138.000000 1.333381e-15
5140.000000 1.332481e-15
5142.000000 1.243415e-15
5144.000000 1.408815e-15
5146.000000 1.215317e-15
5148.000000 1.047598e-15
5150.000000 1.109049e-15
5152.000000 1.110538e-15
5154.000000 1.080509e-15
5156.000000 1.125279e-15
5158.000000 9.773195e-16
5160.000000 1.031008e-15
5162.000000 9.459529e-16
5164.000000 9.725599e-16
5166.000000 1.274780e-15
5168.000000 9.193737e-16
5170.000000 9.074066e-16
5172.000000 8.041943e-16
5174.000000 1.020148e-15
5176.000000 8.349429e-16
5178.000000 9.728317e-16
5180.000000 7.655877e-16
5182.000000 1.019893e-15
5184.000000 1.008366e-15
5186.000000 8.148567e-16
5188.000000 7.844128e-16
5190.000000 9.885511e-16
5192.000000 1.073689e-15
5194.000000 1.065051e-15
5196.000000 1.081476e-15
5198.000000 8.971131e-16
5200.000000 1.025264e-15
5202.000000 7.143891e-16
5204.000000 8.404633e-16
5206.000000 1.059135e-15
5208.000000 8.100281e-16
5210.000000 9.691325e-16
5212.000000 8.818380e-16
5214.000000 1.009639e-15
5216.000000 1.061124e-15
5218.000000 1.066209e-15
5220.000000 1.177087e-15
5222.000000 1.208808e-15
5224.000000 1.388000e-15
5226.000000 1.237824e-15
5228.000000 9.575568e-16
5230.000000 9.165450e-16
5232.000000 1.176624e-15
5234.000000 1.477315e-15
5236.000000 1.137097e-15
5238.000000 1.056792e-15
5240.000000 1.196558e-15
5242.000000 1.264326e-15
5244.000000 1.196337e-15
5246.000000 1.280645e-15
5248.000000 1.346822e-15
5250.000000 1.139836e-15
5252.000000 1.105298e-15
5254.000000 1.395937e-15
5256.000000 1.156229e-15
5258.000000 1.273711e-15
5260.000000 1.143953e-15
5262.000000 1.310318e-15
5264.000000 1.229320e-15
5266.000000 1.333943e-15
5268.000000 1.203029e-15
5270.000000 1.362164e-15
5272.000000 1.332265e-15
5274.000000 1.439125e-15
5276.000000 1.479843e-15
5278.000000 1.397284e-15
5280.000000 1.196118e-15
5282.000000 1.058628e-15
5284.000000 1.129609e-15
5286.000000 1.232712e-15
5288.000000 1.310866e-15
5290.000000 1.392687e-15
5292.000000 1.186826e-15
5294.000000 1.331749e-15
5296.000000 1.377899e-15
5298.000000 1.191981e-15
5300.000000 1.302909e-15
5302.000000 1.150382e-15
5304.000000 1.319229e-15
5306.000000 1.018694e-15
5308.000000 1.238368e-15
5310.000000 1.173315e-15
5312.000000 1.280166e-15
5314.000000 1.258097e-15
5316.000000 1.307065e-15
5318.000000 1.223900e-15
5320.000000 1.155228e-15
5322.000000 1.118655e-15
5324.000000 1.189934e-15
5326.000000 1.402323e-15
5328.000000 1.312204e-15
5330.000000 1.047555e-15
5332.000000 1.316983e-15
5334.000000 1.216924e-15
5336.000000 9.499704e-16
5338.000000 1.240506e-15
5340.000000 1.067540e-15
5342.000000 1.195086e-15
5344.000000 1.573385e-15
5346.000000 1.227527e-15
5348.000000 1.195881e-15
5350.000000 1.281921e-15
5352.000000 1.222661e-15
5354.000000 1.020522e-15
5356.000000 1.229139e-15
5358.000000 1.235752e-15
5360.000000 1.029919e-15
5362.000000 1.241475e-15
5364.000000 1.026423e-15
5366.000000 1.103932e-15
5368.000000 1.302979e-15
5370.000000 1.172624e-15
5372.000000 1.095191e-15
5374.000000 1.283220e-15
5376.000000 1.448087e-15
5378.000000 1.325369e-15
5380.000000 1.316039e-15
5382.000000 1.529658e-15
5384.000000 1.269985e-15
5386.000000 1.129591e-15
5388.000000 1.259843e-15
5390.000000 1.388067e-15
5392.000000 1.280375e-15
5394.000000 1.494461e-15
5396.000000 1.190522e-15
5398.000000 1.251046e-15
5400.000000 1.432002e-15
5402.000000 1.471372e-15
5404.000000 1.403291e-15
5406.000000 1.247953e-15
5408.000000 1.382068e-15
5410.000000 1.181053e-15
5412.000000 1.198156e-15
5414.000000 1.591817e-15
5416.000000 1.121812e-15
5418.000000 1.403495e-15
5420.000000 1.597326e-15
5422.000000 6.612763e-16
5424.000000 1.169115e-15
5426.000000 8.609896e-16
5428.000000 1.534952e-15
5430.000000 1.411015e-15
5432.000000 1.098213e-15
5434.000000 1.139088e-15
5436.000000 1.674656e-15
5438.000000 1.295207e-15
5440.000000 1.789813e-15
5442.000000 1.118390e-15
5444.000000 8.316771e-16
5446.000000 1.339336e-15
5448.000000 1.382866e-15
5450.000000 1.393922e-15
5452.000000 1.393744e-15
5454.000000 1.478098e-15
5456.000000 1.568397e-15
5458.000000 1.411209e-15
5460.000000 1.018830e-15
5462.000000 9.525762e-16
5464.000000 1.086253e-15
5466.000000 1.179066e-15
5468.000000 1.324987e-15
5470.000000 1.457712e-15
5472.000000 1.384521e-15
5474.000000 1.202223e-15
5476.000000 1.116934e-15
5478.000000 9.860493e-16
5480.000000 1.006179e-15
5482.000000 1.278853e-15
5484.000000 1.452089e-15
5486.000000 1.393553e-15
5488.000000 1.246520e-15
5490.000000 1.203722e-15
5492.000000 1.192069e-15
5494.000000 1.200578e-15
5496.000000 1.257215e-15
5498.000000 1.287944e-15
5500.000000 1.272099e-15
5502.000000 1.267431e-15
5504.000000 1.317239e-15
5506.000000 1.438430e-15
5508.000000 1.491962e-15
5510.000000 1.536544e-15
5512.000000 1.488249e-15
5514.000000 1.340754e-15
5516.000000 1.222590e-15
5518.000000 1.191846e-15
5520.000000 1.206172e-15
5522.000000 1.201811e-15
5524.000000 1.206036e-15
5526.000000 1.185466e-15
5528.000000 1.149003e-15
5530.000000 1.106664e-15
5532.000000 1.032196e-15
5534.000000 1.018601e-15
5536.000000 1.115858e-15
5538.000000 1.315145e-15
5540.000000 1.370892e-15
5542.000000 1.340577e-15
5544.000000 1.301819e-15
5546.000000 1.234900e-15
5548.000000 1.176663e-15
5550.000000 1.149805e-15
5552.000000 1.145490e-15
5554.000000 1.173256e-15
5556.000000 1.264440e-15
5558.000000 1.292969e-15
5560.000000 1.303714e-15
5562.000000 1.307549e-15
5564.000000 1.266357e-15
5566.000000 1.196462e-15
5568.000000 1.148191e-15
5570.000000 1.078452e-15
5572.000000 1.084503e-15
5574.000000 1.133721e-15
5576.000000 1.175323e-15
5578.000000 1.329221e-15
5580.000000 1.556481e-15
5582.000000 1.556274e-15
5584.000000 1.339701e-15
5586.000000 1.271599e-15
5588.000000 1.321549e-15
5590.000000 1.386144e-15
5592.000000 1.348212e-15
5594.000000 1.238600e-15
5596.000000 1.235991e-15
5598.000000 1.301117e-15
5600.000000 1.363583e-15
5602.000000 1.466717e-15
5604.000000 1.512068e-15
5606.000000 1.481835e-15
5608.000000 1.445800e-15
5610.000000 1.452054e-15
5612.000000 1.472560e-15
5614.000000 1.461681e-15
5616.000000 1.425917e-15
5618.000000 1.400505e-15
5620.000000 1.378885e-15
5622.000000 1.387875e-15
5624.000000 1.425624e-15
5626.000000 1.496848e-15
5628.000000 1.527914e-15
5630.000000 1.526883e-15
5632.000000 1.530575e-15
5634.000000 1.558094e-15
5636.000000 1.588147e-15
5638.000000 1.613971e-15
5640.000000 1.664554e-15
5642.000000 1.666614e-15
5644.000000 1.621562e-15
5646.000000 1.594042e-15
5648.000000 1.583039e-15
5650.000000 1.564974e-15
5652.000000 1.563835e-15
5654.000000 1.598978e-15
5656.000000 1.607200e-15
5658.000000 1.597713e-15
5660.000000 1.601061e-15
5662.000000 1.615128e-15
5664.000000 1.630535e-15
5666.000000 1.672756e-15
5668.000000 1.711682e-15
5670.000000 1.694796e-15
5672.000000 1.638879e-15
5674.000000 1.599937e-15
5676.000000 1.538203e-15
5678.000000 1.520124e-15
5680.000000 1.557235e-15
5682.000000 1.596053e-15
5684.000000 1.610352e-15
5686.000000 1.642483e-15
5688.000000 1.533894e-15
5690.000000 1.208518e-15
5692.000000 1.014962e-15
5694.000000 1.020798e-15
5696.000000 1.081751e-15
5698.000000 1.025804e-15
5700.000000 8.788013e-16
5702.000000 8.741399e-16
5704.000000 1.003490e-15
5706.000000 1.093527e-15
5708.000000 1.111682e-15
5710.000000 1.052253e-15
5712.000000 9.784720e-16
5714.000000 9.089525e-16
5716.000000 9.222335e-16
5718.000000 1.019119e-15
5720.000000 1.058804e-15
5722.000000 1.083001e-15
5724.000000 1.058591e-15
5726.000000 9.782642e-16
5728.000000 9.120146e-16
5730.000000 9.244117e-16
5732.000000 1.004025e-15
5734.000000 1.002161e-15
5736.000000 9.332694e-16
5738.000000 8.988985e-16
5740.000000 8.814114e-16
5742.000000 8.417978e-16
5744.000000 8.570116e-16
5746.000000 9.281133e-16
5748.000000 9.779680e-16
5750.000000 1.028794e-15
5752.000000 1.065744e-15
5754.000000 1.071031e-15
5756.000000 1.053914e-15
5758.000000 1.039938e-15
5760.000000 1.022151e-15
5762.000000 9.923687e-16
5764.000000 9.430113e-16
5766.000000 8.987850e-16
5768.000000 8.578605e-16
5770.000000 8.589605e-16
5772.000000 8.954938e-16
5774.000000 9.371885e-16
5776.000000 9.420594e-16
5778.000000 9.369553e-16
5780.000000 9.307066e-16
5782.000000 8.762547e-16
5784.000000 7.697137e-16
5786.000000 7.324085e-16
5788.000000 7.765738e-16
5790.000000 7.743911e-16
5792.000000 7.564051e-16
5794.000000 7.357325e-16
5796.000000 7.153151e-16
5798.000000 6.837602e-16
5800.000000 6.400101e-16
5802.000000 6.312507e-16
5804.000000 6.505850e-16
5806.000000 6.960943e-16
5808.000000 6.570753e-16
5810.000000 5.243589e-16
5812.000000 4.348638e-16
5814.000000 4.318070e-16
5816.000000 4.741424e-16
5818.000000 4.414056e-16
5820.000000 3.563816e-16
5822.000000 3.365184e-16
5824.000000 3.555563e-16
5826.000000 3.922482e-16
5828.000000 4.958958e-16
5830.000000 5.644724e-16
5832.000000 5.025588e-16
5834.000000 3.442710e-16
5836.000000 2.774877e-16
5838.000000 2.318121e-16
5840.000000 2.495672e-16
5842.000000 3.596358e-16
5844.000000 4.190011e-16
5846.000000 3.484500e-16
5848.000000 1.832509e-16
5850.000000 1.724269e-16
5852.000000 2.938283e-16
5854.000000 3.498930e-16
5856.000000 3.323920e-16
5858.000000 2.739706e-16
5860.000000 2.535535e-16
5862.000000 3.129374e-16
5864.000000 3.871061e-16
5866.000000 5.110691e-16
5868.000000 5.132904e-16
5870.000000 3.769715e-16
5872.000000 2.827094e-16
5874.000000 3.058893e-16
5876.000000 3.845830e-16
5878.000000 4.265929e-16
5880.000000 4.859380e-16
5882.000000 4.790365e-16
5884.000000 2.905295e-16
5886.000000 3.398472e-16
5888.000000 6.452049e-16
5890.000000 9.879154e-16
5892.000000 1.431583e-15
5894.000000 2.148852e-15
5896.000000 2.222136e-15
5898.000000 1.689566e-15
5900.000000 1.288173e-15
5902.000000 9.035427e-16
5904.000000 5.998224e-16
5906.000000 4.900242e-16
5908.000000 4.692503e-16
5910.000000 4.832107e-16
5912.000000 6.003412e-16
5914.000000 6.993307e-16
5916.000000 7.848233e-16
5918.000000 8.479900e-16
5920.000000 8.432850e-16
5922.000000 7.723136e-16
5924.000000 7.273140e-16
5926.000000 6.533612e-16
5928.000000 6.485404e-16
5930.000000 7.550941e-16
5932.000000 8.231368e-16
5934.000000 7.604806e-16
5936.000000 6.412113e-16
5938.000000 5.967758e-16
5940.000000 5.569150e-16
5942.000000 5.939316e-16
5944.000000 7.550578e-16
5946.000000 8.784458e-16
5948.000000 8.925412e-16
5950.000000 8.657724e-16
5952.000000 9.111385e-16
5954.000000 1.008701e-15
5956.000000 1.056787e-15
5958.000000 1.092283e-15
5960.000000 1.076960e-15
5962.000000 1.004658e-15
5964.000000 9.530802e-16
5966.000000 9.691836e-16
5968.000000 9.929596e-16
5970.000000 1.000876e-15
5972.000000 1.012873e-15
5974.000000 1.042657e-15
5976.000000 1.047222e-15
5978.000000 1.020122e-15
5980.000000 1.009824e-15
5982.000000 1.013940e-15
5984.000000 1.001182e-15
5986.000000 9.603973e-16
5988.000000 9.755944e-16
5990.000000 1.074590e-15
5992.000000 1.136153e-15
5994.000000 1.112679e-15
5996.000000 1.048074e-15
5998.000000 1.005648e-15
6000.000000 9.463863e-16
6002.000000 9.611961e-16
6004.000000 1.068539e-15
6006.000000 1.138998e-15
6008.000000 1.184807e-15
6010.000000 1.229560e-15
6012.000000 1.215936e-15
6014.000000 1.133690e-15
6016.000000 1.085957e-15
6018.000000 1.038072e-15
6020.000000 1.022254e-15
6022.000000 1.045778e-15
6024.000000 1.102187e-15
6026.000000 1.140276e-15
6028.000000 1.139969e-15
6030.000000 1.114525e-15
6032.000000 1.037255e-15
6034.000000 1.027354e-15
6036.000000 1.044191e-15
6038.000000 1.043851e-15
6040.000000 1.045072e-15
6042.000000 1.050199e-15
6044.000000 1.059554e-15
6046.000000 1.073462e-15
6048.000000 1.081269e-15
6050.000000 1.094631e-15
6052.000000 1.112618e-15
6054.000000 1.082037e-15
6056.000000 1.018822e-15
6058.000000 1.014177e-15
6060.000000 1.039387e-15
6062.000000 1.033512e-15
6064.000000 1.010481e-15
6066.000000 1.015313e-15
6068.000000 1.014714e-15
6070.000000 1.022041e-15
6072.000000 1.051689e-15
6074.000000 1.098915e-15
6076.000000 1.103433e-15
6078.000000 1.076837e-15
6080.000000 1.041971e-15
6082.000000 9.950986e-16
6084.000000 9.757056e-16
6086.000000 9.677060e-16
6088.000000 9.490508e-16
6090.000000 9.563753e-16
6092.000000 1.013621e-15
6094.000000 1.029106e-15
6096.000000 9.919735e-16
6098.000000 9.369907e-16
6100.000000 8.840702e-16
6102.000000 8.119779e-16
6104.000000 8.157747e-16
6106.000000 8.951635e-16
6108.000000 9.435437e-16
6110.000000 9.763493e-16
6112.000000 1.004381e-15
6114.000000 9.982816e-16
6116.000000 9.572697e-16
6118.000000 9.164185e-16
6120.000000 8.430863e-16
6122.000000 8.160774e-16
6124.000000 8.519503e-16
6126.000000 8.782969e-16
6128.000000 8.568810e-16
6130.000000 8.471635e-16
6132.000000 8.472333e-16
6134.000000 8.265262e-16
6136.000000 8.197359e-16
6138.000000 8.519774e-16
6140.000000 8.639749e-16
6142.000000 8.486975e-16
6144.000000 8.396873e-16
6146.000000 8.017867e-16
6148.000000 7.093095e-16
6150.000000 7.035814e-16
6152.000000 7.948719e-16
6154.000000 8.551778e-16
6156.000000 8.556489e-16
6158.000000 8.226596e-16
6160.000000 8.033691e-16
6162.000000 7.782879e-16
6164.000000 7.490265e-16
6166.000000 6.887359e-16
6168.000000 6.967550e-16
6170.000000 7.776195e-16
6172.000000 8.494764e-16
6174.000000 8.817952e-16
6176.000000 8.962410e-16
6178.000000 8.813202e-16
6180.000000 8.135519e-16
6182.000000 7.802671e-16
6184.000000 7.953959e-16
6186.000000 8.119170e-16
6188.000000 7.835086e-16
6190.000000 7.356438e-16
6192.000000 7.123402e-16
6194.000000 7.018680e-16
6196.000000 6.894323e-16
6198.000000 6.781608e-16
6200.000000 6.677246e-16
6202.000000 6.443750e-16
6204.000000 6.159456e-16
6206.000000 6.563598e-16
6208.000000 7.735552e-16
6210.000000 7.915753e-16
6212.000000 6.935038e-16
6214.000000 6.644512e-16
6216.000000 7.333225e-16
6218.000000 8.143808e-16
6220.000000 8.276609e-16
6222.000000 8.091106e-16
6224.000000 8.062125e-16
6226.000000 7.928276e-16
6228.000000 7.912148e-16
6230.000000 8.320465e-16
6232.000000 8.855202e-16
6234.000000 8.930583e-16
6236.000000 8.776005e-16
6238.000000 8.731043e-16
6240.000000 8.626240e-16
6242.000000 8.614573e-16
6244.000000 8.773813e-16
6246.000000 8.838654e-16
6248.000000 8.856077e-16
6250.000000 9.126038e-16
6252.000000 9.538388e-16
6254.000000 1.019368e-15
6256.000000 1.015155e-15
6258.000000 9.638714e-16
6260.000000 9.027169e-16
6262.000000 7.849095e-16
6264.000000 6.894216e-16
6266.000000 7.123037e-16
6268.000000 8.081929e-16
6270.000000 8.211439e-16
6272.000000 7.863860e-16
6274.000000 7.794165e-16
6276.000000 7.820608e-16
6278.000000 8.157466e-16
6280.000000 8.327682e-16
6282.000000 8.308366e-16
6284.000000 8.549519e-16
6286.000000 9.247603e-16
6288.000000 9.337577e-16
6290.000000 9.234158e-16
6292.000000 9.127985e-16
6294.000000 8.204538e-16
6296.000000 6.488381e-16
6298.000000 6.411705e-16
6300.000000 7.657769e-16
6302.000000 8.522323e-16
6304.000000 9.448278e-16
6306.000000 1.011044e-15
6308.000000 1.031698e-15
6310.000000 1.046701e-15
6312.000000 1.041973e-15
6314.000000 9.980424e-16
6316.000000 9.598897e-16
6318.000000 9.270601e-16
6320.000000 9.280277e-16
6322.000000 9.451022e-16
6324.000000 9.710467e-16
6326.000000 1.033317e-15
6328.000000 1.153140e-15
6330.000000 1.210736e-15
6332.000000 1.205181e-15
6334.000000 1.193079e-15
6336.000000 1.221207e-15
6338.000000 1.291162e-15
6340.000000 1.315355e-15
6342.000000 1.296635e-15
6344.000000 1.296672e-15
6346.000000 1.285309e-15
6348.000000 1.320342e-15
6350.000000 1.423541e-15
6352.000000 1.537343e-15
6354.000000 1.592724e-15
6356.000000 1.611074e-15
6358.000000 1.626119e-15
6360.000000 1.610334e-15
6362.000000 1.620551e-15
6364.000000 1.661749e-15
6366.000000 1.714594e-15
6368.000000 1.730548e-15
6370.000000 1.706912e-15
6372.000000 1.706707e-15
6374.000000 1.733665e-15
6376.000000 1.700999e-15
6378.000000 1.572457e-15
6380.000000 1.490097e-15
6382.000000 1.519384e-15
6384.000000 1.621098e-15
6386.000000 1.646828e-15
6388.000000 1.637310e-15
6390.000000 1.616484e-15
6392.000000 1.564656e-15
6394.000000 1.526557e-15
6396.000000 1.553111e-15
6398.000000 1.635010e-15
6400.000000 1.645243e-15
6402.000000 1.600244e-15
6404.000000 1.586278e-15
6406.000000 1.581336e-15
6408.000000 1.604886e-15
6410.000000 1.664554e-15
6412.000000 1.718694e-15
6414.000000 1.738757e-15
6416.000000 1.740794e-15
6418.000000 1.717917e-15
6420.000000 1.658762e-15
6422.000000 1.603908e-15
6424.000000 1.543193e-15
6426.000000 1.493910e-15
6428.000000 1.460876e-15
6430.000000 1.439815e-15
6432.000000 1.432557e-15
6434.000000 1.444032e-15
6436.000000 1.460926e-15
6438.000000 1.492950e-15
6440.000000 1.501946e-15
6442.000000 1.479814e-15
6444.000000 1.439977e-15
6446.000000 1.414979e-15
6448.000000 1.389314e-15
6450.000000 1.360807e-15
6452.000000 1.331737e-15
6454.000000 1.314629e-15
6456.000000 1.312052e-15
6458.000000 1.338158e-15
6460.000000 1.319886e-15
6462.000000 1.254368e-15
6464.000000 1.227645e-15
6466.000000 1.239373e-15
6468.000000 1.245813e-15
6470.000000 1.254171e-15
6472.000000 1.275436e-15
6474.000000 1.274346e-15
6476.000000 1.249450e-15
6478.000000 1.233241e-15
6480.000000 1.226773e-15
6482.000000 1.206094e-15
6484.000000 1.167002e-15
6486.000000 1.131935e-15
6488.000000 1.099450e-15
6490.000000 1.062382e-15
6492.000000 1.049860e-15
6494.000000 1.057607e-15
6496.000000 1.068117e-15
6498.000000 1.099921e-15
6500.000000 1.118331e-15
6502.000000 1.095377e-15
6504.000000 1.050882e-15
6506.000000 1.036551e-15
6508.000000 1.036595e-15
6510.000000 1.041849e-15
6512.000000 1.069414e-15
6514.000000 1.072392e-15
6516.000000 1.033879e-15
6518.000000 9.767026e-16
6520.000000 9.696488e-16
6522.000000 1.000273e-15
6524.000000 1.018814e-15
6526.000000 1.034422e-15
6528.000000 1.046074e-15
6530.000000 1.053754e-15
6532.000000 1.064966e-15
6534.000000 1.072548e-15
6536.000000 1.065411e-15
6538.000000 1.069600e-15
6540.000000 1.092501e-15
6542.000000 1.109904e-15
6544.000000 1.106601e-15
6546.000000 1.078908e-15
6548.000000 1.037119e-15
6550.000000 9.668899e-16
6552.000000 9.549013e-16
6554.000000 9.949956e-16
6556.000000 1.025050e-15
6558.000000 1.054070e-15
6560.000000 1.082558e-15
6562.000000 1.075411e-15
6564.000000 1.047734e-15
6566.000000 1.054846e-15
6568.000000 1.086698e-15
6570.000000 1.094974e-15
6572.000000 1.090398e-15
6574.000000 1.092281e-15
6576.000000 1.124169e-15
6578.000000 1.189016e-15
6580.000000 1.202080e-15
6582.000000 1.181625e-15
6584.000000 1.156745e-15
6586.000000 1.105662e-15
6588.000000 1.080450e-15
6590.000000 1.109569e-15
6592.000000 1.141510e-15
6594.000000 1.113971e-15
6596.000000 1.042884e-15
6598.000000 1.034145e-15
6600.000000 1.071831e-15
6602.000000 1.101041e-15
6604.000000 1.147005e-15
6606.000000 1.206659e-15
6608.000000 1.208707e-15
6610.000000 1.162646e-15
6612.000000 1.123437e-15
6614.000000 1.067210e-15
6616.000000 1.023313e-15
6618.000000 9.931922e-16
6620.000000 9.698846e-16
6622.000000 9.691582e-16
6624.000000 9.970453e-16
6626.000000 1.006680e-15
6628.000000 1.015691e-15
6630.000000 1.021345e-15
6632.000000 1.011153e-15
6634.000000 9.904652e-16
6636.000000 9.744197e-16
6638.000000 9.349966e-16
6640.000000 9.206968e-16
6642.000000 9.303554e-16
6644.000000 9.429999e-16
6646.000000 9.455846e-16
6648.000000 9.533539e-16
6650.000000 9.649127e-16
6652.000000 9.743012e-16
6654.000000 9.753142e-16
6656.000000 9.417724e-16
6658.000000 9.667429e-16
6660.000000 9.882061e-16
6662.000000 1.157425e-15
6664.000000 1.549683e-15
6666.000000 1.987409e-15
6668.000000 2.173514e-15
6670.000000 2.242461e-15
6672.000000 2.151384e-15
6674.000000 1.809806e-15
6676.000000 1.498361e-15
6678.000000 1.235591e-15
6680.000000 1.028832e-15
6682.000000 8.698658e-16
6684.000000 7.721344e-16
6686.000000 8.130282e-16
6688.000000 1.067888e-15
6690.000000 1.186117e-15
6692.000000 1.247791e-15
6694.000000 1.222207e-15
6696.000000 1.082642e-15
6698.000000 8.704127e-16
6700.000000 7.751090e-16
6702.000000 7.399102e-16
6704.000000 7.196026e-16
6706.000000 7.266374e-16
6708.000000 7.496612e-16
6710.000000 7.923951e-16
6712.000000 8.492328e-16
6714.000000 8.733872e-16
6716.000000 8.784935e-16
6718.000000 8.720697e-16
6720.000000 8.434829e-16
6722.000000 8.199983e-16
6724.000000 8.224079e-16
6726.000000 8.315198e-16
6728.000000 8.087299e-16
6730.000000 7.593612e-16
6732.000000 7.438755e-16
6734.000000 7.477104e-16
6736.000000 7.727738e-16
6738.000000 8.149078e-16
6740.000000 8.345460e-16
6742.000000 8.366854e-16
6744.000000 8.367954e-16
6746.000000 8.219926e-16
6748.000000 7.755981e-16
6750.000000 7.552402e-16
6752.000000 7.518423e-16
6754.000000 7.517548e-16
6756.000000 7.763216e-16
6758.000000 8.353832e-16
6760.000000 8.371873e-16
6762.000000 7.824666e-16
6764.000000 7.666636e-16
6766.000000 8.038408e-16
6768.000000 8.237313e-16
6770.000000 8.012215e-16
6772.000000 7.636501e-16
6774.000000 7.359843e-16
6776.000000 6.991363e-16
6778.000000 6.929755e-16
6780.000000 7.302791e-16
6782.000000 7.528739e-16
6784.000000 7.298719e-16
6786.000000 6.869029e-16
6788.000000 7.048658e-16
6790.000000 7.742532e-16
6792.000000 7.815047e-16
6794.000000 7.355741e-16
6796.000000 6.994418e-16
6798.000000 6.585155e-16
6800.000000 6.252512e-16
6802.000000 6.270674e-16
6804.000000 6.538862e-16
6806.000000 6.433103e-16
6808.000000 5.917265e-16
6810.000000 5.709707e-16
6812.000000 5.785184e-16
6814.000000 6.232968e-16
6816.000000 6.780129e-16
6818.000000 7.345884e-16
6820.000000 8.031966e-16
6822.000000 9.042726e-16
6824.000000 9.596210e-16
6826.000000 9.918975e-16
6828.000000 1.011366e-15
6830.000000 9.639243e-16
6832.000000 8.737628e-16
6834.000000 8.631181e-16
6836.000000 9.143040e-16
6838.000000 9.090221e-16
6840.000000 8.668512e-16
6842.000000 8.251925e-16
6844.000000 8.000045e-16
6846.000000 7.802267e-16
6848.000000 7.187818e-16
6850.000000 6.114540e-16
6852.000000 5.743130e-16
6854.000000 6.102732e-16
6856.000000 6.172490e-16
6858.000000 5.985096e-16
6860.000000 5.852748e-16
6862.000000 5.599883e-16
6864.000000 5.158403e-16
6866.000000 5.144879e-16
6868.000000 5.650760e-16
6870.000000 5.854817e-16
6872.000000 5.870659e-16
6874.000000 5.793877e-16
6876.000000 5.714886e-16
6878.000000 5.764147e-16
6880.000000 5.751226e-16
6882.000000 5.757311e-16
6884.000000 5.603207e-16
6886.000000 5.201000e-16
6888.000000 4.714030e-16
6890.000000 4.726582e-16
6892.000000 5.183183e-16
6894.000000 5.386504e-16
6896.000000 5.626421e-16
6898.000000 5.616497e-16
6900.000000 5.183467e-16
6902.000000 4.949273e-16
6904.000000 5.217265e-16
6906.000000 5.756284e-16
6908.000000 5.523725e-16
6910.000000 4.455388e-16
6912.000000 4.041217e-16
6914.000000 4.313548e-16
6916.000000 4.737115e-16
6918.000000 4.995868e-16
6920.000000 5.108848e-16
6922.000000 5.093351e-16
6924.000000 4.935592e-16
6926.000000 4.831702e-16
6928.000000 4.688195e-16
6930.000000 4.693621e-16
6932.000000 4.686532e-16
6934.000000 4.532948e-16
6936.000000 4.507936e-16
6938.000000 4.553788e-16
6940.000000 4.435748e-16
6942.000000 4.024651e-16
6944.000000 4.006788e-16
6946.000000 4.218164e-16
6948.000000 4.577957e-16
6950.000000 5.070757e-16
6952.000000 5.469013e-16
6954.000000 5.536766e-16
6956.000000 5.292054e-16
6958.000000 5.208648e-16
6960.000000 5.017911e-16
6962.000000 4.814940e-16
6964.000000 4.722000e-16
6966.000000 4.635235e-16
6968.000000 4.366769e-16
6970.000000 3.882683e-16
6972.000000 3.649351e-16
6974.000000 3.613597e-16
6976.000000 3.642827e-16
6978.000000 3.631980e-16
6980.000000 3.598269e-16
6982.000000 3.816991e-16
6984.000000 4.406886e-16
6986.000000 4.489556e-16
6988.000000 3.980995e-16
6990.000000 3.573042e-16
6992.000000 3.488658e-16
6994.000000 3.664541e-16
6996.000000 3.938223e-16
6998.000000 4.323424e-16
7000.000000 4.481660e-16
7002.000000 4.476532e-16
7004.000000 4.608206e-16
7006.000000 4.627238e-16
7008.000000 4.391232e-16
7010.000000 4.288908e-16
7012.000000 4.337190e-16
7014.000000 4.140127e-16
7016.000000 3.527825e-16
7018.000000 3.417860e-16
7020.000000 3.878756e-16
7022.000000 4.270104e-16
7024.000000 4.359214e-16
7026.000000 4.375533e-16
7028.000000 4.371418e-16
7030.000000 4.307624e-16
7032.000000 4.253550e-16
7034.000000 4.170700e-16
7036.000000 4.010085e-16
7038.000000 3.887074e-16
7040.000000 3.870773e-16
7042.000000 4.002974e-16
7044.000000 4.315462e-16
7046.000000 4.253290e-16
7048.000000 3.750123e-16
7050.000000 3.655528e-16
7052.000000 3.812406e-16
7054.000000 3.991831e-16
7056.000000 4.489808e-16
7058.000000 5.572179e-16
7060.000000 5.705698e-16
7062.000000 4.714136e-16
7064.000000 4.083159e-16
7066.000000 4.154694e-16
7068.000000 4.480851e-16
7070.000000 4.655441e-16
7072.000000 4.834295e-16
7074.000000 5.049282e-16
7076.000000 5.339374e-16
7078.000000 5.557705e-16
7080.000000 5.718547e-16
7082.000000 5.888039e-16
7084.000000 5.901361e-16
7086.000000 5.611584e-16
7088.000000 5.529813e-16
7090.000000 5.635965e-16
7092.000000 5.575688e-16
7094.000000 5.133358e-16
7096.000000 4.804178e-16
7098.000000 4.856217e-16
7100.000000 5.067423e-16
7102.000000 5.288181e-16
7104.000000 5.598756e-16
7106.000000 5.865783e-16
7108.000000 6.263987e-16
7110.000000 6.557813e-16
7112.000000 6.216388e-16
7114.000000 5.462079e-16
7116.000000 5.597870e-16
7118.000000 6.422389e-16
7120.000000 6.775498e-16
7122.000000 6.843305e-16
7124.000000 6.895329e-16
7126.000000 6.787861e-16
7128.000000 6.493195e-16
7130.000000 6.378477e-16
7132.000000 6.317123e-16
7134.000000 6.504648e-16
7136.000000 7.076069e-16
7138.000000 7.471154e-16
7140.000000 7.556782e-16
7142.000000 7.543721e-16
7144.000000 7.612627e-16
7146.000000 7.557225e-16
7148.000000 7.594042e-16
7150.000000 7.740831e-16
7152.000000 7.873410e-16
7154.000000 7.797600e-16
7156.000000 7.606880e-16
7158.000000 7.640954e-16
7160.000000 7.800329e-16
7162.000000 7.726405e-16
7164.000000 7.422245e-16
7166.000000 7.333291e-16
7168.000000 7.464828e-16
7170.000000 7.624520e-16
7172.000000 7.633362e-16
7174.000000 7.604280e-16
7176.000000 7.520499e-16
7178.000000 7.197027e-16
7180.000000 7.032342e-16
7182.000000 7.120209e-16
7184.000000 7.390811e-16
7186.000000 7.406197e-16
7188.000000 7.246257e-16
7190.000000 7.276035e-16
7192.000000 7.383905e-16
7194.000000 7.239467e-16
7196.000000 6.680579e-16
7198.000000 6.556151e-16
7200.000000 6.951663e-16
7202.000000 7.487866e-16
7204.000000 7.685033e-16
7206.000000 7.742360e-16
7208.000000 7.616805e-16
7210.000000 7.131095e-16
7212.000000 6.857127e-16
7214.000000 6.813747e-16
7216.000000 6.903028e-16
7218.000000 7.055410e-16
7220.000000 7.239818e-16
7222.000000 7.532179e-16
7224.000000 8.168910e-16
7226.000000 8.367334e-16
7228.000000 7.870542e-16
7230.000000 7.329667e-16
7232.000000 7.261549e-16
7234.000000 7.493152e-16
7236.000000 7.699512e-16
7238.000000 8.056775e-16
7240.000000 8.169490e-16
7242.000000 8.071249e-16
7244.000000 7.933283e-16
7246.000000 7.841130e-16
7248.000000 7.823739e-16
7250.000000 7.960520e-16
7252.000000 8.349320e-16
7254.000000 8.446521e-16
7256.000000 8.205825e-16
7258.000000 8.048180e-16
7260.000000 8.166923e-16
7262.000000 8.342483e-16
7264.000000 8.364205e-16
7266.000000 8.377533e-16
7268.000000 8.193862e-16
7270.000000 7.651271e-16
7272.000000 7.438462e-16
7274.000000 7.536707e-16
7276.000000 7.405142e-16
7278.000000 7.052185e-16
7280.000000 6.558674e-16
7282.000000 6.650054e-16
7284.000000 7.392414e-16
7286.000000 7.807138e-16
7288.000000 7.717181e-16
7290.000000 7.572710e-16
7292.000000 7.981354e-16
7294.000000 8.725931e-16
7296.000000 8.754412e-16
7298.000000 8.226619e-16
7300.000000 7.861194e-16
7302.000000 7.400673e-16
7304.000000 7.263850e-16
7306.000000 7.673209e-16
7308.000000 8.367010e-16
7310.000000 8.440943e-16
7312.000000 7.982517e-16
7314.000000 7.745954e-16
7316.000000 7.663961e-16
7318.000000 7.760492e-16
7320.000000 7.674565e-16
7322.000000 7.562353e-16
7324.000000 7.942405e-16
7326.000000 8.862082e-16
7328.000000 9.340826e-16
7330.000000 9.464862e-16
7332.000000 9.640699e-16
7334.000000 1.014525e-15
7336.000000 1.036700e-15
7338.000000 1.009930e-15
7340.000000 9.687929e-16
7342.000000 9.173137e-16
7344.000000 8.160311e-16
7346.000000 7.680437e-16
7348.000000 7.840443e-16
7350.000000 8.260344e-16
7352.000000 8.646238e-16
7354.000000 9.004376e-16
7356.000000 9.076959e-16
7358.000000 8.978962e-16
7360.000000 8.638026e-16
7362.000000 7.665475e-16
7364.000000 7.323112e-16
7366.000000 7.881478e-16
7368.000000 8.688689e-16
7370.000000 9.167545e-16
7372.000000 9.649195e-16
7374.000000 9.886317e-16
7376.000000 9.788011e-16
7378.000000 9.687419e-16
7380.000000 9.665936e-16
7382.000000 9.724604e-16
7384.000000 9.548274e-16
7386.000000 8.971483e-16
7388.000000 8.795476e-16
7390.000000 8.945808e-16
7392.000000 9.383108e-16
7394.000000 9.848515e-16
7396.000000 1.021969e-15
7398.000000 1.059771e-15
7400.000000 1.099864e-15
7402.000000 1.089476e-15
7404.000000 1.003627e-15
7406.000000 9.756878e-16
7408.000000 1.001473e-15
7410.000000 1.029330e-15
7412.000000 1.037155e-15
7414.000000 1.056691e-15
7416.000000 1.050823e-15
7418.000000 1.003292e-15
7420.000000 9.924374e-16
7422.000000 1.049566e-15
7424.000000 1.095747e-15
7426.000000 1.076687e-15
7428.000000 1.027632e-15
7430.000000 1.041735e-15
7432.000000 1.101824e-15
7434.000000 1.145287e-15
7436.000000 1.192181e-15
7438.000000 1.221915e-15
7440.000000 1.212024e-15
7442.000000 1.165455e-15
7444.000000 1.154555e-15
7446.000000 1.163205e-15
7448.000000 1.187110e-15
7450.000000 1.238125e-15
7452.000000 1.267568e-15
7454.000000 1.263596e-15
7456.000000 1.250673e-15
7458.000000 1.284571e-15
7460.000000 1.358632e-15
7462.000000 1.398495e-15
7464.000000 1.425968e-15
7466.000000 1.441058e-15
7468.000000 1.426592e-15
7470.000000 1.368669e-15
7472.000000 1.316206e-15
7474.000000 1.281176e-15
7476.000000 1.228510e-15
7478.000000 1.137656e-15
7480.000000 1.098067e-15
7482.000000 1.123797e-15
7484.000000 1.140558e-15
7486.000000 1.143981e-15
7488.000000 1.161486e-15
7490.000000 1.161504e-15
7492.000000 1.144961e-15
7494.000000 1.150321e-15
7496.000000 1.179996e-15
7498.000000 1.182562e-15
7500.000000 1.161613e-15
7502.000000 1.128883e-15
7504.000000 1.117165e-15
7506.000000 1.120721e-15
7508.000000 1.128900e-15
7510.000000 1.137650e-15
7512.000000 1.146430e-15
7514.000000 1.173645e-15
7516.000000 1.216857e-15
7518.000000 1.248414e-15
7520.000000 1.283432e-15
7522.000000 1.278938e-15
7524.000000 1.238078e-15
7526.000000 1.189176e-15
7528.000000 1.110981e-15
7530.000000 1.026530e-15
7532.000000 9.989142e-16
7534.000000 1.013220e-15
7536.000000 1.028053e-15
7538.000000 1.073179e-15
7540.000000 1.093499e-15
7542.000000 1.085541e-15
7544.000000 1.058646e-15
7546.000000 1.045266e-15
7548.000000 1.038666e-15
7550.000000 1.037742e-15
7552.000000 1.048661e-15
7554.000000 1.056697e-15
7556.000000 1.046478e-15
7558.000000 1.043683e-15
7560.000000 1.068831e-15
7562.000000 1.103599e-15
7564.000000 1.118487e-15
7566.000000 1.130305e-15
7568.000000 1.120397e-15
7570.000000 1.076796e-15
7572.000000 1.034094e-15
7574.000000 1.013869e-15
7576.000000 1.012823e-15
7578.000000 1.000307e-15
7580.000000 9.849199e-16
7582.000000 9.637780e-16
7584.000000 9.373556e-16
7586.000000 9.082757e-16
7588.000000 8.705436e-16
7590.000000 8.379535e-16
7592.000000 8.447979e-16
7594.000000 8.746365e-16
7596.000000 9.115737e-16
7598.000000 9.741053e-16
7600.000000 1.040582e-15
7602.000000 1.068531e-15
7604.000000 1.067369e-15
7606.000000 1.128950e-15
7608.000000 1.214974e-15
7610.000000 1.168567e-15
7612.000000 9.719554e-16
7614.000000 8.933136e-16
7616.000000 8.802309e-16
7618.000000 8.870197e-16
7620.000000 8.864444e-16
7622.000000 8.736081e-16
7624.000000 8.749645e-16
7626.000000 8.946839e-16
7628.000000 8.895026e-16
7630.000000 8.531173e-16
7632.000000 8.373664e-16
7634.000000 8.293263e-16
7636.000000 8.017567e-16
7638.000000 8.101809e-16
7640.000000 8.645297e-16
7642.000000 8.712258e-16
7644.000000 8.242125e-16
7646.000000 7.857187e-16
7648.000000 7.647114e-16
7650.000000 7.397109e-16
7652.000000 7.349592e-16
7654.000000 7.619763e-16
7656.000000 7.822983e-16
7658.000000 8.138341e-16
7660.000000 8.174900e-16
7662.000000 7.823701e-16
7664.000000 7.328480e-16
7666.000000 7.110545e-16
7668.000000 6.922628e-16
7670.000000 7.012829e-16
7672.000000 7.676798e-16
7674.000000 7.868892e-16
7676.000000 7.267691e-16
7678.000000 6.449288e-16
7680.000000 6.189944e-16
7682.000000 6.177922e-16
7684.000000 6.274142e-16
7686.000000 6.754430e-16
7688.000000 6.911553e-16
7690.000000 6.487845e-16
7692.000000 6.211947e-16
7694.000000 6.477704e-16
7696.000000 6.942337e-16
7698.000000 7.107278e-16
7700.000000 7.111224e-16
7702.000000 7.123370e-16
7704.000000 7.113108e-16
7706.000000 7.148160e-16
7708.000000 7.207178e-16
7710.000000 7.122343e-16
7712.000000 6.778110e-16
7714.000000 6.158840e-16
7716.000000 5.885462e-16
7718.000000 5.895880e-16
7720.000000 5.840791e-16
7722.000000 5.751842e-16
7724.000000 5.692281e-16
7726.000000 5.363890e-16
7728.000000 4.739142e-16
7730.000000 4.479143e-16
7732.000000 4.390113e-16
7734.000000 4.485924e-16
7736.000000 4.893122e-16
7738.000000 5.410735e-16
7740.000000 5.924365e-16
7742.000000 6.563505e-16
7744.000000 6.680631e-16
7746.000000 6.296578e-16
7748.000000 5.985051e-16
7750.000000 5.590175e-16
7752.000000 5.519441e-16
7754.000000 6.054845e-16
7756.000000 7.173610e-16
7758.000000 7.086312e-16
7760.000000 6.036291e-16
7762.000000 5.246370e-16
7764.000000 4.418252e-16
7766.000000 3.850460e-16
7768.000000 4.025787e-16
7770.000000 4.814290e-16
7772.000000 5.103357e-16
7774.000000 5.227283e-16
7776.000000 5.268126e-16
7778.000000 5.114017e-16
7780.000000 5.044611e-16
7782.000000 5.349648e-16
7784.000000 5.600338e-16
7786.000000 5.215266e-16
7788.000000 4.372492e-16
7790.000000 4.276111e-16
7792.000000 4.732919e-16
7794.000000 5.143811e-16
7796.000000 5.643010e-16
7798.000000 6.150090e-16
7800.000000 6.730556e-16
7802.000000 7.438207e-16
7804.000000 7.534342e-16
7806.000000 7.079002e-16
7808.000000 6.704349e-16
7810.000000 5.962543e-16
7812.000000 5.405791e-16
7814.000000 5.873514e-16
7816.000000 7.459451e-16
7818.000000 7.574738e-16
7820.000000 6.371520e-16
7822.000000 5.830853e-16
7824.000000 6.305181e-16
7826.000000 6.876710e-16
7828.000000 6.990053e-16
7830.000000 7.043958e-16
7832.000000 7.257549e-16
7834.000000 7.579719e-16
7836.000000 7.939253e-16
7838.000000 8.462495e-16
7840.000000 8.757491e-16
7842.000000 8.651734e-16
7844.000000 8.378528e-16
7846.000000 8.333791e-16
7848.000000 8.173693e-16
7850.000000 8.324487e-16
7852.000000 8.940742e-16
7854.000000 9.561426e-16
7856.000000 9.853584e-16
7858.000000 9.792322e-16
7860.000000 9.709296e-16
7862.000000 9.376828e-16
7864.000000 9.334018e-16
7866.000000 9.411587e-16
7868.000000 9.800670e-16
7870.000000 1.021254e-15
7872.000000 1.076964e-15
7874.000000 1.154421e-15
7876.000000 1.224244e-15
7878.000000 1.227538e-15
7880.000000 1.152223e-15
7882.000000 1.137367e-15
7884.000000 1.166330e-15
7886.000000 1.195481e-15
7888.000000 1.214646e-15
7890.000000 1.242497e-15
7892.000000 1.261402e-15
7894.000000 1.276786e-15
7896.000000 1.268488e-15
7898.000000 1.222451e-15
7900.000000 1.214145e-15
7902.000000 1.232717e-15
7904.000000 1.259894e-15
7906.000000 1.335416e-15
7908.000000 1.474692e-15
7910.000000 1.530504e-15
7912.000000 1.536417e-15
7914.000000 1.496554e-15
7916.000000 1.399058e-15
7918.000000 1.291385e-15
7920.000000 1.228608e-15
7922.000000 1.207403e-15
7924.000000 1.184471e-15
7926.000000 1.181725e-15
7928.000000 1.143709e-15
7930.000000 1.092189e-15
7932.000000 1.038082e-15
7934.000000 9.960933e-16
7936.000000 9.480287e-16
7938.000000 9.056327e-16
7940.000000 8.540794e-16
7942.000000 8.445794e-16
7944.000000 8.638569e-16
7946.000000 9.031308e-16
7948.000000 9.492765e-16
7950.000000 9.823765e-16
7952.000000 9.626169e-16
7954.000000 8.910805e-16
7956.000000 8.388013e-16
7958.000000 7.647161e-16
7960.000000 7.364553e-16
7962.000000 7.806975e-16
7964.000000 8.531814e-16
7966.000000 8.972188e-16
7968.000000 9.449332e-16
7970.000000 9.715963e-16
7972.000000 9.818704e-16
7974.000000 9.648256e-16
7976.000000 9.166876e-16
7978.000000 8.648902e-16
7980.000000 8.253843e-16
7982.000000 7.680506e-16
7984.000000 7.435812e-16
7986.000000 7.542373e-16
7988.000000 7.878446e-16
7990.000000 8.133586e-16
7992.000000 8.059183e-16
7994.000000 7.883606e-16
7996.000000 7.528308e-16
7998.000000 7.174085e-16
8000.000000 6.627214e-16
8002.000000 6.421085e-16
8004.000000 6.380931e-16
8006.000000 6.353268e-16
8008.000000 6.404418e-16
8010.000000 6.484440e-16
8012.000000 6.181618e-16
8014.000000 5.600770e-16
8016.000000 4.970286e-16
8018.000000 3.796277e-16
8020.000000 3.076095e-16
8022.000000 3.529963e-16
8024.000000 4.576130e-16
8026.000000 5.372113e-16
8028.000000 6.559438e-16
8030.000000 6.947074e-16
8032.000000 6.239536e-16
8034.000000 5.785486e-16
8036.000000 5.858313e-16
8038.000000 6.093388e-16
8040.000000 6.374898e-16
8042.000000 6.881900e-16
8044.000000 7.050633e-16
8046.000000 6.950202e-16
8048.000000 6.690772e-16
8050.000000 6.365284e-16
8052.000000 6.170655e-16
8054.000000 6.074620e-16
8056.000000 6.089536e-16
8058.000000 6.084743e-16
8060.000000 6.181687e-16
8062.000000 6.043212e-16
8064.000000 5.804792e-16
8066.000000 5.591733e-16
8068.000000 5.389689e-16
8070.000000 5.154294e-16
8072.000000 5.058222e-16
8074.000000 5.059615e-16
8076.000000 5.173001e-16
8078.000000 5.395935e-16
8080.000000 5.574324e-16
8082.000000 5.596134e-16
8084.000000 5.443739e-16
8086.000000 5.524458e-16
8088.000000 5.798254e-16
8090.000000 5.840906e-16
8092.000000 5.641191e-16
8094.000000 5.622652e-16
8096.000000 5.658130e-16
8098.000000 5.588032e-16
8100.000000 5.682614e-16
8102.000000 6.059453e-16
8104.000000 6.041594e-16
8106.000000 5.549300e-16
8108.000000 5.129973e-16
8110.000000 4.845128e-16
8112.000000 4.559365e-16
8114.000000 4.556928e-16
8116.000000 4.855878e-16
8118.000000 5.064759e-16
8120.000000 5.463105e-16
8122.000000 5.432884e-16
8124.000000 4.842638e-16
8126.000000 4.349182e-16
8128.000000 4.306519e-16
8130.000000 4.509989e-16
8132.000000 4.719294e-16
8134.000000 5.259631e-16
8136.000000 5.315046e-16
8138.000000 4.840997e-16
8140.000000 4.407278e-16
8142.000000 4.252717e-16
8144.000000 4.091631e-16
8146.000000 4.082961e-16
8148.000000 4.268241e-16
8150.000000 4.507882e-16
8152.000000 4.830096e-16
8154.000000 4.988831e-16
8156.000000 4.820137e-16
8158.000000 4.338503e-16
8160.000000 4.294560e-16
8162.000000 4.468527e-16
8164.000000 4.797757e-16
8166.000000 5.384403e-16
8168.000000 6.013281e-16
8170.000000 6.351920e-16
8172.000000 6.531161e-16
8174.000000 7.256931e-16
8176.000000 8.628628e-16
8178.000000 9.368318e-16
8180.000000 1.010774e-15
8182.000000 9.747507e-16
8184.000000 7.503246e-16
8186.000000 4.760623e-16
8188.000000 4.847994e-16
8190.000000 7.537903e-16
8192.000000 8.714255e-16
8194.000000 9.842427e-16
8196.000000 9.603783e-16
8198.000000 7.797657e-16
8200.000000 6.056374e-16
8202.000000 5.698586e-16
8204.000000 5.978130e-16
8206.000000 5.672653e-16
8208.000000 5.036875e-16
8210.000000 4.748535e-16
8212.000000 4.813861e-16
8214.000000 4.865305e-16
8216.000000 4.483559e-16
8218.000000 3.882346e-16
8220.000000 3.941392e-16
8222.000000 4.667797e-16
8224.000000 4.815632e-16
8226.000000 4.263199e-16
8228.000000 3.912087e-16
8230.000000 4.395053e-16
8232.000000 5.086842e-16
8234.000000 4.822367e-16
8236.000000 3.817138e-16
8238.000000 3.611907e-16
8240.000000 4.081943e-16
8242.000000 4.340337e-16
8244.000000 4.284015e-16
8246.000000 4.194379e-16
8248.000000 4.317861e-16
8250.000000 4.492272e-16
8252.000000 4.459622e-16
8254.000000 4.306805e-16
8256.000000 4.173505e-16
8258.000000 3.748557e-16
8260.000000 3.351880e-16
8262.000000 3.227335e-16
8264.000000 2.966141e-16
8266.000000 2.896088e-16
8268.000000 3.132433e-16
8270.000000 3.122352e-16
8272.000000 2.579664e-16
8274.000000 2.481433e-16
8276.000000 2.966750e-16
8278.000000 3.478639e-16
8280.000000 3.453958e-16
8282.000000 2.877082e-16
8284.000000 2.855991e-16
8286.000000 3.604702e-16
8288.000000 4.008781e-16
8290.000000 2.997134e-16
8292.000000 1.235961e-16
8294.000000 1.555878e-16
8296.000000 3.544156e-16
8298.000000 4.465798e-16
8300.000000 4.856784e-16
8302.000000 4.907404e-16
8304.000000 4.484116e-16
8306.000000 4.328441e-16
8308.000000 4.269570e-16
8310.000000 3.923005e-16
8312.000000 3.682945e-16
8314.000000 3.619936e-16
8316.000000 3.606092e-16
8318.000000 3.688952e-16
8320.000000 3.967252e-16
8322.000000 4.210596e-16
8324.000000 4.441701e-16
8326.000000 4.374861e-16
8328.000000 3.818263e-16
8330.000000 3.761796e-16
8332.000000 4.008996e-16
8334.000000 4.290899e-16
8336.000000 5.003365e-16
8338.000000 6.360070e-16
8340.000000 6.354628e-16
8342.000000 4.869680e-16
8344.000000 4.575720e-16
8346.000000 5.756385e-16
8348.000000 6.599555e-16
8350.000000 6.397087e-16
8352.000000 5.658123e-16
8354.000000 4.846326e-16
8356.000000 3.480685e-16
8358.000000 3.070901e-16
8360.000000 3.749852e-16
8362.000000 4.069257e-16
8364.000000 3.756755e-16
8366.000000 3.379311e-16
8368.000000 3.365371e-16
8370.000000 3.528721e-16
8372.000000 3.575237e-16
8374.000000 3.577545e-16
8376.000000 3.605844e-16
8378.000000 3.795389e-16
8380.000000 4.076615e-16
8382.000000 4.031222e-16
8384.000000 3.567323e-16
8386.000000 3.550253e-16
8388.000000 3.677495e-16
8390.000000 4.340523e-16
8392.000000 5.753051e-16
8394.000000 6.790523e-16
8396.000000 6.249860e-16
8398.000000 4.301931e-16
8400.000000 3.432662e-16
8402.000000 2.661715e-16
8404.000000 2.657360e-16
8406.000000 3.742602e-16
8408.000000 4.870285e-16
8410.000000 5.157181e-16
8412.000000 4.937163e-16
8414.000000 4.631704e-16
8416.000000 3.983442e-16
8418.000000 3.434485e-16
8420.000000 2.590930e-16
8422.000000 2.440469e-16
8424.000000 3.330605e-16
8426.000000 4.495117e-16
8428.000000 5.105228e-16
8430.000000 5.687245e-16
8432.000000 5.719619e-16
8434.000000 4.749141e-16
8436.000000 4.300439e-16
8438.000000 4.607265e-16
8440.000000 5.035804e-16
8442.000000 5.289745e-16
8444.000000 5.616379e-16
8446.000000 5.672456e-16
8448.000000 5.351406e-16
8450.000000 5.267493e-16
8452.000000 5.355677e-16
8454.000000 5.267674e-16
8456.000000 5.139879e-16
8458.000000 4.792749e-16
8460.000000 4.303133e-16
8462.000000 3.406264e-16
8464.000000 3.262535e-16
8466.000000 3.351937e-16
8468.000000 3.254824e-16
8470.000000 3.160002e-16
8472.000000 2.873299e-16
8474.000000 2.685976e-16
8476.000000 2.501528e-16
8478.000000 2.552472e-16
8480.000000 2.929072e-16
8482.000000 3.042621e-16
8484.000000 2.461245e-16
8486.000000 1.592282e-16
8488.000000 1.555650e-16
8490.000000 2.071900e-16
8492.000000 2.358439e-16
8494.000000 2.674703e-16
8496.000000 2.957908e-16
8498.000000 2.946692e-16
8500.000000 2.969327e-16
8502.000000 3.432250e-16
8504.000000 4.303669e-16
8506.000000 4.231849e-16
8508.000000 3.157545e-16
8510.000000 2.453810e-16
8512.000000 2.185888e-16
8514.000000 2.080999e-16
8516.000000 2.021597e-16
8518.000000 2.167788e-16
8520.000000 2.372668e-16
8522.000000 2.812145e-16
8524.000000 2.990899e-16
8526.000000 2.975155e-16
8528.000000 2.752774e-16
8530.000000 2.443876e-16
8532.000000 2.036322e-16
8534.000000 2.132697e-16
8536.000000 2.795784e-16
8538.000000 3.167549e-16
8540.000000 3.199032e-16
8542.000000 3.075647e-16
8544.000000 3.075762e-16
8546.000000 3.099074e-16
8548.000000 2.934481e-16
8550.000000 2.484818e-16
8552.000000 2.348824e-16
8554.000000 2.482172e-16
8556.000000 2.829076e-16
8558.000000 3.304505e-16
8560.000000 3.906563e-16
8562.000000 4.319965e-16
8564.000000 4.666759e-16
8566.000000 4.686785e-16
8568.000000 4.237022e-16
8570.000000 3.949205e-16
8572.000000 3.997788e-16
8574.000000 4.483158e-16
8576.000000 4.947017e-16
8578.000000 5.463829e-16
8580.000000 5.783726e-16
8582.000000 6.071750e-16
8584.000000 6.083942e-16
8586.000000 5.782339e-16
8588.000000 5.596272e-16
8590.000000 5.851784e-16
8592.000000 6.684506e-16
8594.000000 7.073082e-16
8596.000000 7.278709e-16
8598.000000 7.132516e-16
8600.000000 6.854746e-16
8602.000000 7.157791e-16
8604.000000 7.822501e-16
8606.000000 8.609489e-16
8608.000000 9.234368e-16
8610.000000 9.857910e-16
8612.000000 1.034161e-15
8614.000000 1.075931e-15
8616.000000 1.109164e-15
8618.000000 1.117201e-15
8620.000000 1.075266e-15
8622.000000 9.990069e-16
8624.000000 8.540146e-16
8626.000000 8.058114e-16
8628.000000 8.466955e-16
8630.000000 9.093576e-16
8632.000000 9.278192e-16
8634.000000 8.857934e-16
8636.000000 8.875272e-16
8638.000000 9.239556e-16
8640.000000 9.603703e-16
8642.000000 9.953906e-16
8644.000000 1.044251e-15
8646.000000 1.110470e-15
8648.000000 1.138846e-15
8650.000000 1.127826e-15
8652.000000 1.131565e-15
8654.000000 1.072215e-15
8656.000000 9.190379e-16
8658.000000 7.926861e-16
8660.000000 7.332609e-16
8662.000000 7.045368e-16
8664.000000 6.944012e-16
8666.000000 7.372082e-16
8668.000000 7.950934e-16
8670.000000 9.255769e-16
8672.000000 9.479992e-16
8674.000000 8.586693e-16
8676.000000 7.549076e-16
8678.000000 6.602352e-16
8680.000000 5.620944e-16
8682.000000 5.844290e-16
8684.000000 7.332027e-16
8686.000000 8.058531e-16
8688.000000 8.294120e-16
8690.000000 8.276176e-16
8692.000000 8.256925e-16
8694.000000 8.408013e-16
8696.000000 8.555448e-16
8698.000000 8.706680e-16
8700.000000 8.777304e-16
8702.000000 8.752344e-16
8704.000000 8.738953e-16
8706.000000 8.906327e-16
8708.000000 9.276223e-16
8710.000000 9.499518e-16
8712.000000 9.688400e-16
8714.000000 9.889795e-16
8716.000000 1.013591e-15
8718.000000 1.021803e-15
8720.000000 1.029189e-15
8722.000000 1.033015e-15
8724.000000 1.026958e-15
8726.000000 1.014079e-15
8728.000000 1.034031e-15
8730.000000 1.090258e-15
8732.000000 1.123929e-15
8734.000000 1.144600e-15
8736.000000 1.160725e-15
8738.000000 1.147246e-15
8740.000000 1.097240e-15
8742.000000 1.099594e-15
8744.000000 1.136767e-15
8746.000000 1.173819e-15
8748.000000 1.223566e-15
8750.000000 1.259681e-15
8752.000000 1.265266e-15
8754.000000 1.253732e-15
8756.000000 1.293868e-15
8758.000000 1.384985e-15
8760.000000 1.445096e-15
8762.000000 1.494454e-15
8764.000000 1.507485e-15
8766.000000 1.474807e-15
8768.000000 1.433484e-15
8770.000000 1.443213e-15
8772.000000 1.494476e-15
8774.000000 1.451261e-15
8776.000000 1.243352e-15
8778.000000 1.208366e-15
8780.000000 1.393435e-15
8782.000000 1.595212e-15
8784.000000 1.696993e-15
8786.000000 1.778055e-15
8788.000000 1.774278e-15
8790.000000 1.656896e-15
8792.000000 1.590500e-15
8794.000000 1.506895e-15
8796.000000 1.421360e-15
8798.000000 1.429876e-15
8800.000000 1.494181e-15
8802.000000 1.490633e-15
8804.000000 1.438419e-15
8806.000000 1.437179e-15
8808.000000 1.481447e-15
8810.000000 1.514136e-15
8812.000000 1.518196e-15
8814.000000 1.513345e-15
8816.000000 1.517200e-15
8818.000000 1.520475e-15
8820.000000 1.559941e-15
8822.000000 1.661344e-15
8824.000000 1.683171e-15
8826.000000 1.642023e-15
8828.000000 1.652246e-15
8830.000000 1.685687e-15
8832.000000 1.749389e-15
8834.000000 1.671109e-15
8836.000000 1.415616e-15
8838.000000 1.239094e-15
8840.000000 1.203903e-15
8842.000000 1.221817e-15
8844.000000 1.187792e-15
8846.000000 1.134236e-15
8848.000000 1.118212e-15
8850.000000 1.107499e-15
8852.000000 1.152208e-15
8854.000000 1.283532e-15
8856.000000 1.410397e-15
8858.000000 1.443797e-15
8860.000000 1.427109e-15
8862.000000 1.460200e-15
8864.000000 1.554134e-15
8866.000000 1.547815e-15
8868.000000 1.439780e-15
8870.000000 1.296732e-15
8872.000000 1.163323e-15
8874.000000 1.054160e-15
8876.000000 1.008133e-15
8878.000000 1.058597e-15
8880.000000 9.500042e-16
8882.000000 5.845991e-16
8884.000000 4.146944e-16
8886.000000 6.581304e-16
8888.000000 1.074993e-15
8890.000000 1.127163e-15
8892.000000 9.402526e-16
8894.000000 8.961965e-16
8896.000000 9.377330e-16
8898.000000 9.681052e-16
8900.000000 9.638290e-16
8902.000000 9.697888e-16
8904.000000 9.923613e-16
8906.000000 1.027354e-15
8908.000000 1.069955e-15
8910.000000 1.148130e-15
8912.000000 1.149008e-15
8914.000000 1.103007e-15
8916.000000 1.170274e-15
8918.000000 1.320457e-15
8920.000000 1.477015e-15
8922.000000 1.470171e-15
8924.000000 1.304926e-15
8926.000000 1.206469e-15
8928.000000 1.121105e-15
8930.000000 1.054033e-15
8932.000000 9.753456e-16
8934.000000 8.777133e-16
8936.000000 8.671968e-16
8938.000000 9.397032e-16
8940.000000 9.646334e-16
8942.000000 9.413031e-16
8944.000000 9.814176e-16
8946.000000 1.081924e-15
8948.000000 1.201708e-15
8950.000000 1.263585e-15
8952.000000 1.308935e-15
8954.000000 1.263949e-15
8956.000000 1.094362e-15
8958.000000 9.566556e-16
8960.000000 8.822846e-16
8962.000000 8.501449e-16
8964.000000 8.315327e-16
8966.000000 8.281599e-16
8968.000000 8.223963e-16
8970.000000 8.296696e-16
8972.000000 8.450631e-16
8974.000000 8.434766e-16
8976.000000 8.185839e-16
8978.000000 7.789191e-16
8980.000000 7.211583e-16
8982.000000 7.163832e-16
8984.000000 7.748564e-16
8986.000000 7.885765e-16
8988.000000 7.996532e-16
8990.000000 7.706049e-16
8992.000000 6.146001e-16
8994.000000 3.468952e-16
8996.000000 2.939891e-16
8998.000000 4.056599e-16
9000.000000 4.626933e-16
9002.000000 4.982844e-16
9004.000000 5.558987e-16
9006.000000 6.213067e-16
9008.000000 7.034125e-16
9010.000000 7.534315e-16
9012.000000 7.811986e-16
9014.000000 7.758860e-16
9016.000000 7.317144e-16
9018.000000 7.079801e-16
9020.000000 7.164680e-16
9022.000000 7.389211e-16
9024.000000 7.241263e-16
9026.000000 6.770826e-16
9028.000000 6.510388e-16
9030.000000 6.492398e-16
9032.000000 6.323441e-16
9034.000000 5.811574e-16
9036.000000 5.268801e-16
9038.000000 5.300615e-16
9040.000000 5.881884e-16
9042.000000 5.844393e-16
9044.000000 5.405007e-16
9046.000000 4.870675e-16
9048.000000 3.833457e-16
9050.000000 3.166527e-16
9052.000000 3.867907e-16
9054.000000 5.568478e-16
9056.000000 6.217759e-16
9058.000000 6.382614e-16
9060.000000 6.424986e-16
9062.000000 6.236387e-16
9064.000000 6.148396e-16
9066.000000 6.277229e-16
9068.000000 6.483961e-16
9070.000000 5.984115e-16
9072.000000 4.655948e-16
9074.000000 4.124831e-16
9076.000000 4.315349e-16
9078.000000 4.560364e-16
9080.000000 4.646198e-16
9082.000000 4.422520e-16
9084.000000 4.177124e-16
9086.000000 3.959468e-16
9088.000000 3.870623e-16
9090.000000 3.723738e-16
9092.000000 3.607185e-16
9094.000000 3.535966e-16
9096.000000 3.475488e-16
9098.000000 4.085849e-16
9100.000000 5.657651e-16
9102.000000 5.994376e-16
9104.000000 5.185689e-16
9106.000000 4.357134e-16
9108.000000 3.815405e-16
9110.000000 3.630554e-16
9112.000000 3.412840e-16
9114.000000 3.034280e-16
9116.000000 3.327036e-16
9118.000000 4.727841e-16
9120.000000 5.085711e-16
9122.000000 4.300936e-16
9124.000000 3.623205e-16
9126.000000 3.475686e-16
9128.000000 3.735666e-16
9130.000000 4.036990e-16
9132.000000 4.585038e-16
9134.000000 4.535807e-16
9136.000000 4.168536e-16
9138.000000 4.237979e-16
9140.000000 4.524440e-16
9142.000000 4.867828e-16
9144.000000 4.699417e-16
9146.000000 3.667111e-16
9148.000000 3.631832e-16
9150.000000 4.992461e-16
9152.000000 6.434162e-16
9154.000000 6.664229e-16
9156.000000 5.867707e-16
9158.000000 4.986717e-16
9160.000000 3.377763e-16
9162.000000 3.133390e-16
9164.000000 4.488241e-16
9166.000000 5.296260e-16
9168.000000 4.921214e-16
9170.000000 4.145605e-16
9172.000000 4.416311e-16
9174.000000 5.587712e-16
9176.000000 5.470785e-16
9178.000000 4.149393e-16
9180.000000 3.281166e-16
9182.000000 2.547583e-16
9184.000000 1.845863e-16
9186.000000 1.979370e-16
9188.000000 3.260853e-16
9190.000000 3.999289e-16
9192.000000 4.820625e-16
9194.000000 4.952910e-16
9196.000000 4.505895e-16
9198.000000 4.461085e-16
9200.000000 5.049654e-16
9202.000000 5.768638e-16
9204.000000 5.492968e-16
9206.000000 4.223426e-16
9208.000000 3.692676e-16
9210.000000 3.582081e-16
9212.000000 3.907375e-16
9214.000000 4.646491e-16
9216.000000 5.652682e-16
9218.000000 6.150879e-16
9220.000000 6.525821e-16
9222.000000 6.546568e-16
9224.000000 5.966184e-16
9226.000000 5.251484e-16
9228.000000 5.216512e-16
9230.000000 6.004990e-16
9232.000000 5.971622e-16
9234.000000 5.207775e-16
9236.000000 4.750545e-16
9238.000000 4.404099e-16
9240.000000 4.100569e-16
9242.000000 4.251425e-16
9244.000000 4.570143e-16
9246.000000 4.134647e-16
9248.000000 3.318286e-16
9250.000000 3.315445e-16
9252.000000 3.882956e-16
9254.000000 4.418750e-16
9256.000000 5.475258e-16
9258.000000 6.112774e-16
9260.000000 5.708879e-16
9262.000000 4.867964e-16
9264.000000 4.506705e-16
9266.000000 4.324024e-16
9268.000000 3.781507e-16
9270.000000 3.009361e-16
9272.000000 2.550730e-16
9274.000000 2.369579e-16
9276.000000 2.418701e-16
9278.000000 2.464079e-16
9280.000000 2.590272e-16
9282.000000 2.857399e-16
9284.000000 3.421080e-16
9286.000000 3.647363e-16
9288.000000 3.542535e-16
9290.000000 3.209244e-16
9292.000000 3.992818e-16
9294.000000 6.312010e-16
9296.000000 8.032711e-16
9298.000000 9.483507e-16
9300.000000 1.020499e-15
9302.000000 1.112112e-15
9304.000000 1.164778e-15
9306.000000 1.102876e-15
9308.000000 1.023633e-15
9310.000000 9.845569e-16
9312.000000 9.431920e-16
9314.000000 8.768354e-16
9316.000000 9.223140e-16
9318.000000 9.708222e-16
9320.000000 9.057538e-16
9322.000000 8.055304e-16
9324.000000 7.723627e-16
9326.000000 8.137306e-16
9328.000000 6.912923e-16
9330.000000 4.213161e-16
9332.000000 2.549101e-16
9334.000000 2.190255e-16
9336.000000 3.524783e-16
9338.000000 4.860837e-16
9340.000000 7.228502e-16
9342.000000 6.739859e-16
9344.000000 3.314499e-16
9346.000000 7.922870e-17
9348.000000 3.121740e-17
9350.000000 1.560186e-16
9352.000000 2.485587e-16
9354.000000 4.000268e-16
9356.000000 4.490640e-16
9358.000000 3.722487e-16
9360.000000 2.945963e-16
9362.000000 3.163402e-16
9364.000000 5.991402e-16
9366.000000 1.183856e-15
9368.000000 2.216462e-15
9370.000000 2.648612e-15
9372.000000 2.846660e-15
9374.000000 2.470620e-15
9376.000000 1.440537e-15
9378.000000 4.999702e-16
9380.000000 1.322790e-16
9382.000000 2.281210e-17
9384.000000 1.051433e-16
9386.000000 6.274278e-16
9388.000000 8.852304e-16
9390.000000 8.769713e-16
9392.000000 8.337792e-16
9394.000000 8.346726e-16
9396.000000 8.427798e-16
9398.000000 8.847255e-16
9400.000000 9.649893e-16
9402.000000 9.857779e-16
9404.000000 9.972320e-16
9406.000000 9.623469e-16
9408.000000 8.671152e-16
9410.000000 7.558415e-16
9412.000000 7.396987e-16
9414.000000 8.121407e-16
9416.000000 8.222486e-16
9418.000000 7.737603e-16
9420.000000 7.783706e-16
9422.000000 7.377667e-16
9424.000000 6.150842e-16
9426.000000 6.391411e-16
9428.000000 7.630619e-16
9430.000000 6.799889e-16
9432.000000 3.772253e-16
9434.000000 2.081821e-16
9436.000000 1.162600e-18
9440.000000 2.658324e-16
9442.000000 1.128315e-15
9444.000000 1.459040e-15
9446.000000 1.528864e-15
9448.000000 1.503468e-15
9450.000000 1.121461e-15
9452.000000 6.583203e-16
9454.000000 5.690354e-16
9456.000000 7.182479e-16
9458.000000 8.415752e-16
9460.000000 1.108407e-15
9462.000000 1.253041e-15
9464.000000 1.235380e-15
9466.000000 1.128158e-15
9468.000000 1.110425e-15
9470.000000 1.206578e-15
9472.000000 1.212838e-15
9474.000000 1.101064e-15
9476.000000 1.017437e-15
9478.000000 9.432226e-16
9480.000000 1.118211e-15
9482.000000 1.464232e-15
9484.000000 1.767791e-15
9486.000000 1.767158e-15
9488.000000 1.532353e-15
9490.000000 1.311699e-15
9492.000000 9.486737e-16
9494.000000 7.292722e-16
9496.000000 7.473972e-16
9498.000000 7.990199e-16
9500.000000 5.244289e-16
9506.000000 5.510812e-16
9508.000000 8.189929e-16
9510.000000 8.733260e-16
9512.000000 8.141537e-16
9514.000000 7.733640e-16
9516.000000 7.645659e-16
9518.000000 8.212521e-16
9520.000000 1.002680e-15
9522.000000 1.061928e-15
9524.000000 9.305221e-16
9526.000000 7.381810e-16
9528.000000 7.456052e-16
9530.000000 9.289473e-16
9532.000000 1.015913e-15
9534.000000 1.105175e-15
9536.000000 1.130748e-15
9538.000000 1.038994e-15
9540.000000 9.955332e-16
9542.000000 1.099705e-15
9544.000000 1.278040e-15
9546.000000 1.451352e-15
9548.000000 1.699032e-15
9550.000000 1.620385e-15
9552.000000 1.167292e-15
9554.000000 8.399418e-16
9556.000000 6.761385e-16
9558.000000 5.921772e-16
9560.000000 3.770460e-16
9562.000000 1.908790e-17
9564.000000 1.984190e-17
9566.000000 3.811492e-16
9568.000000 7.093495e-16
9570.000000 1.051165e-15
9572.000000 1.294713e-15
9574.000000 1.265884e-15
9576.000000 9.847131e-16
9578.000000 8.219054e-16
9580.000000 5.968004e-16
9582.000000 5.140337e-16
9584.000000 6.325121e-16
9586.000000 8.105714e-16
9588.000000 8.847893e-16
9590.000000 9.100626e-16
9592.000000 8.899022e-16
9594.000000 7.791929e-16
9596.000000 7.564728e-16
9598.000000 8.072219e-16
9600.000000 8.778809e-16
9602.000000 9.630959e-16
9604.000000 1.058386e-15
9606.000000 1.069078e-15
9608.000000 9.932330e-16
9610.000000 8.904056e-16
9612.000000 7.037254e-16
9614.000000 6.623524e-16
9616.000000 7.510698e-16
9618.000000 8.880270e-16
9620.000000 9.864380e-16
9622.000000 1.087794e-15
9624.000000 1.078458e-15
9626.000000 9.547021e-16
9628.000000 8.717805e-16
9630.000000 7.366848e-16
9632.000000 5.569017e-16
9634.000000 4.940647e-16
9636.000000 4.572603e-16
9638.000000 5.087764e-16
9640.000000 7.223020e-16
9642.000000 8.822197e-16
9644.000000 8.606229e-16
9646.000000 7.963625e-16
9648.000000 7.973516e-16
9650.000000 7.245954e-16
9652.000000 6.713448e-16
9654.000000 6.208459e-16
9656.000000 5.974962e-16
9658.000000 5.361049e-16
9660.000000 5.316607e-16
9662.000000 6.428667e-16
9664.000000 7.946210e-16
9666.000000 8.246699e-16
9668.000000 7.733198e-16
9670.000000 7.191347e-16
9672.000000 5.982159e-16
9674.000000 5.870191e-16
9676.000000 6.374846e-16
9678.000000 7.415265e-16
9680.000000 8.599266e-16
9682.000000 9.730602e-16
9684.000000 1.013885e-15
9686.000000 1.049883e-15
9688.000000 1.071776e-15
9690.000000 9.672112e-16
9692.000000 7.680956e-16
9694.000000 6.176347e-16
9696.000000 4.193112e-16
9698.000000 3.094358e-16
9700.000000 2.316557e-16
9702.000000 3.169557e-16
9704.000000 4.853091e-16
9706.000000 6.588164e-16
9708.000000 8.372173e-16
9710.000000 1.082538e-15
9712.000000 1.061645e-15
9714.000000 7.609232e-16
9716.000000 5.168160e-16
9718.000000 3.576899e-16
9720.000000 2.952775e-16
9722.000000 2.883851e-16
9724.000000 4.227073e-16
9726.000000 3.411469e-16
9728.000000 1.132700e-17
9734.000000 1.985644e-16
9736.000000 3.912565e-16
9738.000000 4.501505e-16
9740.000000 4.447322e-16
9742.000000 3.642365e-16
9744.000000 2.738490e-16
9746.000000 5.815050e-17
9748.000000 3.990460e-17
9750.000000 1.758654e-16
9752.000000 3.417375e-16
9754.000000 4.535857e-16
9756.000000 5.564490e-16
9758.000000 5.033988e-16
9760.000000 2.483441e-16
9762.000000 7.800130e-17
9768.000000 3.110810e-17
9770.000000 1.885718e-16
9772.000000 3.273644e-16
9774.000000 4.868895e-16
9776.000000 5.722546e-16
9778.000000 7.806884e-16
9780.000000 1.100977e-15
9782.000000 1.223576e-15
9784.000000 1.301924e-15
9786.000000 1.203864e-15
9788.000000 8.152431e-16
9790.000000 5.050145e-16
9792.000000 4.235442e-16
9794.000000 4.303518e-16
9796.000000 3.603858e-16
9798.000000 3.550496e-16
9800.000000 1.971849e-16
9806.000000 1.314184e-16
9808.000000 4.242120e-16
9810.000000 6.821636e-16
9812.000000 9.361985e-16
9814.000000 9.065581e-16
9816.000000 6.471436e-16
9818.000000 5.032732e-16
9820.000000 3.416690e-16
9822.000000 2.519587e-16
9824.000000 2.759494e-16
9826.000000 3.294911e-16
9828.000000 4.778895e-16
9830.000000 7.308055e-16
9832.000000 8.901186e-16
9834.000000 1.083782e-15
9836.000000 1.132501e-15
9838.000000 8.267072e-16
9840.000000 4.986712e-16
9842.000000 5.747242e-16
9844.000000 8.667303e-16
9846.000000 8.203095e-16
9848.000000 4.876968e-16
9850.000000 3.716625e-16
9852.000000 4.163392e-16
9854.000000 4.741559e-16
9856.000000 4.482288e-16
9858.000000 3.818578e-16
9860.000000 4.553117e-16
9862.000000 6.961067e-16
9864.000000 7.495127e-16
9866.000000 6.639678e-16
9868.000000 5.218397e-16
9870.000000 1.714894e-16
9876.000000 2.325932e-16
9878.000000 3.689159e-16
9880.000000 2.079975e-16
9882.000000 1.869147e-16
9884.000000 1.083679e-16
9886.000000 2.490340e-17
9888.000000 3.482586e-16
9890.000000 9.374236e-16
9892.000000 1.063326e-15
9894.000000 7.573347e-16
9896.000000 7.423612e-16
9898.000000 8.423709e-16
9900.000000 9.538547e-16
9902.000000 1.064717e-15
9904.000000 1.169254e-15
9906.000000 1.244203e-15
9908.000000 1.393684e-15
9910.000000 1.367299e-15
9912.000000 1.033842e-15
9914.000000 5.870357e-16
9916.000000 1.968822e-16
9922.000000 5.415310e-17
9932.000000 1.854644e-16
9934.000000 3.181771e-16
9936.000000 1.408193e-16
9938.000000 2.494665e-16
9940.000000 8.283402e-16
9942.000000 1.056485e-15
9944.000000 7.871476e-16
9946.000000 5.400036e-16
9948.000000 5.704051e-16
9950.000000 7.787899e-16
9952.000000 1.065111e-15
9954.000000 1.850382e-15
9956.000000 1.803971e-15
9958.000000 8.061579e-16
9964.000000 4.275884e-16
9966.000000 6.453031e-16
9968.000000 9.356578e-16
9970.000000 9.785923e-16
9972.000000 4.295367e-16
9980.000000 1.222305e-16
9982.000000 2.791442e-16
9984.000000 5.954416e-16
9986.000000 1.226689e-15
9988.000000 1.723485e-15
9990.000000 1.680977e-15
9992.000000 1.318716e-15
9994.000000 1.124096e-15
9996.000000 9.923666e-16
9998.000000 7.494061e-16
