4002.000000 9.275980e-17
4004.000000 2.468922e-16
4006.000000 5.204289e-16
4008.000000 4.068308e-16
4010.000000 5.447640e-17
4012.000000 5.654685e-16
4014.000000 2.307566e-16
4016.000000 1.913382e-16
4018.000000 7.363761e-16
4020.000000 7.062314e-16
4022.000000 4.199801e-16
4024.000000 8.650579e-16
4026.000000 4.600718e-16
4028.000000 3.020956e-16
4030.000000 4.283420e-16
4032.000000 6.743189e-16
4034.000000 2.531937e-16
4036.000000 2.046979e-16
4038.000000 5.335647e-16
4040.000000 7.565410e-17
4042.000000 4.297166e-16
4044.000000 5.513684e-16
4046.000000 5.505382e-16
4048.000000 5.347621e-16
4052.000000 2.965410e-17
4054.000000 6.187425e-16
4056.000000 6.671693e-16
4058.000000 6.173048e-16
4060.000000 1.554538e-16
4062.000000 7.878853e-16
4064.000000 6.009158e-16
4066.000000 3.224731e-16
4068.000000 1.675080e-17
4070.000000 6.595903e-16
4072.000000 8.345380e-16
4074.000000 4.149367e-16
4076.000000 2.396832e-16
4078.000000 4.864117e-16
4080.000000 5.577055e-16
4082.000000 8.043610e-17
4084.000000 1.802267e-16
4086.000000 1.136995e-16
4088.000000 1.222470e-17
4090.000000 8.748850e-17
4092.000000 5.368830e-16
4094.000000 9.815890e-17
4096.000000 7.827430e-16
4098.000000 5.712477e-16
4100.000000 5.762168e-16
4102.000000 3.148168e-16
4104.000000 2.831846e-16
4106.000000 3.101527e-16
4108.000000 7.382892e-16
4110.000000 2.024440e-16
4112.000000 6.578781e-16
4114.000000 5.335762e-16
4116.000000 3.762173e-16
4118.000000 4.631809e-16
4120.000000 6.696194e-16
4122.000000 3.224058e-16
4124.000000 6.328272e-16
4126.000000 4.727457e-16
4128.000000 2.722973e-16
4130.000000 4.289265e-16
4132.000000 6.034399e-16
4134.000000 1.641830e-16
4136.000000 1.632615e-16
4138.000000 4.636491e-16
4140.000000 2.876883e-16
4142.000000 4.848860e-16
4144.000000 4.275781e-16
4146.000000 3.619666e-16
4148.000000 4.710483e-16
4150.000000 6.296164e-16
4152.000000 7.216640e-16
4154.000000 4.793501e-16
4156.000000 3.913781e-16
4158.000000 6.691122e-16
4160.000000 7.941557e-16
4162.000000 6.455812e-16
4164.000000 2.259841e-16
4166.000000 5.428167e-16
4168.000000 6.050996e-16
4170.000000 3.777075e-16
4172.000000 3.448645e-16
4174.000000 3.298349e-16
4176.000000 5.706987e-16
4178.000000 4.929843e-16
4180.000000 2.843990e-16
4182.000000 4.553623e-16
4184.000000 3.520201e-16
4186.000000 1.145740e-17
4188.000000 5.866803e-16
4190.000000 5.693321e-16
4192.000000 6.472654e-16
4194.000000 8.669729e-16
4196.000000 2.394871e-16
4198.000000 3.229341e-16
4200.000000 3.814406e-16
4202.000000 1.807694e-16
4204.000000 5.431727e-16
4206.000000 4.422214e-16
4208.000000 4.155067e-16
4210.000000 4.959751e-16
4212.000000 2.938202e-16
4214.000000 3.950314e-16
4216.000000 7.129862e-16
4218.000000 3.649378e-16
4220.000000 3.281892e-16
4222.000000 4.500512e-16
4224.000000 5.003561e-16
4226.000000 4.731332e-16
4228.000000 3.894985e-16
4230.000000 5.707668e-16
4232.000000 7.444813e-16
4234.000000 6.053120e-17
4236.000000 3.877110e-16
4238.000000 4.149277e-16
4240.000000 8.080081e-16
4242.000000 7.365061e-16
4244.000000 4.407449e-16
4246.000000 6.686110e-16
4248.000000 4.871489e-16
4250.000000 5.315224e-16
4252.000000 2.903619e-16
4254.000000 3.648641e-16
4256.000000 5.481812e-16
4258.000000 1.129401e-16
4260.000000 3.058971e-16
4262.000000 4.569219e-16
4264.000000 7.116251e-16
4266.000000 6.411450e-16
4268.000000 3.522173e-16
4270.000000 3.031768e-16
4272.000000 6.788746e-16
4274.000000 5.281246e-16
4276.000000 6.290117e-16
4278.000000 4.747603e-16
4280.000000 3.156046e-16
4282.000000 3.555591e-16
4284.000000 2.676648e-16
4288.000000 3.377904e-16
4290.000000 5.109861e-16
4292.000000 3.466039e-16
4294.000000 2.089323e-16
4296.000000 3.827541e-16
4298.000000 3.283308e-16
4300.000000 4.298203e-16
4302.000000 5.965247e-16
4304.000000 3.910376e-16
4306.000000 3.581197e-16
4308.000000 3.828034e-16
4310.000000 3.497372e-16
4312.000000 1.325153e-16
4314.000000 1.133187e-15
4316.000000 4.533129e-16
4318.000000 5.354104e-16
4320.000000 6.087996e-16
4322.000000 2.370644e-16
4324.000000 7.008690e-17
4326.000000 3.584723e-16
4328.000000 2.880289e-16
4330.000000 3.897940e-16
4332.000000 7.186028e-16
4334.000000 6.823190e-16
4336.000000 4.156766e-16
4338.000000 5.050151e-16
4340.000000 4.782057e-16
4342.000000 1.395971e-16
4344.000000 4.688417e-16
4346.000000 2.205390e-16
4348.000000 2.860453e-16
4350.000000 1.402142e-16
4352.000000 3.507939e-16
4354.000000 1.808646e-16
4356.000000 7.010627e-16
4358.000000 1.951310e-17
4360.000000 4.080753e-16
4362.000000 2.696402e-16
4364.000000 2.252120e-16
4366.000000 6.568256e-16
4368.000000 4.246072e-16
4370.000000 3.854946e-16
4372.000000 4.023685e-16
4374.000000 2.909645e-16
4376.000000 4.927120e-17
4378.000000 4.411418e-16
4380.000000 5.878837e-16
4382.000000 3.183031e-16
4384.000000 5.376061e-16
4386.000000 5.699519e-16
4388.000000 2.337911e-16
4390.000000 4.319400e-16
4392.000000 1.005296e-16
4394.000000 4.584187e-16
4396.000000 7.444080e-16
4398.000000 6.415335e-16
4400.000000 6.074773e-16
4402.000000 3.796800e-16
4404.000000 1.510770e-17
4406.000000 4.096270e-16
4408.000000 5.674274e-16
4410.000000 4.226682e-16
4412.000000 6.787991e-16
4414.000000 4.269262e-16
4416.000000 1.717923e-16
4418.000000 1.175153e-16
4420.000000 4.203218e-16
4422.000000 5.681254e-16
4424.000000 3.140117e-16
4426.000000 4.734095e-16
4428.000000 5.965344e-16
4430.000000 3.996377e-16
4432.000000 6.955180e-16
4434.000000 1.100355e-16
4436.000000 4.055775e-16
4438.000000 2.994550e-16
4440.000000 4.561406e-16
4442.000000 5.415032e-16
4444.000000 3.041735e-16
4446.000000 1.283340e-16
4448.000000 5.784152e-16
4450.000000 3.192484e-16
4452.000000 4.529843e-16
4456.000000 2.063740e-16
4458.000000 3.616031e-16
4460.000000 9.363540e-16
4462.000000 3.504450e-16
4464.000000 3.435648e-16
4466.000000 4.578442e-16
4468.000000 6.706534e-16
4470.000000 2.078870e-16
4472.000000 3.335432e-16
4474.000000 6.680570e-16
4476.000000 4.504380e-17
4478.000000 2.933636e-16
4480.000000 2.509753e-16
4482.000000 5.813210e-16
4484.000000 3.935262e-16
4486.000000 4.238453e-16
4488.000000 3.690994e-16
4490.000000 4.040402e-16
4492.000000 5.715665e-16
4494.000000 3.672244e-16
4496.000000 5.231462e-16
4498.000000 4.571716e-16
4500.000000 6.725999e-16
4502.000000 7.677660e-16
4504.000000 3.565896e-16
4506.000000 4.388767e-16
4508.000000 5.299519e-16
4510.000000 3.052462e-16
4512.000000 5.429835e-16
4514.000000 2.951642e-16
4516.000000 2.673048e-16
4518.000000 3.812471e-16
4520.000000 3.200138e-16
4522.000000 2.680372e-16
4524.000000 4.202576e-16
4526.000000 4.200499e-16
4528.000000 3.589585e-16
4530.000000 5.244060e-16
4532.000000 5.818131e-16
4534.000000 4.544627e-16
4536.000000 4.610821e-16
4538.000000 2.557651e-16
4540.000000 6.105160e-16
4542.000000 5.499668e-16
4544.000000 5.744425e-16
4546.000000 2.207231e-16
4548.000000 2.821295e-16
4550.000000 4.531456e-16
4552.000000 4.044151e-16
4554.000000 5.289215e-16
4556.000000 7.044052e-16
4558.000000 4.286866e-16
4560.000000 2.801365e-16
4562.000000 3.496951e-16
4564.000000 3.926214e-16
4566.000000 4.985500e-16
4568.000000 5.231920e-16
4570.000000 1.266808e-16
4572.000000 4.282413e-16
4574.000000 3.242349e-16
4576.000000 4.593960e-16
4578.000000 6.045206e-16
4580.000000 5.127302e-16
4582.000000 4.590498e-16
4584.000000 6.338193e-16
4586.000000 1.337901e-16
4588.000000 2.790179e-16
4590.000000 3.163752e-16
4592.000000 5.274460e-16
4594.000000 4.650430e-16
4596.000000 2.621316e-16
4598.000000 4.886377e-16
4600.000000 2.224646e-16
4602.000000 2.156463e-16
4604.000000 3.172588e-16
4606.000000 3.772940e-16
4608.000000 6.190071e-16
4610.000000 4.458539e-16
4612.000000 4.545680e-16
4614.000000 5.981985e-16
4616.000000 2.736376e-16
4618.000000 3.877624e-16
4620.000000 4.394454e-16
4622.000000 4.590216e-16
4624.000000 5.500806e-16
4626.000000 7.383360e-16
4628.000000 4.507768e-16
4630.000000 2.488068e-16
4632.000000 5.248965e-16
4634.000000 4.711648e-16
4636.000000 6.725607e-16
4638.000000 3.919470e-16
4640.000000 3.503364e-16
4642.000000 5.439747e-16
4644.000000 5.097349e-16
4646.000000 4.912728e-16
4648.000000 4.535720e-16
4650.000000 7.762308e-16
4652.000000 5.003543e-16
4654.000000 6.112158e-16
4656.000000 3.063800e-16
4658.000000 4.553590e-16
4660.000000 6.202413e-16
4662.000000 6.101866e-16
4664.000000 5.029280e-16
4666.000000 5.433535e-16
4668.000000 6.588378e-16
4670.000000 7.331715e-16
4672.000000 4.119839e-16
4674.000000 5.436891e-16
4676.000000 5.938249e-16
4678.000000 5.986143e-16
4680.000000 4.998122e-16
4682.000000 7.725480e-16
4684.000000 4.956202e-16
4686.000000 5.146387e-16
4688.000000 5.971752e-16
4690.000000 6.805388e-16
4692.000000 9.400618e-16
4694.000000 5.672787e-16
4696.000000 5.200050e-16
4698.000000 5.476974e-16
4700.000000 4.928435e-16
4702.000000 4.754222e-16
4704.000000 3.988218e-16
4706.000000 4.195398e-16
4708.000000 6.544965e-16
4710.000000 4.534941e-16
4712.000000 2.938513e-16
4714.000000 7.366431e-16
4716.000000 7.372498e-16
4718.000000 6.054882e-16
4720.000000 6.093164e-16
4722.000000 3.921247e-16
4724.000000 6.396043e-16
4726.000000 7.821916e-16
4728.000000 4.972873e-16
4730.000000 5.813920e-16
4732.000000 5.941638e-16
4734.000000 3.402740e-16
4736.000000 5.303774e-16
4738.000000 5.402311e-16
4740.000000 8.084649e-16
4742.000000 7.338309e-16
4744.000000 5.006286e-16
4746.000000 4.459981e-16
4748.000000 4.498275e-16
4750.000000 3.456801e-16
4752.000000 8.014732e-16
4754.000000 5.737105e-16
4756.000000 7.228211e-16
4758.000000 5.497653e-16
4760.000000 3.037145e-16
4762.000000 2.709340e-16
4764.000000 5.530317e-16
4766.000000 3.998665e-16
4768.000000 3.242107e-16
4770.000000 3.648274e-16
4772.000000 5.556377e-16
4774.000000 3.351620e-16
4776.000000 4.151644e-16
4778.000000 5.578551e-16
4780.000000 5.296066e-16
4782.000000 5.117819e-16
4784.000000 3.883867e-16
4786.000000 7.239329e-16
4788.000000 4.834194e-16
4790.000000 5.874792e-16
4792.000000 5.173215e-16
4794.000000 7.044184e-16
4796.000000 5.373319e-16
4798.000000 3.539712e-16
4800.000000 6.468467e-16
4802.000000 3.937219e-16
4804.000000 4.815819e-16
4806.000000 4.369427e-16
4808.000000 4.731443e-16
4810.000000 4.997382e-16
4812.000000 4.891412e-16
4814.000000 2.617730e-16
4816.000000 1.282028e-16
4818.000000 5.268218e-16
4820.000000 6.768441e-16
4822.000000 6.250761e-16
4824.000000 4.460294e-16
4826.000000 5.225317e-16
4828.000000 4.399321e-16
4830.000000 5.685521e-16
4832.000000 6.016198e-16
4834.000000 5.040703e-16
4836.000000 5.278944e-16
4838.000000 7.954840e-16
4840.000000 5.468295e-16
4842.000000 7.008760e-16
4844.000000 5.248324e-16
4846.000000 4.672011e-16
4848.000000 5.585920e-16
4850.000000 5.602630e-16
4852.000000 4.836428e-16
4854.000000 5.001166e-16
4856.000000 3.029160e-16
4858.000000 4.971776e-16
4860.000000 4.284457e-16
4862.000000 5.434395e-16
4864.000000 4.850972e-16
4866.000000 2.333492e-16
4868.000000 4.965886e-16
4870.000000 2.529636e-16
4872.000000 5.096911e-16
4874.000000 3.515474e-16
4876.000000 3.833234e-16
4878.000000 5.560784e-16
4880.000000 4.102371e-16
4882.000000 3.892327e-16
4884.000000 3.645989e-16
4886.000000 3.952656e-16
4888.000000 3.729073e-16
4890.000000 5.550754e-16
4892.000000 2.389512e-16
4894.000000 4.825430e-16
4896.000000 2.773420e-16
4898.000000 4.426196e-16
4900.000000 5.481310e-16
4902.000000 4.361154e-16
4904.000000 4.958981e-16
4906.000000 4.607070e-16
4908.000000 5.723885e-16
4910.000000 5.999536e-16
4912.000000 3.803765e-16
4914.000000 2.977669e-16
4916.000000 3.727481e-16
4918.000000 4.384769e-16
4920.000000 3.463557e-16
4922.000000 4.562456e-16
4924.000000 3.819317e-16
4926.000000 2.681269e-16
4928.000000 2.391633e-16
4930.000000 2.513109e-16
4932.000000 5.181354e-16
4934.000000 1.597963e-16
4936.000000 5.840606e-16
4938.000000 6.402589e-16
4940.000000 7.274199e-16
4942.000000 5.638509e-16
4944.000000 3.291551e-16
4946.000000 3.774329e-16
4948.000000 3.546108e-16
4950.000000 3.676462e-16
4952.000000 4.313487e-16
4954.000000 4.389848e-16
4956.000000 4.533624e-16
4958.000000 5.462754e-16
4960.000000 9.782620e-17
4962.000000 2.962647e-16
4964.000000 2.501727e-16
4966.000000 2.575239e-16
4968.000000 5.491423e-16
4970.000000 4.952090e-16
4972.000000 2.254755e-16
4974.000000 2.245805e-16
4976.000000 3.687420e-16
4978.000000 4.010516e-16
4980.000000 4.910528e-16
4982.000000 5.452340e-16
4984.000000 1.283184e-16
4986.000000 3.425806e-16
4988.000000 3.444780e-16
4990.000000 3.150973e-16
4992.000000 1.398032e-16
4994.000000 1.477715e-16
4996.000000 2.643349e-16
4998.000000 2.537096e-16
5000.000000 1.380693e-16
5002.000000 2.295010e-16
5004.000000 1.961879e-16
5006.000000 1.042883e-16
5008.000000 1.399229e-16
5010.000000 2.337069e-16
5012.000000 5.549140e-17
5014.000000 4.893225e-16
5016.000000 3.607982e-16
5018.000000 2.374022e-16
5020.000000 1.813575e-16
5024.000000 2.533233e-16
5026.000000 3.732368e-16
5028.000000 1.947969e-16
5030.000000 1.919873e-16
5032.000000 4.059472e-16
5034.000000 3.623817e-16
5036.000000 3.823967e-16
5038.000000 3.707041e-16
5040.000000 4.827678e-16
5042.000000 6.185737e-16
5044.000000 5.321913e-16
5046.000000 4.490052e-16
5048.000000 5.400104e-16
5050.000000 4.248453e-16
5052.000000 3.333133e-16
5054.000000 3.336586e-16
5056.000000 3.528659e-16
5058.000000 6.497921e-16
5060.000000 4.113274e-16
5062.000000 3.765601e-16
5064.000000 7.833778e-16
5066.000000 8.356496e-16
5068.000000 4.296489e-16
5070.000000 5.563519e-16
5072.000000 6.077442e-16
5074.000000 5.565139e-16
5076.000000 6.683621e-16
5078.000000 6.632710e-16
5080.000000 6.061193e-16
5082.000000 7.710215e-16
5084.000000 7.645171e-16
5086.000000 9.976181e-16
5088.000000 7.374940e-16
5090.000000 7.322348e-16
5092.000000 7.873967e-16
5094.000000 5.072675e-16
5096.000000 4.713184e-16
5098.000000 7.919998e-16
5100.000000 7.276235e-16
5102.000000 5.586640e-16
5104.000000 5.886613e-16
5106.000000 7.203811e-16
5108.000000 6.126182e-16
5110.000000 7.751084e-16
5112.000000 6.137084e-16
5114.000000 5.828749e-16
5116.000000 6.375312e-16
5118.000000 7.703474e-16
5120.000000 5.093123e-16
5122.000000 4.914534e-16
5124.000000 4.251746e-16
5126.000000 7.334224e-16
5128.000000 5.933724e-16
5130.000000 5.264207e-16
5132.000000 4.352751e-16
5134.000000 7.148381e-16
5136.000000 6.568062e-16
5138.000000 4.726446e-16
5140.000000 5.229670e-16
5142.000000 4.881153e-16
5144.000000 5.828999e-16
5146.000000 7.373459e-16
5148.000000 5.418658e-16
5150.000000 4.703268e-16
5152.000000 6.736684e-16
5154.000000 3.322687e-16
5156.000000 5.672583e-16
5158.000000 3.918066e-16
5160.000000 5.742178e-16
5162.000000 3.448435e-16
5164.000000 3.409929e-16
5166.000000 3.233276e-16
5168.000000 4.085040e-16
5170.000000 5.003031e-16
5172.000000 2.462560e-16
5174.000000 4.075770e-16
5176.000000 5.707962e-16
5178.000000 3.817618e-16
5180.000000 4.387062e-16
5182.000000 5.002456e-16
5184.000000 5.795825e-16
5186.000000 3.745579e-16
5188.000000 3.700695e-16
5190.000000 4.238871e-16
5192.000000 4.281371e-16
5194.000000 3.806756e-16
5196.000000 2.864114e-16
5198.000000 4.344092e-16
5200.000000 3.937706e-16
5202.000000 5.465992e-16
5204.000000 2.680956e-16
5206.000000 4.819105e-16
5208.000000 5.080860e-16
5210.000000 2.029748e-16
5212.000000 2.980078e-16
5214.000000 5.776791e-16
5216.000000 5.173983e-16
5218.000000 4.174709e-16
5220.000000 3.965591e-16
5222.000000 3.491981e-16
5224.000000 6.249131e-16
5226.000000 4.300975e-16
5228.000000 6.419677e-16
5230.000000 6.942423e-16
5232.000000 6.964786e-16
5234.000000 6.491896e-16
5236.000000 5.120203e-16
5238.000000 5.103861e-16
5240.000000 6.028946e-16
5242.000000 5.650591e-16
5244.000000 7.812314e-16
5246.000000 5.715315e-16
5248.000000 3.942329e-16
5250.000000 6.630050e-16
5252.000000 5.262562e-16
5254.000000 5.821871e-16
5256.000000 2.910284e-16
5258.000000 6.696217e-16
5260.000000 6.877695e-16
5262.000000 7.658612e-16
5264.000000 7.347267e-16
5266.000000 4.787314e-16
5268.000000 4.485749e-16
5270.000000 5.608159e-16
5272.000000 6.377406e-16
5274.000000 7.700878e-16
5276.000000 4.759124e-16
5278.000000 5.487556e-16
5280.000000 4.549028e-16
5282.000000 7.073611e-16
5284.000000 5.152818e-16
5286.000000 6.413996e-16
5288.000000 3.087853e-16
5290.000000 5.048734e-16
5292.000000 2.843703e-16
5294.000000 3.378855e-16
5296.000000 5.715618e-16
5298.000000 4.449792e-16
5300.000000 6.548214e-16
5302.000000 5.970472e-16
5304.000000 6.781926e-16
5306.000000 5.999629e-16
5308.000000 6.269854e-16
5310.000000 5.388556e-16
5312.000000 3.579408e-16
5314.000000 7.311048e-16
5316.000000 5.540650e-16
5318.000000 3.826067e-16
5320.000000 5.494465e-16
5322.000000 4.743999e-16
5324.000000 5.739137e-16
5326.000000 4.282082e-16
5328.000000 5.664117e-16
5330.000000 3.435055e-16
5332.000000 3.720431e-16
5334.000000 5.243621e-16
5336.000000 6.071723e-16
5338.000000 6.926949e-16
5340.000000 4.668652e-16
5342.000000 4.081942e-16
5344.000000 7.635204e-16
5346.000000 6.031593e-16
5348.000000 7.810905e-16
5350.000000 4.219583e-16
5352.000000 7.351754e-16
5354.000000 6.173068e-16
5356.000000 8.151240e-16
5358.000000 4.915778e-16
5360.000000 6.114864e-16
5362.000000 6.460292e-16
5364.000000 3.879206e-16
5366.000000 4.303746e-16
5368.000000 6.520298e-16
5370.000000 6.268933e-16
5372.000000 6.150362e-16
5374.000000 5.686715e-16
5376.000000 9.647832e-16
5378.000000 7.076857e-16
5380.000000 5.143273e-16
5382.000000 5.632488e-16
5384.000000 8.002526e-16
5386.000000 6.513997e-16
5388.000000 9.701868e-16
5390.000000 3.451929e-16
5392.000000 4.618498e-16
5394.000000 4.490835e-16
5396.000000 3.560713e-16
5398.000000 7.394091e-16
5400.000000 8.683510e-16
5402.000000 7.237535e-16
5404.000000 9.950607e-16
5406.000000 6.519703e-16
5408.000000 9.469564e-16
5410.000000 7.453519e-16
5412.000000 6.656022e-16
5414.000000 4.731660e-16
5416.000000 4.129891e-16
5418.000000 6.909659e-16
5420.000000 5.710676e-16
5422.000000 8.134291e-16
5424.000000 2.492455e-16
5426.000000 6.759809e-16
5428.000000 7.061368e-16
5430.000000 6.706347e-16
5432.000000 1.157326e-15
5434.000000 6.944730e-16
5436.000000 3.096376e-16
5438.000000 4.157614e-16
5440.000000 4.350901e-16
5442.000000 3.574418e-16
5444.000000 3.188643e-16
5446.000000 3.775628e-16
5448.000000 5.199885e-16
5450.000000 6.905245e-16
5452.000000 9.019728e-16
5454.000000 8.978419e-16
5456.000000 6.280785e-16
5458.000000 5.094161e-16
5460.000000 3.794904e-16
5462.000000 1.354191e-16
5464.000000 2.677918e-16
5466.000000 7.147010e-16
5468.000000 8.794538e-16
5470.000000 7.956029e-16
5472.000000 7.316837e-16
5474.000000 6.501067e-16
5476.000000 5.163658e-16
5478.000000 4.012377e-16
5480.000000 2.689268e-16
5482.000000 2.408373e-16
5484.000000 3.103899e-16
5486.000000 4.324124e-16
5488.000000 6.602907e-16
5490.000000 7.656414e-16
5492.000000 6.252410e-16
5494.000000 3.817239e-16
5496.000000 3.172405e-16
5498.000000 3.204346e-16
5500.000000 3.835106e-16
5502.000000 5.880430e-16
5504.000000 7.896088e-16
5506.000000 9.115840e-16
5508.000000 9.082124e-16
5510.000000 7.778686e-16
5512.000000 5.406241e-16
5514.000000 4.506618e-16
5516.000000 4.978578e-16
5518.000000 4.647993e-16
5520.000000 3.905785e-16
5522.000000 3.732269e-16
5524.000000 4.126746e-16
5526.000000 5.148623e-16
5528.000000 6.552592e-16
5530.000000 8.944938e-16
5532.000000 9.636422e-16
5534.000000 8.770641e-16
5536.000000 7.858149e-16
5538.000000 7.857137e-16
5540.000000 8.187354e-16
5542.000000 7.677360e-16
5544.000000 6.538910e-16
5546.000000 5.775550e-16
5548.000000 4.786131e-16
5550.000000 3.938688e-16
5552.000000 4.120353e-16
5554.000000 4.791808e-16
5556.000000 4.943567e-16
5558.000000 4.693548e-16
5560.000000 4.514521e-16
5562.000000 4.607549e-16
5564.000000 5.627211e-16
5566.000000 5.795557e-16
5568.000000 4.166252e-16
5570.000000 3.994399e-16
5572.000000 4.715093e-16
5574.000000 5.136691e-16
5576.000000 5.111519e-16
5578.000000 5.276652e-16
5580.000000 4.979745e-16
5582.000000 4.538023e-16
5584.000000 4.635897e-16
5586.000000 5.048124e-16
5588.000000 5.328437e-16
5590.000000 5.594828e-16
5592.000000 5.564272e-16
5594.000000 5.460353e-16
5596.000000 5.443675e-16
5598.000000 5.881565e-16
5600.000000 6.953441e-16
5602.000000 7.755130e-16
5604.000000 8.516432e-16
5606.000000 8.617629e-16
5608.000000 7.902059e-16
5610.000000 7.191105e-16
5612.000000 7.134571e-16
5614.000000 7.428996e-16
5616.000000 7.316579e-16
5618.000000 6.962415e-16
5620.000000 6.912591e-16
5622.000000 7.302292e-16
5624.000000 7.183670e-16
5626.000000 6.644833e-16
5628.000000 6.537163e-16
5630.000000 7.193275e-16
5632.000000 8.344776e-16
5634.000000 8.407965e-16
5636.000000 7.239409e-16
5638.000000 6.939197e-16
5640.000000 7.481770e-16
5642.000000 7.681816e-16
5644.000000 7.261969e-16
5646.000000 6.555502e-16
5648.000000 6.552231e-16
5650.000000 7.123937e-16
5652.000000 7.919464e-16
5654.000000 8.653787e-16
5656.000000 9.009185e-16
5658.000000 9.145301e-16
5660.000000 8.665355e-16
5662.000000 7.996017e-16
5664.000000 7.070571e-16
5666.000000 7.032058e-16
5668.000000 7.337646e-16
5670.000000 7.229930e-16
5672.000000 7.517114e-16
5674.000000 7.761859e-16
5676.000000 7.194693e-16
5678.000000 6.407665e-16
5680.000000 5.571358e-16
5682.000000 2.659113e-16
5684.000000 7.837660e-17
5686.000000 3.093079e-16
5688.000000 7.011838e-16
5690.000000 7.833873e-16
5692.000000 7.130685e-16
5694.000000 6.600415e-16
5696.000000 5.543401e-16
5698.000000 5.215307e-16
5700.000000 5.822987e-16
5702.000000 6.413027e-16
5704.000000 5.798490e-16
5706.000000 4.497544e-16
5708.000000 3.721570e-16
5710.000000 2.696713e-16
5712.000000 2.853059e-16
5714.000000 5.429832e-16
5716.000000 7.833759e-16
5718.000000 7.634221e-16
5720.000000 6.346351e-16
5722.000000 5.803621e-16
5724.000000 5.430834e-16
5726.000000 5.062815e-16
5728.000000 4.742137e-16
5730.000000 4.360160e-16
5732.000000 4.241297e-16
5734.000000 4.236175e-16
5736.000000 4.493311e-16
5738.000000 5.156559e-16
5740.000000 5.354913e-16
5742.000000 4.771933e-16
5744.000000 4.594629e-16
5746.000000 4.934227e-16
5748.000000 5.255118e-16
5750.000000 5.427289e-16
5752.000000 5.403290e-16
5754.000000 5.452434e-16
5756.000000 5.579535e-16
5758.000000 6.376406e-16
5760.000000 7.284286e-16
5762.000000 7.613224e-16
5764.000000 7.316188e-16
5766.000000 6.590592e-16
5768.000000 6.019865e-16
5770.000000 5.366866e-16
5772.000000 4.652539e-16
5774.000000 3.817023e-16
5776.000000 3.845867e-16
5778.000000 4.762167e-16
5780.000000 5.855613e-16
5782.000000 5.460374e-16
5784.000000 3.848504e-16
5786.000000 2.585615e-16
5788.000000 8.855800e-17
5790.000000 1.042630e-17
5792.000000 1.214447e-16
5794.000000 3.274683e-16
5796.000000 3.682129e-16
5798.000000 3.107671e-16
5800.000000 2.331181e-16
5802.000000 6.131500e-17
5806.000000 5.180490e-17
5808.000000 2.081095e-16
5810.000000 2.517382e-16
5812.000000 2.567032e-16
5814.000000 2.416994e-16
5816.000000 1.583354e-16
5818.000000 6.964540e-17
5820.000000 9.077150e-17
5822.000000 2.021597e-16
5824.000000 1.935972e-16
5826.000000 1.425179e-16
5828.000000 8.708260e-17
5834.000000 1.399680e-17
5836.000000 1.847933e-16
5838.000000 2.119271e-16
5840.000000 1.492610e-16
5842.000000 1.270476e-16
5844.000000 1.417513e-16
5846.000000 1.918254e-16
5848.000000 1.946621e-16
5850.000000 1.093045e-16
5852.000000 5.342210e-17
5854.000000 7.325850e-17
5856.000000 9.955270e-17
5858.000000 1.013023e-16
5860.000000 1.191624e-16
5862.000000 2.482504e-16
5864.000000 3.959514e-16
5866.000000 4.849976e-16
5868.000000 4.967117e-16
5870.000000 4.298077e-16
5872.000000 2.843014e-16
5874.000000 1.566319e-16
5880.000000 6.724370e-17
5882.000000 2.419734e-16
5884.000000 3.966786e-16
5886.000000 4.975242e-16
5888.000000 7.056540e-16
5890.000000 1.106283e-15
5892.000000 1.568991e-15
5894.000000 1.998273e-15
5896.000000 2.151090e-15
5898.000000 1.779525e-15
5900.000000 1.009841e-15
5902.000000 5.186551e-16
5904.000000 1.151764e-16
5910.000000 1.098267e-16
5912.000000 2.110026e-16
5914.000000 2.932836e-16
5916.000000 3.594759e-16
5918.000000 4.159353e-16
5920.000000 4.597399e-16
5922.000000 5.387301e-16
5924.000000 5.697360e-16
5926.000000 4.282257e-16
5928.000000 2.301635e-16
5930.000000 2.154384e-16
5932.000000 3.169950e-16
5934.000000 3.084808e-16
5936.000000 1.883515e-16
5938.000000 1.473543e-16
5940.000000 1.986887e-16
5942.000000 2.877323e-16
5944.000000 3.109256e-16
5946.000000 3.086618e-16
5948.000000 2.818208e-16
5950.000000 1.960348e-16
5952.000000 1.421918e-16
5954.000000 1.712673e-16
5956.000000 1.952397e-16
5958.000000 1.628324e-16
5960.000000 1.010460e-16
5962.000000 9.757810e-17
5964.000000 1.143942e-16
5966.000000 2.669129e-16
5968.000000 5.686382e-16
5970.000000 7.001172e-16
5972.000000 6.174792e-16
5974.000000 4.515888e-16
5976.000000 4.019852e-16
5978.000000 4.042299e-16
5980.000000 4.056457e-16
5982.000000 4.395241e-16
5984.000000 4.460514e-16
5986.000000 3.797862e-16
5988.000000 2.836085e-16
5990.000000 2.512970e-16
5992.000000 2.515926e-16
5994.000000 2.618668e-16
5996.000000 3.001923e-16
5998.000000 3.290163e-16
6000.000000 3.761099e-16
6002.000000 4.758352e-16
6004.000000 5.149219e-16
6006.000000 4.925691e-16
6008.000000 4.665960e-16
6010.000000 4.596494e-16
6012.000000 4.882867e-16
6014.000000 4.694179e-16
6016.000000 3.991354e-16
6018.000000 3.791833e-16
6020.000000 3.994123e-16
6022.000000 4.072686e-16
6024.000000 3.929357e-16
6026.000000 3.934976e-16
6028.000000 4.263478e-16
6030.000000 4.260848e-16
6032.000000 3.723178e-16
6034.000000 3.188076e-16
6036.000000 3.748223e-16
6038.000000 5.428584e-16
6040.000000 5.760321e-16
6042.000000 4.909608e-16
6044.000000 4.614985e-16
6046.000000 4.798206e-16
6048.000000 5.172007e-16
6050.000000 5.285649e-16
6052.000000 5.071714e-16
6054.000000 5.022707e-16
6056.000000 5.800461e-16
6058.000000 6.311040e-16
6060.000000 5.474488e-16
6062.000000 4.430476e-16
6064.000000 4.201824e-16
6066.000000 4.172959e-16
6068.000000 3.851050e-16
6070.000000 3.550112e-16
6072.000000 3.460857e-16
6074.000000 3.171490e-16
6076.000000 3.138972e-16
6078.000000 3.860325e-16
6080.000000 5.045241e-16
6082.000000 5.362188e-16
6084.000000 4.943692e-16
6086.000000 4.828311e-16
6088.000000 4.550369e-16
6090.000000 3.551284e-16
6092.000000 2.796316e-16
6094.000000 2.501373e-16
6096.000000 2.423246e-16
6098.000000 2.263366e-16
6100.000000 2.525450e-16
6102.000000 4.248840e-16
6104.000000 5.315273e-16
6106.000000 4.193971e-16
6108.000000 2.514463e-16
6110.000000 2.226365e-16
6112.000000 2.568226e-16
6114.000000 2.513614e-16
6116.000000 2.830565e-16
6118.000000 3.001116e-16
6120.000000 2.520129e-16
6122.000000 2.444215e-16
6124.000000 3.141751e-16
6126.000000 4.297420e-16
6128.000000 4.625584e-16
6130.000000 4.496147e-16
6132.000000 4.388292e-16
6134.000000 3.763505e-16
6136.000000 3.235273e-16
6138.000000 3.385046e-16
6140.000000 3.711509e-16
6142.000000 3.665876e-16
6144.000000 3.337612e-16
6146.000000 3.601932e-16
6148.000000 4.262537e-16
6150.000000 4.629954e-16
6152.000000 4.544971e-16
6154.000000 4.137215e-16
6156.000000 3.809041e-16
6158.000000 3.418284e-16
6160.000000 3.461243e-16
6162.000000 3.607329e-16
6164.000000 3.753554e-16
6166.000000 4.135087e-16
6168.000000 4.292526e-16
6170.000000 4.222729e-16
6172.000000 4.034564e-16
6174.000000 4.182995e-16
6176.000000 4.566587e-16
6178.000000 4.564903e-16
6180.000000 4.097021e-16
6182.000000 3.613220e-16
6184.000000 3.180589e-16
6186.000000 2.559374e-16
6188.000000 2.061383e-16
6190.000000 1.753098e-16
6192.000000 1.931014e-16
6194.000000 2.388172e-16
6196.000000 2.713626e-16
6198.000000 2.971395e-16
6200.000000 3.295822e-16
6202.000000 3.349540e-16
6204.000000 2.854147e-16
6206.000000 2.703045e-16
6208.000000 3.081092e-16
6210.000000 3.530432e-16
6212.000000 3.489675e-16
6214.000000 3.289959e-16
6216.000000 3.356980e-16
6218.000000 3.745238e-16
6220.000000 3.228908e-16
6222.000000 1.603373e-16
6224.000000 1.508240e-16
6226.000000 3.025675e-16
6228.000000 4.420076e-16
6230.000000 4.737777e-16
6232.000000 4.778373e-16
6234.000000 5.085907e-16
6236.000000 4.595846e-16
6238.000000 3.541358e-16
6240.000000 3.172603e-16
6242.000000 2.966108e-16
6244.000000 2.679260e-16
6246.000000 2.564035e-16
6248.000000 2.982337e-16
6250.000000 3.801864e-16
6252.000000 4.243204e-16
6254.000000 4.449263e-16
6256.000000 4.579576e-16
6258.000000 5.022045e-16
6260.000000 5.596816e-16
6262.000000 5.529056e-16
6264.000000 4.668600e-16
6266.000000 4.176262e-16
6268.000000 4.025899e-16
6270.000000 4.185411e-16
6272.000000 4.140375e-16
6274.000000 3.730340e-16
6276.000000 3.339815e-16
6278.000000 3.010713e-16
6280.000000 3.066157e-16
6282.000000 3.110671e-16
6284.000000 3.393763e-16
6286.000000 3.509683e-16
6288.000000 3.243459e-16
6290.000000 3.638654e-16
6292.000000 4.791771e-16
6294.000000 5.245090e-16
6296.000000 5.020743e-16
6298.000000 4.919957e-16
6300.000000 4.169470e-16
6302.000000 2.713377e-16
6304.000000 2.728112e-16
6306.000000 3.911637e-16
6308.000000 4.499677e-16
6310.000000 4.328470e-16
6312.000000 4.341625e-16
6314.000000 4.594845e-16
6316.000000 4.698204e-16
6318.000000 4.809910e-16
6320.000000 4.988437e-16
6322.000000 5.017305e-16
6324.000000 4.617884e-16
6326.000000 4.596978e-16
6328.000000 5.248021e-16
6330.000000 5.824480e-16
6332.000000 5.766792e-16
6334.000000 5.513982e-16
6336.000000 5.293053e-16
6338.000000 4.690732e-16
6340.000000 4.557759e-16
6342.000000 5.225712e-16
6344.000000 6.176588e-16
6346.000000 7.051627e-16
6348.000000 8.018013e-16
6350.000000 8.534180e-16
6352.000000 8.691881e-16
6354.000000 8.485363e-16
6356.000000 7.761557e-16
6358.000000 7.375792e-16
6360.000000 7.444582e-16
6362.000000 7.910517e-16
6364.000000 8.645501e-16
6366.000000 9.793368e-16
6368.000000 9.879614e-16
6370.000000 8.746675e-16
6372.000000 8.077592e-16
6374.000000 7.939979e-16
6376.000000 8.023112e-16
6378.000000 8.299987e-16
6380.000000 8.870315e-16
6382.000000 9.308130e-16
6384.000000 9.699678e-16
6386.000000 9.885498e-16
6388.000000 9.922783e-16
6390.000000 9.681625e-16
6392.000000 9.667488e-16
6394.000000 9.955153e-16
6396.000000 1.027878e-15
6398.000000 1.062950e-15
6400.000000 1.084079e-15
6402.000000 1.086504e-15
6404.000000 1.067187e-15
6406.000000 1.049935e-15
6408.000000 1.019803e-15
6410.000000 1.006961e-15
6412.000000 1.015469e-15
6414.000000 9.998733e-16
6416.000000 9.505177e-16
6418.000000 9.264361e-16
6420.000000 9.140619e-16
6422.000000 8.989859e-16
6424.000000 8.841873e-16
6426.000000 8.785463e-16
6428.000000 8.623676e-16
6430.000000 8.156589e-16
6432.000000 7.688710e-16
6434.000000 7.701839e-16
6436.000000 7.891884e-16
6438.000000 8.054686e-16
6440.000000 8.429434e-16
6442.000000 8.712145e-16
6444.000000 8.838039e-16
6446.000000 8.671638e-16
6448.000000 8.368950e-16
6450.000000 8.132144e-16
6452.000000 7.837753e-16
6454.000000 7.365362e-16
6456.000000 7.111484e-16
6458.000000 7.277598e-16
6460.000000 7.211651e-16
6462.000000 6.570884e-16
6464.000000 6.008605e-16
6466.000000 5.891274e-16
6468.000000 5.717264e-16
6470.000000 5.785131e-16
6472.000000 6.365300e-16
6474.000000 6.829155e-16
6476.000000 6.800028e-16
6478.000000 6.641940e-16
6480.000000 6.335642e-16
6482.000000 5.567449e-16
6484.000000 5.286092e-16
6486.000000 5.346920e-16
6488.000000 5.633121e-16
6490.000000 6.309763e-16
6492.000000 6.819287e-16
6494.000000 6.453386e-16
6496.000000 5.733317e-16
6498.000000 5.658298e-16
6500.000000 5.781678e-16
6502.000000 5.645896e-16
6504.000000 5.492671e-16
6506.000000 5.371764e-16
6508.000000 4.954416e-16
6510.000000 4.583751e-16
6512.000000 4.781997e-16
6514.000000 5.534894e-16
6516.000000 5.967394e-16
6518.000000 6.200509e-16
6520.000000 5.885181e-16
6522.000000 5.356929e-16
6524.000000 4.889460e-16
6526.000000 4.597813e-16
6528.000000 4.577726e-16
6530.000000 4.792781e-16
6532.000000 5.252385e-16
6534.000000 5.492193e-16
6536.000000 5.801736e-16
6538.000000 6.165613e-16
6540.000000 6.049342e-16
6542.000000 5.433444e-16
6544.000000 4.959560e-16
6546.000000 4.398536e-16
6548.000000 4.311746e-16
6550.000000 4.886283e-16
6552.000000 5.429584e-16
6554.000000 5.484171e-16
6556.000000 5.235077e-16
6558.000000 5.157766e-16
6560.000000 5.055996e-16
6562.000000 5.035153e-16
6564.000000 5.173666e-16
6566.000000 5.424087e-16
6568.000000 5.512074e-16
6570.000000 5.367265e-16
6572.000000 5.211841e-16
6574.000000 5.039338e-16
6576.000000 5.009257e-16
6578.000000 5.060414e-16
6580.000000 5.134272e-16
6582.000000 5.352113e-16
6584.000000 5.557019e-16
6586.000000 5.501734e-16
6588.000000 5.358485e-16
6590.000000 5.494221e-16
6592.000000 5.916242e-16
6594.000000 6.099953e-16
6596.000000 6.226374e-16
6598.000000 5.861976e-16
6600.000000 5.300475e-16
6602.000000 4.980116e-16
6604.000000 4.462369e-16
6606.000000 3.523384e-16
6608.000000 3.269293e-16
6610.000000 3.978545e-16
6612.000000 4.472609e-16
6614.000000 4.949992e-16
6616.000000 5.375194e-16
6618.000000 5.303511e-16
6620.000000 4.937284e-16
6622.000000 5.092294e-16
6624.000000 5.620452e-16
6626.000000 5.804815e-16
6628.000000 5.999677e-16
6630.000000 6.094080e-16
6632.000000 5.802615e-16
6634.000000 5.278217e-16
6636.000000 4.943415e-16
6638.000000 4.713283e-16
6640.000000 4.280626e-16
6642.000000 3.880676e-16
6644.000000 3.657417e-16
6646.000000 3.769940e-16
6648.000000 4.302968e-16
6650.000000 4.661701e-16
6652.000000 4.880143e-16
6654.000000 4.950419e-16
6656.000000 5.092086e-16
6658.000000 5.249761e-16
6660.000000 4.958677e-16
6662.000000 4.393820e-16
6664.000000 4.930007e-16
6666.000000 6.540391e-16
6668.000000 7.263747e-16
6670.000000 7.193762e-16
6672.000000 7.460711e-16
6674.000000 7.401334e-16
6676.000000 6.319663e-16
6678.000000 5.298070e-16
6680.000000 4.084221e-16
6682.000000 3.757836e-16
6684.000000 4.342344e-16
6686.000000 4.955717e-16
6688.000000 5.092454e-16
6690.000000 4.890387e-16
6692.000000 4.682882e-16
6694.000000 4.361319e-16
6696.000000 3.928144e-16
6698.000000 3.086893e-16
6700.000000 2.756180e-16
6702.000000 3.288541e-16
6704.000000 3.797819e-16
6706.000000 3.592497e-16
6708.000000 3.196956e-16
6710.000000 3.180565e-16
6712.000000 3.433852e-16
6714.000000 3.465762e-16
6716.000000 3.346961e-16
6718.000000 2.948887e-16
6720.000000 2.677319e-16
6722.000000 2.801694e-16
6724.000000 3.060700e-16
6726.000000 3.400492e-16
6728.000000 3.488512e-16
6730.000000 3.742261e-16
6732.000000 3.828208e-16
6734.000000 3.389318e-16
6736.000000 2.963827e-16
6738.000000 2.768543e-16
6740.000000 2.545133e-16
6742.000000 2.420351e-16
6744.000000 2.898491e-16
6746.000000 2.916766e-16
6748.000000 2.178332e-16
6750.000000 1.978706e-16
6752.000000 2.334122e-16
6754.000000 2.826308e-16
6756.000000 3.016871e-16
6758.000000 3.448327e-16
6760.000000 3.624243e-16
6762.000000 3.256673e-16
6764.000000 3.189984e-16
6766.000000 3.294499e-16
6768.000000 3.206633e-16
6770.000000 3.155734e-16
6772.000000 3.380173e-16
6774.000000 3.603000e-16
6776.000000 3.490435e-16
6778.000000 3.376624e-16
6780.000000 3.341189e-16
6782.000000 3.136231e-16
6784.000000 3.102485e-16
6786.000000 3.326527e-16
6788.000000 3.461322e-16
6790.000000 3.248322e-16
6792.000000 3.277132e-16
6794.000000 3.525434e-16
6796.000000 3.548720e-16
6798.000000 3.286629e-16
6800.000000 2.785304e-16
6802.000000 2.273222e-16
6804.000000 1.408014e-16
6806.000000 1.246498e-16
6808.000000 1.725446e-16
6810.000000 2.379691e-16
6812.000000 3.196918e-16
6814.000000 4.132290e-16
6816.000000 4.288809e-16
6818.000000 3.601999e-16
6820.000000 3.718762e-16
6822.000000 3.636524e-16
6824.000000 3.197699e-16
6826.000000 3.150710e-16
6828.000000 3.342731e-16
6830.000000 3.792524e-16
6832.000000 4.800389e-16
6834.000000 5.100412e-16
6836.000000 4.841231e-16
6838.000000 4.296264e-16
6840.000000 3.600408e-16
6842.000000 2.993236e-16
6844.000000 2.824056e-16
6846.000000 2.975798e-16
6848.000000 2.929863e-16
6850.000000 2.947450e-16
6852.000000 2.965997e-16
6854.000000 2.746357e-16
6856.000000 2.315485e-16
6858.000000 2.264765e-16
6860.000000 2.489294e-16
6862.000000 2.619255e-16
6864.000000 2.700536e-16
6866.000000 2.877750e-16
6868.000000 2.939040e-16
6870.000000 2.852995e-16
6872.000000 2.769847e-16
6874.000000 2.638115e-16
6876.000000 2.494531e-16
6878.000000 2.321889e-16
6880.000000 2.235904e-16
6882.000000 2.059929e-16
6884.000000 1.864834e-16
6886.000000 1.957734e-16
6888.000000 2.216418e-16
6890.000000 2.068429e-16
6892.000000 1.388516e-16
6894.000000 1.011187e-16
6896.000000 1.200856e-16
6898.000000 1.558670e-16
6900.000000 1.385754e-16
6902.000000 1.225235e-16
6904.000000 1.533217e-16
6906.000000 2.257317e-16
6908.000000 2.287099e-16
6910.000000 1.930362e-16
6912.000000 1.887805e-16
6914.000000 2.070976e-16
6916.000000 2.229773e-16
6918.000000 1.997725e-16
6920.000000 1.359313e-16
6922.000000 1.360277e-16
6924.000000 2.202067e-16
6926.000000 2.727473e-16
6928.000000 2.767279e-16
6930.000000 2.632452e-16
6932.000000 2.507929e-16
6934.000000 2.379136e-16
6936.000000 2.316085e-16
6938.000000 2.180083e-16
6940.000000 1.951931e-16
6942.000000 1.978120e-16
6944.000000 2.164720e-16
6946.000000 2.372629e-16
6948.000000 2.688129e-16
6950.000000 2.834293e-16
6952.000000 2.838784e-16
6954.000000 2.759640e-16
6956.000000 2.479275e-16
6958.000000 2.067873e-16
6960.000000 1.899989e-16
6962.000000 1.846965e-16
6964.000000 1.673512e-16
6966.000000 1.382399e-16
6968.000000 1.295121e-16
6970.000000 1.202488e-16
6972.000000 1.242091e-16
6974.000000 1.706030e-16
6976.000000 2.307457e-16
6978.000000 2.518807e-16
6980.000000 2.541214e-16
6982.000000 2.194539e-16
6984.000000 1.157908e-16
6986.000000 5.834180e-17
6988.000000 6.176630e-17
6990.000000 7.796830e-17
6992.000000 1.102369e-16
6994.000000 1.728222e-16
6996.000000 1.952025e-16
6998.000000 1.607243e-16
7000.000000 1.563601e-16
7002.000000 1.613895e-16
7004.000000 1.491243e-16
7006.000000 1.413380e-16
7008.000000 1.279455e-16
7010.000000 1.359866e-16
7012.000000 1.774449e-16
7014.000000 2.194970e-16
7016.000000 2.412135e-16
7018.000000 2.254852e-16
7020.000000 2.060771e-16
7022.000000 1.979912e-16
7024.000000 2.003100e-16
7026.000000 2.094124e-16
7028.000000 1.954355e-16
7030.000000 1.535631e-16
7032.000000 1.046888e-16
7034.000000 1.288063e-16
7036.000000 2.089092e-16
7038.000000 2.361749e-16
7040.000000 2.304432e-16
7042.000000 2.364232e-16
7044.000000 2.516365e-16
7046.000000 2.374287e-16
7048.000000 2.124110e-16
7050.000000 1.964357e-16
7052.000000 1.808958e-16
7054.000000 1.591834e-16
7056.000000 1.574455e-16
7058.000000 1.957074e-16
7060.000000 2.130699e-16
7062.000000 2.017569e-16
7064.000000 1.712824e-16
7066.000000 1.413947e-16
7068.000000 1.138105e-16
7070.000000 1.399170e-16
7072.000000 2.623190e-16
7074.000000 2.808334e-16
7076.000000 1.784050e-16
7078.000000 6.214530e-17
7080.000000 5.042330e-17
7082.000000 1.054367e-16
7084.000000 1.621536e-16
7086.000000 2.479197e-16
7088.000000 2.776974e-16
7090.000000 2.649231e-16
7092.000000 2.706067e-16
7094.000000 2.726246e-16
7096.000000 2.543636e-16
7098.000000 2.432117e-16
7100.000000 2.331243e-16
7102.000000 2.376433e-16
7104.000000 2.750816e-16
7106.000000 3.018874e-16
7108.000000 2.768658e-16
7110.000000 2.472211e-16
7112.000000 2.427913e-16
7114.000000 2.358403e-16
7116.000000 2.245895e-16
7118.000000 2.302334e-16
7120.000000 2.731615e-16
7122.000000 3.315892e-16
7124.000000 3.749654e-16
7126.000000 3.622118e-16
7128.000000 3.084180e-16
7130.000000 2.839879e-16
7132.000000 2.730783e-16
7134.000000 2.852204e-16
7136.000000 3.043331e-16
7138.000000 3.098059e-16
7140.000000 3.301777e-16
7142.000000 3.522802e-16
7144.000000 3.443807e-16
7146.000000 2.973344e-16
7148.000000 2.997608e-16
7150.000000 3.365465e-16
7152.000000 3.610613e-16
7154.000000 3.676575e-16
7156.000000 3.680563e-16
7158.000000 3.705900e-16
7160.000000 3.756502e-16
7162.000000 3.810553e-16
7164.000000 3.847412e-16
7166.000000 3.456626e-16
7168.000000 3.004638e-16
7170.000000 2.706562e-16
7172.000000 2.578798e-16
7174.000000 2.603306e-16
7176.000000 2.717009e-16
7178.000000 3.030988e-16
7180.000000 3.038688e-16
7182.000000 2.679391e-16
7184.000000 2.366189e-16
7186.000000 2.538282e-16
7188.000000 2.955459e-16
7190.000000 3.096297e-16
7192.000000 3.161024e-16
7194.000000 3.177327e-16
7196.000000 2.893628e-16
7198.000000 2.545617e-16
7200.000000 2.555152e-16
7202.000000 2.827671e-16
7204.000000 2.939196e-16
7206.000000 2.856471e-16
7208.000000 2.872347e-16
7210.000000 3.114706e-16
7212.000000 3.292196e-16
7214.000000 3.519240e-16
7216.000000 3.870823e-16
7218.000000 3.816871e-16
7220.000000 3.325096e-16
7222.000000 3.096453e-16
7224.000000 2.980831e-16
7226.000000 2.831130e-16
7228.000000 3.184311e-16
7230.000000 3.942336e-16
7232.000000 4.151559e-16
7234.000000 4.045589e-16
7236.000000 3.912492e-16
7238.000000 3.728936e-16
7240.000000 3.197104e-16
7242.000000 2.539991e-16
7244.000000 2.269191e-16
7246.000000 2.268287e-16
7248.000000 2.444026e-16
7250.000000 2.770687e-16
7252.000000 3.756489e-16
7254.000000 3.966177e-16
7256.000000 3.321120e-16
7258.000000 2.950403e-16
7260.000000 3.207059e-16
7262.000000 3.760345e-16
7264.000000 3.996598e-16
7266.000000 4.132737e-16
7268.000000 4.012503e-16
7270.000000 3.686473e-16
7272.000000 3.625554e-16
7274.000000 3.710855e-16
7276.000000 3.681751e-16
7278.000000 3.683678e-16
7280.000000 3.874977e-16
7282.000000 3.989190e-16
7284.000000 3.688505e-16
7286.000000 3.494726e-16
7288.000000 3.601334e-16
7290.000000 3.855445e-16
7292.000000 4.152015e-16
7294.000000 4.525532e-16
7296.000000 4.553841e-16
7298.000000 4.444326e-16
7300.000000 4.345452e-16
7302.000000 3.812869e-16
7304.000000 3.272212e-16
7306.000000 3.160999e-16
7308.000000 3.209687e-16
7310.000000 3.194104e-16
7312.000000 3.237271e-16
7314.000000 3.515717e-16
7316.000000 4.023450e-16
7318.000000 4.674088e-16
7320.000000 4.976558e-16
7322.000000 5.056388e-16
7324.000000 4.873232e-16
7326.000000 4.365318e-16
7328.000000 3.763453e-16
7330.000000 3.074667e-16
7332.000000 2.977447e-16
7334.000000 3.216172e-16
7336.000000 3.705444e-16
7338.000000 4.057232e-16
7340.000000 4.465049e-16
7342.000000 4.308591e-16
7344.000000 3.858589e-16
7346.000000 3.554334e-16
7348.000000 3.192710e-16
7350.000000 2.984504e-16
7352.000000 3.155471e-16
7354.000000 3.591054e-16
7356.000000 3.892863e-16
7358.000000 4.424544e-16
7360.000000 5.034473e-16
7362.000000 5.051566e-16
7364.000000 4.568776e-16
7366.000000 4.481593e-16
7368.000000 4.494810e-16
7370.000000 4.516463e-16
7372.000000 4.713146e-16
7374.000000 4.936453e-16
7376.000000 4.698085e-16
7378.000000 4.079061e-16
7380.000000 3.649195e-16
7382.000000 3.219353e-16
7384.000000 3.223560e-16
7386.000000 3.745427e-16
7388.000000 4.247712e-16
7390.000000 4.720546e-16
7392.000000 5.183978e-16
7394.000000 5.134462e-16
7396.000000 4.521328e-16
7398.000000 4.230822e-16
7400.000000 4.201631e-16
7402.000000 4.218568e-16
7404.000000 4.253387e-16
7406.000000 4.579526e-16
7408.000000 4.797747e-16
7410.000000 4.879873e-16
7412.000000 4.983359e-16
7414.000000 5.108646e-16
7416.000000 5.042708e-16
7418.000000 4.730528e-16
7420.000000 4.690637e-16
7422.000000 4.925403e-16
7424.000000 5.269345e-16
7426.000000 5.161407e-16
7428.000000 4.703307e-16
7430.000000 4.508778e-16
7432.000000 4.459582e-16
7434.000000 4.678997e-16
7436.000000 5.357893e-16
7438.000000 5.980846e-16
7440.000000 6.104642e-16
7442.000000 5.983226e-16
7444.000000 5.970854e-16
7446.000000 5.904603e-16
7448.000000 5.911859e-16
7450.000000 5.997132e-16
7452.000000 5.944127e-16
7454.000000 5.851204e-16
7456.000000 5.842818e-16
7458.000000 5.947118e-16
7460.000000 6.179374e-16
7462.000000 6.182250e-16
7464.000000 6.005097e-16
7466.000000 5.715551e-16
7468.000000 5.396037e-16
7470.000000 5.085347e-16
7472.000000 5.165843e-16
7474.000000 5.617815e-16
7476.000000 5.937134e-16
7478.000000 6.207536e-16
7480.000000 6.421278e-16
7482.000000 6.400525e-16
7484.000000 6.160678e-16
7486.000000 6.266922e-16
7488.000000 6.667865e-16
7490.000000 6.748421e-16
7492.000000 6.390563e-16
7494.000000 6.101674e-16
7496.000000 5.850005e-16
7498.000000 5.501624e-16
7500.000000 5.606158e-16
7502.000000 6.070971e-16
7504.000000 6.162484e-16
7506.000000 5.775692e-16
7508.000000 5.683331e-16
7510.000000 5.740466e-16
7512.000000 5.576596e-16
7514.000000 5.410399e-16
7516.000000 5.335552e-16
7518.000000 5.122227e-16
7520.000000 4.604201e-16
7522.000000 4.320406e-16
7524.000000 4.428360e-16
7526.000000 4.387378e-16
7528.000000 4.425582e-16
7530.000000 4.914144e-16
7532.000000 5.406427e-16
7534.000000 5.914083e-16
7536.000000 6.189557e-16
7538.000000 6.485413e-16
7540.000000 6.503347e-16
7542.000000 6.187836e-16
7544.000000 5.748404e-16
7546.000000 5.597876e-16
7548.000000 5.641597e-16
7550.000000 5.565758e-16
7552.000000 5.365063e-16
7554.000000 5.076142e-16
7556.000000 4.796683e-16
7558.000000 4.724156e-16
7560.000000 4.796026e-16
7562.000000 5.030582e-16
7564.000000 5.161116e-16
7566.000000 5.254360e-16
7568.000000 5.144932e-16
7570.000000 5.149178e-16
7572.000000 5.143937e-16
7574.000000 4.769319e-16
7576.000000 4.218620e-16
7578.000000 4.100623e-16
7580.000000 4.442065e-16
7582.000000 4.457123e-16
7584.000000 4.119077e-16
7586.000000 3.884182e-16
7588.000000 4.011340e-16
7590.000000 4.358707e-16
7592.000000 4.491780e-16
7594.000000 4.527493e-16
7596.000000 4.414535e-16
7598.000000 4.049966e-16
7600.000000 3.799683e-16
7602.000000 3.865043e-16
7604.000000 3.797193e-16
7606.000000 3.646396e-16
7608.000000 3.507849e-16
7610.000000 3.613006e-16
7612.000000 3.844267e-16
7614.000000 4.024300e-16
7616.000000 3.973552e-16
7618.000000 3.738344e-16
7620.000000 3.865923e-16
7622.000000 4.211751e-16
7624.000000 4.416988e-16
7626.000000 4.602291e-16
7628.000000 4.704222e-16
7630.000000 4.309136e-16
7632.000000 3.644349e-16
7634.000000 3.583467e-16
7636.000000 3.914723e-16
7638.000000 3.961497e-16
7640.000000 3.704618e-16
7642.000000 3.434116e-16
7644.000000 3.473120e-16
7646.000000 3.623310e-16
7648.000000 3.299252e-16
7650.000000 2.723635e-16
7652.000000 2.720304e-16
7654.000000 3.270349e-16
7656.000000 3.516349e-16
7658.000000 3.479636e-16
7660.000000 3.542871e-16
7662.000000 3.436949e-16
7664.000000 3.040587e-16
7666.000000 2.976643e-16
7668.000000 3.186058e-16
7670.000000 3.071014e-16
7672.000000 2.444731e-16
7674.000000 2.245897e-16
7676.000000 2.521553e-16
7678.000000 3.088033e-16
7680.000000 3.371172e-16
7682.000000 3.517100e-16
7684.000000 3.524944e-16
7686.000000 3.411406e-16
7688.000000 3.257900e-16
7690.000000 3.317228e-16
7692.000000 3.564350e-16
7694.000000 3.208317e-16
7696.000000 2.516144e-16
7698.000000 2.286349e-16
7700.000000 2.516754e-16
7702.000000 2.395830e-16
7704.000000 2.227608e-16
7706.000000 2.296632e-16
7708.000000 2.324229e-16
7710.000000 2.485103e-16
7712.000000 2.505168e-16
7714.000000 2.249042e-16
7716.000000 1.984733e-16
7718.000000 2.164999e-16
7720.000000 2.616029e-16
7722.000000 2.915015e-16
7724.000000 3.115982e-16
7726.000000 2.948643e-16
7728.000000 2.424904e-16
7730.000000 2.100604e-16
7732.000000 1.846025e-16
7734.000000 1.655768e-16
7736.000000 1.734964e-16
7738.000000 2.040797e-16
7740.000000 2.258744e-16
7742.000000 2.476208e-16
7744.000000 2.313214e-16
7746.000000 1.484787e-16
7748.000000 1.401875e-16
7750.000000 1.881196e-16
7752.000000 2.275390e-16
7754.000000 2.673012e-16
7756.000000 3.143762e-16
7758.000000 3.183009e-16
7760.000000 2.696288e-16
7762.000000 2.231050e-16
7764.000000 1.860624e-16
7766.000000 2.048079e-16
7768.000000 2.099472e-16
7770.000000 1.897013e-16
7772.000000 1.878176e-16
7774.000000 2.157218e-16
7776.000000 2.495561e-16
7778.000000 2.792983e-16
7780.000000 2.728804e-16
7782.000000 2.704974e-16
7784.000000 2.835242e-16
7786.000000 2.589953e-16
7788.000000 1.871132e-16
7790.000000 1.570373e-16
7792.000000 1.798194e-16
7794.000000 2.101313e-16
7796.000000 2.400316e-16
7798.000000 2.778604e-16
7800.000000 2.982631e-16
7802.000000 3.082862e-16
7804.000000 3.234874e-16
7806.000000 3.611049e-16
7808.000000 3.591321e-16
7810.000000 2.820506e-16
7812.000000 1.958045e-16
7814.000000 1.934444e-16
7816.000000 2.259803e-16
7818.000000 2.515015e-16
7820.000000 3.119987e-16
7822.000000 3.429971e-16
7824.000000 3.184367e-16
7826.000000 2.745842e-16
7828.000000 2.453906e-16
7830.000000 2.333039e-16
7832.000000 2.684249e-16
7834.000000 3.606286e-16
7836.000000 4.113338e-16
7838.000000 4.338853e-16
7840.000000 4.273768e-16
7842.000000 4.022847e-16
7844.000000 3.659050e-16
7846.000000 3.687488e-16
7848.000000 4.144764e-16
7850.000000 4.299654e-16
7852.000000 3.798096e-16
7854.000000 3.333174e-16
7856.000000 3.699962e-16
7858.000000 4.561196e-16
7860.000000 4.652679e-16
7862.000000 4.127059e-16
7864.000000 4.002461e-16
7866.000000 4.560833e-16
7868.000000 5.161026e-16
7870.000000 5.124460e-16
7872.000000 4.638109e-16
7874.000000 4.761344e-16
7876.000000 5.328454e-16
7878.000000 5.862535e-16
7880.000000 6.498576e-16
7882.000000 6.623655e-16
7884.000000 6.354410e-16
7886.000000 6.218467e-16
7888.000000 6.329565e-16
7890.000000 6.311239e-16
7892.000000 6.033087e-16
7894.000000 5.551435e-16
7896.000000 5.528634e-16
7898.000000 5.576968e-16
7900.000000 5.619188e-16
7902.000000 5.649366e-16
7904.000000 5.459230e-16
7906.000000 5.748240e-16
7908.000000 6.766130e-16
7910.000000 7.398291e-16
7912.000000 7.158024e-16
7914.000000 6.413198e-16
7916.000000 5.973009e-16
7918.000000 5.547929e-16
7920.000000 5.313483e-16
7922.000000 5.328202e-16
7924.000000 5.349162e-16
7926.000000 5.277296e-16
7928.000000 5.092765e-16
7930.000000 4.894964e-16
7932.000000 4.797401e-16
7934.000000 4.448366e-16
7936.000000 3.752225e-16
7938.000000 3.427600e-16
7940.000000 3.550346e-16
7942.000000 4.007936e-16
7944.000000 4.558545e-16
7946.000000 4.978302e-16
7948.000000 5.160755e-16
7950.000000 5.054087e-16
7952.000000 4.624551e-16
7954.000000 3.803157e-16
7956.000000 3.271633e-16
7958.000000 2.521010e-16
7960.000000 1.936043e-16
7962.000000 2.339241e-16
7964.000000 3.401117e-16
7966.000000 4.175536e-16
7968.000000 5.100255e-16
7970.000000 5.419942e-16
7972.000000 4.784333e-16
7974.000000 3.937028e-16
7976.000000 3.767505e-16
7978.000000 4.098399e-16
7980.000000 4.193468e-16
7982.000000 4.242320e-16
7984.000000 4.450527e-16
7986.000000 4.886846e-16
7988.000000 5.013518e-16
7990.000000 4.857704e-16
7992.000000 4.539320e-16
7994.000000 4.238855e-16
7996.000000 3.741023e-16
7998.000000 3.429768e-16
8000.000000 3.479043e-16
8002.000000 3.603725e-16
8004.000000 3.427935e-16
8006.000000 3.234432e-16
8008.000000 3.317939e-16
8010.000000 3.453362e-16
8012.000000 2.978864e-16
8014.000000 1.698913e-16
8016.000000 1.129302e-16
8018.000000 1.118314e-16
8020.000000 1.419475e-16
8022.000000 1.948436e-16
8024.000000 2.746768e-16
8026.000000 2.977488e-16
8028.000000 2.696116e-16
8030.000000 2.340450e-16
8032.000000 2.018411e-16
8034.000000 1.813966e-16
8036.000000 1.778525e-16
8038.000000 2.107161e-16
8040.000000 2.429289e-16
8042.000000 2.806930e-16
8044.000000 3.002813e-16
8046.000000 3.065462e-16
8048.000000 3.170766e-16
8050.000000 3.492500e-16
8052.000000 3.716736e-16
8054.000000 3.429096e-16
8056.000000 2.723164e-16
8058.000000 2.397407e-16
8060.000000 2.429613e-16
8062.000000 2.541485e-16
8064.000000 2.435977e-16
8066.000000 2.212295e-16
8068.000000 2.156650e-16
8070.000000 2.067701e-16
8072.000000 2.047940e-16
8074.000000 2.245773e-16
8076.000000 2.423441e-16
8078.000000 2.297455e-16
8080.000000 2.029707e-16
8082.000000 2.021860e-16
8084.000000 2.138345e-16
8086.000000 2.496750e-16
8088.000000 3.365326e-16
8090.000000 3.742219e-16
8092.000000 3.237615e-16
8094.000000 2.461870e-16
8096.000000 1.806605e-16
8098.000000 1.235787e-16
8100.000000 1.239411e-16
8102.000000 1.662475e-16
8104.000000 1.692999e-16
8106.000000 1.753197e-16
8108.000000 1.971134e-16
8110.000000 1.464341e-16
8112.000000 8.867940e-17
8114.000000 1.473609e-16
8116.000000 2.892127e-16
8118.000000 3.245682e-16
8120.000000 2.495946e-16
8122.000000 1.912327e-16
8124.000000 1.977396e-16
8126.000000 2.554403e-16
8128.000000 2.643285e-16
8130.000000 2.504218e-16
8132.000000 2.533754e-16
8134.000000 2.754075e-16
8136.000000 2.960001e-16
8138.000000 3.122242e-16
8140.000000 2.974171e-16
8142.000000 2.825285e-16
8144.000000 2.689195e-16
8146.000000 2.551993e-16
8148.000000 2.350710e-16
8150.000000 2.217414e-16
8152.000000 2.138958e-16
8154.000000 2.216089e-16
8156.000000 2.101221e-16
8158.000000 2.028396e-16
8160.000000 2.400334e-16
8162.000000 3.144898e-16
8164.000000 3.254479e-16
8166.000000 2.615012e-16
8168.000000 2.666277e-16
8170.000000 3.733865e-16
8172.000000 5.882182e-16
8174.000000 9.529739e-16
8176.000000 1.532651e-15
8178.000000 1.775448e-15
8180.000000 1.671194e-15
8182.000000 1.413023e-15
8184.000000 9.839593e-16
8186.000000 6.882490e-16
8188.000000 9.195905e-16
8190.000000 1.511383e-15
8192.000000 1.614878e-15
8194.000000 1.302136e-15
8196.000000 9.378726e-16
8198.000000 5.498538e-16
8200.000000 3.335667e-16
8202.000000 2.599258e-16
8204.000000 2.710346e-16
8206.000000 2.039864e-16
8208.000000 8.125730e-17
8210.000000 1.392610e-17
8212.000000 2.323550e-17
8214.000000 9.277260e-17
8216.000000 1.625401e-16
8218.000000 2.023813e-16
8220.000000 2.077386e-16
8222.000000 1.913092e-16
8224.000000 2.115892e-16
8226.000000 2.482311e-16
8228.000000 2.545509e-16
8230.000000 2.336019e-16
8232.000000 2.114307e-16
8234.000000 1.921371e-16
8236.000000 1.635409e-16
8238.000000 1.440123e-16
8240.000000 1.435287e-16
8242.000000 1.527605e-16
8244.000000 1.500622e-16
8246.000000 1.393370e-16
8248.000000 1.594050e-16
8250.000000 1.889524e-16
8252.000000 1.974433e-16
8254.000000 1.945145e-16
8256.000000 2.281813e-16
8258.000000 2.239134e-16
8260.000000 1.326644e-16
8262.000000 8.319330e-17
8264.000000 6.735330e-17
8266.000000 6.424160e-17
8268.000000 7.161970e-17
8270.000000 8.208860e-17
8272.000000 7.969670e-17
8274.000000 4.385060e-17
8276.000000 3.155230e-17
8278.000000 7.449080e-17
8280.000000 1.323094e-16
8282.000000 2.091849e-16
8284.000000 1.946213e-16
8286.000000 1.237645e-16
8288.000000 7.883730e-17
8290.000000 2.350200e-17
8296.000000 6.359890e-17
8298.000000 1.191548e-16
8300.000000 1.281242e-16
8302.000000 1.885509e-16
8304.000000 2.942254e-16
8306.000000 3.544730e-16
8308.000000 3.885871e-16
8310.000000 4.195972e-16
8312.000000 3.963021e-16
8314.000000 2.731640e-16
8316.000000 1.713080e-16
8318.000000 9.751630e-17
8320.000000 5.908990e-17
8322.000000 8.871130e-17
8324.000000 1.828308e-16
8326.000000 2.276101e-16
8328.000000 2.418435e-16
8330.000000 2.263479e-16
8332.000000 1.872656e-16
8334.000000 1.359157e-16
8336.000000 1.007460e-16
8338.000000 5.814130e-17
8340.000000 6.210460e-17
8342.000000 1.267552e-16
8344.000000 1.984420e-16
8346.000000 2.429868e-16
8348.000000 2.528517e-16
8350.000000 2.516649e-16
8352.000000 2.224033e-16
8354.000000 2.001624e-16
8356.000000 1.883916e-16
8358.000000 1.753730e-16
8360.000000 1.248031e-16
8362.000000 8.075870e-17
8364.000000 1.021881e-16
8366.000000 1.492734e-16
8368.000000 1.712897e-16
8370.000000 1.929260e-16
8372.000000 1.961455e-16
8374.000000 1.596868e-16
8376.000000 1.466847e-16
8378.000000 1.655851e-16
8380.000000 1.798001e-16
8382.000000 1.917848e-16
8384.000000 2.099148e-16
8386.000000 2.153304e-16
8388.000000 1.982512e-16
8390.000000 1.966244e-16
8392.000000 2.106759e-16
8394.000000 2.389980e-16
8396.000000 2.748358e-16
8398.000000 3.163403e-16
8400.000000 2.988910e-16
8402.000000 2.149877e-16
8404.000000 1.463958e-16
8406.000000 1.001297e-16
8408.000000 1.185951e-16
8410.000000 1.530855e-16
8412.000000 1.629339e-16
8414.000000 1.304153e-16
8416.000000 6.280300e-17
8418.000000 1.585220e-17
8426.000000 1.481950e-17
8428.000000 4.611210e-17
8430.000000 6.791290e-17
8432.000000 7.762680e-17
8434.000000 7.296240e-17
8436.000000 7.051210e-17
8438.000000 1.024491e-16
8440.000000 1.730292e-16
8442.000000 1.953640e-16
8444.000000 1.804491e-16
8446.000000 1.996085e-16
8448.000000 2.745518e-16
8450.000000 3.165926e-16
8452.000000 3.029004e-16
8454.000000 2.654923e-16
8456.000000 2.292160e-16
8458.000000 1.940459e-16
8460.000000 1.851732e-16
8462.000000 1.941950e-16
8464.000000 1.797779e-16
8466.000000 1.749567e-16
8468.000000 2.087978e-16
8470.000000 2.087171e-16
8472.000000 1.882054e-16
8474.000000 1.816987e-16
8476.000000 1.743856e-16
8478.000000 1.479818e-16
8480.000000 1.230381e-16
8482.000000 1.157259e-16
8484.000000 8.448930e-17
8486.000000 7.148680e-17
8488.000000 1.293691e-16
8490.000000 2.474880e-16
8492.000000 2.777361e-16
8494.000000 2.291337e-16
8496.000000 1.677164e-16
8498.000000 7.500790e-17
8500.000000 2.550800e-18
8502.000000 2.586560e-17
8504.000000 8.431040e-17
8506.000000 1.037728e-16
8508.000000 1.231924e-16
8510.000000 1.800036e-16
8512.000000 1.712459e-16
8514.000000 1.093586e-16
8516.000000 1.028726e-16
8518.000000 1.079806e-16
8520.000000 9.035410e-17
8522.000000 5.728450e-17
8524.000000 3.780160e-17
8530.000000 7.369220e-17
8532.000000 1.974744e-16
8534.000000 2.516333e-16
8536.000000 2.627011e-16
8538.000000 2.302914e-16
8540.000000 1.428288e-16
8542.000000 9.627410e-17
8544.000000 9.366540e-17
8546.000000 1.246475e-16
8548.000000 1.361823e-16
8550.000000 1.398577e-16
8552.000000 1.193949e-16
8554.000000 6.595080e-17
8556.000000 5.033050e-17
8558.000000 7.504560e-17
8560.000000 6.883400e-17
8562.000000 5.545850e-17
8564.000000 6.351700e-17
8566.000000 1.041848e-16
8568.000000 1.801775e-16
8570.000000 1.979796e-16
8572.000000 1.630631e-16
8574.000000 1.227341e-16
8576.000000 1.313322e-16
8578.000000 1.633802e-16
8580.000000 1.997614e-16
8582.000000 2.584068e-16
8584.000000 2.992814e-16
8586.000000 3.046108e-16
8588.000000 3.019416e-16
8590.000000 3.190576e-16
8592.000000 3.332670e-16
8594.000000 3.143798e-16
8596.000000 2.580391e-16
8598.000000 2.468526e-16
8600.000000 2.816223e-16
8602.000000 3.387004e-16
8604.000000 3.794218e-16
8606.000000 3.820750e-16
8608.000000 4.227548e-16
8610.000000 4.907124e-16
8612.000000 5.370508e-16
8614.000000 5.636775e-16
8616.000000 6.153180e-16
8618.000000 6.053984e-16
8620.000000 4.812085e-16
8622.000000 4.235104e-16
8624.000000 3.943948e-16
8626.000000 4.083956e-16
8628.000000 4.627075e-16
8630.000000 5.471258e-16
8632.000000 6.114564e-16
8634.000000 6.386553e-16
8636.000000 6.509171e-16
8638.000000 6.196351e-16
8640.000000 6.048656e-16
8642.000000 6.147612e-16
8644.000000 5.985031e-16
8646.000000 5.471803e-16
8648.000000 5.706573e-16
8650.000000 5.643380e-16
8652.000000 5.263007e-16
8654.000000 5.362194e-16
8656.000000 5.934686e-16
8658.000000 5.849122e-16
8660.000000 5.258805e-16
8662.000000 5.000097e-16
8664.000000 4.668488e-16
8666.000000 4.029096e-16
8668.000000 3.943210e-16
8670.000000 4.398264e-16
8672.000000 4.516070e-16
8674.000000 4.063669e-16
8676.000000 3.700265e-16
8678.000000 3.619510e-16
8680.000000 3.418172e-16
8682.000000 3.421229e-16
8684.000000 3.690790e-16
8686.000000 3.831482e-16
8688.000000 3.708820e-16
8690.000000 3.689733e-16
8692.000000 3.770997e-16
8694.000000 3.933740e-16
8696.000000 3.974780e-16
8698.000000 3.851425e-16
8700.000000 3.806013e-16
8702.000000 3.871676e-16
8704.000000 3.920024e-16
8706.000000 3.992227e-16
8708.000000 3.984902e-16
8710.000000 3.847470e-16
8712.000000 3.709496e-16
8714.000000 3.771719e-16
8716.000000 4.032158e-16
8718.000000 4.361901e-16
8720.000000 4.764199e-16
8722.000000 4.689956e-16
8724.000000 4.380980e-16
8726.000000 4.023505e-16
8728.000000 4.012566e-16
8730.000000 4.327640e-16
8732.000000 4.560260e-16
8734.000000 4.637772e-16
8736.000000 4.509679e-16
8738.000000 4.331431e-16
8740.000000 4.020951e-16
8742.000000 4.157622e-16
8744.000000 4.641159e-16
8746.000000 5.076939e-16
8748.000000 5.485437e-16
8750.000000 5.926209e-16
8752.000000 6.340087e-16
8754.000000 6.358537e-16
8756.000000 6.222537e-16
8758.000000 6.200103e-16
8760.000000 6.457140e-16
8762.000000 6.968813e-16
8764.000000 7.025776e-16
8766.000000 6.755826e-16
8768.000000 6.010486e-16
8770.000000 5.715487e-16
8772.000000 6.084029e-16
8774.000000 6.275338e-16
8776.000000 6.201902e-16
8778.000000 6.301245e-16
8780.000000 7.021334e-16
8782.000000 7.320258e-16
8784.000000 7.073392e-16
8786.000000 7.146876e-16
8788.000000 6.888242e-16
8790.000000 5.964873e-16
8792.000000 5.251947e-16
8794.000000 5.388432e-16
8796.000000 5.649794e-16
8798.000000 5.390611e-16
8800.000000 5.383508e-16
8802.000000 5.972476e-16
8804.000000 6.846226e-16
8806.000000 7.071160e-16
8808.000000 6.861826e-16
8810.000000 6.895586e-16
8812.000000 6.761516e-16
8814.000000 6.783218e-16
8816.000000 6.945400e-16
8818.000000 7.081171e-16
8820.000000 6.762981e-16
8822.000000 5.622352e-16
8824.000000 5.607990e-16
8826.000000 7.302818e-16
8828.000000 8.594476e-16
8830.000000 8.155834e-16
8832.000000 6.820890e-16
8834.000000 6.365965e-16
8836.000000 6.540633e-16
8838.000000 6.669119e-16
8840.000000 6.327093e-16
8842.000000 5.865436e-16
8844.000000 5.768130e-16
8846.000000 5.576724e-16
8848.000000 5.677030e-16
8850.000000 6.227395e-16
8852.000000 6.594558e-16
8854.000000 6.752383e-16
8856.000000 6.172148e-16
8858.000000 4.992311e-16
8860.000000 4.489932e-16
8862.000000 4.690244e-16
8864.000000 5.175886e-16
8866.000000 5.006693e-16
8868.000000 4.523079e-16
8870.000000 4.529996e-16
8872.000000 4.731765e-16
8874.000000 4.760610e-16
8876.000000 4.777554e-16
8878.000000 4.995108e-16
8880.000000 5.218819e-16
8882.000000 5.350696e-16
8884.000000 5.273033e-16
8886.000000 5.348713e-16
8888.000000 5.343512e-16
8890.000000 4.748841e-16
8892.000000 3.865483e-16
8894.000000 3.912319e-16
8896.000000 4.887672e-16
8898.000000 5.212312e-16
8900.000000 4.943198e-16
8902.000000 4.898956e-16
8904.000000 5.147509e-16
8906.000000 5.316332e-16
8908.000000 5.228853e-16
8910.000000 4.853726e-16
8912.000000 4.742954e-16
8914.000000 4.964218e-16
8916.000000 5.759775e-16
8918.000000 6.086284e-16
8920.000000 5.610942e-16
8922.000000 5.490026e-16
8924.000000 5.512683e-16
8926.000000 5.294168e-16
8928.000000 4.530453e-16
8930.000000 4.126059e-16
8932.000000 4.458568e-16
8934.000000 5.333299e-16
8936.000000 5.470732e-16
8938.000000 5.323908e-16
8940.000000 5.173811e-16
8942.000000 4.912622e-16
8944.000000 4.316796e-16
8946.000000 4.032848e-16
8948.000000 4.133162e-16
8950.000000 4.116311e-16
8952.000000 4.132167e-16
8954.000000 4.125171e-16
8956.000000 4.155759e-16
8958.000000 4.198403e-16
8960.000000 3.969679e-16
8962.000000 3.571743e-16
8964.000000 3.584734e-16
8966.000000 3.669071e-16
8968.000000 3.659392e-16
8970.000000 3.668537e-16
8972.000000 3.754065e-16
8974.000000 3.786850e-16
8976.000000 3.776279e-16
8978.000000 3.736160e-16
8980.000000 3.723075e-16
8982.000000 3.931895e-16
8984.000000 4.401192e-16
8986.000000 4.531243e-16
8988.000000 4.275917e-16
8990.000000 3.882962e-16
8992.000000 3.399391e-16
8994.000000 2.705730e-16
8996.000000 2.732845e-16
8998.000000 3.400120e-16
9000.000000 3.749722e-16
9002.000000 3.663586e-16
9004.000000 3.727386e-16
9006.000000 4.015534e-16
9008.000000 4.136004e-16
9010.000000 4.075086e-16
9012.000000 3.865329e-16
9014.000000 3.377929e-16
9016.000000 2.338864e-16
9018.000000 2.020565e-16
9020.000000 2.413664e-16
9022.000000 3.009781e-16
9024.000000 3.748097e-16
9026.000000 4.452544e-16
9028.000000 4.043383e-16
9030.000000 2.520393e-16
9032.000000 1.649994e-16
9034.000000 1.328966e-16
9036.000000 1.197640e-16
9038.000000 1.374444e-16
9040.000000 2.063155e-16
9042.000000 2.104830e-16
9044.000000 1.644498e-16
9046.000000 1.198686e-16
9048.000000 6.815450e-17
9050.000000 7.083480e-17
9052.000000 1.234337e-16
9054.000000 1.747577e-16
9056.000000 2.129377e-16
9058.000000 2.438952e-16
9060.000000 2.617666e-16
9062.000000 2.723276e-16
9064.000000 2.865361e-16
9066.000000 2.512710e-16
9068.000000 2.113788e-16
9070.000000 2.338808e-16
9072.000000 2.754080e-16
9074.000000 2.581888e-16
9076.000000 1.729966e-16
9078.000000 1.803615e-16
9080.000000 2.877028e-16
9082.000000 3.143436e-16
9084.000000 2.472751e-16
9086.000000 2.085243e-16
9088.000000 2.458913e-16
9090.000000 3.355245e-16
9092.000000 3.076168e-16
9094.000000 2.040786e-16
9096.000000 1.462272e-16
9098.000000 9.709380e-17
9100.000000 1.889200e-18
9104.000000 8.166460e-17
9106.000000 1.181500e-16
9108.000000 5.265160e-17
9114.000000 6.863420e-17
9116.000000 1.399224e-16
9118.000000 2.147874e-16
9120.000000 2.389178e-16
9122.000000 2.143912e-16
9124.000000 2.529526e-16
9126.000000 2.942003e-16
9128.000000 2.436779e-16
9130.000000 2.365962e-16
9132.000000 2.759454e-16
9134.000000 2.599389e-16
9136.000000 1.528693e-16
9138.000000 9.339730e-17
9140.000000 9.846330e-17
9142.000000 1.422300e-16
9144.000000 1.764370e-16
9146.000000 1.805687e-16
9148.000000 1.366541e-16
9150.000000 3.354020e-17
9152.000000 2.343050e-17
9154.000000 1.024285e-16
9156.000000 1.980019e-16
9158.000000 2.459292e-16
9160.000000 2.200290e-16
9162.000000 2.051209e-16
9164.000000 2.078872e-16
9166.000000 2.047475e-16
9168.000000 1.377284e-16
9170.000000 6.786310e-17
9172.000000 7.392630e-17
9174.000000 1.090071e-16
9176.000000 1.228888e-16
9178.000000 1.580268e-16
9180.000000 1.823851e-16
9182.000000 1.600227e-16
9184.000000 1.291499e-16
9186.000000 1.749733e-16
9188.000000 2.390764e-16
9190.000000 2.511143e-16
9192.000000 2.674025e-16
9194.000000 2.259881e-16
9196.000000 6.100980e-17
9200.000000 1.662640e-17
9202.000000 9.489660e-17
9204.000000 1.555936e-16
9206.000000 2.379500e-16
9208.000000 2.313307e-16
9210.000000 1.064297e-16
9212.000000 9.588610e-17
9214.000000 2.316097e-16
9216.000000 3.471644e-16
9218.000000 4.146215e-16
9220.000000 4.583853e-16
9222.000000 4.327635e-16
9224.000000 3.376011e-16
9226.000000 2.907138e-16
9228.000000 2.672646e-16
9230.000000 2.380665e-16
9232.000000 2.684516e-16
9234.000000 3.556417e-16
9236.000000 3.556184e-16
9238.000000 3.156825e-16
9240.000000 2.397458e-16
9242.000000 6.142300e-17
9248.000000 1.414359e-16
9250.000000 2.182695e-16
9252.000000 2.520247e-16
9254.000000 2.330784e-16
9256.000000 1.545900e-16
9258.000000 1.321049e-16
9260.000000 1.364711e-16
9262.000000 1.328364e-16
9264.000000 1.318333e-16
9266.000000 1.391401e-16
9268.000000 1.368887e-16
9270.000000 1.250890e-16
9272.000000 1.335176e-16
9274.000000 1.356211e-16
9276.000000 1.464979e-16
9278.000000 1.861245e-16
9280.000000 2.230669e-16
9282.000000 2.575980e-16
9284.000000 2.939893e-16
9286.000000 3.020882e-16
9288.000000 2.784019e-16
9290.000000 2.956376e-16
9292.000000 3.259212e-16
9294.000000 3.496033e-16
9296.000000 3.892338e-16
9298.000000 4.639392e-16
9300.000000 4.695580e-16
9302.000000 3.690078e-16
9304.000000 2.776203e-16
9306.000000 1.823190e-16
9308.000000 9.449000e-17
9310.000000 2.365698e-16
9312.000000 5.451664e-16
9314.000000 7.443993e-16
9316.000000 9.300775e-16
9318.000000 1.027361e-15
9320.000000 8.522527e-16
9322.000000 5.312062e-16
9324.000000 5.125160e-16
9326.000000 6.629880e-16
9328.000000 6.334587e-16
9330.000000 4.778773e-16
9332.000000 3.295404e-16
9334.000000 6.402310e-17
9348.000000 1.290161e-16
9350.000000 1.444222e-16
9352.000000 7.540320e-17
9354.000000 7.882100e-18
9356.000000 2.637100e-18
9358.000000 2.846280e-17
9360.000000 1.087980e-16
9362.000000 3.332318e-16
9364.000000 4.249762e-16
9366.000000 2.701996e-16
9368.000000 4.097730e-17
9372.000000 6.109300e-18
9374.000000 5.506690e-17
9376.000000 2.092909e-16
9378.000000 2.656728e-16
9380.000000 2.088232e-16
9382.000000 1.552305e-16
9384.000000 1.298604e-16
9386.000000 9.773330e-17
9388.000000 9.584880e-17
9390.000000 1.232074e-16
9392.000000 1.713359e-16
9394.000000 2.299673e-16
9396.000000 3.526117e-16
9398.000000 5.413825e-16
9400.000000 7.339302e-16
9402.000000 8.119769e-16
9404.000000 8.299978e-16
9406.000000 7.902890e-16
9408.000000 6.056631e-16
9410.000000 4.143056e-16
9412.000000 3.820974e-16
9414.000000 4.580861e-16
9416.000000 3.980059e-16
9418.000000 2.555614e-16
9420.000000 2.068641e-16
9422.000000 2.516822e-16
9424.000000 2.856362e-16
9426.000000 3.595986e-16
9428.000000 4.296081e-16
9430.000000 3.480245e-16
9432.000000 1.524790e-16
9434.000000 2.313195e-16
9436.000000 6.852336e-16
9438.000000 9.412541e-16
9440.000000 9.750081e-16
9442.000000 9.949656e-16
9444.000000 9.994154e-16
9446.000000 8.922166e-16
9448.000000 7.443119e-16
9450.000000 5.541151e-16
9452.000000 4.434012e-16
9454.000000 3.359814e-16
9456.000000 2.590377e-16
9458.000000 2.616952e-16
9460.000000 2.785833e-16
9462.000000 2.527130e-16
9464.000000 1.856957e-16
9466.000000 2.548783e-16
9468.000000 4.713031e-16
9470.000000 7.265463e-16
9472.000000 8.479136e-16
9474.000000 6.591725e-16
9476.000000 4.656735e-16
9478.000000 2.259190e-16
9480.000000 2.088373e-16
9482.000000 3.833005e-16
9484.000000 5.134326e-16
9486.000000 4.704010e-16
9488.000000 3.115434e-16
9490.000000 2.293340e-16
9492.000000 1.476253e-16
9494.000000 9.500740e-17
9496.000000 6.319390e-17
9498.000000 1.248246e-16
9500.000000 2.072904e-16
9502.000000 2.596157e-16
9504.000000 3.308271e-16
9506.000000 3.904310e-16
9508.000000 3.888289e-16
9510.000000 3.243915e-16
9512.000000 3.079700e-16
9514.000000 2.873820e-16
9516.000000 2.891958e-16
9518.000000 3.736935e-16
9520.000000 5.220092e-16
9522.000000 5.540639e-16
9524.000000 4.919079e-16
9526.000000 4.263993e-16
9528.000000 3.279864e-16
9530.000000 2.542056e-16
9532.000000 3.232112e-16
9534.000000 5.240826e-16
9536.000000 5.882447e-16
9538.000000 5.635670e-16
9540.000000 5.533960e-16
9542.000000 5.903168e-16
9544.000000 5.963939e-16
9546.000000 5.362787e-16
9548.000000 4.589410e-16
9550.000000 3.542935e-16
9552.000000 1.700054e-16
9564.000000 1.298793e-16
9566.000000 4.096522e-16
9568.000000 5.080825e-16
9570.000000 4.374084e-16
9572.000000 3.456460e-16
9574.000000 1.859142e-16
9576.000000 6.288870e-17
9578.000000 1.288916e-16
9580.000000 3.312857e-16
9582.000000 4.219325e-16
9584.000000 4.565305e-16
9586.000000 4.020898e-16
9588.000000 2.418269e-16
9590.000000 1.158999e-16
9592.000000 1.206025e-16
9594.000000 1.824276e-16
9596.000000 2.188731e-16
9598.000000 2.746197e-16
9600.000000 3.126947e-16
9602.000000 3.001023e-16
9604.000000 3.102766e-16
9606.000000 3.060804e-16
9608.000000 2.322475e-16
9610.000000 2.229685e-16
9612.000000 2.548655e-16
9614.000000 2.532748e-16
9616.000000 1.994344e-16
9618.000000 1.874883e-16
9620.000000 1.631242e-16
9622.000000 1.293857e-16
9624.000000 1.947321e-16
9626.000000 3.126296e-16
9628.000000 3.133562e-16
9630.000000 1.978871e-16
9632.000000 1.267965e-16
9634.000000 6.138040e-17
9636.000000 6.938640e-17
9638.000000 1.289167e-16
9640.000000 1.850719e-16
9642.000000 1.945671e-16
9644.000000 1.815251e-16
9646.000000 1.509255e-16
9648.000000 6.709070e-17
9650.000000 1.238265e-16
9652.000000 2.287892e-16
9654.000000 2.121952e-16
9656.000000 2.135089e-16
9658.000000 2.720806e-16
9660.000000 2.888566e-16
9662.000000 1.345691e-16
9664.000000 7.797610e-17
9666.000000 1.608142e-16
9668.000000 2.303280e-16
9670.000000 2.388248e-16
9672.000000 2.510047e-16
9674.000000 2.813211e-16
9676.000000 2.634689e-16
9678.000000 2.418424e-16
9680.000000 3.348643e-16
9682.000000 3.692369e-16
9684.000000 2.794333e-16
9686.000000 1.713052e-16
9688.000000 1.527003e-16
9690.000000 1.345477e-16
9692.000000 1.309925e-16
9694.000000 3.145368e-16
9696.000000 4.836639e-16
9698.000000 4.794793e-16
9700.000000 4.907971e-16
9702.000000 4.265017e-16
9704.000000 1.563885e-16
9706.000000 4.926500e-18
9708.000000 1.930516e-16
9710.000000 3.556887e-16
9712.000000 3.380250e-16
9714.000000 3.253308e-16
9716.000000 3.104675e-16
9718.000000 2.698917e-16
9720.000000 1.960653e-16
9722.000000 7.631250e-17
9728.000000 1.902800e-17
9730.000000 8.196550e-17
9732.000000 1.584455e-16
9734.000000 1.582261e-16
9736.000000 4.471590e-17
9750.000000 6.734080e-17
9752.000000 1.015149e-16
9754.000000 3.817060e-17
9764.000000 2.089901e-16
9766.000000 4.337358e-16
9768.000000 3.753174e-16
9770.000000 2.343900e-16
9772.000000 3.237319e-16
9774.000000 4.386589e-16
9776.000000 4.557652e-16
9778.000000 4.271906e-16
9780.000000 4.052259e-16
9782.000000 3.377059e-16
9784.000000 3.267333e-16
9786.000000 2.878991e-16
9788.000000 2.212488e-16
9790.000000 2.624632e-16
9792.000000 4.201727e-16
9794.000000 5.092541e-16
9796.000000 5.303025e-16
9798.000000 3.853848e-16
9800.000000 2.461143e-16
9802.000000 2.497902e-16
9804.000000 2.150606e-16
9806.000000 1.290694e-16
9808.000000 1.109654e-16
9810.000000 2.381449e-16
9812.000000 3.164751e-16
9814.000000 3.049592e-16
9816.000000 2.552738e-16
9818.000000 1.297338e-16
9826.000000 7.971530e-17
9828.000000 2.239807e-16
9830.000000 3.556427e-16
9832.000000 3.092297e-16
9834.000000 7.007510e-17
9842.000000 2.596377e-16
9844.000000 4.573889e-16
9846.000000 3.611048e-16
9848.000000 2.352940e-17
9852.000000 2.630930e-17
9854.000000 1.321389e-16
9856.000000 2.489171e-16
9858.000000 3.502153e-16
9860.000000 3.594786e-16
9862.000000 2.419026e-16
9864.000000 1.795123e-16
9866.000000 9.852950e-17
9874.000000 1.306545e-16
9876.000000 4.408854e-16
9878.000000 6.964402e-16
9880.000000 8.972276e-16
9882.000000 8.725967e-16
9884.000000 6.175270e-16
9886.000000 4.037803e-16
9888.000000 1.095440e-16
9892.000000 7.092720e-17
9894.000000 3.393626e-16
9896.000000 4.792371e-16
9898.000000 6.247583e-16
9900.000000 6.231372e-16
9902.000000 3.174641e-16
9904.000000 6.785230e-17
9906.000000 8.045980e-17
9908.000000 2.836409e-16
9910.000000 3.019398e-16
9912.000000 2.154694e-16
9914.000000 2.244741e-16
9916.000000 3.820731e-16
9918.000000 3.834439e-16
9920.000000 3.294725e-16
9922.000000 2.886378e-16
9924.000000 3.350125e-16
9926.000000 4.515105e-16
9928.000000 4.649154e-16
9930.000000 3.689638e-16
9932.000000 2.949665e-16
9934.000000 1.167908e-16
9938.000000 1.184386e-16
9940.000000 6.990784e-16
9942.000000 8.622982e-16
9944.000000 6.006376e-16
9946.000000 3.869841e-16
9948.000000 1.698363e-16
9952.000000 1.880884e-16
9954.000000 7.120276e-16
9956.000000 8.239020e-16
9958.000000 6.334449e-16
9960.000000 4.690890e-16
9962.000000 1.933717e-16
9964.000000 2.873310e-17
9966.000000 1.313540e-16
9968.000000 3.533993e-16
9970.000000 4.065291e-16
9972.000000 3.664905e-16
9974.000000 2.888890e-16
9976.000000 1.559895e-16
9978.000000 6.398370e-17
9980.000000 4.090470e-17
9982.000000 6.820260e-17
9984.000000 1.399167e-16
9986.000000 3.471350e-16
9988.000000 4.253482e-16
9990.000000 2.859136e-16
9992.000000 7.952950e-17
