3350.000000 5.034890e-16
3352.000000 1.124040e-15
3354.000000 8.570200e-16
3356.000000 9.178920e-16
3358.000000 1.076460e-15
3360.000000 9.729040e-16
3362.000000 7.610280e-16
3364.000000 5.049140e-16
3366.000000 1.026480e-15
3368.000000 3.526880e-16
3370.000000 9.449150e-16
3372.000000 1.124280e-15
3374.000000 9.215710e-16
3376.000000 1.170080e-15
3378.000000 1.015340e-15
3380.000000 8.771500e-16
3382.000000 4.482470e-16
3384.000000 8.567660e-16
3386.000000 8.281180e-16
3388.000000 1.241500e-16
3390.000000 7.291310e-16
3392.000000 9.689130e-16
3394.000000 9.260500e-16
3396.000000 1.339430e-15
3398.000000 4.121090e-16
3400.000000 5.094710e-16
3402.000000 9.719150e-16
3404.000000 7.814690e-16
3406.000000 9.022810e-16
3408.000000 1.190460e-15
3410.000000 8.300530e-16
3412.000000 5.542800e-16
3414.000000 8.148730e-16
3416.000000 6.656120e-16
3418.000000 9.848910e-16
3420.000000 8.295850e-16
3422.000000 6.057200e-16
3424.000000 1.344320e-15
3426.000000 8.097100e-16
3428.000000 8.257730e-16
3430.000000 1.562610e-15
3432.000000 9.736950e-16
3434.000000 8.138300e-16
3436.000000 1.098050e-15
3438.000000 9.629910e-16
3440.000000 6.304170e-16
3442.000000 6.897180e-16
3444.000000 8.957810e-16
3446.000000 9.100390e-16
3448.000000 4.522440e-16
3450.000000 8.055740e-16
3452.000000 8.259200e-16
3454.000000 4.170090e-16
3456.000000 6.639710e-16
3458.000000 1.348920e-15
3460.000000 1.279600e-15
3462.000000 1.431510e-15
3464.000000 1.426900e-15
3466.000000 1.072270e-15
3468.000000 1.106960e-15
3470.000000 1.045230e-15
3472.000000 9.104330e-16
3474.000000 1.294750e-15
3476.000000 9.994390e-16
3478.000000 8.719110e-16
3480.000000 1.113620e-15
3482.000000 1.151230e-15
3484.000000 8.550680e-16
3486.000000 1.127610e-15
3488.000000 9.544940e-16
3490.000000 1.158980e-15
3492.000000 1.350320e-15
3494.000000 1.073820e-15
3496.000000 1.080440e-15
3498.000000 1.392140e-15
3500.000000 1.556410e-15
3502.000000 1.213240e-15
3504.000000 1.030930e-15
3506.000000 8.209500e-16
3508.000000 1.049910e-15
3510.000000 1.112290e-15
3512.000000 1.234920e-15
3514.000000 1.150380e-15
3516.000000 1.180160e-15
3518.000000 1.294240e-15
3520.000000 1.247960e-15
3522.000000 1.265210e-15
3524.000000 1.592800e-15
3526.000000 1.546990e-15
3528.000000 1.300960e-15
3530.000000 1.245450e-15
3532.000000 1.589900e-15
3534.000000 1.458370e-15
3536.000000 1.149830e-15
3538.000000 1.112060e-15
3540.000000 1.421250e-15
3542.000000 1.341350e-15
3544.000000 1.499010e-15
3546.000000 1.952700e-15
3548.000000 1.180740e-15
3550.000000 9.726710e-16
3552.000000 7.538610e-16
3554.000000 1.165220e-15
3556.000000 1.327300e-15
3558.000000 1.672920e-15
3560.000000 1.385740e-15
3562.000000 1.290940e-15
3564.000000 1.118260e-15
3566.000000 1.023950e-15
3568.000000 9.945930e-16
3570.000000 1.440470e-15
3572.000000 1.257380e-15
3574.000000 6.785370e-16
3576.000000 1.283220e-15
3578.000000 1.383520e-15
3580.000000 9.665620e-16
3582.000000 1.050930e-15
3584.000000 1.132750e-15
3586.000000 8.882480e-16
3588.000000 1.536370e-15
3590.000000 1.271920e-15
3592.000000 1.032080e-15
3594.000000 9.460040e-16
3596.000000 1.142510e-15
3598.000000 1.271260e-15
3600.000000 1.199390e-15
3602.000000 1.046290e-15
3604.000000 1.090730e-15
3606.000000 1.128380e-15
3608.000000 1.007840e-15
3610.000000 1.129090e-15
3612.000000 1.007750e-15
3614.000000 1.330190e-15
3616.000000 1.065260e-15
3618.000000 8.060100e-16
3620.000000 1.109430e-15
3622.000000 1.177670e-15
3624.000000 1.231550e-15
3626.000000 1.402170e-15
3628.000000 1.439040e-15
3630.000000 1.212850e-15
3632.000000 1.121940e-15
3634.000000 1.062630e-15
3636.000000 1.174220e-15
3638.000000 1.467150e-15
3640.000000 1.325920e-15
3642.000000 9.314140e-16
3644.000000 7.878560e-16
3646.000000 8.564310e-16
3648.000000 1.421060e-15
3650.000000 7.327040e-16
3652.000000 1.063970e-15
3654.000000 1.057570e-15
3656.000000 1.275120e-15
3658.000000 8.674360e-16
3660.000000 5.434840e-16
3662.000000 8.854230e-16
3664.000000 1.452610e-15
3666.000000 1.279440e-15
3668.000000 1.242920e-15
3670.000000 1.319540e-15
3672.000000 1.127760e-15
3674.000000 1.047790e-15
3676.000000 1.139640e-15
3678.000000 1.317510e-15
3680.000000 1.302890e-15
3682.000000 1.474450e-15
3684.000000 1.316060e-15
3686.000000 1.286220e-15
3688.000000 1.339480e-15
3690.000000 1.490840e-15
3692.000000 1.546120e-15
3694.000000 1.098070e-15
3696.000000 1.122650e-15
3698.000000 1.195390e-15
3700.000000 1.060830e-15
3702.000000 1.049420e-15
3704.000000 1.078670e-15
3706.000000 8.721080e-16
3708.000000 9.550180e-16
3710.000000 1.193030e-15
3712.000000 1.183440e-15
3714.000000 1.210460e-15
3716.000000 1.005310e-15
3718.000000 1.179990e-15
3720.000000 1.114930e-15
3722.000000 1.205570e-15
3724.000000 1.254430e-15
3726.000000 1.179550e-15
3728.000000 1.048990e-15
3730.000000 9.739430e-16
3732.000000 1.054100e-15
3734.000000 1.223790e-15
3736.000000 1.176880e-15
3738.000000 1.009640e-15
3740.000000 8.737680e-16
3742.000000 9.015480e-16
3744.000000 1.074530e-15
3746.000000 1.081950e-15
3748.000000 1.375600e-15
3750.000000 1.129770e-15
3752.000000 9.728970e-16
3754.000000 9.349900e-16
3756.000000 1.167980e-15
3758.000000 1.062090e-15
3760.000000 9.148500e-16
3762.000000 1.128770e-15
3764.000000 1.023350e-15
3766.000000 8.248060e-16
3768.000000 1.047090e-15
3770.000000 1.066580e-15
3772.000000 1.150380e-15
3774.000000 7.005230e-16
3776.000000 8.227560e-16
3778.000000 9.065020e-16
3780.000000 1.035380e-15
3782.000000 1.220870e-15
3784.000000 1.202860e-15
3786.000000 1.110870e-15
3788.000000 1.073170e-15
3790.000000 1.080920e-15
3792.000000 1.274240e-15
3794.000000 1.102440e-15
3796.000000 1.184860e-15
3798.000000 1.314790e-15
3800.000000 1.201270e-15
3802.000000 1.257950e-15
3804.000000 1.240790e-15
3806.000000 1.037730e-15
3808.000000 1.106340e-15
3810.000000 1.363870e-15
3812.000000 1.152080e-15
3814.000000 1.081930e-15
3816.000000 8.172840e-16
3818.000000 7.359300e-16
3820.000000 1.013840e-15
3822.000000 1.044160e-15
3824.000000 8.959500e-16
3826.000000 9.648960e-16
3828.000000 1.001660e-15
3830.000000 9.263230e-16
3832.000000 9.764090e-16
3834.000000 8.503100e-16
3836.000000 8.314690e-16
3838.000000 8.015280e-16
3840.000000 7.057710e-16
3842.000000 5.905250e-16
3844.000000 6.614640e-16
3846.000000 7.437640e-16
3848.000000 5.851280e-16
3850.000000 4.202930e-16
3852.000000 5.548250e-16
3854.000000 5.853500e-16
3856.000000 7.109580e-16
3858.000000 4.723290e-16
3860.000000 3.821730e-16
3862.000000 6.062770e-16
3864.000000 5.805870e-16
3866.000000 6.062880e-16
3868.000000 5.248100e-16
3870.000000 4.474840e-16
3872.000000 5.459830e-16
3874.000000 4.922670e-16
3876.000000 7.125460e-16
3878.000000 6.360510e-16
3880.000000 5.590480e-16
3882.000000 6.738440e-16
3884.000000 4.105090e-16
3886.000000 4.018250e-16
3888.000000 4.786570e-16
3890.000000 4.489170e-16
3892.000000 4.989790e-16
3894.000000 6.302350e-16
3896.000000 4.504270e-16
3898.000000 4.359930e-16
3900.000000 4.829880e-16
3902.000000 6.786370e-16
3904.000000 7.028310e-16
3906.000000 5.340560e-16
3908.000000 4.500640e-16
3910.000000 7.364230e-16
3912.000000 8.810600e-16
3914.000000 8.232690e-16
3916.000000 6.703250e-16
3918.000000 7.442270e-16
3920.000000 7.842220e-16
3922.000000 6.719690e-16
3924.000000 5.347870e-16
3926.000000 6.221430e-16
3928.000000 6.916850e-16
3930.000000 6.141560e-16
3932.000000 8.167050e-16
3934.000000 6.962050e-16
3936.000000 6.725370e-16
3938.000000 7.810540e-16
3940.000000 7.060470e-16
3942.000000 6.601890e-16
3944.000000 8.525210e-16
3946.000000 1.047190e-15
3948.000000 9.350620e-16
3950.000000 1.127130e-15
3952.000000 1.096750e-15
3954.000000 1.042880e-15
3956.000000 1.065550e-15
3958.000000 1.022840e-15
3960.000000 9.573620e-16
3962.000000 1.025740e-15
3964.000000 9.463290e-16
3966.000000 1.039280e-15
3968.000000 1.310070e-15
3970.000000 1.228380e-15
3972.000000 1.314800e-15
3974.000000 1.422890e-15
3976.000000 1.315270e-15
3978.000000 1.322310e-15
3980.000000 1.258330e-15
3982.000000 1.429240e-15
3984.000000 1.525570e-15
3986.000000 1.632340e-15
3988.000000 1.730640e-15
3990.000000 1.593690e-15
3992.000000 1.689010e-15
3994.000000 1.694370e-15
3996.000000 1.708360e-15
3998.000000 1.695850e-15
4000.000000 1.803520e-15
4002.000000 1.632190e-15
4004.000000 1.676940e-15
4006.000000 1.460950e-15
4008.000000 1.392430e-15
4010.000000 1.561250e-15
4012.000000 1.454960e-15
4014.000000 1.535210e-15
4016.000000 1.512120e-15
4018.000000 1.453150e-15
4020.000000 1.719260e-15
4022.000000 1.982670e-15
4024.000000 1.819790e-15
4026.000000 1.591930e-15
4028.000000 1.661700e-15
4030.000000 1.767010e-15
4032.000000 1.695110e-15
4034.000000 1.666480e-15
4036.000000 1.759960e-15
4038.000000 1.626420e-15
4040.000000 1.694850e-15
4042.000000 1.196720e-15
4044.000000 1.479010e-15
4046.000000 1.841490e-15
4048.000000 1.678870e-15
4050.000000 1.809040e-15
4052.000000 1.668650e-15
4054.000000 1.866450e-15
4056.000000 1.981340e-15
4058.000000 1.896750e-15
4060.000000 1.821510e-15
4062.000000 1.854970e-15
4064.000000 1.796680e-15
4066.000000 2.069970e-15
4068.000000 1.651000e-15
4070.000000 1.815130e-15
4072.000000 1.697360e-15
4074.000000 1.390870e-15
4076.000000 1.494190e-15
4078.000000 1.817640e-15
4080.000000 1.904480e-15
4082.000000 1.916740e-15
4084.000000 1.891620e-15
4086.000000 1.820090e-15
4088.000000 2.015310e-15
4090.000000 1.821320e-15
4092.000000 1.925700e-15
4094.000000 1.752800e-15
4096.000000 1.784670e-15
4098.000000 1.782060e-15
4100.000000 1.847700e-15
4102.000000 1.788800e-15
4104.000000 1.860930e-15
4106.000000 1.963630e-15
4108.000000 1.537340e-15
4110.000000 1.721820e-15
4112.000000 1.675500e-15
4114.000000 1.763060e-15
4116.000000 1.752770e-15
4118.000000 1.723190e-15
4120.000000 1.823170e-15
4122.000000 1.874230e-15
4124.000000 1.771640e-15
4126.000000 1.825160e-15
4128.000000 1.673990e-15
4130.000000 1.670940e-15
4132.000000 1.759870e-15
4134.000000 1.757310e-15
4136.000000 1.584920e-15
4138.000000 1.495110e-15
4140.000000 1.481780e-15
4142.000000 1.534310e-15
4144.000000 1.497400e-15
4146.000000 1.235340e-15
4148.000000 1.254970e-15
4150.000000 1.449930e-15
4152.000000 1.525930e-15
4154.000000 1.468190e-15
4156.000000 1.591930e-15
4158.000000 1.472540e-15
4160.000000 1.376170e-15
4162.000000 1.341970e-15
4164.000000 1.545700e-15
4166.000000 1.516850e-15
4168.000000 1.360690e-15
4170.000000 1.499680e-15
4172.000000 1.407390e-15
4174.000000 1.444080e-15
4176.000000 1.511930e-15
4178.000000 1.448510e-15
4180.000000 1.566410e-15
4182.000000 1.570270e-15
4184.000000 1.505730e-15
4186.000000 1.406240e-15
4188.000000 1.380060e-15
4190.000000 1.349560e-15
4192.000000 1.318840e-15
4194.000000 1.418990e-15
4196.000000 1.563830e-15
4198.000000 1.421720e-15
4200.000000 1.327110e-15
4202.000000 1.398280e-15
4204.000000 1.392920e-15
4206.000000 1.408080e-15
4208.000000 1.450330e-15
4210.000000 1.497830e-15
4212.000000 1.290620e-15
4214.000000 1.243660e-15
4216.000000 1.289240e-15
4218.000000 1.298780e-15
4220.000000 1.444160e-15
4222.000000 1.374360e-15
4224.000000 1.423690e-15
4226.000000 1.453780e-15
4228.000000 1.429760e-15
4230.000000 1.347200e-15
4232.000000 1.258820e-15
4234.000000 1.296730e-15
4236.000000 1.503620e-15
4238.000000 1.542240e-15
4240.000000 1.609980e-15
4242.000000 1.506000e-15
4244.000000 1.533250e-15
4246.000000 1.502950e-15
4248.000000 1.532380e-15
4250.000000 1.515220e-15
4252.000000 1.333340e-15
4254.000000 1.372640e-15
4256.000000 1.484260e-15
4258.000000 1.423010e-15
4260.000000 1.546350e-15
4262.000000 1.597270e-15
4264.000000 1.671220e-15
4266.000000 1.535430e-15
4268.000000 1.452220e-15
4270.000000 1.466430e-15
4272.000000 1.379830e-15
4274.000000 1.416790e-15
4276.000000 1.442160e-15
4278.000000 1.434860e-15
4280.000000 1.531020e-15
4282.000000 1.567790e-15
4284.000000 1.570440e-15
4286.000000 1.555560e-15
4288.000000 1.397740e-15
4290.000000 1.537640e-15
4292.000000 1.566450e-15
4294.000000 1.395890e-15
4296.000000 1.452110e-15
4298.000000 1.662780e-15
4300.000000 1.567870e-15
4302.000000 1.334120e-15
4304.000000 1.383410e-15
4306.000000 1.448380e-15
4308.000000 1.507430e-15
4310.000000 1.434420e-15
4312.000000 1.328100e-15
4314.000000 1.478220e-15
4316.000000 1.574170e-15
4318.000000 1.414480e-15
4320.000000 1.352980e-15
4322.000000 1.462550e-15
4324.000000 1.587350e-15
4326.000000 1.502790e-15
4328.000000 1.506710e-15
4330.000000 1.456170e-15
4332.000000 1.469480e-15
4334.000000 1.506310e-15
4336.000000 1.462210e-15
4338.000000 1.452410e-15
4340.000000 1.449320e-15
4342.000000 1.573440e-15
4344.000000 1.476370e-15
4346.000000 1.466970e-15
4348.000000 1.600760e-15
4350.000000 1.440980e-15
4352.000000 1.260960e-15
4354.000000 1.386050e-15
4356.000000 1.681110e-15
4358.000000 1.535130e-15
4360.000000 1.143670e-15
4362.000000 1.270650e-15
4364.000000 1.410060e-15
4366.000000 1.388170e-15
4368.000000 1.372380e-15
4370.000000 1.442950e-15
4372.000000 1.429830e-15
4374.000000 1.501700e-15
4376.000000 1.654130e-15
4378.000000 1.554840e-15
4380.000000 1.360360e-15
4382.000000 1.316950e-15
4384.000000 1.330390e-15
4386.000000 1.394050e-15
4388.000000 1.261390e-15
4390.000000 1.182490e-15
4392.000000 1.416830e-15
4394.000000 1.458100e-15
4396.000000 1.291170e-15
4398.000000 1.317760e-15
4400.000000 1.296260e-15
4402.000000 1.399880e-15
4404.000000 1.511470e-15
4406.000000 1.457830e-15
4408.000000 1.405050e-15
4410.000000 1.295080e-15
4412.000000 1.416080e-15
4414.000000 1.416840e-15
4416.000000 1.527780e-15
4418.000000 1.602920e-15
4420.000000 1.432590e-15
4422.000000 1.469240e-15
4424.000000 1.443800e-15
4426.000000 1.308670e-15
4428.000000 1.298770e-15
4430.000000 1.425970e-15
4432.000000 1.486510e-15
4434.000000 1.353510e-15
4436.000000 1.273860e-15
4438.000000 1.224050e-15
4440.000000 1.128900e-15
4442.000000 1.148540e-15
4444.000000 1.271570e-15
4446.000000 1.237530e-15
4448.000000 1.294640e-15
4450.000000 1.240640e-15
4452.000000 1.061240e-15
4454.000000 1.071100e-15
4456.000000 1.132980e-15
4458.000000 1.176770e-15
4460.000000 1.216260e-15
4462.000000 1.076940e-15
4464.000000 9.936280e-16
4466.000000 1.024380e-15
4468.000000 9.444500e-16
4470.000000 8.805730e-16
4472.000000 1.043710e-15
4474.000000 1.207380e-15
4476.000000 1.162380e-15
4478.000000 1.039340e-15
4480.000000 1.097850e-15
4482.000000 1.197310e-15
4484.000000 1.156030e-15
4486.000000 1.071110e-15
4488.000000 1.170040e-15
4490.000000 1.147450e-15
4492.000000 1.172330e-15
4494.000000 1.089930e-15
4496.000000 1.074430e-15
4498.000000 1.098210e-15
4500.000000 1.137690e-15
4502.000000 1.154100e-15
4504.000000 1.156660e-15
4506.000000 1.030290e-15
4508.000000 1.160260e-15
4510.000000 1.235290e-15
4512.000000 1.141350e-15
4514.000000 1.153810e-15
4516.000000 9.373710e-16
4518.000000 1.003470e-15
4520.000000 1.098020e-15
4522.000000 1.193620e-15
4524.000000 1.389500e-15
4526.000000 1.421080e-15
4528.000000 1.149590e-15
4530.000000 1.188110e-15
4532.000000 1.211260e-15
4534.000000 1.043410e-15
4536.000000 1.269330e-15
4538.000000 1.343920e-15
4540.000000 1.343980e-15
4542.000000 1.219850e-15
4544.000000 1.094570e-15
4546.000000 1.166820e-15
4548.000000 1.165780e-15
4550.000000 1.178860e-15
4552.000000 1.103830e-15
4554.000000 1.262020e-15
4556.000000 1.562980e-15
4558.000000 1.223600e-15
4560.000000 8.835600e-16
4562.000000 1.106260e-15
4564.000000 1.257960e-15
4566.000000 1.270120e-15
4568.000000 1.171060e-15
4570.000000 1.257460e-15
4572.000000 1.272500e-15
4574.000000 1.272670e-15
4576.000000 1.424670e-15
4578.000000 1.473400e-15
4580.000000 1.462790e-15
4582.000000 1.404970e-15
4584.000000 1.393290e-15
4586.000000 1.371600e-15
4588.000000 1.421380e-15
4590.000000 1.449270e-15
4592.000000 1.508250e-15
4594.000000 1.490250e-15
4596.000000 1.443290e-15
4598.000000 1.499310e-15
4600.000000 1.408990e-15
4602.000000 1.345170e-15
4604.000000 1.422710e-15
4606.000000 1.469600e-15
4608.000000 1.513660e-15
4610.000000 1.451820e-15
4612.000000 1.509170e-15
4614.000000 1.676190e-15
4616.000000 1.641930e-15
4618.000000 1.647100e-15
4620.000000 1.693770e-15
4622.000000 1.654170e-15
4624.000000 1.588900e-15
4626.000000 1.512120e-15
4628.000000 1.513420e-15
4630.000000 1.676340e-15
4632.000000 1.613290e-15
4634.000000 1.546590e-15
4636.000000 1.503020e-15
4638.000000 1.496130e-15
4640.000000 1.570260e-15
4642.000000 1.646980e-15
4644.000000 1.657790e-15
4646.000000 1.623690e-15
4648.000000 1.582050e-15
4650.000000 1.551870e-15
4652.000000 1.497390e-15
4654.000000 1.599580e-15
4656.000000 1.693650e-15
4658.000000 1.657890e-15
4660.000000 1.740160e-15
4662.000000 1.751820e-15
4664.000000 1.686000e-15
4666.000000 1.660600e-15
4668.000000 1.704640e-15
4670.000000 1.712800e-15
4672.000000 1.822180e-15
4674.000000 1.821650e-15
4676.000000 1.710100e-15
4678.000000 1.587470e-15
4680.000000 1.588760e-15
4682.000000 1.725630e-15
4684.000000 1.699830e-15
4686.000000 1.666160e-15
4688.000000 1.670110e-15
4690.000000 1.607780e-15
4692.000000 1.660490e-15
4694.000000 1.614600e-15
4696.000000 1.691760e-15
4698.000000 1.856080e-15
4700.000000 1.774710e-15
4702.000000 1.763710e-15
4704.000000 1.678420e-15
4706.000000 1.715240e-15
4708.000000 1.762300e-15
4710.000000 1.688640e-15
4712.000000 1.620350e-15
4714.000000 1.782420e-15
4716.000000 1.803560e-15
4718.000000 1.769440e-15
4720.000000 1.746130e-15
4722.000000 1.660920e-15
4724.000000 1.657150e-15
4726.000000 1.632160e-15
4728.000000 1.714330e-15
4730.000000 1.844890e-15
4732.000000 1.859720e-15
4734.000000 1.984400e-15
4736.000000 1.777810e-15
4738.000000 1.728310e-15
4740.000000 1.814610e-15
4742.000000 1.785740e-15
4744.000000 1.626680e-15
4746.000000 1.592660e-15
4748.000000 1.721850e-15
4750.000000 1.725070e-15
4752.000000 1.724700e-15
4754.000000 1.692590e-15
4756.000000 1.669600e-15
4758.000000 1.651160e-15
4760.000000 1.642390e-15
4762.000000 1.717120e-15
4764.000000 1.669600e-15
4766.000000 1.728320e-15
4768.000000 1.804980e-15
4770.000000 1.655420e-15
4772.000000 1.758050e-15
4774.000000 1.831130e-15
4776.000000 1.830340e-15
4778.000000 1.724210e-15
4780.000000 1.700130e-15
4782.000000 1.720210e-15
4784.000000 1.650490e-15
4786.000000 1.627840e-15
4788.000000 1.671420e-15
4790.000000 1.737430e-15
4792.000000 1.720980e-15
4794.000000 1.636460e-15
4796.000000 1.675100e-15
4798.000000 1.753790e-15
4800.000000 1.739860e-15
4802.000000 1.654010e-15
4804.000000 1.687070e-15
4806.000000 1.817910e-15
4808.000000 1.735630e-15
4810.000000 1.528900e-15
4812.000000 1.495680e-15
4814.000000 1.577430e-15
4816.000000 1.750830e-15
4818.000000 1.709740e-15
4820.000000 1.672850e-15
4822.000000 1.615440e-15
4824.000000 1.647700e-15
4826.000000 1.605690e-15
4828.000000 1.573850e-15
4830.000000 1.605120e-15
4832.000000 1.597180e-15
4834.000000 1.539160e-15
4836.000000 1.491160e-15
4838.000000 1.539830e-15
4840.000000 1.480210e-15
4842.000000 1.494040e-15
4844.000000 1.488900e-15
4846.000000 1.505460e-15
4848.000000 1.480300e-15
4850.000000 1.318940e-15
4852.000000 1.315770e-15
4854.000000 1.310960e-15
4856.000000 1.387670e-15
4858.000000 1.334330e-15
4860.000000 1.373570e-15
4862.000000 1.375880e-15
4864.000000 1.347130e-15
4866.000000 1.338510e-15
4868.000000 1.398520e-15
4870.000000 1.401550e-15
4872.000000 1.300700e-15
4874.000000 1.172940e-15
4876.000000 1.155950e-15
4878.000000 1.119380e-15
4880.000000 1.200910e-15
4882.000000 1.316420e-15
4884.000000 1.313290e-15
4886.000000 1.238060e-15
4888.000000 1.305520e-15
4890.000000 1.269030e-15
4892.000000 1.072230e-15
4894.000000 1.084360e-15
4896.000000 1.156150e-15
4898.000000 1.149990e-15
4900.000000 9.979340e-16
4902.000000 9.470330e-16
4904.000000 1.075980e-15
4906.000000 1.177600e-15
4908.000000 1.062930e-15
4910.000000 1.165990e-15
4912.000000 1.038090e-15
4914.000000 1.055240e-15
4916.000000 1.129720e-15
4918.000000 1.166180e-15
4920.000000 1.133870e-15
4922.000000 1.146110e-15
4924.000000 1.156210e-15
4926.000000 1.141190e-15
4928.000000 1.127110e-15
4930.000000 1.110310e-15
4932.000000 1.174910e-15
4934.000000 1.146820e-15
4936.000000 1.174650e-15
4938.000000 1.181630e-15
4940.000000 1.174940e-15
4942.000000 1.153700e-15
4944.000000 1.049110e-15
4946.000000 1.078160e-15
4948.000000 1.098050e-15
4950.000000 1.193950e-15
4952.000000 1.281410e-15
4954.000000 1.316820e-15
4956.000000 1.297510e-15
4958.000000 1.296270e-15
4960.000000 1.176160e-15
4962.000000 1.035560e-15
4964.000000 1.123250e-15
4966.000000 1.128490e-15
4968.000000 1.103490e-15
4970.000000 1.230320e-15
4972.000000 1.077800e-15
4974.000000 9.141520e-16
4976.000000 9.168550e-16
4978.000000 9.651540e-16
4980.000000 1.039800e-15
4982.000000 1.155730e-15
4984.000000 1.148280e-15
4986.000000 1.113810e-15
4988.000000 1.090120e-15
4990.000000 1.043690e-15
4992.000000 8.814010e-16
4994.000000 1.021660e-15
4996.000000 1.057200e-15
4998.000000 1.035170e-15
5000.000000 1.072310e-15
5002.000000 1.096110e-15
5004.000000 1.144050e-15
5006.000000 1.157820e-15
5008.000000 1.053500e-15
5010.000000 9.579120e-16
5012.000000 1.048100e-15
5014.000000 1.046420e-15
5016.000000 1.117470e-15
5018.000000 1.120260e-15
5020.000000 1.074190e-15
5022.000000 1.102250e-15
5024.000000 1.052920e-15
5026.000000 1.078610e-15
5028.000000 1.214440e-15
5030.000000 1.099600e-15
5032.000000 1.193720e-15
5034.000000 1.267990e-15
5036.000000 1.347320e-15
5056.000000 1.488280e-15
5058.000000 1.463350e-15
5060.000000 1.439870e-15
5062.000000 1.468560e-15
5064.000000 1.594790e-15
5066.000000 1.646090e-15
5068.000000 1.622850e-15
5070.000000 1.577390e-15
5072.000000 1.612510e-15
5074.000000 1.690230e-15
5076.000000 1.720220e-15
5078.000000 1.672130e-15
5080.000000 1.681580e-15
5082.000000 1.811170e-15
5084.000000 1.794730e-15
5086.000000 1.554600e-15
5088.000000 1.550820e-15
5090.000000 1.545310e-15
5092.000000 1.502250e-15
5094.000000 1.515080e-15
5096.000000 1.441630e-15
5098.000000 1.461800e-15
5100.000000 1.477800e-15
5102.000000 1.465280e-15
5104.000000 1.443950e-15
5106.000000 1.404950e-15
5108.000000 1.477090e-15
5110.000000 1.473000e-15
5112.000000 1.385240e-15
5114.000000 1.387950e-15
5116.000000 1.358210e-15
5118.000000 1.378950e-15
5120.000000 1.287930e-15
5122.000000 1.245370e-15
5124.000000 1.298480e-15
5126.000000 1.280970e-15
5128.000000 1.345290e-15
5130.000000 1.345720e-15
5132.000000 1.233160e-15
5134.000000 1.280210e-15
5136.000000 1.290750e-15
5138.000000 1.228160e-15
5140.000000 1.168140e-15
5142.000000 1.163960e-15
5144.000000 1.205090e-15
5146.000000 1.221190e-15
5148.000000 1.207300e-15
5150.000000 1.278220e-15
5152.000000 1.303230e-15
5154.000000 1.224880e-15
5156.000000 1.144400e-15
5158.000000 1.212760e-15
5160.000000 1.280420e-15
5162.000000 1.080260e-15
5164.000000 1.181840e-15
5166.000000 1.219560e-15
5168.000000 1.099630e-15
5170.000000 1.119170e-15
5172.000000 1.146690e-15
5174.000000 1.140300e-15
5176.000000 1.214350e-15
5178.000000 1.294880e-15
5180.000000 1.313630e-15
5182.000000 1.281530e-15
5184.000000 1.222310e-15
5186.000000 1.127500e-15
5188.000000 1.236060e-15
5190.000000 1.360590e-15
5192.000000 1.336200e-15
5194.000000 1.278300e-15
5196.000000 1.273760e-15
5198.000000 1.286050e-15
5200.000000 1.337020e-15
5202.000000 1.363410e-15
5204.000000 1.288510e-15
5206.000000 1.328440e-15
5208.000000 1.311660e-15
5210.000000 1.307510e-15
5212.000000 1.249890e-15
5214.000000 1.299090e-15
5216.000000 1.380460e-15
5218.000000 1.391720e-15
5220.000000 1.416260e-15
5222.000000 1.564720e-15
5224.000000 1.449430e-15
5226.000000 1.397930e-15
5228.000000 1.531340e-15
5230.000000 1.575680e-15
5232.000000 1.500170e-15
5234.000000 1.324000e-15
5236.000000 1.435090e-15
5238.000000 1.570140e-15
5240.000000 1.468760e-15
5242.000000 1.399200e-15
5244.000000 1.477660e-15
5246.000000 1.486700e-15
5248.000000 1.467290e-15
5250.000000 1.527340e-15
5252.000000 1.458040e-15
5254.000000 1.336200e-15
5256.000000 1.461400e-15
5258.000000 1.604300e-15
5260.000000 1.423850e-15
5262.000000 1.404360e-15
5264.000000 1.443630e-15
5266.000000 1.419880e-15
5268.000000 1.397700e-15
5270.000000 1.410280e-15
5272.000000 1.561730e-15
5274.000000 1.482410e-15
5276.000000 1.478750e-15
5278.000000 1.505410e-15
5280.000000 1.461260e-15
5282.000000 1.429770e-15
5284.000000 1.330450e-15
5286.000000 1.219230e-15
5288.000000 1.273730e-15
5290.000000 1.376300e-15
5292.000000 1.327550e-15
5294.000000 1.310990e-15
5296.000000 1.410180e-15
5298.000000 1.404570e-15
5300.000000 1.441770e-15
5302.000000 1.424330e-15
5304.000000 1.464160e-15
5306.000000 1.439050e-15
5308.000000 1.238670e-15
5310.000000 1.281000e-15
5312.000000 1.517930e-15
5314.000000 1.539910e-15
5316.000000 1.335170e-15
5318.000000 1.359500e-15
5320.000000 1.357380e-15
5322.000000 1.405940e-15
5324.000000 1.407740e-15
5326.000000 1.372780e-15
5328.000000 1.358410e-15
5330.000000 1.363040e-15
5332.000000 1.431920e-15
5334.000000 1.469870e-15
5336.000000 1.456380e-15
5338.000000 1.478830e-15
5340.000000 1.443480e-15
5342.000000 1.353930e-15
5344.000000 1.352400e-15
5346.000000 1.417040e-15
5348.000000 1.495040e-15
5350.000000 1.574770e-15
5352.000000 1.553510e-15
5354.000000 1.633770e-15
5356.000000 1.701320e-15
5358.000000 1.592070e-15
5360.000000 1.565210e-15
5362.000000 1.589150e-15
5364.000000 1.478410e-15
5366.000000 1.488210e-15
5368.000000 1.470760e-15
5370.000000 1.516570e-15
5372.000000 1.629590e-15
5374.000000 1.584010e-15
5376.000000 1.645400e-15
5378.000000 1.597970e-15
5380.000000 1.594110e-15
5382.000000 1.614430e-15
5384.000000 1.618800e-15
5386.000000 1.612630e-15
5388.000000 1.618380e-15
5390.000000 1.652730e-15
5392.000000 1.669060e-15
5394.000000 1.631210e-15
5396.000000 1.557900e-15
5398.000000 1.484820e-15
5400.000000 1.342430e-15
5402.000000 1.323420e-15
5404.000000 1.427620e-15
5406.000000 1.510750e-15
5408.000000 1.522160e-15
5410.000000 1.525700e-15
5412.000000 1.617690e-15
5414.000000 1.820720e-15
5416.000000 1.806900e-15
5418.000000 1.558720e-15
5420.000000 1.444840e-15
5422.000000 1.474730e-15
5424.000000 1.531810e-15
5426.000000 1.555160e-15
5428.000000 1.574760e-15
5430.000000 1.539710e-15
5432.000000 1.404720e-15
5434.000000 1.379510e-15
5436.000000 1.421100e-15
5438.000000 1.498800e-15
5440.000000 1.650960e-15
5442.000000 1.808300e-15
5444.000000 1.785860e-15
5446.000000 1.610120e-15
5448.000000 1.507720e-15
5450.000000 1.370860e-15
5452.000000 1.314060e-15
5454.000000 1.358240e-15
5456.000000 1.431590e-15
5458.000000 1.483090e-15
5460.000000 1.537280e-15
5462.000000 1.579950e-15
5464.000000 1.642560e-15
5466.000000 1.636760e-15
5468.000000 1.551190e-15
5470.000000 1.475000e-15
5472.000000 1.429130e-15
5474.000000 1.400850e-15
5476.000000 1.407680e-15
5478.000000 1.467840e-15
5480.000000 1.465190e-15
5482.000000 1.412890e-15
5484.000000 1.378800e-15
5486.000000 1.351530e-15
5488.000000 1.345600e-15
5490.000000 1.395190e-15
5492.000000 1.491050e-15
5494.000000 1.498090e-15
5496.000000 1.428890e-15
5498.000000 1.391220e-15
5500.000000 1.343820e-15
5502.000000 1.330060e-15
5504.000000 1.377680e-15
5506.000000 1.457290e-15
5508.000000 1.511500e-15
5510.000000 1.572390e-15
5512.000000 1.594120e-15
5514.000000 1.605880e-15
5516.000000 1.562200e-15
5518.000000 1.414750e-15
5520.000000 1.274290e-15
5522.000000 1.265060e-15
5524.000000 1.340980e-15
5526.000000 1.358310e-15
5528.000000 1.366430e-15
5530.000000 1.360060e-15
5532.000000 1.323300e-15
5534.000000 1.300940e-15
5536.000000 1.315200e-15
5538.000000 1.347370e-15
5540.000000 1.369300e-15
5542.000000 1.399960e-15
5544.000000 1.404250e-15
5546.000000 1.380300e-15
5548.000000 1.364970e-15
5550.000000 1.355670e-15
5552.000000 1.355380e-15
5554.000000 1.377210e-15
5556.000000 1.420140e-15
5558.000000 1.429630e-15
5560.000000 1.413270e-15
5562.000000 1.404590e-15
5564.000000 1.385690e-15
5566.000000 1.385290e-15
5568.000000 1.433740e-15
5570.000000 1.500630e-15
5572.000000 1.490660e-15
5574.000000 1.402270e-15
5576.000000 1.378410e-15
5578.000000 1.387300e-15
5580.000000 1.396560e-15
5582.000000 1.408630e-15
5584.000000 1.419190e-15
5586.000000 1.417400e-15
5588.000000 1.407540e-15
5590.000000 1.393160e-15
5592.000000 1.359580e-15
5594.000000 1.350170e-15
5596.000000 1.362780e-15
5598.000000 1.382070e-15
5600.000000 1.407430e-15
5602.000000 1.435980e-15
5604.000000 1.436110e-15
5606.000000 1.407770e-15
5608.000000 1.393740e-15
5610.000000 1.375790e-15
5612.000000 1.369870e-15
5614.000000 1.387190e-15
5616.000000 1.405640e-15
5618.000000 1.396400e-15
5620.000000 1.370340e-15
5622.000000 1.337720e-15
5624.000000 1.269550e-15
5626.000000 1.247480e-15
5628.000000 1.267870e-15
5630.000000 1.304510e-15
5632.000000 1.360010e-15
5634.000000 1.426270e-15
5636.000000 1.418490e-15
5638.000000 1.316670e-15
5640.000000 1.300060e-15
5642.000000 1.344330e-15
5644.000000 1.367840e-15
5646.000000 1.353140e-15
5648.000000 1.328880e-15
5650.000000 1.322820e-15
5652.000000 1.326660e-15
5654.000000 1.317820e-15
5656.000000 1.283860e-15
5658.000000 1.286800e-15
5660.000000 1.344590e-15
5662.000000 1.389120e-15
5664.000000 1.375210e-15
5666.000000 1.329790e-15
5668.000000 1.303500e-15
5670.000000 1.279050e-15
5672.000000 1.254360e-15
5674.000000 1.225640e-15
5676.000000 1.205340e-15
5678.000000 1.189460e-15
5680.000000 1.186820e-15
5682.000000 1.221890e-15
5684.000000 1.300250e-15
5686.000000 1.323250e-15
5688.000000 1.324640e-15
5690.000000 1.296740e-15
5692.000000 1.199080e-15
5694.000000 1.132120e-15
5696.000000 1.188940e-15
5698.000000 1.315150e-15
5700.000000 1.311350e-15
5702.000000 1.172520e-15
5704.000000 1.151840e-15
5706.000000 1.205850e-15
5708.000000 1.257630e-15
5710.000000 1.307960e-15
5712.000000 1.344530e-15
5714.000000 1.311330e-15
5716.000000 1.204590e-15
5718.000000 1.175100e-15
5720.000000 1.196340e-15
5722.000000 1.203670e-15
5724.000000 1.203200e-15
5726.000000 1.199290e-15
5728.000000 1.187810e-15
5730.000000 1.171100e-15
5732.000000 1.178150e-15
5734.000000 1.213490e-15
5736.000000 1.228190e-15
5738.000000 1.229140e-15
5740.000000 1.233520e-15
5742.000000 1.251930e-15
5744.000000 1.269140e-15
5746.000000 1.257150e-15
5748.000000 1.220350e-15
5750.000000 1.193670e-15
5752.000000 1.158890e-15
5754.000000 1.138490e-15
5756.000000 1.143290e-15
5758.000000 1.142630e-15
5760.000000 1.106100e-15
5762.000000 1.047660e-15
5764.000000 1.029040e-15
5766.000000 1.023190e-15
5768.000000 1.049990e-15
5770.000000 1.139290e-15
5772.000000 1.195860e-15
5774.000000 1.178360e-15
5776.000000 1.134470e-15
5778.000000 1.136910e-15
5780.000000 1.164590e-15
5782.000000 1.183030e-15
5784.000000 1.216650e-15
5786.000000 1.223610e-15
5788.000000 1.202690e-15
5790.000000 1.164920e-15
5792.000000 1.110700e-15
5794.000000 1.038090e-15
5796.000000 9.998040e-16
5798.000000 9.844870e-16
5800.000000 9.706920e-16
5802.000000 9.688140e-16
5804.000000 9.648410e-16
5806.000000 9.473090e-16
5808.000000 9.305450e-16
5810.000000 9.496230e-16
5812.000000 1.017400e-15
5814.000000 1.013700e-15
5816.000000 9.516480e-16
5818.000000 9.025120e-16
5820.000000 8.620390e-16
5822.000000 8.290190e-16
5824.000000 8.132960e-16
5826.000000 8.125450e-16
5828.000000 7.858280e-16
5830.000000 7.204650e-16
5832.000000 7.030640e-16
5834.000000 7.380300e-16
5836.000000 7.612550e-16
5838.000000 7.449530e-16
5840.000000 7.136440e-16
5842.000000 7.011900e-16
5844.000000 6.942090e-16
5846.000000 6.956000e-16
5848.000000 6.864160e-16
5850.000000 7.204600e-16
5852.000000 8.352570e-16
5854.000000 9.438970e-16
5856.000000 9.499240e-16
5858.000000 8.888560e-16
5860.000000 8.646190e-16
5862.000000 8.360980e-16
5864.000000 8.249890e-16
5866.000000 8.288560e-16
5868.000000 8.419240e-16
5870.000000 8.675560e-16
5872.000000 8.998390e-16
5874.000000 9.117500e-16
5876.000000 8.988550e-16
5878.000000 9.199300e-16
5880.000000 9.721760e-16
5882.000000 1.011620e-15
5884.000000 1.092780e-15
5886.000000 1.103020e-15
5888.000000 8.580740e-16
5890.000000 3.903460e-16
5892.000000 2.231610e-16
5894.000000 1.782060e-16
5896.000000 2.765040e-16
5898.000000 6.180730e-16
5900.000000 9.344250e-16
5902.000000 1.104150e-15
5904.000000 1.205190e-15
5906.000000 1.277270e-15
5908.000000 1.295470e-15
5910.000000 1.299950e-15
5912.000000 1.229870e-15
5914.000000 1.227660e-15
5916.000000 1.334210e-15
5918.000000 1.463950e-15
5920.000000 1.531620e-15
5922.000000 1.577650e-15
5924.000000 1.565970e-15
5926.000000 1.454500e-15
5928.000000 1.415440e-15
5930.000000 1.433470e-15
5932.000000 1.466960e-15
5934.000000 1.507510e-15
5936.000000 1.555720e-15
5938.000000 1.568100e-15
5940.000000 1.554900e-15
5942.000000 1.536180e-15
5944.000000 1.492290e-15
5946.000000 1.462750e-15
5948.000000 1.445270e-15
5950.000000 1.445700e-15
5952.000000 1.486970e-15
5954.000000 1.571530e-15
5956.000000 1.604960e-15
5958.000000 1.606600e-15
5960.000000 1.611600e-15
5962.000000 1.621890e-15
5964.000000 1.617870e-15
5966.000000 1.578060e-15
5968.000000 1.519620e-15
5970.000000 1.516060e-15
5972.000000 1.551710e-15
5974.000000 1.589450e-15
5976.000000 1.672660e-15
5978.000000 1.708750e-15
5980.000000 1.671180e-15
5982.000000 1.604040e-15
5984.000000 1.550730e-15
5986.000000 1.481110e-15
5988.000000 1.479940e-15
5990.000000 1.552440e-15
5992.000000 1.597100e-15
5994.000000 1.637380e-15
5996.000000 1.653700e-15
5998.000000 1.621350e-15
6000.000000 1.556470e-15
6002.000000 1.520950e-15
6004.000000 1.484740e-15
6006.000000 1.475990e-15
6008.000000 1.501670e-15
6010.000000 1.519140e-15
6012.000000 1.521860e-15
6014.000000 1.516990e-15
6016.000000 1.501090e-15
6018.000000 1.463660e-15
6020.000000 1.478420e-15
6022.000000 1.554770e-15
6024.000000 1.590690e-15
6026.000000 1.588200e-15
6028.000000 1.575720e-15
6030.000000 1.567630e-15
6032.000000 1.556570e-15
6034.000000 1.541480e-15
6036.000000 1.521280e-15
6038.000000 1.500850e-15
6040.000000 1.470190e-15
6042.000000 1.453410e-15
6044.000000 1.469100e-15
6046.000000 1.487910e-15
6048.000000 1.454100e-15
6050.000000 1.369860e-15
6052.000000 1.347850e-15
6054.000000 1.349270e-15
6056.000000 1.384830e-15
6058.000000 1.499550e-15
6060.000000 1.584180e-15
6062.000000 1.533060e-15
6064.000000 1.399240e-15
6066.000000 1.382650e-15
6068.000000 1.455950e-15
6070.000000 1.479680e-15
6072.000000 1.499920e-15
6074.000000 1.491400e-15
6076.000000 1.422630e-15
6078.000000 1.342060e-15
6080.000000 1.353830e-15
6082.000000 1.448960e-15
6084.000000 1.462620e-15
6086.000000 1.419260e-15
6088.000000 1.400890e-15
6090.000000 1.415430e-15
6092.000000 1.425540e-15
6094.000000 1.404730e-15
6096.000000 1.365450e-15
6098.000000 1.321990e-15
6100.000000 1.236160e-15
6102.000000 1.218880e-15
6104.000000 1.269560e-15
6106.000000 1.313910e-15
6108.000000 1.335130e-15
6110.000000 1.344550e-15
6112.000000 1.332740e-15
6114.000000 1.292120e-15
6116.000000 1.276810e-15
6118.000000 1.286120e-15
6120.000000 1.271570e-15
6122.000000 1.230260e-15
6124.000000 1.177700e-15
6126.000000 1.106420e-15
6128.000000 1.013910e-15
6130.000000 1.056630e-15
6132.000000 1.301190e-15
6134.000000 1.353330e-15
6136.000000 1.231150e-15
6138.000000 1.137960e-15
6140.000000 1.147120e-15
6142.000000 1.193960e-15
6144.000000 1.211280e-15
6146.000000 1.226350e-15
6148.000000 1.231200e-15
6150.000000 1.222760e-15
6152.000000 1.217560e-15
6154.000000 1.219220e-15
6156.000000 1.217500e-15
6158.000000 1.205870e-15
6160.000000 1.188440e-15
6162.000000 1.145830e-15
6164.000000 1.042560e-15
6166.000000 1.016060e-15
6168.000000 1.064400e-15
6170.000000 1.111120e-15
6172.000000 1.128150e-15
6174.000000 1.136620e-15
6176.000000 1.152360e-15
6178.000000 1.173340e-15
6180.000000 1.183030e-15
6182.000000 1.181210e-15
6184.000000 1.183390e-15
6186.000000 1.195080e-15
6188.000000 1.203000e-15
6190.000000 1.191480e-15
6192.000000 1.164950e-15
6194.000000 1.155960e-15
6196.000000 1.162000e-15
6198.000000 1.156260e-15
6200.000000 1.136910e-15
6202.000000 1.123400e-15
6204.000000 1.124620e-15
6206.000000 1.133800e-15
6208.000000 1.143060e-15
6210.000000 1.163580e-15
6212.000000 1.162130e-15
6214.000000 1.139170e-15
6216.000000 1.122760e-15
6218.000000 1.114760e-15
6220.000000 1.109990e-15
6222.000000 1.104760e-15
6224.000000 1.099030e-15
6226.000000 1.109800e-15
6228.000000 1.145410e-15
6230.000000 1.161090e-15
6232.000000 1.157280e-15
6234.000000 1.155310e-15
6236.000000 1.170450e-15
6238.000000 1.189470e-15
6240.000000 1.175120e-15
6242.000000 1.118350e-15
6244.000000 1.105430e-15
6246.000000 1.124130e-15
6248.000000 1.135160e-15
6250.000000 1.131850e-15
6252.000000 1.127810e-15
6254.000000 1.138050e-15
6256.000000 1.161550e-15
6258.000000 1.151640e-15
6260.000000 1.107620e-15
6262.000000 1.080070e-15
6264.000000 1.056480e-15
6266.000000 1.045440e-15
6268.000000 1.060680e-15
6270.000000 1.090060e-15
6272.000000 1.085070e-15
6274.000000 1.037370e-15
6276.000000 1.040820e-15
6278.000000 1.092040e-15
6280.000000 1.120840e-15
6282.000000 1.110570e-15
6284.000000 1.091020e-15
6286.000000 1.092570e-15
6288.000000 1.103860e-15
6290.000000 1.114860e-15
6292.000000 1.133830e-15
6294.000000 1.144850e-15
6296.000000 1.147990e-15
6298.000000 1.149560e-15
6300.000000 1.153940e-15
6302.000000 1.158160e-15
6304.000000 1.153440e-15
6306.000000 1.141080e-15
6308.000000 1.127420e-15
6310.000000 1.108150e-15
6312.000000 1.090260e-15
6314.000000 1.070380e-15
6316.000000 1.055540e-15
6318.000000 1.062770e-15
6320.000000 1.094130e-15
6322.000000 1.089060e-15
6324.000000 1.046990e-15
6326.000000 1.030200e-15
6328.000000 1.033720e-15
6330.000000 1.047180e-15
6332.000000 1.072750e-15
6334.000000 1.107500e-15
6336.000000 1.110270e-15
6338.000000 1.082900e-15
6340.000000 1.068290e-15
6342.000000 1.057290e-15
6344.000000 1.041060e-15
6346.000000 1.009720e-15
6348.000000 9.802670e-16
6350.000000 9.848710e-16
6352.000000 1.021410e-15
6354.000000 1.024530e-15
6356.000000 1.010450e-15
6358.000000 9.929120e-16
6360.000000 9.630010e-16
6362.000000 9.377450e-16
6364.000000 9.314730e-16
6366.000000 9.366210e-16
6368.000000 9.379430e-16
6370.000000 9.478590e-16
6372.000000 9.423140e-16
6374.000000 9.197150e-16
6376.000000 9.027910e-16
6378.000000 8.980260e-16
6380.000000 8.976830e-16
6382.000000 8.929480e-16
6384.000000 8.835070e-16
6386.000000 8.903310e-16
6388.000000 9.216270e-16
6390.000000 9.318880e-16
6392.000000 9.127330e-16
6394.000000 8.959800e-16
6396.000000 9.075940e-16
6398.000000 9.349000e-16
6400.000000 9.414540e-16
6402.000000 9.332130e-16
6404.000000 9.321580e-16
6406.000000 9.243770e-16
6408.000000 9.322800e-16
6410.000000 9.817450e-16
6412.000000 1.033800e-15
6414.000000 1.001320e-15
6416.000000 8.836660e-16
6418.000000 8.567540e-16
6420.000000 8.783670e-16
6422.000000 9.107500e-16
6424.000000 9.782390e-16
6426.000000 1.033160e-15
6428.000000 1.024980e-15
6430.000000 9.761640e-16
6432.000000 9.559550e-16
6434.000000 9.358060e-16
6436.000000 9.323650e-16
6438.000000 9.512140e-16
6440.000000 9.660500e-16
6442.000000 9.679350e-16
6444.000000 9.652530e-16
6446.000000 9.654510e-16
6448.000000 9.609870e-16
6450.000000 9.740570e-16
6452.000000 1.014760e-15
6454.000000 1.031930e-15
6456.000000 1.017600e-15
6458.000000 9.984870e-16
6460.000000 9.956820e-16
6462.000000 9.997870e-16
6464.000000 1.002150e-15
6466.000000 1.007330e-15
6468.000000 1.009880e-15
6470.000000 1.019390e-15
6472.000000 1.013680e-15
6474.000000 9.751510e-16
6476.000000 9.247020e-16
6478.000000 9.104390e-16
6480.000000 9.184590e-16
6482.000000 9.298010e-16
6484.000000 9.654430e-16
6486.000000 9.799190e-16
6488.000000 9.627330e-16
6490.000000 9.426240e-16
6492.000000 9.454980e-16
6494.000000 9.605640e-16
6496.000000 9.733760e-16
6498.000000 9.906500e-16
6500.000000 1.006160e-15
6502.000000 1.018050e-15
6504.000000 1.034830e-15
6506.000000 1.070300e-15
6508.000000 1.107300e-15
6510.000000 1.091830e-15
6512.000000 1.018750e-15
6514.000000 9.937000e-16
6516.000000 9.955410e-16
6518.000000 9.921730e-16
6520.000000 9.776200e-16
6522.000000 9.672030e-16
6524.000000 9.754720e-16
6526.000000 9.972600e-16
6528.000000 1.017400e-15
6530.000000 1.055400e-15
6532.000000 1.064260e-15
6534.000000 1.038290e-15
6536.000000 1.017480e-15
6538.000000 1.022110e-15
6540.000000 1.036310e-15
6542.000000 1.034610e-15
6544.000000 1.022380e-15
6546.000000 1.015450e-15
6548.000000 1.005440e-15
6550.000000 1.002950e-15
6552.000000 1.012710e-15
6554.000000 1.024530e-15
6556.000000 1.027960e-15
6558.000000 1.028190e-15
6560.000000 1.018610e-15
6562.000000 9.932340e-16
6564.000000 9.782100e-16
6566.000000 9.615810e-16
6568.000000 9.610990e-16
6570.000000 9.986180e-16
6572.000000 1.053380e-15
6574.000000 1.051620e-15
6576.000000 9.997750e-16
6578.000000 9.744540e-16
6580.000000 9.392870e-16
6582.000000 9.335890e-16
6584.000000 9.811710e-16
6586.000000 1.034380e-15
6588.000000 1.029140e-15
6590.000000 9.833950e-16
6592.000000 9.739280e-16
6594.000000 9.841490e-16
6596.000000 9.877490e-16
6598.000000 9.918480e-16
6600.000000 9.901940e-16
6602.000000 9.757550e-16
6604.000000 9.540650e-16
6606.000000 9.440120e-16
6608.000000 9.419530e-16
6610.000000 9.366270e-16
6612.000000 9.346010e-16
6614.000000 9.265810e-16
6616.000000 9.098150e-16
6618.000000 8.891720e-16
6620.000000 8.689360e-16
6622.000000 8.450630e-16
6624.000000 8.341280e-16
6626.000000 8.398080e-16
6628.000000 8.337070e-16
6630.000000 8.159760e-16
6632.000000 7.974930e-16
6634.000000 7.822900e-16
6636.000000 7.686590e-16
6638.000000 7.642670e-16
6640.000000 7.779690e-16
6642.000000 7.698830e-16
6644.000000 7.396020e-16
6646.000000 7.214320e-16
6648.000000 7.255760e-16
6650.000000 7.360790e-16
6652.000000 7.336300e-16
6654.000000 7.229980e-16
6656.000000 7.243850e-16
6658.000000 7.367640e-16
6660.000000 7.432530e-16
6662.000000 7.408900e-16
6664.000000 7.427610e-16
6666.000000 7.609570e-16
6668.000000 7.880430e-16
6670.000000 7.930620e-16
6672.000000 7.702530e-16
6674.000000 7.760060e-16
6676.000000 7.969360e-16
6678.000000 8.258130e-16
6680.000000 8.723230e-16
6682.000000 9.179400e-16
6684.000000 9.220380e-16
6686.000000 8.895900e-16
6688.000000 8.871970e-16
6690.000000 9.106910e-16
6692.000000 9.079220e-16
6694.000000 8.677230e-16
6696.000000 8.324430e-16
6698.000000 8.314960e-16
6700.000000 8.498550e-16
6702.000000 8.692810e-16
6704.000000 9.052140e-16
6706.000000 9.269160e-16
6708.000000 9.275250e-16
6710.000000 9.490840e-16
6712.000000 1.020900e-15
6714.000000 1.099200e-15
6716.000000 1.101830e-15
6718.000000 1.039270e-15
6720.000000 1.029660e-15
6722.000000 1.050030e-15
6724.000000 1.057580e-15
6726.000000 1.050920e-15
6728.000000 1.044180e-15
6730.000000 1.045190e-15
6732.000000 1.050120e-15
6734.000000 1.062930e-15
6736.000000 1.093350e-15
6738.000000 1.104340e-15
6740.000000 1.090350e-15
6742.000000 1.092670e-15
6744.000000 1.129240e-15
6746.000000 1.178690e-15
6748.000000 1.209690e-15
6750.000000 1.238930e-15
6752.000000 1.243740e-15
6754.000000 1.212250e-15
6756.000000 1.201930e-15
6758.000000 1.217520e-15
6760.000000 1.236250e-15
6762.000000 1.245380e-15
6764.000000 1.251510e-15
6766.000000 1.233650e-15
6768.000000 1.169590e-15
6770.000000 1.156530e-15
6772.000000 1.186570e-15
6774.000000 1.216820e-15
6776.000000 1.241910e-15
6778.000000 1.260780e-15
6780.000000 1.245030e-15
6782.000000 1.185420e-15
6784.000000 1.175470e-15
6786.000000 1.201730e-15
6788.000000 1.218220e-15
6790.000000 1.230640e-15
6792.000000 1.233630e-15
6794.000000 1.212060e-15
6796.000000 1.170160e-15
6798.000000 1.163900e-15
6800.000000 1.180450e-15
6802.000000 1.200190e-15
6804.000000 1.248440e-15
6806.000000 1.269890e-15
6808.000000 1.231160e-15
6810.000000 1.167380e-15
6812.000000 1.149340e-15
6814.000000 1.158120e-15
6816.000000 1.159990e-15
6818.000000 1.165340e-15
6820.000000 1.173790e-15
6822.000000 1.195290e-15
6824.000000 1.208180e-15
6826.000000 1.182620e-15
6828.000000 1.126950e-15
6830.000000 1.115010e-15
6832.000000 1.135450e-15
6834.000000 1.145300e-15
6836.000000 1.150990e-15
6838.000000 1.160140e-15
6840.000000 1.182710e-15
6842.000000 1.206650e-15
6844.000000 1.193250e-15
6846.000000 1.140320e-15
6848.000000 1.116100e-15
6850.000000 1.103740e-15
6852.000000 1.092160e-15
6854.000000 1.075250e-15
6856.000000 1.066730e-15
6858.000000 1.085530e-15
6860.000000 1.127880e-15
6862.000000 1.141960e-15
6864.000000 1.140990e-15
6866.000000 1.137380e-15
6868.000000 1.130270e-15
6870.000000 1.115370e-15
6872.000000 1.081840e-15
6874.000000 1.042400e-15
6876.000000 1.046520e-15
6878.000000 1.100010e-15
6880.000000 1.109380e-15
6882.000000 1.090930e-15
6884.000000 1.078880e-15
6886.000000 1.075050e-15
6888.000000 1.074910e-15
6890.000000 1.079520e-15
6892.000000 1.090340e-15
6894.000000 1.089320e-15
6896.000000 1.079090e-15
6898.000000 1.070050e-15
6900.000000 1.051480e-15
6902.000000 1.045710e-15
6904.000000 1.071130e-15
6906.000000 1.112630e-15
6908.000000 1.127280e-15
6910.000000 1.137310e-15
6912.000000 1.117800e-15
6914.000000 1.057640e-15
6916.000000 1.010370e-15
6918.000000 9.758450e-16
6920.000000 9.555960e-16
6922.000000 9.658380e-16
6924.000000 1.006380e-15
6926.000000 1.023660e-15
6928.000000 1.034690e-15
6930.000000 1.040330e-15
6932.000000 1.038770e-15
6934.000000 1.034150e-15
6936.000000 1.025360e-15
6938.000000 1.014540e-15
6940.000000 1.021360e-15
6942.000000 1.048780e-15
6944.000000 1.061280e-15
6946.000000 1.075520e-15
6948.000000 1.073820e-15
6950.000000 1.047350e-15
6952.000000 1.012060e-15
6954.000000 9.871030e-16
6956.000000 9.606620e-16
6958.000000 9.604280e-16
6960.000000 1.000270e-15
6962.000000 1.008570e-15
6964.000000 9.829770e-16
6966.000000 9.567860e-16
6968.000000 9.484240e-16
6970.000000 9.475310e-16
6972.000000 9.443040e-16
6974.000000 9.436330e-16
6976.000000 9.406390e-16
6978.000000 9.356110e-16
6980.000000 9.317580e-16
6982.000000 9.335860e-16
6984.000000 9.330140e-16
6986.000000 9.148360e-16
6988.000000 8.797410e-16
6990.000000 8.624730e-16
6992.000000 8.519510e-16
6994.000000 8.483770e-16
6996.000000 8.565560e-16
6998.000000 8.648030e-16
7000.000000 8.625820e-16
7002.000000 8.559690e-16
7004.000000 8.657860e-16
7006.000000 9.030050e-16
7008.000000 9.057980e-16
7010.000000 8.819830e-16
7012.000000 8.580760e-16
7014.000000 8.357730e-16
7016.000000 8.158300e-16
7018.000000 8.086350e-16
7020.000000 8.113440e-16
7022.000000 8.164920e-16
7024.000000 8.329750e-16
7026.000000 8.405290e-16
7028.000000 8.381280e-16
7030.000000 8.340720e-16
7032.000000 8.349720e-16
7034.000000 8.374200e-16
7036.000000 8.283880e-16
7038.000000 8.040790e-16
7040.000000 7.923910e-16
7042.000000 7.901730e-16
7044.000000 7.855220e-16
7046.000000 7.762910e-16
7048.000000 7.640720e-16
7050.000000 7.460890e-16
7052.000000 7.162670e-16
7054.000000 7.124800e-16
7056.000000 7.358350e-16
7058.000000 7.467570e-16
7060.000000 7.432650e-16
7062.000000 7.395490e-16
7064.000000 7.426650e-16
7066.000000 7.490380e-16
7068.000000 7.719810e-16
7070.000000 8.220040e-16
7072.000000 8.488800e-16
7074.000000 8.530080e-16
7076.000000 8.681490e-16
7078.000000 9.114350e-16
7080.000000 9.618370e-16
7082.000000 9.839990e-16
7084.000000 9.939790e-16
7086.000000 9.800050e-16
7088.000000 9.203690e-16
7090.000000 8.920350e-16
7092.000000 8.973250e-16
7094.000000 9.159500e-16
7096.000000 9.380540e-16
7098.000000 9.688220e-16
7100.000000 9.916710e-16
7102.000000 1.017300e-15
7104.000000 1.028860e-15
7106.000000 1.019010e-15
7108.000000 1.018420e-15
7110.000000 1.040790e-15
7112.000000 1.072130e-15
7114.000000 1.090900e-15
7116.000000 1.103800e-15
7118.000000 1.117690e-15
7120.000000 1.130230e-15
7122.000000 1.142110e-15
7124.000000 1.163060e-15
7126.000000 1.171390e-15
7128.000000 1.137640e-15
7130.000000 1.070880e-15
7132.000000 1.052740e-15
7134.000000 1.066160e-15
7136.000000 1.077440e-15
7138.000000 1.100340e-15
7140.000000 1.118710e-15
7142.000000 1.123550e-15
7144.000000 1.123520e-15
7146.000000 1.134920e-15
7148.000000 1.159830e-15
7150.000000 1.163010e-15
7152.000000 1.151660e-15
7154.000000 1.136210e-15
7156.000000 1.106570e-15
7158.000000 1.083580e-15
7160.000000 1.095180e-15
7162.000000 1.132310e-15
7164.000000 1.148430e-15
7166.000000 1.173180e-15
7168.000000 1.160310e-15
7170.000000 1.096680e-15
7172.000000 1.042470e-15
7174.000000 1.019110e-15
7176.000000 1.013550e-15
7178.000000 1.030980e-15
7180.000000 1.090270e-15
7182.000000 1.106980e-15
7184.000000 1.098010e-15
7186.000000 1.088530e-15
7188.000000 1.078400e-15
7190.000000 1.066520e-15
7192.000000 1.051690e-15
7194.000000 1.030820e-15
7196.000000 1.043020e-15
7198.000000 1.108100e-15
7200.000000 1.120750e-15
7202.000000 1.081710e-15
7204.000000 1.042990e-15
7206.000000 1.027270e-15
7208.000000 1.019460e-15
7210.000000 1.007460e-15
7212.000000 9.954940e-16
7214.000000 9.843240e-16
7216.000000 9.754830e-16
7218.000000 9.638400e-16
7220.000000 9.411600e-16
7222.000000 9.243730e-16
7224.000000 9.370030e-16
7226.000000 9.721530e-16
7228.000000 1.001360e-15
7230.000000 1.058660e-15
7232.000000 1.064750e-15
7234.000000 1.009360e-15
7236.000000 9.554370e-16
7238.000000 9.316010e-16
7240.000000 9.213400e-16
7242.000000 9.238490e-16
7244.000000 9.534220e-16
7246.000000 9.585730e-16
7248.000000 9.503410e-16
7250.000000 9.409270e-16
7252.000000 9.335860e-16
7254.000000 9.222640e-16
7256.000000 8.967340e-16
7258.000000 8.542450e-16
7260.000000 8.495650e-16
7262.000000 8.863960e-16
7264.000000 8.970450e-16
7266.000000 8.788420e-16
7268.000000 8.668000e-16
7270.000000 8.813420e-16
7272.000000 9.096750e-16
7274.000000 9.299680e-16
7276.000000 9.595340e-16
7278.000000 9.648380e-16
7280.000000 9.548600e-16
7282.000000 9.321320e-16
7284.000000 8.827590e-16
7286.000000 8.336200e-16
7288.000000 8.311720e-16
7290.000000 8.624030e-16
7292.000000 8.854920e-16
7294.000000 9.345100e-16
7296.000000 9.443100e-16
7298.000000 9.033390e-16
7300.000000 8.641250e-16
7302.000000 8.620190e-16
7304.000000 8.763310e-16
7306.000000 8.654310e-16
7308.000000 8.329050e-16
7310.000000 8.165100e-16
7312.000000 7.999840e-16
7314.000000 7.984150e-16
7316.000000 8.198320e-16
7318.000000 8.511500e-16
7320.000000 8.737510e-16
7322.000000 8.964950e-16
7324.000000 9.110840e-16
7326.000000 9.162080e-16
7328.000000 9.241320e-16
7330.000000 9.305300e-16
7332.000000 9.418250e-16
7334.000000 9.693880e-16
7336.000000 1.006230e-15
7338.000000 1.005830e-15
7340.000000 9.635450e-16
7342.000000 9.498780e-16
7344.000000 9.533940e-16
7346.000000 9.515920e-16
7348.000000 9.411240e-16
7350.000000 9.245330e-16
7352.000000 8.952950e-16
7354.000000 8.413370e-16
7356.000000 8.451610e-16
7358.000000 9.124310e-16
7360.000000 9.457920e-16
7362.000000 9.461880e-16
7364.000000 9.383980e-16
7366.000000 9.330420e-16
7368.000000 9.249380e-16
7370.000000 9.308900e-16
7372.000000 9.584500e-16
7374.000000 9.628640e-16
7376.000000 9.494340e-16
7378.000000 9.361020e-16
7380.000000 9.234080e-16
7382.000000 9.137260e-16
7384.000000 9.212230e-16
7386.000000 9.479340e-16
7388.000000 9.546600e-16
7390.000000 9.441280e-16
7392.000000 9.452710e-16
7394.000000 9.612790e-16
7396.000000 9.781270e-16
7398.000000 9.889230e-16
7400.000000 9.973520e-16
7402.000000 9.821920e-16
7404.000000 9.266290e-16
7406.000000 9.106940e-16
7408.000000 9.224510e-16
7410.000000 9.397120e-16
7412.000000 9.623770e-16
7414.000000 9.860530e-16
7416.000000 9.889890e-16
7418.000000 9.778760e-16
7420.000000 9.607750e-16
7422.000000 9.231810e-16
7424.000000 9.015020e-16
7426.000000 8.988460e-16
7428.000000 9.015330e-16
7430.000000 9.035310e-16
7432.000000 9.087980e-16
7434.000000 8.878680e-16
7436.000000 8.261940e-16
7438.000000 8.046070e-16
7440.000000 8.102520e-16
7442.000000 8.260670e-16
7444.000000 8.541740e-16
7446.000000 8.876410e-16
7448.000000 8.959900e-16
7450.000000 8.804210e-16
7452.000000 8.875180e-16
7454.000000 9.080180e-16
7456.000000 9.269940e-16
7458.000000 9.531930e-16
7460.000000 9.693380e-16
7462.000000 9.522570e-16
7464.000000 9.098590e-16
7466.000000 8.864860e-16
7468.000000 8.625210e-16
7470.000000 8.537330e-16
7472.000000 8.680990e-16
7474.000000 8.752070e-16
7476.000000 8.606450e-16
7478.000000 8.371080e-16
7480.000000 8.238500e-16
7482.000000 8.130610e-16
7484.000000 8.073370e-16
7486.000000 8.051720e-16
7488.000000 8.087000e-16
7490.000000 8.168880e-16
7492.000000 8.317690e-16
7494.000000 8.593500e-16
7496.000000 8.999400e-16
7498.000000 9.156820e-16
7500.000000 9.075060e-16
7502.000000 9.130240e-16
7504.000000 9.319900e-16
7506.000000 9.445020e-16
7508.000000 9.431940e-16
7510.000000 9.327530e-16
7512.000000 9.127120e-16
7514.000000 8.684790e-16
7516.000000 8.592140e-16
7518.000000 8.859120e-16
7520.000000 8.933620e-16
7522.000000 8.789530e-16
7524.000000 8.505500e-16
7526.000000 8.048970e-16
7528.000000 7.378700e-16
7530.000000 7.063880e-16
7532.000000 6.896900e-16
7534.000000 6.946250e-16
7536.000000 7.324240e-16
7538.000000 7.708600e-16
7540.000000 7.945440e-16
7542.000000 8.134220e-16
7544.000000 8.345950e-16
7546.000000 8.537600e-16
7548.000000 8.774610e-16
7550.000000 9.166820e-16
7552.000000 9.338130e-16
7554.000000 9.186890e-16
7556.000000 8.919300e-16
7558.000000 8.759710e-16
7560.000000 8.631990e-16
7562.000000 8.369550e-16
7564.000000 7.826980e-16
7566.000000 7.640920e-16
7568.000000 7.887060e-16
7570.000000 8.085650e-16
7572.000000 7.929940e-16
7574.000000 7.637960e-16
7576.000000 7.704440e-16
7578.000000 8.032100e-16
7580.000000 8.328080e-16
7582.000000 8.888880e-16
7584.000000 9.111070e-16
7586.000000 8.747730e-16
7588.000000 8.258060e-16
7590.000000 8.202980e-16
7592.000000 8.354880e-16
7594.000000 8.667350e-16
7596.000000 9.606210e-16
7598.000000 9.744500e-16
7600.000000 8.767980e-16
7602.000000 8.036980e-16
7604.000000 8.521800e-16
7606.000000 9.587060e-16
7608.000000 9.589140e-16
7610.000000 8.621220e-16
7612.000000 8.390440e-16
7614.000000 8.582310e-16
7616.000000 8.665710e-16
7618.000000 8.547530e-16
7620.000000 8.358670e-16
7622.000000 8.171310e-16
7624.000000 7.926960e-16
7626.000000 7.819010e-16
7628.000000 7.882090e-16
7630.000000 7.814400e-16
7632.000000 7.505970e-16
7634.000000 7.333520e-16
7636.000000 7.605350e-16
7638.000000 8.134860e-16
7640.000000 8.328160e-16
7642.000000 8.419830e-16
7644.000000 8.321220e-16
7646.000000 7.817280e-16
7648.000000 7.583620e-16
7650.000000 7.899480e-16
7652.000000 8.339160e-16
7654.000000 8.287320e-16
7656.000000 7.888010e-16
7658.000000 7.763400e-16
7660.000000 7.740300e-16
7662.000000 7.746660e-16
7664.000000 7.851810e-16
7666.000000 7.912340e-16
7668.000000 7.809810e-16
7670.000000 7.606550e-16
7672.000000 7.427170e-16
7674.000000 7.137080e-16
7676.000000 7.044530e-16
7678.000000 7.133850e-16
7680.000000 7.214460e-16
7682.000000 7.254280e-16
7684.000000 7.278850e-16
7686.000000 7.278480e-16
7688.000000 7.276980e-16
7690.000000 7.164460e-16
7692.000000 6.887820e-16
7694.000000 6.716450e-16
7696.000000 6.507350e-16
7698.000000 6.524620e-16
7700.000000 7.116900e-16
7702.000000 8.115760e-16
7704.000000 8.477020e-16
7706.000000 8.499240e-16
7708.000000 8.383480e-16
7710.000000 7.900990e-16
7712.000000 7.535180e-16
7714.000000 7.447650e-16
7716.000000 7.463540e-16
7718.000000 7.376540e-16
7720.000000 7.204060e-16
7722.000000 7.265300e-16
7724.000000 7.605810e-16
7726.000000 7.784570e-16
7728.000000 7.837910e-16
7730.000000 7.778450e-16
7732.000000 7.557670e-16
7734.000000 7.193160e-16
7736.000000 6.918280e-16
7738.000000 6.553260e-16
7740.000000 6.431800e-16
7742.000000 6.535420e-16
7744.000000 6.690340e-16
7746.000000 6.883570e-16
7748.000000 7.097870e-16
7750.000000 7.196790e-16
7752.000000 7.209970e-16
7754.000000 7.244330e-16
7756.000000 7.291130e-16
7758.000000 7.277390e-16
7760.000000 7.117100e-16
7762.000000 7.015910e-16
7764.000000 7.208540e-16
7766.000000 7.607240e-16
7768.000000 7.739200e-16
7770.000000 7.702350e-16
7772.000000 7.697900e-16
7774.000000 7.694450e-16
7776.000000 7.649990e-16
7778.000000 7.532890e-16
7780.000000 7.381320e-16
7782.000000 7.288480e-16
7784.000000 7.248720e-16
7786.000000 7.131260e-16
7788.000000 6.870540e-16
7790.000000 6.782080e-16
7792.000000 6.965370e-16
7794.000000 7.163110e-16
7796.000000 7.120460e-16
7798.000000 6.935990e-16
7800.000000 6.866820e-16
7802.000000 6.904700e-16
7804.000000 6.796840e-16
7806.000000 6.461330e-16
7808.000000 6.260440e-16
7810.000000 6.338970e-16
7812.000000 6.588390e-16
7814.000000 6.932370e-16
7816.000000 7.546730e-16
7818.000000 7.816450e-16
7820.000000 7.896840e-16
7822.000000 7.879020e-16
7824.000000 7.719780e-16
7826.000000 7.504430e-16
7828.000000 7.333480e-16
7830.000000 7.156020e-16
7832.000000 7.050660e-16
7834.000000 6.977970e-16
7836.000000 6.981760e-16
7838.000000 7.174740e-16
7840.000000 7.241150e-16
7842.000000 7.014820e-16
7844.000000 6.624960e-16
7846.000000 6.257960e-16
7848.000000 5.600680e-16
7850.000000 5.620110e-16
7852.000000 6.269170e-16
7854.000000 6.835360e-16
7856.000000 7.363670e-16
7858.000000 7.783190e-16
7860.000000 7.863450e-16
7862.000000 7.661600e-16
7864.000000 7.592450e-16
7866.000000 7.560440e-16
7868.000000 7.437360e-16
7870.000000 7.238850e-16
7872.000000 6.987550e-16
7874.000000 6.597560e-16
7876.000000 6.174720e-16
7878.000000 6.242840e-16
7880.000000 6.851160e-16
7882.000000 7.099630e-16
7884.000000 7.244550e-16
7886.000000 7.319700e-16
7888.000000 7.326300e-16
7890.000000 7.262350e-16
7892.000000 7.116710e-16
7894.000000 6.870680e-16
7896.000000 6.719450e-16
7898.000000 6.622760e-16
7900.000000 6.507750e-16
7902.000000 6.383280e-16
7904.000000 6.259210e-16
7906.000000 6.103840e-16
7908.000000 5.952110e-16
7910.000000 6.011360e-16
7912.000000 6.297350e-16
7914.000000 6.486550e-16
7916.000000 6.715120e-16
7918.000000 6.866610e-16
7920.000000 6.895730e-16
7922.000000 6.884350e-16
7924.000000 6.934260e-16
7926.000000 7.007440e-16
7928.000000 7.073400e-16
7930.000000 7.109110e-16
7932.000000 7.218090e-16
7934.000000 7.413840e-16
7936.000000 7.622170e-16
7938.000000 7.797380e-16
7940.000000 7.966700e-16
7942.000000 8.174840e-16
7944.000000 8.531900e-16
7946.000000 8.604480e-16
7948.000000 8.517690e-16
7950.000000 8.276880e-16
7952.000000 7.796740e-16
7954.000000 7.238590e-16
7956.000000 6.870850e-16
7958.000000 6.566300e-16
7960.000000 6.441250e-16
7962.000000 6.427560e-16
7964.000000 6.622860e-16
7966.000000 7.219330e-16
7968.000000 7.716670e-16
7970.000000 7.759220e-16
7972.000000 7.542330e-16
7974.000000 7.366580e-16
7976.000000 6.960030e-16
7978.000000 6.888650e-16
7980.000000 7.126420e-16
7982.000000 7.298000e-16
7984.000000 7.315870e-16
7986.000000 7.287660e-16
7988.000000 7.292940e-16
7990.000000 7.275700e-16
7992.000000 7.377920e-16
7994.000000 7.581860e-16
7996.000000 7.803900e-16
7998.000000 8.113730e-16
8000.000000 8.370500e-16
8002.000000 8.465640e-16
8004.000000 8.454160e-16
8006.000000 8.378610e-16
8008.000000 8.294830e-16
8010.000000 7.965110e-16
8012.000000 7.115830e-16
8014.000000 6.682160e-16
8016.000000 7.099130e-16
8018.000000 7.773050e-16
8020.000000 7.752250e-16
8022.000000 7.226130e-16
8024.000000 7.192050e-16
8026.000000 7.541230e-16
8028.000000 7.651260e-16
8030.000000 7.580750e-16
8032.000000 7.350290e-16
8034.000000 6.822660e-16
8036.000000 6.057400e-16
8038.000000 5.971290e-16
8040.000000 6.647740e-16
8042.000000 6.758860e-16
8044.000000 6.432740e-16
8046.000000 6.253890e-16
8048.000000 6.401060e-16
8050.000000 6.694500e-16
8052.000000 6.965970e-16
8054.000000 7.296130e-16
8056.000000 7.607950e-16
8058.000000 8.059830e-16
8060.000000 8.242280e-16
8062.000000 8.078360e-16
8064.000000 7.828060e-16
8066.000000 7.700140e-16
8068.000000 7.600210e-16
8070.000000 7.383170e-16
8072.000000 6.992100e-16
8074.000000 6.778680e-16
8076.000000 6.690940e-16
8078.000000 6.637310e-16
8080.000000 6.584550e-16
8082.000000 6.565110e-16
8084.000000 6.616000e-16
8086.000000 6.697950e-16
8088.000000 6.927720e-16
8090.000000 7.496910e-16
8092.000000 7.720090e-16
8094.000000 7.454650e-16
8096.000000 7.127680e-16
8098.000000 7.113220e-16
8100.000000 7.254180e-16
8102.000000 7.248230e-16
8104.000000 7.076800e-16
8106.000000 7.134310e-16
8108.000000 7.499770e-16
8110.000000 7.720840e-16
8112.000000 7.620990e-16
8114.000000 7.347890e-16
8116.000000 7.045770e-16
8118.000000 6.567860e-16
8120.000000 6.317250e-16
8122.000000 6.082190e-16
8124.000000 6.128420e-16
8126.000000 6.622600e-16
8128.000000 7.171850e-16
8130.000000 7.395240e-16
8132.000000 7.464370e-16
8134.000000 7.370010e-16
8136.000000 6.905550e-16
8138.000000 6.754650e-16
8140.000000 6.896320e-16
8142.000000 6.997080e-16
8144.000000 6.932210e-16
8146.000000 6.789370e-16
8148.000000 6.605970e-16
8150.000000 6.215340e-16
8152.000000 6.245840e-16
8154.000000 6.710180e-16
8156.000000 7.010480e-16
8158.000000 7.119130e-16
8160.000000 7.133880e-16
8162.000000 7.062100e-16
8164.000000 6.874130e-16
8166.000000 6.869220e-16
8168.000000 7.670670e-16
8170.000000 6.945040e-16
8172.000000 4.473550e-16
8174.000000 2.040380e-16
8178.000000 9.629500e-17
8180.000000 1.912400e-16
8182.000000 1.912400e-16
8184.000000 4.001280e-16
8186.000000 6.424540e-16
8188.000000 8.524280e-16
8190.000000 1.081500e-15
8192.000000 1.224820e-15
8194.000000 1.096890e-15
8196.000000 7.228540e-16
8198.000000 6.131930e-16
8200.000000 6.508760e-16
8202.000000 6.779620e-16
8204.000000 7.486140e-16
8206.000000 8.002250e-16
8208.000000 7.897070e-16
8210.000000 7.479520e-16
8212.000000 7.336840e-16
8214.000000 7.299880e-16
8216.000000 7.207920e-16
8218.000000 7.165850e-16
8220.000000 7.008480e-16
8222.000000 6.698660e-16
8224.000000 6.306750e-16
8226.000000 5.843190e-16
8228.000000 5.204540e-16
8230.000000 5.186390e-16
8232.000000 5.911890e-16
8234.000000 6.173560e-16
8236.000000 6.024010e-16
8238.000000 5.850040e-16
8240.000000 5.823130e-16
8242.000000 5.847390e-16
8244.000000 5.911600e-16
8246.000000 6.062220e-16
8248.000000 6.148480e-16
8250.000000 6.288050e-16
8252.000000 6.271540e-16
8254.000000 5.950540e-16
8256.000000 5.598280e-16
8258.000000 5.633140e-16
8260.000000 5.963540e-16
8262.000000 6.017120e-16
8264.000000 5.836110e-16
8266.000000 5.864130e-16
8268.000000 6.169350e-16
8270.000000 6.414410e-16
8272.000000 6.364460e-16
8274.000000 6.163150e-16
8276.000000 6.155470e-16
8278.000000 6.135380e-16
8280.000000 6.390540e-16
8282.000000 7.138120e-16
8284.000000 7.527190e-16
8286.000000 7.221330e-16
8288.000000 6.756530e-16
8290.000000 6.889960e-16
8292.000000 7.462790e-16
8294.000000 7.539100e-16
8296.000000 7.312350e-16
8298.000000 7.104710e-16
8300.000000 6.850130e-16
8302.000000 6.600130e-16
8304.000000 6.389230e-16
8306.000000 6.202430e-16
8308.000000 6.128500e-16
8310.000000 6.170250e-16
8312.000000 6.213180e-16
8314.000000 6.344770e-16
8316.000000 6.410060e-16
8318.000000 6.309720e-16
8320.000000 6.199040e-16
8322.000000 6.362610e-16
8324.000000 6.800960e-16
8326.000000 6.860270e-16
8328.000000 6.574910e-16
8330.000000 6.474070e-16
8332.000000 6.578080e-16
8334.000000 6.686350e-16
8336.000000 6.693280e-16
8338.000000 6.650670e-16
8340.000000 6.479280e-16
8342.000000 5.964100e-16
8344.000000 5.919830e-16
8346.000000 6.380350e-16
8348.000000 6.652020e-16
8350.000000 6.546260e-16
8352.000000 6.262090e-16
8354.000000 5.940240e-16
8356.000000 5.427340e-16
8358.000000 5.241070e-16
8360.000000 5.380270e-16
8362.000000 5.354320e-16
8364.000000 5.084960e-16
8366.000000 4.871920e-16
8368.000000 4.950120e-16
8370.000000 5.209370e-16
8372.000000 5.418410e-16
8374.000000 5.789970e-16
8376.000000 5.878090e-16
8378.000000 5.702360e-16
8380.000000 5.518160e-16
8382.000000 5.358070e-16
8384.000000 5.221700e-16
8386.000000 5.221460e-16
8388.000000 5.286550e-16
8390.000000 5.550920e-16
8392.000000 6.282010e-16
8394.000000 6.542390e-16
8396.000000 6.223630e-16
8398.000000 5.753320e-16
8400.000000 5.398020e-16
8402.000000 5.021970e-16
8404.000000 4.938400e-16
8406.000000 5.211070e-16
8408.000000 5.278920e-16
8410.000000 5.327780e-16
8412.000000 5.221400e-16
8414.000000 4.788800e-16
8416.000000 4.258270e-16
8418.000000 4.190000e-16
8420.000000 4.448690e-16
8422.000000 4.679410e-16
8424.000000 5.217270e-16
8426.000000 5.381680e-16
8428.000000 5.008230e-16
8430.000000 4.561420e-16
8432.000000 4.441210e-16
8434.000000 4.472050e-16
8436.000000 4.521990e-16
8438.000000 4.656650e-16
8440.000000 4.805630e-16
8442.000000 5.089080e-16
8444.000000 5.230850e-16
8446.000000 5.076510e-16
8448.000000 4.777710e-16
8450.000000 4.624330e-16
8452.000000 4.558450e-16
8454.000000 4.362170e-16
8456.000000 4.036340e-16
8458.000000 3.775400e-16
8460.000000 3.564080e-16
8462.000000 3.416050e-16
8464.000000 3.401620e-16
8466.000000 3.515400e-16
8468.000000 3.407460e-16
8470.000000 2.961900e-16
8472.000000 2.932920e-16
8474.000000 3.270500e-16
8476.000000 3.685670e-16
8478.000000 4.122570e-16
8480.000000 4.585130e-16
8482.000000 4.857920e-16
8484.000000 5.043750e-16
8486.000000 5.048900e-16
8488.000000 4.872650e-16
8490.000000 4.600300e-16
8492.000000 4.147040e-16
8494.000000 3.687050e-16
8496.000000 3.414530e-16
8498.000000 3.218600e-16
8500.000000 3.380320e-16
8502.000000 4.169960e-16
8504.000000 4.418140e-16
8506.000000 4.279200e-16
8508.000000 3.952740e-16
8510.000000 3.379630e-16
8512.000000 2.674390e-16
8514.000000 2.506860e-16
8516.000000 2.827470e-16
8518.000000 2.885360e-16
8520.000000 2.826720e-16
8522.000000 2.879480e-16
8524.000000 3.108030e-16
8526.000000 3.378560e-16
8528.000000 3.547420e-16
8530.000000 3.667350e-16
8532.000000 3.815450e-16
8534.000000 3.881360e-16
8536.000000 4.137950e-16
8538.000000 4.664530e-16
8540.000000 5.133590e-16
8542.000000 5.389970e-16
8544.000000 5.524390e-16
8546.000000 5.556360e-16
8548.000000 5.435530e-16
8550.000000 5.320920e-16
8552.000000 5.164160e-16
8554.000000 4.968780e-16
8556.000000 4.713280e-16
8558.000000 4.440460e-16
8560.000000 4.204000e-16
8562.000000 3.964590e-16
8564.000000 3.852740e-16
8566.000000 3.915950e-16
8568.000000 3.870320e-16
8570.000000 3.705540e-16
8572.000000 3.565740e-16
8574.000000 3.506580e-16
8576.000000 3.503550e-16
8578.000000 3.642120e-16
8580.000000 4.026930e-16
8582.000000 4.183540e-16
8584.000000 4.109360e-16
8586.000000 4.209620e-16
8588.000000 4.693470e-16
8590.000000 5.191300e-16
8592.000000 5.154580e-16
8594.000000 4.695030e-16
8596.000000 4.590700e-16
8598.000000 4.676950e-16
8600.000000 4.690980e-16
8602.000000 4.579980e-16
8604.000000 4.570570e-16
8606.000000 4.813480e-16
8608.000000 5.221530e-16
8610.000000 5.633850e-16
8612.000000 6.375160e-16
8614.000000 6.531820e-16
8616.000000 5.977940e-16
8618.000000 5.811140e-16
8620.000000 6.429570e-16
8622.000000 7.227090e-16
8624.000000 7.432990e-16
8626.000000 7.367870e-16
8628.000000 6.972660e-16
8630.000000 5.987200e-16
8632.000000 5.280010e-16
8634.000000 4.745540e-16
8636.000000 4.356890e-16
8638.000000 4.194180e-16
8640.000000 4.206240e-16
8642.000000 3.976510e-16
8644.000000 3.502350e-16
8646.000000 3.283000e-16
8648.000000 3.188150e-16
8650.000000 3.196500e-16
8652.000000 3.360920e-16
8654.000000 3.584880e-16
8656.000000 3.658580e-16
8658.000000 3.628640e-16
8660.000000 3.700490e-16
8662.000000 3.838820e-16
8664.000000 3.953820e-16
8666.000000 4.049700e-16
8668.000000 4.141320e-16
8670.000000 4.206240e-16
8672.000000 4.256130e-16
8674.000000 4.509460e-16
8676.000000 4.968620e-16
8678.000000 5.373300e-16
8680.000000 5.857720e-16
8682.000000 6.241580e-16
8684.000000 6.491790e-16
8686.000000 6.629520e-16
8688.000000 6.614960e-16
8690.000000 6.412400e-16
8692.000000 6.286590e-16
8694.000000 6.090450e-16
8696.000000 6.022080e-16
8698.000000 6.132460e-16
8700.000000 6.258620e-16
8702.000000 6.292270e-16
8704.000000 6.287010e-16
8706.000000 6.149200e-16
8708.000000 5.804660e-16
8710.000000 5.606340e-16
8712.000000 5.454030e-16
8714.000000 5.379500e-16
8716.000000 5.413960e-16
8718.000000 5.515540e-16
8720.000000 5.602240e-16
8722.000000 5.734570e-16
8724.000000 5.773490e-16
8726.000000 5.736580e-16
8728.000000 5.700350e-16
8730.000000 5.619810e-16
8732.000000 5.582690e-16
8734.000000 5.687530e-16
8736.000000 5.893090e-16
8738.000000 6.082190e-16
8740.000000 6.408880e-16
8742.000000 6.495110e-16
8744.000000 6.418030e-16
8746.000000 6.211350e-16
8748.000000 5.852170e-16
8750.000000 5.381310e-16
8752.000000 4.922260e-16
8754.000000 4.360520e-16
8756.000000 4.000100e-16
8758.000000 3.577990e-16
8760.000000 3.604210e-16
8762.000000 4.194000e-16
8764.000000 5.024730e-16
8766.000000 5.937450e-16
8768.000000 7.070090e-16
8770.000000 7.322670e-16
8772.000000 6.693190e-16
8774.000000 6.389790e-16
8776.000000 6.016370e-16
8778.000000 5.905850e-16
8780.000000 6.380620e-16
8782.000000 7.079020e-16
8784.000000 7.063160e-16
8786.000000 6.459250e-16
8788.000000 6.215010e-16
8790.000000 6.055300e-16
8792.000000 5.944110e-16
8794.000000 5.865980e-16
8796.000000 5.857300e-16
8798.000000 6.002580e-16
8800.000000 6.306040e-16
8802.000000 6.241030e-16
8804.000000 5.788740e-16
8806.000000 5.575150e-16
8808.000000 5.490380e-16
8810.000000 5.479510e-16
8812.000000 5.627500e-16
8814.000000 5.813520e-16
8816.000000 5.521090e-16
8818.000000 4.593290e-16
8820.000000 4.419240e-16
8822.000000 4.598810e-16
8824.000000 5.080550e-16
8826.000000 6.082620e-16
8828.000000 7.150670e-16
8830.000000 7.732750e-16
8832.000000 8.078400e-16
8834.000000 8.083650e-16
8836.000000 7.434420e-16
8838.000000 7.251250e-16
8840.000000 7.479120e-16
8842.000000 7.700550e-16
8844.000000 7.766140e-16
8846.000000 7.755590e-16
8848.000000 7.591580e-16
8850.000000 7.292970e-16
8852.000000 6.895050e-16
8854.000000 6.293920e-16
8856.000000 5.760990e-16
8858.000000 5.346900e-16
8860.000000 4.949570e-16
8862.000000 4.395280e-16
8864.000000 3.630810e-16
8866.000000 3.750920e-16
8868.000000 4.823810e-16
8870.000000 5.499120e-16
8872.000000 6.076310e-16
8874.000000 6.410210e-16
8876.000000 6.162440e-16
8878.000000 5.645310e-16
8880.000000 6.235710e-16
8882.000000 8.238310e-16
8884.000000 8.752450e-16
8886.000000 8.351600e-16
8888.000000 7.854370e-16
8890.000000 7.042550e-16
8892.000000 6.383710e-16
8894.000000 6.927290e-16
8896.000000 8.586880e-16
8898.000000 8.734980e-16
8900.000000 7.774980e-16
8902.000000 7.100840e-16
8904.000000 6.495250e-16
8906.000000 5.932540e-16
8908.000000 5.435610e-16
8910.000000 4.994400e-16
8912.000000 4.644700e-16
8914.000000 4.314990e-16
8916.000000 4.209540e-16
8918.000000 4.271840e-16
8920.000000 4.492070e-16
8922.000000 4.984110e-16
8924.000000 5.530660e-16
8926.000000 5.781770e-16
8928.000000 5.911810e-16
8930.000000 5.712510e-16
8932.000000 4.982680e-16
8934.000000 4.561080e-16
8936.000000 4.279790e-16
8938.000000 4.247660e-16
8940.000000 4.660870e-16
8942.000000 5.389700e-16
8944.000000 5.784200e-16
8946.000000 5.860420e-16
8948.000000 6.339680e-16
8950.000000 7.242480e-16
8952.000000 7.932850e-16
8954.000000 8.466050e-16
8956.000000 8.659740e-16
8958.000000 7.860160e-16
8960.000000 5.940380e-16
8962.000000 5.239120e-16
8964.000000 5.192430e-16
8966.000000 5.259760e-16
8968.000000 5.661000e-16
8970.000000 6.038250e-16
8972.000000 6.105940e-16
8974.000000 6.010270e-16
8976.000000 5.858670e-16
8978.000000 5.535690e-16
8980.000000 5.305080e-16
8982.000000 5.008520e-16
8984.000000 4.885510e-16
8986.000000 5.091550e-16
8988.000000 5.393910e-16
8990.000000 5.375240e-16
8992.000000 5.107140e-16
8994.000000 5.101370e-16
8996.000000 5.264350e-16
8998.000000 5.391340e-16
9000.000000 5.477850e-16
9002.000000 5.588360e-16
9004.000000 5.809460e-16
9006.000000 6.099930e-16
9008.000000 6.068870e-16
9010.000000 5.740040e-16
9012.000000 5.483110e-16
9014.000000 5.063480e-16
9016.000000 4.860310e-16
9018.000000 5.107530e-16
9020.000000 5.490090e-16
9022.000000 5.408780e-16
9024.000000 4.920620e-16
9026.000000 4.916850e-16
9028.000000 5.244740e-16
9030.000000 5.527170e-16
9032.000000 5.860460e-16
9034.000000 6.105000e-16
9036.000000 6.063690e-16
9038.000000 5.819250e-16
9040.000000 5.822060e-16
9042.000000 5.901800e-16
9044.000000 6.116000e-16
9046.000000 6.614910e-16
9048.000000 6.953570e-16
9050.000000 6.994770e-16
9052.000000 6.855430e-16
9054.000000 6.588540e-16
9056.000000 6.058660e-16
9058.000000 5.808510e-16
9060.000000 5.797980e-16
9062.000000 5.644130e-16
9064.000000 5.245450e-16
9066.000000 4.894530e-16
9068.000000 4.889770e-16
9070.000000 5.118420e-16
9072.000000 5.017380e-16
9074.000000 4.727330e-16
9076.000000 4.408440e-16
9078.000000 3.882140e-16
9080.000000 3.525050e-16
9082.000000 3.508620e-16
9084.000000 3.671790e-16
9086.000000 3.795250e-16
9088.000000 4.082630e-16
9090.000000 4.000100e-16
9092.000000 3.473370e-16
9094.000000 3.211500e-16
9096.000000 3.265530e-16
9098.000000 3.437020e-16
9100.000000 3.586030e-16
9102.000000 3.767980e-16
9104.000000 4.101750e-16
9106.000000 4.758930e-16
9108.000000 5.049780e-16
9110.000000 4.975450e-16
9112.000000 4.931960e-16
9114.000000 5.119830e-16
9116.000000 5.358750e-16
9118.000000 5.315770e-16
9120.000000 4.972460e-16
9122.000000 4.921870e-16
9124.000000 5.160570e-16
9126.000000 5.167690e-16
9128.000000 4.880520e-16
9130.000000 4.472490e-16
9132.000000 3.999440e-16
9134.000000 3.367930e-16
9136.000000 3.396300e-16
9138.000000 4.108600e-16
9140.000000 4.553160e-16
9142.000000 4.985830e-16
9144.000000 5.250200e-16
9146.000000 5.199600e-16
9148.000000 4.970790e-16
9150.000000 4.916000e-16
9152.000000 4.884940e-16
9154.000000 4.960020e-16
9156.000000 5.241120e-16
9158.000000 5.363210e-16
9160.000000 5.287750e-16
9162.000000 5.105790e-16
9164.000000 4.827810e-16
9166.000000 4.389850e-16
9168.000000 4.370860e-16
9170.000000 4.708010e-16
9172.000000 4.996040e-16
9174.000000 5.381550e-16
9176.000000 5.687400e-16
9178.000000 5.777890e-16
9180.000000 5.760030e-16
9182.000000 5.895720e-16
9184.000000 6.180810e-16
9186.000000 6.274190e-16
9188.000000 6.295280e-16
9190.000000 6.192210e-16
9192.000000 5.885630e-16
9194.000000 5.534720e-16
9196.000000 5.352110e-16
9198.000000 5.251090e-16
9200.000000 5.205600e-16
9202.000000 5.385250e-16
9204.000000 5.276820e-16
9206.000000 4.798410e-16
9208.000000 4.381490e-16
9210.000000 4.251790e-16
9212.000000 4.273890e-16
9214.000000 4.338480e-16
9216.000000 4.563900e-16
9218.000000 4.666160e-16
9220.000000 4.680400e-16
9222.000000 4.746270e-16
9224.000000 4.941670e-16
9226.000000 5.122690e-16
9228.000000 5.084000e-16
9230.000000 4.879250e-16
9232.000000 4.736630e-16
9234.000000 4.344370e-16
9236.000000 4.455770e-16
9238.000000 5.235440e-16
9240.000000 5.980890e-16
9242.000000 6.298080e-16
9244.000000 6.405610e-16
9246.000000 6.421890e-16
9248.000000 6.165810e-16
9250.000000 6.115730e-16
9252.000000 6.303640e-16
9254.000000 6.241740e-16
9256.000000 5.746100e-16
9258.000000 5.114630e-16
9260.000000 4.729370e-16
9262.000000 4.440970e-16
9264.000000 4.209750e-16
9266.000000 3.937150e-16
9268.000000 3.970930e-16
9270.000000 4.496500e-16
9272.000000 4.943890e-16
9274.000000 4.909510e-16
9276.000000 4.616270e-16
9278.000000 4.454120e-16
9280.000000 4.334330e-16
9282.000000 4.094890e-16
9284.000000 3.551760e-16
9286.000000 3.348410e-16
9288.000000 3.789380e-16
9290.000000 4.412250e-16
9292.000000 4.506650e-16
9294.000000 4.245130e-16
9296.000000 4.281440e-16
9298.000000 3.851660e-16
9300.000000 4.685940e-16
9302.000000 7.237910e-16
9304.000000 9.911410e-16
9306.000000 1.195350e-15
9308.000000 1.371330e-15
9310.000000 1.311260e-15
9312.000000 9.603260e-16
9314.000000 7.452480e-16
9316.000000 5.345540e-16
9318.000000 3.733800e-16
9320.000000 2.560230e-16
9322.000000 2.009480e-16
9324.000000 2.880960e-16
9326.000000 5.757850e-16
9328.000000 5.820580e-16
9330.000000 3.342760e-16
9332.000000 2.103740e-16
9334.000000 2.224130e-16
9336.000000 2.472920e-16
9338.000000 1.978290e-16
9340.000000 1.153210e-16
9342.000000 1.193870e-16
9344.000000 1.788020e-16
9346.000000 2.610720e-16
9348.000000 4.124150e-16
9350.000000 5.293950e-16
9352.000000 5.813740e-16
9354.000000 5.974970e-16
9356.000000 5.939450e-16
9358.000000 5.339970e-16
9360.000000 5.689210e-16
9362.000000 6.676450e-16
9364.000000 7.822930e-16
9366.000000 9.837860e-16
9368.000000 1.120000e-15
9370.000000 1.012730e-15
9372.000000 7.347690e-16
9374.000000 6.660690e-16
9376.000000 7.693590e-16
9378.000000 7.416100e-16
9380.000000 6.190830e-16
9382.000000 5.032670e-16
9384.000000 4.098760e-16
9386.000000 3.365780e-16
9388.000000 3.333880e-16
9390.000000 4.038780e-16
9392.000000 4.430990e-16
9394.000000 5.020150e-16
9396.000000 5.241080e-16
9398.000000 4.877970e-16
9400.000000 4.501000e-16
9402.000000 4.651170e-16
9404.000000 5.104070e-16
9406.000000 5.377290e-16
9408.000000 5.622000e-16
9410.000000 5.872990e-16
9412.000000 6.293150e-16
9414.000000 6.428010e-16
9416.000000 5.998090e-16
9418.000000 5.298550e-16
9420.000000 4.936510e-16
9422.000000 4.726060e-16
9424.000000 4.482560e-16
9426.000000 4.052880e-16
9428.000000 4.061370e-16
9430.000000 4.796690e-16
9432.000000 5.561590e-16
9434.000000 5.678370e-16
9436.000000 5.440220e-16
9438.000000 5.000430e-16
9440.000000 3.847900e-16
9442.000000 3.482680e-16
9444.000000 3.779480e-16
9446.000000 4.216620e-16
9448.000000 4.744360e-16
9450.000000 5.303800e-16
9452.000000 5.268720e-16
9454.000000 4.625760e-16
9456.000000 4.383570e-16
9458.000000 4.170500e-16
9460.000000 4.185000e-16
9462.000000 4.604890e-16
9464.000000 5.040370e-16
9466.000000 5.004140e-16
9468.000000 4.647730e-16
9470.000000 4.668430e-16
9472.000000 4.792400e-16
9474.000000 5.163760e-16
9476.000000 6.014030e-16
9478.000000 6.670210e-16
9480.000000 6.771910e-16
9482.000000 6.591280e-16
9484.000000 6.534990e-16
9486.000000 6.106430e-16
9488.000000 6.659620e-16
9490.000000 8.446100e-16
9492.000000 9.546570e-16
9494.000000 9.884840e-16
9496.000000 9.653520e-16
9498.000000 8.652920e-16
9500.000000 6.781160e-16
9502.000000 5.785260e-16
9504.000000 5.306880e-16
9506.000000 4.671090e-16
9508.000000 3.873880e-16
9510.000000 3.245630e-16
9512.000000 2.997610e-16
9514.000000 2.967810e-16
9516.000000 2.750550e-16
9518.000000 2.218380e-16
9520.000000 2.388110e-16
9522.000000 3.227620e-16
9524.000000 3.956920e-16
9526.000000 4.607110e-16
9528.000000 5.095900e-16
9530.000000 5.057000e-16
9532.000000 4.471360e-16
9534.000000 4.722010e-16
9536.000000 5.735150e-16
9538.000000 6.327530e-16
9540.000000 6.697240e-16
9542.000000 6.854960e-16
9544.000000 6.643420e-16
9546.000000 6.209910e-16
9548.000000 6.340400e-16
9550.000000 6.798240e-16
9552.000000 7.427180e-16
9554.000000 8.833060e-16
9556.000000 9.415960e-16
9558.000000 8.837410e-16
9560.000000 7.642150e-16
9562.000000 6.165550e-16
9564.000000 3.927360e-16
9566.000000 3.331420e-16
9568.000000 4.379670e-16
9570.000000 4.645670e-16
9572.000000 4.189710e-16
9574.000000 3.787580e-16
9576.000000 3.862580e-16
9578.000000 4.171280e-16
9580.000000 4.367950e-16
9582.000000 4.506960e-16
9584.000000 4.819250e-16
9586.000000 5.419240e-16
9588.000000 5.793660e-16
9590.000000 5.872420e-16
9592.000000 5.730060e-16
9594.000000 5.293820e-16
9596.000000 4.421520e-16
9598.000000 4.194270e-16
9600.000000 4.615730e-16
9602.000000 4.605320e-16
9604.000000 4.117400e-16
9606.000000 3.622680e-16
9608.000000 3.335200e-16
9610.000000 3.154700e-16
9612.000000 3.398980e-16
9614.000000 4.350170e-16
9616.000000 4.676950e-16
9618.000000 4.697920e-16
9620.000000 4.560970e-16
9622.000000 4.125640e-16
9624.000000 3.664090e-16
9626.000000 3.815620e-16
9628.000000 4.536020e-16
9630.000000 4.621410e-16
9632.000000 4.319670e-16
9634.000000 4.033590e-16
9636.000000 3.574140e-16
9638.000000 3.273520e-16
9640.000000 3.504870e-16
9642.000000 4.076480e-16
9644.000000 4.143000e-16
9646.000000 3.651540e-16
9648.000000 3.760210e-16
9650.000000 4.286770e-16
9652.000000 4.882360e-16
9654.000000 5.677410e-16
9656.000000 6.387170e-16
9658.000000 6.183750e-16
9660.000000 5.085970e-16
9662.000000 4.700410e-16
9664.000000 4.665370e-16
9666.000000 4.556230e-16
9668.000000 4.372930e-16
9670.000000 4.217130e-16
9672.000000 4.147620e-16
9674.000000 4.136690e-16
9676.000000 4.139820e-16
9678.000000 4.068350e-16
9680.000000 4.268470e-16
9682.000000 4.983090e-16
9684.000000 5.311730e-16
9686.000000 4.845300e-16
9688.000000 4.058810e-16
9690.000000 3.689030e-16
9692.000000 3.426420e-16
9694.000000 3.394260e-16
9696.000000 3.476530e-16
9698.000000 3.909790e-16
9700.000000 4.928220e-16
9702.000000 5.954930e-16
9704.000000 6.529680e-16
9706.000000 6.877500e-16
9708.000000 6.730560e-16
9710.000000 5.885650e-16
9712.000000 5.313940e-16
9714.000000 4.769100e-16
9716.000000 4.285680e-16
9718.000000 3.801760e-16
9720.000000 3.426170e-16
9722.000000 3.527410e-16
9724.000000 4.185080e-16
9726.000000 4.398660e-16
9728.000000 4.334170e-16
9730.000000 4.413320e-16
9732.000000 4.641900e-16
9734.000000 4.946050e-16
9736.000000 5.385790e-16
9738.000000 5.982610e-16
9740.000000 5.852810e-16
9742.000000 4.911800e-16
9744.000000 4.406300e-16
9746.000000 4.093500e-16
9748.000000 3.867970e-16
9750.000000 3.653320e-16
9752.000000 3.541700e-16
9754.000000 3.802670e-16
9756.000000 4.570450e-16
9758.000000 4.837670e-16
9760.000000 5.002540e-16
9762.000000 4.790460e-16
9764.000000 3.861280e-16
9766.000000 2.977640e-16
9768.000000 3.010900e-16
9770.000000 3.637350e-16
9772.000000 3.993700e-16
9774.000000 4.295330e-16
9776.000000 4.771560e-16
9778.000000 5.663590e-16
9780.000000 6.214250e-16
9782.000000 5.939090e-16
9784.000000 5.285290e-16
9786.000000 5.254850e-16
9788.000000 5.692920e-16
9790.000000 5.726640e-16
9792.000000 5.580750e-16
9794.000000 5.367610e-16
9796.000000 4.983290e-16
9798.000000 4.640780e-16
9800.000000 4.661760e-16
9802.000000 4.963120e-16
9804.000000 4.936370e-16
9806.000000 4.639090e-16
9808.000000 4.529140e-16
9810.000000 4.565400e-16
9812.000000 4.620670e-16
9814.000000 4.609890e-16
9816.000000 4.608230e-16
9818.000000 4.828250e-16
9820.000000 5.361350e-16
9822.000000 5.558010e-16
9824.000000 5.607490e-16
9826.000000 5.523760e-16
9828.000000 5.112400e-16
9830.000000 4.771020e-16
9832.000000 5.101380e-16
9834.000000 5.955540e-16
9836.000000 6.361930e-16
9838.000000 7.079340e-16
9840.000000 6.690750e-16
9842.000000 4.779220e-16
9844.000000 3.055580e-16
9846.000000 2.353630e-16
9848.000000 2.176100e-16
9850.000000 2.303190e-16
9852.000000 2.958560e-16
9854.000000 3.612800e-16
9856.000000 4.554460e-16
9858.000000 5.404190e-16
9860.000000 6.324880e-16
9862.000000 6.979590e-16
9864.000000 6.687700e-16
9866.000000 5.525640e-16
9868.000000 5.100400e-16
9870.000000 4.759700e-16
9872.000000 4.931500e-16
9874.000000 6.108640e-16
9876.000000 6.885990e-16
9878.000000 6.273490e-16
9880.000000 4.918420e-16
9882.000000 4.315150e-16
9884.000000 4.012730e-16
9886.000000 3.726660e-16
9888.000000 3.428450e-16
9890.000000 3.437710e-16
9892.000000 4.009620e-16
9894.000000 4.680640e-16
9896.000000 4.727660e-16
9898.000000 4.332290e-16
9900.000000 4.280660e-16
9902.000000 4.397330e-16
9904.000000 4.445670e-16
9906.000000 4.554850e-16
9908.000000 4.496060e-16
9910.000000 3.950750e-16
9912.000000 3.140280e-16
9914.000000 3.202640e-16
9916.000000 4.285510e-16
9918.000000 4.521280e-16
9920.000000 4.273050e-16
9922.000000 4.033790e-16
9924.000000 3.672430e-16
9926.000000 3.489370e-16
9928.000000 4.309760e-16
9930.000000 6.217960e-16
9932.000000 6.654480e-16
9934.000000 6.236870e-16
9936.000000 5.561840e-16
9938.000000 3.981110e-16
9940.000000 2.860050e-16
9942.000000 3.443860e-16
9944.000000 5.046660e-16
9946.000000 5.491050e-16
9948.000000 5.309050e-16
9950.000000 5.263210e-16
9952.000000 5.072960e-16
9954.000000 4.933620e-16
9956.000000 4.900400e-16
9958.000000 4.907080e-16
9960.000000 4.890320e-16
9962.000000 4.876320e-16
9964.000000 4.859000e-16
9966.000000 4.902340e-16
9968.000000 4.814820e-16
9970.000000 4.422870e-16
9972.000000 4.187840e-16
9974.000000 4.550470e-16
9976.000000 5.292040e-16
9978.000000 5.565870e-16
9980.000000 5.857390e-16
9982.000000 5.515820e-16
9984.000000 4.354770e-16
9986.000000 3.357560e-16
9988.000000 2.390640e-16
9990.000000 1.866360e-16
9992.000000 3.299470e-16
9994.000000 6.910420e-16
9996.000000 8.518300e-16
9998.000000 9.560570e-16
10000.000000 9.614240e-16
10002.000000 8.327520e-16
10004.000000 6.607870e-16
10006.000000 4.926330e-16
10008.000000 3.017880e-16
10010.000000 2.916210e-16
10012.000000 5.174920e-16
10014.000000 5.648870e-16
10016.000000 4.731180e-16
10018.000000 4.170480e-16
10020.000000 4.686160e-16
10022.000000 5.492550e-16
10024.000000 5.397140e-16
10026.000000 4.635610e-16
10028.000000 4.273540e-16
10030.000000 4.011960e-16
10032.000000 3.762060e-16
10034.000000 3.513290e-16
10036.000000 3.305370e-16
10038.000000 3.050550e-16
10040.000000 2.747050e-16
10042.000000 3.450520e-16
10044.000000 5.791930e-16
10046.000000 6.515530e-16
10048.000000 5.895960e-16
10050.000000 5.262730e-16
10052.000000 4.887320e-16
10054.000000 4.665560e-16
10056.000000 5.130760e-16
10058.000000 6.558290e-16
10060.000000 6.809650e-16
10062.000000 6.177260e-16
10064.000000 5.742990e-16
10066.000000 5.437590e-16
10068.000000 5.270140e-16
10070.000000 5.379110e-16
10072.000000 5.713570e-16
10074.000000 6.076990e-16
10076.000000 6.384720e-16
10078.000000 7.128350e-16
10080.000000 9.150380e-16
10082.000000 9.937240e-16
10084.000000 7.858130e-16
10086.000000 4.569170e-16
10088.000000 3.752190e-16
10090.000000 4.895530e-16
10092.000000 4.357230e-16
10094.000000 2.610250e-16
10096.000000 1.525830e-16
10098.000000 1.127620e-16
10100.000000 1.203610e-16
10102.000000 1.918300e-16
10104.000000 3.346450e-16
10106.000000 3.639030e-16
10108.000000 2.803520e-16
10110.000000 2.797870e-16
10112.000000 3.360770e-16
10114.000000 4.108880e-16
10116.000000 5.191670e-16
10118.000000 6.327500e-16
10120.000000 6.117920e-16
10122.000000 4.737230e-16
10124.000000 3.546840e-16
10126.000000 1.018600e-16
10128.000000 4.383830e-17
10130.000000 3.006610e-16
10132.000000 6.081320e-16
10134.000000 6.811900e-16
10136.000000 6.312000e-16
10138.000000 5.816380e-16
10140.000000 4.599570e-16
10142.000000 3.696180e-16
10144.000000 2.608900e-16
10146.000000 2.097840e-16
10148.000000 2.791310e-16
10150.000000 4.152240e-16
10152.000000 4.735390e-16
10154.000000 5.587130e-16
10156.000000 4.731330e-16
10158.000000 1.549290e-16
10166.000000 1.276790e-17
10168.000000 1.269400e-16
10170.000000 1.488970e-16
10172.000000 9.049680e-17
10174.000000 6.994490e-17
10176.000000 1.771240e-17
10178.000000 5.586890e-17
10180.000000 3.078020e-16
10182.000000 6.731390e-16
10184.000000 8.028980e-16
10186.000000 7.632090e-16
10188.000000 7.686710e-16
10190.000000 7.216020e-16
10192.000000 7.202920e-16
10194.000000 8.299200e-16
10196.000000 9.271000e-16
10198.000000 8.277730e-16
10200.000000 5.695780e-16
10202.000000 4.432320e-16
10204.000000 3.433360e-16
10206.000000 3.079830e-16
10208.000000 3.930390e-16
10210.000000 4.446340e-16
10212.000000 3.410410e-16
10214.000000 1.632750e-16
10216.000000 1.455670e-16
10218.000000 2.522340e-16
10220.000000 3.186440e-16
10222.000000 4.374470e-16
10224.000000 4.826740e-16
10226.000000 3.956030e-16
10228.000000 2.763560e-16
10230.000000 2.679870e-16
10232.000000 3.323160e-16
10234.000000 3.349790e-16
10236.000000 2.775720e-16
10238.000000 2.891280e-16
10240.000000 4.017260e-16
10242.000000 4.912450e-16
10244.000000 4.427220e-16
10246.000000 3.281090e-16
10248.000000 4.387190e-16
10250.000000 9.163160e-16
10252.000000 9.313380e-16
10254.000000 5.156090e-16
10256.000000 2.436760e-16
10258.000000 2.360220e-16
10260.000000 3.466750e-16
10262.000000 5.015500e-16
10264.000000 8.035240e-16
10266.000000 8.150000e-16
10268.000000 5.869600e-16
10270.000000 3.898070e-16
10272.000000 1.694740e-16
10282.000000 1.412910e-16
10284.000000 2.597560e-16
10286.000000 2.441420e-16
10288.000000 1.918970e-16
10290.000000 9.107050e-17
10298.000000 1.035810e-16
10300.000000 4.428890e-16
10302.000000 5.789130e-16
10304.000000 5.396830e-16
10306.000000 3.697820e-16
10308.000000 1.038730e-17
10320.000000 1.211120e-16
10322.000000 2.985930e-16
10324.000000 4.280410e-16
10326.000000 4.866380e-16
10328.000000 4.448760e-16
10330.000000 4.965870e-16
10332.000000 6.788490e-16
10334.000000 6.954120e-16
10336.000000 4.320310e-16
10338.000000 2.143620e-16
10340.000000 3.577380e-16
10342.000000 7.258880e-16
10344.000000 7.819020e-16
10346.000000 6.972170e-16
10348.000000 5.079510e-16
10350.000000 3.519730e-17
10356.000000 2.843740e-17
10358.000000 2.345590e-16
10360.000000 5.304400e-16
10362.000000 7.339310e-16
10364.000000 9.086900e-16
10366.000000 1.031590e-15
10368.000000 1.110310e-15
10370.000000 1.131490e-15
10372.000000 1.085980e-15
10374.000000 9.802670e-16
10376.000000 7.648850e-16
10378.000000 2.726690e-16
10380.000000 1.087810e-16
10382.000000 2.216520e-16
10384.000000 3.721380e-16
10386.000000 5.447550e-16
10388.000000 7.064710e-16
10390.000000 5.976530e-16
10392.000000 1.908150e-16
10394.000000 3.901740e-17
10400.000000 2.098130e-16
