3948.000000 2.556550e-14
3951.000000 2.225340e-14
3954.000000 2.287830e-14
3957.000000 2.479030e-14
3960.000000 2.311490e-14
3963.000000 2.339940e-14
3966.000000 2.605390e-14
3969.000000 2.877720e-14
3972.000000 3.005090e-14
3975.000000 2.789920e-14
3978.000000 2.743180e-14
3981.000000 2.410720e-14
3984.000000 2.437710e-14
3987.000000 2.590160e-14
3990.000000 2.606720e-14
3993.000000 2.533220e-14
3996.000000 2.770410e-14
3999.000000 2.681110e-14
4002.000000 2.444800e-14
4005.000000 2.469320e-14
4008.000000 2.457710e-14
4011.000000 2.329800e-14
4014.000000 2.318840e-14
4017.000000 2.340820e-14
4020.000000 2.341060e-14
4023.000000 2.264340e-14
4026.000000 2.009260e-14
4029.000000 2.047310e-14
4032.000000 2.072760e-14
4035.000000 2.171730e-14
4038.000000 2.257900e-14
4041.000000 2.021650e-14
4044.000000 1.895790e-14
4047.000000 1.689880e-14
4050.000000 1.682460e-14
4053.000000 1.668740e-14
4056.000000 1.980150e-14
4059.000000 2.257140e-14
4062.000000 2.120210e-14
4065.000000 2.113110e-14
4068.000000 2.305860e-14
4071.000000 2.362330e-14
4074.000000 2.441330e-14
4077.000000 2.442200e-14
4080.000000 2.375430e-14
4083.000000 2.215460e-14
4086.000000 2.634200e-14
4089.000000 2.422560e-14
4092.000000 2.327130e-14
4095.000000 2.443570e-14
4098.000000 2.357630e-14
4101.000000 2.347910e-14
4104.000000 2.304200e-14
4107.000000 2.273350e-14
4110.000000 2.173920e-14
4113.000000 1.996980e-14
4116.000000 1.864580e-14
4119.000000 1.721380e-14
4122.000000 1.688590e-14
4125.000000 1.831650e-14
4128.000000 2.208240e-14
4131.000000 2.267240e-14
4134.000000 2.095630e-14
4137.000000 2.142830e-14
4140.000000 2.223720e-14
4143.000000 2.150260e-14
4146.000000 2.089250e-14
4149.000000 2.169150e-14
4152.000000 2.179700e-14
4155.000000 2.047560e-14
4158.000000 1.944710e-14
4161.000000 1.872770e-14
4164.000000 1.770470e-14
4167.000000 1.718350e-14
4170.000000 1.753050e-14
4173.000000 1.742490e-14
4176.000000 1.574850e-14
4179.000000 1.606560e-14
4182.000000 1.496010e-14
4185.000000 1.488550e-14
4188.000000 1.545440e-14
4191.000000 1.548180e-14
4194.000000 1.676020e-14
4197.000000 1.776010e-14
4200.000000 1.665250e-14
4203.000000 1.673040e-14
4206.000000 1.743730e-14
4209.000000 1.699690e-14
4212.000000 1.488150e-14
4215.000000 1.410330e-14
4218.000000 1.672810e-14
4221.000000 1.634510e-14
4224.000000 1.361970e-14
4227.000000 1.341520e-14
4230.000000 1.438180e-14
4233.000000 1.241220e-14
4236.000000 1.142690e-14
4239.000000 9.948040e-15
4242.000000 1.042780e-14
4245.000000 1.233240e-14
4248.000000 1.313500e-14
4251.000000 1.095260e-14
4254.000000 9.655080e-15
4257.000000 1.056640e-14
4260.000000 1.157080e-14
4263.000000 1.105840e-14
4266.000000 9.808410e-15
4269.000000 1.078310e-14
4272.000000 1.195010e-14
4275.000000 1.127510e-14
4278.000000 1.160660e-14
4281.000000 1.445920e-14
4284.000000 1.295040e-14
4287.000000 1.360050e-14
4290.000000 1.542420e-14
4293.000000 1.441430e-14
4296.000000 1.511930e-14
4299.000000 1.773860e-14
4302.000000 1.900650e-14
4305.000000 1.828420e-14
4308.000000 1.736330e-14
4311.000000 1.818950e-14
4314.000000 1.878790e-14
4317.000000 1.733440e-14
4320.000000 1.714200e-14
4323.000000 1.726430e-14
4326.000000 1.712100e-14
4329.000000 1.640210e-14
4332.000000 1.658070e-14
4335.000000 1.615780e-14
4338.000000 1.652530e-14
4341.000000 1.652170e-14
4344.000000 1.751830e-14
4347.000000 1.857040e-14
4350.000000 1.890830e-14
4353.000000 1.777940e-14
4356.000000 1.795010e-14
4359.000000 1.925160e-14
4362.000000 1.841570e-14
4365.000000 1.775220e-14
4368.000000 1.885140e-14
4371.000000 1.975620e-14
4374.000000 2.064250e-14
4377.000000 2.057440e-14
4380.000000 1.927090e-14
4383.000000 2.063810e-14
4386.000000 1.813570e-14
4389.000000 1.890030e-14
4392.000000 1.888570e-14
4395.000000 1.838840e-14
4398.000000 1.856710e-14
4401.000000 1.908620e-14
4404.000000 1.904190e-14
4407.000000 1.902410e-14
4410.000000 1.985900e-14
4413.000000 1.986000e-14
4416.000000 1.915610e-14
4419.000000 1.996270e-14
4422.000000 2.007470e-14
4425.000000 1.972210e-14
4428.000000 1.849820e-14
4431.000000 1.897870e-14
4434.000000 1.754910e-14
4437.000000 1.647520e-14
4440.000000 1.612960e-14
4443.000000 1.662030e-14
4446.000000 1.599400e-14
4449.000000 1.463160e-14
4452.000000 1.427020e-14
4455.000000 1.470300e-14
4458.000000 1.540190e-14
4461.000000 1.606650e-14
4464.000000 1.481530e-14
4467.000000 1.219940e-14
4470.000000 1.255380e-14
4473.000000 1.330870e-14
4476.000000 1.321290e-14
4479.000000 1.293270e-14
4482.000000 1.289960e-14
4485.000000 1.173450e-14
4488.000000 1.286160e-14
4491.000000 1.354200e-14
4494.000000 1.209610e-14
4497.000000 1.255170e-14
4500.000000 1.385160e-14
4503.000000 1.388280e-14
4506.000000 1.425260e-14
4509.000000 1.502080e-14
4512.000000 1.546830e-14
4515.000000 1.568110e-14
4518.000000 1.560810e-14
4521.000000 1.758270e-14
4524.000000 1.806440e-14
4527.000000 1.955570e-14
4530.000000 1.829650e-14
4533.000000 1.946260e-14
4536.000000 2.223870e-14
4539.000000 2.368280e-14
4542.000000 2.397380e-14
4545.000000 2.558810e-14
4548.000000 2.789510e-14
4551.000000 2.822710e-14
4554.000000 2.716360e-14
4557.000000 2.683490e-14
4560.000000 2.745370e-14
4563.000000 2.824040e-14
4566.000000 2.809390e-14
4569.000000 2.745580e-14
4572.000000 2.809820e-14
4575.000000 2.904310e-14
4578.000000 2.805170e-14
4581.000000 2.991710e-14
4584.000000 2.957510e-14
4587.000000 2.968270e-14
4590.000000 2.978810e-14
4593.000000 2.927450e-14
4596.000000 2.936890e-14
4599.000000 3.084610e-14
4602.000000 3.176680e-14
4605.000000 3.071180e-14
4608.000000 2.996320e-14
4611.000000 3.060990e-14
4614.000000 3.056130e-14
4617.000000 3.042890e-14
4620.000000 3.066470e-14
4623.000000 2.958520e-14
4626.000000 3.071420e-14
4629.000000 3.105230e-14
4632.000000 3.116140e-14
4635.000000 3.144800e-14
4638.000000 3.178170e-14
4641.000000 3.127660e-14
4644.000000 3.057130e-14
4647.000000 2.928820e-14
4650.000000 2.856560e-14
4653.000000 2.965850e-14
4656.000000 3.040180e-14
4659.000000 2.914320e-14
4662.000000 2.767890e-14
4665.000000 2.752280e-14
4668.000000 2.671430e-14
4671.000000 2.600740e-14
4674.000000 2.573930e-14
4677.000000 2.625700e-14
4680.000000 2.615170e-14
4683.000000 2.560050e-14
4686.000000 2.527240e-14
4689.000000 2.463150e-14
4692.000000 2.518140e-14
4695.000000 2.545130e-14
4698.000000 2.433560e-14
4701.000000 2.376860e-14
4704.000000 2.398340e-14
4707.000000 2.438850e-14
4710.000000 2.446300e-14
4713.000000 2.334190e-14
4716.000000 2.414240e-14
4719.000000 2.326240e-14
4722.000000 2.420810e-14
4725.000000 2.331820e-14
4728.000000 2.151150e-14
4731.000000 2.139660e-14
4734.000000 2.200910e-14
4737.000000 2.104340e-14
4740.000000 1.960280e-14
4743.000000 1.837570e-14
4746.000000 1.831740e-14
4749.000000 1.776310e-14
4752.000000 1.635860e-14
4755.000000 1.555310e-14
4758.000000 1.466520e-14
4761.000000 1.481420e-14
4764.000000 1.502360e-14
4767.000000 1.537480e-14
4770.000000 1.405000e-14
4773.000000 1.302270e-14
4776.000000 1.248290e-14
4779.000000 1.089220e-14
4782.000000 1.148510e-14
4785.000000 1.224190e-14
4788.000000 1.340560e-14
4791.000000 1.489870e-14
4794.000000 1.624410e-14
4797.000000 1.722690e-14
4800.000000 1.785630e-14
4803.000000 1.887760e-14
4806.000000 2.089330e-14
4809.000000 2.298110e-14
4812.000000 2.392520e-14
4815.000000 2.528240e-14
4818.000000 2.672290e-14
4821.000000 2.773250e-14
4824.000000 2.895910e-14
4827.000000 2.920910e-14
4830.000000 3.068390e-14
4833.000000 3.000580e-14
4836.000000 2.823020e-14
4839.000000 2.794610e-14
4842.000000 2.816230e-14
4845.000000 2.771500e-14
4848.000000 2.661440e-14
4851.000000 2.617520e-14
4854.000000 2.688130e-14
4857.000000 2.686620e-14
4860.000000 2.692870e-14
4863.000000 2.812320e-14
4866.000000 2.852850e-14
4869.000000 2.778030e-14
4872.000000 2.918800e-14
4875.000000 3.128960e-14
4878.000000 3.325500e-14
4881.000000 3.278010e-14
4884.000000 3.206380e-14
4887.000000 3.296900e-14
4890.000000 3.440470e-14
4893.000000 3.430410e-14
4896.000000 3.436840e-14
4899.000000 3.556810e-14
4902.000000 3.533920e-14
4905.000000 3.381860e-14
4908.000000 3.318070e-14
4911.000000 3.301570e-14
4914.000000 3.142530e-14
4917.000000 3.079090e-14
4920.000000 3.013270e-14
4923.000000 2.938710e-14
4926.000000 2.910140e-14
4929.000000 2.789240e-14
4932.000000 2.600080e-14
4935.000000 2.480220e-14
4938.000000 2.446710e-14
4941.000000 2.402120e-14
4944.000000 2.291550e-14
4947.000000 2.214090e-14
4950.000000 2.220070e-14
4953.000000 2.209500e-14
4956.000000 2.220750e-14
4959.000000 2.336740e-14
4962.000000 2.417640e-14
4965.000000 2.523500e-14
4968.000000 2.594180e-14
4971.000000 2.656540e-14
4974.000000 2.737860e-14
4977.000000 2.777650e-14
4980.000000 2.784240e-14
4983.000000 2.814460e-14
4986.000000 2.919060e-14
4989.000000 2.986590e-14
4992.000000 3.069380e-14
4995.000000 3.133090e-14
4998.000000 3.104230e-14
5001.000000 3.126200e-14
5004.000000 3.166780e-14
5007.000000 3.166880e-14
5010.000000 3.245620e-14
5013.000000 3.261500e-14
5016.000000 3.270450e-14
5019.000000 3.185760e-14
5022.000000 3.232550e-14
5025.000000 3.307910e-14
5028.000000 3.189180e-14
5031.000000 3.131860e-14
5034.000000 3.120260e-14
5037.000000 3.063960e-14
5040.000000 2.962070e-14
5043.000000 2.924480e-14
5046.000000 2.974580e-14
5049.000000 2.986360e-14
5052.000000 2.882440e-14
5055.000000 2.695840e-14
5058.000000 2.601350e-14
5061.000000 2.533450e-14
5064.000000 2.515260e-14
5067.000000 2.464950e-14
5070.000000 2.287940e-14
5073.000000 2.148700e-14
5076.000000 2.055490e-14
5079.000000 1.978880e-14
5082.000000 1.868060e-14
5085.000000 1.797700e-14
5088.000000 1.753780e-14
5091.000000 1.707640e-14
5094.000000 1.678000e-14
5097.000000 1.659640e-14
5100.000000 1.671700e-14
5103.000000 1.740680e-14
5106.000000 1.816360e-14
5109.000000 1.803750e-14
5112.000000 1.844030e-14
5115.000000 1.838490e-14
5118.000000 1.885490e-14
5121.000000 1.986210e-14
5124.000000 2.000540e-14
5127.000000 2.106670e-14
5130.000000 2.269390e-14
5133.000000 2.362070e-14
5136.000000 2.448940e-14
5139.000000 2.499780e-14
5142.000000 2.468950e-14
5145.000000 2.517300e-14
5148.000000 2.640960e-14
5151.000000 2.626670e-14
5154.000000 2.533640e-14
5157.000000 2.535830e-14
5160.000000 2.651080e-14
5163.000000 2.691210e-14
5166.000000 2.724540e-14
5169.000000 2.672470e-14
5172.000000 2.643020e-14
5175.000000 2.732750e-14
5178.000000 2.770600e-14
5181.000000 2.756290e-14
5184.000000 2.779610e-14
5187.000000 2.784810e-14
5190.000000 2.788430e-14
5193.000000 2.810470e-14
5196.000000 2.767210e-14
5199.000000 2.702860e-14
5202.000000 2.703870e-14
5205.000000 2.727330e-14
5208.000000 2.727250e-14
5211.000000 2.678120e-14
5214.000000 2.620740e-14
5217.000000 2.655110e-14
5220.000000 2.671130e-14
5223.000000 2.669930e-14
5226.000000 2.593130e-14
5229.000000 2.526800e-14
5232.000000 2.559610e-14
5235.000000 2.536350e-14
5238.000000 2.473530e-14
5241.000000 2.453630e-14
5244.000000 2.438250e-14
5247.000000 2.478080e-14
5250.000000 2.571490e-14
5253.000000 2.618730e-14
5256.000000 2.591770e-14
5259.000000 2.624720e-14
5262.000000 2.630610e-14
5265.000000 2.664210e-14
5268.000000 2.640990e-14
5271.000000 2.689450e-14
5274.000000 2.730900e-14
5277.000000 2.739250e-14
5280.000000 2.798720e-14
5283.000000 2.857620e-14
5286.000000 2.875840e-14
5289.000000 2.846240e-14
5292.000000 2.838800e-14
5295.000000 2.906220e-14
5298.000000 2.938890e-14
5301.000000 2.959370e-14
5304.000000 2.992490e-14
5307.000000 2.970950e-14
5310.000000 2.926470e-14
5313.000000 3.017080e-14
5316.000000 3.043760e-14
5319.000000 3.092530e-14
5322.000000 3.102290e-14
5325.000000 3.071550e-14
5328.000000 3.126340e-14
5331.000000 3.129540e-14
5334.000000 3.037410e-14
5337.000000 2.964780e-14
5340.000000 2.954310e-14
5343.000000 2.925660e-14
5346.000000 2.932500e-14
5349.000000 3.062900e-14
5352.000000 2.970130e-14
5355.000000 2.870750e-14
5358.000000 2.936660e-14
5361.000000 3.023780e-14
5364.000000 2.993530e-14
5367.000000 2.980960e-14
5370.000000 2.919350e-14
5373.000000 2.878600e-14
5376.000000 2.850590e-14
5379.000000 2.833560e-14
5382.000000 2.896130e-14
5385.000000 2.947920e-14
5388.000000 2.854470e-14
5391.000000 2.788360e-14
5394.000000 2.906840e-14
5397.000000 2.987530e-14
5400.000000 2.929620e-14
5403.000000 2.886110e-14
5406.000000 2.853270e-14
5409.000000 2.879020e-14
5412.000000 2.831930e-14
5415.000000 2.820360e-14
5418.000000 2.818870e-14
5421.000000 2.748480e-14
5424.000000 2.789250e-14
5427.000000 2.773930e-14
5430.000000 2.710790e-14
5433.000000 2.730590e-14
5436.000000 2.724410e-14
5439.000000 2.699200e-14
5442.000000 2.705680e-14
5445.000000 2.673630e-14
5448.000000 2.680070e-14
5451.000000 2.611640e-14
5454.000000 2.606600e-14
5457.000000 2.617480e-14
5460.000000 2.597450e-14
5463.000000 2.522630e-14
5466.000000 2.510270e-14
5469.000000 2.576050e-14
5472.000000 2.663570e-14
5475.000000 2.691840e-14
5478.000000 2.684760e-14
5481.000000 2.672420e-14
5484.000000 2.695280e-14
5487.000000 2.750670e-14
5490.000000 2.785000e-14
5493.000000 2.797200e-14
5496.000000 2.772840e-14
5499.000000 2.741480e-14
5502.000000 2.793990e-14
5505.000000 2.814480e-14
5508.000000 2.815490e-14
5511.000000 2.866490e-14
5514.000000 2.895600e-14
5517.000000 2.870920e-14
5520.000000 2.793770e-14
5523.000000 2.818320e-14
5526.000000 2.831410e-14
5529.000000 2.791070e-14
5532.000000 2.785280e-14
5535.000000 2.777600e-14
5538.000000 2.773570e-14
5541.000000 2.798010e-14
5544.000000 2.760810e-14
5547.000000 2.727550e-14
5550.000000 2.740920e-14
5553.000000 2.696310e-14
5556.000000 2.689800e-14
5559.000000 2.643350e-14
5562.000000 2.629970e-14
5565.000000 2.634260e-14
5568.000000 2.627260e-14
5571.000000 2.631800e-14
5574.000000 2.631200e-14
5577.000000 2.611860e-14
5580.000000 2.590350e-14
5583.000000 2.518460e-14
5586.000000 2.460890e-14
5589.000000 2.534740e-14
5592.000000 2.590770e-14
5595.000000 2.521100e-14
5598.000000 2.479360e-14
5601.000000 2.474630e-14
5604.000000 2.449880e-14
5607.000000 2.498640e-14
5610.000000 2.565140e-14
5613.000000 2.576330e-14
5616.000000 2.574280e-14
5619.000000 2.531180e-14
5622.000000 2.448740e-14
5625.000000 2.459500e-14
5628.000000 2.574580e-14
5631.000000 2.602810e-14
5634.000000 2.532730e-14
5637.000000 2.489320e-14
5640.000000 2.497900e-14
5643.000000 2.561230e-14
5646.000000 2.540950e-14
5649.000000 2.460450e-14
5652.000000 2.500090e-14
5655.000000 2.536260e-14
5658.000000 2.522880e-14
5661.000000 2.482160e-14
5664.000000 2.503600e-14
5667.000000 2.495580e-14
5670.000000 2.420170e-14
5673.000000 2.389290e-14
5676.000000 2.413210e-14
5679.000000 2.397900e-14
5682.000000 2.403490e-14
5685.000000 2.484040e-14
5688.000000 2.481350e-14
5691.000000 2.389760e-14
5694.000000 2.401670e-14
5697.000000 2.433620e-14
5700.000000 2.477900e-14
5703.000000 2.511160e-14
5706.000000 2.551610e-14
5709.000000 2.535630e-14
5712.000000 2.463640e-14
5715.000000 2.425090e-14
5718.000000 2.455460e-14
5721.000000 2.480040e-14
5724.000000 2.472240e-14
5727.000000 2.394160e-14
5730.000000 2.372410e-14
5733.000000 2.432690e-14
5736.000000 2.398260e-14
5739.000000 2.351980e-14
5742.000000 2.391670e-14
5745.000000 2.406260e-14
5748.000000 2.368850e-14
5751.000000 2.360640e-14
5754.000000 2.430590e-14
5757.000000 2.419810e-14
5760.000000 2.309030e-14
5763.000000 2.289330e-14
5766.000000 2.292230e-14
5769.000000 2.286200e-14
5772.000000 2.286410e-14
5775.000000 2.265070e-14
5778.000000 2.189690e-14
5781.000000 2.133460e-14
5784.000000 2.145980e-14
5787.000000 2.123590e-14
5790.000000 2.078670e-14
5793.000000 2.129200e-14
5796.000000 2.125050e-14
5799.000000 2.049910e-14
5802.000000 2.043590e-14
5805.000000 1.992690e-14
5808.000000 1.989800e-14
5811.000000 1.975140e-14
5814.000000 1.978530e-14
5817.000000 1.988790e-14
5820.000000 1.970390e-14
5823.000000 2.009140e-14
5826.000000 2.064770e-14
5829.000000 2.060290e-14
5832.000000 2.105310e-14
5835.000000 2.213880e-14
5838.000000 2.248930e-14
5841.000000 2.257780e-14
5844.000000 2.306630e-14
5847.000000 2.301450e-14
5850.000000 2.307120e-14
5853.000000 2.384340e-14
5856.000000 2.388160e-14
5859.000000 2.390230e-14
5862.000000 2.436040e-14
5865.000000 2.449550e-14
5868.000000 2.446410e-14
5871.000000 2.492770e-14
5874.000000 2.549970e-14
5877.000000 2.521400e-14
5880.000000 2.453430e-14
5883.000000 2.459560e-14
5886.000000 2.477020e-14
5889.000000 2.425360e-14
5892.000000 2.405670e-14
5895.000000 2.419470e-14
5898.000000 2.377570e-14
5901.000000 2.262830e-14
5904.000000 2.012690e-14
5907.000000 2.120820e-14
5910.000000 2.192260e-14
5913.000000 2.287580e-14
5916.000000 2.407940e-14
5919.000000 2.464020e-14
5922.000000 2.430890e-14
5925.000000 2.433060e-14
5928.000000 2.495420e-14
5931.000000 2.492570e-14
5934.000000 2.446580e-14
5937.000000 2.425440e-14
5940.000000 2.415790e-14
5943.000000 2.406820e-14
5946.000000 2.399050e-14
5949.000000 2.402770e-14
5952.000000 2.419520e-14
5955.000000 2.396090e-14
5958.000000 2.398470e-14
5961.000000 2.476660e-14
5964.000000 2.429070e-14
5967.000000 2.378430e-14
5970.000000 2.366790e-14
5973.000000 2.288430e-14
5976.000000 2.277150e-14
5979.000000 2.382790e-14
5982.000000 2.399020e-14
5985.000000 2.328000e-14
5988.000000 2.332340e-14
5991.000000 2.391300e-14
5994.000000 2.352900e-14
5997.000000 2.293910e-14
6000.000000 2.307300e-14
6003.000000 2.335530e-14
6006.000000 2.334150e-14
6009.000000 2.320170e-14
6012.000000 2.305220e-14
6015.000000 2.328660e-14
6018.000000 2.363050e-14
6021.000000 2.364860e-14
6024.000000 2.337410e-14
6027.000000 2.273450e-14
6030.000000 2.243900e-14
6033.000000 2.219970e-14
6036.000000 2.240090e-14
6039.000000 2.272880e-14
6042.000000 2.277050e-14
6045.000000 2.244470e-14
6048.000000 2.247630e-14
6051.000000 2.282890e-14
6054.000000 2.262380e-14
6057.000000 2.244020e-14
6060.000000 2.248410e-14
6063.000000 2.231540e-14
6066.000000 2.206340e-14
6069.000000 2.157660e-14
6072.000000 2.149850e-14
6075.000000 2.222660e-14
6078.000000 2.264720e-14
6081.000000 2.249690e-14
6084.000000 2.262040e-14
6087.000000 2.290930e-14
6090.000000 2.261490e-14
6093.000000 2.212710e-14
6096.000000 2.276570e-14
6099.000000 2.271960e-14
6102.000000 2.219300e-14
6105.000000 2.215380e-14
6108.000000 2.246650e-14
6111.000000 2.249790e-14
6114.000000 2.224280e-14
6117.000000 2.232580e-14
6120.000000 2.254930e-14
6123.000000 2.232990e-14
6126.000000 2.221360e-14
6129.000000 2.232270e-14
6132.000000 2.223170e-14
6135.000000 2.252040e-14
6138.000000 2.215450e-14
6141.000000 2.229030e-14
6144.000000 2.249140e-14
6147.000000 2.206710e-14
6150.000000 2.185010e-14
6153.000000 2.147250e-14
6156.000000 2.105560e-14
6159.000000 2.099740e-14
6162.000000 2.108750e-14
6165.000000 2.085000e-14
6168.000000 2.058190e-14
6171.000000 2.058320e-14
6174.000000 2.045500e-14
6177.000000 2.066150e-14
6180.000000 2.139870e-14
6183.000000 2.123940e-14
6186.000000 2.094940e-14
6189.000000 2.108950e-14
6192.000000 2.171440e-14
6195.000000 2.167800e-14
6198.000000 2.102970e-14
6201.000000 2.184580e-14
6204.000000 2.186870e-14
6207.000000 2.137560e-14
6210.000000 2.131840e-14
6213.000000 2.156880e-14
6216.000000 2.148220e-14
6219.000000 2.098890e-14
6222.000000 2.111980e-14
6225.000000 2.179560e-14
6228.000000 2.186170e-14
6231.000000 2.148230e-14
6234.000000 2.089420e-14
6237.000000 2.081880e-14
6240.000000 2.004660e-14
6243.000000 2.051070e-14
6246.000000 2.071170e-14
6249.000000 2.118860e-14
6252.000000 2.084630e-14
6255.000000 2.055750e-14
6258.000000 2.052060e-14
6261.000000 2.047500e-14
6264.000000 2.027640e-14
6267.000000 1.960650e-14
6270.000000 1.912110e-14
6273.000000 1.937530e-14
6276.000000 1.939010e-14
6279.000000 1.873860e-14
6282.000000 1.831760e-14
6285.000000 1.844250e-14
6288.000000 1.789400e-14
6291.000000 1.779470e-14
6294.000000 1.816100e-14
6297.000000 1.835400e-14
6300.000000 1.757650e-14
6303.000000 1.722940e-14
6306.000000 1.665860e-14
6309.000000 1.558840e-14
6312.000000 1.515910e-14
6315.000000 1.536310e-14
6318.000000 1.537500e-14
6321.000000 1.514910e-14
6324.000000 1.482620e-14
6327.000000 1.441340e-14
6330.000000 1.436990e-14
6333.000000 1.476140e-14
6336.000000 1.447580e-14
6339.000000 1.345420e-14
6342.000000 1.259340e-14
6345.000000 1.239220e-14
6348.000000 1.297550e-14
6351.000000 1.288400e-14
6354.000000 1.285210e-14
6357.000000 1.279570e-14
6360.000000 1.249200e-14
6363.000000 1.241520e-14
6366.000000 1.200760e-14
6369.000000 1.123100e-14
6372.000000 1.092550e-14
6375.000000 1.076690e-14
6378.000000 1.048070e-14
6381.000000 1.037900e-14
6384.000000 1.037690e-14
6387.000000 9.871230e-15
6390.000000 1.011880e-14
6393.000000 9.041480e-15
6396.000000 8.547770e-15
6399.000000 8.954520e-15
6402.000000 9.000190e-15
6405.000000 8.655230e-15
6408.000000 8.133010e-15
6411.000000 7.704560e-15
6414.000000 7.797870e-15
6417.000000 7.952050e-15
6420.000000 8.076180e-15
6423.000000 8.326690e-15
6426.000000 8.018470e-15
6429.000000 7.820770e-15
6432.000000 7.944200e-15
6435.000000 7.764550e-15
6438.000000 8.817660e-15
6441.000000 8.694800e-15
6444.000000 8.524170e-15
6447.000000 9.080350e-15
6450.000000 9.676650e-15
6453.000000 1.041130e-14
6456.000000 1.131130e-14
6459.000000 1.204840e-14
6462.000000 1.274160e-14
6465.000000 1.358030e-14
6468.000000 1.492040e-14
6471.000000 1.636630e-14
6474.000000 1.722170e-14
6477.000000 1.848230e-14
6480.000000 2.023880e-14
6483.000000 2.235590e-14
6486.000000 2.432860e-14
6489.000000 2.577080e-14
6492.000000 2.607110e-14
6495.000000 2.696300e-14
6498.000000 2.842060e-14
6501.000000 2.912820e-14
6504.000000 3.012680e-14
6507.000000 3.135760e-14
6510.000000 3.170080e-14
6513.000000 3.162380e-14
6516.000000 3.229230e-14
6519.000000 3.364870e-14
6522.000000 3.438380e-14
6525.000000 3.463680e-14
6528.000000 3.587970e-14
6531.000000 3.562500e-14
6534.000000 3.547320e-14
6537.000000 3.617200e-14
6540.000000 3.597830e-14
6543.000000 3.615580e-14
6546.000000 3.704500e-14
6549.000000 3.706770e-14
6552.000000 3.687090e-14
6555.000000 3.702910e-14
6558.000000 3.672830e-14
6561.000000 3.664800e-14
6564.000000 3.688860e-14
6567.000000 3.650810e-14
6570.000000 3.609120e-14
6573.000000 3.593350e-14
6576.000000 3.566740e-14
6579.000000 3.586560e-14
6582.000000 3.617230e-14
6585.000000 3.610290e-14
6588.000000 3.615080e-14
6591.000000 3.564770e-14
6594.000000 3.494820e-14
6597.000000 3.524390e-14
6600.000000 3.542620e-14
6603.000000 3.585250e-14
6606.000000 3.603150e-14
6609.000000 3.531570e-14
6612.000000 3.413210e-14
6615.000000 3.312520e-14
6618.000000 3.307080e-14
6621.000000 3.349170e-14
6624.000000 3.290130e-14
6627.000000 3.233800e-14
6630.000000 3.214880e-14
6633.000000 3.087870e-14
6636.000000 3.088900e-14
6639.000000 3.058690e-14
6642.000000 3.055850e-14
6645.000000 2.984820e-14
6648.000000 2.922430e-14
6651.000000 2.901800e-14
6654.000000 2.883740e-14
6657.000000 2.838610e-14
6660.000000 2.804780e-14
6663.000000 2.812670e-14
6666.000000 2.796440e-14
6669.000000 2.720510e-14
6672.000000 2.670990e-14
6675.000000 2.672680e-14
6678.000000 2.637740e-14
6681.000000 2.597240e-14
6684.000000 2.572440e-14
6687.000000 2.494090e-14
6690.000000 2.444480e-14
6693.000000 2.439160e-14
6696.000000 2.416800e-14
6699.000000 2.399730e-14
6702.000000 2.414330e-14
6705.000000 2.410540e-14
6708.000000 2.376000e-14
6711.000000 2.338390e-14
6714.000000 2.291230e-14
6717.000000 2.264440e-14
6720.000000 2.243430e-14
6723.000000 2.167400e-14
6726.000000 2.191810e-14
6729.000000 2.163580e-14
6732.000000 2.130640e-14
6735.000000 2.104000e-14
6738.000000 2.128910e-14
6741.000000 2.081750e-14
6744.000000 2.002900e-14
6747.000000 2.003390e-14
6750.000000 2.023230e-14
6753.000000 2.000780e-14
6756.000000 1.947160e-14
6759.000000 1.909480e-14
6762.000000 1.915590e-14
6765.000000 1.933050e-14
6768.000000 1.912310e-14
6771.000000 1.856350e-14
6774.000000 1.830880e-14
6777.000000 1.847440e-14
6780.000000 1.888760e-14
6783.000000 1.870420e-14
6786.000000 1.804370e-14
6789.000000 1.811170e-14
6792.000000 1.856230e-14
6795.000000 1.829310e-14
6798.000000 1.788770e-14
6801.000000 1.766150e-14
6804.000000 1.705440e-14
6807.000000 1.658470e-14
6810.000000 1.659560e-14
6813.000000 1.674090e-14
6816.000000 1.684110e-14
6819.000000 1.627790e-14
6822.000000 1.572770e-14
6825.000000 1.646180e-14
6828.000000 1.715800e-14
6831.000000 1.653610e-14
6834.000000 1.633620e-14
6837.000000 1.590270e-14
6840.000000 1.600230e-14
6843.000000 1.561830e-14
6846.000000 1.605010e-14
6849.000000 1.653920e-14
6852.000000 1.645800e-14
6855.000000 1.641980e-14
6858.000000 1.608200e-14
6861.000000 1.537630e-14
6864.000000 1.540810e-14
6867.000000 1.583390e-14
6870.000000 1.549040e-14
6873.000000 1.557580e-14
6876.000000 1.622250e-14
6879.000000 1.601530e-14
6882.000000 1.597820e-14
6885.000000 1.641110e-14
6888.000000 1.671070e-14
6891.000000 1.578430e-14
6894.000000 1.489600e-14
6897.000000 1.518490e-14
6900.000000 1.563130e-14
6903.000000 1.528760e-14
6906.000000 1.485750e-14
6909.000000 1.495540e-14
6912.000000 1.503980e-14
6915.000000 1.514150e-14
6918.000000 1.580320e-14
6921.000000 1.615180e-14
6924.000000 1.617850e-14
6927.000000 1.595970e-14
6930.000000 1.583480e-14
6933.000000 1.566880e-14
6936.000000 1.605220e-14
6939.000000 1.612350e-14
6942.000000 1.532090e-14
6945.000000 1.560210e-14
6948.000000 1.526310e-14
6951.000000 1.458260e-14
6954.000000 1.477750e-14
6957.000000 1.519030e-14
6960.000000 1.521050e-14
6963.000000 1.474950e-14
6966.000000 1.423570e-14
6969.000000 1.375700e-14
6972.000000 1.411700e-14
6975.000000 1.512330e-14
6978.000000 1.541600e-14
6981.000000 1.562740e-14
6984.000000 1.552660e-14
6987.000000 1.489430e-14
6990.000000 1.478950e-14
6993.000000 1.488230e-14
6996.000000 1.544000e-14
6999.000000 1.609000e-14
7002.000000 1.563460e-14
7005.000000 1.453210e-14
7008.000000 1.418960e-14
7011.000000 1.453840e-14
7014.000000 1.480460e-14
7017.000000 1.472060e-14
7020.000000 1.438710e-14
7023.000000 1.509240e-14
7026.000000 1.514690e-14
7029.000000 1.585780e-14
7032.000000 1.614140e-14
7035.000000 1.577990e-14
7038.000000 1.609700e-14
7041.000000 1.600020e-14
7044.000000 1.497640e-14
7047.000000 1.479320e-14
7050.000000 1.548790e-14
7053.000000 1.565920e-14
7056.000000 1.542260e-14
7059.000000 1.529610e-14
7062.000000 1.508400e-14
7065.000000 1.517410e-14
7068.000000 1.572130e-14
7071.000000 1.564820e-14
7074.000000 1.531100e-14
7077.000000 1.504390e-14
7080.000000 1.510130e-14
7083.000000 1.508990e-14
7086.000000 1.457850e-14
7089.000000 1.497020e-14
7092.000000 1.517830e-14
7095.000000 1.565260e-14
7098.000000 1.579480e-14
7101.000000 1.543150e-14
7104.000000 1.570970e-14
7107.000000 1.623310e-14
7110.000000 1.581220e-14
7113.000000 1.483680e-14
7116.000000 1.506770e-14
7119.000000 1.579810e-14
7122.000000 1.491000e-14
7125.000000 1.460870e-14
7128.000000 1.490190e-14
7131.000000 1.542830e-14
7134.000000 1.492380e-14
7137.000000 1.521620e-14
7140.000000 1.556040e-14
7143.000000 1.525360e-14
7146.000000 1.524700e-14
7149.000000 1.558640e-14
7152.000000 1.579940e-14
7155.000000 1.589810e-14
7158.000000 1.570340e-14
7161.000000 1.528640e-14
7164.000000 1.509080e-14
7167.000000 1.524770e-14
7170.000000 1.561530e-14
7173.000000 1.560450e-14
7176.000000 1.524130e-14
7179.000000 1.502210e-14
7182.000000 1.484810e-14
7185.000000 1.517710e-14
7188.000000 1.621010e-14
7191.000000 1.596930e-14
7194.000000 1.567220e-14
7197.000000 1.676600e-14
7200.000000 1.707830e-14
7203.000000 1.601860e-14
7206.000000 1.519450e-14
7209.000000 1.513170e-14
7212.000000 1.608300e-14
7215.000000 1.621870e-14
7218.000000 1.528890e-14
7221.000000 1.562420e-14
7224.000000 1.541620e-14
7227.000000 1.497350e-14
7230.000000 1.546670e-14
7233.000000 1.530170e-14
7236.000000 1.521370e-14
7239.000000 1.499500e-14
7242.000000 1.460280e-14
7245.000000 1.466750e-14
7248.000000 1.500400e-14
7251.000000 1.516950e-14
7254.000000 1.519530e-14
7257.000000 1.491050e-14
7260.000000 1.451500e-14
7263.000000 1.499070e-14
7266.000000 1.580620e-14
7269.000000 1.527280e-14
7272.000000 1.446150e-14
7275.000000 1.453300e-14
7278.000000 1.475090e-14
7281.000000 1.470090e-14
7284.000000 1.444540e-14
7287.000000 1.404870e-14
7290.000000 1.413740e-14
7293.000000 1.465070e-14
7296.000000 1.508710e-14
7299.000000 1.520470e-14
7302.000000 1.509820e-14
7305.000000 1.456630e-14
7308.000000 1.360720e-14
7311.000000 1.353310e-14
7314.000000 1.406270e-14
7317.000000 1.376560e-14
7320.000000 1.398230e-14
7323.000000 1.562250e-14
7326.000000 1.473350e-14
7329.000000 1.333620e-14
7332.000000 1.318190e-14
7335.000000 1.353960e-14
7338.000000 1.397620e-14
7341.000000 1.442650e-14
7344.000000 1.440210e-14
7347.000000 1.386930e-14
7350.000000 1.354130e-14
7353.000000 1.368260e-14
7356.000000 1.361050e-14
7359.000000 1.313040e-14
7362.000000 1.318770e-14
7365.000000 1.367660e-14
7368.000000 1.428660e-14
7371.000000 1.379510e-14
7374.000000 1.349980e-14
7377.000000 1.373650e-14
7380.000000 1.348580e-14
7383.000000 1.347090e-14
7386.000000 1.349770e-14
7389.000000 1.279740e-14
7392.000000 1.244620e-14
7395.000000 1.305790e-14
7398.000000 1.367400e-14
7401.000000 1.382920e-14
7404.000000 1.356830e-14
7407.000000 1.291130e-14
7410.000000 1.255170e-14
7413.000000 1.277050e-14
7416.000000 1.242490e-14
7419.000000 1.177730e-14
7422.000000 1.162350e-14
7425.000000 1.246350e-14
7428.000000 1.299830e-14
7431.000000 1.289000e-14
7434.000000 1.265410e-14
7437.000000 1.234330e-14
7440.000000 1.207910e-14
7443.000000 1.245120e-14
7446.000000 1.318780e-14
7449.000000 1.325870e-14
