3801.339577 2.372686e-17
3806.081833 3.860403e-17
3810.824089 6.704866e-17
3815.566345 1.048103e-16
3820.308601 8.731949e-17
3825.050858 5.179618e-17
3829.793114 5.830234e-17
3834.535370 8.322964e-17
3839.277626 4.865587e-17
3844.019882 3.941428e-17
3848.762138 3.595942e-17
3853.504395 7.760352e-17
3858.246651 7.795373e-17
3862.988907 5.295410e-17
3867.731163 6.293667e-17
3872.473419 7.590206e-17
3877.215675 6.352521e-17
3881.957932 4.696213e-17
3886.700188 5.518307e-17
3891.442444 3.303494e-17
3896.184700 4.921857e-17
3900.926956 6.052412e-17
3905.669212 5.603515e-17
3910.411469 6.626830e-17
3915.153725 6.032831e-17
3919.895981 6.243347e-17
3924.638237 6.639097e-17
3929.380493 7.397389e-17
3934.122749 7.947230e-17
3938.865005 5.890152e-17
3943.607262 7.019600e-17
3948.349518 8.868387e-17
3953.091774 8.389976e-17
3957.834030 4.737768e-17
3962.576286 5.418900e-17
3967.318542 8.365002e-17
3972.060799 8.652877e-17
3976.803055 6.493805e-17
3981.545311 5.460361e-17
3986.287567 5.422100e-17
3991.029823 5.287815e-17
3995.772079 2.174713e-17
4000.514336 3.964045e-17
4005.256592 6.933656e-17
4009.998848 5.912452e-17
4014.741104 6.260595e-17
4019.483360 4.555084e-17
4024.225616 2.086866e-17
4028.967873 2.238318e-17
4033.710129 4.143973e-17
4038.452385 4.375956e-17
4043.194641 7.014231e-17
4047.936897 1.287748e-16
4052.679153 1.127956e-16
4057.421410 6.711165e-17
4062.163666 6.764782e-17
4066.905922 5.042631e-17
4071.648178 4.440544e-17
4076.390434 5.698851e-17
4081.132690 4.330879e-17
4085.874947 4.761274e-17
4090.617203 6.937538e-17
4095.359459 7.857074e-17
4100.101715 9.105374e-17
4104.843971 5.071813e-17
4109.586227 5.810102e-17
4114.328484 5.916845e-17
4119.070740 3.468465e-17
4123.812996 3.057030e-17
4128.555252 5.550391e-17
4133.297508 7.990395e-17
4138.039764 5.632162e-17
4142.782021 5.703058e-17
4147.524277 6.577061e-17
4152.266533 5.108735e-17
4157.008789 6.502407e-17
4161.751045 8.951549e-17
4166.493301 7.927802e-17
4171.235558 7.721346e-17
4175.977814 8.211079e-17
4180.720070 8.867142e-17
4185.462326 8.153166e-17
4190.204582 6.747747e-17
4194.946838 5.672484e-17
4199.689095 7.375616e-17
4204.431351 8.347189e-17
4209.173607 7.861440e-17
4213.915863 8.649516e-17
4218.658119 7.729824e-17
4223.400375 6.937066e-17
4228.142632 7.597926e-17
4232.884888 9.087567e-17
4237.627144 9.266394e-17
4242.369400 8.144645e-17
4247.111656 7.219387e-17
4251.853912 8.359652e-17
4256.596169 6.317262e-17
4261.338425 7.324727e-17
4266.080681 7.865970e-17
4270.822937 7.500438e-17
4275.565193 8.581037e-17
4280.307449 6.606854e-17
4285.049706 7.326029e-17
4289.791962 6.758873e-17
4294.534218 7.231651e-17
4299.276474 8.244055e-17
4304.018730 6.101241e-17
4308.760986 8.630367e-17
4313.503242 9.288343e-17
4318.245499 9.311881e-17
4322.987755 7.546220e-17
4327.730011 6.147382e-17
4332.472267 6.009112e-17
4337.214523 4.697037e-17
4341.956779 7.056204e-17
4346.699036 7.221817e-17
4351.441292 6.884232e-17
4356.183548 7.566502e-17
4360.925804 7.404166e-17
4365.668060 6.929415e-17
4370.410316 7.845480e-17
4375.152573 6.126205e-17
4379.894829 3.263494e-17
4384.637085 4.857431e-17
4389.379341 6.827418e-17
4394.121597 7.206004e-17
4398.863853 5.242855e-17
4403.606110 6.642821e-17
4408.348366 8.889406e-17
4413.090622 7.527837e-17
4417.832878 7.980334e-17
4422.575134 7.780074e-17
4427.317390 7.278323e-17
4432.059647 8.305068e-17
4436.801903 9.700848e-17
4441.544159 1.146093e-16
4446.286415 9.718319e-17
4451.028671 7.379727e-17
4455.770927 7.309511e-17
4460.513184 7.631091e-17
4465.255440 7.489678e-17
4469.997696 8.007310e-17
4474.739952 8.554103e-17
4479.482208 7.621089e-17
4484.224464 8.467319e-17
4488.966721 8.463587e-17
4493.708977 8.943039e-17
4498.451233 7.184161e-17
4503.193489 8.206407e-17
4507.935745 8.519936e-17
4512.678001 8.230664e-17
4517.420258 7.816732e-17
4522.162514 7.069272e-17
4526.904770 6.871817e-17
4531.647026 8.484877e-17
4536.389282 9.331871e-17
4541.131538 8.400509e-17
4545.873795 7.801029e-17
4550.616051 6.862210e-17
4555.358307 6.990806e-17
4560.100563 6.993653e-17
4564.842819 8.192444e-17
4569.585075 8.962995e-17
4574.327332 7.851678e-17
4579.069588 7.794615e-17
4583.811844 8.093845e-17
4588.554100 8.078090e-17
4593.296356 5.798492e-17
4598.038612 6.859013e-17
4602.780869 9.057634e-17
4607.523125 8.711004e-17
4612.265381 8.804941e-17
4617.007637 9.334301e-17
4621.749893 9.113098e-17
4626.492149 9.317828e-17
4631.234406 7.999445e-17
4635.976662 9.189968e-17
4640.718918 8.314013e-17
4645.461174 6.972019e-17
4650.203430 6.783151e-17
4654.945686 6.765827e-17
4659.687943 7.610782e-17
4664.430199 7.958708e-17
4669.172455 7.464181e-17
4673.914711 7.380007e-17
4678.656967 7.938619e-17
4683.399223 9.571343e-17
4688.141479 9.893564e-17
4692.883736 9.175020e-17
4697.625992 8.303616e-17
4702.368248 9.044668e-17
4707.110504 1.065193e-16
4711.852760 9.961953e-17
4716.595016 8.628331e-17
4721.337273 8.130483e-17
4726.079529 7.562414e-17
4730.821785 8.421745e-17
4735.564041 9.255135e-17
4740.306297 9.971348e-17
4745.048553 1.072387e-16
4749.790810 8.211563e-17
4754.533066 8.271787e-17
4759.275322 9.537910e-17
4764.017578 1.034813e-16
4768.759834 1.012735e-16
4773.502090 1.101106e-16
4778.244347 1.002027e-16
4782.986603 9.123723e-17
4787.728859 1.091827e-16
4792.471115 1.132327e-16
4797.213371 9.953520e-17
4801.955627 9.296361e-17
4806.697884 8.406085e-17
4811.440140 9.704329e-17
4816.182396 1.122553e-16
4820.924652 1.061010e-16
4825.666908 1.080124e-16
4830.409164 9.563756e-17
4835.151421 8.495774e-17
4839.893677 9.931700e-17
4844.635933 1.014740e-16
4849.378189 1.054910e-16
4854.120445 1.085304e-16
4858.862701 1.136166e-16
4863.604958 1.123635e-16
4868.347214 1.149600e-16
4873.089470 1.061308e-16
4877.831726 9.565064e-17
4882.573982 1.089233e-16
4887.316238 1.230260e-16
4892.058495 1.141578e-16
4896.800751 1.088572e-16
4901.543007 9.232707e-17
4906.285263 1.006678e-16
4911.027519 1.147165e-16
4915.769775 1.084661e-16
4920.512032 9.483927e-17
4925.254288 9.940171e-17
4929.996544 1.038873e-16
4934.738800 1.101136e-16
4939.481056 1.002510e-16
4944.223312 1.065684e-16
4948.965569 1.043023e-16
4953.707825 9.153059e-17
4958.450081 9.552893e-17
4963.192337 8.658802e-17
4967.934593 9.680297e-17
4972.676849 1.067991e-16
4977.419106 9.363391e-17
4982.161362 8.682181e-17
4986.903618 7.877827e-17
4991.645874 8.730071e-17
4996.388130 9.749427e-17
5001.130386 1.001175e-16
5005.872643 9.573780e-17
5010.614899 9.993427e-17
5015.357155 1.014513e-16
5020.099411 9.036926e-17
5024.841667 9.021767e-17
5029.583923 8.597297e-17
5034.326180 9.472117e-17
5039.068436 9.445519e-17
5043.810692 9.562610e-17
5048.552948 1.114337e-16
5053.295204 1.050426e-16
5058.037460 1.113100e-16
5062.779716 1.018821e-16
5067.521973 1.009205e-16
5072.264229 9.776850e-17
5077.006485 1.022976e-16
5081.748741 1.002887e-16
5086.490997 9.395702e-17
5091.233253 9.586591e-17
5095.975510 9.601455e-17
5100.717766 1.061275e-16
5105.460022 9.805613e-17
5110.202278 9.223469e-17
5114.944534 8.850143e-17
5119.686790 8.529705e-17
5124.429047 7.496482e-17
5129.171303 8.110556e-17
5133.913559 9.444247e-17
5138.655815 1.016206e-16
5143.398071 1.008567e-16
5148.140327 1.232097e-16
5152.882584 1.130619e-16
5157.624840 9.363710e-17
5162.367096 8.632518e-17
5167.109352 8.711240e-17
5171.851608 9.656645e-17
5176.593864 1.046233e-16
5181.336121 1.052846e-16
5186.078377 9.593301e-17
5190.820633 1.050541e-16
5195.562889 1.005240e-16
5200.305145 1.004644e-16
5205.047401 9.597618e-17
5209.789658 1.014133e-16
5214.531914 9.877169e-17
5219.274170 9.405659e-17
5224.016426 1.022629e-16
5228.758682 9.892224e-17
5233.500938 9.000930e-17
5238.243195 9.921799e-17
5242.985451 1.094199e-16
5247.727707 1.059820e-16
5252.469963 9.654235e-17
5257.212219 9.420213e-17
5261.954475 1.093161e-16
5266.696732 1.114571e-16
5271.438988 1.085917e-16
5276.181244 1.003132e-16
5280.923500 9.620053e-17
5285.665756 1.003956e-16
5290.408012 1.065093e-16
5295.150269 1.003854e-16
5299.892525 9.082054e-17
5304.634781 8.604113e-17
5309.377037 8.187549e-17
5314.119293 8.387232e-17
5318.861549 8.487434e-17
5323.603806 7.916894e-17
5328.346062 9.220345e-17
5333.088318 1.041429e-16
5337.830574 9.524739e-17
5342.572830 8.576886e-17
5347.315086 7.922766e-17
5352.057343 6.765987e-17
5356.799599 7.964845e-17
5361.541855 1.031498e-16
5366.284111 9.497228e-17
5371.026367 1.030546e-16
5375.768623 1.101286e-16
5380.510880 9.648639e-17
5385.253136 8.677140e-17
5389.995392 1.016396e-16
5394.737648 9.331576e-17
5399.479904 7.833811e-17
5404.222160 9.266632e-17
5408.964417 1.109999e-16
5413.706673 1.240861e-16
5418.448929 1.102970e-16
5423.191185 1.073181e-16
5427.933441 8.588720e-17
5432.675697 7.889710e-17
5437.417953 1.042037e-16
5442.160210 1.037075e-16
5446.902466 1.129669e-16
5451.644722 8.416360e-17
5456.386978 7.231828e-17
5461.129234 9.402623e-17
5465.871490 5.752538e-17
5470.613747 7.937306e-17
5475.356003 1.010659e-16
5480.098259 9.828243e-17
5484.840515 9.954203e-17
5489.582771 1.007309e-16
5494.325027 8.743559e-17
5499.067284 8.018741e-17
5503.809540 8.129283e-17
5508.551796 8.747815e-17
5513.294052 8.810130e-17
5518.036308 7.699216e-17
5522.778564 9.068094e-17
5527.520821 1.157936e-16
5532.263077 1.211561e-16
5537.005333 1.123580e-16
5541.747589 1.054143e-16
5546.489845 1.063375e-16
5551.232101 9.829124e-17
5555.974358 1.024809e-16
5560.716614 1.049949e-16
5565.458870 1.009113e-16
5570.201126 8.730866e-17
5574.943382 1.253912e-16
5584.427895 9.828935e-17
5589.170151 1.024511e-16
5593.912407 1.080366e-16
5598.654663 1.143032e-16
5603.396919 1.158382e-16
5608.139175 9.519790e-17
5612.881432 1.013168e-16
5617.623688 1.079261e-16
5622.365944 1.075485e-16
5627.108200 9.322066e-17
5631.850456 9.944436e-17
5636.592712 1.242470e-16
5641.334969 1.071012e-16
5646.077225 9.151055e-17
5650.819481 9.698563e-17
5655.561737 9.358748e-17
5660.303993 9.657429e-17
5665.046249 1.077809e-16
5669.788506 1.103851e-16
5674.530762 1.135168e-16
5679.273018 1.069128e-16
5684.015274 1.016354e-16
5688.757530 1.309570e-16
5693.499786 1.278304e-16
5698.242043 1.005027e-16
5702.984299 1.200871e-16
5707.726555 1.238455e-16
5712.468811 1.218101e-16
5717.211067 1.182397e-16
5721.953323 1.117012e-16
5726.695580 1.046309e-16
5731.437836 1.133639e-16
5736.180092 1.111742e-16
5740.922348 1.001263e-16
5745.664604 1.065399e-16
5750.406860 1.346806e-16
5755.149117 1.174341e-16
5759.891373 1.012492e-16
5764.633629 1.005743e-16
5769.375885 1.107179e-16
5774.118141 1.305813e-16
5778.860397 1.181682e-16
5783.602654 1.076290e-16
5788.344910 9.894987e-17
5793.087166 9.792983e-17
5797.829422 1.197800e-16
5802.571678 1.220847e-16
5807.313934 1.221929e-16
5812.056190 1.011508e-16
5816.798447 9.208983e-17
5821.540703 9.221992e-17
5826.282959 1.006812e-16
5831.025215 9.644973e-17
5835.767471 9.603767e-17
5840.509727 9.978469e-17
5845.251984 9.991509e-17
5849.994240 7.975208e-17
5854.736496 9.187975e-17
5859.478752 1.249990e-16
5864.221008 1.071761e-16
5868.963264 9.275586e-17
5873.705521 9.475234e-17
5878.447777 9.007929e-17
5883.190033 7.664906e-17
5887.932289 6.683459e-17
5892.674545 7.719641e-17
5897.416801 1.097198e-16
5902.159058 1.029784e-16
5906.901314 7.463954e-17
5911.643570 9.069004e-17
5916.385826 8.950789e-17
5921.128082 8.079008e-17
5925.870338 7.797783e-17
5930.612595 8.493270e-17
5935.354851 8.317219e-17
5940.097107 9.821992e-17
5944.839363 7.841132e-17
5949.581619 8.834605e-17
5954.323875 9.018673e-17
5959.066132 1.163528e-16
5963.808388 1.129865e-16
5968.550644 1.066282e-16
5973.292900 9.402557e-17
5978.035156 7.769377e-17
5982.777412 7.715167e-17
5987.519669 8.150264e-17
5992.261925 1.026066e-16
5997.004181 1.009045e-16
6001.746437 6.975146e-17
6006.488693 7.281533e-17
6011.230949 9.538168e-17
6015.973206 9.818188e-17
6020.715462 7.128077e-17
6025.457718 5.756623e-17
6030.199974 6.905164e-17
6034.942230 7.175046e-17
6039.684486 7.568742e-17
6044.426743 8.108381e-17
6049.168999 7.362888e-17
6053.911255 6.633310e-17
6058.653511 7.363194e-17
6063.395767 8.213048e-17
6068.138023 8.271391e-17
6072.880280 9.598855e-17
6077.622536 9.377338e-17
6082.364792 8.503889e-17
6087.107048 8.410788e-17
6091.849304 7.670851e-17
6096.591560 8.375018e-17
6101.333817 9.767233e-17
6106.076073 8.875864e-17
6110.818329 7.091690e-17
6115.560585 6.720711e-17
6120.302841 8.684129e-17
6125.045097 8.099399e-17
6129.787354 6.933435e-17
6134.529610 7.914203e-17
6139.271866 9.726960e-17
6144.014122 8.847785e-17
6148.756378 9.312220e-17
6153.498634 1.102102e-16
6158.240891 1.014391e-16
6162.983147 9.219487e-17
6167.725403 9.104618e-17
6172.467659 8.911727e-17
6177.209915 9.651210e-17
6181.952171 9.227049e-17
6186.694427 8.548583e-17
6191.436684 9.828608e-17
6196.178940 9.714377e-17
6200.921196 9.290175e-17
6205.663452 9.223190e-17
6210.405708 9.133677e-17
6215.147964 1.037966e-16
6219.890221 9.745942e-17
6224.632477 1.101939e-16
6229.374733 8.721327e-17
6234.116989 9.301295e-17
6238.859245 9.486387e-17
6243.601501 9.557693e-17
6248.343758 8.794944e-17
6253.086014 8.494717e-17
6257.828270 9.329603e-17
6262.570526 9.151557e-17
6267.312782 8.770973e-17
6272.055038 9.597785e-17
6276.797295 1.006061e-16
6281.539551 9.519391e-17
6286.281807 9.080365e-17
6291.024063 7.691266e-17
6295.766319 8.320313e-17
6300.508575 7.521797e-17
6305.250832 7.125077e-17
6309.993088 6.881916e-17
6314.735344 8.005799e-17
6319.477600 8.050930e-17
6324.219856 8.991122e-17
6328.962112 8.055486e-17
6333.704369 8.617500e-17
6338.446625 9.088163e-17
6343.188881 8.813922e-17
6347.931137 8.411541e-17
6352.673393 7.674637e-17
6357.415649 8.833476e-17
6362.157906 9.041907e-17
6366.900162 8.790221e-17
6371.642418 9.273391e-17
6376.384674 8.445411e-17
6381.126930 8.140644e-17
6385.869186 8.300012e-17
6390.611443 9.134845e-17
6395.353699 9.848269e-17
6400.095955 9.845136e-17
6404.838211 8.351830e-17
6409.580467 7.674631e-17
6414.322723 7.767685e-17
6419.064980 7.125383e-17
6423.807236 7.591225e-17
6428.549492 9.651496e-17
6433.291748 9.787361e-17
6438.034004 7.656101e-17
6442.776260 6.786392e-17
6447.518517 7.565559e-17
6452.260773 8.166386e-17
6457.003029 7.235106e-17
6461.745285 7.261220e-17
6466.487541 9.138421e-17
6471.229797 9.275948e-17
6475.972054 8.887133e-17
6480.714310 9.276042e-17
6485.456566 9.370376e-17
6490.198822 8.456031e-17
6494.941078 7.776985e-17
6499.683334 7.505410e-17
6504.425591 7.244140e-17
6509.167847 7.978849e-17
6513.910103 7.563151e-17
6518.652359 5.827820e-17
6523.394615 6.685153e-17
6528.136871 7.202755e-17
6532.879128 7.595328e-17
6537.621384 6.768207e-17
6542.363640 6.596440e-17
6547.105896 7.582992e-17
6551.848152 7.965982e-17
6556.590408 7.164401e-17
6561.332664 7.617694e-17
6566.074921 8.416657e-17
6570.817177 7.828357e-17
6575.559433 7.274411e-17
6580.301689 7.471634e-17
6585.043945 7.244370e-17
6589.786201 6.663769e-17
6594.528458 6.906778e-17
6599.270714 7.809926e-17
6604.012970 8.166373e-17
6608.755226 7.600102e-17
6613.497482 6.604057e-17
6618.239738 6.637706e-17
6622.981995 7.049692e-17
6627.724251 7.345876e-17
6632.466507 7.776905e-17
6637.208763 7.789459e-17
6641.951019 7.385223e-17
6646.693275 7.377672e-17
6651.435532 7.207540e-17
6656.177788 7.997951e-17
6660.920044 8.842373e-17
6665.662300 7.503165e-17
6670.404556 6.966483e-17
6675.146812 7.744001e-17
6679.889069 8.397572e-17
6684.631325 8.609355e-17
6689.373581 7.809604e-17
6694.115837 8.478798e-17
6698.858093 8.154088e-17
6703.600349 8.959769e-17
6708.342606 9.187604e-17
6713.084862 8.976711e-17
6717.827118 8.839285e-17
6722.569374 8.518427e-17
6727.311630 7.699257e-17
6732.053886 6.789843e-17
6736.796143 7.078462e-17
6741.538399 7.823809e-17
6746.280655 8.065287e-17
6751.022911 8.090684e-17
6755.765167 7.987570e-17
6760.507423 7.840389e-17
6765.249680 8.540787e-17
6769.991936 8.582651e-17
6774.734192 7.997666e-17
6779.476448 7.387841e-17
6784.218704 7.218962e-17
6788.960960 7.999954e-17
6793.703217 7.765292e-17
6798.445473 7.410444e-17
6803.187729 8.225176e-17
6807.929985 8.482534e-17
6812.672241 8.356208e-17
6817.414497 7.938934e-17
6822.156754 7.729067e-17
6826.899010 8.673508e-17
6831.641266 7.951907e-17
6836.383522 7.151238e-17
6841.125778 8.058613e-17
6845.868034 7.781839e-17
6850.610291 7.423314e-17
6855.352547 8.781720e-17
6860.094803 8.811996e-17
6864.837059 8.121002e-17
6869.579315 8.635382e-17
6874.321571 8.942117e-17
6879.063828 8.073878e-17
6883.806084 7.655225e-17
6888.548340 8.577583e-17
6893.290596 7.308402e-17
6898.032852 7.147920e-17
6902.775108 8.611096e-17
6907.517365 8.214230e-17
6912.259621 7.522088e-17
6917.001877 8.044846e-17
6921.744133 9.148721e-17
6926.486389 7.690116e-17
6931.228645 6.320055e-17
6935.970901 6.208830e-17
6940.713158 5.398374e-17
6945.455414 5.827342e-17
6950.197670 7.574106e-17
6954.939926 7.875769e-17
6959.682182 6.868536e-17
6964.424438 5.569323e-17
6969.166695 6.527236e-17
6973.908951 6.506250e-17
6978.651207 6.665381e-17
6983.393463 6.967984e-17
6988.135719 7.187187e-17
6992.877975 7.174550e-17
6997.620232 5.606931e-17
7002.362488 5.365094e-17
7007.104744 6.275659e-17
7011.847000 6.332401e-17
7016.589256 6.851046e-17
7021.331512 6.870585e-17
7026.073769 6.471916e-17
7030.816025 6.495225e-17
7035.558281 7.059754e-17
7040.300537 7.177324e-17
7045.042793 6.402180e-17
7049.785049 6.506596e-17
7054.527306 6.662179e-17
7059.269562 6.542451e-17
7064.011818 6.232785e-17
7068.754074 7.015205e-17
7073.496330 7.847405e-17
7078.238586 6.536733e-17
7082.980843 5.116428e-17
7087.723099 5.686112e-17
7092.465355 6.589417e-17
7097.207611 6.315359e-17
7101.949867 5.639336e-17
7106.692123 5.462309e-17
7111.434380 5.435422e-17
7116.176636 5.781087e-17
7120.918892 5.331523e-17
7125.661148 5.647738e-17
7130.403404 5.693705e-17
7135.145660 5.791876e-17
7139.887917 5.477250e-17
7144.630173 5.114257e-17
7149.372429 5.734340e-17
7154.114685 5.254002e-17
7158.856941 5.216232e-17
7163.599197 5.351095e-17
7168.341454 5.500327e-17
7173.083710 5.414289e-17
7177.825966 5.751200e-17
7182.568222 5.928853e-17
7187.310478 5.768894e-17
7192.052734 5.007505e-17
7196.794991 4.847475e-17
7201.537247 4.882780e-17
7206.279503 4.261051e-17
7211.021759 4.061226e-17
7215.764015 4.633005e-17
7220.506271 5.243779e-17
7225.248528 5.247409e-17
7229.990784 4.748937e-17
7234.733040 5.305967e-17
7239.475296 5.960102e-17
7244.217552 4.929052e-17
7248.959808 4.409839e-17
7253.702065 5.032735e-17
7258.444321 4.618676e-17
7263.186577 3.742430e-17
7267.928833 4.503407e-17
7272.671089 4.992821e-17
7277.413345 3.986034e-17
7282.155602 3.978527e-17
7286.897858 4.698369e-17
7291.640114 4.898302e-17
7296.382370 5.149516e-17
7301.124626 5.269281e-17
7305.866882 4.293867e-17
7310.609138 5.085397e-17
7315.351395 5.109413e-17
7320.093651 4.816664e-17
7324.835907 4.866135e-17
7329.578163 4.938394e-17
7334.320419 5.700153e-17
7339.062675 5.975283e-17
7343.804932 5.394629e-17
7348.547188 5.258917e-17
7353.289444 4.801070e-17
7358.031700 4.922456e-17
7362.773956 5.131590e-17
7367.516212 5.866549e-17
7372.258469 5.770624e-17
7377.000725 5.781644e-17
7381.742981 5.022018e-17
7386.485237 5.512675e-17
7391.227493 6.097192e-17
7395.969749 5.739123e-17
7400.712006 6.250349e-17
7405.454262 6.386372e-17
7410.196518 5.664925e-17
7414.938774 6.201507e-17
7419.681030 6.183742e-17
7424.423286 4.896998e-17
7429.165543 5.148250e-17
7433.907799 5.759058e-17
7438.650055 4.944890e-17
7443.392311 4.930140e-17
7448.134567 6.389395e-17
7452.876823 6.148508e-17
7457.619080 4.737359e-17
7462.361336 4.229164e-17
7467.103592 4.641866e-17
7471.845848 5.820697e-17
7476.588104 5.869637e-17
7481.330360 4.772995e-17
7486.072617 5.308026e-17
7490.814873 5.618999e-17
7495.557129 6.178216e-17
7500.299385 5.713698e-17
7505.041641 5.438736e-17
7509.783897 4.798591e-17
7514.526154 5.220289e-17
7519.268410 6.057528e-17
7524.010666 5.871327e-17
7528.752922 5.166632e-17
7533.495178 4.789864e-17
7538.237434 5.382096e-17
7542.979691 4.953465e-17
7547.721947 5.286366e-17
7552.464203 5.552869e-17
7557.206459 4.541696e-17
7561.948715 3.845117e-17
7566.690971 4.140022e-17
7571.433228 4.717623e-17
7576.175484 5.884748e-17
7580.917740 6.108459e-17
7585.659996 6.079352e-17
7590.402252 6.495938e-17
7595.144508 5.697033e-17
7599.886765 5.245195e-17
7604.629021 3.196153e-17
7609.371277 2.884689e-17
7614.113533 5.544798e-17
7618.855789 6.079747e-17
7623.598045 5.222035e-17
7628.340302 5.497136e-17
7633.082558 5.739855e-17
7637.824814 5.534051e-17
7642.567070 5.539690e-17
7647.309326 5.873632e-17
7652.051582 5.695558e-17
7656.793839 5.275686e-17
7661.536095 6.118173e-17
7666.278351 5.801932e-17
7671.020607 4.872258e-17
7675.762863 5.458797e-17
7680.505119 6.576509e-17
7685.247375 6.465624e-17
7689.989632 5.811352e-17
7694.731888 5.595940e-17
7699.474144 6.653413e-17
7704.216400 5.934797e-17
7708.958656 3.999448e-17
7713.700912 5.308726e-17
7718.443169 7.116373e-17
7723.185425 6.240476e-17
7727.927681 5.666149e-17
7732.669937 6.217752e-17
7737.412193 6.613803e-17
7742.154449 5.250045e-17
7746.896706 4.218921e-17
7751.638962 6.062793e-17
7756.381218 6.221216e-17
7761.123474 5.281611e-17
7765.865730 5.136072e-17
7770.607986 5.013705e-17
7775.350243 5.508235e-17
7780.092499 5.784305e-17
7784.834755 5.946959e-17
7789.577011 6.099378e-17
7794.319267 5.813698e-17
7799.061523 5.567241e-17
7803.803780 6.055394e-17
7808.546036 4.807728e-17
7813.288292 5.057626e-17
7818.030548 5.812777e-17
7822.772804 5.268804e-17
7827.515060 4.988430e-17
7832.257317 5.621551e-17
7836.999573 6.266230e-17
7841.741829 5.291121e-17
7846.484085 4.088938e-17
7851.226341 4.967320e-17
7855.968597 5.344252e-17
7860.710854 5.689692e-17
7865.453110 6.131225e-17
7870.195366 6.538916e-17
7874.937622 6.544530e-17
7879.679878 5.550822e-17
7884.422134 5.744162e-17
7889.164391 6.568631e-17
7893.906647 5.464964e-17
7898.648903 4.866712e-17
7903.391159 5.296455e-17
7908.133415 5.043054e-17
7912.875671 6.538019e-17
7917.617928 7.356895e-17
7922.360184 7.258202e-17
7927.102440 5.581697e-17
7931.844696 4.591459e-17
7936.586952 4.986528e-17
7941.329208 4.736874e-17
7946.071465 4.661418e-17
7950.813721 5.086991e-17
7955.555977 4.691267e-17
7960.298233 4.582076e-17
7965.040489 4.310299e-17
7969.782745 4.342847e-17
7974.525002 5.392034e-17
7979.267258 5.618944e-17
7984.009514 5.063475e-17
7988.751770 4.957970e-17
7993.494026 6.080517e-17
7998.236282 6.517768e-17
8002.978539 5.520683e-17
8007.720795 4.817865e-17
8012.463051 4.923355e-17
8017.205307 4.400401e-17
8021.947563 3.273290e-17
8026.689819 4.197484e-17
8031.432076 5.125692e-17
8036.174332 4.759804e-17
8040.916588 3.769672e-17
8045.658844 4.021982e-17
8050.401100 4.488389e-17
8055.143356 3.678920e-17
8059.885612 3.756085e-17
8064.627869 5.047011e-17
8069.370125 4.954999e-17
8074.112381 4.221774e-17
8078.854637 4.720756e-17
8083.596893 5.372128e-17
8088.339149 5.051958e-17
8093.081406 4.247250e-17
8097.823662 4.533309e-17
8102.565918 4.534779e-17
8107.308174 4.873938e-17
8112.050430 4.284600e-17
8116.792686 3.812695e-17
8121.534943 4.881919e-17
8126.277199 5.519020e-17
8131.019455 5.373867e-17
8135.761711 5.286820e-17
8140.503967 4.861346e-17
8145.246223 5.079418e-17
8149.988480 5.854499e-17
8154.730736 5.971066e-17
8159.472992 5.239420e-17
8164.215248 5.192937e-17
8168.957504 5.118609e-17
8173.699760 4.508386e-17
8178.442017 4.782468e-17
8183.184273 5.332664e-17
8187.926529 6.123307e-17
8192.668785 6.662496e-17
8197.411041 4.286474e-17
