3771.761055 6.808178e-16
3775.950349 2.146788e-16
3780.139643 4.473925e-16
3784.328937 3.651828e-16
3788.518231 4.311648e-16
3792.707525 1.225103e-15
3796.896819 8.031240e-16
3801.086113 3.665956e-16
3805.275407 8.837460e-16
3809.464701 3.209931e-16
3813.653995 5.519622e-16
3817.843289 3.967498e-16
3826.221877 2.429664e-16
3830.411171 2.274883e-16
3834.600465 2.713459e-16
3838.789760 3.162244e-16
3842.979054 4.247889e-16
3847.168348 2.378456e-16
3851.357642 4.334654e-16
3855.546936 3.313182e-16
3859.736230 7.241401e-17
3863.925524 4.682112e-16
3868.114818 5.235391e-16
3872.304112 5.757694e-16
3876.493406 3.882625e-16
3880.682700 3.776345e-16
3884.871994 9.132525e-16
3889.061288 5.874211e-16
3893.250582 1.447625e-16
3897.439876 2.900477e-16
3901.629170 5.211917e-16
3905.818464 7.978619e-16
3910.007758 2.336161e-16
3914.197052 5.523042e-16
3918.386346 6.945197e-16
3922.575640 6.019549e-16
3926.764934 6.995528e-16
3930.954228 6.123049e-16
3935.143522 4.671498e-16
3939.332816 3.549045e-16
3943.522110 3.818418e-16
3947.711404 8.550141e-16
3951.900698 9.178398e-16
3956.089992 4.729396e-16
3964.468580 3.595766e-16
3968.657874 8.318112e-16
3972.847168 4.267457e-16
3977.036462 8.363227e-16
3981.225756 1.263946e-15
3985.415050 7.202569e-16
3989.604344 3.325036e-16
3993.793638 9.319871e-16
3997.982933 1.136980e-15
4002.172227 6.972579e-16
4006.361521 8.315500e-16
4010.550815 8.143492e-16
4014.740109 4.692380e-16
4018.929403 2.658756e-16
4023.118697 5.023024e-16
4027.307991 7.585082e-16
4031.497285 5.677864e-16
4035.686579 6.771355e-16
4039.875873 7.055612e-16
4044.065167 8.060073e-16
4048.254461 6.861898e-16
4052.443755 6.760269e-16
4056.633049 9.204780e-16
4060.822343 8.394115e-16
4065.011637 1.050022e-15
4069.200931 1.056971e-15
4073.390225 6.966160e-16
4077.579519 6.152068e-16
4081.768813 6.759903e-16
4085.958107 3.673118e-16
4090.147401 5.352744e-16
4094.336695 4.443535e-16
4098.525989 3.575607e-16
4102.715283 5.758262e-16
4106.904577 7.935612e-16
4111.093871 9.154187e-16
4115.283165 8.141504e-16
4119.472459 8.004990e-16
4123.661753 5.796344e-16
4127.851047 5.744315e-16
4132.040341 6.881665e-16
4136.229635 7.542817e-16
4140.418929 1.182049e-15
4144.608223 8.262263e-16
4148.797517 3.564310e-16
4152.986811 7.669634e-16
4157.176106 6.315624e-16
4161.365400 6.952124e-16
4165.554694 2.400534e-16
4169.743988 3.567592e-16
4173.933282 7.333181e-16
4178.122576 7.101903e-16
4182.311870 7.847978e-16
4186.501164 2.261348e-16
4190.690458 4.495480e-16
4194.879752 6.220876e-16
4199.069046 2.426679e-16
4203.258340 9.275523e-17
4207.447634 4.241003e-16
4211.636928 4.883855e-16
4215.826222 5.828506e-16
4220.015516 6.043519e-16
4224.204810 5.120087e-16
4228.394104 6.202564e-16
4232.583398 3.126155e-16
4236.772692 4.274264e-16
4240.961986 5.690942e-16
4245.151280 5.332579e-16
4249.340574 1.265007e-16
4253.529868 1.329458e-16
4257.719162 6.009448e-16
4261.908456 7.321237e-16
4266.097750 2.096580e-16
4270.287044 2.266564e-16
4274.476338 5.440039e-16
4278.665632 2.671908e-16
4282.854926 2.270876e-16
4287.044220 1.406784e-16
4291.233514 5.951463e-17
4295.422808 2.389695e-16
4299.612102 5.031278e-16
4303.801396 2.768826e-16
4307.990690 4.607811e-16
4312.179984 5.331646e-16
4316.369279 1.914260e-16
4320.558573 2.162228e-16
4324.747867 3.265537e-16
4328.937161 2.521292e-16
4333.126455 2.591146e-16
4337.315749 1.888992e-16
4341.505043 4.300243e-16
4345.694337 5.717724e-16
4349.883631 3.859633e-16
4354.072925 2.402788e-16
4358.262219 7.173789e-16
4362.451513 5.657746e-16
4366.640807 4.282640e-16
4370.830101 1.229148e-15
4375.019395 3.784473e-16
4379.208689 6.732677e-16
4383.397983 1.781399e-16
4387.587277 2.675026e-16
4391.776571 5.388721e-16
4395.965865 3.369260e-16
4400.155159 4.532879e-16
4404.344453 4.252855e-16
4408.533747 3.001512e-16
4412.723041 2.793292e-16
4416.912335 2.252122e-16
4421.101629 1.711262e-16
4425.290923 1.561335e-16
4429.480217 5.307205e-16
4433.669511 1.140985e-15
4437.858805 1.254139e-15
4442.048099 8.865674e-16
4446.237393 2.561486e-16
4450.426687 7.276211e-16
4454.615981 6.821561e-16
4458.805275 6.175947e-16
4462.994569 7.879072e-16
4467.183863 4.679666e-16
4471.373157 2.035827e-16
4475.562452 5.896480e-16
4479.751746 5.744110e-16
4483.941040 3.289818e-16
4488.130334 3.700600e-16
4492.319628 1.430684e-16
4496.508922 7.937723e-17
4500.698216 4.652174e-16
4504.887510 4.685605e-16
4509.076804 3.421254e-16
4513.266098 3.557077e-16
4517.455392 6.460188e-16
4521.644686 2.314982e-16
4525.833980 1.063908e-16
4530.023274 5.936775e-16
4534.212568 5.849372e-16
4538.401862 3.090960e-16
4542.591156 5.927799e-16
4546.780450 6.157547e-16
4550.969744 6.647836e-16
4555.159038 5.704006e-16
4559.348332 2.772221e-16
4563.537626 1.543680e-16
4567.726920 2.582144e-16
4571.916214 3.998170e-16
4576.105508 3.580227e-16
4580.294802 6.468364e-16
4584.484096 5.911595e-16
4588.673390 3.552656e-16
4592.862684 5.288123e-16
4597.051978 7.979813e-16
4601.241272 8.011106e-16
4605.430566 8.169892e-16
4609.619860 2.608374e-16
4613.809154 2.060666e-16
4617.998448 7.393250e-16
4622.187742 9.152968e-16
4626.377036 6.972848e-16
4630.566330 8.853735e-16
4634.755625 5.637366e-16
4638.944919 7.989791e-16
4643.134213 5.367479e-16
4647.323507 8.553603e-16
4651.512801 1.091641e-15
4655.702095 6.351156e-16
4659.891389 7.611391e-16
4664.080683 9.241993e-16
4668.269977 5.234898e-16
4672.459271 1.132140e-15
4676.648565 1.147177e-15
4680.837859 7.713886e-16
4685.027153 9.981230e-16
4689.216447 1.041255e-15
4693.405741 8.947835e-16
4697.595035 8.374101e-16
4701.784329 4.626403e-16
4705.973623 5.683062e-16
4710.162917 7.427493e-16
4714.352211 5.952384e-16
4718.541505 9.799631e-16
4722.730799 8.140477e-16
4726.920093 3.105394e-16
4731.109387 4.993368e-16
4735.298681 6.806846e-16
4739.487975 7.072945e-16
4743.677269 9.752002e-16
4747.866563 8.303152e-16
4752.055857 5.658091e-16
4756.245151 6.434461e-16
4760.434445 7.711405e-16
4764.623739 5.610332e-16
4768.813033 3.534138e-16
4773.002327 4.618505e-16
4777.191621 8.674135e-16
4781.380915 8.207191e-16
4785.570209 4.570301e-16
4789.759503 4.080433e-16
4793.948798 5.453611e-16
4798.138092 5.679109e-16
4802.327386 5.628798e-16
4806.516680 6.345126e-16
4810.705974 5.870310e-16
4814.895268 4.695077e-16
4819.084562 6.132768e-16
4823.273856 5.204053e-16
4827.463150 2.658019e-16
4831.652444 3.005740e-16
4835.841738 2.560509e-16
4840.031032 3.813950e-16
4844.220326 6.724399e-16
4848.409620 6.970885e-16
4852.598914 6.361753e-16
4856.788208 6.009152e-16
4860.977502 3.660618e-16
4865.166796 2.958212e-16
4869.356090 6.791441e-16
4873.545384 7.300288e-16
4877.734678 6.034185e-16
4881.923972 5.277062e-16
4886.113266 4.208335e-16
4890.302560 4.566701e-16
4894.491854 5.089010e-16
4898.681148 2.558039e-16
4902.870442 1.630435e-16
4907.059736 6.877272e-16
4911.249030 5.695868e-16
4915.438324 5.369561e-16
4919.627618 5.715830e-16
4923.816912 4.109452e-16
4928.006206 3.781407e-16
4932.195500 6.949574e-16
4936.384794 7.518038e-16
4940.574088 3.333015e-16
4944.763382 2.956490e-16
4948.952676 4.663703e-16
4953.141971 3.963461e-16
4957.331265 4.789486e-16
4961.520559 6.258677e-16
4965.709853 6.632201e-16
4969.899147 6.368014e-16
4974.088441 5.003113e-16
4978.277735 6.274611e-16
4982.467029 7.116973e-16
4986.656323 4.480818e-16
4990.845617 3.099105e-16
4995.034911 6.059359e-16
4999.224205 7.378837e-16
5003.413499 6.076521e-16
5007.602793 6.003782e-16
5011.792087 6.516381e-16
5015.981381 5.499124e-16
5020.170675 4.624311e-16
5024.359969 5.570170e-16
5028.549263 5.358907e-16
5032.738557 8.556402e-16
5036.927851 9.812266e-16
5041.117145 6.503051e-16
5045.306439 3.982771e-16
5049.495733 5.672898e-16
5053.685027 6.963600e-16
5057.874321 8.380486e-16
5062.063615 7.325878e-16
5066.252909 7.000686e-16
5070.442203 7.684948e-16
5074.631497 5.943075e-16
5078.820791 4.406541e-16
5083.010085 5.166115e-16
5087.199379 2.980534e-16
5091.388673 2.182959e-16
5095.577967 4.869917e-16
5099.767261 5.012225e-16
5103.956555 2.711793e-16
5108.145849 3.880352e-16
5112.335144 4.542435e-16
5116.524438 3.688412e-16
5120.713732 4.836331e-16
5124.903026 6.640578e-16
5129.092320 5.391807e-16
5133.281614 2.531742e-16
5137.470908 4.812536e-16
5141.660202 6.465306e-16
5145.849496 4.204557e-16
5150.038790 3.130782e-16
5154.228084 4.367400e-16
5158.417378 1.558548e-16
5162.606672 3.969465e-16
5166.795966 5.640455e-16
5170.985260 4.531723e-16
5175.174554 4.459318e-16
5179.363848 4.898638e-16
5183.553142 5.416426e-16
5187.742436 7.083211e-16
5191.931730 5.323494e-16
5196.121024 4.029581e-16
5200.310318 5.525483e-16
5204.499612 5.348020e-16
5208.688906 6.546761e-16
5212.878200 6.142504e-16
5217.067494 6.393409e-16
5221.256788 6.270786e-16
5225.446082 5.531594e-16
5229.635376 6.696289e-16
5233.824670 5.673564e-16
5238.013964 2.775196e-16
5242.203258 2.595444e-16
5246.392552 5.798890e-16
5250.581846 6.668472e-16
5254.771140 3.599088e-16
5258.960434 5.480586e-16
5263.149728 6.796480e-16
5267.339022 6.763269e-16
5271.528317 7.014050e-16
5275.717611 7.023969e-16
5279.906905 6.517428e-16
5284.096199 6.772183e-16
5288.285493 5.489163e-16
5292.474787 5.630144e-16
5296.664081 7.597588e-16
5300.853375 6.234766e-16
5305.042669 5.479053e-16
5309.231963 5.289496e-16
5313.421257 8.878530e-16
5317.610551 9.401688e-16
5321.799845 7.515632e-16
5325.989139 8.201344e-16
5330.178433 8.110569e-16
5334.367727 7.994346e-16
5338.557021 7.538876e-16
5342.746315 7.837076e-16
5346.935609 7.806330e-16
5351.124903 6.890946e-16
5355.314197 7.372690e-16
5359.503491 6.480725e-16
5363.692785 6.514746e-16
5367.882079 7.605741e-16
5372.071373 7.875018e-16
5376.260667 7.760935e-16
5380.449961 8.693879e-16
5384.639255 7.488535e-16
5388.828549 8.142552e-16
5393.017843 9.218019e-16
5397.207137 9.220538e-16
5401.396431 9.911234e-16
5405.585725 8.977174e-16
5409.775019 1.031857e-15
5413.964313 1.063682e-15
5418.153607 9.075737e-16
5422.342901 8.351427e-16
5426.532196 8.931931e-16
5430.721490 9.629387e-16
5434.910784 1.010841e-15
5439.100078 9.468354e-16
5443.289372 9.711175e-16
5447.478666 1.016647e-15
5451.667960 7.610336e-16
5455.857254 1.042967e-15
5460.046548 9.696400e-16
5464.235842 7.564023e-16
5468.425136 7.192475e-16
5472.614430 6.726127e-16
5476.803724 9.112717e-16
5480.993018 8.575103e-16
5485.182312 8.062951e-16
5489.371606 8.365804e-16
5493.560900 8.477104e-16
5497.750194 9.266371e-16
5501.939488 9.138415e-16
5506.128782 9.030816e-16
5510.318076 8.849421e-16
5514.507370 1.009421e-15
5518.696664 1.213309e-15
5522.885958 1.097845e-15
5527.075252 9.906467e-16
5531.264546 1.116347e-15
5535.453840 1.109450e-15
5539.643134 1.057547e-15
5543.832428 1.269648e-15
5548.021722 1.213031e-15
5552.211016 1.224404e-15
5556.400310 1.151442e-15
5560.589604 9.808803e-16
5564.778898 1.008599e-15
5568.968192 1.222845e-15
5573.157486 1.106364e-15
5577.346780 8.961151e-16
5581.536074 1.050312e-15
5585.725369 1.280268e-15
5589.914663 1.202400e-15
5594.103957 1.201251e-15
5598.293251 1.181816e-15
5602.482545 1.195025e-15
5606.671839 1.118647e-15
5610.861133 1.001010e-15
5615.050427 1.064920e-15
5619.239721 1.085300e-15
5623.429015 9.266079e-16
5627.618309 9.926455e-16
5631.807603 1.136207e-15
5635.996897 1.007639e-15
5640.186191 9.462436e-16
5644.375485 1.073898e-15
5648.564779 1.109168e-15
5652.754073 1.050363e-15
5656.943367 1.055128e-15
5661.132661 1.084457e-15
5665.321955 1.050948e-15
5669.511249 1.179695e-15
5673.700543 1.089171e-15
5677.889837 9.080053e-16
5682.079131 9.767634e-16
5686.268425 9.962887e-16
5690.457719 9.721521e-16
5694.647013 9.783028e-16
5698.836307 1.024052e-15
5703.025601 1.022020e-15
5707.214895 9.530903e-16
5711.404189 9.534784e-16
5715.593483 1.066593e-15
5719.782777 1.168792e-15
5723.972071 1.132587e-15
5728.161365 1.045148e-15
5732.350659 1.029426e-15
5736.539953 9.296105e-16
5740.729247 1.005295e-15
5744.918542 1.157587e-15
5749.107836 1.126490e-15
5753.297130 9.436312e-16
5757.486424 8.101339e-16
5761.675718 8.562387e-16
5765.865012 9.103826e-16
5770.054306 9.281227e-16
5774.243600 9.295226e-16
5778.432894 7.806214e-16
5782.622188 7.727621e-16
5786.811482 7.430849e-16
5791.000776 6.222027e-16
5795.190070 5.717563e-16
5799.379364 6.671270e-16
5803.568658 7.802296e-16
5807.757952 7.356381e-16
5811.947246 6.093736e-16
5816.136540 4.458154e-16
5820.325834 3.329425e-16
5824.515128 5.815983e-16
5828.704422 8.000221e-16
5832.893716 7.871086e-16
5837.083010 5.540941e-16
5841.272304 3.540110e-16
5845.461598 5.030720e-16
5849.650892 7.120263e-16
5853.840186 7.268021e-16
5858.029480 6.414137e-16
5862.218774 5.892100e-16
5866.408068 5.810115e-16
5870.597362 7.567652e-16
5874.786656 9.112731e-16
5878.975950 8.322525e-16
5883.165244 7.585030e-16
5887.354538 8.268711e-16
5891.543832 6.151593e-16
5895.733126 7.280001e-16
5899.922420 1.003032e-15
5904.111715 9.839083e-16
5908.301009 8.160966e-16
5912.490303 9.705106e-16
5916.679597 1.002708e-15
5920.868891 1.082941e-15
5925.058185 1.128334e-15
5929.247479 1.041636e-15
5933.436773 1.026219e-15
5937.626067 1.035103e-15
5941.815361 1.006014e-15
5946.004655 9.946079e-16
5950.193949 1.060152e-15
5954.383243 1.168832e-15
5958.572537 1.230812e-15
5962.761831 1.190364e-15
5966.951125 1.015044e-15
5971.140419 9.495083e-16
5975.329713 1.118468e-15
5979.519007 1.183942e-15
5983.708301 1.157066e-15
5987.897595 1.095820e-15
5992.086889 1.132275e-15
5996.276183 1.209166e-15
6000.465477 1.158227e-15
6004.654771 1.224986e-15
6008.844065 1.224530e-15
6013.033359 1.237465e-15
6017.222653 1.310075e-15
6021.411947 1.285914e-15
6025.601241 1.238264e-15
6029.790535 1.249593e-15
6033.979829 1.259940e-15
6038.169123 1.186641e-15
6042.358417 1.138470e-15
6046.547711 1.278431e-15
6050.737005 1.190172e-15
6054.926299 1.057795e-15
6059.115593 1.059718e-15
6063.304888 1.087816e-15
6067.494182 1.078822e-15
6071.683476 1.044697e-15
6075.872770 1.009858e-15
6080.062064 1.114767e-15
6084.251358 1.230325e-15
6088.440652 1.009489e-15
6092.629946 8.081949e-16
6096.819240 9.285105e-16
6101.008534 1.058213e-15
6105.197828 9.644802e-16
6109.387122 8.737130e-16
6113.576416 7.849595e-16
6117.765710 7.496057e-16
6121.955004 8.112615e-16
6126.144298 8.672108e-16
6130.333592 8.829731e-16
6134.522886 1.072565e-15
6138.712180 9.713166e-16
6142.901474 8.436820e-16
6147.090768 9.381102e-16
6151.280062 9.956260e-16
6155.469356 9.306757e-16
6159.658650 1.052034e-15
6163.847944 1.004039e-15
6168.037238 8.573065e-16
6172.226532 9.218389e-16
6176.415826 9.031774e-16
6180.605120 9.427471e-16
6184.794414 1.012880e-15
6188.983708 9.533266e-16
6193.173002 8.485418e-16
6197.362296 9.498585e-16
6201.551590 9.360182e-16
6205.740884 8.893720e-16
6209.930178 8.291702e-16
6214.119472 7.905371e-16
6218.308766 9.199253e-16
6222.498061 9.418075e-16
6226.687355 8.952320e-16
6230.876649 8.969884e-16
6235.065943 9.770191e-16
6239.255237 1.081051e-15
6243.444531 1.098100e-15
6247.633825 1.052930e-15
6251.823119 9.846931e-16
6256.012413 9.417342e-16
6260.201707 9.744778e-16
6264.391001 1.018398e-15
6268.580295 9.447912e-16
6272.769589 9.645791e-16
6276.958883 1.109349e-15
6281.148177 1.113908e-15
6285.337471 1.055954e-15
6289.526765 9.845500e-16
6293.716059 8.920346e-16
6297.905353 9.298836e-16
6302.094647 1.090508e-15
6306.283941 9.095193e-16
6310.473235 9.591027e-16
6314.662529 9.262160e-16
6318.851823 8.287217e-16
6323.041117 1.022134e-15
6327.230411 9.278432e-16
6331.419705 9.657709e-16
6335.608999 1.031318e-15
6339.798293 9.651463e-16
6343.987587 9.063386e-16
6348.176881 9.105600e-16
6352.366175 9.675253e-16
6356.555469 9.209440e-16
6360.744763 8.558522e-16
6364.934057 9.370230e-16
6369.123351 1.020134e-15
6373.312645 1.051412e-15
6377.501939 1.100936e-15
6381.691234 1.127722e-15
6385.880528 1.031532e-15
6390.069822 9.423065e-16
6394.259116 9.583468e-16
6398.448410 9.427532e-16
6402.637704 8.794218e-16
6406.826998 8.635748e-16
6411.016292 8.394585e-16
6415.205586 7.976495e-16
6419.394880 7.759769e-16
6423.584174 8.653189e-16
6427.773468 1.009836e-15
6431.962762 9.699971e-16
6436.152056 8.969448e-16
6440.341350 8.768040e-16
6444.530644 9.091932e-16
6448.719938 9.861932e-16
6452.909232 1.063613e-15
6457.098526 8.750344e-16
6461.287820 7.702315e-16
6465.477114 9.107823e-16
6469.666408 1.037876e-15
6473.855702 9.784898e-16
6478.044996 8.630632e-16
6482.234290 8.361802e-16
6486.423584 9.097056e-16
6490.612878 9.961172e-16
6494.802172 9.944177e-16
6498.991466 9.312111e-16
6503.180760 8.781189e-16
6507.370054 8.527194e-16
6511.559348 8.905095e-16
6515.748642 1.036312e-15
6519.937936 1.005361e-15
6524.127230 1.034573e-15
6528.316524 1.082548e-15
6532.505818 9.351659e-16
6536.695112 8.491767e-16
6540.884407 8.972398e-16
6545.073701 9.405443e-16
6549.262995 9.955547e-16
6553.452289 1.098429e-15
6557.641583 1.063708e-15
6561.830877 1.028828e-15
6566.020171 1.011873e-15
6570.209465 9.758946e-16
6574.398759 9.611985e-16
6578.588053 1.018574e-15
6582.777347 9.945754e-16
6586.966641 9.066550e-16
6591.155935 9.741726e-16
6595.345229 1.152504e-15
6599.534523 1.004742e-15
6603.723817 9.453547e-16
6607.913111 1.024935e-15
6612.102405 1.113512e-15
6616.291699 1.118084e-15
6620.480993 9.499264e-16
6624.670287 1.052194e-15
6628.859581 1.024874e-15
6633.048875 8.582779e-16
6637.238169 1.007040e-15
6641.427463 1.038271e-15
6645.616757 1.010014e-15
6649.806051 9.114126e-16
6653.995345 8.450434e-16
6658.184639 9.593827e-16
6662.373933 9.513111e-16
6666.563227 8.498682e-16
6670.752521 9.436769e-16
6674.941815 9.609071e-16
6679.131109 8.303686e-16
6683.320403 9.680344e-16
6687.509697 9.273870e-16
6691.698991 8.136042e-16
6695.888285 1.002633e-15
6700.077580 8.899612e-16
6704.266874 9.368336e-16
6708.456168 1.054415e-15
6712.645462 1.035881e-15
6716.834756 9.390722e-16
6721.024050 8.885808e-16
6725.213344 1.027840e-15
6729.402638 1.067834e-15
6733.591932 1.024813e-15
6737.781226 1.022638e-15
6741.970520 9.409424e-16
6746.159814 9.625929e-16
6750.349108 9.015530e-16
6754.538402 8.266365e-16
6758.727696 9.212271e-16
6762.916990 1.020714e-15
6767.106284 9.571625e-16
6771.295578 8.903810e-16
6775.484872 9.147739e-16
6779.674166 9.126259e-16
6783.863460 8.222477e-16
6788.052754 8.671090e-16
6792.242048 9.165841e-16
6796.431342 8.775224e-16
6800.620636 8.541759e-16
6804.809930 8.501802e-16
6808.999224 9.376558e-16
6813.188518 8.906039e-16
6817.377812 8.053729e-16
6821.567106 9.214717e-16
6825.756400 8.355896e-16
6829.945694 9.841910e-16
6834.134988 1.018188e-15
6838.324282 8.233930e-16
6842.513576 9.038469e-16
6846.702870 9.571123e-16
6850.892164 9.602680e-16
6855.081458 8.647065e-16
6859.270753 7.723026e-16
6863.460047 8.972474e-16
6867.649341 9.288957e-16
6871.838635 9.804187e-16
6876.027929 9.564454e-16
6880.217223 7.679987e-16
6884.406517 7.386653e-16
6888.595811 8.990538e-16
6892.785105 8.642583e-16
6896.974399 7.247567e-16
6901.163693 7.760213e-16
6905.352987 7.873184e-16
6909.542281 8.411787e-16
6913.731575 8.119917e-16
6917.920869 8.189874e-16
6922.110163 9.269015e-16
6926.299457 7.312047e-16
6930.488751 7.868033e-16
6934.678045 9.082249e-16
6938.867339 8.490142e-16
6943.056633 8.061259e-16
6947.245927 8.082708e-16
6951.435221 7.684103e-16
6955.624515 7.034999e-16
6959.813809 6.970546e-16
6964.003103 7.445113e-16
6968.192397 7.333607e-16
6972.381691 7.671518e-16
6976.570985 7.351162e-16
6980.760279 6.403916e-16
6984.949573 7.402254e-16
6989.138867 7.520545e-16
6993.328161 7.357771e-16
6997.517455 7.475210e-16
7001.706749 7.565927e-16
7005.896043 7.804561e-16
7010.085337 6.422987e-16
7014.274631 6.681725e-16
7018.463926 7.488006e-16
7022.653220 5.918741e-16
7026.842514 7.024266e-16
7031.031808 7.442337e-16
7035.221102 6.639994e-16
7039.410396 6.128953e-16
7043.599690 6.172426e-16
7047.788984 6.594140e-16
7051.978278 6.740444e-16
7056.167572 7.237639e-16
7060.356866 8.205045e-16
7064.546160 8.257241e-16
7068.735454 8.318374e-16
7072.924748 8.104150e-16
7077.114042 7.164397e-16
7081.303336 6.404266e-16
7085.492630 7.100982e-16
7089.681924 7.424969e-16
7093.871218 6.505481e-16
7098.060512 6.301538e-16
7102.249806 7.690664e-16
7106.439100 7.123662e-16
7110.628394 6.783822e-16
7114.817688 6.825657e-16
7119.006982 6.879784e-16
7123.196276 7.330968e-16
7127.385570 7.151343e-16
7131.574864 6.561339e-16
7135.764158 7.154558e-16
7139.953452 8.199685e-16
7144.142746 7.302477e-16
7148.332040 7.562175e-16
7152.521334 7.326420e-16
7156.710628 6.628768e-16
7160.899922 7.218139e-16
7165.089216 8.067002e-16
7169.278510 7.313684e-16
7173.467804 5.873554e-16
7177.657099 5.752121e-16
7181.846393 7.018196e-16
7186.035687 7.398891e-16
7190.224981 6.926693e-16
7194.414275 6.811786e-16
7198.603569 6.748542e-16
7202.792863 6.169237e-16
7206.982157 7.879372e-16
7211.171451 7.092458e-16
7215.360745 6.083911e-16
7219.550039 7.667978e-16
7223.739333 7.641863e-16
7227.928627 7.859538e-16
7232.117921 7.228581e-16
7236.307215 6.887339e-16
7240.496509 7.833109e-16
7244.685803 6.442215e-16
7248.875097 6.024427e-16
7253.064391 7.592782e-16
7257.253685 8.593345e-16
7261.442979 7.382373e-16
7265.632273 7.334859e-16
7269.821567 6.864784e-16
7274.010861 6.241866e-16
7278.200155 5.695890e-16
7282.389449 4.278336e-16
7286.578743 6.652196e-16
7290.768037 8.280112e-16
7294.957331 7.645204e-16
7299.146625 7.098165e-16
7303.335919 6.274370e-16
7307.525213 8.135463e-16
7311.714507 8.706020e-16
7315.903801 6.804478e-16
7320.093095 6.585700e-16
7324.282389 7.904647e-16
7328.471683 7.656166e-16
7332.660978 7.540024e-16
7336.850272 8.482802e-16
7341.039566 7.605774e-16
7345.228860 7.310905e-16
7349.418154 7.676312e-16
7353.607448 7.538301e-16
7357.796742 7.025168e-16
7361.986036 7.596504e-16
7366.175330 7.237392e-16
7370.364624 6.980389e-16
7374.553918 7.761161e-16
7378.743212 8.169443e-16
7382.932506 7.442510e-16
7387.121800 7.574366e-16
7391.311094 6.756354e-16
7395.500388 5.724891e-16
7399.689682 8.412369e-16
7403.878976 7.337870e-16
7408.068270 6.131366e-16
7412.257564 6.827843e-16
7416.446858 7.238674e-16
7420.636152 7.857572e-16
7424.825446 6.982447e-16
7429.014740 6.598624e-16
7433.204034 7.155043e-16
7437.393328 6.522982e-16
7441.582622 5.963840e-16
7445.771916 7.054426e-16
7449.961210 7.600130e-16
7454.150504 6.477754e-16
7458.339798 6.491284e-16
7462.529092 6.528936e-16
7466.718386 6.128000e-16
7470.907680 6.068884e-16
7475.096974 6.300116e-16
7479.286268 5.272353e-16
7483.475562 6.183956e-16
7487.664856 7.013875e-16
7491.854151 7.024727e-16
7496.043445 8.241052e-16
7500.232739 7.199360e-16
7504.422033 6.534718e-16
7508.611327 6.196316e-16
7512.800621 5.830587e-16
7516.989915 7.962989e-16
7521.179209 6.169262e-16
7525.368503 4.665957e-16
7529.557797 6.272025e-16
7533.747091 7.313056e-16
7537.936385 6.981524e-16
7542.125679 5.483516e-16
7546.314973 5.648859e-16
7550.504267 7.576911e-16
7554.693561 7.375079e-16
7558.882855 6.229678e-16
7563.072149 6.277328e-16
7567.261443 6.286291e-16
7571.450737 4.968734e-16
7575.640031 5.247923e-16
7579.829325 6.219535e-16
7584.018619 6.621307e-16
7588.207913 5.605376e-16
7592.397207 3.848934e-16
7596.586501 4.531670e-16
7600.775795 4.610234e-16
7604.965089 3.252040e-16
7609.154383 3.090034e-16
7613.343677 2.432511e-16
7617.532971 3.330884e-16
7621.722265 4.291338e-16
7625.911559 3.368442e-16
7630.100853 1.022490e-16
7634.290147 2.354711e-16
7638.479441 3.229239e-16
7642.668735 2.906846e-16
7646.858029 3.145884e-16
7651.047324 3.525247e-16
7655.236618 2.679924e-16
7659.425912 2.892421e-16
7663.615206 2.785103e-16
7667.804500 1.275935e-16
7671.993794 3.592991e-16
7676.183088 4.107480e-16
7680.372382 3.276343e-16
7684.561676 3.594992e-16
7688.750970 4.041605e-16
7692.940264 3.866618e-16
7697.129558 2.593801e-16
7701.318852 1.663742e-16
7705.508146 2.374505e-16
7709.697440 3.548991e-16
7713.886734 3.018140e-16
7718.076028 1.722265e-16
7722.265322 1.396766e-16
7726.454616 1.918930e-16
7730.643910 2.777909e-16
7734.833204 3.758048e-16
7739.022498 4.453901e-16
7743.211792 4.165205e-16
7747.401086 2.704198e-16
7751.590380 2.279324e-16
7755.779674 3.233480e-16
7759.968968 4.106737e-16
7764.158262 3.834154e-16
7768.347556 3.051392e-16
7772.536850 3.857102e-16
7776.726144 4.186574e-16
7780.915438 3.069154e-16
7785.104732 3.925101e-16
7789.294026 4.356412e-16
7793.483320 4.419626e-16
7797.672614 5.202627e-16
7801.861908 5.971038e-16
7806.051202 4.438421e-16
7810.240497 4.512202e-16
7814.429791 5.529778e-16
7818.619085 5.073277e-16
7822.808379 4.586456e-16
7826.997673 5.192618e-16
7831.186967 6.140008e-16
7835.376261 5.619901e-16
7839.565555 3.833548e-16
7843.754849 4.145956e-16
7847.944143 4.495809e-16
7852.133437 4.235417e-16
7856.322731 4.219004e-16
7860.512025 4.833081e-16
7864.701319 5.820577e-16
7868.890613 5.762440e-16
7873.079907 4.610094e-16
7877.269201 4.043759e-16
7881.458495 5.515957e-16
7885.647789 6.443846e-16
7889.837083 6.081421e-16
7894.026377 5.093025e-16
7898.215671 4.125664e-16
7902.404965 5.676489e-16
7906.594259 6.720452e-16
7910.783553 5.494108e-16
7914.972847 4.418668e-16
7919.162141 6.345687e-16
7923.351435 6.652105e-16
7927.540729 5.349898e-16
7931.730023 5.513829e-16
7935.919317 6.926822e-16
7940.108611 6.019854e-16
7944.297905 6.080314e-16
7948.487199 7.219335e-16
7952.676493 6.816367e-16
7956.865787 6.536570e-16
7961.055081 5.303916e-16
7965.244375 4.049320e-16
7969.433670 4.347486e-16
7973.622964 5.799880e-16
7977.812258 6.212963e-16
7982.001552 5.293897e-16
7986.190846 4.500829e-16
7990.380140 4.694362e-16
7994.569434 4.082639e-16
7998.758728 4.462233e-16
8002.948022 5.156507e-16
8007.137316 4.986661e-16
8011.326610 4.752904e-16
8015.515904 5.544594e-16
8019.705198 5.257663e-16
8023.894492 3.723488e-16
8028.083786 3.011214e-16
8032.273080 3.851093e-16
8036.462374 4.876120e-16
8040.651668 4.771776e-16
8044.840962 4.221572e-16
8049.030256 4.693421e-16
8053.219550 4.213074e-16
8057.408844 4.962386e-16
8061.598138 5.806930e-16
8065.787432 4.637991e-16
8069.976726 4.364833e-16
8074.166020 3.572081e-16
8078.355314 3.664429e-16
8082.544608 4.962984e-16
8086.733902 4.740268e-16
8090.923196 5.455323e-16
8095.112490 5.661363e-16
8099.301784 4.115295e-16
8103.491078 2.913050e-16
8107.680372 5.120100e-16
8111.869666 4.891975e-16
8116.058960 3.293111e-16
8120.248254 3.272801e-16
8124.437548 2.650849e-16
8128.626843 3.325972e-16
8132.816137 2.700576e-16
8137.005431 2.140771e-16
8141.194725 4.407024e-16
8145.384019 3.373746e-16
8149.573313 3.292244e-16
8153.762607 4.488367e-16
8157.951901 3.793058e-16
8162.141195 2.240987e-16
8166.330489 2.633260e-16
8170.519783 3.140689e-16
8174.709077 2.983332e-16
8178.898371 3.478053e-16
8183.087665 2.365740e-16
8187.276959 2.343511e-16
8191.466253 3.244761e-16
8195.655547 2.419859e-16
8199.844841 7.583883e-17
8204.034135 2.571919e-16
8208.223429 3.752263e-16
8212.412723 2.430969e-16
8216.602017 3.440625e-16
8220.791311 4.724271e-16
8224.980605 3.706674e-16
8229.169899 2.468820e-16
8233.359193 3.446020e-16
8237.548487 3.089618e-16
8241.737781 2.530516e-16
8245.927075 2.456611e-16
8250.116369 2.752377e-16
8254.305663 3.314591e-16
8258.494957 3.307656e-16
8262.684251 2.446247e-16
8266.873545 2.480872e-16
8271.062839 3.851422e-16
8275.252133 2.520390e-16
8279.441427 1.333656e-16
8283.630721 1.091216e-16
8287.820016 2.060732e-16
8292.009310 4.898753e-16
8296.198604 5.287063e-16
8300.387898 3.728633e-16
8304.577192 1.665363e-16
8308.766486 7.221413e-17
8312.955780 1.742399e-16
8317.145074 2.154491e-16
8321.334368 1.560889e-16
8325.523662 1.179399e-16
8329.712956 1.228006e-16
8333.902250 2.716175e-16
8338.091544 3.033350e-16
8342.280838 1.613940e-16
8346.470132 1.198259e-16
8350.659426 2.006907e-16
8354.848720 2.381615e-16
8359.038014 1.472520e-16
8363.227308 2.830828e-17
8371.605896 3.629749e-17
8375.795190 2.033058e-16
8379.984484 2.657190e-16
8392.552366 2.069691e-16
8396.741660 2.681338e-16
8400.930954 6.582414e-17
8405.120248 1.613133e-16
8409.309542 5.046140e-17
8417.688130 1.035029e-16
8421.877424 1.557610e-16
8426.066718 2.560427e-16
8430.256012 2.492869e-16
8434.445306 1.544209e-16
8438.634600 2.326333e-16
8442.823894 1.694624e-16
8455.391777 2.200739e-16
8459.581071 3.070903e-16
8463.770365 2.954119e-16
8467.959659 2.032154e-16
8472.148953 1.044443e-16
8476.338247 1.241199e-16
8480.527541 9.142423e-17
8484.716835 5.704648e-17
8488.906129 1.535759e-16
8493.095423 2.800647e-16
8497.284717 1.217631e-16
8505.663305 5.116801e-18
8509.852599 1.782648e-16
8514.041893 3.289476e-16
8518.231187 3.270140e-16
8522.420481 2.784885e-16
8526.609775 2.686629e-16
8530.799069 2.468715e-16
8534.988363 2.182414e-16
8539.177657 2.323286e-16
8543.366951 2.032602e-16
8547.556245 1.306538e-16
8551.745539 2.307922e-16
8555.934833 1.959707e-16
8560.124127 4.142075e-17
8564.313421 1.122495e-16
8568.502715 4.133474e-16
8572.692009 4.765990e-16
8576.881303 3.202123e-16
8581.070597 1.631875e-16
8585.259891 8.805184e-17
8589.449185 2.356122e-16
8593.638479 3.210888e-16
8597.827773 2.984952e-16
8602.017067 2.849571e-16
8606.206362 1.599188e-16
8610.395656 2.725387e-16
8614.584950 4.407192e-16
8618.774244 4.610350e-16
8622.963538 3.903858e-16
8627.152832 2.550316e-16
8631.342126 2.515239e-16
8635.531420 3.818775e-16
8639.720714 4.749417e-16
8643.910008 4.360820e-16
8648.099302 2.063651e-16
8652.288596 1.656195e-16
8656.477890 4.239509e-16
8660.667184 3.349423e-16
8664.856478 2.954162e-16
8669.045772 4.085852e-16
8673.235066 5.033449e-16
8677.424360 5.081220e-16
8681.613654 4.648384e-16
8685.802948 4.583053e-16
8689.992242 4.725797e-16
8694.181536 4.656294e-16
8698.370830 4.970728e-16
8702.560124 5.087328e-16
8706.749418 5.250765e-16
8710.938712 5.324409e-16
8715.128006 4.437124e-16
8719.317300 4.622819e-16
8723.506594 4.743471e-16
8727.695888 4.238376e-16
8731.885182 4.185370e-16
8736.074476 3.299832e-16
8740.263770 3.919827e-16
8744.453064 4.797598e-16
8748.642358 4.504222e-16
8752.831652 6.504551e-16
8757.020946 5.748390e-16
8761.210240 5.230903e-16
8765.399535 7.154160e-16
8769.588829 5.848185e-16
8773.778123 5.772220e-16
8777.967417 4.557252e-16
8782.156711 3.330670e-16
8786.346005 4.986766e-16
8790.535299 3.502084e-16
8794.724593 2.685505e-16
8798.913887 3.430432e-16
8803.103181 3.806774e-16
8807.292475 4.376127e-16
8811.481769 3.479457e-16
8815.671063 5.115244e-16
8819.860357 8.722285e-16
8824.049651 7.116078e-16
8828.238945 5.311966e-16
8832.428239 4.481419e-16
8836.617533 4.038318e-16
8840.806827 4.550408e-16
8844.996121 5.570244e-16
8849.185415 3.956819e-16
8853.374709 1.403389e-16
8857.564003 1.367672e-16
8861.753297 3.598319e-16
8865.942591 3.889778e-16
8870.131885 3.108269e-16
8874.321179 2.083400e-16
8878.510473 1.372260e-16
8882.699767 4.815844e-16
8886.889061 5.499394e-16
8891.078355 3.039209e-16
8895.267649 4.584920e-16
8899.456943 4.782663e-16
8903.646237 3.753642e-16
8907.835531 2.622993e-16
8912.024825 2.089311e-16
8916.214119 7.679879e-17
8920.403413 3.245401e-17
8924.592708 1.542260e-16
8928.782002 2.461264e-16
8932.971296 2.382322e-16
8937.160590 2.416969e-16
8941.349884 2.727132e-16
8945.539178 3.072497e-16
8949.728472 3.233739e-16
8953.917766 3.200312e-16
8958.107060 2.471600e-16
8962.296354 1.994575e-16
8966.485648 1.968600e-16
8970.674942 1.418337e-16
8974.864236 1.390589e-16
8979.053530 3.033734e-16
8983.242824 3.587049e-16
8987.432118 5.831598e-17
8991.621412 2.134019e-16
8995.810706 1.829787e-16
