5985.095000 3.319981e-17
5989.308000 4.273415e-17
5993.521500 3.903367e-17
5997.735000 4.256815e-17
6001.947800 3.515986e-17
6006.161000 3.408187e-17
6010.374500 3.929298e-17
6014.587400 4.610739e-17
6018.801000 3.554202e-17
6023.013700 4.170666e-17
6027.227000 4.241415e-17
6031.440400 3.464776e-17
6035.653300 3.507467e-17
6039.866700 3.273782e-17
6044.080000 3.830895e-17
6048.293000 3.440459e-17
6052.506300 3.426616e-17
6056.719700 2.858313e-17
6060.932600 3.741996e-17
6065.146000 3.670460e-17
6069.359400 3.437636e-17
6073.572300 2.985873e-17
6077.785600 3.414456e-17
6081.999000 3.907494e-17
6086.212000 3.399810e-17
6090.425300 3.571990e-17
6094.638700 3.798721e-17
6098.851600 3.754346e-17
6103.065000 3.903740e-17
6107.278300 4.529298e-17
6111.491000 3.946303e-17
6115.704600 3.924630e-17
6119.918000 4.264703e-17
6124.131000 3.387214e-17
6128.344000 3.113959e-17
6132.557600 4.151385e-17
6136.770500 3.898400e-17
6140.984000 3.794202e-17
6145.197300 3.567955e-17
6149.410000 4.579339e-17
6153.623500 5.506472e-17
6157.837000 5.409095e-17
6162.050000 4.942101e-17
6166.263000 4.916774e-17
6170.476600 4.888014e-17
6174.689500 5.443746e-17
6178.903000 4.142644e-17
6183.116000 4.275164e-17
6187.329000 3.436422e-17
6191.542500 4.228158e-17
6195.756000 3.556527e-17
6199.968800 3.942635e-17
6204.182000 3.710747e-17
6208.395500 3.901560e-17
6212.608400 3.170665e-17
6216.822000 3.640957e-17
6221.035000 3.915687e-17
6225.248000 4.138565e-17
6229.461400 4.294257e-17
6233.675000 4.590117e-17
6237.887700 5.154905e-17
6242.101000 4.606665e-17
6246.314500 4.740300e-17
6250.527300 4.470901e-17
6254.740700 4.802102e-17
6258.954000 4.747547e-17
6263.167000 4.816037e-17
6267.380400 5.113187e-17
6271.593800 4.580801e-17
6275.806600 4.261890e-17
6280.020000 4.559917e-17
6284.233400 5.210187e-17
6288.446300 5.068072e-17
6292.659700 5.852472e-17
6296.873000 4.388559e-17
6301.086000 3.657041e-17
6305.299300 3.729929e-17
6309.512700 4.417919e-17
6313.725600 4.620196e-17
6317.939000 4.742309e-17
6322.152000 3.750529e-17
6326.365000 3.939894e-17
6330.578600 4.115561e-17
6334.791500 4.718186e-17
6339.005000 4.819771e-17
6343.218300 5.385686e-17
6347.431000 4.381178e-17
6351.644500 4.549051e-17
6355.858000 4.087730e-17
6360.071000 4.314496e-17
6364.284000 3.540808e-17
6368.497600 3.554378e-17
6372.710400 4.165511e-17
6376.924000 3.059989e-17
6381.137000 2.142172e-17
6385.350000 2.488261e-17
6389.563500 2.302280e-17
6393.777000 1.710004e-17
6397.989700 1.638089e-17
6402.203000 1.608916e-17
6406.416500 1.363369e-17
6410.629400 1.826981e-17
6414.843000 2.431351e-17
6419.056000 1.883052e-17
6423.269000 1.569598e-17
6427.482400 2.060799e-17
6431.696000 1.670261e-17
6435.908700 1.604230e-17
6440.122000 2.107030e-17
6444.335400 2.094215e-17
6448.548300 1.542011e-17
6452.761700 2.967929e-17
6456.975000 3.166867e-17
6461.188000 2.812013e-17
6465.401400 2.964559e-17
6469.614700 3.034607e-17
6473.827600 3.795386e-17
6478.041000 3.566244e-17
6482.254400 4.195442e-17
6486.467300 3.968915e-17
6490.680700 4.917408e-17
6494.894000 5.454087e-17
6499.107000 6.256993e-17
6503.320300 6.815633e-17
6507.533700 7.246946e-17
6511.746600 8.442598e-17
6515.960000 8.382864e-17
6520.173300 9.206739e-17
6524.386000 1.112971e-16
6528.599600 1.152658e-16
6532.813000 1.263449e-16
6537.026000 1.355287e-16
6541.239300 1.431583e-16
6545.452600 1.471870e-16
6549.665500 1.483062e-16
6553.879000 1.510499e-16
6558.092300 1.566630e-16
6562.305000 1.544014e-16
6566.518600 1.724473e-16
6570.732000 1.713161e-16
6574.945000 1.724606e-16
6579.158000 1.843883e-16
6583.371600 2.105239e-16
6587.584500 2.069280e-16
6591.798000 1.830293e-16
6596.011000 1.772724e-16
6600.224000 1.596246e-16
6604.437500 1.731197e-16
6608.650400 1.697613e-16
6612.864000 1.615138e-16
6617.077000 1.483987e-16
6621.290000 1.397274e-16
6625.503400 1.382875e-16
6629.717000 1.377714e-16
6633.929700 1.257871e-16
6638.143000 1.204335e-16
6642.356400 1.172770e-16
6646.569300 1.220650e-16
6650.782700 1.231467e-16
6654.996000 1.175838e-16
6659.209000 1.130637e-16
6663.422400 1.060469e-16
6667.635700 1.073504e-16
6671.848600 1.087567e-16
6676.062000 1.075260e-16
6680.275400 1.076932e-16
6684.488300 1.037004e-16
6688.701700 9.900480e-17
6692.915000 1.010235e-16
6697.128000 9.680689e-17
6701.341300 9.997707e-17
6705.554700 9.636722e-17
6709.767600 9.755018e-17
6713.981000 9.626891e-17
6718.194300 9.239438e-17
6722.407000 8.836157e-17
6726.620600 8.922625e-17
6730.834000 8.663084e-17
6735.047000 9.585595e-17
6739.260300 9.751980e-17
6743.473600 9.466114e-17
6747.686500 8.712794e-17
6751.900000 8.864398e-17
6756.113300 8.702375e-17
6760.326000 8.730117e-17
6764.539600 8.324693e-17
6768.753000 7.708825e-17
6772.966000 7.894511e-17
6777.179000 7.661550e-17
6781.392600 7.398957e-17
6785.605500 7.186925e-17
6789.819000 7.458918e-17
6794.032000 7.572492e-17
6798.245000 7.613625e-17
6802.458500 7.085534e-17
6806.672000 6.051734e-17
6810.885000 7.286021e-17
6815.098000 7.765544e-17
6819.311500 7.533107e-17
6823.524400 8.232024e-17
6827.738000 7.320110e-17
6831.951000 7.177036e-17
6836.164000 7.513589e-17
6840.377400 7.058895e-17
6844.591000 7.215391e-17
6848.803700 7.816230e-17
6853.017000 7.530327e-17
6857.230500 8.265649e-17
6861.443400 7.181037e-17
6865.656700 6.747624e-17
6869.870000 6.327744e-17
6874.083000 6.996047e-17
6878.296400 7.546095e-17
6882.510000 7.499297e-17
6886.722700 7.182681e-17
6890.936000 6.837317e-17
6895.149400 6.658041e-17
6899.362300 7.301029e-17
6903.575700 7.143676e-17
6907.788600 7.059908e-17
6912.002000 7.802981e-17
6916.215300 7.858355e-17
6920.428000 7.366166e-17
6924.641600 6.946494e-17
6928.855000 6.733786e-17
6933.068000 7.503061e-17
6937.281200 6.795960e-17
6941.494600 7.201059e-17
6945.707500 6.526384e-17
6949.921000 7.366769e-17
6954.134300 6.907392e-17
6958.347000 6.513004e-17
6962.560500 6.836016e-17
6966.774000 7.059108e-17
6970.987000 7.155474e-17
6975.200000 7.534104e-17
6979.413600 6.743909e-17
6983.626500 7.487870e-17
6987.840000 7.770241e-17
6992.053000 7.506919e-17
6996.266000 8.247772e-17
7000.479500 7.694991e-17
7004.693000 7.994138e-17
7008.906000 8.223990e-17
7013.119000 8.207391e-17
7017.332500 7.734778e-17
7021.545400 7.900241e-17
7025.759000 7.582766e-17
7029.972000 7.647069e-17
7034.185000 7.720985e-17
7038.398400 8.363212e-17
7042.612000 8.338112e-17
7046.824700 8.335609e-17
7051.038000 8.210846e-17
7055.251500 8.288480e-17
7059.464400 8.334606e-17
7063.677700 7.947760e-17
7067.891000 8.088101e-17
7072.104000 8.021899e-17
7076.317400 8.137717e-17
7080.531000 8.213601e-17
7084.743700 7.921921e-17
7088.957000 7.845295e-17
7093.170400 7.955825e-17
7097.383300 8.168960e-17
7101.596700 7.868895e-17
7105.810000 7.981131e-17
7110.023000 7.904906e-17
7114.236300 7.374573e-17
7118.449700 7.868880e-17
7122.662600 8.057160e-17
7126.876000 8.319898e-17
7131.089400 8.341176e-17
7135.302200 8.115687e-17
7139.515600 7.852215e-17
7143.729000 7.431823e-17
7147.942000 7.844527e-17
7152.155300 7.560054e-17
7156.368700 8.190020e-17
7160.581500 7.839473e-17
7164.795000 7.547669e-17
7169.008300 8.416503e-17
7173.221000 8.203743e-17
7177.434600 7.821688e-17
7181.648000 7.634174e-17
7185.861000 7.816409e-17
7190.074000 8.588550e-17
7194.287600 8.473436e-17
7198.500500 8.698370e-17
7202.714000 8.132109e-17
7206.927000 8.699860e-17
7211.140000 8.816780e-17
7215.353500 9.092747e-17
7219.566400 9.139732e-17
7223.780000 9.483345e-17
7227.993000 9.405606e-17
7232.206000 8.383689e-17
7236.419400 8.539451e-17
7240.633000 9.011196e-17
7244.845700 9.350217e-17
7249.059000 8.471944e-17
7253.272500 8.779553e-17
7257.485400 9.087121e-17
7261.698700 8.282502e-17
7265.912000 8.542763e-17
7270.125000 8.745043e-17
7274.338400 8.896797e-17
7278.552000 9.400498e-17
7282.764600 9.560362e-17
7286.978000 9.698706e-17
7291.191400 9.640862e-17
7295.404300 9.662349e-17
7299.617700 8.865442e-17
7303.831000 9.804536e-17
7308.044000 1.027020e-16
7312.257300 9.726518e-17
7316.470700 1.040466e-16
7320.683600 1.090858e-16
7324.897000 1.002098e-16
7329.110400 1.022890e-16
7333.323000 1.044125e-16
7337.536600 1.068694e-16
7341.750000 1.086984e-16
7345.963000 1.049087e-16
7350.176300 1.071293e-16
7354.389600 1.068373e-16
7358.602500 1.081705e-16
7362.816000 1.037776e-16
7367.029300 9.874071e-17
7371.242000 1.061823e-16
7375.455600 1.043083e-16
7379.669000 1.118633e-16
7383.882000 1.076246e-16
7388.095000 1.005592e-16
7392.308600 9.188316e-17
7396.521500 9.633617e-17
7400.735000 9.920804e-17
7404.948000 9.294451e-17
7409.161000 9.941128e-17
7413.374500 9.226623e-17
7417.588000 9.496042e-17
7421.801000 9.711951e-17
7426.014000 9.523803e-17
7430.227500 9.158014e-17
7434.440400 9.438347e-17
7438.654000 9.219427e-17
7442.867000 9.009181e-17
7447.080000 9.699903e-17
7451.293500 1.013382e-16
7455.507000 9.802272e-17
7459.719700 9.998887e-17
7463.933000 9.700096e-17
7468.146500 9.599268e-17
7472.359400 8.907563e-17
7476.572800 9.497955e-17
7480.786000 9.944870e-17
7484.999000 1.018218e-16
7489.212400 9.723086e-17
7493.425300 9.715520e-17
7497.638700 1.015738e-16
7501.852000 9.783172e-17
7506.065000 9.970241e-17
7510.278300 1.030838e-16
7514.491700 1.007068e-16
7518.704600 1.025572e-16
7522.918000 9.942071e-17
7527.131300 1.037490e-16
7531.344000 1.071061e-16
7535.557600 9.708249e-17
7539.771000 9.576404e-17
7543.984000 9.774312e-17
7548.197300 9.983243e-17
7552.410600 1.004346e-16
7556.623500 1.013701e-16
7560.837000 1.030784e-16
7565.050300 9.932157e-17
7569.263000 9.705173e-17
7573.476600 9.313592e-17
7577.690000 9.448050e-17
7581.903000 9.831079e-17
7586.116000 9.890345e-17
7590.329600 1.066888e-16
7594.542500 9.952593e-17
7598.756000 7.716164e-17
7602.969000 6.466017e-17
7607.182000 7.115204e-17
7611.395500 8.474872e-17
7615.609000 1.043065e-16
7619.822000 9.897559e-17
7624.035000 9.484903e-17
7628.248500 8.603257e-17
7632.461400 8.848288e-17
7636.675000 8.964899e-17
7640.888000 8.667326e-17
7645.101000 9.187952e-17
7649.314500 9.678387e-17
7653.528000 9.972625e-17
7657.740700 9.716831e-17
7661.954000 1.004448e-16
7666.167500 9.264923e-17
7670.380400 9.307857e-17
7674.593800 9.192236e-17
7678.807000 9.614889e-17
7683.020000 9.298865e-17
7687.233400 9.139942e-17
7691.447000 8.512659e-17
7695.659700 9.137952e-17
7699.873000 8.341889e-17
7704.086400 8.011160e-17
7708.299300 7.659035e-17
7712.512700 7.702452e-17
7716.726000 7.945583e-17
7720.939000 7.872342e-17
7725.152300 7.895732e-17
7729.365700 7.714554e-17
7733.578600 7.713223e-17
7737.792000 8.866430e-17
7742.005400 9.460142e-17
7746.218300 9.387918e-17
7750.431600 1.017400e-16
7754.645000 9.530000e-17
7758.858000 1.025085e-16
7763.071300 1.089201e-16
7767.284700 1.160748e-16
7771.497600 1.181583e-16
7775.711000 1.177617e-16
7779.924300 1.157578e-16
7784.137000 1.261889e-16
7788.350600 1.268743e-16
7792.563500 1.272614e-16
7796.777000 1.255954e-16
7800.990000 1.255791e-16
7805.203000 1.209132e-16
7809.416500 1.303042e-16
7813.630000 1.269264e-16
7817.843000 1.237359e-16
7822.056000 1.196480e-16
7826.269500 1.268445e-16
7830.482400 1.230886e-16
7834.696000 1.222038e-16
7838.909000 1.265860e-16
7843.122000 1.312747e-16
7847.335400 1.133308e-16
7851.549000 1.119980e-16
7855.761700 1.173407e-16
7859.975000 1.197644e-16
7864.188500 1.167621e-16
7868.401400 1.134572e-16
7872.614700 1.194151e-16
7876.828000 1.152085e-16
7881.041000 1.161964e-16
7885.254400 1.243253e-16
7889.468000 1.188754e-16
7893.680700 1.158541e-16
7897.894000 1.194271e-16
7902.107400 1.248341e-16
7906.320300 1.181970e-16
7910.533700 1.231212e-16
7914.747000 1.211751e-16
7918.960000 1.196870e-16
7923.173300 1.225768e-16
7927.386700 1.157050e-16
7931.599600 1.096558e-16
7935.813000 1.123241e-16
7940.026400 1.173227e-16
7944.239300 1.185206e-16
7948.452600 1.103453e-16
7952.666000 1.174641e-16
7956.879000 1.174500e-16
7961.092300 1.066119e-16
7965.305700 1.004857e-16
7969.518600 1.093111e-16
7973.732000 1.127625e-16
7977.945300 1.130369e-16
7982.158000 1.211228e-16
7986.371600 1.163490e-16
7990.585000 1.199388e-16
7994.798000 1.113838e-16
7999.011000 1.105253e-16
8003.224600 1.181571e-16
8007.437500 1.119017e-16
8011.651000 1.131549e-16
8015.864300 1.223104e-16
8020.077000 1.153243e-16
8024.290500 1.118360e-16
8028.504000 1.122382e-16
8032.717000 1.172386e-16
8036.930000 1.162707e-16
8041.143600 1.140979e-16
8045.356400 1.214972e-16
8049.570000 1.145325e-16
8053.783000 1.137077e-16
8057.996000 1.182999e-16
8062.209500 1.163079e-16
8066.423000 1.167090e-16
8070.635700 1.144840e-16
8074.849000 1.179597e-16
8079.062500 1.181039e-16
8083.275400 1.222174e-16
8087.489000 1.246279e-16
8091.701700 1.125479e-16
8095.915000 1.112647e-16
8100.128400 1.169229e-16
8104.341300 1.111005e-16
8108.554700 1.086579e-16
8112.768000 1.164949e-16
8116.981000 1.132873e-16
8121.194300 1.211825e-16
8125.407700 1.125304e-16
8129.620600 1.161809e-16
8133.834000 1.113985e-16
8138.047400 1.131414e-16
8142.260300 1.199392e-16
8146.473600 1.137044e-16
8150.687000 1.203634e-16
8154.900000 1.212187e-16
8159.113300 1.222766e-16
8163.326700 1.167439e-16
8167.539600 1.213904e-16
8171.753000 1.194595e-16
8175.966300 1.216568e-16
8180.179000 1.166920e-16
8184.392600 1.120085e-16
8188.606000 1.134853e-16
8192.819000 1.227373e-16
8197.032000 1.196735e-16
8201.245000 1.134230e-16
8205.459000 1.273436e-16
8209.672000 1.253273e-16
8213.885000 1.242792e-16
8218.099000 1.153841e-16
8222.312000 1.195235e-16
8226.524000 1.229904e-16
8230.738000 1.179952e-16
8234.951000 1.247485e-16
8239.164000 1.341526e-16
8243.378000 1.292890e-16
8247.591000 1.247264e-16
8251.804000 1.265957e-16
8256.018000 1.268350e-16
8260.230000 1.265489e-16
8264.443000 1.227517e-16
8268.657000 1.309774e-16
8272.870000 1.285295e-16
8277.083000 1.156183e-16
8281.297000 1.271359e-16
8285.510000 1.338446e-16
8289.723000 1.279130e-16
8293.937000 1.292164e-16
8298.149000 1.271116e-16
8302.362000 1.221933e-16
8306.576000 1.124648e-16
8310.789000 1.132061e-16
8315.002000 1.149972e-16
8319.216000 1.118971e-16
8323.429000 1.064750e-16
8327.642000 9.939958e-17
8331.855000 9.833980e-17
8336.068000 9.872088e-17
8340.281000 8.808332e-17
8344.495000 8.744867e-17
8348.708000 8.418258e-17
8352.921000 6.526837e-17
8357.135000 5.737466e-17
8361.348000 5.201664e-17
8365.561000 5.182455e-17
8369.774000 4.964264e-17
8373.987000 3.988594e-17
8378.200000 4.582620e-17
8382.414000 4.042323e-17
8386.627000 3.295736e-17
8390.840000 2.784276e-17
8395.054000 3.788761e-17
8399.267000 3.214454e-17
8403.479500 2.871367e-17
8407.693000 4.313604e-17
8411.906000 2.952360e-17
8416.119000 3.685731e-17
8420.333000 4.407095e-17
8424.546000 5.014893e-17
8428.759000 4.292260e-17
8432.973000 4.903814e-17
8437.186000 5.308936e-17
8441.398000 4.188770e-17
8445.612000 4.754328e-17
8449.825000 5.675364e-17
8454.038000 5.805982e-17
8458.252000 6.696845e-17
8462.465000 6.791258e-17
8466.678000 8.105274e-17
8470.892000 9.419926e-17
8475.104500 1.007053e-16
8479.317000 1.056703e-16
8483.531000 1.042946e-16
8487.744000 1.045021e-16
8491.957000 1.100500e-16
8496.171000 1.220807e-16
8500.384000 1.183357e-16
8504.597000 1.258419e-16
8508.811000 1.357124e-16
8513.023000 1.307253e-16
8517.236000 1.316189e-16
8521.450000 1.158140e-16
8525.663000 1.175744e-16
8529.876000 1.166670e-16
8534.089000 1.120423e-16
8538.303000 1.149696e-16
8542.516000 1.041121e-16
8546.729000 9.958901e-17
8550.942000 1.071390e-16
8555.155000 1.147775e-16
8559.368000 1.018336e-16
8563.582000 1.017309e-16
8567.795000 9.915038e-17
8572.008000 1.065013e-16
8576.222000 9.240464e-17
8580.435000 1.048686e-16
8584.647000 1.114317e-16
8588.861000 1.156082e-16
8593.074000 1.208449e-16
8597.287000 1.416219e-16
8601.501000 1.419904e-16
8605.714000 1.540789e-16
8609.927000 1.546535e-16
8614.141000 1.620527e-16
8618.354000 1.801418e-16
8622.566000 1.878578e-16
8626.780000 1.938019e-16
8630.993000 2.049892e-16
8635.206000 2.211684e-16
8639.420000 2.425162e-16
8643.633000 2.542001e-16
8647.846000 2.519874e-16
8652.060000 2.486487e-16
8656.272000 2.532757e-16
8660.485000 2.521039e-16
8664.699000 2.540258e-16
8668.912000 2.722839e-16
8673.125000 2.701033e-16
8677.339000 2.882927e-16
8681.552000 2.923344e-16
8685.765000 2.819478e-16
8694.191000 2.842583e-16
8698.404000 2.740197e-16
8702.618000 2.779613e-16
8706.831000 2.715116e-16
8711.044000 2.755316e-16
8715.258000 2.821004e-16
8719.471000 2.807406e-16
8723.684000 2.784587e-16
8727.897000 2.788890e-16
8732.110000 2.706932e-16
8736.323000 2.566401e-16
8740.537000 2.517048e-16
8744.750000 2.561175e-16
8748.963000 2.478764e-16
8753.177000 2.560102e-16
8757.390000 2.450188e-16
8761.603000 2.534309e-16
8765.816000 2.553931e-16
8770.029000 2.471335e-16
8774.242000 2.368144e-16
8778.456000 2.182071e-16
8782.669000 2.164004e-16
8786.882000 2.116513e-16
8791.096000 2.199080e-16
8795.309000 2.185944e-16
8799.521000 2.149694e-16
8803.735000 2.190404e-16
8807.948000 2.249316e-16
8812.161000 2.182056e-16
8816.375000 2.090964e-16
8820.588000 2.103167e-16
8824.801000 1.955838e-16
8829.015000 1.765298e-16
8833.228000 1.720844e-16
8837.440000 1.777879e-16
8841.654000 1.874394e-16
8845.867000 1.895110e-16
8850.080000 1.975001e-16
8854.294000 1.923424e-16
8858.507000 1.889997e-16
8862.720000 1.916077e-16
8866.934000 1.831027e-16
8871.146000 1.738717e-16
8875.359000 1.675535e-16
8879.573000 1.742174e-16
8883.786000 1.628369e-16
8887.999000 1.471105e-16
8892.213000 1.542833e-16
8896.426000 1.529141e-16
8900.639000 1.611452e-16
8904.853000 1.780367e-16
8909.065000 1.684689e-16
8913.278000 1.771850e-16
8917.492000 1.633161e-16
8921.705000 1.607083e-16
8925.918000 1.572122e-16
8930.132000 1.635036e-16
8934.345000 1.667500e-16
8938.558000 1.582958e-16
8942.771000 1.571608e-16
8946.984000 1.536954e-16
8951.197000 1.658183e-16
8955.411000 1.802817e-16
8959.624000 1.868212e-16
8963.837000 1.889913e-16
8968.051000 1.755635e-16
8972.264000 1.775372e-16
8976.477000 1.699075e-16
8980.690000 1.604882e-16
8984.903000 1.591028e-16
8989.116000 1.531951e-16
8993.330000 1.517408e-16
8997.543000 1.690353e-16
9001.756000 1.626652e-16
9005.970000 1.557220e-16
9010.183000 1.481539e-16
9014.395500 1.547649e-16
9018.609000 1.513791e-16
9022.822000 1.496584e-16
9027.035000 1.472147e-16
9031.249000 1.406500e-16
9035.462000 1.448431e-16
9039.675000 1.302025e-16
9043.889000 1.320796e-16
9048.102000 1.433990e-16
9052.314000 1.310507e-16
9056.528000 1.365441e-16
9060.741000 1.403080e-16
9064.954000 1.477538e-16
9069.168000 1.599886e-16
9073.381000 1.619023e-16
9077.594000 1.724476e-16
9081.808000 1.708395e-16
9086.020500 1.739733e-16
9090.233000 1.714730e-16
9094.447000 1.603093e-16
9098.660000 1.868542e-16
9102.873000 1.831215e-16
9107.087000 1.892960e-16
9111.300000 1.943958e-16
9115.513000 1.865085e-16
9119.726000 1.863694e-16
9123.939000 1.820021e-16
9128.152000 1.906534e-16
9132.365000 1.860608e-16
9136.579000 1.744802e-16
9140.792000 1.753537e-16
9145.005000 1.681863e-16
9149.219000 1.697083e-16
9153.432000 1.648340e-16
9157.645000 1.551294e-16
9161.858000 1.633020e-16
9166.071000 1.620405e-16
9170.284000 1.668062e-16
9174.498000 1.572194e-16
9178.711000 1.569888e-16
9182.924000 1.555076e-16
9187.138000 1.473745e-16
9191.351000 1.441750e-16
9195.563000 1.527260e-16
9199.777000 1.477722e-16
9203.990000 1.532558e-16
9208.203000 1.558114e-16
9212.417000 1.470732e-16
9216.630000 1.451513e-16
9220.843000 1.534957e-16
9225.057000 1.714734e-16
9229.270000 1.856639e-16
9233.482000 1.809553e-16
9237.696000 1.770600e-16
9241.909000 1.812388e-16
9246.122000 1.822127e-16
9250.336000 1.871680e-16
9254.549000 1.883166e-16
9258.762000 1.916208e-16
9262.976000 2.000792e-16
9267.188000 2.066724e-16
9271.401000 2.017317e-16
9275.615000 2.174124e-16
9279.828000 2.142541e-16
9284.041000 2.180323e-16
9288.255000 2.094943e-16
9292.468000 2.011506e-16
9296.681000 2.064148e-16
9300.895000 1.932905e-16
9305.107000 1.913905e-16
9309.320000 1.941183e-16
9313.534000 1.891378e-16
9317.747000 1.978186e-16
9321.960000 2.125264e-16
9326.174000 2.180231e-16
9330.387000 2.157283e-16
9334.600000 2.039378e-16
9338.813000 1.980330e-16
9343.026000 1.786116e-16
9347.239000 1.744011e-16
9351.453000 1.944130e-16
9355.666000 2.009808e-16
9359.879000 1.926730e-16
9364.093000 2.116547e-16
9368.306000 2.161841e-16
9372.519000 1.614282e-16
9376.732000 1.745845e-16
9380.945000 1.879117e-16
9385.158000 1.918767e-16
9389.372000 1.718006e-16
9393.585000 1.940554e-16
9397.798000 2.097761e-16
9402.012000 2.128661e-16
9406.225000 1.905925e-16
9410.437500 2.004198e-16
9414.651000 1.935764e-16
9418.864000 2.074819e-16
9423.077000 2.294563e-16
9427.291000 2.209090e-16
9431.504000 1.979630e-16
9435.717000 2.425287e-16
9439.931000 2.329757e-16
9444.144000 1.939463e-16
9448.356000 2.025440e-16
9452.570000 2.415342e-16
9456.783000 2.145020e-16
9460.996000 1.943676e-16
9465.210000 1.970961e-16
9469.423000 2.082545e-16
9473.636000 2.215148e-16
9477.850000 1.989485e-16
9482.062500 1.916858e-16
9486.275000 2.039950e-16
9490.489000 2.032787e-16
9494.702000 2.111799e-16
9498.915000 1.741908e-16
9503.129000 1.589593e-16
9507.342000 2.088184e-16
9511.555000 2.178269e-16
9515.769000 2.091670e-16
9519.981000 1.898794e-16
9524.194000 1.896795e-16
9528.408000 2.349400e-16
9532.621000 2.150500e-16
9536.834000 2.111600e-16
9541.048000 2.031906e-16
9545.261000 2.175350e-16
9549.474000 1.796509e-16
9553.687500 2.064558e-16
9557.900000 1.976114e-16
9562.113000 1.866880e-16
9566.327000 2.006207e-16
9570.540000 1.864204e-16
9574.753000 1.903758e-16
9578.967000 1.986374e-16
9583.180000 1.731976e-16
9587.393000 1.895819e-16
9591.606000 1.915067e-16
9595.819000 1.771083e-16
9600.032000 1.715218e-16
9604.246000 1.845837e-16
9608.459000 1.858727e-16
9612.672000 1.841280e-16
9616.886000 1.871814e-16
9621.099000 1.765961e-16
9625.312000 1.720461e-16
9629.525000 1.995006e-16
9633.738000 2.123502e-16
9637.951000 1.741010e-16
9642.165000 1.930109e-16
9646.378000 1.927038e-16
9650.591000 1.948752e-16
9654.805000 1.932577e-16
9659.018000 1.972520e-16
9663.230000 1.732540e-16
9667.444000 1.827057e-16
9671.657000 2.084014e-16
9675.870000 2.230074e-16
9680.084000 1.987745e-16
9684.297000 1.921015e-16
9688.510000 2.014315e-16
9692.724000 1.867658e-16
9696.937000 1.878474e-16
9701.149000 1.931109e-16
9705.362000 1.970472e-16
9709.576000 1.861640e-16
9713.789000 2.005376e-16
9718.002000 2.103855e-16
9722.216000 1.797081e-16
9726.429000 1.935431e-16
9730.642000 2.070861e-16
9734.855000 1.976235e-16
9739.068000 1.989564e-16
9743.281000 1.830849e-16
9747.495000 1.834576e-16
9751.708000 1.759872e-16
9755.921000 1.790703e-16
9760.135000 1.745245e-16
9764.348000 1.590945e-16
9768.561000 1.654671e-16
9772.774000 2.062392e-16
9776.987000 1.762261e-16
9781.200000 1.747832e-16
9785.414000 1.883286e-16
9789.627000 1.321947e-16
9793.840000 1.777795e-16
9798.054000 1.759622e-16
9802.267000 1.512898e-16
9806.479500 1.606302e-16
9810.693000 1.867548e-16
9814.906000 1.804470e-16
9819.119000 1.789335e-16
9823.333000 1.767991e-16
9827.546000 1.675294e-16
9831.759000 1.708632e-16
9835.973000 1.825696e-16
9840.186000 1.867258e-16
9844.398000 1.711299e-16
9848.612000 1.566627e-16
9852.825000 1.647492e-16
9857.038000 1.684258e-16
9861.252000 1.738778e-16
9865.465000 1.759405e-16
9869.678000 1.741100e-16
9873.892000 1.844566e-16
9878.104500 1.764021e-16
9882.317000 1.369139e-16
9886.531000 1.626644e-16
9890.744000 1.588054e-16
9894.957000 1.613519e-16
9899.171000 1.678820e-16
9903.384000 1.481026e-16
9907.597000 1.756105e-16
9911.811000 1.547499e-16
9916.023000 1.626184e-16
9920.236000 1.617332e-16
9924.450000 1.582295e-16
9928.663000 1.738810e-16
9932.876000 1.597001e-16
9937.090000 1.569959e-16
9941.303000 1.777155e-16
9945.516000 1.658183e-16
9949.729500 1.570309e-16
9953.942000 1.648952e-16
9958.155000 1.469971e-16
9962.369000 1.415719e-16
9966.582000 1.450156e-16
9970.795000 1.382666e-16
9975.009000 1.402474e-16
