4000.780200 5.049000e-17
4002.275900 5.346700e-17
4003.771600 5.851700e-17
4005.267300 6.449500e-17
4006.763000 7.025000e-17
4008.258700 7.468200e-17
4009.754400 7.730500e-17
4011.250100 7.862000e-17
4012.745800 7.949000e-17
4014.241500 8.028900e-17
4015.737200 8.116200e-17
4017.232900 8.317000e-17
4018.728600 8.848000e-17
4020.224300 9.863800e-17
4021.720000 1.123900e-16
4023.215700 1.253600e-16
4024.711500 1.323700e-16
4026.207200 1.305400e-16
4027.702900 1.207200e-16
4029.198600 1.062300e-16
4030.694300 9.047300e-17
4032.190000 7.560500e-17
4033.685700 6.297600e-17
4035.181400 5.407900e-17
4036.677100 5.036500e-17
4038.172800 5.207900e-17
4039.668500 5.793300e-17
4041.164200 6.650700e-17
4042.659900 7.764300e-17
4044.155600 9.155300e-17
4045.651300 1.064400e-16
4047.147000 1.180300e-16
4048.642700 1.226100e-16
4050.138400 1.205800e-16
4051.634100 1.163900e-16
4053.129800 1.145900e-16
4054.625500 1.160300e-16
4056.121200 1.178800e-16
4057.616900 1.166500e-16
4059.112600 1.112100e-16
4060.608300 1.032900e-16
4062.104100 9.592600e-17
4063.599800 9.109800e-17
4065.095500 8.846600e-17
4066.591200 8.584000e-17
4068.086900 8.096200e-17
4069.582600 7.329100e-17
4071.078300 6.461200e-17
4072.574000 5.804400e-17
4074.069700 5.602900e-17
4075.565400 5.853900e-17
4077.061100 6.276200e-17
4078.556800 6.469600e-17
4080.052500 6.183300e-17
4081.548200 5.520500e-17
4083.043900 4.903000e-17
4084.539600 4.775600e-17
4086.035300 5.266700e-17
4087.531000 6.096200e-17
4089.026700 6.812500e-17
4090.522400 7.140900e-17
4092.018100 7.153200e-17
4093.513800 7.142600e-17
4095.009500 7.341000e-17
4096.505200 7.734900e-17
4098.001000 8.125500e-17
4099.496700 8.329500e-17
4100.992400 8.313000e-17
4102.488100 8.176400e-17
4103.983800 8.084400e-17
4105.479500 8.202600e-17
4106.975200 8.599900e-17
4108.470900 9.130000e-17
4109.966600 9.452100e-17
4111.462300 9.287200e-17
4112.958000 8.709900e-17
4114.453700 8.150100e-17
4115.949400 8.054800e-17
4117.445100 8.530100e-17
4118.940800 9.307300e-17
4120.436500 1.000800e-16
4121.932200 1.040200e-16
4123.427900 1.047000e-16
4124.923600 1.033200e-16
4126.419300 1.016400e-16
4127.915000 1.010200e-16
4129.410700 1.017000e-16
4130.906400 1.031300e-16
4132.402100 1.050400e-16
4133.897800 1.078600e-16
4135.393600 1.114300e-16
4136.889300 1.139200e-16
4138.385000 1.126700e-16
4139.880700 1.065700e-16
4141.376400 9.732300e-17
4142.872100 8.867400e-17
4144.367800 8.413200e-17
4145.863500 8.514600e-17
4147.359200 9.102700e-17
4148.854900 1.003900e-16
4150.350600 1.122900e-16
4151.846300 1.256800e-16
4153.342000 1.380500e-16
4154.837700 1.456800e-16
4156.333400 1.459800e-16
4157.829100 1.397700e-16
4159.324800 1.312400e-16
4160.820500 1.252800e-16
4162.316200 1.246900e-16
4163.811900 1.290100e-16
4165.307600 1.354300e-16
4166.803300 1.409300e-16
4168.299000 1.438900e-16
4169.794700 1.442600e-16
4171.290500 1.423800e-16
4172.786200 1.382200e-16
4174.281900 1.314700e-16
4175.777600 1.219600e-16
4177.273300 1.097900e-16
4178.769000 9.560200e-17
4180.264700 8.133500e-17
4181.760400 7.056200e-17
4183.256100 6.744200e-17
4184.751800 7.435400e-17
4186.247500 8.978300e-17
4187.743200 1.082700e-16
4189.238900 1.230800e-16
4190.734600 1.300600e-16
4192.230300 1.296100e-16
4193.726000 1.254800e-16
4195.221700 1.216900e-16
4196.717400 1.206300e-16
4198.213100 1.226500e-16
4199.708800 1.265900e-16
4201.204500 1.304700e-16
4202.700200 1.326800e-16
4204.195900 1.326800e-16
4205.691600 1.307900e-16
4207.187400 1.274300e-16
4208.683100 1.230500e-16
4210.178800 1.188500e-16
4211.674500 1.170500e-16
4213.170200 1.198500e-16
4214.665900 1.278900e-16
4216.161600 1.396700e-16
4217.657300 1.521400e-16
4219.153000 1.617900e-16
4220.648700 1.657700e-16
4222.144400 1.627100e-16
4223.640100 1.531700e-16
4225.135800 1.393000e-16
4226.631500 1.238700e-16
4228.127200 1.094100e-16
4229.622900 9.792600e-17
4231.118600 9.097700e-17
4232.614300 8.943000e-17
4234.110000 9.306000e-17
4235.605700 1.006600e-16
4237.101400 1.105800e-16
4238.597100 1.207600e-16
4240.092800 1.283800e-16
4241.588500 1.303900e-16
4243.084200 1.253800e-16
4244.580000 1.149200e-16
4246.075700 1.027100e-16
4247.571400 9.230400e-17
4249.067100 8.553100e-17
4250.562800 8.236700e-17
4252.058500 8.163800e-17
4253.554200 8.194400e-17
4255.049900 8.280200e-17
4256.545600 8.521500e-17
4258.041300 9.065200e-17
4259.537000 9.904600e-17
4261.032700 1.078600e-16
4262.528400 1.132800e-16
4264.024100 1.125500e-16
4265.519800 1.056700e-16
4267.015500 9.545300e-17
4268.511200 8.609000e-17
4270.006900 8.113400e-17
4271.502600 8.210800e-17
4272.998300 8.823700e-17
4274.494000 9.676400e-17
4275.989700 1.034900e-16
4277.485400 1.041800e-16
4278.981100 9.697800e-17
4280.476900 8.403700e-17
4281.972600 7.039500e-17
4283.468300 6.075200e-17
4284.964000 5.699700e-17
4286.459700 5.814000e-17
4287.955400 6.185400e-17
4289.451100 6.602700e-17
4290.946800 6.972400e-17
4292.442500 7.349000e-17
4293.938200 7.871200e-17
4295.433900 8.603500e-17
4296.929600 9.397400e-17
4298.425300 9.928400e-17
4299.921000 9.923900e-17
4301.416700 9.378400e-17
4302.912400 8.545300e-17
4304.408100 7.727200e-17
4305.903800 7.098300e-17
4307.399500 6.707300e-17
4308.895200 6.586000e-17
4310.390900 6.810000e-17
4311.886600 7.449400e-17
4313.382300 8.460700e-17
4314.878000 9.628800e-17
4316.373700 1.065300e-16
4317.869500 1.134500e-16
4319.365200 1.174600e-16
4320.860900 1.203400e-16
4322.356600 1.230800e-16
4323.852300 1.251100e-16
4325.348000 1.253400e-16
4326.843700 1.237800e-16
4328.339400 1.217500e-16
4329.835100 1.207900e-16
4331.330800 1.214000e-16
4332.826500 1.225800e-16
4334.322200 1.225300e-16
4335.817900 1.198700e-16
4337.313600 1.145100e-16
4338.809300 1.076300e-16
4340.305000 1.009100e-16
4341.800700 9.575400e-17
4343.296400 9.287800e-17
4344.792100 9.234300e-17
4346.287800 9.376300e-17
4347.783500 9.636500e-17
4349.279200 9.874400e-17
4350.774900 9.907100e-17
4352.270600 9.642700e-17
4353.766400 9.223200e-17
4355.262100 8.978000e-17
4356.757800 9.177500e-17
4358.253500 9.827000e-17
4359.749200 1.069100e-16
4361.244900 1.146600e-16
4362.740600 1.190400e-16
4364.236300 1.185500e-16
4365.732000 1.129700e-16
4367.227700 1.039600e-16
4368.723400 9.501700e-17
4370.219100 8.988400e-17
4371.714800 9.030600e-17
4373.210500 9.490100e-17
4374.706200 1.003100e-16
4376.201900 1.036200e-16
4377.697600 1.040200e-16
4379.193300 1.028300e-16
4380.689000 1.021800e-16
4382.184700 1.034900e-16
4383.680400 1.065100e-16
4385.176100 1.097300e-16
4386.671800 1.113200e-16
4388.167500 1.100000e-16
4389.663200 1.053500e-16
4391.159000 9.799700e-17
4392.654700 8.985200e-17
4394.150400 8.400600e-17
4395.646100 8.363900e-17
4397.141800 9.032000e-17
4398.637500 1.028200e-16
4400.133200 1.173800e-16
4401.628900 1.293100e-16
4403.124600 1.349500e-16
4404.620300 1.331700e-16
4406.116000 1.257100e-16
4407.611700 1.161600e-16
4409.107400 1.081200e-16
4410.603100 1.037500e-16
4412.098800 1.035100e-16
4413.594500 1.066500e-16
4415.090200 1.116200e-16
4416.585900 1.165200e-16
4418.081600 1.199400e-16
4419.577300 1.215500e-16
4421.073000 1.217900e-16
4422.568700 1.208000e-16
4424.064400 1.180200e-16
4425.560100 1.130200e-16
4427.055900 1.064400e-16
4428.551600 9.987600e-17
4430.047300 9.512400e-17
4431.543000 9.369500e-17
4433.038700 9.670800e-17
4434.534400 1.042800e-16
4436.030100 1.145100e-16
4437.525800 1.234400e-16
4439.021500 1.270400e-16
4440.517200 1.239900e-16
4442.012900 1.167100e-16
4443.508600 1.098500e-16
4445.004300 1.074900e-16
4446.500000 1.113200e-16
4447.995700 1.201000e-16
4449.491400 1.302600e-16
4450.987100 1.375200e-16
4452.482800 1.393700e-16
4453.978500 1.365900e-16
4455.474200 1.323000e-16
4456.969900 1.292300e-16
4458.465600 1.279900e-16
4459.961300 1.275500e-16
4461.457000 1.267700e-16
4462.952800 1.253100e-16
4464.448500 1.235300e-16
4465.944200 1.216500e-16
4467.439900 1.191000e-16
4468.935600 1.149100e-16
4470.431300 1.088400e-16
4471.927000 1.021000e-16
4473.422700 9.700800e-17
4474.918400 9.578900e-17
4476.414100 9.939900e-17
4477.909800 1.065300e-16
4479.405500 1.136400e-16
4480.901200 1.167400e-16
4482.396900 1.141400e-16
4483.892600 1.078700e-16
4485.388300 1.018900e-16
4486.884000 9.880100e-17
4488.379700 9.790800e-17
4489.875400 9.618100e-17
4491.371100 9.102800e-17
4492.866800 8.240600e-17
4494.362500 7.272400e-17
4495.858200 6.490100e-17
4497.353900 6.047400e-17
4498.849600 5.923600e-17
4500.345400 6.011200e-17
4501.841100 6.206300e-17
4503.336800 6.439900e-17
4504.832500 6.667700e-17
4506.328200 6.842800e-17
4507.823900 6.896200e-17
4509.319600 6.767000e-17
4510.815300 6.481100e-17
4512.311000 6.192900e-17
4513.806700 6.099000e-17
4515.302400 6.263700e-17
4516.798100 6.533500e-17
4518.293800 6.668600e-17
4519.789500 6.594000e-17
4521.285200 6.495900e-17
4522.780900 6.637600e-17
4524.276600 7.091000e-17
4525.772300 7.680700e-17
4527.268000 8.170700e-17
4528.763700 8.455800e-17
4530.259400 8.566400e-17
4531.755100 8.554500e-17
4533.250800 8.431500e-17
4534.746500 8.209100e-17
4536.242300 7.950500e-17
4537.738000 7.758600e-17
4539.233700 7.721500e-17
4540.729400 7.878100e-17
4542.225100 8.224400e-17
4543.720800 8.733100e-17
4545.216500 9.345800e-17
4546.712200 9.959300e-17
4548.207900 1.046500e-16
4549.703600 1.083600e-16
4551.199300 1.116200e-16
4552.695000 1.159700e-16
4554.190700 1.225700e-16
4555.686400 1.314400e-16
4557.182100 1.411000e-16
4558.677800 1.485400e-16
4560.173500 1.504300e-16
4561.669200 1.454600e-16
4563.164900 1.357500e-16
4564.660600 1.255200e-16
4566.156300 1.181800e-16
4567.652000 1.147800e-16
4569.147700 1.146500e-16
4570.643400 1.168500e-16
4572.139100 1.204800e-16
4573.634900 1.243400e-16
4575.130600 1.271900e-16
4576.626300 1.284300e-16
4578.122000 1.283900e-16
4579.617700 1.278500e-16
4581.113400 1.270200e-16
4582.609100 1.253600e-16
4584.104800 1.223300e-16
4585.600500 1.184400e-16
4587.096200 1.151400e-16
4588.591900 1.136600e-16
4590.087600 1.137600e-16
4591.583300 1.137800e-16
4593.079000 1.118700e-16
4594.574700 1.073200e-16
4596.070400 1.011600e-16
4597.566100 9.584600e-17
4599.061800 9.411500e-17
4600.557500 9.777600e-17
4602.053200 1.068400e-16
4603.548900 1.194300e-16
4605.044600 1.324600e-16
4606.540300 1.426000e-16
4608.036000 1.473400e-16
4609.531800 1.458400e-16
4611.027500 1.392200e-16
4612.523200 1.300500e-16
4614.018900 1.210500e-16
4615.514600 1.142300e-16
4617.010300 1.107500e-16
4618.506000 1.110500e-16
4620.001700 1.143300e-16
4621.497400 1.183000e-16
4622.993100 1.201200e-16
4624.488800 1.183800e-16
4625.984500 1.140600e-16
4627.480200 1.097400e-16
4628.975900 1.079600e-16
4630.471600 1.099000e-16
4631.967300 1.149200e-16
4633.463000 1.209000e-16
4634.958700 1.253100e-16
4636.454400 1.262900e-16
4637.950100 1.230300e-16
4639.445800 1.158300e-16
4640.941500 1.062000e-16
4642.437200 9.692800e-17
4643.932900 9.128400e-17
4645.428600 9.139100e-17
4646.924400 9.707300e-17
4648.420100 1.060700e-16
4649.915800 1.151900e-16
4651.411500 1.215200e-16
4652.907200 1.234700e-16
4654.402900 1.214400e-16
4655.898600 1.175700e-16
4657.394300 1.141500e-16
4658.890000 1.122100e-16
4660.385700 1.115600e-16
4661.881400 1.119600e-16
4663.377100 1.136600e-16
4664.872800 1.167100e-16
4666.368500 1.206000e-16
4667.864200 1.246500e-16
4669.359900 1.283400e-16
4670.855600 1.308700e-16
4672.351300 1.309100e-16
4673.847000 1.272600e-16
4675.342700 1.196800e-16
4676.838400 1.089700e-16
4678.334100 9.665900e-17
4679.829800 8.462900e-17
4681.325500 7.482900e-17
4682.821300 6.859500e-17
4684.317000 6.606200e-17
4685.812700 6.644900e-17
4687.308400 6.900000e-17
4688.804100 7.329000e-17
4690.299800 7.857300e-17
4691.795500 8.339500e-17
4693.291200 8.639400e-17
4694.786900 8.734900e-17
4696.282600 8.722400e-17
4697.778300 8.723700e-17
4699.274000 8.796200e-17
4700.769700 8.917600e-17
4702.265400 9.051200e-17
4703.761100 9.225000e-17
4705.256800 9.537800e-17
4706.752500 1.006900e-16
4708.248200 1.077500e-16
4709.743900 1.145800e-16
4711.239600 1.186300e-16
4712.735300 1.183700e-16
4714.231000 1.145200e-16
4715.726700 1.097900e-16
4717.222400 1.072300e-16
4718.718200 1.084000e-16
4720.213900 1.127900e-16
4721.709600 1.185700e-16
4723.205300 1.238600e-16
4724.701000 1.275200e-16
4726.196700 1.292200e-16
4727.692400 1.290700e-16
4729.188100 1.274300e-16
4730.683800 1.248800e-16
4732.179500 1.225100e-16
4733.675200 1.214600e-16
4735.170900 1.221500e-16
4736.666600 1.239700e-16
4738.162300 1.257300e-16
4739.658000 1.263800e-16
4741.153700 1.251000e-16
4742.649400 1.213000e-16
4744.145100 1.150500e-16
4745.640800 1.077500e-16
4747.136500 1.019800e-16
4748.632200 9.996100e-17
4750.127900 1.017600e-16
4751.623600 1.046600e-16
4753.119300 1.049900e-16
4754.615000 1.012300e-16
4756.110800 9.550900e-17
4757.606500 9.161900e-17
4759.102200 9.160900e-17
4760.597900 9.429600e-17
4762.093600 9.696800e-17
4763.589300 9.788800e-17
4765.085000 9.702600e-17
4766.580700 9.505200e-17
4768.076400 9.237200e-17
4769.572100 8.923700e-17
4771.067800 8.632700e-17
4772.563500 8.475800e-17
4774.059200 8.537900e-17
4775.554900 8.802400e-17
4777.050600 9.149400e-17
4778.546300 9.437100e-17
4780.042000 9.595100e-17
4781.537700 9.641400e-17
4783.033400 9.621600e-17
4784.529100 9.544700e-17
4786.024800 9.378600e-17
4787.520500 9.087200e-17
4789.016200 8.657900e-17
4790.511900 8.094600e-17
4792.007700 7.408100e-17
4793.503400 6.638700e-17
4794.999100 5.899700e-17
4796.494800 5.365700e-17
4797.990500 5.168500e-17
4799.486200 5.276300e-17
4800.981900 5.484000e-17
4802.477600 5.546300e-17
4803.973300 5.342700e-17
4805.469000 4.944500e-17
4806.964700 4.558700e-17
4808.460400 4.409500e-17
4809.956100 4.624800e-17
4811.451800 5.162200e-17
4812.947500 5.807400e-17
4814.443200 6.274700e-17
4815.938900 6.387500e-17
4817.434600 6.210600e-17
4818.930300 5.994100e-17
4820.426000 5.952400e-17
4821.921700 6.086000e-17
4823.417400 6.218000e-17
4824.913100 6.180400e-17
4826.408800 5.959400e-17
4827.904500 5.702300e-17
4829.400300 5.623600e-17
4830.896000 5.884500e-17
4832.391700 6.497700e-17
4833.887400 7.312700e-17
4835.383100 8.096900e-17
4836.878800 8.650500e-17
4838.374500 8.873900e-17
4839.870200 8.783800e-17
4841.365900 8.514300e-17
4842.861600 8.279900e-17
4844.357300 8.264400e-17
4845.853000 8.505100e-17
4847.348700 8.891700e-17
4848.844400 9.278500e-17
4850.340100 9.585500e-17
4851.835800 9.819300e-17
4853.331500 1.005200e-16
4854.827200 1.038700e-16
4856.322900 1.090900e-16
4857.818600 1.160800e-16
4859.314300 1.236800e-16
4860.810000 1.302100e-16
4862.305700 1.343100e-16
4863.801400 1.352700e-16
4865.297200 1.328900e-16
4866.792900 1.274900e-16
4868.288600 1.200600e-16
4869.784300 1.124600e-16
4871.280000 1.068600e-16
4872.775700 1.046800e-16
4874.271400 1.056100e-16
4875.767100 1.076400e-16
4877.262800 1.083400e-16
4878.758500 1.066300e-16
4880.254200 1.031800e-16
4881.749900 9.912500e-17
4883.245600 9.455200e-17
4884.741300 8.858700e-17
4886.237000 8.064300e-17
4887.732700 7.141300e-17
4889.228400 6.275200e-17
4890.724100 5.686500e-17
4892.219800 5.538300e-17
4893.715500 5.861900e-17
4895.211200 6.536900e-17
4896.706900 7.362600e-17
4898.202600 8.173800e-17
4899.698300 8.899300e-17
4901.194100 9.527400e-17
4902.689800 1.005400e-16
4904.185500 1.048800e-16
4905.681200 1.088200e-16
4907.176900 1.132400e-16
4908.672600 1.186100e-16
4910.168300 1.246400e-16
4911.664000 1.306200e-16
4913.159700 1.360800e-16
4914.655400 1.409600e-16
4916.151100 1.453600e-16
4917.646800 1.494900e-16
4919.142500 1.535000e-16
4920.638200 1.573600e-16
4922.133900 1.606500e-16
4923.629600 1.629400e-16
4925.125300 1.640700e-16
4926.621000 1.641900e-16
4928.116700 1.637900e-16
4929.612400 1.637400e-16
4931.108100 1.648800e-16
4932.603800 1.672000e-16
4934.099500 1.695800e-16
4935.595200 1.705700e-16
4937.090900 1.692700e-16
4938.586700 1.655300e-16
4940.082400 1.595900e-16
4941.578100 1.519700e-16
4943.073800 1.437700e-16
4944.569500 1.364600e-16
4946.065200 1.313000e-16
4947.560900 1.283800e-16
4949.056600 1.264000e-16
4950.552300 1.232300e-16
4952.048000 1.170100e-16
4953.543700 1.073800e-16
4955.039400 9.590100e-17
4956.535100 8.536000e-17
4958.030800 7.836000e-17
4959.526500 7.618400e-17
4961.022200 7.852300e-17
4962.517900 8.381600e-17
4964.013600 8.984600e-17
4965.509300 9.449800e-17
4967.005000 9.646900e-17
4968.500700 9.561400e-17
4969.996400 9.284500e-17
4971.492100 8.962400e-17
4972.987800 8.724500e-17
4974.483600 8.628300e-17
4975.979300 8.655100e-17
4977.475000 8.741400e-17
4978.970700 8.819200e-17
4980.466400 8.853200e-17
4981.962100 8.856900e-17
4983.457800 8.859100e-17
4984.953500 8.845700e-17
4986.449200 8.754600e-17
4987.944900 8.548200e-17
4989.440600 8.280600e-17
4990.936300 8.076800e-17
4992.432000 8.051400e-17
4993.927700 8.257700e-17
4995.423400 8.697400e-17
4996.919100 9.346500e-17
4998.414800 1.015800e-16
4999.910500 1.105100e-16
5001.406200 1.191900e-16
5002.901900 1.266400e-16
5004.397600 1.325000e-16
5005.893300 1.371700e-16
5007.389000 1.414200e-16
5008.884700 1.455800e-16
5010.380400 1.489800e-16
5011.876200 1.504200e-16
5013.371900 1.490600e-16
5014.867600 1.452600e-16
5016.363300 1.403200e-16
5017.859000 1.357800e-16
5019.354700 1.326700e-16
5020.850400 1.313100e-16
5022.346100 1.316100e-16
5023.841800 1.333300e-16
5025.337500 1.361300e-16
5026.833200 1.394400e-16
5028.328900 1.425800e-16
5029.824600 1.452500e-16
5031.320300 1.477100e-16
5032.816000 1.503200e-16
5034.311700 1.529900e-16
5035.807400 1.550900e-16
5037.303100 1.560700e-16
5038.798800 1.559600e-16
5040.294500 1.551300e-16
5041.790200 1.536600e-16
5043.285900 1.509900e-16
5044.781600 1.462200e-16
5046.277300 1.389400e-16
5047.773100 1.300500e-16
5049.268800 1.216000e-16
5050.764500 1.156100e-16
5052.260200 1.124900e-16
5053.755900 1.108700e-16
5055.251600 1.091100e-16
5056.747300 1.070100e-16
5058.243000 1.058800e-16
5059.738700 1.071200e-16
5061.234400 1.106400e-16
5062.730100 1.144300e-16
5064.225800 1.155200e-16
5065.721500 1.119300e-16
5067.217200 1.039900e-16
5068.712900 9.418300e-17
5070.208600 8.569600e-17
5071.704300 8.074300e-17
5073.200000 7.960600e-17
5074.695700 8.076900e-17
5076.191400 8.218500e-17
5077.687100 8.286700e-17
5079.182800 8.339200e-17
5080.678500 8.488600e-17
5082.174200 8.761000e-17
5083.669900 9.053400e-17
5085.165700 9.208100e-17
5086.661400 9.105200e-17
5088.157100 8.696200e-17
5089.652800 8.013800e-17
5091.148500 7.211300e-17
5092.644200 6.575500e-17
5094.139900 6.401800e-17
5095.635600 6.777500e-17
5097.131300 7.494900e-17
5098.627000 8.223200e-17
5100.122700 8.779700e-17
5101.618400 9.218400e-17
5103.114100 9.666900e-17
5104.609800 1.012500e-16
5106.105500 1.045000e-16
5107.601200 1.051400e-16
5109.096900 1.032000e-16
5110.592600 9.966500e-17
5112.088300 9.552400e-17
5113.584000 9.114400e-17
5115.079700 8.648300e-17
5116.575400 8.163700e-17
5118.071100 7.720000e-17
5119.566800 7.414200e-17
5121.062600 7.331400e-17
5122.558300 7.497600e-17
5124.054000 7.867600e-17
5125.549700 8.337600e-17
5127.045400 8.760100e-17
5128.541100 8.972600e-17
5130.036800 8.866700e-17
5131.532500 8.473500e-17
5133.028200 7.980400e-17
5134.523900 7.640500e-17
5136.019600 7.640200e-17
5137.515300 8.022600e-17
5139.011000 8.696100e-17
5140.506700 9.491900e-17
5142.002400 1.023000e-16
5143.498100 1.076800e-16
5144.993800 1.104200e-16
5146.489500 1.109100e-16
5147.985200 1.105600e-16
5149.480900 1.110500e-16
5150.976600 1.131400e-16
5152.472300 1.161900e-16
5153.968000 1.189200e-16
5155.463700 1.206900e-16
5156.959500 1.216500e-16
5158.455200 1.221500e-16
5159.950900 1.222600e-16
5161.446600 1.223300e-16
5162.942300 1.234200e-16
5164.438000 1.265900e-16
5165.933700 1.318400e-16
5167.429400 1.380100e-16
5168.925100 1.438400e-16
5170.420800 1.488500e-16
5171.916500 1.530900e-16
5173.412200 1.565100e-16
5174.907900 1.586800e-16
5176.403600 1.591500e-16
5177.899300 1.579600e-16
5179.395000 1.557400e-16
5180.890700 1.532600e-16
5182.386400 1.507300e-16
5183.882100 1.475600e-16
5185.377800 1.430100e-16
5186.873500 1.373900e-16
5188.369200 1.322300e-16
5189.864900 1.292300e-16
5191.360600 1.287800e-16
5192.856300 1.297400e-16
5194.352100 1.306800e-16
5195.847800 1.309900e-16
5197.343500 1.307300e-16
5198.839200 1.298500e-16
5200.334900 1.281000e-16
5201.830600 1.254800e-16
5203.326300 1.227000e-16
5204.822000 1.207400e-16
5206.317700 1.198600e-16
5207.813400 1.191600e-16
5209.309100 1.172400e-16
5210.804800 1.135700e-16
5212.300500 1.092200e-16
5213.796200 1.062000e-16
5215.291900 1.058500e-16
5216.787600 1.079200e-16
5218.283300 1.108100e-16
5219.779000 1.129600e-16
5221.274700 1.140700e-16
5222.770400 1.153100e-16
5224.266100 1.180400e-16
5225.761800 1.224500e-16
5227.257500 1.271800e-16
5228.753200 1.304400e-16
5230.249000 1.313300e-16
5231.744700 1.302300e-16
5233.240400 1.281700e-16
5234.736100 1.261600e-16
5236.231800 1.249700e-16
5237.727500 1.253700e-16
5239.223200 1.277800e-16
5240.718900 1.316600e-16
5242.214600 1.353600e-16
5243.710300 1.371600e-16
5245.206000 1.363700e-16
5246.701700 1.335100e-16
5248.197400 1.294900e-16
5249.693100 1.251700e-16
5251.188800 1.213200e-16
5252.684500 1.185500e-16
5254.180200 1.169400e-16
5255.675900 1.161800e-16
5257.171600 1.163300e-16
5258.667300 1.181000e-16
5260.163000 1.222800e-16
5261.658700 1.287400e-16
5263.154400 1.364100e-16
5264.650100 1.437600e-16
5266.145800 1.493000e-16
5267.641600 1.517400e-16
5269.137300 1.503800e-16
5270.633000 1.457800e-16
5272.128700 1.398800e-16
5273.624400 1.350300e-16
5275.120100 1.326100e-16
5276.615800 1.324700e-16
5278.111500 1.336700e-16
5279.607200 1.353600e-16
5281.102900 1.370000e-16
5282.598600 1.378400e-16
5284.094300 1.367200e-16
5285.590000 1.328100e-16
5287.085700 1.267100e-16
5288.581400 1.204800e-16
5290.077100 1.162400e-16
5291.572800 1.145400e-16
5293.068500 1.144200e-16
5294.564200 1.148000e-16
5296.059900 1.154500e-16
5297.555600 1.167100e-16
5299.051300 1.186800e-16
5300.547000 1.211700e-16
5302.042700 1.241300e-16
5303.538500 1.278700e-16
5305.034200 1.324600e-16
5306.529900 1.373900e-16
5308.025600 1.417000e-16
5309.521300 1.447000e-16
5311.017000 1.464200e-16
5312.512700 1.476300e-16
5314.008400 1.492400e-16
5315.504100 1.518200e-16
5316.999800 1.552800e-16
5318.495500 1.588600e-16
5319.991200 1.612900e-16
5321.486900 1.611700e-16
5322.982600 1.578800e-16
5324.478300 1.524500e-16
5325.974000 1.475000e-16
5327.469700 1.457700e-16
5328.965400 1.483300e-16
5330.461100 1.537500e-16
5331.956800 1.591500e-16
5333.452500 1.620500e-16
5334.948200 1.615800e-16
5336.443900 1.584300e-16
5337.939600 1.540500e-16
5339.435300 1.499300e-16
5340.931100 1.469200e-16
5342.426800 1.449300e-16
5343.922500 1.432600e-16
5345.418200 1.414600e-16
5346.913900 1.396400e-16
5348.409600 1.380800e-16
5349.905300 1.366800e-16
5351.401000 1.349500e-16
5352.896700 1.327900e-16
5354.392400 1.309300e-16
5355.888100 1.303000e-16
5357.383800 1.309700e-16
5358.879500 1.320500e-16
5360.375200 1.327200e-16
5361.870900 1.333000e-16
5363.366600 1.349900e-16
5364.862300 1.384900e-16
5366.358000 1.429200e-16
5367.853700 1.461500e-16
5369.349400 1.465000e-16
5370.845100 1.439800e-16
5372.340800 1.399500e-16
5373.836500 1.356800e-16
5375.332200 1.312400e-16
5376.828000 1.259100e-16
5378.323700 1.192500e-16
5379.819400 1.121100e-16
5381.315100 1.066300e-16
5382.810800 1.049800e-16
5384.306500 1.076100e-16
5385.802200 1.126500e-16
5387.297900 1.171400e-16
5388.793600 1.189600e-16
5390.289300 1.178900e-16
5391.785000 1.152100e-16
5393.280700 1.125600e-16
5394.776400 1.109800e-16
5396.272100 1.105400e-16
5397.767800 1.107200e-16
5399.263500 1.109200e-16
5400.759200 1.108700e-16
5402.254900 1.106500e-16
5403.750600 1.103900e-16
5405.246300 1.098200e-16
5406.742000 1.084000e-16
5408.237700 1.060000e-16
5409.733400 1.035800e-16
5411.229100 1.030400e-16
5412.724900 1.059200e-16
5414.220600 1.119600e-16
5415.716300 1.189400e-16
5417.212000 1.240300e-16
5418.707700 1.256900e-16
5420.203400 1.246000e-16
5421.699100 1.227700e-16
5423.194800 1.220200e-16
5424.690500 1.230000e-16
5426.186200 1.254500e-16
5427.681900 1.286700e-16
5429.177600 1.316200e-16
5430.673300 1.331400e-16
5432.169000 1.325500e-16
5433.664700 1.301500e-16
5435.160400 1.268200e-16
5436.656100 1.229700e-16
5438.151800 1.182400e-16
5439.647500 1.121300e-16
5441.143200 1.047700e-16
5442.638900 9.720400e-17
5444.134600 9.083500e-17
5445.630300 8.689500e-17
5447.126000 8.606200e-17
5448.621700 8.832400e-17
5450.117500 9.301200e-17
5451.613200 9.911400e-17
5453.108900 1.057200e-16
5454.604600 1.120300e-16
5456.100300 1.169800e-16
5457.596000 1.193600e-16
5459.091700 1.188500e-16
5460.587400 1.168400e-16
5462.083100 1.157500e-16
5463.578800 1.170900e-16
5465.074500 1.202400e-16
5466.570200 1.231300e-16
5468.065900 1.239700e-16
5469.561600 1.226200e-16
5471.057300 1.202800e-16
5472.553000 1.181100e-16
5474.048700 1.161500e-16
5475.544400 1.136500e-16
5477.040100 1.101600e-16
5478.535800 1.064000e-16
5480.031500 1.039800e-16
5481.527200 1.043400e-16
5483.022900 1.077100e-16
5484.518600 1.129500e-16
5486.014400 1.182500e-16
5487.510100 1.221400e-16
5489.005800 1.242200e-16
5490.501500 1.250800e-16
5491.997200 1.256300e-16
5493.492900 1.266500e-16
5494.988600 1.286400e-16
5496.484300 1.319000e-16
5497.980000 1.363000e-16
5499.475700 1.410400e-16
5500.971400 1.448200e-16
5502.467100 1.466200e-16
5503.962800 1.465600e-16
5505.458500 1.459300e-16
5506.954200 1.459000e-16
5508.449900 1.461600e-16
5509.945600 1.451500e-16
5511.441300 1.418700e-16
5512.937000 1.371700e-16
5514.432700 1.332100e-16
5515.928400 1.317400e-16
5517.424100 1.331100e-16
5518.919800 1.366900e-16
5520.415500 1.417800e-16
5521.911200 1.477900e-16
5523.407000 1.540400e-16
5524.902700 1.597600e-16
5526.398400 1.643700e-16
5527.894100 1.675700e-16
5529.389800 1.693000e-16
5530.885500 1.700700e-16
5532.381200 1.714000e-16
5533.876900 1.757100e-16
5535.372600 1.849500e-16
5536.868300 1.988000e-16
5538.364000 2.139400e-16
5539.859700 2.252700e-16
5541.355400 2.288000e-16
5542.851100 2.240700e-16
5544.346800 2.140800e-16
5545.842500 2.026800e-16
5547.338200 1.917400e-16
5548.833900 1.811700e-16
5550.329600 1.712700e-16
5551.825300 1.636700e-16
5553.321000 1.592700e-16
5554.816700 1.563200e-16
5556.312400 1.519000e-16
5557.808100 1.450700e-16
5559.303900 1.379200e-16
5560.799600 1.334500e-16
5562.295300 1.330200e-16
5563.791000 1.356600e-16
5565.286700 1.391100e-16
5566.782400 1.412300e-16
5568.278100 1.410100e-16
5569.773800 1.386600e-16
5571.269500 1.352700e-16
5572.765200 1.323400e-16
5574.260900 1.313400e-16
5575.756600 1.330100e-16
5577.252300 1.365100e-16
5578.748000 1.396400e-16
5580.243700 1.400800e-16
5581.739400 1.369500e-16
5583.235100 1.314800e-16
5584.730800 1.263700e-16
5586.226500 1.240800e-16
5587.722200 1.248700e-16
5589.217900 1.265300e-16
5590.713600 1.262900e-16
5592.209300 1.233000e-16
5593.705000 1.190200e-16
5595.200800 1.153700e-16
5596.696500 1.128500e-16
5598.192200 1.106000e-16
5599.687900 1.078400e-16
5601.183600 1.048100e-16
5602.679300 1.023400e-16
5604.175000 1.008400e-16
5605.670700 9.970800e-17
5607.166400 9.768400e-17
5608.662100 9.387000e-17
5610.157800 8.860700e-17
5611.653500 8.359100e-17
5613.149200 8.106000e-17
5614.644900 8.253900e-17
5616.140600 8.789100e-17
5617.636300 9.524600e-17
5619.132000 1.019300e-16
5620.627700 1.058100e-16
5622.123400 1.061600e-16
5623.619100 1.036300e-16
5625.114800 9.974000e-17
5626.610500 9.645200e-17
5628.106200 9.545700e-17
5629.601900 9.745900e-17
5631.097600 1.021300e-16
5632.593400 1.091000e-16
5634.089100 1.197000e-16
5635.584800 1.386400e-16
5637.080500 1.742300e-16
5638.576200 2.339900e-16
5640.071900 3.145100e-16
5641.567600 3.930800e-16
5643.063300 4.349200e-16
5644.559000 4.170500e-16
5646.054700 3.479700e-16
5647.550400 2.613200e-16
5649.046100 1.900500e-16
5650.541800 1.472900e-16
5652.037500 1.278200e-16
5653.533200 1.206100e-16
5655.028900 1.179700e-16
5656.524600 1.168900e-16
5658.020300 1.165300e-16
5659.516000 1.161800e-16
5661.011700 1.150800e-16
5662.507400 1.134300e-16
5664.003100 1.125300e-16
5665.498800 1.136100e-16
5666.994500 1.161600e-16
5668.490300 1.178500e-16
5669.986000 1.163100e-16
5671.481700 1.112900e-16
5672.977400 1.053600e-16
5674.473100 1.023400e-16
5675.968800 1.044600e-16
5677.464500 1.105600e-16
5678.960200 1.167300e-16
5680.455900 1.190000e-16
5681.951600 1.160400e-16
5683.447300 1.099500e-16
5684.943000 1.045500e-16
5686.438700 1.024000e-16
5687.934400 1.032000e-16
5689.430100 1.045700e-16
5690.925800 1.047000e-16
5692.421500 1.039800e-16
5693.917200 1.043600e-16
5695.412900 1.071500e-16
5696.908600 1.114400e-16
5698.404300 1.144100e-16
5699.900000 1.134600e-16
5701.395700 1.084100e-16
5702.891400 1.016800e-16
5704.387100 9.625600e-17
5705.882900 9.322900e-17
5707.378600 9.142400e-17
5708.874300 8.927700e-17
5710.370000 8.681000e-17
5711.865700 8.566700e-17
5713.361400 8.736600e-17
5714.857100 9.170700e-17
5716.352800 9.694700e-17
5717.848500 1.013800e-16
5719.344200 1.046500e-16
5720.839900 1.076700e-16
5722.335600 1.113100e-16
5723.831300 1.152000e-16
5725.327000 1.175600e-16
5726.822700 1.162500e-16
5728.318400 1.100900e-16
5729.814100 9.963600e-17
5731.309800 8.706700e-17
5732.805500 7.541700e-17
5734.301200 6.736800e-17
5735.796900 6.427800e-17
5737.292600 6.597000e-17
5738.788300 7.111200e-17
5740.284000 7.785000e-17
5741.779800 8.467100e-17
5743.275500 9.112800e-17
5744.771200 9.756300e-17
5746.266900 1.039100e-16
5747.762600 1.089700e-16
5749.258300 1.111000e-16
5750.754000 1.094500e-16
5752.249700 1.046600e-16
5753.745400 9.862700e-17
5755.241100 9.349600e-17
5756.736800 9.050700e-17
5758.232500 8.946400e-17
5759.728200 8.941000e-17
5761.223900 8.970100e-17
5762.719600 9.030000e-17
5764.215300 9.124000e-17
5765.711000 9.222400e-17
5767.206700 9.293400e-17
5768.702400 9.354500e-17
5770.198100 9.462300e-17
5771.693800 9.627300e-17
5773.189500 9.752800e-17
5774.685200 9.706300e-17
5776.180900 9.473700e-17
5777.676600 9.209900e-17
5779.172400 9.093000e-17
5780.668100 9.129900e-17
5782.163800 9.136700e-17
5783.659500 8.928300e-17
5785.155200 8.522700e-17
5786.650900 8.152000e-17
5788.146600 8.066900e-17
5789.642300 8.320700e-17
5791.138000 8.733900e-17
5792.633700 9.062700e-17
5794.129400 9.183500e-17
5795.625100 9.111000e-17
5797.120800 8.887600e-17
5798.616500 8.520500e-17
5800.112200 8.022400e-17
5801.607900 7.458500e-17
5803.103600 6.932900e-17
5804.599300 6.542000e-17
5806.095000 6.335000e-17
5807.590700 6.286100e-17
5809.086400 6.294000e-17
5810.582100 6.237300e-17
5812.077800 6.058700e-17
5813.573500 5.786200e-17
5815.069300 5.469000e-17
5816.565000 5.111300e-17
5818.060700 4.690600e-17
5819.556400 4.230800e-17
5821.052100 3.839600e-17
5822.547800 3.661900e-17
5824.043500 3.772100e-17
5825.539200 4.091300e-17
5827.034900 4.416900e-17
5828.530600 4.571300e-17
5830.026300 4.549300e-17
5831.522000 4.527200e-17
5833.017700 4.713900e-17
5834.513400 5.186300e-17
5836.009100 5.864300e-17
5837.504800 6.622900e-17
5839.000500 7.382900e-17
5840.496200 8.071900e-17
5841.991900 8.553000e-17
5843.487600 8.679200e-17
5844.983300 8.452300e-17
5846.479000 8.100500e-17
5847.974700 7.961500e-17
5849.470400 8.250800e-17
5850.966200 8.899400e-17
5852.461900 9.597500e-17
5853.957600 1.002600e-16
5855.453300 1.009800e-16
5856.949000 1.000800e-16
5858.444700 1.006800e-16
5859.940400 1.046000e-16
5861.436100 1.111500e-16
5862.931800 1.177600e-16
5864.427500 1.218500e-16
5865.923200 1.225600e-16
5867.418900 1.212300e-16
5868.914600 1.205500e-16
5870.410300 1.228800e-16
5871.906000 1.289500e-16
5873.401700 1.377600e-16
5874.897400 1.475900e-16
5876.393100 1.568500e-16
5877.888800 1.642600e-16
5879.384500 1.688900e-16
5880.880200 1.709000e-16
5882.375900 1.721000e-16
5883.871600 1.751200e-16
5885.367300 1.813900e-16
5886.863000 1.898000e-16
5888.358800 1.978000e-16
5889.854500 2.037400e-16
5891.350200 2.079400e-16
5892.845900 2.116000e-16
5894.341600 2.151000e-16
5895.837300 2.176300e-16
5897.333000 2.181100e-16
5898.828700 2.163700e-16
5900.324400 2.133800e-16
5901.820100 2.105900e-16
5903.315800 2.091700e-16
5904.811500 2.096900e-16
5906.307200 2.120900e-16
5907.802900 2.154600e-16
5909.298600 2.177600e-16
5910.794300 2.164300e-16
5912.290000 2.099700e-16
5913.785700 1.991300e-16
5915.281400 1.865700e-16
5916.777100 1.753700e-16
5918.272800 1.677200e-16
5919.768500 1.644100e-16
5921.264200 1.650200e-16
5922.759900 1.680300e-16
5924.255700 1.710900e-16
5925.751400 1.716300e-16
5927.247100 1.681000e-16
5928.742800 1.609300e-16
5930.238500 1.523900e-16
5931.734200 1.450200e-16
5933.229900 1.398100e-16
5934.725600 1.355700e-16
5936.221300 1.303000e-16
5937.717000 1.233900e-16
5939.212700 1.164200e-16
5940.708400 1.117700e-16
5942.204100 1.104200e-16
5943.699800 1.112300e-16
5945.195500 1.119200e-16
5946.691200 1.105100e-16
5948.186900 1.060200e-16
5949.682600 9.879300e-17
5951.178300 9.054500e-17
5952.674000 8.361500e-17
5954.169700 7.938800e-17
5955.665400 7.740600e-17
5957.161100 7.627700e-17
5958.656800 7.538800e-17
5960.152500 7.549200e-17
5961.648300 7.770200e-17
5963.144000 8.224300e-17
5964.639700 8.826800e-17
5966.135400 9.466900e-17
5967.631100 1.008800e-16
5969.126800 1.069900e-16
5970.622500 1.131200e-16
5972.118200 1.187000e-16
5973.613900 1.223500e-16
5975.109600 1.229900e-16
5976.605300 1.211800e-16
5978.101000 1.190300e-16
5979.596700 1.184200e-16
5981.092400 1.194500e-16
5982.588100 1.210200e-16
5984.083800 1.223500e-16
5985.579500 1.234800e-16
5987.075200 1.242700e-16
5988.570900 1.237300e-16
5990.066600 1.206500e-16
5991.562300 1.146400e-16
5993.058000 1.065600e-16
5994.553700 9.807300e-17
5996.049400 9.116800e-17
5997.545200 8.737100e-17
5999.040900 8.665400e-17
6000.536600 8.714000e-17
6002.032300 8.649200e-17
6003.528000 8.386800e-17
6005.023700 8.046600e-17
6006.519400 7.827900e-17
6008.015100 7.859500e-17
6009.510800 8.148100e-17
6011.006500 8.612200e-17
6012.502200 9.133000e-17
6013.997900 9.598500e-17
6015.493600 9.934300e-17
6016.989300 1.009700e-16
6018.485000 1.004000e-16
6019.980700 9.721800e-17
6021.476400 9.156000e-17
6022.972100 8.459300e-17
6024.467800 7.811200e-17
6025.963500 7.356300e-17
6027.459200 7.125600e-17
6028.954900 7.031800e-17
6030.450600 6.928200e-17
6031.946300 6.691200e-17
6033.442000 6.287600e-17
6034.937800 5.793800e-17
6036.433500 5.342300e-17
6037.929200 5.024200e-17
6039.424900 4.834100e-17
6040.920600 4.709700e-17
6042.416300 4.615300e-17
6043.912000 4.589700e-17
6045.407700 4.732100e-17
6046.903400 5.140100e-17
6048.399100 5.826400e-17
6049.894800 6.664300e-17
6051.390500 7.424600e-17
6052.886200 7.889800e-17
6054.381900 7.958500e-17
6055.877600 7.677200e-17
6057.373300 7.214500e-17
6058.869000 6.812400e-17
6060.364700 6.703900e-17
6061.860400 6.990200e-17
6063.356100 7.558300e-17
6064.851800 8.138400e-17
6066.347500 8.482200e-17
6067.843200 8.500500e-17
6069.338900 8.241600e-17
6070.834700 7.788200e-17
6072.330400 7.227000e-17
6073.826100 6.706000e-17
6075.321800 6.436000e-17
6076.817500 6.559900e-17
6078.313200 7.010200e-17
6079.808900 7.531600e-17
6081.304600 7.873000e-17
6082.800300 7.963400e-17
6084.296000 7.917800e-17
6085.791700 7.910200e-17
6087.287400 8.042700e-17
6088.783100 8.284400e-17
6090.278800 8.490000e-17
6091.774500 8.495500e-17
6093.270200 8.242100e-17
6094.765900 7.829500e-17
6096.261600 7.445800e-17
6097.757300 7.244400e-17
6099.253000 7.281800e-17
6100.748700 7.538000e-17
6102.244400 7.943600e-17
6103.740100 8.375000e-17
6105.235800 8.675300e-17
6106.731600 8.750500e-17
6108.227300 8.666500e-17
6109.723000 8.616400e-17
6111.218700 8.758400e-17
6112.714400 9.089500e-17
6114.210100 9.481500e-17
6115.705800 9.819700e-17
6117.201500 1.008700e-16
6118.697200 1.033200e-16
6120.192900 1.058100e-16
6121.688600 1.079100e-16
6123.184300 1.088100e-16
6124.680000 1.082400e-16
6126.175700 1.070400e-16
6127.671400 1.069000e-16
6129.167100 1.090000e-16
6130.662800 1.128700e-16
6132.158500 1.163900e-16
6133.654200 1.175900e-16
6135.149900 1.167000e-16
6136.645600 1.163400e-16
6138.141300 1.192900e-16
6139.637000 1.258000e-16
6141.132700 1.333200e-16
6142.628400 1.387000e-16
6144.124200 1.404500e-16
6145.619900 1.390800e-16
6147.115600 1.356400e-16
6148.611300 1.305700e-16
6150.107000 1.239600e-16
6151.602700 1.164500e-16
6153.098400 1.096400e-16
6154.594100 1.054500e-16
6156.089800 1.049500e-16
6157.585500 1.076200e-16
6159.081200 1.112500e-16
6160.576900 1.130600e-16
6162.072600 1.115000e-16
6163.568300 1.076200e-16
6165.064000 1.043000e-16
6166.559700 1.039200e-16
6168.055400 1.067600e-16
6169.551100 1.115200e-16
6171.046800 1.167800e-16
6172.542500 1.215100e-16
6174.038200 1.249500e-16
6175.533900 1.267800e-16
6177.029600 1.276200e-16
6178.525300 1.283100e-16
6180.021100 1.286200e-16
6181.516800 1.273300e-16
6183.012500 1.239700e-16
6184.508200 1.200300e-16
6186.003900 1.179100e-16
6187.499600 1.187400e-16
6188.995300 1.215100e-16
6190.491000 1.240500e-16
6191.986700 1.244600e-16
6193.482400 1.219600e-16
6194.978100 1.167300e-16
6196.473800 1.092500e-16
6197.969500 1.000400e-16
6199.465200 9.020000e-17
6200.960900 8.176500e-17
6202.456600 7.680900e-17
6203.952300 7.566300e-17
6205.448000 7.642600e-17
6206.943700 7.676900e-17
6208.439400 7.616700e-17
6209.935100 7.610800e-17
6211.430800 7.840300e-17
6212.926500 8.364500e-17
6214.422200 9.094100e-17
6215.917900 9.854800e-17
6217.413700 1.047900e-16
6218.909400 1.089800e-16
6220.405100 1.118600e-16
6221.900800 1.150300e-16
6223.396500 1.195100e-16
6224.892200 1.247500e-16
6226.387900 1.290100e-16
6227.883600 1.308900e-16
6229.379300 1.304200e-16
6230.875000 1.286800e-16
6232.370700 1.266200e-16
6233.866400 1.245700e-16
6235.362100 1.225300e-16
6236.857800 1.206600e-16
6238.353500 1.194000e-16
6239.849200 1.190500e-16
6241.344900 1.193300e-16
6242.840600 1.196000e-16
6244.336300 1.200200e-16
6245.832000 1.220400e-16
6247.327700 1.272100e-16
6248.823400 1.353100e-16
6250.319100 1.439200e-16
6251.814800 1.499800e-16
6253.310600 1.520200e-16
6254.806300 1.511600e-16
6256.302000 1.502000e-16
6257.797700 1.514900e-16
6259.293400 1.554800e-16
6260.789100 1.609300e-16
6262.284800 1.662400e-16
6263.780500 1.705700e-16
6265.276200 1.739300e-16
6266.771900 1.762900e-16
6268.267600 1.770000e-16
6269.763300 1.752600e-16
6271.259000 1.715100e-16
6272.754700 1.677900e-16
6274.250400 1.661000e-16
6275.746100 1.666700e-16
6277.241800 1.679000e-16
6278.737500 1.684000e-16
6280.233200 1.685600e-16
6281.728900 1.703400e-16
6283.224600 1.752200e-16
6284.720300 1.825400e-16
6286.216000 1.900900e-16
6287.711700 1.961700e-16
6289.207500 2.007200e-16
6290.703200 2.044600e-16
6292.198900 2.072300e-16
6293.694600 2.078800e-16
6295.190300 2.057500e-16
6296.686000 2.016400e-16
6298.181700 1.972900e-16
6299.677400 1.941500e-16
6301.173100 1.928400e-16
6302.668800 1.936100e-16
6304.164500 1.968700e-16
6305.660200 2.028900e-16
6307.155900 2.105200e-16
6308.651600 2.165600e-16
6310.147300 2.171800e-16
6311.643000 2.108900e-16
6313.138700 2.000300e-16
6314.634400 1.889500e-16
6316.130100 1.808300e-16
6317.625800 1.763400e-16
6319.121500 1.746900e-16
6320.617200 1.751500e-16
6322.112900 1.771700e-16
6323.608600 1.797600e-16
6325.104300 1.814600e-16
6326.600100 1.809000e-16
6328.095800 1.775600e-16
6329.591500 1.720500e-16
6331.087200 1.657500e-16
6332.582900 1.600600e-16
6334.078600 1.557000e-16
6335.574300 1.526100e-16
6337.070000 1.505700e-16
6338.565700 1.497800e-16
6340.061400 1.509300e-16
6341.557100 1.544500e-16
6343.052800 1.595300e-16
6344.548500 1.641400e-16
6346.044200 1.662500e-16
6347.539900 1.653400e-16
6349.035600 1.628600e-16
6350.531300 1.612500e-16
6352.027000 1.624100e-16
6353.522700 1.663500e-16
6355.018400 1.708900e-16
6356.514100 1.732100e-16
6358.009800 1.719400e-16
6359.505500 1.679700e-16
6361.001200 1.631100e-16
6362.497000 1.583700e-16
6363.992700 1.537400e-16
6365.488400 1.493300e-16
6366.984100 1.458100e-16
6368.479800 1.435500e-16
6369.975500 1.416500e-16
6371.471200 1.383900e-16
6372.966900 1.327100e-16
6374.462600 1.252300e-16
6375.958300 1.177700e-16
6377.454000 1.120600e-16
6378.949700 1.086900e-16
6380.445400 1.071000e-16
6381.941100 1.064500e-16
6383.436800 1.064200e-16
6384.932500 1.077900e-16
6386.428200 1.118600e-16
6387.923900 1.192200e-16
6389.419600 1.285400e-16
6390.915300 1.367900e-16
6392.411000 1.408200e-16
6393.906700 1.392300e-16
6395.402400 1.329200e-16
6396.898100 1.244000e-16
6398.393800 1.166700e-16
6399.889600 1.121900e-16
6401.385300 1.120300e-16
6402.881000 1.154100e-16
6404.376700 1.201800e-16
6405.872400 1.243200e-16
6407.368100 1.273200e-16
6408.863800 1.301000e-16
6410.359500 1.336400e-16
6411.855200 1.377900e-16
6413.350900 1.417000e-16
6414.846600 1.449200e-16
6416.342300 1.475000e-16
6417.838000 1.492800e-16
6419.333700 1.494700e-16
6420.829400 1.475800e-16
6422.325100 1.444300e-16
6423.820800 1.418900e-16
6425.316500 1.414100e-16
6426.812200 1.428000e-16
6428.307900 1.446500e-16
6429.803600 1.456100e-16
6431.299300 1.452800e-16
6432.795000 1.438300e-16
6434.290700 1.411300e-16
6435.786500 1.367000e-16
6437.282200 1.304500e-16
6438.777900 1.232100e-16
6440.273600 1.163100e-16
6441.769300 1.106300e-16
6443.265000 1.059100e-16
6444.760700 1.009900e-16
6446.256400 9.473800e-17
6447.752100 8.696800e-17
6449.247800 7.872900e-17
6450.743500 7.162200e-17
6452.239200 6.672200e-17
6453.734900 6.404300e-17
6455.230600 6.283600e-17
6456.726300 6.225900e-17
6458.222000 6.173900e-17
6459.717700 6.090500e-17
6461.213400 5.946700e-17
6462.709100 5.738500e-17
6464.204800 5.505100e-17
6465.700500 5.306900e-17
6467.196200 5.177500e-17
6468.691900 5.105900e-17
6470.187600 5.065000e-17
6471.683300 5.040000e-17
6473.179100 5.027500e-17
6474.674800 5.025900e-17
6476.170500 5.040000e-17
6477.666200 5.098400e-17
6479.161900 5.271000e-17
6480.657600 5.671400e-17
6482.153300 6.409200e-17
6483.649000 7.499800e-17
6485.144700 8.802800e-17
6486.640400 1.005900e-16
6488.136100 1.101300e-16
6489.631800 1.153600e-16
6491.127500 1.167800e-16
6492.623200 1.161600e-16
6494.118900 1.155700e-16
6495.614600 1.166000e-16
6497.110300 1.203100e-16
6498.606000 1.274100e-16
6500.101700 1.381700e-16
6501.597400 1.522700e-16
6503.093100 1.690000e-16
6504.588800 1.878900e-16
6506.084500 2.088300e-16
6507.580200 2.315900e-16
6509.076000 2.552900e-16
6510.571700 2.787700e-16
6512.067400 3.013200e-16
6513.563100 3.232200e-16
6515.058800 3.455100e-16
6516.554500 3.694800e-16
6518.050200 3.961800e-16
6519.545900 4.260300e-16
6521.041600 4.586600e-16
6522.537300 4.933900e-16
6524.033000 5.300100e-16
6525.528700 5.690700e-16
6527.024400 6.112800e-16
6528.520100 6.567000e-16
6530.015800 7.046100e-16
6531.511500 7.540200e-16
6533.007200 8.042700e-16
6534.502900 8.551500e-16
6535.998600 9.066500e-16
6537.494300 9.582200e-16
6538.990000 1.008400e-15
6540.485700 1.055300e-15
6541.981400 1.097500e-15
6543.477100 1.135000e-15
6544.972900 1.168700e-15
6546.468600 1.199100e-15
6547.964300 1.225400e-15
6549.460000 1.246400e-15
6550.955700 1.261800e-15
6552.451400 1.273800e-15
6553.947100 1.284500e-15
6555.442800 1.295000e-15
6556.938500 1.304400e-15
6558.434200 1.312100e-15
6559.929900 1.317800e-15
6562.921300 1.320400e-15
6564.417000 1.313800e-15
6565.912700 1.298700e-15
6567.408400 1.273400e-15
6568.904100 1.238300e-15
6570.399800 1.196200e-15
6571.895500 1.150900e-15
6573.391200 1.106200e-15
6574.886900 1.064900e-15
6576.382600 1.028200e-15
6577.878300 9.958500e-16
6579.374000 9.657700e-16
6580.869700 9.356000e-16
6582.365500 9.043300e-16
6583.861200 8.727500e-16
6585.356900 8.424500e-16
6586.852600 8.147800e-16
6588.348300 7.906100e-16
6589.844000 7.703800e-16
6591.339700 7.536900e-16
6592.835400 7.388300e-16
6594.331100 7.234300e-16
6595.826800 7.057600e-16
6597.322500 6.857100e-16
6598.818200 6.645400e-16
6600.313900 6.436100e-16
6601.809600 6.235900e-16
6603.305300 6.046300e-16
6604.801000 5.871600e-16
6606.296700 5.720300e-16
6607.792400 5.596300e-16
6609.288100 5.489000e-16
6610.783800 5.376200e-16
6612.279500 5.235700e-16
6613.775200 5.056800e-16
6615.270900 4.841900e-16
6616.766600 4.602100e-16
6618.262400 4.352000e-16
6619.758100 4.107200e-16
6621.253800 3.883600e-16
6622.749500 3.695800e-16
6624.245200 3.552400e-16
6625.740900 3.447800e-16
6627.236600 3.360200e-16
6628.732300 3.261400e-16
6630.228000 3.134100e-16
6631.723700 2.981800e-16
6633.219400 2.823600e-16
6634.715100 2.679300e-16
6636.210800 2.557000e-16
6637.706500 2.449700e-16
6639.202200 2.344900e-16
6640.697900 2.239800e-16
6642.193600 2.146900e-16
6643.689300 2.084500e-16
6645.185000 2.062300e-16
6646.680700 2.073600e-16
6648.176400 2.100100e-16
6649.672100 2.119800e-16
6651.167800 2.113500e-16
6652.663500 2.072100e-16
6654.159200 2.002300e-16
6655.655000 1.926100e-16
6657.150700 1.868000e-16
6658.646400 1.840300e-16
6660.142100 1.841000e-16
6661.637800 1.861400e-16
6663.133500 1.892500e-16
6664.629200 1.924000e-16
6666.124900 1.940800e-16
6667.620600 1.927200e-16
6669.116300 1.877800e-16
6670.612000 1.803600e-16
6672.107700 1.726400e-16
6673.603400 1.664200e-16
6675.099100 1.622400e-16
6676.594800 1.596000e-16
6678.090500 1.578100e-16
6679.586200 1.564200e-16
6681.081900 1.552000e-16
6682.577600 1.537300e-16
6684.073300 1.513500e-16
6685.569000 1.476600e-16
6687.064700 1.430200e-16
6688.560400 1.383900e-16
6690.056100 1.346800e-16
6691.551900 1.322900e-16
6693.047600 1.310600e-16
6694.543300 1.306000e-16
6696.039000 1.302900e-16
6697.534700 1.292400e-16
6699.030400 1.265100e-16
6700.526100 1.216400e-16
6702.021800 1.152800e-16
6703.517500 1.089300e-16
6705.013200 1.041400e-16
6706.508900 1.016000e-16
6708.004600 1.008600e-16
6709.500300 1.006800e-16
6710.996000 9.961200e-17
6712.491700 9.675500e-17
6713.987400 9.233100e-17
6715.483100 8.762300e-17
6716.978800 8.415800e-17
6718.474500 8.267500e-17
6719.970200 8.271400e-17
6721.465900 8.323200e-17
6722.961600 8.367900e-17
6724.457300 8.445900e-17
6725.953000 8.629100e-17
6727.448700 8.918900e-17
6728.944500 9.221800e-17
6730.440200 9.425200e-17
6731.935900 9.490200e-17
6733.431600 9.470400e-17
6734.927300 9.455900e-17
6736.423000 9.501900e-17
6737.918700 9.594600e-17
6739.414400 9.664400e-17
6740.910100 9.637800e-17
6742.405800 9.494600e-17
6743.901500 9.292400e-17
6745.397200 9.130500e-17
6746.892900 9.076500e-17
6748.388600 9.115100e-17
6749.884300 9.151600e-17
6751.380000 9.055900e-17
6752.875700 8.730500e-17
6754.371400 8.189400e-17
6755.867100 7.592500e-17
6757.362800 7.178400e-17
6758.858500 7.131000e-17
6760.354200 7.489100e-17
6761.849900 8.156300e-17
6763.345600 8.966200e-17
6764.841400 9.736900e-17
6766.337100 1.030300e-16
6767.832800 1.055400e-16
6769.328500 1.048500e-16
6770.824200 1.019300e-16
6772.319900 9.813000e-17
6773.815600 9.424100e-17
6775.311300 9.021100e-17
6776.807000 8.565200e-17
6778.302700 8.054500e-17
6779.798400 7.554700e-17
6781.294100 7.183700e-17
6782.789800 7.082100e-17
6784.285500 7.368400e-17
6785.781200 8.063400e-17
6787.276900 9.017600e-17
6788.772600 9.907000e-17
6790.268300 1.033600e-16
6791.764000 1.001800e-16
6793.259700 8.941200e-17
6794.755400 7.406000e-17
6796.251100 5.904900e-17
6797.746800 4.909700e-17
6799.242500 4.663000e-17
6800.738300 5.070300e-17
6802.234000 5.778400e-17
6803.729700 6.418300e-17
6805.225400 6.827300e-17
6806.721100 7.063800e-17
6808.216800 7.246900e-17
6809.712500 7.420700e-17
6811.208200 7.561600e-17
6812.703900 7.655300e-17
6814.199600 7.718900e-17
6815.695300 7.754800e-17
6817.191000 7.722500e-17
6818.686700 7.585800e-17
6820.182400 7.381900e-17
6821.678100 7.227900e-17
6823.173800 7.252200e-17
6824.669500 7.506900e-17
6826.165200 7.921500e-17
6827.660900 8.324800e-17
6829.156600 8.523500e-17
6830.652300 8.384600e-17
6832.148000 7.890900e-17
6833.643700 7.177300e-17
6835.139400 6.520300e-17
6836.635100 6.215200e-17
6838.130900 6.393900e-17
6839.626600 6.954100e-17
6841.122300 7.651800e-17
6842.618000 8.229400e-17
6844.113700 8.486500e-17
6845.609400 8.341000e-17
6847.105100 7.882100e-17
6848.600800 7.324000e-17
6850.096500 6.870300e-17
6851.592200 6.627000e-17
6853.087900 6.627500e-17
6854.583600 6.874800e-17
6856.079300 7.320100e-17
6857.575000 7.826900e-17
6859.070700 8.197500e-17
6860.566400 8.264100e-17
6862.062100 7.978100e-17
6863.557800 7.434000e-17
6865.053500 6.820700e-17
6866.549200 6.343300e-17
6868.044900 6.151900e-17
6869.540600 6.283900e-17
6871.036300 6.638000e-17
6872.532000 7.022800e-17
6874.027800 7.281200e-17
6875.523500 7.404700e-17
6877.019200 7.523600e-17
6878.514900 7.762900e-17
6880.010600 8.100200e-17
6881.506300 8.372700e-17
6883.002000 8.429800e-17
6884.497700 8.270500e-17
6885.993400 8.019400e-17
6887.489100 7.774400e-17
6888.984800 7.511000e-17
6890.480500 7.159000e-17
6891.976200 6.752100e-17
6893.471900 6.451500e-17
6894.967600 6.401000e-17
6896.463300 6.586100e-17
6897.959000 6.857100e-17
6899.454700 7.072700e-17
6900.950400 7.196900e-17
6902.446100 7.282200e-17
6903.941800 7.406000e-17
6905.437500 7.632900e-17
6906.933200 7.991100e-17
6908.428900 8.431300e-17
6909.924600 8.805600e-17
6911.420400 8.935500e-17
6912.916100 8.750500e-17
6914.411800 8.370700e-17
6915.907500 8.022900e-17
6917.403200 7.860200e-17
6918.898900 7.858300e-17
6920.394600 7.871100e-17
6921.890300 7.755900e-17
6923.386000 7.448800e-17
6924.881700 6.973200e-17
6926.377400 6.427500e-17
6927.873100 5.965500e-17
6929.368800 5.745000e-17
6930.864500 5.851500e-17
6932.360200 6.256600e-17
6933.855900 6.846600e-17
6935.351600 7.492300e-17
6936.847300 8.091200e-17
6938.343000 8.550800e-17
6939.838700 8.764000e-17
6941.334400 8.638600e-17
6942.830100 8.168800e-17
6944.325800 7.465400e-17
6945.821500 6.704300e-17
6947.317300 6.044400e-17
6948.813000 5.573500e-17
6950.308700 5.295000e-17
6951.804400 5.157900e-17
6953.300100 5.123500e-17
6954.795800 5.198300e-17
6956.291500 5.383400e-17
6957.787200 5.616800e-17
6959.282900 5.821800e-17
6960.778600 6.021300e-17
6962.274300 6.353300e-17
6963.770000 6.934600e-17
6965.265700 7.714000e-17
6966.761400 8.480600e-17
6968.257100 9.016600e-17
6969.752800 9.233300e-17
6971.248500 9.177200e-17
6972.744200 8.960300e-17
6974.239900 8.715700e-17
6975.735600 8.577500e-17
6977.231300 8.616400e-17
6978.727000 8.768500e-17
6980.222700 8.877100e-17
6981.718400 8.840100e-17
6983.214200 8.689600e-17
6984.709900 8.502000e-17
6986.205600 8.261600e-17
6987.701300 7.852900e-17
6989.197000 7.195500e-17
6990.692700 6.375500e-17
6992.188400 5.649500e-17
6993.684100 5.312400e-17
6995.179800 5.520300e-17
6996.675500 6.191400e-17
6998.171200 7.059900e-17
6999.666900 7.839900e-17
7001.162600 8.363600e-17
7002.658300 8.603200e-17
7004.154000 8.610400e-17
7005.649700 8.462800e-17
7007.145400 8.249900e-17
7008.641100 8.066800e-17
7010.136800 7.982400e-17
7011.632500 8.006800e-17
7013.128200 8.105500e-17
7014.623900 8.260000e-17
7016.119600 8.503300e-17
7017.615300 8.871400e-17
7019.111000 9.319800e-17
7020.606800 9.717100e-17
7022.102500 9.938400e-17
7023.598200 9.953500e-17
7025.093900 9.819400e-17
7026.589600 9.619100e-17
7028.085300 9.431100e-17
7029.581000 9.322600e-17
7031.076700 9.319000e-17
7032.572400 9.383400e-17
7034.068100 9.455700e-17
7035.563800 9.518400e-17
7037.059500 9.614800e-17
7038.555200 9.814900e-17
7040.050900 1.017100e-16
7041.546600 1.067900e-16
7043.042300 1.125600e-16
7044.538000 1.178300e-16
7046.033700 1.219700e-16
7047.529400 1.253900e-16
7049.025100 1.290300e-16
7050.520800 1.333200e-16
7052.016500 1.380700e-16
7053.512200 1.431700e-16
7055.007900 1.490700e-16
7056.503700 1.561300e-16
7057.999400 1.637100e-16
7059.495100 1.701100e-16
7060.990800 1.736100e-16
7062.486500 1.737400e-16
7063.982200 1.714300e-16
7065.477900 1.682000e-16
7066.973600 1.653400e-16
7068.469300 1.634700e-16
7069.965000 1.625200e-16
7071.460700 1.618900e-16
7072.956400 1.609600e-16
7074.452100 1.594800e-16
7075.947800 1.575500e-16
7077.443500 1.552200e-16
7078.939200 1.524800e-16
7080.434900 1.496000e-16
7081.930600 1.471600e-16
7083.426300 1.456100e-16
7084.922000 1.445700e-16
7086.417700 1.429300e-16
7087.913400 1.396500e-16
7089.409100 1.345800e-16
7090.904800 1.285200e-16
7092.400500 1.224400e-16
7093.896300 1.170400e-16
7095.392000 1.127800e-16
7096.887700 1.102200e-16
7098.383400 1.099900e-16
7099.879100 1.121900e-16
7101.374800 1.161600e-16
7102.870500 1.207600e-16
7104.366200 1.249600e-16
7105.861900 1.280100e-16
7107.357600 1.295900e-16
7108.853300 1.299300e-16
7110.349000 1.298400e-16
7111.844700 1.300000e-16
7113.340400 1.303200e-16
7114.836100 1.300000e-16
7116.331800 1.282100e-16
7117.827500 1.245000e-16
7119.323200 1.188100e-16
7120.818900 1.116900e-16
7122.314600 1.046300e-16
7123.810300 9.975700e-17
7125.306000 9.871900e-17
7126.801700 1.015900e-16
7128.297400 1.067200e-16
7129.793200 1.115800e-16
7131.288900 1.142400e-16
7132.784600 1.145900e-16
7134.280300 1.145900e-16
7135.776000 1.169800e-16
7137.271700 1.232500e-16
7138.767400 1.323200e-16
7140.263100 1.412600e-16
7141.758800 1.472600e-16
7143.254500 1.493700e-16
7144.750200 1.487300e-16
7146.245900 1.474200e-16
7147.741600 1.471600e-16
7149.237300 1.484700e-16
7150.733000 1.507400e-16
7152.228700 1.527400e-16
7153.724400 1.533300e-16
7155.220100 1.519700e-16
7156.715800 1.489000e-16
7158.211500 1.448300e-16
7159.707200 1.403900e-16
7161.202900 1.360700e-16
7162.698600 1.324900e-16
7164.194300 1.303800e-16
7165.690000 1.298900e-16
7167.185800 1.302200e-16
7168.681500 1.301000e-16
7170.177200 1.287900e-16
7171.672900 1.262500e-16
7173.168600 1.226400e-16
7174.664300 1.181000e-16
7176.160000 1.129900e-16
7177.655700 1.081500e-16
7179.151400 1.044700e-16
7180.647100 1.021700e-16
7182.142800 1.005900e-16
7183.638500 9.870000e-17
7185.134200 9.609900e-17
7186.629900 9.335800e-17
7188.125600 9.142400e-17
7189.621300 9.073400e-17
7191.117000 9.097500e-17
7192.612700 9.170400e-17
7194.108400 9.295700e-17
7195.604100 9.502900e-17
7197.099800 9.770100e-17
7198.595500 1.000000e-16
7200.091200 1.009500e-16
7201.586900 1.005500e-16
7203.082700 9.985300e-17
7204.578400 9.994400e-17
7206.074100 1.008400e-16
7207.569800 1.014500e-16
7209.065500 1.006600e-16
7210.561200 9.831600e-17
7212.056900 9.540300e-17
7213.552600 9.340500e-17
7215.048300 9.330500e-17
7216.544000 9.476700e-17
7218.039700 9.612600e-17
7219.535400 9.541300e-17
7221.031100 9.180600e-17
7222.526800 8.632700e-17
7224.022500 8.120400e-17
7225.518200 7.851700e-17
7227.013900 7.914600e-17
7228.509600 8.254800e-17
7230.005300 8.710000e-17
7231.501000 9.078600e-17
7232.996700 9.213100e-17
7234.492400 9.098600e-17
7235.988100 8.850500e-17
7237.483800 8.619700e-17
7238.979600 8.487400e-17
7240.475300 8.428700e-17
7241.971000 8.355500e-17
7243.466700 8.197400e-17
7244.962400 7.971400e-17
7246.458100 7.795900e-17
7247.953800 7.821700e-17
7249.449500 8.113900e-17
7250.945200 8.582800e-17
7252.440900 9.038100e-17
7253.936600 9.335600e-17
7255.432300 9.487300e-17
7256.928000 9.634200e-17
7258.423700 9.912600e-17
7259.919400 1.034600e-16
7261.415100 1.085300e-16
7262.910800 1.133700e-16
7264.406500 1.176300e-16
7265.902200 1.217000e-16
7267.397900 1.262900e-16
7268.893600 1.320100e-16
7270.389300 1.391100e-16
7271.885000 1.474800e-16
7273.380700 1.567200e-16
7274.876400 1.662300e-16
7276.372200 1.754800e-16
7277.867900 1.843500e-16
7279.363600 1.931700e-16
7280.859300 2.022700e-16
7282.355000 2.114700e-16
7283.850700 2.198300e-16
7285.346400 2.258900e-16
7286.842100 2.283700e-16
7288.337800 2.270600e-16
7289.833500 2.231300e-16
7291.329200 2.185300e-16
7292.824900 2.149300e-16
7294.320600 2.130200e-16
7295.816300 2.125200e-16
7297.312000 2.126600e-16
7298.807700 2.126900e-16
7300.303400 2.124400e-16
7301.799100 2.125700e-16
7303.294800 2.141900e-16
7304.790500 2.181700e-16
7306.286200 2.246500e-16
7307.781900 2.328500e-16
7309.277600 2.412400e-16
7310.773300 2.480100e-16
7312.269100 2.519800e-16
7313.764800 2.532800e-16
7315.260500 2.531600e-16
7316.756200 2.527800e-16
7318.251900 2.521700e-16
7319.747600 2.503300e-16
7321.243300 2.463900e-16
7322.739000 2.406600e-16
7324.234700 2.345400e-16
7325.730400 2.294300e-16
7327.226100 2.255000e-16
7328.721800 2.214700e-16
7330.217500 2.156000e-16
7331.713200 2.071300e-16
7333.208900 1.969700e-16
7334.704600 1.870100e-16
7336.200300 1.788000e-16
7337.696000 1.726700e-16
7339.191700 1.681400e-16
7340.687400 1.647600e-16
7342.183100 1.626100e-16
7343.678800 1.619400e-16
7345.174500 1.627700e-16
7346.670200 1.649100e-16
7348.165900 1.684100e-16
7349.661700 1.735500e-16
7351.157400 1.802000e-16
7352.653100 1.872000e-16
7354.148800 1.929500e-16
7355.644500 1.967500e-16
7357.140200 1.995200e-16
7358.635900 2.029100e-16
7360.131600 2.079200e-16
7361.627300 2.141700e-16
7363.123000 2.203500e-16
7364.618700 2.249200e-16
7366.114400 2.267500e-16
7367.610100 2.256900e-16
7369.105800 2.228500e-16
7370.601500 2.197800e-16
7372.097200 2.174000e-16
7373.592900 2.154400e-16
7375.088600 2.129600e-16
7376.584300 2.093000e-16
7378.080000 2.045000e-16
7379.575700 1.992700e-16
7381.071400 1.946200e-16
7382.567100 1.913100e-16
7384.062800 1.893400e-16
7385.558600 1.881500e-16
7387.054300 1.872300e-16
7388.550000 1.862700e-16
7390.045700 1.847700e-16
7391.541400 1.818500e-16
7393.037100 1.769200e-16
7394.532800 1.704700e-16
7396.028500 1.639600e-16
7397.524200 1.589400e-16
7399.019900 1.560600e-16
7400.515600 1.548000e-16
7402.011300 1.539300e-16
7403.507000 1.523700e-16
7405.002700 1.498500e-16
7406.498400 1.470100e-16
7407.994100 1.447500e-16
7409.489800 1.434000e-16
7410.985500 1.424000e-16
7412.481200 1.409900e-16
7413.976900 1.389300e-16
7415.472600 1.366600e-16
7416.968300 1.347200e-16
7418.464000 1.332500e-16
7419.959700 1.320800e-16
7421.455400 1.311300e-16
7422.951200 1.304300e-16
7424.446900 1.298900e-16
7425.942600 1.290700e-16
7427.438300 1.272500e-16
7428.934000 1.239900e-16
7430.429700 1.195700e-16
7431.925400 1.151500e-16
7433.421100 1.122200e-16
7434.916800 1.117700e-16
7436.412500 1.136600e-16
7437.908200 1.166600e-16
7439.403900 1.192900e-16
7440.899600 1.207200e-16
7442.395300 1.210500e-16
7443.891000 1.209200e-16
7445.386700 1.211700e-16
7446.882400 1.227800e-16
7448.378100 1.265100e-16
7449.873800 1.320000e-16
7451.369500 1.373900e-16
7452.865200 1.402800e-16
7454.360900 1.394400e-16
7455.856600 1.354900e-16
7457.352300 1.301400e-16
7458.848100 1.247900e-16
7460.343800 1.200100e-16
7461.839500 1.158600e-16
7463.335200 1.122100e-16
7464.830900 1.087400e-16
7466.326600 1.050300e-16
7467.822300 1.011000e-16
7469.318000 9.757900e-17
7470.813700 9.510700e-17
7472.309400 9.361200e-17
7473.805100 9.244200e-17
7475.300800 9.102900e-17
7476.796500 8.919900e-17
7478.292200 8.697800e-17
7479.787900 8.436300e-17
7481.283600 8.130000e-17
7482.779300 7.770700e-17
7484.275000 7.355300e-17
7485.770700 6.903800e-17
7487.266400 6.464900e-17
7488.762100 6.100300e-17
7490.257800 5.862900e-17
7491.753500 5.785900e-17
7493.249200 5.873200e-17
7494.745000 6.095200e-17
7496.240700 6.400400e-17
7497.736400 6.731700e-17
7499.232100 7.021600e-17
7500.727800 7.191900e-17
7502.223500 7.204100e-17
7503.719200 7.125600e-17
7505.214900 7.115200e-17
7506.710600 7.307500e-17
7508.206300 7.702300e-17
7509.702000 8.162400e-17
7511.197700 8.504700e-17
7512.693400 8.604500e-17
7514.189100 8.449100e-17
7515.684800 8.125500e-17
7517.180500 7.762500e-17
7518.676200 7.463700e-17
7520.171900 7.269000e-17
7521.667600 7.160600e-17
7523.163300 7.108300e-17
7524.659000 7.131500e-17
7526.154700 7.313400e-17
7527.650400 7.715800e-17
7529.146100 8.253900e-17
7530.641800 8.684400e-17
7532.137600 8.768600e-17
7533.633300 8.467100e-17
7535.129000 7.966900e-17
7536.624700 7.515700e-17
7538.120400 7.227100e-17
7539.616100 7.040700e-17
7541.111800 6.849300e-17
7542.607500 6.631700e-17
7544.103200 6.444000e-17
7545.598900 6.308600e-17
7547.094600 6.167600e-17
7548.590300 5.961500e-17
7550.086000 5.721700e-17
7551.581700 5.552200e-17
7553.077400 5.526800e-17
7554.573100 5.616200e-17
7556.068800 5.708600e-17
7557.564500 5.683000e-17
7559.060200 5.473500e-17
7560.555900 5.095100e-17
7562.051600 4.629500e-17
7563.547300 4.178400e-17
7565.043000 3.817200e-17
7566.538700 3.579600e-17
7568.034500 3.464700e-17
7569.530200 3.443300e-17
7571.025900 3.475300e-17
7572.521600 3.548600e-17
7574.017300 3.690000e-17
7575.513000 3.911200e-17
7577.008700 4.154400e-17
7578.504400 4.323300e-17
7580.000100 4.374000e-17
7581.495800 4.359800e-17
7582.991500 4.389600e-17
7584.487200 4.544500e-17
7585.982900 4.802700e-17
7587.478600 5.017900e-17
7588.974300 4.993600e-17
7590.470000 4.637600e-17
7591.965700 4.065600e-17
7593.461400 3.536900e-17
7594.957100 3.276100e-17
7596.452800 3.351300e-17
7597.948500 3.693500e-17
7599.444200 4.181700e-17
7600.939900 4.683100e-17
7602.435600 5.052100e-17
7603.931300 5.161300e-17
7605.427100 4.973100e-17
7606.922800 4.574500e-17
7608.418500 4.135900e-17
7609.914200 3.833800e-17
7611.409900 3.783900e-17
7612.905600 3.997000e-17
7614.401300 4.373900e-17
7615.897000 4.756900e-17
7617.392700 5.015900e-17
7618.888400 5.112100e-17
7620.384100 5.104000e-17
7621.879800 5.097600e-17
7623.375500 5.167400e-17
7624.871200 5.293900e-17
7626.366900 5.372000e-17
7627.862600 5.305700e-17
7629.358300 5.115000e-17
7630.854000 4.939200e-17
7632.349700 4.919100e-17
7633.845400 5.075000e-17
7635.341100 5.307200e-17
7636.836800 5.503500e-17
7638.332500 5.617600e-17
7639.828200 5.642300e-17
7641.324000 5.550600e-17
7642.819700 5.319500e-17
7644.315400 5.018900e-17
7645.811100 4.824300e-17
7647.306800 4.899100e-17
7648.802500 5.278000e-17
7650.298200 5.881600e-17
7651.793900 6.618000e-17
7653.289600 7.425300e-17
7654.785300 8.214400e-17
7656.281000 8.818500e-17
7657.776700 9.053900e-17
7659.272400 8.858900e-17
7660.768100 8.373900e-17
7662.263800 7.871000e-17
7663.759500 7.589000e-17
7665.255200 7.612800e-17
7666.750900 7.880700e-17
7668.246600 8.273500e-17
7669.742300 8.681400e-17
7671.238000 9.008600e-17
7672.733700 9.158900e-17
7674.229400 9.065100e-17
7675.725100 8.757800e-17
7677.220900 8.379400e-17
7678.716600 8.086800e-17
7680.212300 7.934300e-17
7681.708000 7.880000e-17
7683.203700 7.900700e-17
7684.699400 8.060300e-17
7686.195100 8.443200e-17
7687.690800 9.041800e-17
7689.186500 9.730100e-17
7690.682200 1.034400e-16
7692.177900 1.077700e-16
7693.673600 1.102200e-16
7695.169300 1.115600e-16
7696.665000 1.130900e-16
7698.160700 1.158700e-16
7699.656400 1.199600e-16
7701.152100 1.239900e-16
7702.647800 1.259400e-16
7704.143500 1.246800e-16
7705.639200 1.212600e-16
7707.134900 1.182800e-16
7708.630600 1.176500e-16
7710.126300 1.187900e-16
7711.622000 1.194700e-16
7713.117700 1.185600e-16
7714.613500 1.175100e-16
7716.109200 1.187600e-16
7717.604900 1.227700e-16
7719.100600 1.272500e-16
7720.596300 1.294300e-16
7722.092000 1.287600e-16
7723.587700 1.272100e-16
7725.083400 1.271900e-16
7726.579100 1.293700e-16
7728.074800 1.321300e-16
7729.570500 1.328600e-16
7731.066200 1.298400e-16
7732.561900 1.233500e-16
7734.057600 1.155200e-16
7735.553300 1.089200e-16
7737.049000 1.048500e-16
7738.544700 1.028400e-16
7740.040400 1.017400e-16
7741.536100 1.013000e-16
7743.031800 1.024800e-16
7744.527500 1.061500e-16
7746.023200 1.117400e-16
7747.518900 1.170500e-16
7749.014600 1.195700e-16
7750.510400 1.183200e-16
7752.006100 1.147100e-16
7753.501800 1.113800e-16
7754.997500 1.102100e-16
7756.493200 1.112600e-16
7757.988900 1.135200e-16
7759.484600 1.161500e-16
7760.980300 1.188600e-16
7762.476000 1.214200e-16
7763.971700 1.230600e-16
7765.467400 1.225400e-16
7766.963100 1.190200e-16
7768.458800 1.131800e-16
7769.954500 1.074600e-16
7771.450200 1.046600e-16
7772.945900 1.059600e-16
7774.441600 1.103100e-16
7775.937300 1.155500e-16
7777.433000 1.198300e-16
7778.928700 1.221100e-16
7780.424400 1.218300e-16
7781.920100 1.186900e-16
7783.415800 1.128500e-16
7784.911500 1.052100e-16
7786.407200 9.737500e-17
7787.903000 9.111200e-17
7789.398700 8.778300e-17
7790.894400 8.777600e-17
7792.390100 9.006000e-17
7793.885800 9.241400e-17
7795.381500 9.276500e-17
7796.877200 9.063600e-17
7798.372900 8.711700e-17
7799.868600 8.338600e-17
7801.364300 7.960200e-17
7802.860000 7.539200e-17
7804.355700 7.118800e-17
7805.851400 6.874900e-17
7807.347100 7.004200e-17
7808.842800 7.519300e-17
7810.338500 8.138000e-17
7811.834200 8.420800e-17
7813.329900 8.093200e-17
7814.825600 7.271400e-17
7816.321300 6.360100e-17
7817.817000 5.719500e-17
7819.312700 5.428600e-17
7820.808400 5.336500e-17
7822.304100 5.272700e-17
7823.799900 5.179200e-17
7825.295600 5.085600e-17
7826.791300 5.020300e-17
7828.287000 4.959500e-17
7829.782700 4.834900e-17
7831.278400 4.576900e-17
7832.774100 4.165400e-17
7834.269800 3.654100e-17
7835.765500 3.144100e-17
7837.261200 2.728700e-17
7838.756900 2.456800e-17
7840.252600 2.323700e-17
7841.748300 2.270700e-17
7843.244000 2.211000e-17
7844.739700 2.098900e-17
7846.235400 1.991800e-17
7847.731100 2.019000e-17
7849.226800 2.252300e-17
7850.722500 2.591800e-17
7852.218200 2.797800e-17
7853.713900 2.661600e-17
7855.209600 2.162300e-17
7856.705300 1.471800e-17
7858.201000 8.255700e-18
7859.696700 3.814300e-18
7861.192500 1.718600e-18
7862.688200 1.565300e-18
7864.183900 3.047300e-18
7865.679600 6.370600e-18
7867.175300 1.205400e-17
7868.671000 2.022600e-17
7870.166700 2.981000e-17
7871.662400 3.851000e-17
7873.158100 4.414300e-17
7874.653800 4.624600e-17
7876.149500 4.606000e-17
7877.645200 4.490900e-17
7879.140900 4.293700e-17
7880.636600 3.946700e-17
7882.132300 3.418400e-17
7883.628000 2.780700e-17
7885.123700 2.179600e-17
7886.619400 1.751200e-17
7888.115100 1.556300e-17
7889.610800 1.570100e-17
7891.106500 1.707700e-17
7892.602200 1.857200e-17
7894.097900 1.935600e-17
7895.593600 1.951600e-17
7897.089400 2.000100e-17
7898.585100 2.156400e-17
7900.080800 2.378800e-17
7901.576500 2.548800e-17
7903.072200 2.610900e-17
7904.567900 2.638400e-17
7906.063600 2.735800e-17
7907.559300 2.901600e-17
7909.055000 3.013900e-17
7910.550700 2.936400e-17
7912.046400 2.621900e-17
7913.542100 2.134700e-17
7915.037800 1.608100e-17
7916.533500 1.171800e-17
7918.029200 8.888100e-18
7919.524900 7.401100e-18
7921.020600 6.579600e-18
7922.516300 5.753800e-18
7924.012000 4.733800e-18
7925.507700 4.044500e-18
7927.003400 4.552400e-18
7928.499100 6.572100e-18
7929.994800 9.298900e-18
7931.490500 1.126500e-17
7932.986300 1.145600e-17
7934.482000 1.003100e-17
7935.977700 8.069600e-18
7937.473400 6.657100e-18
7938.969100 6.069000e-18
7940.464800 5.658900e-18
7941.960500 4.604400e-18
7943.456200 2.924700e-18
7944.951900 1.660800e-18
7946.447600 1.785800e-18
7947.943300 2.955500e-18
7949.439000 3.655200e-18
7950.934700 2.739600e-18
7956.917500 2.435500e-18
7958.413200 7.168600e-18
7959.908900 1.289900e-17
7961.404600 1.851600e-17
7962.900300 2.271300e-17
7964.396000 2.456700e-17
7965.891700 2.433800e-17
7967.387400 2.339100e-17
7968.883100 2.300500e-17
7970.378900 2.320600e-17
7971.874600 2.282600e-17
7973.370300 2.078600e-17
7974.866000 1.737200e-17
7976.361700 1.428700e-17
7977.857400 1.342000e-17
7979.353100 1.532500e-17
7980.848800 1.853800e-17
7982.344500 2.028400e-17
7983.840200 1.824100e-17
7985.335900 1.223000e-17
7986.831600 4.487600e-18
7992.814400 3.287000e-18
7994.310100 8.587000e-18
7995.805800 1.210700e-17
7997.301500 1.319000e-17
7998.797200 1.270000e-17
8000.292900 1.212300e-17
8001.788600 1.228000e-17
8003.284300 1.260200e-17
8004.780000 1.151900e-17
8006.275800 7.755400e-18
8007.771500 1.619400e-18
8016.745700 4.946300e-18
8018.241400 7.081300e-18
8019.737100 6.780900e-18
8021.232800 5.055900e-18
8022.728500 3.137400e-18
8024.224200 1.834500e-18
8025.719900 1.373600e-18
8027.215600 1.612600e-18
8028.711300 2.470000e-18
8030.207000 4.307600e-18
8031.702700 7.805500e-18
8033.198400 1.317100e-17
8034.694100 1.936400e-17
8036.189800 2.434900e-17
8037.685500 2.645400e-17
8039.181200 2.559500e-17
8040.676900 2.315900e-17
8042.172600 2.078300e-17
8043.668400 1.936500e-17
8045.164100 1.906700e-17
8046.659800 1.973300e-17
8048.155500 2.093800e-17
8049.651200 2.179900e-17
8051.146900 2.126800e-17
8052.642600 1.886700e-17
8054.138300 1.507400e-17
8055.634000 1.101100e-17
8057.129700 7.819300e-18
8058.625400 6.190400e-18
8060.121100 6.076200e-18
8061.616800 6.730600e-18
8063.112500 7.254500e-18
8064.608200 7.336600e-18
8066.103900 7.505600e-18
8067.599600 8.657600e-18
8069.095300 1.131100e-17
8070.591000 1.513700e-17
8072.086700 1.896900e-17
8073.582400 2.130200e-17
8075.078100 2.117600e-17
8076.573800 1.895700e-17
8078.069500 1.627600e-17
8079.565300 1.495500e-17
8081.061000 1.570500e-17
8082.556700 1.770200e-17
8084.052400 1.937900e-17
8085.548100 1.966600e-17
8087.043800 1.855700e-17
8088.539500 1.668500e-17
8090.035200 1.456200e-17
8091.530900 1.227200e-17
8093.026600 9.678900e-18
8094.522300 6.713400e-18
8096.018000 3.506100e-18
8103.496500 1.445500e-18
8104.992200 6.086600e-18
8106.487900 1.065500e-17
8107.983600 1.360300e-17
8109.479300 1.432000e-17
8110.975000 1.347400e-17
8112.470700 1.236400e-17
8113.966400 1.197600e-17
8115.462100 1.258000e-17
8116.957900 1.392500e-17
8118.453600 1.559600e-17
8119.949300 1.726900e-17
8121.445000 1.885800e-17
8122.940700 2.050500e-17
8124.436400 2.232000e-17
8125.932100 2.405400e-17
8127.427800 2.504300e-17
8128.923500 2.464800e-17
8130.419200 2.279700e-17
8131.914900 2.011600e-17
8133.410600 1.753000e-17
8134.906300 1.582700e-17
8136.402000 1.548800e-17
8137.897700 1.661600e-17
8139.393400 1.872800e-17
8140.889100 2.069300e-17
8142.384800 2.130800e-17
8143.880500 2.025100e-17
8145.376200 1.846400e-17
8146.871900 1.744600e-17
8148.367600 1.812400e-17
8149.863300 2.031400e-17
8151.359000 2.301500e-17
8152.854800 2.502300e-17
8154.350500 2.546200e-17
8155.846200 2.408500e-17
8157.341900 2.123800e-17
8158.837600 1.751700e-17
8160.333300 1.362600e-17
8161.829000 1.087300e-17
