3700.800000 2.603050e-15
3702.270000 3.185361e-15
3703.740000 3.034321e-15
3705.210000 2.965668e-15
3706.680000 3.088651e-15
3708.150000 3.456072e-15
3709.620000 3.000510e-15
3711.090000 2.641255e-15
3712.560000 2.971039e-15
3714.030000 3.122470e-15
3715.500000 2.868730e-15
3716.970000 3.010176e-15
3718.440000 3.667370e-15
3719.910000 3.626980e-15
3721.380000 3.515364e-15
3722.850000 3.407434e-15
3724.320000 3.677645e-15
3725.790000 3.613585e-15
3727.260000 3.392605e-15
3728.730000 3.453364e-15
3730.200000 2.972618e-15
3731.670000 2.837425e-15
3733.140000 2.321660e-15
3734.610000 2.933733e-15
3736.080000 2.968462e-15
3737.550000 3.539987e-15
3739.020000 3.193645e-15
3740.490000 2.618802e-15
3741.960000 2.663411e-15
3743.430000 2.760775e-15
3744.900000 2.783713e-15
3746.370000 2.987546e-15
3747.840000 3.072287e-15
3749.310000 2.532577e-15
3750.780000 2.737208e-15
3752.250000 2.637157e-15
3753.720000 2.916319e-15
3755.190000 2.912054e-15
3756.660000 2.598666e-15
3758.130000 2.817076e-15
3759.600000 2.442925e-15
3761.070000 2.290925e-15
3762.540000 2.263064e-15
3764.010000 2.600251e-15
3765.480000 2.983137e-15
3766.950000 2.827421e-15
3768.420000 2.573804e-15
3769.890000 2.114429e-15
3771.360000 2.182855e-15
3772.830000 2.219165e-15
3774.300000 2.407670e-15
3775.770000 2.800544e-15
3777.240000 2.976218e-15
3778.710000 2.609508e-15
3780.180000 1.792412e-15
3781.650000 2.301139e-15
3783.120000 2.521961e-15
3784.590000 1.775148e-15
3786.060000 1.781457e-15
3787.530000 2.256212e-15
3789.000000 1.912388e-15
3790.470000 2.017895e-15
3791.940000 2.139197e-15
3793.410000 1.926777e-15
3794.880000 1.521357e-15
3796.350000 1.424651e-15
3797.820000 1.479465e-15
3799.290000 1.771972e-15
3800.760000 1.784380e-15
3802.230000 1.835107e-15
3803.700000 1.667901e-15
3805.170000 1.521954e-15
3806.640000 1.198263e-15
3808.110000 1.384119e-15
3809.580000 1.547564e-15
3811.050000 1.369082e-15
3812.520000 1.516460e-15
3813.990000 1.790378e-15
3815.460000 1.667134e-15
3816.930000 1.122459e-15
3818.400000 1.057911e-15
3819.870000 1.282653e-15
3821.340000 1.372566e-15
3822.810000 1.307554e-15
3824.280000 9.602284e-16
3825.750000 1.090105e-15
3827.220000 1.036584e-15
3828.690000 9.095433e-16
3830.160000 1.179964e-15
3831.630000 1.221569e-15
3833.100000 1.002084e-15
3834.570000 7.315381e-16
3836.040000 7.747757e-16
3837.510000 1.065447e-15
3838.980000 7.778365e-16
3840.450000 8.578128e-16
3841.920000 7.500602e-16
3843.390000 7.789120e-16
3844.860000 9.875912e-16
3846.330000 8.828016e-16
3847.800000 9.658338e-16
3849.270000 1.424283e-15
3850.740000 1.140165e-15
3852.210000 7.206641e-16
3853.680000 1.097570e-15
3855.150000 1.251817e-15
3856.620000 1.268821e-15
3858.090000 8.417644e-16
3859.560000 9.204986e-16
3861.030000 1.202061e-15
3862.500000 9.322960e-16
3863.970000 1.358294e-15
3865.440000 1.562945e-15
3866.910000 8.386365e-16
3868.380000 6.751290e-16
3869.850000 1.220880e-15
3871.320000 1.556392e-15
3872.790000 1.247062e-15
3874.260000 1.056807e-15
3875.730000 9.828642e-16
3877.200000 1.027970e-15
3878.670000 1.075698e-15
3880.140000 1.120857e-15
3881.610000 1.464597e-15
3883.080000 1.530920e-15
3884.550000 1.147681e-15
3886.020000 9.219393e-16
3887.490000 1.128782e-15
3888.960000 1.013780e-15
3890.430000 1.050889e-15
3891.900000 1.298513e-15
3893.370000 1.315352e-15
3894.840000 1.606588e-15
3896.310000 1.878494e-15
3897.780000 1.426910e-15
3899.250000 9.818152e-16
3900.720000 1.186447e-15
3902.190000 1.258326e-15
3903.660000 1.424559e-15
3905.130000 1.441117e-15
3906.600000 1.763673e-15
3908.070000 1.783832e-15
3909.540000 1.578261e-15
3911.010000 1.484977e-15
3912.480000 1.180568e-15
3913.950000 1.460490e-15
3915.420000 1.438109e-15
3916.890000 1.703098e-15
3918.360000 1.498591e-15
3919.830000 1.868116e-15
3921.300000 1.715567e-15
3922.770000 1.830613e-15
3924.240000 1.854980e-15
3925.710000 1.923002e-15
3927.180000 2.117816e-15
3928.650000 2.057496e-15
3930.120000 1.868954e-15
3931.590000 1.848351e-15
3933.060000 1.935925e-15
3934.530000 2.001716e-15
3936.000000 1.786214e-15
3937.470000 2.366149e-15
3938.940000 2.341307e-15
3940.410000 2.438411e-15
3941.880000 2.463855e-15
3943.350000 2.747185e-15
3944.820000 3.062427e-15
3946.290000 2.788099e-15
3947.760000 2.704521e-15
3949.230000 2.469353e-15
3950.700000 2.748217e-15
3952.170000 2.665293e-15
3953.640000 2.558007e-15
3955.110000 2.774664e-15
3956.580000 2.824168e-15
3958.050000 3.065217e-15
3959.520000 3.277353e-15
3960.990000 3.439907e-15
3962.460000 3.544996e-15
3963.930000 3.406667e-15
3965.400000 3.148954e-15
3966.870000 3.368850e-15
3968.340000 3.463610e-15
3969.810000 3.287428e-15
3971.280000 3.151215e-15
3972.750000 3.643569e-15
3974.220000 4.156693e-15
3975.690000 3.579282e-15
3977.160000 3.779153e-15
3978.630000 3.816628e-15
3980.100000 4.036881e-15
3981.570000 4.199930e-15
3983.040000 3.893232e-15
3984.510000 4.117979e-15
3985.980000 4.338714e-15
3987.450000 4.841426e-15
3988.920000 4.373494e-15
3990.390000 3.939843e-15
3991.860000 4.480851e-15
3993.330000 4.658815e-15
3994.800000 4.349469e-15
3996.270000 4.391426e-15
3997.740000 4.859922e-15
3999.210000 4.763285e-15
4000.680000 4.462983e-15
4002.150000 4.475925e-15
4003.620000 4.694038e-15
4005.090000 4.913035e-15
4006.560000 5.112179e-15
4008.030000 4.853508e-15
4009.500000 4.919268e-15
4010.970000 4.834808e-15
4012.440000 4.705511e-15
4013.910000 4.446508e-15
4015.380000 4.647693e-15
4016.850000 4.592579e-15
4018.320000 4.453248e-15
4019.790000 5.070226e-15
4021.260000 4.954819e-15
4022.730000 5.288507e-15
4024.200000 5.316569e-15
4025.670000 5.314910e-15
4027.140000 5.351234e-15
4028.610000 5.240363e-15
4030.080000 5.238569e-15
4031.550000 4.655969e-15
4033.020000 4.852050e-15
4034.490000 5.467417e-15
4035.960000 5.622861e-15
4037.430000 5.475948e-15
4038.900000 5.162256e-15
4040.370000 5.020245e-15
4041.840000 5.157867e-15
4043.310000 5.135766e-15
4044.780000 5.061989e-15
4046.250000 5.033814e-15
4047.720000 4.478408e-15
4049.190000 5.039949e-15
4050.660000 5.066546e-15
4052.130000 5.397013e-15
4053.600000 4.779686e-15
4055.070000 4.570498e-15
4056.540000 5.422123e-15
4058.010000 4.875514e-15
4059.480000 4.959282e-15
4060.950000 5.129320e-15
4062.420000 4.847278e-15
4063.890000 5.090864e-15
4065.360000 5.206095e-15
4066.830000 4.747000e-15
4068.300000 4.885155e-15
4069.770000 4.823497e-15
4071.240000 5.386342e-15
4072.710000 5.616265e-15
4074.180000 5.216984e-15
4075.650000 4.847803e-15
4077.120000 4.932226e-15
4078.590000 5.051198e-15
4080.060000 5.034468e-15
4081.530000 5.233100e-15
4083.000000 5.885359e-15
4084.470000 5.239035e-15
4085.940000 5.121750e-15
4087.410000 5.711160e-15
4088.880000 5.323832e-15
4090.350000 5.015115e-15
4091.820000 5.095536e-15
4093.290000 5.535470e-15
4094.760000 5.279392e-15
4096.230000 4.704857e-15
4097.700000 4.705174e-15
4099.170000 5.155203e-15
4100.640000 4.923867e-15
4102.110000 4.714573e-15
4103.580000 4.464208e-15
4105.050000 4.649746e-15
4106.520000 4.809817e-15
4107.990000 4.556239e-15
4109.460000 4.629248e-15
4110.930000 4.933132e-15
4112.400000 4.444361e-15
4113.870000 4.554589e-15
4115.340000 4.882712e-15
4116.810000 4.971772e-15
4118.280000 4.586004e-15
4119.750000 4.531216e-15
4121.220000 4.571018e-15
4122.690000 4.384827e-15
4124.160000 4.000524e-15
4125.630000 4.335951e-15
4127.100000 4.443501e-15
4128.570000 3.924997e-15
4130.040000 4.092805e-15
4131.510000 4.075452e-15
4132.980000 3.901265e-15
4134.450000 4.171823e-15
4135.920000 4.263373e-15
4137.390000 3.786115e-15
4138.860000 3.812342e-15
4140.330000 3.791267e-15
4141.800000 3.823567e-15
4143.270000 3.990403e-15
4144.740000 4.034253e-15
4146.210000 3.934808e-15
4147.680000 3.885380e-15
4149.150000 3.988584e-15
4150.620000 4.117716e-15
4152.090000 4.241380e-15
4153.560000 3.666326e-15
4155.030000 3.721244e-15
4156.500000 3.643527e-15
4157.970000 3.720539e-15
4159.440000 3.687902e-15
4160.910000 3.778202e-15
4162.380000 3.590690e-15
4163.850000 3.787278e-15
4165.320000 3.757580e-15
4166.790000 4.008176e-15
4168.260000 3.684948e-15
4169.730000 3.847195e-15
4171.200000 3.884857e-15
4172.670000 3.968931e-15
4174.140000 3.845658e-15
4175.610000 3.983350e-15
4177.080000 3.723933e-15
4178.550000 3.653430e-15
4180.020000 3.263917e-15
4181.490000 3.449671e-15
4182.960000 3.818331e-15
4184.430000 3.524507e-15
4185.900000 3.378429e-15
4187.370000 3.405835e-15
4188.840000 3.520477e-15
4190.310000 3.629570e-15
4191.780000 3.244120e-15
4193.250000 3.585108e-15
4194.720000 3.696615e-15
4196.190000 3.493917e-15
4197.660000 3.444968e-15
4199.130000 3.427416e-15
4200.600000 3.429761e-15
4202.070000 3.629374e-15
4203.540000 3.815625e-15
4205.010000 3.514713e-15
4206.480000 3.520049e-15
4207.950000 3.332002e-15
4209.420000 3.368060e-15
4210.890000 3.421633e-15
4212.360000 3.782397e-15
4213.830000 3.773368e-15
4215.300000 3.474452e-15
4216.770000 3.581699e-15
4218.240000 3.637719e-15
4219.710000 3.670030e-15
4221.180000 3.539016e-15
4222.650000 3.431427e-15
4224.120000 3.508505e-15
4225.590000 3.649151e-15
4227.060000 3.729618e-15
4228.530000 3.463741e-15
4230.000000 3.555053e-15
4231.470000 3.869501e-15
4232.940000 3.473255e-15
4234.410000 3.621207e-15
4235.880000 3.543965e-15
4237.350000 3.466723e-15
4238.820000 3.389481e-15
4240.290000 3.312239e-15
4241.760000 3.234997e-15
4243.230000 3.234997e-15
4244.700000 3.395766e-15
4246.170000 3.539431e-15
4247.640000 3.508863e-15
4249.110000 3.682474e-15
4250.580000 3.690851e-15
4252.050000 3.697885e-15
4253.520000 3.636141e-15
4254.990000 3.766435e-15
4256.460000 3.605598e-15
4257.930000 3.417892e-15
4259.400000 3.908390e-15
4260.870000 4.114990e-15
4262.340000 4.264886e-15
4263.810000 3.822996e-15
4265.280000 3.522508e-15
4266.750000 3.793911e-15
4268.220000 3.678504e-15
4269.690000 3.393581e-15
4271.160000 3.498248e-15
4272.630000 3.766468e-15
4274.100000 3.863846e-15
4275.570000 3.583429e-15
4277.040000 3.474870e-15
4278.510000 3.636264e-15
4279.980000 3.784411e-15
4281.450000 3.914935e-15
4282.920000 3.795086e-15
4284.390000 3.798739e-15
4285.860000 3.926740e-15
4287.330000 3.463725e-15
4288.800000 3.566086e-15
4290.270000 4.088331e-15
4291.740000 3.769250e-15
4293.210000 3.651066e-15
4294.680000 3.751676e-15
4296.150000 3.893011e-15
4297.620000 3.942686e-15
4299.090000 3.839145e-15
4300.560000 3.717479e-15
4302.030000 3.852966e-15
4303.500000 4.024141e-15
4304.970000 3.599586e-15
4306.440000 3.652127e-15
4307.910000 3.665324e-15
4309.380000 3.531023e-15
4310.850000 3.457634e-15
4312.320000 3.536732e-15
4313.790000 3.785201e-15
4315.260000 3.784014e-15
4316.730000 3.883502e-15
4318.200000 3.803257e-15
4319.670000 3.972638e-15
4321.140000 3.777163e-15
4322.610000 3.930977e-15
4324.080000 4.089237e-15
4325.550000 3.653467e-15
4327.020000 3.964430e-15
4328.490000 3.876702e-15
4329.960000 3.878781e-15
4331.430000 3.746965e-15
4332.900000 3.640798e-15
4334.370000 4.023897e-15
4335.840000 3.884786e-15
4337.310000 3.810105e-15
4338.780000 3.237900e-15
4340.250000 3.240978e-15
4341.720000 3.740755e-15
4343.190000 3.363601e-15
4344.660000 3.847817e-15
4346.130000 3.733326e-15
4347.600000 3.578499e-15
4349.070000 3.446769e-15
4350.540000 3.665764e-15
4352.010000 3.759166e-15
4353.480000 3.730178e-15
4354.950000 3.787278e-15
4356.420000 3.887696e-15
4357.890000 3.701743e-15
4359.360000 3.387097e-15
4360.830000 3.559368e-15
4362.300000 3.867889e-15
4363.770000 3.817190e-15
4365.240000 3.634630e-15
4366.710000 3.686630e-15
4368.180000 4.024114e-15
4369.650000 3.604655e-15
4371.120000 3.875570e-15
4372.590000 3.958984e-15
4374.060000 3.906316e-15
4375.530000 3.093862e-15
4377.000000 3.214790e-15
4378.470000 3.143723e-15
4379.940000 3.050977e-15
4381.410000 3.105239e-15
4382.880000 3.748128e-15
4384.350000 3.670235e-15
4385.820000 3.830226e-15
4387.290000 3.876567e-15
4388.760000 3.472197e-15
4390.230000 3.686931e-15
4391.700000 3.639435e-15
4393.170000 3.736466e-15
4394.640000 3.717811e-15
4396.110000 3.472657e-15
4397.580000 3.698048e-15
4399.050000 3.656342e-15
4400.520000 4.007710e-15
4401.990000 3.616088e-15
4403.460000 3.260976e-15
4404.930000 3.873308e-15
4406.400000 3.354381e-15
4407.870000 3.491514e-15
4409.340000 3.575146e-15
4410.810000 3.592659e-15
4412.280000 3.854334e-15
4413.750000 3.642156e-15
4415.220000 3.655672e-15
4416.690000 3.807551e-15
4418.160000 3.384647e-15
4419.630000 3.778447e-15
4421.100000 3.466634e-15
4422.570000 3.469934e-15
4424.040000 3.241964e-15
4425.510000 3.449831e-15
4426.980000 3.380215e-15
4428.450000 3.312271e-15
4429.920000 3.162850e-15
4431.390000 2.998199e-15
4432.860000 3.622186e-15
4434.330000 3.431705e-15
4435.800000 3.269957e-15
4437.270000 2.946183e-15
4438.740000 3.011929e-15
4440.210000 3.128380e-15
4441.680000 3.105676e-15
4443.150000 2.716987e-15
4444.620000 2.735945e-15
4446.090000 3.363376e-15
4447.560000 3.157125e-15
4449.030000 2.938528e-15
4450.500000 2.731724e-15
4451.970000 2.727375e-15
4453.440000 2.816049e-15
4454.910000 2.892021e-15
4456.380000 2.764325e-15
4457.850000 2.820106e-15
4459.320000 2.568995e-15
4460.790000 2.857467e-15
4462.260000 2.766663e-15
4463.730000 2.644822e-15
4465.200000 2.699891e-15
4466.670000 2.440925e-15
4468.140000 2.429726e-15
4469.610000 2.392420e-15
4471.080000 2.547368e-15
4472.550000 2.682073e-15
4474.020000 2.270091e-15
4475.490000 2.582576e-15
4476.960000 3.002524e-15
4478.430000 2.721351e-15
4479.900000 2.795683e-15
4481.370000 2.659673e-15
4482.840000 2.377126e-15
4484.310000 2.562970e-15
4485.780000 2.603876e-15
4487.250000 2.394568e-15
4488.720000 2.510880e-15
4490.190000 2.704711e-15
4491.660000 2.730018e-15
4493.130000 2.515026e-15
4494.600000 2.480790e-15
4496.070000 2.532332e-15
4497.540000 2.615248e-15
4499.010000 2.531423e-15
4500.480000 2.737952e-15
4501.950000 2.697953e-15
4503.420000 2.408940e-15
4504.890000 2.691814e-15
4506.360000 2.806431e-15
4507.830000 2.717916e-15
4509.300000 2.604300e-15
4510.770000 2.785669e-15
4512.240000 2.561720e-15
4513.710000 2.723234e-15
4515.180000 2.867264e-15
4516.650000 2.435355e-15
4518.120000 2.381130e-15
4519.590000 2.893123e-15
4521.060000 2.629737e-15
4522.530000 2.284839e-15
4524.000000 2.404139e-15
4525.470000 2.633121e-15
4526.940000 2.970765e-15
4528.410000 2.669915e-15
4529.880000 2.200542e-15
4531.350000 2.351720e-15
4532.820000 2.703727e-15
4534.290000 2.618242e-15
4535.760000 2.395262e-15
4537.230000 2.596415e-15
4538.700000 2.719175e-15
4540.170000 2.629398e-15
4541.640000 2.914929e-15
4543.110000 2.954180e-15
4544.580000 3.195228e-15
4546.050000 3.101734e-15
4547.520000 2.879790e-15
4548.990000 2.918716e-15
4550.460000 3.061394e-15
4551.930000 3.158386e-15
4553.400000 3.038718e-15
4554.870000 2.851177e-15
4556.340000 2.914026e-15
4557.810000 3.105729e-15
4559.280000 2.994900e-15
4560.750000 2.946388e-15
4562.220000 3.243011e-15
4563.690000 3.274203e-15
4565.160000 3.171737e-15
4566.630000 3.216179e-15
4568.100000 3.219104e-15
4569.570000 3.432180e-15
4571.040000 3.331690e-15
4572.510000 3.083660e-15
4573.980000 3.492107e-15
4575.450000 3.670262e-15
4576.920000 3.687189e-15
4578.390000 3.545674e-15
4579.860000 3.382385e-15
4581.330000 3.439247e-15
4582.800000 3.635372e-15
4584.270000 3.773788e-15
4585.740000 3.705331e-15
4587.210000 3.654247e-15
4588.680000 3.757401e-15
4590.150000 3.658619e-15
4591.620000 3.932670e-15
4593.090000 4.031208e-15
4594.560000 3.743744e-15
4596.030000 3.843962e-15
4597.500000 4.177563e-15
4598.970000 4.022888e-15
4600.440000 3.921630e-15
4601.910000 3.856169e-15
4603.380000 4.253805e-15
4604.850000 4.165202e-15
4606.320000 3.945093e-15
4607.790000 4.011481e-15
4609.260000 3.973228e-15
4610.730000 4.050156e-15
4612.200000 4.101787e-15
4613.670000 3.958225e-15
4615.140000 3.957409e-15
4616.610000 4.029586e-15
4618.080000 4.004213e-15
4619.550000 4.123533e-15
4621.020000 4.502235e-15
4622.490000 4.477013e-15
4623.960000 4.689334e-15
4625.430000 4.334250e-15
4626.900000 4.156065e-15
4628.370000 4.431341e-15
4629.840000 4.437032e-15
4631.310000 4.385294e-15
4632.780000 4.133217e-15
4634.250000 4.034466e-15
4635.720000 4.528300e-15
4637.190000 4.655739e-15
4638.660000 4.773059e-15
4640.130000 4.520165e-15
4641.600000 4.487380e-15
4643.070000 4.481034e-15
4644.540000 4.511952e-15
4646.010000 4.596350e-15
4647.480000 4.506114e-15
4648.950000 4.824132e-15
4650.420000 4.789721e-15
4651.890000 4.553080e-15
4653.360000 4.501898e-15
4654.830000 4.259373e-15
4656.300000 4.655825e-15
4657.770000 4.627578e-15
4659.240000 4.743392e-15
4660.710000 4.743500e-15
4662.180000 4.899203e-15
4663.650000 4.803277e-15
4665.120000 4.827163e-15
4666.590000 4.776070e-15
4668.060000 4.647275e-15
4669.530000 4.825342e-15
4671.000000 4.858586e-15
4672.470000 4.998027e-15
4673.940000 5.109497e-15
4675.410000 5.090346e-15
4676.880000 4.718881e-15
4678.350000 4.770121e-15
4679.820000 4.841299e-15
4681.290000 5.159618e-15
4682.760000 4.941573e-15
4684.230000 5.052308e-15
4685.700000 5.030808e-15
4687.170000 4.751894e-15
4688.640000 4.532706e-15
4690.110000 4.688686e-15
4691.580000 4.906955e-15
4693.050000 4.897586e-15
4694.520000 4.863573e-15
4695.990000 4.922532e-15
4697.460000 5.006599e-15
4698.930000 4.880632e-15
4700.400000 5.093976e-15
4701.870000 5.263672e-15
4703.340000 4.929722e-15
4704.810000 5.005656e-15
4706.280000 4.989181e-15
4707.750000 4.834998e-15
4709.220000 4.981100e-15
4710.690000 5.089676e-15
4712.160000 5.216125e-15
4713.630000 5.142136e-15
4715.100000 5.029610e-15
4716.570000 4.907417e-15
4718.040000 4.990475e-15
4719.510000 4.845740e-15
4720.980000 4.807187e-15
4722.450000 5.010507e-15
4723.920000 5.002296e-15
4725.390000 4.822453e-15
4726.860000 4.799091e-15
4728.330000 4.934022e-15
4729.800000 4.941395e-15
4731.270000 4.630709e-15
4732.740000 4.817996e-15
4734.210000 5.093670e-15
4735.680000 4.959463e-15
4737.150000 4.809143e-15
4738.620000 4.841875e-15
4740.090000 5.005161e-15
4741.560000 4.979266e-15
4743.030000 5.084345e-15
4744.500000 4.928140e-15
4745.970000 4.607800e-15
4747.440000 4.716784e-15
4748.910000 4.716723e-15
4750.380000 4.948794e-15
4751.850000 4.941049e-15
4753.320000 4.778899e-15
4754.790000 4.985153e-15
4756.260000 4.984036e-15
4757.730000 4.981366e-15
4759.200000 4.801048e-15
4760.670000 4.932370e-15
4762.140000 4.965633e-15
4763.610000 4.702745e-15
4765.080000 4.713403e-15
4766.550000 4.896276e-15
4768.020000 4.554067e-15
4769.490000 4.685372e-15
4770.960000 4.806936e-15
4772.430000 4.932348e-15
4773.900000 4.377228e-15
4775.370000 4.469228e-15
4776.840000 4.520242e-15
4778.310000 4.534176e-15
4779.780000 4.329212e-15
4781.250000 4.365063e-15
4782.720000 4.734081e-15
4784.190000 4.831417e-15
4785.660000 4.665193e-15
4787.130000 4.404354e-15
4788.600000 4.662960e-15
4790.070000 4.493983e-15
4791.540000 4.451582e-15
4793.010000 4.377881e-15
4794.480000 4.527845e-15
4795.950000 4.374506e-15
4797.420000 4.312642e-15
4798.890000 4.328149e-15
4800.360000 4.534801e-15
4801.830000 4.499158e-15
4803.300000 4.511503e-15
4804.770000 4.452507e-15
4806.240000 3.990290e-15
4807.710000 4.146566e-15
4809.180000 4.298707e-15
4810.650000 4.185134e-15
4812.120000 4.141003e-15
4813.590000 4.152422e-15
4815.060000 4.328167e-15
4816.530000 4.176492e-15
4818.000000 4.246146e-15
4819.470000 4.194842e-15
4820.940000 3.643719e-15
4822.410000 3.768915e-15
4823.880000 3.819460e-15
4825.350000 3.894376e-15
4826.820000 3.783374e-15
4828.290000 3.828233e-15
4829.760000 3.473845e-15
4831.230000 3.449588e-15
4832.700000 3.599960e-15
4834.170000 3.463358e-15
4835.640000 3.588440e-15
4837.110000 3.325846e-15
4838.580000 3.550602e-15
4840.050000 3.517967e-15
4841.520000 3.218159e-15
4842.990000 3.117524e-15
4844.460000 3.580001e-15
4845.930000 3.505331e-15
4847.400000 3.175146e-15
4848.870000 3.045893e-15
4850.340000 2.999496e-15
4851.810000 2.852364e-15
4853.280000 2.961667e-15
4854.750000 2.924033e-15
4856.220000 2.983454e-15
4857.690000 2.953645e-15
4859.160000 2.810048e-15
4860.630000 2.931521e-15
4862.100000 2.819610e-15
4863.570000 2.645466e-15
4865.040000 2.532499e-15
4866.510000 2.566017e-15
4867.980000 2.862810e-15
4869.450000 2.856391e-15
4870.920000 2.849973e-15
4872.390000 2.843555e-15
4873.860000 2.837136e-15
4875.330000 2.830718e-15
4876.800000 2.830718e-15
4878.270000 2.719679e-15
4879.740000 2.428183e-15
4881.210000 2.475711e-15
4882.680000 2.519923e-15
4884.150000 2.321367e-15
4885.620000 2.521257e-15
4887.090000 2.648207e-15
4888.560000 2.371765e-15
4890.030000 2.482550e-15
4891.500000 2.606858e-15
4892.970000 2.631294e-15
4894.440000 2.459141e-15
4895.910000 2.546354e-15
4897.380000 2.554155e-15
4898.850000 2.576316e-15
4900.320000 2.779935e-15
4901.790000 2.567572e-15
4903.260000 2.498695e-15
4904.730000 2.538705e-15
4906.200000 2.604584e-15
4907.670000 2.652842e-15
4909.140000 2.594805e-15
4910.610000 2.622427e-15
4912.080000 2.737124e-15
4913.550000 2.737295e-15
4915.020000 2.578704e-15
4916.490000 2.566241e-15
4917.960000 2.666291e-15
4919.430000 2.688329e-15
4920.900000 2.729604e-15
4922.370000 2.893348e-15
4923.840000 2.854036e-15
4925.310000 2.804833e-15
4926.780000 2.742229e-15
4928.250000 2.816746e-15
4929.720000 2.845524e-15
4931.190000 2.758023e-15
4932.660000 2.572857e-15
4934.130000 2.610529e-15
4935.600000 2.753879e-15
4937.070000 2.707941e-15
4938.540000 2.810885e-15
4940.010000 2.668518e-15
4941.480000 2.806585e-15
4942.950000 2.660481e-15
4944.420000 2.559966e-15
4945.890000 2.615834e-15
4947.360000 2.559470e-15
4948.830000 2.561458e-15
4950.300000 2.471291e-15
4951.770000 2.457745e-15
4953.240000 2.532123e-15
4954.710000 2.611353e-15
4956.180000 2.471502e-15
4957.650000 2.216933e-15
4959.120000 2.236072e-15
4960.590000 2.355562e-15
4962.060000 2.533898e-15
4963.530000 2.565557e-15
4965.000000 2.460112e-15
4966.470000 2.441351e-15
4967.940000 2.403281e-15
4969.410000 2.330116e-15
4970.880000 2.250368e-15
4972.350000 2.306370e-15
4973.820000 2.437466e-15
4975.290000 2.379442e-15
4976.760000 2.366613e-15
4978.230000 2.276399e-15
4979.700000 2.399071e-15
4981.170000 2.361333e-15
4982.640000 2.460322e-15
4984.110000 2.640908e-15
4985.580000 2.642835e-15
4987.050000 2.760050e-15
4988.520000 2.723317e-15
4989.990000 2.783351e-15
4991.460000 2.775083e-15
4992.930000 2.756595e-15
4994.400000 2.522058e-15
4995.870000 2.632965e-15
4997.340000 2.793931e-15
4998.810000 2.993030e-15
5000.280000 3.110894e-15
5001.750000 2.987824e-15
5003.220000 3.080484e-15
5004.690000 3.187204e-15
5006.160000 3.212448e-15
5007.630000 3.172373e-15
5009.100000 3.147901e-15
5010.570000 3.240468e-15
5012.040000 3.282521e-15
5013.510000 3.210762e-15
5014.980000 3.174455e-15
5016.450000 3.216417e-15
5017.920000 3.446631e-15
5019.390000 3.553301e-15
5020.860000 3.342754e-15
5022.330000 3.348969e-15
5023.800000 3.524589e-15
5025.270000 3.631982e-15
5026.740000 3.559254e-15
5028.210000 3.446879e-15
5029.680000 3.546130e-15
5031.150000 3.667937e-15
5032.620000 3.749678e-15
5034.090000 3.736741e-15
5035.560000 3.982882e-15
5037.030000 3.926151e-15
5038.500000 3.753558e-15
5039.970000 3.939934e-15
5041.440000 3.940758e-15
5042.910000 3.975614e-15
5044.380000 3.974297e-15
5045.850000 3.860819e-15
5047.320000 3.892313e-15
5048.790000 3.885690e-15
5050.260000 4.020672e-15
5051.730000 4.131058e-15
5053.200000 3.896604e-15
5054.670000 3.767293e-15
5056.140000 3.743029e-15
5057.610000 4.071108e-15
5059.080000 4.149251e-15
5060.550000 3.892541e-15
5062.020000 3.958101e-15
5063.490000 4.005651e-15
5064.960000 3.749193e-15
5066.430000 3.755468e-15
5067.900000 3.736161e-15
5069.370000 3.793527e-15
5070.840000 3.617462e-15
5072.310000 3.412621e-15
5073.780000 3.362151e-15
5075.250000 3.445650e-15
5076.720000 3.522069e-15
5078.190000 3.633273e-15
5079.660000 3.695470e-15
5081.130000 3.535309e-15
5082.600000 3.432542e-15
5084.070000 3.298145e-15
5085.540000 3.206586e-15
5087.010000 3.188558e-15
5088.480000 3.096564e-15
5089.950000 2.935267e-15
5091.420000 3.005160e-15
5092.890000 2.970223e-15
5094.360000 2.787468e-15
5095.830000 2.746426e-15
5097.300000 2.744283e-15
5098.770000 2.784696e-15
5100.240000 2.662641e-15
5101.710000 2.604454e-15
5103.180000 2.686849e-15
5104.650000 2.805775e-15
5106.120000 2.678570e-15
5107.590000 2.451123e-15
5109.060000 2.501990e-15
5110.530000 2.646510e-15
5112.000000 2.744714e-15
5113.470000 2.775508e-15
5114.940000 2.719222e-15
5116.410000 2.463151e-15
5117.880000 2.357850e-15
5119.350000 2.354778e-15
5120.820000 2.412354e-15
5122.290000 2.493073e-15
5123.760000 2.636592e-15
5125.230000 2.643635e-15
5126.700000 2.479973e-15
5128.170000 2.491591e-15
5129.640000 2.537266e-15
5131.110000 2.470468e-15
5132.580000 2.549832e-15
5134.050000 2.816844e-15
5135.520000 2.895388e-15
5136.990000 2.695822e-15
5138.460000 2.578487e-15
5139.930000 2.582793e-15
5141.400000 2.709704e-15
5142.870000 2.756196e-15
5144.340000 2.745355e-15
5145.810000 2.913882e-15
5147.280000 2.762140e-15
5148.750000 2.488297e-15
5150.220000 2.798836e-15
5151.690000 3.065121e-15
5153.160000 2.885959e-15
5154.630000 2.842836e-15
5156.100000 2.852394e-15
5157.570000 2.840755e-15
5159.040000 2.868519e-15
5160.510000 2.918277e-15
5161.980000 2.996879e-15
5163.450000 2.910636e-15
5164.920000 2.915815e-15
5166.390000 3.070519e-15
5167.860000 3.053025e-15
5169.330000 2.992142e-15
5170.800000 2.986514e-15
5172.270000 3.017788e-15
5173.740000 3.062914e-15
5175.210000 2.936861e-15
5176.680000 2.975089e-15
5178.150000 3.091171e-15
5179.620000 3.194353e-15
5181.090000 3.354832e-15
5182.560000 3.299451e-15
5184.030000 3.273542e-15
5185.500000 3.296205e-15
5186.970000 3.248538e-15
5188.440000 3.222190e-15
5189.910000 3.214856e-15
5191.380000 3.299012e-15
5192.850000 3.181954e-15
5194.320000 3.080075e-15
5195.790000 3.311911e-15
5197.260000 3.304707e-15
5198.730000 3.265472e-15
5200.200000 3.399925e-15
5201.670000 3.329649e-15
5203.140000 3.366262e-15
5204.610000 3.486848e-15
5206.080000 3.391601e-15
5207.550000 3.390792e-15
5209.020000 3.336547e-15
5210.490000 3.412940e-15
5211.960000 3.626324e-15
5213.430000 3.484051e-15
5214.900000 3.375511e-15
5216.370000 3.343082e-15
5217.840000 3.243627e-15
5219.310000 3.363368e-15
5220.780000 3.280355e-15
5222.250000 3.084711e-15
5223.720000 3.133315e-15
5225.190000 3.456252e-15
5226.660000 3.432241e-15
5228.130000 3.256108e-15
5229.600000 3.291713e-15
5231.070000 3.437655e-15
5232.540000 3.478802e-15
5234.010000 3.356401e-15
5235.480000 3.394733e-15
5236.950000 3.396798e-15
5238.420000 3.297099e-15
5239.890000 3.399452e-15
5241.360000 3.463621e-15
5242.830000 3.332100e-15
5244.300000 3.286200e-15
5245.770000 3.418534e-15
5247.240000 3.436448e-15
5248.710000 3.177617e-15
5250.180000 3.089969e-15
5251.650000 3.268774e-15
5253.120000 3.176715e-15
5254.590000 3.194904e-15
5256.060000 3.225629e-15
5257.530000 3.160270e-15
5259.000000 3.218654e-15
5260.470000 3.207621e-15
5261.940000 3.240364e-15
5263.410000 3.269502e-15
5264.880000 3.379341e-15
5266.350000 3.439551e-15
5267.820000 3.286520e-15
5269.290000 3.234447e-15
5270.760000 3.229749e-15
5272.230000 3.261471e-15
5273.700000 3.388495e-15
5275.170000 3.336859e-15
5276.640000 3.300427e-15
5278.110000 3.400511e-15
5279.580000 3.411811e-15
5281.050000 3.358282e-15
5282.520000 3.651744e-15
5283.990000 3.649969e-15
5285.460000 3.424870e-15
5286.930000 3.415310e-15
5288.400000 3.581896e-15
5289.870000 3.731636e-15
5291.340000 3.534277e-15
5292.810000 3.489498e-15
5294.280000 3.684003e-15
5295.750000 3.801413e-15
5297.220000 3.853795e-15
5298.690000 3.698780e-15
5300.160000 3.566927e-15
5301.630000 3.594059e-15
5303.100000 3.817821e-15
5304.570000 3.827050e-15
5306.040000 3.781140e-15
5307.510000 4.004359e-15
5308.980000 4.008572e-15
5310.450000 3.852985e-15
5311.920000 3.830715e-15
5313.390000 3.845396e-15
5314.860000 4.046007e-15
5316.330000 3.999797e-15
5317.800000 3.690726e-15
5319.270000 3.740754e-15
5320.740000 4.014177e-15
5322.210000 4.024833e-15
5323.680000 4.092251e-15
5325.150000 4.163784e-15
5326.620000 4.076048e-15
5328.090000 4.176065e-15
5329.560000 4.265018e-15
5331.030000 4.267077e-15
5332.500000 4.171148e-15
5333.970000 4.165196e-15
5335.440000 4.351949e-15
5336.910000 4.171732e-15
5338.380000 4.203547e-15
5339.850000 4.263994e-15
5341.320000 4.408429e-15
5342.790000 4.344897e-15
5344.260000 4.272015e-15
5345.730000 4.445190e-15
5347.200000 4.349107e-15
5348.670000 4.358600e-15
5350.140000 4.413245e-15
5351.610000 4.358100e-15
5353.080000 4.508565e-15
5354.550000 4.367610e-15
5356.020000 4.297675e-15
5357.490000 4.392056e-15
5358.960000 4.552192e-15
5360.430000 4.554657e-15
5361.900000 4.309699e-15
5363.370000 4.398087e-15
5364.840000 4.404496e-15
5366.310000 4.319659e-15
5367.780000 4.465587e-15
5369.250000 4.577344e-15
5370.720000 4.500035e-15
5372.190000 4.615039e-15
5373.660000 4.599491e-15
5375.130000 4.507649e-15
5376.600000 4.410894e-15
5378.070000 4.396123e-15
5379.540000 4.579571e-15
5381.010000 4.507287e-15
5382.480000 4.518312e-15
5383.950000 4.663438e-15
5385.420000 4.507894e-15
5386.890000 4.454543e-15
5388.360000 4.461535e-15
5389.830000 4.567033e-15
5391.300000 4.716097e-15
5392.770000 4.685346e-15
5394.240000 4.662771e-15
5395.710000 4.696890e-15
5397.180000 4.753428e-15
5398.650000 4.726231e-15
5400.120000 4.373771e-15
5401.590000 4.357088e-15
5403.060000 4.687801e-15
5404.530000 4.588040e-15
5406.000000 4.550098e-15
5407.470000 4.673607e-15
5408.940000 4.625671e-15
5410.410000 4.642149e-15
5411.880000 4.478457e-15
5413.350000 4.483203e-15
5414.820000 4.549766e-15
5416.290000 4.572075e-15
5417.760000 4.472783e-15
5419.230000 4.403912e-15
5420.700000 4.427559e-15
5422.170000 4.560173e-15
5423.640000 4.618996e-15
5425.110000 4.450202e-15
5426.580000 4.504871e-15
5428.050000 4.566057e-15
5429.520000 4.597516e-15
5430.990000 4.577303e-15
5432.460000 4.424437e-15
5433.930000 4.449299e-15
5435.400000 4.594807e-15
5436.870000 4.573010e-15
5438.340000 4.595060e-15
5439.810000 4.705628e-15
5441.280000 4.660580e-15
5442.750000 4.547701e-15
5444.220000 4.564089e-15
5445.690000 4.711627e-15
5447.160000 4.608899e-15
5448.630000 4.425791e-15
5450.100000 4.550102e-15
5451.570000 4.683475e-15
5453.040000 4.528953e-15
5454.510000 4.351090e-15
5455.980000 4.499275e-15
5457.450000 4.451343e-15
5458.920000 4.343635e-15
5460.390000 4.415152e-15
5461.860000 4.320299e-15
5463.330000 4.379102e-15
5464.800000 4.622674e-15
5466.270000 4.528013e-15
5467.740000 4.264335e-15
5469.210000 4.274154e-15
5470.680000 4.317842e-15
5472.150000 4.280288e-15
5473.620000 4.446406e-15
5475.090000 4.584290e-15
5476.560000 4.436640e-15
5478.030000 4.252246e-15
5479.500000 4.263039e-15
5480.970000 4.377410e-15
5482.440000 4.271989e-15
5483.910000 4.006621e-15
5485.380000 4.126946e-15
5486.850000 4.398412e-15
5488.320000 4.480210e-15
5489.790000 4.513351e-15
5491.260000 4.300604e-15
5492.730000 4.137686e-15
5494.200000 4.198905e-15
5495.670000 4.169508e-15
5497.140000 4.079391e-15
5498.610000 4.020646e-15
5500.080000 4.132839e-15
5501.550000 4.254950e-15
5503.020000 4.264383e-15
5504.490000 4.265859e-15
5505.960000 4.270358e-15
5507.430000 4.264258e-15
5508.900000 4.189084e-15
5510.370000 4.158550e-15
5511.840000 4.176052e-15
5513.310000 4.284787e-15
5514.780000 4.308664e-15
5516.250000 4.201135e-15
5517.720000 4.156950e-15
5519.190000 4.141946e-15
5520.660000 4.180916e-15
5522.130000 4.269957e-15
5523.600000 4.351615e-15
5525.070000 4.284392e-15
5526.540000 4.319414e-15
5528.010000 4.432127e-15
5529.480000 4.380528e-15
5530.950000 4.226812e-15
5532.420000 4.174884e-15
5533.890000 4.356821e-15
5535.360000 4.406215e-15
5536.830000 4.338164e-15
5538.300000 4.295150e-15
5539.770000 4.130149e-15
5541.240000 4.071826e-15
5542.710000 4.237134e-15
5544.180000 4.315508e-15
5545.650000 4.359248e-15
5547.120000 4.355632e-15
5548.590000 4.253733e-15
5550.060000 4.258823e-15
5551.530000 4.222672e-15
5553.000000 4.085852e-15
5554.470000 4.162620e-15
5555.940000 4.287502e-15
5557.410000 4.124345e-15
5558.880000 4.124821e-15
5560.350000 4.279772e-15
5561.820000 4.110465e-15
5563.290000 4.103313e-15
5564.760000 4.217510e-15
5566.230000 4.193182e-15
5567.700000 4.194171e-15
5569.170000 4.125022e-15
5570.640000 4.048024e-15
5572.110000 3.971721e-15
5573.580000 4.147951e-15
5575.050000 4.636723e-15
5576.520000 4.489496e-15
5577.990000 4.135174e-15
5579.460000 4.224167e-15
5580.930000 4.303203e-15
5582.400000 4.208001e-15
5583.870000 3.983994e-15
5585.340000 3.768839e-15
5586.810000 3.444408e-15
5588.280000 3.372454e-15
5589.750000 3.489329e-15
5591.220000 3.587357e-15
5592.690000 4.045913e-15
5594.160000 4.379979e-15
5595.630000 4.210192e-15
5597.100000 4.153369e-15
5598.570000 4.106168e-15
5600.040000 4.129989e-15
5601.510000 4.260948e-15
5602.980000 4.163952e-15
5604.450000 4.149081e-15
5605.920000 4.239126e-15
5607.390000 4.183951e-15
5608.860000 4.215191e-15
5610.330000 4.185170e-15
5611.800000 4.042734e-15
5613.270000 3.846489e-15
5614.740000 3.726770e-15
5616.210000 3.889020e-15
5617.680000 4.025095e-15
5619.150000 4.031612e-15
5620.620000 3.922850e-15
5622.090000 3.884193e-15
5623.560000 3.860753e-15
5625.030000 3.827268e-15
5626.500000 3.986596e-15
5627.970000 4.241586e-15
5629.440000 4.159107e-15
5630.910000 3.974853e-15
5632.380000 3.928646e-15
5633.850000 3.933805e-15
5635.320000 4.001598e-15
5636.790000 3.802367e-15
5638.260000 3.690804e-15
5639.730000 3.714033e-15
5641.200000 3.688610e-15
5642.670000 3.709787e-15
5644.140000 3.661729e-15
5645.610000 3.811662e-15
5647.080000 3.960031e-15
5648.550000 3.765758e-15
5650.020000 3.719194e-15
5651.490000 3.778352e-15
5652.960000 3.866491e-15
5654.430000 3.726575e-15
5655.900000 3.546625e-15
5657.370000 3.604316e-15
5658.840000 3.564264e-15
5660.310000 3.499128e-15
5661.780000 3.473270e-15
5663.250000 3.558202e-15
5664.720000 3.769304e-15
5666.190000 3.772500e-15
5667.660000 3.612488e-15
5669.130000 3.506341e-15
5670.600000 3.542403e-15
5672.070000 3.634617e-15
5673.540000 3.403531e-15
5675.010000 3.449138e-15
5676.480000 3.547904e-15
5677.950000 3.468677e-15
5679.420000 3.359066e-15
5680.890000 3.318495e-15
5682.360000 3.451341e-15
5683.830000 3.570469e-15
5685.300000 3.523482e-15
5686.770000 3.425092e-15
5688.240000 3.281722e-15
5689.710000 3.227120e-15
5691.180000 3.304409e-15
5692.650000 3.258200e-15
5694.120000 3.090434e-15
5695.590000 3.054373e-15
5697.060000 3.170293e-15
5698.530000 3.345034e-15
5700.000000 3.321709e-15
5701.470000 3.183562e-15
5702.940000 3.298263e-15
5704.410000 3.365226e-15
5705.880000 3.305975e-15
5707.350000 3.210437e-15
5708.820000 3.174132e-15
5710.290000 3.078534e-15
5711.760000 2.961433e-15
5713.230000 2.992105e-15
5714.700000 3.055982e-15
5716.170000 2.996429e-15
5717.640000 2.961151e-15
5719.110000 3.097499e-15
5720.580000 3.119105e-15
5722.050000 3.140279e-15
5723.520000 3.019483e-15
5724.990000 2.802737e-15
5726.460000 2.774668e-15
5727.930000 2.755508e-15
5729.400000 2.817847e-15
5730.870000 2.845568e-15
5732.340000 2.813028e-15
5733.810000 2.976823e-15
5735.280000 2.993030e-15
5736.750000 2.806786e-15
5738.220000 2.764065e-15
5739.690000 2.779375e-15
5741.160000 2.711340e-15
5742.630000 2.614610e-15
5744.100000 2.566167e-15
5745.570000 2.642022e-15
5747.040000 2.628597e-15
5748.510000 2.508674e-15
5749.980000 2.537757e-15
5751.450000 2.568418e-15
5752.920000 2.562650e-15
5754.390000 2.549599e-15
5755.860000 2.529011e-15
5757.330000 2.486107e-15
5758.800000 2.491088e-15
5760.270000 2.500587e-15
5761.740000 2.466793e-15
5763.210000 2.562052e-15
5764.680000 2.462272e-15
5766.150000 2.286586e-15
5767.620000 2.317324e-15
5769.090000 2.278331e-15
5770.560000 2.200900e-15
5772.030000 2.191367e-15
5773.500000 2.268713e-15
5774.970000 2.381413e-15
5776.440000 2.223250e-15
5777.910000 2.202671e-15
5779.380000 2.259264e-15
5780.850000 2.164860e-15
5782.320000 2.253871e-15
5783.790000 2.247578e-15
5785.260000 2.128721e-15
5786.730000 2.206333e-15
5788.200000 2.129955e-15
5789.670000 1.954564e-15
5791.140000 2.083933e-15
5792.610000 2.094790e-15
5794.080000 2.021497e-15
5795.550000 2.107596e-15
5797.020000 2.039378e-15
5798.490000 2.036531e-15
5799.960000 2.022517e-15
5801.430000 2.053254e-15
5802.900000 2.105889e-15
5804.370000 2.102826e-15
5805.840000 2.186486e-15
5807.310000 2.187933e-15
5808.780000 2.143492e-15
5810.250000 2.253697e-15
5811.720000 2.187406e-15
5813.190000 2.179257e-15
5814.660000 2.238097e-15
5816.130000 2.110735e-15
5817.600000 2.181162e-15
5819.070000 2.347645e-15
5820.540000 2.318941e-15
5822.010000 2.167119e-15
5823.480000 2.157462e-15
5824.950000 2.230536e-15
5826.420000 2.175921e-15
5827.890000 2.328304e-15
5829.360000 2.337379e-15
5830.830000 2.143981e-15
5832.300000 2.255393e-15
5833.770000 2.334546e-15
5835.240000 2.288714e-15
5836.710000 2.329871e-15
5838.180000 2.450439e-15
5839.650000 2.434784e-15
5841.120000 2.227845e-15
5842.590000 2.119512e-15
5844.060000 2.230569e-15
5845.530000 2.215380e-15
5847.000000 2.364550e-15
5848.470000 2.560864e-15
5849.940000 2.616343e-15
5851.410000 2.548672e-15
5852.880000 2.396918e-15
5854.350000 2.494267e-15
5855.820000 2.659236e-15
5857.290000 2.518267e-15
5858.760000 2.426379e-15
5860.230000 2.531742e-15
5861.700000 2.675950e-15
5863.170000 2.772666e-15
5864.640000 2.756647e-15
5866.110000 2.716979e-15
5867.580000 2.737906e-15
5869.050000 2.715295e-15
5870.520000 2.686705e-15
5871.990000 2.743649e-15
5873.460000 2.956152e-15
5874.930000 2.994622e-15
5876.400000 2.880994e-15
5877.870000 2.825162e-15
5879.340000 2.710976e-15
5880.810000 2.726417e-15
5882.280000 2.825486e-15
5883.750000 2.801329e-15
5885.220000 2.824186e-15
5886.690000 2.890106e-15
5888.160000 2.787231e-15
5889.630000 2.701061e-15
5891.100000 2.820771e-15
5892.570000 3.175782e-15
5894.040000 3.112985e-15
5895.510000 2.917401e-15
5896.980000 2.876434e-15
5898.450000 2.937648e-15
5899.920000 2.998244e-15
5901.390000 3.087313e-15
5902.860000 3.049256e-15
5904.330000 3.008184e-15
5905.800000 3.052369e-15
5907.270000 3.021792e-15
5908.740000 3.188279e-15
5910.210000 3.563770e-15
5911.680000 3.662280e-15
5913.150000 3.496478e-15
5914.620000 3.301961e-15
5916.090000 3.192550e-15
5917.560000 3.351039e-15
5919.030000 3.549211e-15
5920.500000 3.473943e-15
5921.970000 3.446167e-15
5923.440000 3.456479e-15
5924.910000 3.394493e-15
5926.380000 3.531548e-15
5927.850000 3.636609e-15
5929.320000 3.507647e-15
5930.790000 3.532360e-15
5932.260000 3.555934e-15
5933.730000 3.507430e-15
5935.200000 3.709964e-15
5936.670000 3.824415e-15
5938.140000 3.425385e-15
5939.610000 3.351458e-15
5941.080000 3.606156e-15
5942.550000 3.524984e-15
5944.020000 3.475125e-15
5945.490000 3.617069e-15
5946.960000 3.640027e-15
5948.430000 3.549565e-15
5949.900000 3.730774e-15
5951.370000 4.026194e-15
5952.840000 3.921426e-15
5954.310000 3.657331e-15
5955.780000 3.508369e-15
5957.250000 3.643490e-15
5958.720000 3.875441e-15
5960.190000 3.858029e-15
5961.660000 3.777358e-15
5963.130000 3.863191e-15
5964.600000 3.919644e-15
5966.070000 3.775971e-15
5967.540000 3.788481e-15
5969.010000 3.845934e-15
5970.480000 3.799440e-15
5971.950000 3.756456e-15
5973.420000 3.848806e-15
5974.890000 4.053347e-15
5976.360000 3.908671e-15
5977.830000 3.750002e-15
5979.300000 3.835029e-15
5980.770000 3.842457e-15
5982.240000 3.838739e-15
5983.710000 3.716127e-15
5985.180000 3.467310e-15
5986.650000 3.628065e-15
5988.120000 3.808537e-15
5989.590000 3.699321e-15
5991.060000 3.667116e-15
5992.530000 3.709342e-15
5994.000000 3.842744e-15
5995.470000 3.911112e-15
5996.940000 3.879896e-15
5998.410000 3.795020e-15
5999.880000 3.853996e-15
6001.350000 3.994525e-15
6002.820000 3.885049e-15
6004.290000 3.982317e-15
6005.760000 3.885663e-15
6007.230000 3.787122e-15
6008.700000 3.707740e-15
6010.170000 3.734030e-15
6011.640000 3.688784e-15
6013.110000 3.702736e-15
6014.580000 3.510841e-15
6016.050000 3.477606e-15
6017.520000 3.492513e-15
6018.990000 3.530572e-15
6020.460000 3.616210e-15
6021.930000 3.550248e-15
6023.400000 3.397149e-15
6024.870000 3.338065e-15
6026.340000 3.524953e-15
6027.810000 3.903556e-15
6029.280000 3.863758e-15
6030.750000 3.944138e-15
6032.220000 3.851388e-15
6033.690000 3.639288e-15
6035.160000 3.758582e-15
6036.630000 3.687275e-15
6038.100000 3.723059e-15
6039.570000 3.748705e-15
6041.040000 3.732427e-15
6042.510000 3.570470e-15
6043.980000 3.659826e-15
6045.450000 3.757767e-15
6046.920000 3.690660e-15
6048.390000 3.831284e-15
6049.860000 3.757961e-15
6051.330000 3.615631e-15
6052.800000 3.787010e-15
6054.270000 3.889341e-15
6055.740000 3.830742e-15
6057.210000 3.814336e-15
6058.680000 3.746221e-15
6060.150000 3.599284e-15
6061.620000 3.637259e-15
6063.090000 3.753069e-15
6064.560000 3.737363e-15
6066.030000 3.947953e-15
6067.500000 3.728600e-15
6068.970000 3.530790e-15
6070.440000 3.698156e-15
6071.910000 3.670705e-15
6073.380000 3.528871e-15
6074.850000 3.406859e-15
6076.320000 3.463386e-15
6077.790000 3.442330e-15
6079.260000 3.476622e-15
6080.730000 3.415043e-15
6082.200000 3.428683e-15
6083.670000 3.387121e-15
6085.140000 3.446711e-15
6086.610000 3.365902e-15
6088.080000 3.346998e-15
6089.550000 3.573269e-15
6091.020000 3.361937e-15
6092.490000 3.322530e-15
6093.960000 3.365675e-15
6095.430000 3.396569e-15
6096.900000 3.355889e-15
6098.370000 3.431832e-15
6099.840000 3.357778e-15
6101.310000 3.406309e-15
6102.780000 3.315093e-15
6104.250000 3.216408e-15
6105.720000 3.200587e-15
6107.190000 3.212966e-15
6108.660000 3.294891e-15
6110.130000 3.396228e-15
6111.600000 3.388214e-15
6113.070000 3.447206e-15
6114.540000 3.232283e-15
6116.010000 3.218392e-15
6117.480000 3.130096e-15
6118.950000 3.168366e-15
6120.420000 3.303001e-15
6121.890000 3.262999e-15
6123.360000 3.287266e-15
6124.830000 3.234003e-15
6126.300000 3.105766e-15
6127.770000 3.101789e-15
6129.240000 3.343101e-15
6130.710000 3.299842e-15
6132.180000 3.249279e-15
6133.650000 3.356501e-15
6135.120000 3.202326e-15
6136.590000 3.253400e-15
6138.060000 3.307631e-15
6139.530000 3.269281e-15
6141.000000 3.223033e-15
6142.470000 3.161913e-15
6143.940000 3.142349e-15
6145.410000 3.179752e-15
6146.880000 3.037626e-15
6148.350000 3.050209e-15
6149.820000 3.183391e-15
6151.290000 3.205737e-15
6152.760000 3.143347e-15
6154.230000 3.087054e-15
6155.700000 3.102180e-15
6157.170000 3.297828e-15
6158.640000 3.389044e-15
6160.110000 3.193009e-15
6161.580000 3.253602e-15
6163.050000 3.306347e-15
6164.520000 3.082467e-15
6165.990000 2.979265e-15
6167.460000 3.086932e-15
6168.930000 3.250147e-15
6170.400000 3.161728e-15
6171.870000 3.035416e-15
6173.340000 3.121710e-15
6174.810000 3.155086e-15
6176.280000 3.134240e-15
6177.750000 3.118824e-15
6179.220000 3.021885e-15
6180.690000 3.027781e-15
6182.160000 3.173958e-15
6183.630000 3.127216e-15
6185.100000 3.112850e-15
6186.570000 3.122269e-15
6188.040000 3.021868e-15
6189.510000 2.903397e-15
6190.980000 2.966213e-15
6192.450000 3.130528e-15
6193.920000 3.272057e-15
6195.390000 3.115810e-15
6196.860000 2.955375e-15
6198.330000 3.011609e-15
6199.800000 3.048260e-15
6201.270000 2.994452e-15
6202.740000 3.059834e-15
6204.210000 3.045145e-15
6205.680000 3.013389e-15
6207.150000 3.140542e-15
6208.620000 2.963861e-15
6210.090000 2.953235e-15
6211.560000 3.064336e-15
6213.030000 3.043628e-15
6214.500000 3.096473e-15
6215.970000 3.238719e-15
6217.440000 3.031234e-15
6218.910000 2.974735e-15
6220.380000 3.170983e-15
6221.850000 3.252382e-15
6223.320000 3.194765e-15
6224.790000 3.169403e-15
6226.260000 3.070233e-15
6227.730000 3.161552e-15
6229.200000 3.305173e-15
6230.670000 3.190861e-15
6232.140000 3.161168e-15
6233.610000 3.146411e-15
6235.080000 3.168259e-15
6236.550000 3.152674e-15
6238.020000 3.040683e-15
6239.490000 3.164702e-15
6240.960000 3.244687e-15
6242.430000 3.217214e-15
6243.900000 3.266753e-15
6245.370000 3.361245e-15
6246.840000 3.170634e-15
6248.310000 3.146541e-15
6249.780000 3.170221e-15
6251.250000 3.114622e-15
6252.720000 3.019298e-15
6254.190000 2.903627e-15
6255.660000 3.161880e-15
6257.130000 3.257698e-15
6258.600000 3.063175e-15
6260.070000 3.079591e-15
6261.540000 3.276089e-15
6263.010000 3.261696e-15
6264.480000 3.293256e-15
6265.950000 3.295091e-15
6267.420000 3.218080e-15
6268.890000 3.152264e-15
6270.360000 3.211359e-15
6271.830000 3.300213e-15
6273.300000 3.237187e-15
6274.770000 3.065552e-15
6276.240000 3.232722e-15
6277.710000 2.993149e-15
6279.180000 2.896089e-15
6280.650000 3.081916e-15
6282.120000 3.074697e-15
6283.590000 2.996440e-15
6285.060000 3.058872e-15
6286.530000 3.213854e-15
6288.000000 3.139240e-15
6289.470000 2.958665e-15
6290.940000 2.941627e-15
6292.410000 2.810469e-15
6293.880000 2.679382e-15
6295.350000 2.671719e-15
6296.820000 2.917716e-15
6298.290000 2.661721e-15
6299.760000 2.920463e-15
6301.230000 2.951241e-15
6302.700000 2.626196e-15
6304.170000 2.771259e-15
6305.640000 2.788787e-15
6307.110000 2.437793e-15
6308.580000 2.379561e-15
6310.050000 2.601963e-15
6311.520000 2.706073e-15
6312.990000 2.848887e-15
6314.460000 2.784204e-15
6315.930000 2.543510e-15
6317.400000 2.677541e-15
6318.870000 2.691910e-15
6320.340000 2.597110e-15
6321.810000 2.448072e-15
6323.280000 2.450033e-15
6324.750000 2.300702e-15
6326.220000 2.172331e-15
6327.690000 2.431922e-15
6329.160000 2.485337e-15
6330.630000 2.400725e-15
6332.100000 2.535649e-15
6333.570000 2.579096e-15
6335.040000 2.610403e-15
6336.510000 2.284647e-15
6337.980000 2.396126e-15
6339.450000 2.644101e-15
6340.920000 2.475668e-15
6342.390000 2.376652e-15
6343.860000 2.511076e-15
6345.330000 2.620769e-15
6346.800000 2.471878e-15
6348.270000 2.347004e-15
6349.740000 2.540102e-15
6351.210000 2.514786e-15
6352.680000 2.445500e-15
6354.150000 2.568428e-15
6355.620000 2.551795e-15
6357.090000 2.537732e-15
6358.560000 2.487081e-15
6360.030000 2.398257e-15
6361.500000 2.442036e-15
6362.970000 2.493050e-15
6364.440000 2.476903e-15
6365.910000 2.484715e-15
6367.380000 2.384720e-15
6368.850000 2.354114e-15
6370.320000 2.394238e-15
6371.790000 2.434877e-15
6373.260000 2.522355e-15
6374.730000 2.480706e-15
6376.200000 2.562830e-15
6377.670000 2.528689e-15
6379.140000 2.438838e-15
6380.610000 2.556760e-15
6382.080000 2.653046e-15
6383.550000 2.666415e-15
6385.020000 2.700256e-15
6386.490000 2.843831e-15
6387.960000 2.689819e-15
6389.430000 2.565196e-15
6390.900000 2.583836e-15
6392.370000 2.666179e-15
6393.840000 2.848508e-15
6395.310000 2.571483e-15
6396.780000 2.493379e-15
6398.250000 2.525138e-15
6399.720000 2.560068e-15
6401.190000 2.641875e-15
6402.660000 2.601236e-15
6404.130000 2.770010e-15
6405.600000 2.934516e-15
6407.070000 2.747015e-15
6408.540000 2.713452e-15
6410.010000 2.925204e-15
6411.480000 2.820634e-15
6412.950000 2.720678e-15
6414.420000 2.807805e-15
6415.890000 2.780884e-15
6417.360000 2.807014e-15
6418.830000 2.732265e-15
6420.300000 2.494798e-15
6421.770000 2.670535e-15
6423.240000 2.646822e-15
6424.710000 2.647024e-15
6426.180000 2.612889e-15
6427.650000 2.815596e-15
6429.120000 2.789854e-15
6430.590000 2.751479e-15
6432.060000 2.665164e-15
6433.530000 2.852786e-15
6435.000000 2.904094e-15
6436.470000 2.739902e-15
6437.940000 2.835657e-15
6439.410000 2.837135e-15
6440.880000 2.809122e-15
6442.350000 2.868833e-15
6443.820000 2.847146e-15
6445.290000 2.913434e-15
6446.760000 2.893823e-15
6448.230000 2.719411e-15
6449.700000 3.014872e-15
6451.170000 3.068835e-15
6452.640000 3.073540e-15
6454.110000 3.005769e-15
6455.580000 3.020652e-15
6457.050000 2.879257e-15
6458.520000 2.971364e-15
6459.990000 3.018829e-15
6461.460000 3.055159e-15
6462.930000 2.844994e-15
6464.400000 3.022856e-15
6465.870000 3.025036e-15
6467.340000 3.146425e-15
6468.810000 3.091154e-15
6470.280000 3.028766e-15
6471.750000 3.063520e-15
6473.220000 3.012677e-15
6474.690000 2.871707e-15
6476.160000 2.879964e-15
6477.630000 3.071483e-15
6479.100000 2.923956e-15
6480.570000 2.992590e-15
6482.040000 3.091335e-15
6483.510000 3.155870e-15
6484.980000 2.985482e-15
6486.450000 3.094150e-15
6487.920000 2.870002e-15
6489.390000 2.935572e-15
6490.860000 3.104715e-15
6492.330000 3.015903e-15
6493.800000 2.824381e-15
6495.270000 2.888774e-15
6496.740000 2.855730e-15
6498.210000 2.781107e-15
6499.680000 3.062529e-15
6501.150000 3.191139e-15
6502.620000 3.260202e-15
6504.090000 2.960341e-15
6505.560000 2.904326e-15
6507.030000 2.999898e-15
6508.500000 3.069473e-15
6509.970000 2.896341e-15
6511.440000 2.801644e-15
6512.910000 2.863499e-15
6514.380000 2.904719e-15
6515.850000 2.907534e-15
6517.320000 2.993224e-15
6518.790000 2.791487e-15
6520.260000 2.826551e-15
6521.730000 2.917205e-15
6523.200000 2.921985e-15
6524.670000 3.020541e-15
6526.140000 3.098869e-15
6527.610000 2.995239e-15
6529.080000 2.993662e-15
6530.550000 3.089085e-15
6532.020000 3.018279e-15
6533.490000 2.870595e-15
6534.960000 2.841739e-15
6536.430000 3.076799e-15
6537.900000 2.976999e-15
6539.370000 2.951219e-15
6540.840000 2.947142e-15
6542.310000 2.895296e-15
6543.780000 2.931468e-15
6545.250000 2.818391e-15
6546.720000 2.777215e-15
6548.190000 2.905900e-15
6549.660000 2.772991e-15
6551.130000 2.674746e-15
6552.600000 2.865288e-15
6554.070000 2.992195e-15
6555.540000 3.058020e-15
6557.010000 2.877087e-15
6558.480000 2.747832e-15
6559.950000 2.786717e-15
6561.420000 2.730885e-15
6562.890000 2.786828e-15
6564.360000 2.919831e-15
6565.830000 2.734773e-15
6567.300000 2.702596e-15
6568.770000 2.693479e-15
6570.240000 2.638993e-15
6571.710000 2.814177e-15
6573.180000 2.575161e-15
6574.650000 2.593010e-15
6576.120000 2.896811e-15
6577.590000 2.708463e-15
6579.060000 2.466777e-15
6580.530000 2.390640e-15
6582.000000 2.406794e-15
6583.470000 2.496053e-15
6584.940000 2.446785e-15
6586.410000 2.301825e-15
6587.880000 2.230360e-15
6589.350000 2.241195e-15
6590.820000 2.468090e-15
6592.290000 2.686509e-15
6593.760000 2.533716e-15
6595.230000 2.470818e-15
6596.700000 2.489094e-15
6598.170000 2.312408e-15
6599.640000 2.495215e-15
6601.110000 2.437868e-15
6602.580000 2.405676e-15
6604.050000 2.655104e-15
6605.520000 2.553698e-15
6606.990000 2.493121e-15
6608.460000 2.344776e-15
6609.930000 2.481833e-15
6611.400000 2.344527e-15
6612.870000 2.320041e-15
6614.340000 2.440812e-15
6615.810000 2.278457e-15
6617.280000 2.259451e-15
6618.750000 2.290877e-15
6620.220000 2.413044e-15
6621.690000 2.505511e-15
6623.160000 2.591664e-15
6624.630000 2.457741e-15
6626.100000 2.404653e-15
6627.570000 2.447349e-15
6629.040000 2.424819e-15
6630.510000 2.424313e-15
6631.980000 2.496945e-15
6633.450000 2.341873e-15
6634.920000 2.441584e-15
6636.390000 2.416504e-15
6637.860000 2.550611e-15
6639.330000 2.406967e-15
6640.800000 2.501504e-15
6642.270000 2.535848e-15
6643.740000 2.439463e-15
6645.210000 2.647662e-15
6646.680000 2.680469e-15
6648.150000 2.502608e-15
6649.620000 2.355961e-15
6651.090000 2.560446e-15
6652.560000 2.589811e-15
6654.030000 2.524768e-15
6655.500000 2.469934e-15
6656.970000 2.655503e-15
6658.440000 2.492688e-15
6659.910000 2.499983e-15
6661.380000 2.605444e-15
6662.850000 2.776341e-15
6664.320000 2.690778e-15
6665.790000 2.605724e-15
6667.260000 2.775677e-15
6668.730000 2.699806e-15
6670.200000 2.720249e-15
6671.670000 2.579791e-15
6673.140000 2.777742e-15
6674.610000 2.816568e-15
6676.080000 2.812319e-15
6677.550000 2.709826e-15
6679.020000 2.821329e-15
6680.490000 2.809520e-15
6681.960000 2.563162e-15
6683.430000 2.784054e-15
6684.900000 2.923026e-15
6686.370000 2.969017e-15
6687.840000 2.783565e-15
6689.310000 2.956744e-15
6690.780000 2.835497e-15
6692.250000 3.006803e-15
6693.720000 2.828077e-15
6695.190000 2.936767e-15
6696.660000 2.719778e-15
6698.130000 2.935132e-15
6699.600000 2.790143e-15
6701.070000 2.920434e-15
6702.540000 3.126726e-15
6704.010000 3.067046e-15
6705.480000 2.970639e-15
6706.950000 3.206711e-15
6708.420000 3.052661e-15
6709.890000 3.076347e-15
6711.360000 2.812092e-15
6712.830000 2.833972e-15
6714.300000 3.117868e-15
6715.770000 3.182321e-15
6717.240000 3.142997e-15
6718.710000 2.909497e-15
6720.180000 3.101059e-15
6721.650000 3.023975e-15
6723.120000 2.929775e-15
6724.590000 2.784673e-15
6726.060000 3.185278e-15
6727.530000 3.038339e-15
6729.000000 2.965465e-15
6730.470000 3.151033e-15
6731.940000 2.906698e-15
6733.410000 2.818564e-15
6734.880000 2.999157e-15
6736.350000 3.227218e-15
6737.820000 3.074029e-15
6739.290000 2.853822e-15
6740.760000 2.898516e-15
6742.230000 2.996408e-15
6743.700000 3.289014e-15
6745.170000 3.015777e-15
6746.640000 3.022614e-15
6748.110000 3.127243e-15
6749.580000 2.997954e-15
6751.050000 3.063409e-15
6752.520000 3.196346e-15
6753.990000 2.919765e-15
6755.460000 2.892172e-15
6756.930000 3.040077e-15
6758.400000 2.947502e-15
6759.870000 3.031313e-15
6761.340000 3.084297e-15
6762.810000 2.970092e-15
6764.280000 2.971117e-15
6765.750000 3.117798e-15
6767.220000 3.084567e-15
6768.690000 3.136081e-15
6770.160000 2.976509e-15
6771.630000 2.896692e-15
6773.100000 3.058138e-15
6774.570000 2.968549e-15
6776.040000 2.961220e-15
6777.510000 3.168294e-15
6778.980000 3.004232e-15
6780.450000 3.089903e-15
6781.920000 3.326131e-15
6783.390000 3.042608e-15
6784.860000 2.889221e-15
6786.330000 2.920811e-15
6787.800000 2.950729e-15
6789.270000 2.806822e-15
6790.740000 2.856131e-15
6792.210000 3.069147e-15
6793.680000 3.148284e-15
6795.150000 3.157467e-15
6796.620000 2.977032e-15
6798.090000 2.940673e-15
6799.560000 2.974716e-15
6801.030000 2.970512e-15
6802.500000 2.974233e-15
6803.970000 2.960638e-15
6805.440000 2.943484e-15
6806.910000 2.992232e-15
6808.380000 3.047441e-15
6809.850000 2.955019e-15
6811.320000 2.893374e-15
6812.790000 2.947294e-15
6814.260000 2.867259e-15
6815.730000 2.861020e-15
6817.200000 2.833191e-15
6818.670000 2.684409e-15
6820.140000 2.813903e-15
6821.610000 2.871424e-15
6823.080000 2.950322e-15
6824.550000 2.915535e-15
6826.020000 2.882715e-15
6827.490000 2.844632e-15
6828.960000 2.853580e-15
6830.430000 2.749397e-15
6831.900000 2.833338e-15
6833.370000 2.709437e-15
6834.840000 2.451512e-15
6836.310000 2.539129e-15
6837.780000 2.595614e-15
6839.250000 2.683777e-15
6840.720000 2.848941e-15
6842.190000 2.951322e-15
6843.660000 2.900647e-15
6845.130000 2.819965e-15
6846.600000 2.724113e-15
6848.070000 2.640295e-15
6849.540000 2.950631e-15
6851.010000 2.792779e-15
6852.480000 2.563133e-15
6853.950000 2.664555e-15
6855.420000 2.705264e-15
6856.890000 2.623707e-15
6858.360000 2.783501e-15
6859.830000 2.841755e-15
6861.300000 2.918181e-15
6862.770000 2.775716e-15
6864.240000 2.625684e-15
6865.710000 2.944921e-15
6867.180000 2.688733e-15
6868.650000 2.532557e-15
6870.120000 2.755105e-15
6871.590000 2.994716e-15
6873.060000 2.916175e-15
6874.530000 2.746097e-15
6876.000000 2.611052e-15
6877.470000 2.612743e-15
6878.940000 2.713518e-15
6880.410000 2.732534e-15
6881.880000 2.642923e-15
6883.350000 2.723486e-15
6884.820000 2.674034e-15
6886.290000 2.500544e-15
6887.760000 2.519713e-15
6889.230000 2.606080e-15
6890.700000 2.614295e-15
6892.170000 2.643926e-15
6893.640000 2.715221e-15
6895.110000 2.745255e-15
6896.580000 2.621212e-15
6898.050000 2.787505e-15
6899.520000 2.543682e-15
6900.990000 2.337980e-15
6902.460000 2.526566e-15
6903.930000 2.420817e-15
6905.400000 2.396502e-15
6906.870000 2.367310e-15
6908.340000 2.363100e-15
6909.810000 2.460228e-15
6911.280000 2.478355e-15
6912.750000 2.367027e-15
6914.220000 2.547809e-15
6915.690000 2.650022e-15
6917.160000 2.426734e-15
6918.630000 2.746291e-15
6920.100000 2.763651e-15
6921.570000 2.355308e-15
6923.040000 2.445775e-15
6924.510000 2.671785e-15
6925.980000 2.555706e-15
6927.450000 2.580887e-15
6928.920000 2.361586e-15
6930.390000 2.316873e-15
6931.860000 2.492780e-15
6933.330000 2.328399e-15
6934.800000 2.351552e-15
6936.270000 2.464850e-15
6937.740000 2.346529e-15
6939.210000 2.413765e-15
6940.680000 2.347988e-15
6942.150000 2.275621e-15
6943.620000 2.429410e-15
6945.090000 2.385369e-15
6946.560000 2.429800e-15
6948.030000 2.346923e-15
6949.500000 2.344570e-15
6950.970000 2.354018e-15
6952.440000 2.302187e-15
6953.910000 2.320653e-15
6955.380000 2.460767e-15
6956.850000 2.398037e-15
6958.320000 2.493399e-15
6959.790000 2.469551e-15
6961.260000 2.267456e-15
6962.730000 2.322689e-15
6964.200000 2.511274e-15
6965.670000 2.310614e-15
6967.140000 2.511944e-15
6968.610000 2.303449e-15
6970.080000 2.378782e-15
6971.550000 2.483031e-15
6973.020000 2.477705e-15
6974.490000 2.461776e-15
6975.960000 2.325010e-15
6977.430000 2.277056e-15
6978.900000 2.129769e-15
6980.370000 2.196686e-15
6981.840000 2.226752e-15
6983.310000 2.203514e-15
6984.780000 2.213661e-15
6986.250000 2.300889e-15
6987.720000 2.353224e-15
6989.190000 2.353917e-15
6990.660000 2.348255e-15
6992.130000 2.114835e-15
6993.600000 2.172133e-15
6995.070000 2.350926e-15
6996.540000 2.324342e-15
6998.010000 2.193099e-15
6999.480000 1.977330e-15
7000.950000 2.104964e-15
7002.420000 2.035214e-15
7003.890000 1.930950e-15
7005.360000 1.992104e-15
7006.830000 2.162113e-15
7008.300000 2.306312e-15
7009.770000 2.473467e-15
7011.240000 2.463705e-15
7012.710000 2.350150e-15
7014.180000 2.354649e-15
7015.650000 2.227077e-15
7017.120000 2.279990e-15
7018.590000 2.310163e-15
7020.060000 2.239381e-15
7021.530000 2.037556e-15
7023.000000 2.109221e-15
7024.470000 2.143332e-15
7025.940000 2.220965e-15
7027.410000 2.179713e-15
7028.880000 2.032681e-15
7030.350000 2.242627e-15
7031.820000 2.395802e-15
7033.290000 2.249128e-15
7034.760000 2.318842e-15
7036.230000 2.259473e-15
7037.700000 2.180824e-15
7039.170000 2.187805e-15
7040.640000 2.222763e-15
7042.110000 2.302241e-15
7043.580000 2.351729e-15
7045.050000 2.262453e-15
7046.520000 2.202848e-15
7047.990000 2.176827e-15
7049.460000 2.278378e-15
7050.930000 2.345732e-15
7052.400000 2.321828e-15
7053.870000 2.397617e-15
7055.340000 2.324235e-15
7056.810000 2.345908e-15
7058.280000 2.352423e-15
7059.750000 2.200323e-15
7061.220000 2.083631e-15
7062.690000 2.047749e-15
7064.160000 2.277806e-15
7065.630000 2.296511e-15
7067.100000 2.154922e-15
7068.570000 2.343756e-15
7070.040000 2.408098e-15
7071.510000 2.379336e-15
7072.980000 2.336045e-15
7074.450000 2.346659e-15
7075.920000 2.426244e-15
7077.390000 2.452725e-15
7078.860000 2.531263e-15
7080.330000 2.481335e-15
7081.800000 2.508482e-15
7083.270000 2.411951e-15
7084.740000 2.295167e-15
7086.210000 2.323566e-15
7087.680000 2.397917e-15
7089.150000 2.429736e-15
7090.620000 2.418422e-15
7092.090000 2.399502e-15
7093.560000 2.293626e-15
7095.030000 2.372733e-15
7096.500000 2.500213e-15
7097.970000 2.403657e-15
7099.440000 2.282490e-15
7100.910000 2.201564e-15
7102.380000 2.243199e-15
7103.850000 2.276516e-15
7105.320000 2.444467e-15
7106.790000 2.405480e-15
7108.260000 2.316234e-15
7109.730000 2.505899e-15
7111.200000 2.378638e-15
7112.670000 2.227969e-15
7114.140000 2.317325e-15
7115.610000 2.372295e-15
7117.080000 2.283180e-15
7118.550000 2.369625e-15
7120.020000 2.404726e-15
7121.490000 2.396668e-15
7122.960000 2.444069e-15
7124.430000 2.568993e-15
7125.900000 2.468687e-15
7127.370000 2.319060e-15
7128.840000 2.373375e-15
7130.310000 2.376982e-15
7131.780000 2.545639e-15
7133.250000 2.526278e-15
7134.720000 2.301985e-15
7136.190000 2.388013e-15
7137.660000 2.434950e-15
7139.130000 2.408874e-15
7140.600000 2.553899e-15
7142.070000 2.565771e-15
7143.540000 2.557368e-15
7145.010000 2.579071e-15
7146.480000 2.455749e-15
7147.950000 2.277345e-15
7149.420000 2.363457e-15
7150.890000 2.338048e-15
7152.360000 2.099414e-15
7153.830000 2.352143e-15
7155.300000 2.504334e-15
7156.770000 2.344970e-15
7158.240000 2.482388e-15
7159.710000 2.513904e-15
7161.180000 2.290648e-15
7162.650000 2.460536e-15
7164.120000 2.595717e-15
7165.590000 2.606509e-15
7167.060000 2.489394e-15
7168.530000 2.449887e-15
7170.000000 2.572210e-15
7171.470000 2.442281e-15
7172.940000 2.397689e-15
7174.410000 2.559715e-15
7175.880000 2.391872e-15
7177.350000 2.396816e-15
7178.820000 2.476462e-15
7180.290000 2.307199e-15
7181.760000 2.211599e-15
7183.230000 2.319202e-15
7184.700000 2.440372e-15
7186.170000 2.288299e-15
7187.640000 2.425522e-15
7189.110000 2.466573e-15
7190.580000 2.376817e-15
7192.050000 2.355526e-15
7193.520000 2.418410e-15
7194.990000 2.508535e-15
7196.460000 2.332653e-15
7197.930000 2.408746e-15
7199.400000 2.656579e-15
7200.870000 2.515707e-15
7202.340000 2.470017e-15
7203.810000 2.559069e-15
7205.280000 2.316738e-15
7206.750000 2.369887e-15
7208.220000 2.560607e-15
7209.690000 2.528809e-15
7211.160000 2.455083e-15
7212.630000 2.506290e-15
7214.100000 2.432315e-15
7215.570000 2.316457e-15
7217.040000 2.581866e-15
7218.510000 2.669969e-15
7219.980000 2.445905e-15
7221.450000 2.402635e-15
7222.920000 2.356684e-15
7224.390000 2.306444e-15
7225.860000 2.333583e-15
7227.330000 2.365762e-15
7228.800000 2.422347e-15
7230.270000 2.348147e-15
7231.740000 2.238651e-15
7233.210000 2.220382e-15
7234.680000 2.343185e-15
7236.150000 2.346545e-15
7237.620000 2.451069e-15
7239.090000 2.474578e-15
7240.560000 2.316375e-15
7242.030000 2.200821e-15
7243.500000 2.371587e-15
7244.970000 2.206749e-15
7246.440000 2.119945e-15
7247.910000 2.102123e-15
7249.380000 2.059372e-15
7250.850000 1.980864e-15
7252.320000 2.070184e-15
7253.790000 2.244007e-15
7255.260000 2.285000e-15
7256.730000 2.350922e-15
7258.200000 2.325086e-15
7259.670000 2.082348e-15
7261.140000 2.067211e-15
7262.610000 2.271200e-15
7264.080000 2.365202e-15
7265.550000 2.175859e-15
7267.020000 2.204337e-15
7268.490000 2.379738e-15
7269.960000 2.423890e-15
7271.430000 2.391275e-15
7272.900000 2.158915e-15
7274.370000 2.232627e-15
7275.840000 2.391929e-15
7277.310000 2.128863e-15
7278.780000 2.261013e-15
7280.250000 2.416108e-15
7281.720000 2.323850e-15
7283.190000 2.396861e-15
7284.660000 2.389687e-15
7286.130000 2.343811e-15
7287.600000 2.512763e-15
7289.070000 2.314411e-15
7290.540000 2.083768e-15
7292.010000 2.333330e-15
7293.480000 2.228740e-15
7294.950000 2.251861e-15
7296.420000 2.654306e-15
7297.890000 2.549620e-15
7299.360000 2.371498e-15
7300.830000 2.365348e-15
7302.300000 2.419126e-15
7303.770000 2.490769e-15
7305.240000 2.479177e-15
7306.710000 2.403325e-15
7308.180000 2.373047e-15
7309.650000 2.196491e-15
7311.120000 2.306442e-15
7312.590000 2.498885e-15
7314.060000 2.462331e-15
7315.530000 2.468534e-15
7317.000000 2.570333e-15
7318.470000 2.347302e-15
7319.940000 2.403552e-15
7321.410000 2.623637e-15
7322.880000 2.440661e-15
7324.350000 2.495789e-15
7325.820000 2.469180e-15
7327.290000 2.480618e-15
7328.760000 2.423846e-15
7330.230000 2.194626e-15
7331.700000 2.364330e-15
7333.170000 2.550326e-15
7334.640000 2.557326e-15
7336.110000 2.498881e-15
7337.580000 2.331853e-15
7339.050000 2.287141e-15
7340.520000 2.373262e-15
7341.990000 2.551067e-15
7343.460000 2.389799e-15
7344.930000 2.311200e-15
7346.400000 2.432009e-15
7347.870000 2.393146e-15
7349.340000 2.250417e-15
7350.810000 2.395049e-15
7352.280000 2.509561e-15
7353.750000 2.461789e-15
7355.220000 2.691116e-15
7356.690000 2.689136e-15
7358.160000 2.537546e-15
7359.630000 2.438148e-15
7361.100000 2.459049e-15
7362.570000 2.540464e-15
7364.040000 2.545207e-15
7365.510000 2.542351e-15
7366.980000 2.692612e-15
7368.450000 2.754022e-15
7369.920000 2.666251e-15
7371.390000 2.491440e-15
7372.860000 2.579964e-15
7374.330000 2.430729e-15
7375.800000 2.285787e-15
7377.270000 2.292115e-15
7378.740000 2.497545e-15
7380.210000 2.412683e-15
7381.680000 2.403338e-15
7383.150000 2.552673e-15
7384.620000 2.488918e-15
7386.090000 2.486797e-15
7387.560000 2.478640e-15
7389.030000 2.520527e-15
7390.500000 2.777259e-15
7391.970000 2.687180e-15
7393.440000 2.313767e-15
7394.910000 2.413974e-15
7396.380000 2.483668e-15
7397.850000 2.516955e-15
7399.320000 2.546723e-15
7400.790000 2.630611e-15
7402.260000 2.699986e-15
7403.730000 2.567924e-15
7405.200000 2.328317e-15
7406.670000 2.372747e-15
7408.140000 2.531758e-15
7409.610000 2.385435e-15
7411.080000 2.207214e-15
7412.550000 2.352692e-15
7414.020000 2.458781e-15
7415.490000 2.301768e-15
7416.960000 2.290259e-15
7418.430000 2.379960e-15
7419.900000 2.466316e-15
7421.370000 2.404383e-15
