8820.441050 1.209233e-14
8826.174980 1.185766e-14
8831.908911 1.154012e-14
8837.642841 1.122157e-14
8843.376772 1.104625e-14
8849.110703 1.089446e-14
8854.844633 1.070799e-14
8860.578564 1.055296e-14
8866.312494 1.045478e-14
8872.046425 1.038516e-14
8877.780356 1.034097e-14
8883.514286 1.024685e-14
8889.248217 1.008939e-14
8894.982147 9.877000e-15
8900.716078 9.707895e-15
8906.450009 9.611170e-15
8912.183939 9.558023e-15
8917.917870 9.542245e-15
8923.651800 9.586520e-15
8929.385731 9.572146e-15
8935.119662 9.445628e-15
8940.853592 9.314048e-15
8946.587523 9.159837e-15
8952.321453 8.963270e-15
8958.055384 8.817211e-15
8963.789314 8.665462e-15
8969.523245 8.451087e-15
8975.257176 8.300505e-15
8980.991106 8.182614e-15
8986.725037 8.016941e-15
8992.458967 7.929490e-15
8998.192898 7.943380e-15
9003.926829 7.991332e-15
9009.660759 8.053686e-15
9015.394690 8.113867e-15
9021.128620 8.184898e-15
9026.862551 8.198401e-15
9032.596482 8.142478e-15
9038.330412 8.061597e-15
9044.064343 8.037076e-15
9049.798273 8.043795e-15
9055.532204 8.016050e-15
9061.266135 7.987377e-15
9067.000065 8.058865e-15
9072.733996 8.187885e-15
9078.467926 8.246179e-15
9084.201857 8.298686e-15
9089.935788 8.455298e-15
9095.669718 8.588427e-15
9101.403649 8.634253e-15
9107.137579 8.641118e-15
9112.871510 8.633517e-15
9118.605441 8.546041e-15
9124.339371 8.442051e-15
9130.073302 8.278745e-15
9135.807232 8.078763e-15
9141.541163 8.026643e-15
9147.275094 7.971587e-15
9153.009024 7.798504e-15
9158.742955 7.728516e-15
9164.476885 7.755792e-15
9170.210816 7.676327e-15
9175.944747 7.589551e-15
9181.678677 7.574350e-15
9187.412608 7.580950e-15
9193.146538 7.607095e-15
9198.880469 7.729294e-15
9204.614399 7.890320e-15
9210.348330 8.059837e-15
9216.082261 8.316809e-15
9221.816191 8.626998e-15
9227.550122 8.900888e-15
9233.284052 9.077195e-15
9239.017983 9.251592e-15
9244.751914 9.459044e-15
9250.485844 9.581267e-15
9256.219775 9.656403e-15
9261.953705 9.762449e-15
9267.687636 9.813769e-15
9273.421567 9.797555e-15
9279.155497 9.652845e-15
9284.889428 9.416300e-15
9290.623358 9.284472e-15
9296.357289 9.235455e-15
9302.091220 9.189772e-15
9307.825150 9.124793e-15
9313.559081 8.966743e-15
9319.293011 8.747380e-15
9325.026942 8.597137e-15
9330.760873 8.371584e-15
9336.494803 8.036461e-15
9342.228734 7.873672e-15
9347.962664 8.003527e-15
9353.696595 8.134564e-15
9359.430526 8.100683e-15
9365.164456 8.118120e-15
9370.898387 8.207571e-15
9376.632317 8.224736e-15
9382.366248 8.336444e-15
9388.100179 8.620768e-15
9393.834109 8.843015e-15
9399.568040 8.936225e-15
9405.301970 8.997048e-15
9411.035901 9.158135e-15
9416.769832 9.402189e-15
9422.503762 9.445491e-15
9428.237693 9.395119e-15
9433.971623 9.396940e-15
9439.705554 9.379973e-15
9445.439484 9.314232e-15
9451.173415 9.204284e-15
9456.907346 9.079512e-15
9462.641276 8.904500e-15
9468.375207 8.763954e-15
9474.109137 8.554802e-15
9479.843068 8.307067e-15
9485.576999 8.244475e-15
9491.310929 8.134129e-15
9497.044860 7.873491e-15
9502.778790 7.802131e-15
9508.512721 7.936303e-15
9514.246652 7.834226e-15
9519.980582 7.556048e-15
9525.714513 7.538965e-15
9531.448443 7.639233e-15
9537.182374 7.586255e-15
9542.916305 7.504052e-15
9548.650235 7.538001e-15
9554.384166 7.690546e-15
9560.118096 7.771995e-15
9565.852027 7.729829e-15
9571.585958 7.735496e-15
9577.319888 7.786394e-15
9583.053819 7.726344e-15
9588.787749 7.605873e-15
9594.521680 7.614182e-15
9600.255611 7.722098e-15
9605.989541 7.846090e-15
9611.723472 7.964073e-15
9617.457402 7.997153e-15
9623.191333 8.018128e-15
9628.925264 8.141239e-15
9634.659194 8.267144e-15
9640.393125 8.291139e-15
9646.127055 8.376510e-15
9651.860986 8.516183e-15
9657.594917 8.514338e-15
9663.328847 8.481753e-15
9669.062778 8.529247e-15
9674.796708 8.591354e-15
9680.530639 8.578811e-15
9686.264569 8.581724e-15
9691.998500 8.655413e-15
9697.732431 8.663693e-15
9703.466361 8.596210e-15
9709.200292 8.598046e-15
9714.934222 8.587389e-15
9720.668153 8.470745e-15
9726.402084 8.372838e-15
9732.136014 8.319918e-15
9737.869945 8.238773e-15
9743.603875 8.208249e-15
9749.337806 8.217089e-15
9755.071737 8.111326e-15
9760.805667 7.965873e-15
9766.539598 7.932608e-15
9772.273528 7.931495e-15
9778.007459 7.847141e-15
9783.741390 7.731159e-15
9789.475320 7.653824e-15
9795.209251 7.572252e-15
9800.943181 7.500016e-15
9806.677112 7.511826e-15
9812.411043 7.533260e-15
9818.144973 7.476795e-15
9823.878904 7.426350e-15
9829.612834 7.493770e-15
9835.346765 7.582406e-15
9841.080696 7.546007e-15
9846.814626 7.467219e-15
9852.548557 7.486393e-15
9858.282487 7.573263e-15
9864.016418 7.627135e-15
9869.750349 7.629029e-15
9875.484279 7.626788e-15
9881.218210 7.667064e-15
9886.952140 7.694627e-15
9892.686071 7.669122e-15
9898.420002 7.617743e-15
9904.153932 7.602893e-15
9909.887863 7.635803e-15
9915.621793 7.654532e-15
9921.355724 7.678234e-15
9927.089654 7.705633e-15
9932.823585 7.712867e-15
9938.557516 7.744043e-15
9944.291446 7.822612e-15
9950.025377 7.880507e-15
9955.759307 7.929164e-15
9961.493238 8.002174e-15
9967.227169 8.035188e-15
9972.961099 8.061564e-15
9978.695030 8.120683e-15
9984.428960 8.172816e-15
9990.162891 8.182908e-15
9995.896822 8.132116e-15
10001.630752 8.055620e-15
10007.364683 8.027406e-15
10013.098613 8.046024e-15
10018.832544 8.045869e-15
10024.566475 7.998220e-15
10030.300405 7.908685e-15
10036.034336 7.832555e-15
10041.768266 7.794731e-15
10047.502197 7.745305e-15
10053.236128 7.711030e-15
10058.970058 7.685839e-15
10064.703989 7.624877e-15
10070.437919 7.576844e-15
10076.171850 7.576060e-15
10081.905781 7.600163e-15
10087.639711 7.556131e-15
10093.373642 7.479613e-15
10099.107572 7.474441e-15
10104.841503 7.520545e-15
10110.575434 7.494664e-15
10116.309364 7.447950e-15
10122.043295 7.439626e-15
10127.777225 7.401535e-15
10133.511156 7.334742e-15
10139.245087 7.291037e-15
10144.979017 7.243394e-15
10150.712948 7.189522e-15
10156.446878 7.136928e-15
10162.180809 7.050341e-15
10167.914740 6.971949e-15
10173.648670 6.890980e-15
10179.382601 6.742054e-15
10185.116531 6.568223e-15
10190.850462 6.443316e-15
10196.584392 6.283204e-15
10202.318323 6.059117e-15
10208.052254 5.875217e-15
10213.786184 5.757792e-15
10219.520115 5.657503e-15
10225.254045 5.568085e-15
10230.987976 5.481741e-15
10236.721907 5.354360e-15
10242.455837 5.260936e-15
10248.189768 5.267575e-15
10253.923698 5.274209e-15
10259.657629 5.227863e-15
10265.391560 5.210928e-15
10271.125490 5.229680e-15
10276.859421 5.248841e-15
10282.593351 5.266607e-15
10288.327282 5.231554e-15
10294.061213 5.180007e-15
10299.795143 5.167103e-15
10305.529074 5.132468e-15
10311.263004 5.058856e-15
10316.996935 5.008295e-15
10322.730866 4.932578e-15
10328.464796 4.829942e-15
10334.198727 4.803209e-15
10339.932657 4.804573e-15
10345.666588 4.744874e-15
10351.400519 4.644864e-15
10357.134449 4.542979e-15
10362.868380 4.449625e-15
10368.602310 4.316726e-15
10374.336241 4.155241e-15
10380.070172 4.003609e-15
10385.804102 3.838516e-15
10391.538033 3.658232e-15
10397.271963 3.493181e-15
10403.005894 3.263989e-15
10408.739825 2.994980e-15
10414.473755 2.808433e-15
10420.207686 2.654700e-15
10425.941616 2.457039e-15
10431.675547 2.261327e-15
10437.409477 2.093188e-15
10443.143408 1.973938e-15
10448.877339 1.913576e-15
10454.611269 1.860324e-15
10460.345200 1.800471e-15
10466.079130 1.767812e-15
10471.813061 1.846207e-15
10477.546992 1.963862e-15
10483.280922 2.006221e-15
10489.014853 1.990644e-15
10494.748783 2.009473e-15
10500.482714 2.072858e-15
10506.216645 2.130619e-15
10511.950575 2.153948e-15
10517.684506 2.169198e-15
10523.418436 2.198759e-15
10529.152367 2.234355e-15
10534.886298 2.261835e-15
10540.620228 2.272467e-15
10546.354159 2.293364e-15
10552.088089 2.325050e-15
10557.822020 2.374767e-15
10563.555951 2.433012e-15
10569.289881 2.507442e-15
10575.023812 2.600632e-15
10580.757742 2.693283e-15
10586.491673 2.805903e-15
10592.225604 2.941390e-15
10597.959534 3.072610e-15
10603.693465 3.158789e-15
10609.427395 3.252607e-15
10615.161326 3.409562e-15
10620.895257 3.551069e-15
10626.629187 3.651200e-15
10632.363118 3.770807e-15
10638.097048 3.924944e-15
10643.830979 4.069513e-15
10649.564910 4.199131e-15
10655.298840 4.358405e-15
10661.032771 4.529410e-15
10666.766701 4.651733e-15
10672.500632 4.797100e-15
10678.234562 4.969129e-15
10683.968493 5.149991e-15
10689.702424 5.383416e-15
10695.436354 5.613190e-15
10701.170285 5.791166e-15
10706.904215 5.917761e-15
10712.638146 6.029123e-15
10718.372077 6.167262e-15
10724.106007 6.330053e-15
10729.839938 6.531307e-15
10735.573868 6.766583e-15
10741.307799 6.931313e-15
10747.041730 7.034630e-15
10752.775660 7.174140e-15
10758.509591 7.352348e-15
10764.243521 7.524236e-15
10769.977452 7.643084e-15
10775.711383 7.770515e-15
10781.445313 7.977201e-15
10787.179244 8.271917e-15
10792.913174 8.571888e-15
10798.647105 8.781372e-15
10804.381036 8.921508e-15
10810.114966 9.058465e-15
10815.848897 9.261413e-15
10821.582827 9.470266e-15
10827.316758 9.621015e-15
10833.050689 9.773126e-15
10838.784619 9.921272e-15
10844.518550 1.000684e-14
10850.252480 1.011897e-14
10855.986411 1.027906e-14
10861.720342 1.038602e-14
10867.454272 1.042854e-14
10873.188203 1.045592e-14
10878.922133 1.050217e-14
10884.656064 1.052860e-14
10890.389995 1.049857e-14
10896.123925 1.043886e-14
10901.857856 1.041240e-14
10907.591786 1.045397e-14
10913.325717 1.041998e-14
10919.059647 1.034420e-14
10924.793578 1.037076e-14
10930.527509 1.041304e-14
10936.261439 1.042329e-14
10941.995370 1.044240e-14
10947.729300 1.046138e-14
10953.463231 1.039012e-14
10959.197162 1.031820e-14
10964.931092 1.030731e-14
10970.665023 1.028307e-14
10976.398953 1.027641e-14
10982.132884 1.028160e-14
10987.866815 1.019859e-14
10993.600745 1.005854e-14
10999.334676 9.893548e-15
11005.068606 9.762335e-15
11010.802537 9.695059e-15
11016.536468 9.543930e-15
11022.270398 9.372009e-15
11028.004329 9.275582e-15
11033.738259 9.197412e-15
11039.472190 9.091826e-15
11045.206121 8.946184e-15
11050.940051 8.796042e-15
11056.673982 8.660345e-15
11062.407912 8.532231e-15
11068.141843 8.406167e-15
11073.875774 8.260006e-15
11079.609704 8.142217e-15
11085.343635 8.119063e-15
11091.077565 8.082062e-15
11096.811496 8.004129e-15
11102.545427 7.925730e-15
11108.279357 7.813120e-15
11114.013288 7.708092e-15
11119.747218 7.604943e-15
11125.481149 7.482236e-15
11131.215080 7.434081e-15
11136.949010 7.447635e-15
11142.682941 7.378779e-15
11148.416871 7.225632e-15
11154.150802 7.057102e-15
11159.884732 6.915011e-15
11165.618663 6.904271e-15
11171.352594 6.999009e-15
11177.086524 6.821678e-15
11182.820455 6.476316e-15
11188.554385 6.357137e-15
11194.288316 6.382382e-15
11200.022247 6.392003e-15
11205.756177 6.331443e-15
11211.490108 6.188335e-15
11217.224038 6.095051e-15
11222.957969 6.156984e-15
11228.691900 6.222043e-15
11234.425830 6.145650e-15
11240.159761 6.004525e-15
11245.893691 5.812199e-15
11251.627622 5.741296e-15
11257.361553 5.961505e-15
11263.095483 6.111400e-15
11268.829414 5.954646e-15
11274.563344 5.883313e-15
11280.297275 6.021957e-15
11286.031206 6.069195e-15
11291.765136 6.081244e-15
11297.499067 6.250598e-15
11303.232997 6.364068e-15
11308.966928 6.301615e-15
11314.700859 6.270092e-15
11320.434789 6.329001e-15
11326.168720 6.313039e-15
11331.902650 6.178802e-15
11337.636581 6.097588e-15
11343.370512 6.145335e-15
11349.104442 6.252003e-15
11354.838373 6.342616e-15
11360.572303 6.285845e-15
11366.306234 6.135342e-15
11372.040165 6.022582e-15
11377.774095 5.997413e-15
11383.508026 6.018215e-15
11389.241956 6.003241e-15
11394.975887 5.924325e-15
11400.709818 5.847154e-15
11406.443748 5.833753e-15
11412.177679 5.851483e-15
11417.911609 5.854926e-15
11423.645540 5.773871e-15
11429.379470 5.613580e-15
11435.113401 5.481954e-15
11440.847332 5.430222e-15
11446.581262 5.442683e-15
11452.315193 5.411436e-15
11458.049123 5.274872e-15
11463.783054 5.167230e-15
11469.516985 5.172500e-15
11475.250915 5.170528e-15
11480.984846 5.041496e-15
11486.718776 4.932523e-15
11492.452707 4.938477e-15
11498.186638 4.994037e-15
11503.920568 4.985897e-15
11509.654499 4.845921e-15
11515.388429 4.720614e-15
11521.122360 4.723569e-15
11526.856291 4.752308e-15
11532.590221 4.693104e-15
11538.324152 4.620167e-15
11544.058082 4.619244e-15
11549.792013 4.607459e-15
11555.525944 4.589479e-15
11561.259874 4.637226e-15
11566.993805 4.633743e-15
11572.727735 4.605483e-15
11578.461666 4.639147e-15
11584.195597 4.639344e-15
11589.929527 4.583548e-15
11595.663458 4.564406e-15
11601.397388 4.560803e-15
11607.131319 4.538949e-15
11612.865250 4.504791e-15
11618.599180 4.456503e-15
11624.333111 4.422020e-15
11630.067041 4.451055e-15
11635.800972 4.481777e-15
11641.534903 4.469214e-15
11647.268833 4.418604e-15
11653.002764 4.361145e-15
11658.736694 4.329741e-15
11664.470625 4.305610e-15
11670.204555 4.251960e-15
11675.938486 4.220328e-15
11681.672417 4.219907e-15
11687.406347 4.195187e-15
11693.140278 4.144548e-15
11698.874208 4.108524e-15
11704.608139 4.104206e-15
11710.342070 4.088919e-15
11716.076000 4.077182e-15
11721.809931 4.111474e-15
11727.543861 4.139509e-15
11733.277792 4.136756e-15
11739.011723 4.143326e-15
11744.745653 4.157597e-15
11750.479584 4.182080e-15
11756.213514 4.214710e-15
11761.947445 4.209204e-15
11767.681376 4.169237e-15
11773.415306 4.169873e-15
11779.149237 4.210893e-15
11784.883167 4.229179e-15
11790.617098 4.215184e-15
11796.351029 4.214584e-15
11802.084959 4.231676e-15
11807.818890 4.255117e-15
11813.552820 4.307134e-15
11819.286751 4.363550e-15
11825.020682 4.390429e-15
11830.754612 4.395204e-15
11836.488543 4.393869e-15
11842.222473 4.353245e-15
11847.956404 4.315932e-15
11853.690335 4.316635e-15
11859.424265 4.326726e-15
11865.158196 4.308178e-15
11870.892126 4.301634e-15
11876.626057 4.356800e-15
11882.359988 4.436209e-15
11888.093918 4.486841e-15
11893.827849 4.499608e-15
11899.561779 4.492804e-15
11905.295710 4.485177e-15
11911.029640 4.491427e-15
11916.763571 4.524004e-15
11922.497502 4.566795e-15
11928.231432 4.586036e-15
11933.965363 4.610868e-15
11939.699293 4.647340e-15
11945.433224 4.680558e-15
11951.167155 4.690493e-15
11956.901085 4.682331e-15
11962.635016 4.703875e-15
11968.368946 4.771044e-15
11974.102877 4.807949e-15
11979.836808 4.842127e-15
11985.570738 4.908259e-15
11991.304669 4.955807e-15
11997.038599 4.972843e-15
12002.772530 4.960269e-15
12008.506461 4.958987e-15
12014.240391 4.990205e-15
12019.974322 5.012174e-15
12025.708252 5.000088e-15
12031.442183 4.989486e-15
12037.176114 4.992797e-15
12042.910044 4.971050e-15
12048.643975 4.921601e-15
12054.377905 4.875588e-15
12060.111836 4.822294e-15
12065.845767 4.760902e-15
12071.579697 4.727232e-15
12077.313628 4.738121e-15
12083.047558 4.787163e-15
12088.781489 4.811401e-15
12094.515420 4.800268e-15
12100.249350 4.800073e-15
12105.983281 4.815557e-15
12111.717211 4.819061e-15
12117.451142 4.766497e-15
12123.185073 4.689845e-15
12128.919003 4.657223e-15
12134.652934 4.626487e-15
12140.386864 4.573736e-15
12146.120795 4.513497e-15
12151.854725 4.461094e-15
12157.588656 4.434644e-15
12163.322587 4.404190e-15
12169.056517 4.353716e-15
12174.790448 4.337524e-15
12180.524378 4.337808e-15
12186.258309 4.334934e-15
12191.992240 4.321053e-15
12197.726170 4.283817e-15
12203.460101 4.245592e-15
12209.194031 4.239957e-15
12214.927962 4.273434e-15
12220.661893 4.278078e-15
12226.395823 4.262134e-15
12232.129754 4.283860e-15
12237.863684 4.287777e-15
12243.597615 4.229178e-15
12249.331546 4.186696e-15
12255.065476 4.147627e-15
12260.799407 4.107324e-15
12266.533337 4.122973e-15
12272.267268 4.142297e-15
12278.001199 4.127161e-15
12283.735129 4.108820e-15
12289.469060 4.087892e-15
12295.202990 4.058760e-15
12300.936921 4.025160e-15
12306.670852 4.011335e-15
12312.404782 4.015771e-15
12318.138713 4.014850e-15
12323.872643 4.000072e-15
12329.606574 3.971139e-15
12335.340505 3.958967e-15
12341.074435 3.955590e-15
12346.808366 3.921544e-15
12352.542296 3.858565e-15
12358.276227 3.826051e-15
12364.010158 3.817207e-15
12369.744088 3.785967e-15
12375.478019 3.778699e-15
12381.211949 3.769997e-15
12386.945880 3.729521e-15
12392.679810 3.715126e-15
12398.413741 3.708256e-15
12404.147672 3.671908e-15
12409.881602 3.613252e-15
12415.615533 3.606861e-15
12421.349463 3.636803e-15
12427.083394 3.648002e-15
12432.817325 3.665364e-15
12438.551255 3.685890e-15
12444.285186 3.682819e-15
12450.019116 3.652789e-15
12455.753047 3.630261e-15
12461.486978 3.632321e-15
12467.220908 3.647675e-15
12472.954839 3.659336e-15
12478.688769 3.647881e-15
12484.422700 3.639681e-15
12490.156631 3.659867e-15
12495.890561 3.694711e-15
12501.624492 3.704486e-15
12507.358422 3.705053e-15
12513.092353 3.732887e-15
12518.826284 3.736278e-15
12524.560214 3.710359e-15
12530.294145 3.732861e-15
12536.028075 3.776510e-15
12541.762006 3.794923e-15
12547.495937 3.832029e-15
12553.229867 3.886052e-15
12558.963798 3.907464e-15
12564.697728 3.909003e-15
12570.431659 3.937130e-15
12576.165590 3.984171e-15
12581.899520 4.023176e-15
12587.633451 4.074560e-15
12593.367381 4.103543e-15
12599.101312 4.105047e-15
12604.835243 4.126796e-15
12610.569173 4.134635e-15
12616.303104 4.097015e-15
12622.037034 4.073361e-15
12627.770965 4.079160e-15
12633.504895 4.069579e-15
12639.238826 4.050918e-15
12644.972757 4.051939e-15
12650.706687 4.066042e-15
12656.440618 4.056758e-15
12662.174548 4.042480e-15
12667.908479 3.988530e-15
12673.642410 3.921528e-15
12679.376340 3.960891e-15
12685.110271 4.065620e-15
12690.844201 4.054178e-15
12696.578132 3.993003e-15
12702.312063 3.983878e-15
12708.045993 3.962789e-15
12713.779924 3.938140e-15
12719.513854 3.938031e-15
12725.247785 3.949417e-15
12730.981716 3.946258e-15
12736.715646 3.951228e-15
12742.449577 3.974168e-15
12748.183507 3.962550e-15
12753.917438 3.936165e-15
12759.651369 3.960740e-15
12765.385299 4.010335e-15
12771.119230 4.020413e-15
12776.853160 4.017382e-15
12782.587091 4.040496e-15
12788.321022 4.063785e-15
12794.054952 4.054497e-15
12799.788883 4.033068e-15
12805.522813 4.023899e-15
12811.256744 4.044098e-15
12816.990675 4.075239e-15
12822.724605 4.105231e-15
12828.458536 4.120817e-15
12834.192466 4.104732e-15
12839.926397 4.067633e-15
12845.660328 4.067016e-15
12851.394258 4.073024e-15
12857.128189 4.045209e-15
12862.862119 4.031765e-15
12868.596050 4.027427e-15
12874.329981 4.016899e-15
12880.063911 3.997929e-15
12885.797842 3.976360e-15
12891.531772 3.974018e-15
12897.265703 3.990058e-15
12902.999633 3.970886e-15
12908.733564 3.921873e-15
12914.467495 3.881017e-15
12920.201425 3.890106e-15
12925.935356 3.894686e-15
12931.669286 3.844931e-15
12937.403217 3.818880e-15
12943.137148 3.799257e-15
12948.871078 3.780494e-15
12954.605009 3.771360e-15
12960.338939 3.723301e-15
12966.072870 3.704622e-15
12971.806801 3.721762e-15
12977.540731 3.713049e-15
12983.274662 3.719633e-15
12989.008592 3.724710e-15
12994.742523 3.680509e-15
13000.476454 3.665569e-15
13006.210384 3.701668e-15
13011.944315 3.675918e-15
13017.678245 3.597072e-15
13023.412176 3.546299e-15
13029.146107 3.562844e-15
13034.880037 3.605344e-15
13040.613968 3.633616e-15
13046.347898 3.649724e-15
13052.081829 3.625078e-15
13057.815760 3.562602e-15
13063.549690 3.546607e-15
13069.283621 3.605441e-15
13075.017551 3.682433e-15
13080.751482 3.708766e-15
13086.485413 3.682221e-15
13092.219343 3.658004e-15
13097.953274 3.658001e-15
13103.687204 3.643487e-15
13109.421135 3.631617e-15
13115.155066 3.606862e-15
13120.888996 3.570507e-15
13126.622927 3.572465e-15
13132.356857 3.580623e-15
13138.090788 3.585618e-15
13143.824718 3.592591e-15
13149.558649 3.584056e-15
13155.292580 3.562876e-15
13161.026510 3.543540e-15
13166.760441 3.513936e-15
13172.494371 3.463041e-15
13178.228302 3.446149e-15
13183.962233 3.453948e-15
13189.696163 3.443730e-15
13195.430094 3.427864e-15
13201.164024 3.427381e-15
13206.897955 3.408338e-15
13212.631886 3.348774e-15
13218.365816 3.307083e-15
13224.099747 3.305870e-15
13229.833677 3.306443e-15
13235.567608 3.268139e-15
13241.301539 3.219960e-15
13247.035469 3.200420e-15
13252.769400 3.178861e-15
13258.503330 3.163782e-15
13264.237261 3.161848e-15
13269.971192 3.148824e-15
13275.705122 3.133711e-15
13281.439053 3.137377e-15
13287.172983 3.140537e-15
13292.906914 3.111115e-15
13298.640845 3.047364e-15
13304.374775 2.966412e-15
13310.108706 2.938801e-15
13315.842636 2.966085e-15
13321.576567 2.968695e-15
13327.310498 2.970137e-15
13333.044428 2.988840e-15
13338.778359 2.984672e-15
13344.512289 2.937307e-15
13350.246220 2.870651e-15
13355.980151 2.868358e-15
13361.714081 2.895956e-15
13367.448012 2.886741e-15
13373.181942 2.896450e-15
13378.915873 2.898372e-15
13384.649803 2.838136e-15
13390.383734 2.749906e-15
13396.117665 2.692677e-15
14600.243090 2.727475e-15
14605.977020 2.674564e-15
14611.710951 2.593155e-15
14617.444881 2.538414e-15
14623.178812 2.524019e-15
14628.912743 2.546198e-15
14634.646673 2.564613e-15
14640.380604 2.550571e-15
14646.114534 2.520248e-15
14651.848465 2.491714e-15
14657.582396 2.480366e-15
14663.316326 2.493120e-15
14669.050257 2.523863e-15
14674.784187 2.557958e-15
14680.518118 2.573981e-15
14686.252049 2.563073e-15
14691.985979 2.527270e-15
14697.719910 2.482312e-15
14703.453840 2.450172e-15
14709.187771 2.442783e-15
14714.921702 2.464203e-15
14720.655632 2.493631e-15
14726.389563 2.506440e-15
14732.123493 2.504258e-15
14737.857424 2.493410e-15
14743.591355 2.475493e-15
14749.325285 2.452503e-15
14755.059216 2.422923e-15
14760.793146 2.392115e-15
14766.527077 2.381687e-15
14772.261008 2.398913e-15
14777.994938 2.428172e-15
14783.728869 2.455236e-15
14789.462799 2.468121e-15
14795.196730 2.467371e-15
14800.930661 2.464748e-15
14806.664591 2.467064e-15
14812.398522 2.477608e-15
14818.132452 2.489027e-15
14823.866383 2.489756e-15
14829.600314 2.478894e-15
14835.334244 2.459918e-15
14841.068175 2.438957e-15
14846.802105 2.422484e-15
14852.536036 2.412027e-15
14858.269966 2.408676e-15
14864.003897 2.415511e-15
14869.737828 2.434567e-15
14875.471758 2.467232e-15
14881.205689 2.509304e-15
14886.939619 2.547237e-15
14892.673550 2.572840e-15
14898.407481 2.586102e-15
14904.141411 2.588642e-15
14909.875342 2.583909e-15
14915.609272 2.574945e-15
14921.343203 2.564160e-15
14927.077134 2.553360e-15
14932.811064 2.543833e-15
14938.544995 2.537100e-15
14944.278925 2.534519e-15
14950.012856 2.537637e-15
14955.746787 2.547280e-15
14961.480717 2.561873e-15
14967.214648 2.578879e-15
14972.948578 2.594995e-15
14978.682509 2.607355e-15
14984.416440 2.614563e-15
14990.150370 2.616671e-15
14995.884301 2.615982e-15
15001.618231 2.614628e-15
15007.352162 2.614090e-15
15013.086093 2.615181e-15
15018.820023 2.617108e-15
15024.553954 2.625260e-15
15030.287884 2.649275e-15
15036.021815 2.688277e-15
15041.755746 2.734747e-15
15047.489676 2.771927e-15
15053.223607 2.781392e-15
15058.957537 2.766665e-15
15064.691468 2.739729e-15
15070.425399 2.711691e-15
15076.159329 2.692231e-15
15081.893260 2.683427e-15
15087.627190 2.683608e-15
15093.361121 2.686054e-15
15099.095051 2.684982e-15
15104.828982 2.680025e-15
15110.562913 2.671584e-15
15116.296843 2.660555e-15
15122.030774 2.648677e-15
15127.764704 2.638246e-15
15133.498635 2.629861e-15
15139.232566 2.622800e-15
15144.966496 2.613458e-15
15150.700427 2.596410e-15
15156.434357 2.577247e-15
15162.168288 2.566514e-15
15167.902219 2.565857e-15
15173.636149 2.572673e-15
15179.370080 2.580424e-15
15185.104010 2.581751e-15
15190.837941 2.573065e-15
15196.571872 2.553174e-15
15202.305802 2.524202e-15
15208.039733 2.490804e-15
15213.773663 2.461606e-15
15219.507594 2.442536e-15
15225.241525 2.433355e-15
15230.975455 2.430692e-15
15236.709386 2.426984e-15
15242.443316 2.419673e-15
15248.177247 2.412558e-15
15253.911178 2.406521e-15
15259.645108 2.400394e-15
15265.379039 2.390613e-15
15271.112969 2.372379e-15
15276.846900 2.347841e-15
15282.580831 2.322317e-15
15288.314761 2.297021e-15
15294.048692 2.272389e-15
15299.782622 2.251553e-15
15305.516553 2.237497e-15
15311.250484 2.233560e-15
15316.984414 2.239211e-15
15322.718345 2.240459e-15
15328.452275 2.229295e-15
15334.186206 2.216374e-15
15339.920137 2.209212e-15
15345.654067 2.207348e-15
15351.387998 2.209198e-15
15357.121928 2.211352e-15
15362.855859 2.211227e-15
15368.589789 2.207564e-15
15374.323720 2.200744e-15
15380.057651 2.192511e-15
15385.791581 2.184750e-15
15391.525512 2.179240e-15
15397.259442 2.176798e-15
15402.993373 2.177490e-15
15408.727304 2.180246e-15
15414.461234 2.183641e-15
15420.195165 2.185637e-15
15425.929095 2.185408e-15
15431.663026 2.187739e-15
15437.396957 2.195756e-15
15443.130887 2.206316e-15
15448.864818 2.214867e-15
15454.598748 2.215346e-15
15460.332679 2.204643e-15
15466.066610 2.184213e-15
15471.800540 2.159038e-15
15477.534471 2.137812e-15
15483.268401 2.123275e-15
15489.002332 2.112714e-15
15494.736263 2.105278e-15
15500.470193 2.100935e-15
15506.204124 2.097398e-15
15511.938054 2.091840e-15
15517.671985 2.085461e-15
15523.405916 2.080257e-15
15529.139846 2.075665e-15
15534.873777 2.069998e-15
15540.607707 2.056968e-15
15546.341638 2.033493e-15
15552.075569 2.009290e-15
15557.809499 1.992369e-15
15563.543430 1.983014e-15
15569.277360 1.979350e-15
15575.011291 1.976693e-15
15580.745222 1.971127e-15
15586.479152 1.960186e-15
15592.213083 1.946761e-15
15597.947013 1.938534e-15
15603.680944 1.938686e-15
15609.414874 1.947015e-15
15615.148805 1.954107e-15
15620.882736 1.946969e-15
15626.616666 1.926607e-15
15632.350597 1.900142e-15
15638.084527 1.877548e-15
15643.818458 1.867674e-15
15649.552389 1.867940e-15
15655.286319 1.872832e-15
15661.020250 1.876345e-15
15666.754180 1.874783e-15
15672.488111 1.872434e-15
15678.222042 1.872581e-15
15683.955972 1.874373e-15
15689.689903 1.877142e-15
15695.423833 1.880196e-15
15701.157764 1.883832e-15
15706.891695 1.889949e-15
15712.625625 1.896226e-15
15718.359556 1.897172e-15
15724.093486 1.892726e-15
15729.827417 1.886105e-15
15735.561348 1.881848e-15
15741.295278 1.884593e-15
15747.029209 1.892592e-15
15752.763139 1.902184e-15
15758.497070 1.912963e-15
15764.231001 1.925132e-15
15769.964931 1.939523e-15
15775.698862 1.956201e-15
15781.432792 1.972826e-15
15787.166723 1.986141e-15
15792.900654 1.991084e-15
15798.634584 1.986173e-15
15804.368515 1.976004e-15
15810.102445 1.965920e-15
15815.836376 1.961864e-15
15821.570307 1.964558e-15
15827.304237 1.969087e-15
15833.038168 1.975270e-15
15838.772098 1.985851e-15
15844.506029 1.998866e-15
15850.239959 2.010259e-15
15855.973890 2.014631e-15
15861.707821 2.007337e-15
15867.441751 1.991748e-15
15873.175682 1.973676e-15
15878.909612 1.957066e-15
15884.643543 1.945174e-15
15890.377474 1.939103e-15
15896.111404 1.939428e-15
15901.845335 1.947636e-15
15907.579265 1.962880e-15
15913.313196 1.980586e-15
15919.047127 1.995657e-15
15924.781057 2.002501e-15
15930.514988 2.000801e-15
15936.248918 1.996651e-15
15941.982849 1.992140e-15
15947.716780 1.985852e-15
15953.450710 1.981530e-15
15959.184641 1.984961e-15
15964.918571 1.996865e-15
15970.652502 2.015051e-15
15976.386433 2.030644e-15
15982.120363 2.034391e-15
15987.854294 2.028701e-15
15993.588224 2.019019e-15
15999.322155 2.009011e-15
16005.056086 2.002378e-15
16010.790016 2.002761e-15
16016.523947 2.011524e-15
16022.257877 2.026052e-15
16027.991808 2.041931e-15
16033.725739 2.052465e-15
16039.459669 2.055665e-15
16045.193600 2.056049e-15
16050.927530 2.056586e-15
16056.661461 2.058562e-15
16062.395392 2.061606e-15
16068.129322 2.064084e-15
16073.863253 2.063100e-15
16079.597183 2.055698e-15
16085.331114 2.045437e-15
16091.065044 2.037983e-15
16096.798975 2.035029e-15
16102.532906 2.036748e-15
16108.266836 2.042335e-15
16114.000767 2.049883e-15
16119.734697 2.055731e-15
16125.468628 2.056708e-15
16131.202559 2.051982e-15
16136.936489 2.041226e-15
16142.670420 2.024018e-15
16148.404350 2.002583e-15
16154.138281 1.982178e-15
16159.872212 1.968329e-15
16165.606142 1.966790e-15
16171.340073 1.974112e-15
16177.074003 1.979611e-15
16182.807934 1.978125e-15
16188.541865 1.968309e-15
16194.275795 1.954719e-15
16200.009726 1.944390e-15
16205.743656 1.938876e-15
16211.477587 1.937365e-15
16217.211518 1.937174e-15
16222.945448 1.935068e-15
16228.679379 1.928451e-15
16234.413309 1.916307e-15
16240.147240 1.901591e-15
16245.881171 1.887671e-15
16251.615101 1.877392e-15
16257.349032 1.871721e-15
16263.082962 1.868275e-15
16268.816893 1.865296e-15
16274.550824 1.862176e-15
16280.284754 1.858909e-15
16286.018685 1.856296e-15
16291.752615 1.854227e-15
16297.486546 1.852042e-15
16303.220477 1.850292e-15
16308.954407 1.850024e-15
16314.688338 1.853326e-15
16320.422268 1.861960e-15
16326.156199 1.873412e-15
16331.890129 1.884100e-15
16337.624060 1.890402e-15
16343.357991 1.890682e-15
16349.091921 1.891132e-15
16354.825852 1.896489e-15
16360.559782 1.904251e-15
16366.293713 1.911314e-15
16372.027644 1.913848e-15
16377.761574 1.912469e-15
16383.495505 1.915216e-15
16389.229435 1.923705e-15
16394.963366 1.932350e-15
16400.697297 1.937005e-15
16406.431227 1.934584e-15
16412.165158 1.927098e-15
16417.899088 1.919821e-15
16423.633019 1.913455e-15
16429.366950 1.906946e-15
16435.100880 1.902051e-15
16440.834811 1.900698e-15
16446.568741 1.903556e-15
16452.302672 1.909727e-15
16458.036603 1.913035e-15
16463.770533 1.908308e-15
16469.504464 1.896336e-15
16475.238394 1.879212e-15
16480.972325 1.860070e-15
16486.706256 1.841415e-15
16492.440186 1.823599e-15
16498.174117 1.808218e-15
16503.908047 1.798344e-15
16509.641978 1.795148e-15
16515.375909 1.798155e-15
16521.109839 1.803560e-15
16526.843770 1.805438e-15
16532.577700 1.802444e-15
16538.311631 1.795831e-15
16544.045562 1.786717e-15
16549.779492 1.776327e-15
16555.513423 1.765399e-15
16561.247353 1.754314e-15
16566.981284 1.741438e-15
16572.715214 1.726125e-15
16578.449145 1.713431e-15
16584.183076 1.706904e-15
16589.917006 1.704221e-15
16595.650937 1.702658e-15
16601.384867 1.699518e-15
16607.118798 1.694305e-15
16612.852729 1.690364e-15
16618.586659 1.688238e-15
16624.320590 1.685292e-15
16630.054520 1.680488e-15
16635.788451 1.673979e-15
16641.522382 1.667587e-15
16647.256312 1.664060e-15
16652.990243 1.664447e-15
16658.724173 1.668845e-15
16664.458104 1.675314e-15
16670.192035 1.681655e-15
16675.925965 1.690674e-15
16681.659896 1.704642e-15
16687.393826 1.719156e-15
16693.127757 1.729351e-15
16698.861688 1.731303e-15
16704.595618 1.724713e-15
16710.329549 1.717289e-15
16716.063479 1.714720e-15
16721.797410 1.718054e-15
16727.531341 1.725211e-15
16733.265271 1.730083e-15
16738.999202 1.730480e-15
16744.733132 1.728155e-15
16750.467063 1.726283e-15
16756.200994 1.728917e-15
16761.934924 1.736290e-15
16767.668855 1.746283e-15
16773.402785 1.756284e-15
16779.136716 1.763558e-15
16784.870647 1.764312e-15
16790.604577 1.756495e-15
16796.338508 1.746372e-15
16802.072438 1.741111e-15
16807.806369 1.744394e-15
16813.540300 1.757683e-15
16819.274230 1.777755e-15
16825.008161 1.801670e-15
16830.742091 1.829413e-15
16836.476022 1.858216e-15
16842.209952 1.881665e-15
16847.943883 1.896150e-15
16853.677814 1.901069e-15
16859.411744 1.900273e-15
16865.145675 1.901040e-15
16870.879605 1.905859e-15
16876.613536 1.914019e-15
16882.347467 1.923204e-15
16888.081397 1.930429e-15
16893.815328 1.934638e-15
16899.549258 1.935955e-15
16905.283189 1.937891e-15
16911.017120 1.943623e-15
16916.751050 1.951046e-15
16922.484981 1.957539e-15
16928.218911 1.961640e-15
16933.952842 1.962845e-15
16939.686773 1.962714e-15
16945.420703 1.963068e-15
16951.154634 1.965675e-15
16956.888564 1.971133e-15
16962.622495 1.978542e-15
16968.356426 1.985942e-15
16974.090356 1.990644e-15
16979.824287 1.991605e-15
16985.558217 1.989031e-15
16991.292148 1.986568e-15
16997.026079 1.989100e-15
17002.760009 1.995465e-15
17008.493940 2.002270e-15
17014.227870 2.006973e-15
17019.961801 2.007820e-15
17025.695732 2.006967e-15
17031.429662 2.006685e-15
17037.163593 2.006072e-15
17042.897523 2.004221e-15
17048.631454 2.000889e-15
17054.365385 1.996590e-15
17060.099315 1.993542e-15
17065.833246 1.992495e-15
17071.567176 1.991637e-15
17077.301107 1.990682e-15
17083.035037 1.991234e-15
17088.768968 1.991259e-15
17094.502899 1.986336e-15
17100.236829 1.975153e-15
17105.970760 1.958391e-15
17111.704690 1.942288e-15
17117.438621 1.934479e-15
17123.172552 1.933538e-15
17128.906482 1.934781e-15
17134.640413 1.933529e-15
17140.374343 1.925804e-15
17146.108274 1.910984e-15
17151.842205 1.890505e-15
17157.576135 1.868745e-15
17163.310066 1.850240e-15
17169.043996 1.839060e-15
17174.777927 1.835065e-15
17180.511858 1.831021e-15
17186.245788 1.823166e-15
17191.979719 1.812619e-15
17197.713649 1.801446e-15
17203.447580 1.792899e-15
17209.181511 1.785527e-15
17214.915441 1.774840e-15
17220.649372 1.759598e-15
17226.383302 1.740517e-15
17232.117233 1.721963e-15
17237.851164 1.709110e-15
17243.585094 1.703908e-15
17249.319025 1.706027e-15
17255.052955 1.709036e-15
17260.786886 1.706989e-15
17266.520817 1.700486e-15
17272.254747 1.691834e-15
17277.988678 1.685582e-15
17283.722608 1.683954e-15
17289.456539 1.683643e-15
17295.190470 1.681828e-15
17300.924400 1.676749e-15
17306.658331 1.668529e-15
17312.392261 1.659741e-15
17318.126192 1.649754e-15
17323.860122 1.635670e-15
17329.594053 1.616722e-15
17335.327984 1.593698e-15
17341.061914 1.571036e-15
17346.795845 1.554461e-15
17352.529775 1.547578e-15
17358.263706 1.552053e-15
17363.997637 1.565674e-15
17369.731567 1.584190e-15
17375.465498 1.600470e-15
17381.199428 1.608966e-15
17386.933359 1.609994e-15
17392.667290 1.606250e-15
17398.401220 1.603596e-15
17404.135151 1.605657e-15
17409.869081 1.611503e-15
17415.603012 1.618436e-15
17421.336943 1.621751e-15
17427.070873 1.620254e-15
17432.804804 1.616253e-15
17438.538734 1.612707e-15
17444.272665 1.612880e-15
17450.006596 1.617000e-15
17455.740526 1.623388e-15
17461.474457 1.630256e-15
17467.208387 1.635629e-15
17472.942318 1.636726e-15
17478.676249 1.631540e-15
17484.410179 1.621545e-15
17490.144110 1.609303e-15
17495.878040 1.597622e-15
17501.611971 1.589121e-15
17507.345902 1.585606e-15
17513.079832 1.587477e-15
17518.813763 1.593461e-15
17524.547693 1.599887e-15
17530.281624 1.599959e-15
17536.015555 1.592036e-15
17541.749485 1.580050e-15
17547.483416 1.568896e-15
17553.217346 1.564031e-15
17558.951277 1.564438e-15
17564.685207 1.565152e-15
17570.419138 1.563229e-15
17576.153069 1.556933e-15
17581.886999 1.546578e-15
17587.620930 1.533880e-15
17593.354860 1.522341e-15
17599.088791 1.515496e-15
17604.822722 1.516318e-15
17610.556652 1.524944e-15
17616.290583 1.534022e-15
17622.024513 1.537378e-15
17627.758444 1.533525e-15
17633.492375 1.524057e-15
17639.226305 1.515182e-15
17644.960236 1.510980e-15
17650.694166 1.511969e-15
17656.428097 1.517368e-15
17662.162028 1.525363e-15
17667.895958 1.530196e-15
17673.629889 1.524511e-15
17679.363819 1.509711e-15
17685.097750 1.491831e-15
17690.831681 1.482338e-15
17696.565611 1.492107e-15
17702.299542 1.513778e-15
17708.033472 1.535634e-15
17713.767403 1.551134e-15
17719.501334 1.557112e-15
17725.235264 1.560423e-15
17730.969195 1.566908e-15
17736.703125 1.574587e-15
17742.437056 1.581388e-15
17748.170987 1.585846e-15
17753.904917 1.587316e-15
17759.638848 1.586872e-15
17765.372778 1.584861e-15
17771.106709 1.580719e-15
17776.840640 1.575751e-15
17782.574570 1.572461e-15
17788.308501 1.572063e-15
17794.042431 1.574842e-15
17799.776362 1.578320e-15
17805.510292 1.579045e-15
17811.244223 1.577598e-15
17816.978154 1.575484e-15
17822.712084 1.570550e-15
17828.446015 1.561222e-15
17834.179945 1.549796e-15
17839.913876 1.539985e-15
17845.647807 1.538757e-15
17851.381737 1.548719e-15
17857.115668 1.562438e-15
17862.849598 1.572786e-15
17868.583529 1.574816e-15
17874.317460 1.566614e-15
17880.051390 1.550405e-15
17885.785321 1.530165e-15
17891.519251 1.511057e-15
17897.253182 1.496767e-15
17902.987113 1.489475e-15
17908.721043 1.488149e-15
17914.454974 1.489986e-15
17920.188904 1.494576e-15
17925.922835 1.502092e-15
17931.656766 1.511615e-15
17937.390696 1.521901e-15
17943.124627 1.531124e-15
17948.858557 1.537697e-15
17954.592488 1.541561e-15
17960.326419 1.542387e-15
17966.060349 1.538467e-15
17971.794280 1.528709e-15
17977.528210 1.512987e-15
17983.262141 1.493287e-15
17988.996072 1.474032e-15
17994.730002 1.461153e-15
19502.753749 1.217552e-15
19508.487679 1.197589e-15
19514.221610 1.180244e-15
19519.955541 1.168144e-15
19525.689471 1.161275e-15
19531.423402 1.158144e-15
19537.157332 1.157770e-15
19542.891263 1.159015e-15
19548.625193 1.158659e-15
19554.359124 1.155381e-15
19560.093055 1.156055e-15
19565.826985 1.164876e-15
19571.560916 1.177229e-15
19577.294846 1.187383e-15
19583.028777 1.188427e-15
19588.762708 1.178974e-15
19594.496638 1.166056e-15
19600.230569 1.152927e-15
19605.964499 1.138438e-15
19611.698430 1.125364e-15
19617.432361 1.118534e-15
19623.166291 1.119322e-15
19628.900222 1.126953e-15
19634.634152 1.133975e-15
19640.368083 1.131580e-15
19646.102014 1.123312e-15
19651.835944 1.116016e-15
19657.569875 1.113164e-15
19663.303805 1.116346e-15
19669.037736 1.121392e-15
19674.771667 1.124385e-15
19680.505597 1.125361e-15
19686.239528 1.125593e-15
19691.973458 1.128824e-15
19697.707389 1.135716e-15
19703.441320 1.141354e-15
19709.175250 1.143393e-15
19714.909181 1.142669e-15
19720.643111 1.140910e-15
19726.377042 1.140733e-15
19732.110973 1.142462e-15
19737.844903 1.144692e-15
19743.578834 1.146505e-15
19749.312764 1.147141e-15
19755.046695 1.143488e-15
19760.780626 1.132798e-15
19766.514556 1.118148e-15
19772.248487 1.104199e-15
19777.982417 1.096184e-15
19783.716348 1.097027e-15
19789.450278 1.102030e-15
19795.184209 1.105792e-15
19800.918140 1.104152e-15
19806.652070 1.095782e-15
19812.386001 1.084825e-15
19818.119931 1.074149e-15
19823.853862 1.064272e-15
19829.587793 1.054696e-15
19835.321723 1.043564e-15
19841.055654 1.031639e-15
19846.789584 1.021516e-15
19852.523515 1.013924e-15
19858.257446 1.008421e-15
19863.991376 1.002475e-15
19869.725307 9.928989e-16
19875.459237 9.786771e-16
19881.193168 9.597927e-16
19886.927099 9.377493e-16
19892.661029 9.139644e-16
19898.394960 8.872845e-16
19904.128890 8.567976e-16
19909.862821 8.229432e-16
19915.596752 7.871827e-16
19921.330682 7.530356e-16
19927.064613 7.222683e-16
19932.798543 6.934422e-16
19938.532474 6.657165e-16
19944.266405 6.393157e-16
19950.000335 6.124254e-16
19955.734266 5.817672e-16
19961.468196 5.483606e-16
19967.202127 5.158096e-16
19972.936058 4.877805e-16
19978.669988 4.675225e-16
19984.403919 4.510534e-16
19990.137849 4.328188e-16
19995.871780 4.162453e-16
20001.605711 4.057583e-16
20007.339641 4.002076e-16
20013.073572 3.975822e-16
20018.807502 3.960286e-16
20024.541433 3.940360e-16
20030.275363 3.916732e-16
20036.009294 3.885250e-16
20041.743225 3.823004e-16
20047.477155 3.745520e-16
20053.211086 3.722848e-16
20058.945016 3.763774e-16
20064.678947 3.815533e-16
20070.412878 3.841524e-16
20076.146808 3.817898e-16
20081.880739 3.763509e-16
20087.614669 3.721281e-16
20093.348600 3.720304e-16
20099.082531 3.777388e-16
20104.816461 3.869357e-16
20110.550392 3.960191e-16
20116.284322 4.005158e-16
20122.018253 3.982560e-16
20127.752184 3.973211e-16
20133.486114 4.043693e-16
20139.220045 4.169719e-16
20144.953975 4.319951e-16
20150.687906 4.464238e-16
20156.421837 4.589258e-16
20162.155767 4.720759e-16
20167.889698 4.844010e-16
20173.623628 4.892798e-16
20179.357559 4.877192e-16
20185.091490 4.869723e-16
20190.825420 4.909437e-16
20196.559351 5.012785e-16
20202.293281 5.139746e-16
20208.027212 5.226824e-16
20213.761143 5.274249e-16
20219.495073 5.305342e-16
20225.229004 5.347964e-16
20230.962934 5.425020e-16
20236.696865 5.514958e-16
20242.430796 5.597096e-16
20248.164726 5.684746e-16
20253.898657 5.790977e-16
20259.632587 5.924181e-16
20265.366518 6.077746e-16
20271.100448 6.217133e-16
20276.834379 6.323373e-16
20282.568310 6.401427e-16
20288.302240 6.464967e-16
20294.036171 6.535445e-16
20299.770101 6.630342e-16
20305.504032 6.761331e-16
20311.237963 6.917066e-16
20316.971893 7.073507e-16
20322.705824 7.211024e-16
20328.439754 7.315796e-16
20334.173685 7.399537e-16
20339.907616 7.482032e-16
20345.641546 7.578560e-16
20351.375477 7.698071e-16
20357.109407 7.829654e-16
20362.843338 7.958561e-16
20368.577269 8.068770e-16
20374.311199 8.156497e-16
20380.045130 8.244798e-16
20385.779060 8.349489e-16
20391.512991 8.473818e-16
20397.246922 8.601509e-16
20402.980852 8.693490e-16
20408.714783 8.740329e-16
20414.448713 8.758315e-16
20420.182644 8.778732e-16
20425.916575 8.840399e-16
20431.650505 8.940534e-16
20437.384436 9.055484e-16
20443.118366 9.168614e-16
20448.852297 9.266471e-16
20454.586228 9.347735e-16
20460.320158 9.416320e-16
20466.054089 9.479660e-16
20471.788019 9.544028e-16
20477.521950 9.607189e-16
20483.255881 9.665862e-16
20488.989811 9.714082e-16
20494.723742 9.757203e-16
20500.457672 9.822585e-16
20506.191603 9.922196e-16
20511.925533 1.004580e-15
20517.659464 1.018459e-15
20523.393395 1.032939e-15
20529.127325 1.048463e-15
20534.861256 1.066637e-15
20540.595186 1.084690e-15
20546.329117 1.097948e-15
20552.063048 1.108409e-15
20557.796978 1.120237e-15
20563.530909 1.134617e-15
20569.264839 1.151219e-15
20574.998770 1.165529e-15
20580.732701 1.173353e-15
20586.466631 1.175138e-15
20592.200562 1.173097e-15
20597.934492 1.172121e-15
20603.668423 1.175618e-15
20609.402354 1.183256e-15
20615.136284 1.192470e-15
20620.870215 1.197637e-15
20626.604145 1.196704e-15
20632.338076 1.191955e-15
20638.072007 1.187623e-15
20643.805937 1.189340e-15
20649.539868 1.197563e-15
20655.273798 1.209217e-15
20661.007729 1.219040e-15
20666.741660 1.221402e-15
20672.475590 1.217097e-15
20678.209521 1.209556e-15
20683.943451 1.202408e-15
20689.677382 1.198934e-15
20695.411313 1.199609e-15
20701.145243 1.203930e-15
20706.879174 1.211754e-15
20712.613104 1.220922e-15
20718.347035 1.224761e-15
20724.080966 1.219668e-15
20729.814896 1.207891e-15
20735.548827 1.193512e-15
20741.282757 1.182829e-15
20747.016688 1.177186e-15
20752.750619 1.172536e-15
20758.484549 1.167929e-15
20764.218480 1.164370e-15
20769.952410 1.162944e-15
20775.686341 1.164757e-15
20781.420271 1.166322e-15
20787.154202 1.163073e-15
20792.888133 1.156053e-15
20798.622063 1.148021e-15
20804.355994 1.142338e-15
20810.089924 1.141210e-15
20815.823855 1.141317e-15
20821.557786 1.139368e-15
20827.291716 1.134676e-15
20833.025647 1.127831e-15
20838.759577 1.122016e-15
20844.493508 1.118418e-15
20850.227439 1.114704e-15
20855.961369 1.109371e-15
20861.695300 1.101684e-15
20867.429230 1.094043e-15
20873.163161 1.091405e-15
20878.897092 1.094140e-15
20884.631022 1.099686e-15
20890.364953 1.103908e-15
20896.098883 1.102410e-15
20901.832814 1.096526e-15
20907.566745 1.089530e-15
20913.300675 1.082784e-15
20919.034606 1.077079e-15
20924.768536 1.071972e-15
20930.502467 1.066887e-15
20936.236398 1.062276e-15
20941.970328 1.058196e-15
20947.704259 1.053211e-15
20953.438189 1.047498e-15
20959.172120 1.044348e-15
20964.906051 1.045138e-15
20970.639981 1.048651e-15
20976.373912 1.052640e-15
20982.107842 1.053818e-15
20987.841773 1.051757e-15
20993.575704 1.048263e-15
20999.309634 1.043881e-15
21005.043565 1.038653e-15
21010.777495 1.032714e-15
21016.511426 1.026291e-15
21022.245356 1.020717e-15
21027.979287 1.017385e-15
21033.713218 1.016386e-15
21039.447148 1.017416e-15
21045.181079 1.020494e-15
21050.915009 1.024877e-15
21056.648940 1.027805e-15
21062.382871 1.027456e-15
21068.116801 1.024455e-15
21073.850732 1.019296e-15
21079.584662 1.012164e-15
21085.318593 1.003024e-15
21091.052524 9.911416e-16
21096.786454 9.795084e-16
21102.520385 9.740694e-16
21108.254315 9.749294e-16
21113.988246 9.785120e-16
21119.722177 9.827979e-16
21125.456107 9.863955e-16
21131.190038 9.895105e-16
21136.923968 9.928247e-16
21142.657899 9.947758e-16
21148.391830 9.939112e-16
21154.125760 9.914581e-16
21159.859691 9.887365e-16
21165.593621 9.856604e-16
21171.327552 9.822151e-16
21177.061483 9.785469e-16
21182.795413 9.754621e-16
21188.529344 9.750745e-16
21194.263274 9.779123e-16
21199.997205 9.824410e-16
21205.731136 9.864622e-16
21211.465066 9.872714e-16
21217.198997 9.843796e-16
21222.932927 9.790267e-16
21228.666858 9.733387e-16
21234.400789 9.698238e-16
21240.134719 9.679156e-16
21245.868650 9.660127e-16
21251.602580 9.652227e-16
21257.336511 9.669605e-16
21263.070441 9.717805e-16
21268.804372 9.790959e-16
21274.538303 9.843311e-16
21280.272233 9.841746e-16
21286.006164 9.801668e-16
21291.740094 9.751558e-16
21297.474025 9.737428e-16
21303.207956 9.776570e-16
21308.941886 9.837560e-16
21314.675817 9.892698e-16
21320.409747 9.920602e-16
21326.143678 9.918338e-16
21331.877609 9.901288e-16
21337.611539 9.874818e-16
21343.345470 9.838648e-16
21349.079400 9.797119e-16
21354.813331 9.755678e-16
21360.547262 9.718007e-16
21366.281192 9.686586e-16
21372.015123 9.660540e-16
21377.749053 9.638574e-16
21383.482984 9.623142e-16
21389.216915 9.616167e-16
21394.950845 9.617237e-16
21400.684776 9.623873e-16
21406.418706 9.629562e-16
21412.152637 9.629821e-16
21417.886568 9.624755e-16
21423.620498 9.614800e-16
21429.354429 9.600696e-16
21435.088359 9.583592e-16
21440.822290 9.564469e-16
21446.556221 9.547194e-16
21452.290151 9.536467e-16
21458.024082 9.534699e-16
21463.758012 9.542507e-16
21469.491943 9.538294e-16
21475.225874 9.497517e-16
21480.959804 9.437863e-16
21486.693735 9.386996e-16
21492.427665 9.362644e-16
21498.161596 9.371699e-16
21503.895526 9.387428e-16
21509.629457 9.383654e-16
21515.363388 9.352421e-16
21521.097318 9.295220e-16
21526.831249 9.229160e-16
21532.565179 9.170059e-16
21538.299110 9.129936e-16
21544.033041 9.102473e-16
21549.766971 9.059125e-16
21555.500902 9.001504e-16
21561.234832 8.955123e-16
21566.968763 8.940739e-16
21572.702694 8.974802e-16
21578.436624 9.031986e-16
21584.170555 9.069902e-16
21589.904485 9.088939e-16
21595.638416 9.101583e-16
21601.372347 9.097545e-16
21607.106277 9.068191e-16
21612.840208 9.028813e-16
21618.574138 8.994093e-16
21624.308069 8.969841e-16
21630.042000 8.947124e-16
21635.775930 8.881507e-16
21641.509861 8.754821e-16
21647.243791 8.596794e-16
21652.977722 8.452268e-16
21658.711653 8.383464e-16
21664.445583 8.401051e-16
21670.179514 8.462787e-16
21675.913444 8.532182e-16
21681.647375 8.577569e-16
21687.381306 8.593879e-16
21693.115236 8.592962e-16
21698.849167 8.578451e-16
21704.583097 8.552783e-16
21710.317028 8.510932e-16
21716.050959 8.451089e-16
21721.784889 8.405435e-16
21727.518820 8.401707e-16
21733.252750 8.432698e-16
21738.986681 8.476925e-16
21744.720611 8.488743e-16
21750.454542 8.440760e-16
21756.188473 8.347671e-16
21761.922403 8.237948e-16
21767.656334 8.155188e-16
21773.390264 8.121579e-16
21779.124195 8.131865e-16
21784.858126 8.163589e-16
21790.592056 8.180396e-16
21796.325987 8.169803e-16
21802.059917 8.136585e-16
21807.793848 8.086673e-16
21813.527779 8.028949e-16
21819.261709 7.974639e-16
21824.995640 7.934415e-16
21830.729570 7.921148e-16
21836.463501 7.940106e-16
21842.197432 7.967907e-16
21847.931362 7.979347e-16
21853.665293 7.959142e-16
21859.399223 7.905407e-16
21865.133154 7.847233e-16
21870.867085 7.800320e-16
21876.601015 7.749631e-16
21882.334946 7.688173e-16
21888.068876 7.617966e-16
21893.802807 7.555751e-16
21899.536738 7.533042e-16
21905.270668 7.547343e-16
21911.004599 7.571996e-16
21916.738529 7.588045e-16
21922.472460 7.581113e-16
21928.206391 7.558768e-16
21933.940321 7.536245e-16
21939.674252 7.501632e-16
21945.408182 7.441191e-16
21951.142113 7.368853e-16
21956.876044 7.301101e-16
21962.609974 7.243329e-16
21968.343905 7.197738e-16
21974.077835 7.158154e-16
21979.811766 7.125721e-16
21985.545696 7.123269e-16
21991.279627 7.149495e-16
21997.013558 7.166499e-16
22002.747488 7.151575e-16
22008.481419 7.097679e-16
22014.215349 7.033992e-16
22019.949280 7.019234e-16
22025.683211 7.052658e-16
22031.417141 7.096721e-16
22037.151072 7.130763e-16
22042.885002 7.141516e-16
22048.618933 7.134380e-16
22054.352864 7.121173e-16
22060.086794 7.087827e-16
22065.820725 7.025234e-16
22071.554655 6.972112e-16
22077.288586 6.961787e-16
22083.022517 6.985964e-16
22088.756447 7.030715e-16
22094.490378 7.080171e-16
22100.224308 7.125318e-16
22105.958239 7.175552e-16
22111.692170 7.225068e-16
22117.426100 7.246969e-16
22123.160031 7.233625e-16
22128.893961 7.196626e-16
22134.627892 7.144440e-16
22140.361823 7.084119e-16
22146.095753 7.033854e-16
22151.829684 7.013452e-16
22157.563614 7.032151e-16
22163.297545 7.089061e-16
22169.031476 7.138832e-16
22174.765406 7.134828e-16
22180.499337 7.090571e-16
22186.233267 7.032219e-16
22191.967198 6.981823e-16
22197.701129 6.955602e-16
22203.435059 6.949832e-16
22209.168990 6.956498e-16
22214.902920 6.967410e-16
22220.636851 6.969713e-16
22226.370782 6.944692e-16
22232.104712 6.894389e-16
22237.838643 6.843117e-16
22243.572573 6.811257e-16
22249.306504 6.814769e-16
22255.040434 6.842278e-16
22260.774365 6.865894e-16
22266.508296 6.870607e-16
22272.242226 6.849139e-16
22277.976157 6.816604e-16
22283.710087 6.792920e-16
22289.444018 6.770514e-16
22295.177949 6.737804e-16
22300.911879 6.690342e-16
22306.645810 6.630400e-16
22312.379740 6.581552e-16
22318.113671 6.558315e-16
22323.847602 6.548171e-16
22329.581532 6.537547e-16
22335.315463 6.511600e-16
22341.049393 6.478246e-16
22346.783324 6.476042e-16
22352.517255 6.514954e-16
22358.251185 6.578814e-16
22363.985116 6.631767e-16
22369.719046 6.626414e-16
22375.452977 6.569350e-16
22381.186908 6.496538e-16
22386.920838 6.440175e-16
22392.654769 6.426691e-16
22398.388699 6.447472e-16
22404.122630 6.481605e-16
22409.856561 6.506369e-16
22415.590491 6.506263e-16
22421.324422 6.496044e-16
22427.058352 6.494010e-16
22432.792283 6.516848e-16
22438.526214 6.564614e-16
22444.260144 6.600428e-16
22449.994075 6.607890e-16
22455.728005 6.605722e-16
22461.461936 6.605643e-16
22467.195867 6.614170e-16
22472.929797 6.617886e-16
22478.663728 6.584690e-16
22484.397658 6.542514e-16
22490.131589 6.551088e-16
22495.865519 6.596534e-16
22501.599450 6.636081e-16
22507.333381 6.643532e-16
22513.067311 6.605169e-16
22518.801242 6.575617e-16
22524.535172 6.606612e-16
22530.269103 6.651139e-16
22536.003034 6.663449e-16
22541.736964 6.654847e-16
22547.470895 6.641166e-16
22553.204825 6.639341e-16
22558.938756 6.656259e-16
22564.672687 6.677198e-16
22570.406617 6.692244e-16
22576.140548 6.700180e-16
22581.874478 6.697095e-16
22587.608409 6.676892e-16
22593.342340 6.650096e-16
22599.076270 6.638041e-16
22604.810201 6.637927e-16
22610.544131 6.635120e-16
22616.278062 6.631264e-16
22622.011993 6.632318e-16
22627.745923 6.637247e-16
22633.479854 6.642613e-16
22639.213784 6.641199e-16
22644.947715 6.626470e-16
22650.681646 6.593243e-16
22656.415576 6.545235e-16
22662.149507 6.509179e-16
22667.883437 6.501670e-16
22673.617368 6.515355e-16
22679.351299 6.536344e-16
22685.085229 6.542134e-16
22690.819160 6.526967e-16
22696.553090 6.506765e-16
22702.287021 6.482409e-16
22708.020952 6.443867e-16
22713.754882 6.396954e-16
22719.488813 6.354943e-16
22725.222743 6.342746e-16
22730.956674 6.383827e-16
22736.690604 6.452186e-16
22742.424535 6.507318e-16
22748.158466 6.513438e-16
22753.892396 6.452377e-16
22759.626327 6.374311e-16
22765.360257 6.330672e-16
22771.094188 6.340005e-16
22776.828119 6.393707e-16
22782.562049 6.426165e-16
22788.295980 6.398236e-16
22794.029910 6.327102e-16
22799.763841 6.240519e-16
22805.497772 6.178387e-16
22811.231702 6.154797e-16
22816.965633 6.155530e-16
22822.699563 6.170212e-16
22828.433494 6.190979e-16
22834.167425 6.206788e-16
22839.901355 6.207379e-16
22845.635286 6.209050e-16
22851.369216 6.234061e-16
22857.103147 6.267690e-16
22862.837078 6.288629e-16
22868.571008 6.292278e-16
22874.304939 6.280809e-16
22880.038869 6.270145e-16
22885.772800 6.274225e-16
22891.506731 6.298064e-16
22897.240661 6.332086e-16
22902.974592 6.338951e-16
22908.708522 6.301535e-16
22914.442453 6.233728e-16
22920.176384 6.163606e-16
22925.910314 6.135276e-16
22931.644245 6.146800e-16
22937.378175 6.156944e-16
22943.112106 6.154851e-16
22948.846037 6.147703e-16
22954.579967 6.127546e-16
22960.313898 6.084345e-16
22966.047828 6.042865e-16
22971.781759 6.032059e-16
22977.515689 6.034959e-16
22983.249620 6.028735e-16
22988.983551 6.015431e-16
22994.717481 5.998344e-16
23000.451412 5.972946e-16
23006.185342 5.940001e-16
23011.919273 5.912023e-16
23017.653204 5.896942e-16
23023.387134 5.893536e-16
23029.121065 5.898046e-16
23034.854995 5.903172e-16
23040.588926 5.908751e-16
23046.322857 5.922065e-16
23052.056787 5.940951e-16
23057.790718 5.956907e-16
23063.524648 5.969327e-16
23069.258579 5.980768e-16
23074.992510 5.988180e-16
23080.726440 5.987038e-16
23086.460371 5.968763e-16
23092.194301 5.928135e-16
23097.928232 5.881183e-16
23103.662163 5.844914e-16
23109.396093 5.820020e-16
23115.130024 5.808010e-16
23120.863954 5.824843e-16
23126.597885 5.865119e-16
23132.331816 5.876800e-16
23138.065746 5.845463e-16
23143.799677 5.813894e-16
23149.533607 5.814660e-16
23155.267538 5.872974e-16
23161.001469 5.944469e-16
23166.735399 5.929773e-16
23172.469330 5.836803e-16
23178.203260 5.735532e-16
23183.937191 5.668128e-16
23189.671122 5.662052e-16
23195.405052 5.690066e-16
23201.138983 5.710123e-16
23206.872913 5.735995e-16
23212.606844 5.783360e-16
23218.340774 5.822003e-16
23224.074705 5.826012e-16
23229.808636 5.800173e-16
23235.542566 5.754794e-16
23241.276497 5.707001e-16
23247.010427 5.662382e-16
23252.744358 5.600700e-16
23258.478289 5.523991e-16
23264.212219 5.464714e-16
23269.946150 5.430371e-16
23275.680080 5.404792e-16
23281.414011 5.387295e-16
23287.147942 5.386239e-16
23292.881872 5.398057e-16
23298.615803 5.413748e-16
23304.349733 5.430461e-16
23310.083664 5.446675e-16
23315.817595 5.452911e-16
23321.551525 5.440634e-16
23327.285456 5.412014e-16
23333.019386 5.373224e-16
23338.753317 5.335202e-16
23344.487248 5.306697e-16
23350.221178 5.284414e-16
23355.955109 5.271910e-16
23361.689039 5.294210e-16
23367.422970 5.344235e-16
23373.156901 5.364416e-16
23378.890831 5.343386e-16
23384.624762 5.321480e-16
23390.358692 5.315501e-16
23396.092623 5.326102e-16
23401.826554 5.336381e-16
23407.560484 5.318566e-16
23413.294415 5.299749e-16
23419.028345 5.324442e-16
23424.762276 5.370606e-16
23430.496207 5.400383e-16
23436.230137 5.406732e-16
23441.964068 5.391796e-16
23447.697998 5.369685e-16
23453.431929 5.354586e-16
23459.165860 5.348774e-16
23464.899790 5.352358e-16
23470.633721 5.363469e-16
23476.367651 5.380702e-16
23482.101582 5.401713e-16
23487.835512 5.437479e-16
23493.569443 5.519447e-16
23499.303374 5.624778e-16
23505.037304 5.683012e-16
23510.771235 5.668724e-16
23516.505165 5.588214e-16
23522.239096 5.490920e-16
23527.973027 5.444931e-16
23533.706957 5.446151e-16
23539.440888 5.463675e-16
23545.174818 5.485973e-16
23550.908749 5.506442e-16
23556.642680 5.530795e-16
23562.376610 5.566193e-16
23568.110541 5.614112e-16
23573.844471 5.670684e-16
23579.578402 5.719624e-16
23585.312333 5.748409e-16
23591.046263 5.754057e-16
23596.780194 5.740054e-16
23602.514124 5.720768e-16
23608.248055 5.694388e-16
23613.981986 5.638702e-16
23619.715916 5.569312e-16
23625.449847 5.529852e-16
23631.183777 5.528742e-16
23636.917708 5.553548e-16
23642.651639 5.584719e-16
23648.385569 5.600641e-16
23654.119500 5.606264e-16
23659.853430 5.613691e-16
23665.587361 5.625862e-16
23671.321292 5.640705e-16
23677.055222 5.630195e-16
23682.789153 5.581653e-16
23688.523083 5.546718e-16
23694.257014 5.559697e-16
23699.990945 5.604998e-16
23705.724875 5.647181e-16
23711.458806 5.616397e-16
23717.192736 5.510168e-16
23722.926667 5.415824e-16
23728.660597 5.370480e-16
23734.394528 5.366392e-16
23740.128459 5.371489e-16
23745.862389 5.334689e-16
23751.596320 5.295169e-16
23757.330250 5.329029e-16
23763.064181 5.426430e-16
23768.798112 5.544424e-16
23774.532042 5.612307e-16
23780.265973 5.571749e-16
23785.999903 5.469304e-16
23791.733834 5.368033e-16
23797.467765 5.297715e-16
23803.201695 5.281111e-16
23808.935626 5.331929e-16
23814.669556 5.439210e-16
23820.403487 5.558176e-16
23826.137418 5.636959e-16
23831.871348 5.618052e-16
23837.605279 5.502589e-16
23843.339209 5.354081e-16
23849.073140 5.227661e-16
23854.807071 5.168930e-16
23860.541001 5.162043e-16
23866.274932 5.154819e-16
23872.008862 5.122547e-16
23877.742793 5.057257e-16
23883.476724 5.000854e-16
23889.210654 5.003923e-16
23894.944585 5.074722e-16
23900.678515 5.198828e-16
23906.412446 5.312018e-16
23912.146377 5.359991e-16
23917.880307 5.349194e-16
23923.614238 5.299262e-16
23929.348168 5.242654e-16
23935.082099 5.197711e-16
23940.816030 5.151006e-16
23946.549960 5.097470e-16
23952.283891 5.042284e-16
23958.017821 4.999160e-16
23963.751752 4.991012e-16
23969.485682 5.013482e-16
23975.219613 5.042992e-16
23980.953544 5.081337e-16
23986.687474 5.140394e-16
23992.421405 5.204640e-16
23998.155335 5.252431e-16
24003.889266 5.279403e-16
24009.623197 5.288687e-16
24015.357127 5.302762e-16
24021.091058 5.336962e-16
24026.824988 5.365800e-16
24032.558919 5.364144e-16
24038.292850 5.315831e-16
24044.026780 5.232429e-16
24049.760711 5.181040e-16
24055.494641 5.190997e-16
24061.228572 5.231434e-16
24066.962503 5.272595e-16
24072.696433 5.286820e-16
24078.430364 5.268860e-16
24084.164294 5.233186e-16
24089.898225 5.201918e-16
24095.632156 5.198984e-16
24101.366086 5.216258e-16
24107.100017 5.231187e-16
24112.833947 5.214840e-16
24118.567878 5.145101e-16
24124.301809 5.051932e-16
24130.035739 4.972744e-16
24135.769670 4.927328e-16
24141.503600 4.916296e-16
24147.237531 4.881585e-16
24152.971462 4.795219e-16
24158.705392 4.704543e-16
24164.439323 4.675512e-16
24170.173253 4.811089e-16
24175.907184 5.076571e-16
24181.641115 5.258328e-16
24187.375045 5.293405e-16
24193.108976 5.261078e-16
24198.842906 5.209413e-16
24204.576837 5.171914e-16
24210.310767 5.148146e-16
24216.044698 5.117085e-16
24221.778629 5.086286e-16
24227.512559 5.068583e-16
24233.246490 5.064948e-16
24238.980420 5.067983e-16
24244.714351 5.020204e-16
24250.448282 4.889432e-16
24256.182212 4.773709e-16
24261.916143 4.746672e-16
24267.650073 4.770497e-16
24273.384004 4.806538e-16
24279.117935 4.829490e-16
24284.851865 4.831147e-16
24290.585796 4.835997e-16
24296.319726 4.842283e-16
24302.053657 4.821322e-16
24307.787588 4.755657e-16
24313.521518 4.636860e-16
24319.255449 4.505836e-16
24324.989379 4.429469e-16
24330.723310 4.431768e-16
24336.457241 4.511700e-16
24342.191171 4.664088e-16
24347.925102 4.868020e-16
24353.659032 5.048365e-16
24359.392963 5.132418e-16
24365.126894 5.087979e-16
24370.860824 4.927602e-16
24376.594755 4.769915e-16
24382.328685 4.702321e-16
24388.062616 4.708404e-16
24393.796547 4.753850e-16
24399.530477 4.783577e-16
24405.264408 4.777872e-16
24410.998338 4.769893e-16
24416.732269 4.770732e-16
24422.466200 4.774202e-16
24428.200130 4.766477e-16
24433.934061 4.727285e-16
24439.667991 4.694133e-16
24445.401922 4.724101e-16
24451.135852 4.815175e-16
24456.869783 4.937532e-16
24462.603714 4.980727e-16
24468.337644 4.853886e-16
24474.071575 4.671415e-16
24479.805505 4.562112e-16
24485.539436 4.566353e-16
24491.273367 4.675403e-16
24497.007297 4.771019e-16
24502.741228 4.783179e-16
24508.475158 4.764016e-16
24514.209089 4.764243e-16
24519.943020 4.823850e-16
24525.676950 4.960048e-16
24531.410881 5.163972e-16
24537.144811 5.367056e-16
24542.878742 5.457318e-16
24548.612673 5.440191e-16
24554.346603 5.388688e-16
24560.080534 5.316487e-16
24565.814464 5.219160e-16
24571.548395 5.073468e-16
24577.282326 4.866856e-16
24583.016256 4.717292e-16
24588.750187 4.731847e-16
24594.484117 4.859714e-16
24600.218048 5.027569e-16
24605.951979 5.173073e-16
24611.685909 5.263791e-16
24617.419840 5.353665e-16
24623.153770 5.452342e-16
24628.887701 5.480831e-16
24634.621632 5.411375e-16
24640.355562 5.272750e-16
24646.089493 5.136075e-16
24651.823423 5.111445e-16
24657.557354 5.176147e-16
24663.291285 5.220834e-16
24669.025215 5.200962e-16
24674.759146 5.106900e-16
24680.493076 4.996819e-16
24686.227007 4.946691e-16
24691.960937 4.939773e-16
