3428.000000 6.113340e-17
3430.000000 5.025610e-17
3432.000000 6.232430e-17
3434.000000 4.004410e-17
3436.000000 4.234630e-17
3438.000000 3.970080e-17
3440.000000 4.405240e-17
3442.000000 5.767240e-17
3444.000000 4.446880e-17
3446.000000 3.642910e-17
3448.000000 4.290630e-17
3450.000000 5.303620e-17
3452.000000 4.019350e-17
3454.000000 5.964500e-17
3456.000000 6.920240e-17
3458.000000 5.361570e-17
3460.000000 5.488390e-17
3462.000000 7.040930e-17
3464.000000 6.580110e-17
3466.000000 5.235870e-17
3468.000000 5.539000e-17
3470.000000 6.074550e-17
3472.000000 5.913010e-17
3474.000000 6.906230e-17
3476.000000 7.190440e-17
3478.000000 6.614750e-17
3480.000000 4.902380e-17
3482.000000 6.044960e-17
3484.000000 7.328230e-17
3486.000000 4.833230e-17
3488.000000 7.158210e-17
3490.000000 6.819710e-17
3492.000000 5.789640e-17
3494.000000 6.508220e-17
3496.000000 7.340820e-17
3498.000000 5.717320e-17
3500.000000 8.133660e-17
3502.000000 5.828870e-17
3504.000000 6.119230e-17
3506.000000 6.569020e-17
3508.000000 5.116550e-17
3510.000000 6.844380e-17
3512.000000 6.013690e-17
3514.000000 5.052520e-17
3516.000000 5.155770e-17
3518.000000 6.395150e-17
3520.000000 4.659770e-17
3522.000000 5.422240e-17
3524.000000 4.510760e-17
3526.000000 3.325850e-17
3528.000000 6.094660e-17
3530.000000 5.864220e-17
3532.000000 4.250740e-17
3534.000000 5.207110e-17
3536.000000 5.884050e-17
3538.000000 5.557130e-17
3540.000000 5.046650e-17
3542.000000 5.225260e-17
3544.000000 4.386130e-17
3546.000000 5.774710e-17
3548.000000 4.414220e-17
3550.000000 6.265640e-17
3552.000000 6.160710e-17
3554.000000 5.776920e-17
3556.000000 5.508420e-17
3558.000000 4.771480e-17
3560.000000 3.358540e-17
3562.000000 3.487780e-17
3564.000000 4.282860e-17
3566.000000 4.894310e-17
3568.000000 5.471340e-17
3570.000000 4.591130e-17
3572.000000 4.288070e-17
3574.000000 4.955310e-17
3576.000000 4.293250e-17
3578.000000 4.182450e-17
3580.000000 4.684770e-17
3582.000000 5.107030e-17
3584.000000 5.345830e-17
3586.000000 5.251540e-17
3588.000000 5.547460e-17
3590.000000 6.998700e-17
3592.000000 5.573960e-17
3594.000000 5.361080e-17
3596.000000 5.175500e-17
3598.000000 5.219440e-17
3600.000000 5.709370e-17
3602.000000 4.967150e-17
3604.000000 6.375180e-17
3606.000000 5.785970e-17
3608.000000 4.771330e-17
3610.000000 5.354870e-17
3612.000000 4.414610e-17
3614.000000 4.549710e-17
3616.000000 5.754690e-17
3618.000000 4.802000e-17
3620.000000 4.575970e-17
3622.000000 5.162370e-17
3624.000000 4.762850e-17
3626.000000 5.729560e-17
3628.000000 5.623800e-17
3630.000000 5.412380e-17
3632.000000 5.249450e-17
3634.000000 5.564120e-17
3636.000000 5.545590e-17
3638.000000 5.345940e-17
3640.000000 6.157150e-17
3642.000000 5.568740e-17
3644.000000 5.207910e-17
3646.000000 4.710380e-17
3648.000000 5.878570e-17
3650.000000 5.011890e-17
3652.000000 5.303920e-17
3654.000000 6.013990e-17
3656.000000 5.413910e-17
3658.000000 3.902570e-17
3660.000000 5.763820e-17
3662.000000 6.118380e-17
3664.000000 4.933620e-17
3666.000000 5.185820e-17
3668.000000 5.092290e-17
3670.000000 5.382350e-17
3672.000000 4.648090e-17
3674.000000 5.602380e-17
3676.000000 4.254390e-17
3678.000000 4.405790e-17
3680.000000 5.064530e-17
3682.000000 4.866770e-17
3684.000000 5.298680e-17
3686.000000 4.660310e-17
3688.000000 4.806620e-17
3690.000000 5.095140e-17
3692.000000 4.972070e-17
3694.000000 4.460960e-17
3696.000000 5.335190e-17
3698.000000 4.347280e-17
3700.000000 5.631410e-17
3702.000000 4.811770e-17
3704.000000 5.441250e-17
3706.000000 4.659660e-17
3708.000000 4.153770e-17
3710.000000 5.225510e-17
3712.000000 4.704820e-17
3714.000000 5.017290e-17
3716.000000 4.973680e-17
3718.000000 4.808510e-17
3720.000000 5.155490e-17
3722.000000 5.644640e-17
3724.000000 4.935910e-17
3726.000000 4.109670e-17
3728.000000 4.782880e-17
3730.000000 5.496260e-17
3732.000000 4.264190e-17
3734.000000 3.706950e-17
3736.000000 4.618750e-17
3738.000000 5.718490e-17
3740.000000 6.492990e-17
3742.000000 5.035600e-17
3744.000000 5.625570e-17
3746.000000 5.257260e-17
3748.000000 5.663220e-17
3750.000000 5.398390e-17
3752.000000 4.690690e-17
3754.000000 4.507250e-17
3756.000000 4.833910e-17
3758.000000 4.863910e-17
3760.000000 5.353180e-17
3762.000000 5.694360e-17
3764.000000 4.903970e-17
3766.000000 4.360710e-17
3768.000000 3.986630e-17
3770.000000 3.528940e-17
3772.000000 2.771770e-17
3774.000000 2.747290e-17
3776.000000 4.301440e-17
3778.000000 3.547000e-17
3780.000000 3.030940e-17
3782.000000 3.108480e-17
3784.000000 3.282570e-17
3786.000000 9.499520e-18
3788.000000 2.722060e-17
3790.000000 1.331120e-17
3792.000000 2.161060e-17
3794.000000 2.846490e-17
3796.000000 1.933360e-17
3798.000000 2.850950e-17
3800.000000 1.978430e-17
3802.000000 3.324030e-17
3804.000000 2.000940e-17
3806.000000 3.198870e-17
3808.000000 2.679220e-17
3810.000000 3.146500e-17
3812.000000 2.864620e-17
3814.000000 1.914540e-17
3816.000000 1.977320e-17
3818.000000 2.628390e-17
3820.000000 1.743240e-17
3822.000000 2.209060e-17
3824.000000 2.451140e-17
3826.000000 1.998790e-17
3828.000000 2.058130e-17
3830.000000 1.526810e-17
3832.000000 1.961550e-17
3834.000000 2.030850e-17
3836.000000 2.431200e-17
3838.000000 1.611390e-17
3840.000000 1.783050e-17
3842.000000 2.371450e-17
3844.000000 1.924670e-17
3846.000000 2.751070e-17
3848.000000 2.466460e-17
3850.000000 2.240900e-17
3852.000000 1.616720e-17
3854.000000 1.639740e-17
3856.000000 2.351990e-17
3858.000000 2.129090e-17
3860.000000 2.845440e-17
3862.000000 1.714640e-17
3864.000000 2.126550e-17
3866.000000 1.868270e-17
3868.000000 2.442130e-17
3870.000000 1.877050e-17
3872.000000 2.785990e-17
3874.000000 2.591620e-17
3876.000000 2.575200e-17
3878.000000 2.059870e-17
3880.000000 2.094200e-17
3882.000000 2.765990e-17
3884.000000 1.195590e-17
3886.000000 1.925220e-17
3888.000000 1.697180e-17
3890.000000 1.979330e-17
3892.000000 2.386770e-17
3894.000000 2.005010e-17
3896.000000 2.233260e-17
3898.000000 1.974160e-17
3900.000000 2.184790e-17
3902.000000 3.074720e-17
3904.000000 3.278800e-17
3906.000000 2.666960e-17
3908.000000 3.837370e-17
3910.000000 2.942480e-17
3912.000000 3.184650e-17
3914.000000 2.968980e-17
3916.000000 3.148080e-17
3918.000000 2.843720e-17
3920.000000 3.516170e-17
3922.000000 3.742600e-17
3924.000000 3.910370e-17
3926.000000 3.994380e-17
3928.000000 3.482130e-17
3930.000000 3.988370e-17
3932.000000 4.019740e-17
3934.000000 4.179710e-17
3936.000000 4.472390e-17
3938.000000 4.647630e-17
3940.000000 4.467670e-17
3942.000000 5.607760e-17
3944.000000 5.008490e-17
3946.000000 5.573340e-17
3948.000000 5.818590e-17
3950.000000 6.132330e-17
3952.000000 6.500460e-17
3954.000000 6.224420e-17
3956.000000 6.016100e-17
3958.000000 6.474220e-17
3960.000000 7.344310e-17
3962.000000 7.587940e-17
3964.000000 6.998720e-17
3966.000000 7.150800e-17
3968.000000 7.483690e-17
3970.000000 8.647560e-17
3972.000000 7.553470e-17
3974.000000 7.295300e-17
3976.000000 8.035660e-17
3978.000000 8.411480e-17
3980.000000 8.886860e-17
3982.000000 8.493100e-17
3984.000000 8.815860e-17
3986.000000 9.271190e-17
3988.000000 9.367530e-17
3990.000000 8.655210e-17
3992.000000 8.649280e-17
3994.000000 8.973030e-17
3996.000000 8.802070e-17
3998.000000 8.315140e-17
4000.000000 9.117320e-17
4002.000000 8.752790e-17
4004.000000 9.030540e-17
4006.000000 9.315920e-17
4008.000000 9.167310e-17
4010.000000 8.754100e-17
4012.000000 9.486080e-17
4014.000000 9.143930e-17
4016.000000 9.270260e-17
4018.000000 8.613040e-17
4020.000000 7.715600e-17
4022.000000 7.782600e-17
4024.000000 7.028820e-17
4026.000000 8.220460e-17
4028.000000 9.086800e-17
4030.000000 8.932360e-17
4032.000000 9.018760e-17
4034.000000 9.011940e-17
4036.000000 8.722940e-17
4038.000000 7.997760e-17
4040.000000 8.425110e-17
4042.000000 8.999860e-17
4044.000000 7.608490e-17
4046.000000 8.653910e-17
4048.000000 8.339340e-17
4050.000000 8.196270e-17
4052.000000 8.240730e-17
4054.000000 8.263290e-17
4056.000000 8.530750e-17
4058.000000 9.110750e-17
4060.000000 8.909320e-17
4062.000000 9.213180e-17
4064.000000 9.157240e-17
4066.000000 8.516930e-17
4068.000000 8.502430e-17
4070.000000 8.492810e-17
4072.000000 7.943530e-17
4074.000000 7.877370e-17
4076.000000 8.284380e-17
4078.000000 7.585020e-17
4080.000000 7.652720e-17
4082.000000 8.235610e-17
4084.000000 8.167140e-17
4086.000000 7.549460e-17
4088.000000 8.110220e-17
4090.000000 7.785310e-17
4092.000000 8.285230e-17
4094.000000 8.055550e-17
4096.000000 8.258050e-17
4098.000000 7.847440e-17
4100.000000 6.906510e-17
4102.000000 7.297260e-17
4104.000000 7.637990e-17
4106.000000 6.773350e-17
4108.000000 7.012080e-17
4110.000000 7.089550e-17
4112.000000 7.006640e-17
4114.000000 6.978410e-17
4116.000000 7.475990e-17
4118.000000 7.651030e-17
4120.000000 6.895000e-17
4122.000000 6.869040e-17
4124.000000 6.922530e-17
4126.000000 6.978460e-17
4128.000000 7.618120e-17
4130.000000 6.993670e-17
4132.000000 6.675480e-17
4134.000000 6.532350e-17
4136.000000 7.001230e-17
4138.000000 6.166060e-17
4140.000000 6.807980e-17
4142.000000 7.010750e-17
4144.000000 6.457340e-17
4146.000000 6.632320e-17
4148.000000 7.538380e-17
4150.000000 6.696900e-17
4152.000000 6.451560e-17
4154.000000 7.001610e-17
4156.000000 6.507760e-17
4158.000000 6.817650e-17
4160.000000 7.167150e-17
4162.000000 6.954650e-17
4164.000000 6.794300e-17
4166.000000 6.994290e-17
4168.000000 6.347240e-17
4170.000000 6.863390e-17
4172.000000 6.609170e-17
4174.000000 6.943160e-17
4176.000000 7.122310e-17
4178.000000 7.045480e-17
4180.000000 6.782870e-17
4182.000000 6.731220e-17
4184.000000 7.411410e-17
4186.000000 6.786180e-17
4188.000000 6.390450e-17
4190.000000 6.595030e-17
4192.000000 6.332350e-17
4194.000000 6.061050e-17
4196.000000 6.366200e-17
4198.000000 5.983710e-17
4200.000000 6.480850e-17
4202.000000 6.328780e-17
4204.000000 6.394600e-17
4206.000000 6.403570e-17
4208.000000 6.599580e-17
4210.000000 7.022940e-17
4212.000000 6.523290e-17
4214.000000 6.975430e-17
4216.000000 7.264130e-17
4218.000000 6.679400e-17
4220.000000 6.547050e-17
4222.000000 7.317080e-17
4224.000000 7.286740e-17
4226.000000 7.379470e-17
4228.000000 7.941370e-17
4230.000000 7.382480e-17
4232.000000 6.380110e-17
4234.000000 7.317840e-17
4236.000000 7.503890e-17
4238.000000 7.733690e-17
4240.000000 7.874340e-17
4242.000000 8.203020e-17
4244.000000 8.358920e-17
4246.000000 7.606910e-17
4248.000000 8.474930e-17
4250.000000 7.397060e-17
4252.000000 8.229910e-17
4254.000000 8.735730e-17
4256.000000 8.374300e-17
4258.000000 8.712080e-17
4260.000000 7.615250e-17
4262.000000 7.759800e-17
4264.000000 8.529590e-17
4266.000000 8.520540e-17
4268.000000 7.904950e-17
4270.000000 8.602710e-17
4272.000000 7.815050e-17
4274.000000 7.945800e-17
4276.000000 7.616860e-17
4278.000000 7.348670e-17
4280.000000 8.010140e-17
4282.000000 8.297140e-17
4284.000000 8.299460e-17
4286.000000 8.034990e-17
4288.000000 8.400450e-17
4290.000000 8.455640e-17
4292.000000 8.814420e-17
4294.000000 9.301240e-17
4296.000000 8.056520e-17
4298.000000 8.482900e-17
4300.000000 9.113250e-17
4302.000000 8.583670e-17
4304.000000 8.875300e-17
4306.000000 9.349620e-17
4308.000000 8.834570e-17
4310.000000 9.109280e-17
4312.000000 9.186040e-17
4314.000000 9.645080e-17
4316.000000 9.572740e-17
4318.000000 9.130320e-17
4320.000000 9.800700e-17
4322.000000 9.277010e-17
4324.000000 9.388380e-17
4326.000000 9.511830e-17
4328.000000 9.916680e-17
4330.000000 9.722270e-17
4332.000000 9.604710e-17
4334.000000 9.934110e-17
4336.000000 1.000670e-16
4338.000000 9.261490e-17
4340.000000 9.900210e-17
4342.000000 9.967340e-17
4344.000000 9.581340e-17
4346.000000 9.426570e-17
4348.000000 9.374060e-17
4350.000000 9.362460e-17
4352.000000 9.076830e-17
4354.000000 1.037200e-16
4356.000000 1.030500e-16
4358.000000 8.730470e-17
4360.000000 1.047810e-16
4362.000000 9.964530e-17
4364.000000 9.839820e-17
4366.000000 9.979030e-17
4368.000000 9.755220e-17
4370.000000 1.018710e-16
4372.000000 1.020990e-16
4374.000000 9.282180e-17
4376.000000 9.704770e-17
4378.000000 9.144240e-17
4380.000000 9.630890e-17
4382.000000 9.273470e-17
4384.000000 9.297150e-17
4386.000000 9.330350e-17
4388.000000 9.399470e-17
4390.000000 8.830420e-17
4392.000000 9.328490e-17
4394.000000 9.472170e-17
4396.000000 9.838810e-17
4398.000000 9.817160e-17
4400.000000 8.940160e-17
4402.000000 1.038090e-16
4404.000000 9.252080e-17
4406.000000 9.692160e-17
4408.000000 9.278600e-17
4410.000000 9.699730e-17
4412.000000 9.675810e-17
4414.000000 1.028570e-16
4416.000000 9.569550e-17
4418.000000 9.906870e-17
4420.000000 9.681720e-17
4422.000000 1.061760e-16
4424.000000 1.000240e-16
4426.000000 1.043760e-16
4428.000000 9.835080e-17
4430.000000 9.839870e-17
4432.000000 9.992200e-17
4434.000000 9.868840e-17
4436.000000 1.022650e-16
4438.000000 1.019560e-16
4440.000000 9.349260e-17
4442.000000 9.702660e-17
4444.000000 8.926040e-17
4446.000000 9.120880e-17
4448.000000 9.504160e-17
4450.000000 9.419580e-17
4452.000000 1.009580e-16
4454.000000 9.428780e-17
4456.000000 9.913520e-17
4458.000000 9.634610e-17
4460.000000 1.011970e-16
4462.000000 9.890860e-17
4464.000000 9.593520e-17
4466.000000 9.407320e-17
4468.000000 9.276940e-17
4470.000000 9.573510e-17
4472.000000 9.775040e-17
4474.000000 8.999790e-17
4476.000000 1.011880e-16
4478.000000 9.337360e-17
4480.000000 8.657600e-17
4482.000000 9.483240e-17
4484.000000 8.937190e-17
4486.000000 9.250270e-17
4488.000000 8.843390e-17
4490.000000 8.600200e-17
4492.000000 8.927650e-17
4494.000000 9.391830e-17
4496.000000 9.827000e-17
4498.000000 8.850980e-17
4500.000000 8.919480e-17
4502.000000 8.902510e-17
4504.000000 9.021590e-17
4506.000000 8.837090e-17
4508.000000 9.031400e-17
4510.000000 9.484280e-17
4512.000000 1.061480e-16
4514.000000 1.097810e-16
4516.000000 1.141150e-16
4518.000000 1.151850e-16
4520.000000 1.194380e-16
4522.000000 1.073060e-16
4524.000000 1.134120e-16
4526.000000 1.166200e-16
4528.000000 1.209780e-16
4530.000000 1.316720e-16
4532.000000 1.406430e-16
4534.000000 1.385260e-16
4536.000000 1.442670e-16
4538.000000 1.476680e-16
4540.000000 1.590740e-16
4542.000000 1.658120e-16
4544.000000 1.808100e-16
4546.000000 1.985460e-16
4548.000000 2.178430e-16
4550.000000 2.272600e-16
4552.000000 2.274740e-16
4554.000000 2.412410e-16
4556.000000 2.329800e-16
4558.000000 2.330210e-16
4560.000000 2.420270e-16
4562.000000 2.415720e-16
4564.000000 2.406290e-16
4566.000000 2.327580e-16
4568.000000 2.284900e-16
4570.000000 2.214190e-16
4572.000000 2.179430e-16
4574.000000 2.224610e-16
4576.000000 2.177060e-16
4578.000000 2.132680e-16
4580.000000 2.064490e-16
4582.000000 2.029140e-16
4584.000000 2.021830e-16
4586.000000 1.912970e-16
4588.000000 1.772020e-16
4590.000000 1.742140e-16
4592.000000 1.686490e-16
4594.000000 1.644660e-16
4596.000000 1.596760e-16
4598.000000 1.584920e-16
4600.000000 1.515440e-16
4602.000000 1.463810e-16
4604.000000 1.439160e-16
4606.000000 1.447220e-16
4608.000000 1.370410e-16
4610.000000 1.382570e-16
4612.000000 1.379110e-16
4614.000000 1.293570e-16
4616.000000 1.355710e-16
4618.000000 1.286780e-16
4620.000000 1.272990e-16
4622.000000 1.201660e-16
4624.000000 1.199170e-16
4626.000000 1.307500e-16
4628.000000 1.262120e-16
4630.000000 1.241260e-16
4632.000000 1.229730e-16
4634.000000 1.253990e-16
4636.000000 1.211770e-16
4638.000000 1.253400e-16
4640.000000 1.235600e-16
4642.000000 1.175260e-16
4644.000000 1.197230e-16
4646.000000 1.214670e-16
4648.000000 1.239790e-16
4650.000000 1.239590e-16
4652.000000 1.226810e-16
4654.000000 1.197500e-16
4656.000000 1.173480e-16
4658.000000 1.139980e-16
4660.000000 1.154820e-16
4662.000000 1.126470e-16
4664.000000 1.166610e-16
4666.000000 1.143040e-16
4668.000000 1.117740e-16
4670.000000 1.180100e-16
4672.000000 1.169580e-16
4674.000000 1.116260e-16
4676.000000 1.112540e-16
4678.000000 1.071130e-16
4680.000000 1.062900e-16
4682.000000 1.090840e-16
4684.000000 1.060870e-16
4686.000000 1.014170e-16
4688.000000 1.023120e-16
4690.000000 1.028920e-16
4692.000000 1.038730e-16
4694.000000 1.025870e-16
4696.000000 1.065140e-16
4698.000000 1.036680e-16
4700.000000 1.020370e-16
4702.000000 9.832330e-17
4704.000000 9.678320e-17
4706.000000 9.837030e-17
4708.000000 9.509460e-17
4710.000000 1.031630e-16
4712.000000 9.737330e-17
4714.000000 1.028370e-16
4716.000000 1.046410e-16
4718.000000 9.447470e-17
4720.000000 9.862330e-17
4722.000000 9.505860e-17
4724.000000 9.236030e-17
4726.000000 9.169460e-17
4728.000000 9.791230e-17
4730.000000 9.715790e-17
4732.000000 9.711140e-17
4734.000000 9.355370e-17
4736.000000 9.641030e-17
4738.000000 9.397660e-17
4740.000000 9.527680e-17
4742.000000 9.225080e-17
4744.000000 9.075750e-17
4746.000000 8.889050e-17
4748.000000 9.589550e-17
4750.000000 9.317030e-17
4752.000000 9.047380e-17
4754.000000 9.188050e-17
4756.000000 8.991260e-17
4758.000000 8.970290e-17
4760.000000 9.045500e-17
4762.000000 8.488380e-17
4764.000000 8.491060e-17
4766.000000 8.275120e-17
4768.000000 8.376520e-17
4770.000000 8.667790e-17
4772.000000 8.698330e-17
4774.000000 8.925640e-17
4776.000000 8.819630e-17
4778.000000 8.120790e-17
4780.000000 8.556080e-17
4782.000000 8.816440e-17
4784.000000 8.682600e-17
4786.000000 8.777930e-17
4788.000000 8.794620e-17
4790.000000 8.172560e-17
4792.000000 8.415880e-17
4794.000000 8.765840e-17
4796.000000 9.054820e-17
4798.000000 8.583960e-17
4800.000000 8.804140e-17
4802.000000 8.373340e-17
4804.000000 8.366540e-17
4806.000000 9.056310e-17
4808.000000 8.973260e-17
4810.000000 9.317420e-17
4812.000000 8.924120e-17
4814.000000 8.704700e-17
4816.000000 8.994060e-17
4818.000000 8.790970e-17
4820.000000 8.480200e-17
4822.000000 8.623510e-17
4824.000000 8.524860e-17
4826.000000 8.119410e-17
4828.000000 8.510300e-17
4830.000000 8.028340e-17
4832.000000 8.361790e-17
4834.000000 8.008910e-17
4836.000000 8.056060e-17
4838.000000 7.664220e-17
4840.000000 7.659630e-17
4842.000000 7.037870e-17
4844.000000 7.130240e-17
4846.000000 7.515500e-17
4848.000000 7.117410e-17
4850.000000 7.199740e-17
4852.000000 7.249000e-17
4854.000000 7.466340e-17
4856.000000 7.006220e-17
4858.000000 7.158490e-17
4860.000000 7.197810e-17
4862.000000 6.907390e-17
4864.000000 7.513360e-17
4866.000000 7.317650e-17
4868.000000 6.889740e-17
4870.000000 6.576960e-17
4872.000000 7.489760e-17
4874.000000 7.304940e-17
4876.000000 8.059060e-17
4878.000000 7.838430e-17
4880.000000 8.240070e-17
4882.000000 8.845700e-17
4884.000000 8.830340e-17
4886.000000 8.664960e-17
4888.000000 8.800880e-17
4890.000000 8.744030e-17
4892.000000 8.724590e-17
4894.000000 9.132070e-17
4896.000000 9.374420e-17
4898.000000 9.464550e-17
4900.000000 1.001120e-16
4902.000000 9.706890e-17
4904.000000 1.021480e-16
4906.000000 1.003570e-16
4908.000000 1.034430e-16
4910.000000 9.967170e-17
4912.000000 1.041100e-16
4914.000000 1.065790e-16
4916.000000 1.049610e-16
4918.000000 1.053090e-16
4920.000000 1.040930e-16
4922.000000 1.106440e-16
4924.000000 1.089570e-16
4926.000000 1.099460e-16
4928.000000 1.078510e-16
4930.000000 1.016810e-16
4932.000000 1.021400e-16
4934.000000 1.034110e-16
4936.000000 1.092220e-16
4938.000000 1.012710e-16
4940.000000 9.920590e-17
4942.000000 9.031430e-17
4944.000000 8.992880e-17
4946.000000 9.569260e-17
4948.000000 8.951400e-17
4950.000000 9.332410e-17
4952.000000 8.416150e-17
4954.000000 8.231450e-17
4956.000000 8.161090e-17
4958.000000 8.374980e-17
4960.000000 7.986970e-17
4962.000000 7.662990e-17
4964.000000 7.301180e-17
4966.000000 7.237160e-17
4968.000000 7.363160e-17
4970.000000 7.206350e-17
4972.000000 6.159410e-17
4974.000000 6.841140e-17
4976.000000 7.048410e-17
4978.000000 7.244620e-17
4980.000000 7.375190e-17
4982.000000 6.748000e-17
4984.000000 6.230590e-17
4986.000000 7.080460e-17
4988.000000 7.598100e-17
4990.000000 6.925050e-17
4992.000000 7.719330e-17
4994.000000 7.682560e-17
4996.000000 8.185350e-17
4998.000000 8.734900e-17
5000.000000 8.275980e-17
5002.000000 8.896230e-17
5004.000000 8.938050e-17
5006.000000 9.624050e-17
5008.000000 9.200700e-17
5010.000000 9.729000e-17
5012.000000 9.544670e-17
5014.000000 1.015720e-16
5016.000000 9.915830e-17
5018.000000 1.086460e-16
5020.000000 1.035550e-16
5022.000000 1.111850e-16
5024.000000 1.120310e-16
5026.000000 1.088810e-16
5028.000000 1.161950e-16
5030.000000 1.184180e-16
5032.000000 1.154290e-16
5034.000000 1.192160e-16
5036.000000 1.155190e-16
5038.000000 1.178550e-16
5040.000000 1.149910e-16
5042.000000 1.147510e-16
5044.000000 1.141330e-16
5046.000000 1.122750e-16
5048.000000 1.119180e-16
5050.000000 1.068360e-16
5052.000000 1.048280e-16
5054.000000 1.082570e-16
5056.000000 9.910140e-17
5058.000000 1.008730e-16
5060.000000 9.757460e-17
5062.000000 9.181300e-17
5064.000000 8.927640e-17
5066.000000 8.718480e-17
5068.000000 8.282160e-17
5070.000000 8.641320e-17
5072.000000 8.410310e-17
5074.000000 8.299900e-17
5076.000000 7.558740e-17
5078.000000 7.997460e-17
5080.000000 7.601670e-17
5082.000000 7.865320e-17
5084.000000 7.596130e-17
5086.000000 7.111760e-17
5088.000000 7.425950e-17
5090.000000 6.966930e-17
5092.000000 6.594280e-17
5094.000000 6.909400e-17
5096.000000 6.596570e-17
5098.000000 6.852270e-17
5100.000000 6.712480e-17
5102.000000 6.769270e-17
5104.000000 6.637400e-17
5106.000000 6.751500e-17
5108.000000 6.140670e-17
5110.000000 6.619800e-17
5112.000000 6.559810e-17
5114.000000 6.458360e-17
5116.000000 6.836770e-17
5118.000000 6.359940e-17
5120.000000 6.137130e-17
5122.000000 6.419810e-17
5124.000000 6.962160e-17
5126.000000 6.866870e-17
5128.000000 7.357550e-17
5130.000000 6.931270e-17
5132.000000 7.054780e-17
5134.000000 7.595940e-17
5136.000000 7.409590e-17
5138.000000 7.772570e-17
5140.000000 8.318090e-17
5142.000000 8.310330e-17
5144.000000 8.276100e-17
5146.000000 8.640650e-17
5148.000000 9.500800e-17
5150.000000 9.812240e-17
5152.000000 1.010270e-16
5154.000000 1.040370e-16
5156.000000 1.034450e-16
5158.000000 1.104960e-16
5160.000000 1.092080e-16
5162.000000 1.152500e-16
5164.000000 1.171120e-16
5166.000000 1.153870e-16
5168.000000 1.189480e-16
5170.000000 1.246370e-16
5172.000000 1.272840e-16
5174.000000 1.298220e-16
5176.000000 1.266470e-16
5178.000000 1.299510e-16
5180.000000 1.268500e-16
5182.000000 1.251310e-16
5184.000000 1.343910e-16
5186.000000 1.293850e-16
5188.000000 1.280420e-16
5190.000000 1.279350e-16
5192.000000 1.232470e-16
5194.000000 1.265040e-16
5196.000000 1.230380e-16
5198.000000 1.259020e-16
5200.000000 1.239140e-16
5202.000000 1.285510e-16
5204.000000 1.226150e-16
5206.000000 1.162140e-16
5208.000000 1.212340e-16
5210.000000 1.242940e-16
5212.000000 1.176070e-16
5214.000000 1.180620e-16
5216.000000 1.189900e-16
5218.000000 1.115110e-16
5220.000000 1.168470e-16
5222.000000 1.109820e-16
5224.000000 1.118910e-16
5226.000000 1.124900e-16
5228.000000 1.129260e-16
5230.000000 1.187350e-16
5232.000000 1.163230e-16
5234.000000 1.168950e-16
5236.000000 1.167470e-16
5238.000000 1.221020e-16
5240.000000 1.242760e-16
5242.000000 1.194910e-16
5244.000000 1.269480e-16
5246.000000 1.229570e-16
5248.000000 1.268370e-16
5250.000000 1.301030e-16
5252.000000 1.287230e-16
5254.000000 1.274210e-16
5256.000000 1.293050e-16
5258.000000 1.329220e-16
5260.000000 1.315220e-16
5262.000000 1.362060e-16
5264.000000 1.325500e-16
5266.000000 1.320820e-16
5268.000000 1.314510e-16
5270.000000 1.327150e-16
5272.000000 1.328770e-16
5274.000000 1.351270e-16
5276.000000 1.273820e-16
5278.000000 1.379410e-16
5280.000000 1.319800e-16
5282.000000 1.344570e-16
5284.000000 1.292850e-16
5286.000000 1.239040e-16
5288.000000 1.249480e-16
5290.000000 1.217540e-16
5292.000000 1.223910e-16
5294.000000 1.204510e-16
5296.000000 1.222080e-16
5298.000000 1.217850e-16
5300.000000 1.178930e-16
5302.000000 1.222460e-16
5304.000000 1.170850e-16
5306.000000 1.141250e-16
5308.000000 1.160150e-16
5310.000000 1.163090e-16
5312.000000 1.129990e-16
5314.000000 1.103020e-16
5316.000000 1.112150e-16
5318.000000 1.070630e-16
5320.000000 1.073340e-16
5322.000000 1.141790e-16
5324.000000 1.063530e-16
5326.000000 1.079350e-16
5328.000000 1.053470e-16
5330.000000 1.033920e-16
5332.000000 1.022880e-16
5334.000000 1.067770e-16
5336.000000 1.020940e-16
5338.000000 1.069840e-16
5340.000000 1.021440e-16
5342.000000 1.048910e-16
5344.000000 1.039960e-16
5346.000000 1.084520e-16
5348.000000 1.098780e-16
5350.000000 9.792490e-17
5352.000000 9.571190e-17
5354.000000 1.035200e-16
5356.000000 9.593520e-17
5358.000000 1.004920e-16
5360.000000 9.470060e-17
5362.000000 9.566820e-17
5364.000000 9.083290e-17
5366.000000 8.926670e-17
5368.000000 9.022840e-17
5370.000000 9.164640e-17
5372.000000 9.080200e-17
5374.000000 9.628900e-17
5376.000000 9.273420e-17
5378.000000 8.515650e-17
5380.000000 8.096040e-17
5382.000000 8.241540e-17
5384.000000 8.055160e-17
5386.000000 8.613610e-17
5388.000000 8.082600e-17
5390.000000 8.225280e-17
5392.000000 7.982750e-17
5394.000000 7.656040e-17
5396.000000 7.688140e-17
5398.000000 7.737130e-17
5400.000000 7.530000e-17
5402.000000 7.609590e-17
5404.000000 7.497550e-17
5406.000000 7.683130e-17
5408.000000 7.650230e-17
5410.000000 7.363150e-17
5412.000000 7.483070e-17
5414.000000 7.459710e-17
5416.000000 7.382410e-17
5418.000000 7.680170e-17
5420.000000 6.977920e-17
5422.000000 7.508120e-17
5424.000000 7.246830e-17
5426.000000 7.559820e-17
5428.000000 7.344680e-17
5430.000000 6.928920e-17
5432.000000 7.487770e-17
5434.000000 7.555420e-17
5436.000000 7.240960e-17
5438.000000 7.200920e-17
5440.000000 6.829140e-17
5442.000000 6.674550e-17
5444.000000 6.635170e-17
5446.000000 6.648710e-17
5448.000000 6.772480e-17
5450.000000 6.886080e-17
5452.000000 6.773610e-17
5454.000000 6.481840e-17
5456.000000 6.426980e-17
5458.000000 6.582500e-17
5460.000000 6.596680e-17
5462.000000 6.525770e-17
5464.000000 6.405540e-17
5466.000000 6.183470e-17
5468.000000 5.943680e-17
5470.000000 5.986810e-17
5472.000000 6.342870e-17
5474.000000 6.355880e-17
5476.000000 6.095150e-17
5478.000000 5.958800e-17
5480.000000 5.981670e-17
5482.000000 6.007040e-17
5484.000000 5.915780e-17
5486.000000 5.766420e-17
5488.000000 5.726690e-17
5490.000000 5.757830e-17
5492.000000 5.796060e-17
5494.000000 5.875810e-17
5496.000000 5.949250e-17
5498.000000 6.001810e-17
5500.000000 6.055160e-17
5502.000000 6.148390e-17
5504.000000 6.295720e-17
5506.000000 6.261180e-17
5508.000000 5.976010e-17
5510.000000 5.903680e-17
5512.000000 6.026210e-17
5514.000000 6.176240e-17
5516.000000 6.282280e-17
5518.000000 6.392120e-17
5520.000000 6.548490e-17
5522.000000 6.777600e-17
5524.000000 6.901250e-17
5526.000000 6.962900e-17
5528.000000 6.993380e-17
5530.000000 6.952390e-17
5532.000000 6.927370e-17
5534.000000 7.026770e-17
5536.000000 7.204680e-17
5538.000000 7.243920e-17
5540.000000 7.155670e-17
5542.000000 7.149510e-17
5544.000000 7.170290e-17
5546.000000 7.220560e-17
5548.000000 7.316410e-17
5550.000000 7.429290e-17
5552.000000 7.506930e-17
5554.000000 7.567710e-17
5556.000000 7.628060e-17
5558.000000 7.674080e-17
5560.000000 7.733470e-17
5562.000000 7.818990e-17
5564.000000 7.887330e-17
5566.000000 7.908170e-17
5568.000000 7.904030e-17
5570.000000 7.921340e-17
5572.000000 7.891840e-17
5574.000000 8.019570e-17
5576.000000 8.370680e-17
5578.000000 8.567710e-17
5580.000000 8.588680e-17
5582.000000 8.505920e-17
5584.000000 8.326270e-17
5586.000000 8.036210e-17
5588.000000 7.863180e-17
5590.000000 7.790670e-17
5592.000000 7.620920e-17
5594.000000 7.398040e-17
5596.000000 7.132120e-17
5598.000000 6.786240e-17
5600.000000 6.425950e-17
5602.000000 6.197290e-17
5604.000000 6.052400e-17
5606.000000 5.937820e-17
5608.000000 5.915040e-17
5610.000000 5.843450e-17
5612.000000 5.748440e-17
5614.000000 5.614560e-17
5616.000000 5.418100e-17
5618.000000 5.176100e-17
5620.000000 4.941840e-17
5622.000000 4.625830e-17
5624.000000 4.490210e-17
5626.000000 4.535290e-17
5628.000000 4.533390e-17
5630.000000 4.457090e-17
5632.000000 4.365070e-17
5634.000000 4.278430e-17
5636.000000 4.176880e-17
5638.000000 4.215340e-17
5640.000000 4.410480e-17
5642.000000 4.539150e-17
5644.000000 4.671460e-17
5646.000000 4.752900e-17
5648.000000 4.723310e-17
5650.000000 4.663900e-17
5652.000000 4.758510e-17
5654.000000 4.991970e-17
5656.000000 5.075910e-17
5658.000000 5.039860e-17
5660.000000 5.068680e-17
5662.000000 5.139550e-17
5664.000000 5.256960e-17
5666.000000 5.458720e-17
5668.000000 5.717330e-17
5670.000000 5.863150e-17
5672.000000 5.980520e-17
5674.000000 5.981610e-17
5676.000000 5.800970e-17
5678.000000 5.702000e-17
5680.000000 5.715470e-17
5682.000000 5.793770e-17
5684.000000 5.942220e-17
5686.000000 6.181930e-17
5688.000000 6.271330e-17
5690.000000 6.303740e-17
5692.000000 6.231000e-17
5694.000000 6.031760e-17
5696.000000 5.788700e-17
5698.000000 5.509210e-17
5700.000000 5.206970e-17
5702.000000 4.977110e-17
5704.000000 4.781540e-17
5706.000000 4.631550e-17
5708.000000 4.575720e-17
5710.000000 4.454610e-17
5712.000000 4.257820e-17
5714.000000 4.043360e-17
5716.000000 3.829450e-17
5718.000000 3.609560e-17
5720.000000 3.500860e-17
5722.000000 3.529900e-17
5724.000000 3.468220e-17
5726.000000 3.360610e-17
5728.000000 3.262110e-17
5730.000000 3.175700e-17
5732.000000 3.101790e-17
5734.000000 3.058690e-17
5736.000000 3.046820e-17
5738.000000 3.000110e-17
5740.000000 2.956730e-17
5742.000000 2.862020e-17
5744.000000 2.706500e-17
5746.000000 2.541110e-17
5748.000000 2.370310e-17
5750.000000 2.203770e-17
5752.000000 2.118950e-17
5754.000000 2.086290e-17
5756.000000 2.110120e-17
5758.000000 2.242510e-17
5760.000000 2.321910e-17
5762.000000 2.350650e-17
5764.000000 2.347130e-17
5766.000000 2.293230e-17
5768.000000 2.195810e-17
5770.000000 2.222280e-17
5772.000000 2.425050e-17
5774.000000 2.434840e-17
5776.000000 2.278030e-17
5778.000000 2.154430e-17
5780.000000 2.080130e-17
5782.000000 2.058390e-17
5784.000000 2.171150e-17
5786.000000 2.425040e-17
5788.000000 2.543150e-17
5790.000000 2.609550e-17
5792.000000 2.636360e-17
5794.000000 2.585390e-17
5796.000000 2.548770e-17
5798.000000 2.571930e-17
5800.000000 2.628990e-17
5802.000000 2.720650e-17
5804.000000 2.877440e-17
5806.000000 2.974650e-17
5808.000000 3.056150e-17
5810.000000 3.102370e-17
5812.000000 3.083830e-17
5814.000000 3.067600e-17
5816.000000 3.128730e-17
5818.000000 3.236870e-17
5820.000000 3.298210e-17
5822.000000 3.299650e-17
5824.000000 3.390120e-17
5826.000000 3.566880e-17
5828.000000 3.735840e-17
5830.000000 3.882270e-17
5832.000000 4.012150e-17
5834.000000 4.092940e-17
5836.000000 4.107070e-17
5838.000000 4.239460e-17
5840.000000 4.454870e-17
5842.000000 4.681510e-17
5844.000000 4.955210e-17
5846.000000 5.212370e-17
5848.000000 5.408040e-17
5850.000000 5.569960e-17
5852.000000 5.735200e-17
5854.000000 5.831060e-17
5856.000000 6.082990e-17
5858.000000 6.478230e-17
5860.000000 6.857750e-17
5862.000000 7.231350e-17
5864.000000 7.581520e-17
5866.000000 7.842790e-17
5868.000000 8.028470e-17
5870.000000 8.379720e-17
5872.000000 8.890340e-17
5874.000000 9.317000e-17
5876.000000 9.802850e-17
5878.000000 1.011110e-16
5880.000000 1.003280e-16
5882.000000 9.852010e-17
5884.000000 1.015930e-16
5886.000000 1.086030e-16
5888.000000 1.123520e-16
5890.000000 1.150810e-16
5892.000000 1.167620e-16
5894.000000 1.161230e-16
5896.000000 1.162660e-16
5898.000000 1.200240e-16
5900.000000 1.256250e-16
5902.000000 1.276630e-16
5904.000000 1.267130e-16
5906.000000 1.275000e-16
5908.000000 1.290590e-16
5910.000000 1.301720e-16
5912.000000 1.312020e-16
5914.000000 1.313500e-16
5916.000000 1.290320e-16
5918.000000 1.245800e-16
5920.000000 1.218700e-16
5922.000000 1.195260e-16
5924.000000 1.179120e-16
5926.000000 1.174770e-16
5928.000000 1.168180e-16
5930.000000 1.155990e-16
5932.000000 1.139260e-16
5934.000000 1.111510e-16
5936.000000 1.070950e-16
5938.000000 1.038350e-16
5940.000000 1.004990e-16
5942.000000 9.781000e-17
5944.000000 9.622870e-17
5946.000000 9.449510e-17
5948.000000 9.163760e-17
5950.000000 8.815030e-17
5952.000000 8.465910e-17
5954.000000 7.986760e-17
5956.000000 7.747580e-17
5958.000000 7.761280e-17
5960.000000 7.688120e-17
5962.000000 7.455100e-17
5964.000000 7.174390e-17
5966.000000 6.929650e-17
5968.000000 6.674980e-17
5970.000000 6.510010e-17
5972.000000 6.439090e-17
5974.000000 6.344150e-17
5976.000000 6.258890e-17
5978.000000 6.154410e-17
5980.000000 6.005880e-17
5982.000000 5.837800e-17
5984.000000 5.702580e-17
5986.000000 5.567430e-17
5988.000000 5.492170e-17
5990.000000 5.488070e-17
5992.000000 5.465720e-17
5994.000000 5.435970e-17
5996.000000 5.388770e-17
5998.000000 5.293300e-17
6000.000000 5.164070e-17
6002.000000 5.122640e-17
6004.000000 5.177930e-17
6006.000000 5.159050e-17
6008.000000 5.117340e-17
6010.000000 5.038030e-17
6012.000000 4.906520e-17
6014.000000 4.748030e-17
6016.000000 4.595200e-17
6018.000000 4.423530e-17
6020.000000 4.316390e-17
6022.000000 4.250200e-17
6024.000000 4.215390e-17
6026.000000 4.267580e-17
6028.000000 4.268390e-17
6030.000000 4.115540e-17
6032.000000 3.894950e-17
6034.000000 3.807790e-17
6036.000000 3.818400e-17
6038.000000 3.770560e-17
6040.000000 3.697050e-17
6042.000000 3.640240e-17
6044.000000 3.617260e-17
6046.000000 3.585260e-17
6048.000000 3.490250e-17
6050.000000 3.352530e-17
6052.000000 3.324080e-17
6054.000000 3.420590e-17
6056.000000 3.417800e-17
6058.000000 3.359520e-17
6060.000000 3.281630e-17
6062.000000 3.160120e-17
6064.000000 3.044950e-17
6066.000000 3.059440e-17
6068.000000 3.194660e-17
6070.000000 3.197000e-17
6072.000000 3.080880e-17
6074.000000 3.053360e-17
6076.000000 3.121010e-17
6078.000000 3.189130e-17
6080.000000 3.212900e-17
6082.000000 3.217150e-17
6084.000000 3.205260e-17
6086.000000 3.166550e-17
6088.000000 3.137640e-17
6090.000000 3.080510e-17
6092.000000 3.075480e-17
6094.000000 3.148340e-17
6096.000000 3.239640e-17
6098.000000 3.304520e-17
6100.000000 3.368010e-17
6102.000000 3.335300e-17
6104.000000 3.172080e-17
6106.000000 3.096790e-17
6108.000000 3.042020e-17
6110.000000 3.051320e-17
6112.000000 3.162490e-17
6114.000000 3.323360e-17
6116.000000 3.437860e-17
6118.000000 3.544100e-17
6120.000000 3.637130e-17
6122.000000 3.679950e-17
6124.000000 3.793030e-17
6126.000000 4.006000e-17
6128.000000 4.208230e-17
6130.000000 4.340620e-17
6132.000000 4.432090e-17
6134.000000 4.456040e-17
6136.000000 4.346630e-17
6138.000000 4.377570e-17
6140.000000 4.491820e-17
6142.000000 4.621090e-17
6144.000000 4.790070e-17
6146.000000 4.945760e-17
6148.000000 4.992040e-17
6150.000000 4.952860e-17
6152.000000 5.042960e-17
6154.000000 5.294880e-17
6156.000000 5.370530e-17
6158.000000 5.303790e-17
6160.000000 5.200810e-17
6162.000000 5.072860e-17
6164.000000 4.929570e-17
6166.000000 4.852060e-17
6168.000000 4.813480e-17
6170.000000 4.793810e-17
6172.000000 4.832960e-17
6174.000000 4.826670e-17
6176.000000 4.762040e-17
6178.000000 4.696230e-17
6180.000000 4.667650e-17
6182.000000 4.656160e-17
6184.000000 4.634460e-17
6186.000000 4.609470e-17
6188.000000 4.590090e-17
6190.000000 4.558260e-17
6192.000000 4.558480e-17
6194.000000 4.610670e-17
6196.000000 4.678140e-17
6198.000000 4.704740e-17
6200.000000 4.696410e-17
6202.000000 4.820280e-17
6204.000000 5.072370e-17
6206.000000 5.289810e-17
6208.000000 5.489490e-17
6210.000000 5.711920e-17
6212.000000 5.954450e-17
6214.000000 6.231710e-17
6216.000000 6.619260e-17
6218.000000 7.118290e-17
6220.000000 7.593470e-17
6222.000000 8.091360e-17
6224.000000 8.595640e-17
6226.000000 9.136200e-17
6228.000000 9.646460e-17
6230.000000 1.007140e-16
6232.000000 1.043740e-16
6234.000000 1.074580e-16
6236.000000 1.083610e-16
6238.000000 1.125290e-16
6240.000000 1.190040e-16
6242.000000 1.262530e-16
6244.000000 1.345690e-16
6246.000000 1.431840e-16
6248.000000 1.502380e-16
6250.000000 1.560770e-16
6252.000000 1.639310e-16
6254.000000 1.727660e-16
6256.000000 1.825850e-16
6258.000000 1.927260e-16
6260.000000 2.048920e-16
6262.000000 2.202570e-16
6264.000000 2.378150e-16
6266.000000 2.555210e-16
6268.000000 2.750450e-16
6270.000000 2.924740e-16
6272.000000 3.095590e-16
6274.000000 3.245770e-16
6276.000000 3.361430e-16
6278.000000 3.476110e-16
6280.000000 3.619340e-16
6282.000000 3.777570e-16
6284.000000 3.947690e-16
6286.000000 4.174190e-16
6288.000000 4.310780e-16
6290.000000 4.375270e-16
6292.000000 4.423520e-16
6294.000000 4.454730e-16
6296.000000 4.480490e-16
6298.000000 4.546030e-16
6300.000000 4.648700e-16
6302.000000 4.686150e-16
6304.000000 4.667540e-16
6306.000000 4.666580e-16
6308.000000 4.678530e-16
6310.000000 4.685970e-16
6312.000000 4.691170e-16
6314.000000 4.687150e-16
6316.000000 4.623000e-16
6318.000000 4.505590e-16
6320.000000 4.380330e-16
6322.000000 4.216870e-16
6324.000000 4.065200e-16
6326.000000 3.911420e-16
6328.000000 3.782900e-16
6330.000000 3.713650e-16
6332.000000 3.688290e-16
6334.000000 3.711360e-16
6336.000000 3.817990e-16
6338.000000 3.886070e-16
6340.000000 3.970680e-16
6342.000000 4.001550e-16
6344.000000 3.943080e-16
6346.000000 3.839890e-16
6348.000000 3.758220e-16
6350.000000 3.672890e-16
6352.000000 3.579990e-16
6354.000000 3.486270e-16
6356.000000 3.374340e-16
6358.000000 3.227300e-16
6360.000000 3.092790e-16
6362.000000 3.004550e-16
6364.000000 2.941670e-16
6366.000000 2.865310e-16
6368.000000 2.789870e-16
6370.000000 2.713010e-16
6372.000000 2.635490e-16
6374.000000 2.557150e-16
6376.000000 2.479450e-16
6378.000000 2.399300e-16
6380.000000 2.312620e-16
6382.000000 2.220840e-16
6384.000000 2.128490e-16
6386.000000 2.030900e-16
6388.000000 1.938560e-16
6390.000000 1.839280e-16
6392.000000 1.759650e-16
6394.000000 1.707700e-16
6396.000000 1.677810e-16
6398.000000 1.672700e-16
6400.000000 1.703440e-16
6402.000000 1.706790e-16
6404.000000 1.712690e-16
6406.000000 1.688900e-16
6408.000000 1.628340e-16
6410.000000 1.556860e-16
6412.000000 1.486980e-16
6414.000000 1.413490e-16
6416.000000 1.358500e-16
6418.000000 1.323430e-16
6420.000000 1.276280e-16
6422.000000 1.222850e-16
6424.000000 1.173340e-16
6426.000000 1.128830e-16
6428.000000 1.087690e-16
6430.000000 1.049440e-16
6432.000000 1.014070e-16
6434.000000 9.837510e-17
6436.000000 9.549320e-17
6438.000000 9.368690e-17
6440.000000 9.335500e-17
6442.000000 9.293980e-17
6444.000000 9.173050e-17
6446.000000 9.033070e-17
6448.000000 8.949380e-17
6450.000000 8.895650e-17
6452.000000 8.862690e-17
6454.000000 8.862250e-17
6456.000000 8.866900e-17
6458.000000 8.884930e-17
6460.000000 8.902550e-17
6462.000000 8.906620e-17
6464.000000 8.903580e-17
6466.000000 8.898290e-17
6468.000000 8.903970e-17
6470.000000 8.869750e-17
6472.000000 8.787280e-17
6474.000000 8.720980e-17
6476.000000 8.667870e-17
6478.000000 8.641290e-17
6480.000000 8.690780e-17
6482.000000 8.818430e-17
6484.000000 8.838070e-17
6486.000000 8.751310e-17
6488.000000 8.745730e-17
6490.000000 8.789610e-17
6492.000000 8.875210e-17
6494.000000 9.029700e-17
6496.000000 9.215830e-17
6498.000000 9.298810e-17
6500.000000 9.302660e-17
6502.000000 9.339330e-17
6504.000000 9.375720e-17
6506.000000 9.409600e-17
6508.000000 9.440080e-17
6510.000000 9.469540e-17
6512.000000 9.496920e-17
6514.000000 9.522470e-17
6516.000000 9.570460e-17
6518.000000 9.683600e-17
6520.000000 9.689740e-17
6522.000000 9.598260e-17
6524.000000 9.510370e-17
6526.000000 9.441270e-17
6528.000000 9.379540e-17
6530.000000 9.338840e-17
6532.000000 9.322860e-17
6534.000000 9.267500e-17
6536.000000 9.162580e-17
6538.000000 9.105370e-17
6540.000000 9.100910e-17
6542.000000 9.095660e-17
6544.000000 9.066420e-17
6546.000000 9.026060e-17
6548.000000 8.971700e-17
6550.000000 8.890580e-17
6552.000000 8.838590e-17
6554.000000 8.783900e-17
6556.000000 8.771640e-17
6558.000000 8.832170e-17
6560.000000 8.894350e-17
6562.000000 8.887000e-17
6564.000000 8.840490e-17
6566.000000 8.800400e-17
6568.000000 8.755990e-17
6570.000000 8.692130e-17
6572.000000 8.614820e-17
6574.000000 8.517820e-17
6576.000000 8.370320e-17
6578.000000 8.225430e-17
6580.000000 8.191830e-17
6582.000000 8.233480e-17
6584.000000 8.309940e-17
6586.000000 8.533030e-17
6588.000000 8.590350e-17
6590.000000 8.457330e-17
6592.000000 8.306500e-17
6594.000000 8.214310e-17
6596.000000 8.145000e-17
6598.000000 8.157870e-17
6600.000000 8.298110e-17
6602.000000 8.314530e-17
6604.000000 8.257030e-17
6606.000000 8.197630e-17
6608.000000 8.137030e-17
6610.000000 8.072160e-17
6612.000000 8.010410e-17
6614.000000 7.949120e-17
6616.000000 7.879090e-17
6618.000000 7.815540e-17
6620.000000 7.718210e-17
6622.000000 7.594300e-17
6624.000000 7.449310e-17
6626.000000 7.253440e-17
6628.000000 7.057460e-17
6630.000000 6.990980e-17
6632.000000 7.029970e-17
6634.000000 7.034640e-17
6636.000000 7.065690e-17
6638.000000 7.069090e-17
6640.000000 7.045860e-17
6642.000000 7.009360e-17
6644.000000 6.958010e-17
6646.000000 6.895560e-17
6648.000000 6.872050e-17
6650.000000 6.892120e-17
6652.000000 6.876510e-17
6654.000000 6.859370e-17
6656.000000 6.808930e-17
6658.000000 6.700220e-17
6660.000000 6.583650e-17
6662.000000 6.524080e-17
6664.000000 6.499180e-17
6666.000000 6.450050e-17
6668.000000 6.386330e-17
6670.000000 6.339380e-17
6672.000000 6.317170e-17
6674.000000 6.280830e-17
6676.000000 6.205440e-17
6678.000000 6.118320e-17
6680.000000 6.073870e-17
6682.000000 6.059550e-17
6684.000000 6.036340e-17
6686.000000 6.037060e-17
6688.000000 5.997550e-17
6690.000000 5.909500e-17
6692.000000 5.807390e-17
6694.000000 5.723050e-17
6696.000000 5.638780e-17
6698.000000 5.480700e-17
6700.000000 5.196350e-17
6702.000000 5.053020e-17
6704.000000 5.011070e-17
6706.000000 4.965450e-17
6708.000000 4.900670e-17
6710.000000 4.837260e-17
6712.000000 4.790570e-17
6714.000000 4.766160e-17
6716.000000 4.658560e-17
6718.000000 4.470820e-17
6720.000000 4.303100e-17
6722.000000 4.106000e-17
6724.000000 3.958520e-17
6726.000000 3.912410e-17
6728.000000 3.920790e-17
6730.000000 3.895800e-17
6732.000000 3.877070e-17
6734.000000 3.833010e-17
6736.000000 3.748200e-17
6738.000000 3.698570e-17
6740.000000 3.689020e-17
6742.000000 3.695550e-17
6744.000000 3.715790e-17
6746.000000 3.750920e-17
6748.000000 3.706760e-17
6750.000000 3.563690e-17
6752.000000 3.497120e-17
6754.000000 3.480930e-17
6756.000000 3.455480e-17
6758.000000 3.406510e-17
6760.000000 3.352170e-17
6762.000000 3.309420e-17
6764.000000 3.276270e-17
6766.000000 3.216790e-17
6768.000000 3.098160e-17
6770.000000 3.062060e-17
6772.000000 3.137800e-17
6774.000000 3.187990e-17
6776.000000 3.136050e-17
6778.000000 3.037550e-17
6780.000000 2.977220e-17
6782.000000 2.928650e-17
6784.000000 2.873410e-17
6786.000000 2.815620e-17
6788.000000 2.759520e-17
6790.000000 2.705840e-17
6792.000000 2.652530e-17
6794.000000 2.596550e-17
6796.000000 2.538910e-17
6798.000000 2.492760e-17
6800.000000 2.460530e-17
6802.000000 2.419210e-17
6804.000000 2.369140e-17
6806.000000 2.325550e-17
6808.000000 2.289570e-17
6810.000000 2.262240e-17
6812.000000 2.249750e-17
6814.000000 2.246710e-17
6816.000000 2.271740e-17
6818.000000 2.373280e-17
6820.000000 2.379540e-17
6822.000000 2.267940e-17
6824.000000 2.159830e-17
6826.000000 2.115720e-17
6828.000000 2.102150e-17
6830.000000 2.116040e-17
6832.000000 2.195630e-17
6834.000000 2.197290e-17
6836.000000 2.126720e-17
6838.000000 2.093250e-17
6840.000000 2.113090e-17
6842.000000 2.146530e-17
6844.000000 2.166750e-17
6846.000000 2.186930e-17
6848.000000 2.183000e-17
6850.000000 2.142680e-17
6852.000000 2.133310e-17
6854.000000 2.156780e-17
6856.000000 2.164710e-17
6858.000000 2.139270e-17
6860.000000 2.099040e-17
6862.000000 2.067290e-17
6864.000000 2.043240e-17
6866.000000 1.980780e-17
6868.000000 1.836670e-17
6870.000000 1.791000e-17
6872.000000 1.867070e-17
6874.000000 1.951170e-17
6876.000000 1.979820e-17
6878.000000 1.986350e-17
6880.000000 1.976540e-17
6882.000000 1.933080e-17
6884.000000 1.911490e-17
6886.000000 1.903710e-17
6888.000000 1.885650e-17
6890.000000 1.836990e-17
6892.000000 1.799820e-17
6894.000000 1.832890e-17
6896.000000 1.920320e-17
6898.000000 1.946750e-17
6900.000000 1.933510e-17
6902.000000 1.934720e-17
6904.000000 1.944040e-17
6906.000000 1.946980e-17
6908.000000 1.940080e-17
6910.000000 1.925160e-17
6912.000000 1.897370e-17
6914.000000 1.846930e-17
6916.000000 1.832490e-17
6918.000000 1.831300e-17
6920.000000 1.857840e-17
6922.000000 1.929660e-17
6924.000000 2.001150e-17
6926.000000 2.034020e-17
6928.000000 2.049110e-17
6930.000000 2.093850e-17
6932.000000 2.169400e-17
6934.000000 2.215070e-17
6936.000000 2.260030e-17
6938.000000 2.271160e-17
6940.000000 2.206090e-17
6942.000000 2.147580e-17
6944.000000 2.224260e-17
6946.000000 2.406370e-17
6948.000000 2.465860e-17
6950.000000 2.444180e-17
6952.000000 2.446440e-17
6954.000000 2.440440e-17
6956.000000 2.456120e-17
6958.000000 2.522110e-17
6960.000000 2.607200e-17
6962.000000 2.636270e-17
6964.000000 2.622500e-17
6966.000000 2.634200e-17
6968.000000 2.650870e-17
6970.000000 2.671570e-17
6972.000000 2.688720e-17
6974.000000 2.720160e-17
6976.000000 2.792500e-17
6978.000000 2.892200e-17
6980.000000 2.925220e-17
6982.000000 2.872110e-17
6984.000000 2.908700e-17
6986.000000 3.017720e-17
6988.000000 3.111160e-17
6990.000000 3.176010e-17
6992.000000 3.225570e-17
6994.000000 3.249490e-17
6996.000000 3.234360e-17
6998.000000 3.317370e-17
7000.000000 3.496980e-17
7002.000000 3.637190e-17
7004.000000 3.762770e-17
7006.000000 3.872320e-17
7008.000000 3.966210e-17
7010.000000 4.041360e-17
7012.000000 4.074650e-17
7014.000000 4.038410e-17
7016.000000 4.086100e-17
7018.000000 4.205720e-17
7020.000000 4.294200e-17
7022.000000 4.353380e-17
7024.000000 4.391910e-17
7026.000000 4.391610e-17
7028.000000 4.358110e-17
7030.000000 4.431760e-17
7032.000000 4.613720e-17
7034.000000 4.740420e-17
7036.000000 4.860040e-17
7038.000000 4.956040e-17
7040.000000 5.019140e-17
7042.000000 5.062850e-17
7044.000000 5.106300e-17
7046.000000 5.141810e-17
7048.000000 5.169730e-17
7050.000000 5.182550e-17
7052.000000 5.203790e-17
7054.000000 5.240900e-17
7056.000000 5.265730e-17
7058.000000 5.262870e-17
7060.000000 5.241920e-17
7062.000000 5.209770e-17
7064.000000 5.124910e-17
7066.000000 5.141620e-17
7068.000000 5.254940e-17
7070.000000 5.342980e-17
7072.000000 5.403120e-17
7074.000000 5.448670e-17
7076.000000 5.471640e-17
7078.000000 5.472280e-17
7080.000000 5.521440e-17
7082.000000 5.609250e-17
7084.000000 5.689910e-17
7086.000000 5.811040e-17
7088.000000 5.872280e-17
7090.000000 5.827010e-17
7092.000000 5.732150e-17
7094.000000 5.660240e-17
7096.000000 5.554760e-17
7098.000000 5.580180e-17
7100.000000 5.753970e-17
7102.000000 5.860020e-17
7104.000000 5.917820e-17
7106.000000 5.951610e-17
7108.000000 5.955830e-17
7110.000000 5.939010e-17
7112.000000 5.971860e-17
7114.000000 6.063040e-17
7116.000000 6.087500e-17
7118.000000 6.071240e-17
7120.000000 6.046100e-17
7122.000000 5.989600e-17
7124.000000 5.949350e-17
7126.000000 5.987260e-17
7128.000000 6.076900e-17
7130.000000 6.213230e-17
7132.000000 6.439210e-17
7134.000000 6.618750e-17
7136.000000 6.768070e-17
7138.000000 6.925280e-17
7140.000000 7.100690e-17
7142.000000 7.287000e-17
7144.000000 7.485060e-17
7146.000000 7.699480e-17
7148.000000 7.904590e-17
7150.000000 8.112190e-17
7152.000000 8.310260e-17
7154.000000 8.496330e-17
7156.000000 8.679640e-17
7158.000000 8.862090e-17
7160.000000 9.043940e-17
7162.000000 9.250390e-17
7164.000000 9.505430e-17
7166.000000 9.694360e-17
7168.000000 9.857290e-17
7170.000000 9.975040e-17
7172.000000 1.004560e-16
7174.000000 1.007200e-16
7176.000000 1.005050e-16
7178.000000 9.977830e-17
7180.000000 9.903010e-17
7182.000000 9.805820e-17
7184.000000 9.700240e-17
7186.000000 9.533470e-17
7188.000000 9.437710e-17
7190.000000 9.505090e-17
7192.000000 9.637630e-17
7194.000000 9.633370e-17
7196.000000 9.559320e-17
7198.000000 9.456930e-17
7200.000000 9.268650e-17
7202.000000 9.131960e-17
7204.000000 9.046380e-17
7206.000000 8.984360e-17
7208.000000 8.930640e-17
7210.000000 8.893030e-17
7212.000000 8.894870e-17
7214.000000 8.914600e-17
7216.000000 8.998370e-17
7218.000000 9.125780e-17
7220.000000 9.318100e-17
7222.000000 9.584410e-17
7224.000000 9.909480e-17
7226.000000 1.027400e-16
7228.000000 1.068450e-16
7230.000000 1.115260e-16
7232.000000 1.172100e-16
7234.000000 1.223990e-16
7236.000000 1.275380e-16
7238.000000 1.321910e-16
7240.000000 1.359450e-16
7242.000000 1.392060e-16
7244.000000 1.428760e-16
7246.000000 1.458630e-16
7248.000000 1.514770e-16
7250.000000 1.596980e-16
7252.000000 1.675610e-16
7254.000000 1.744080e-16
7256.000000 1.821730e-16
7258.000000 1.923240e-16
7260.000000 2.041800e-16
7262.000000 2.175630e-16
7264.000000 2.319810e-16
7266.000000 2.492980e-16
7268.000000 2.696230e-16
7270.000000 2.912700e-16
7272.000000 3.146060e-16
7274.000000 3.386590e-16
7276.000000 3.613500e-16
7278.000000 3.838660e-16
7280.000000 4.037430e-16
7282.000000 4.223760e-16
7284.000000 4.378110e-16
7286.000000 4.487400e-16
7288.000000 4.593090e-16
7290.000000 4.718720e-16
7292.000000 4.848440e-16
7294.000000 4.961580e-16
7296.000000 5.062820e-16
7298.000000 5.163480e-16
7300.000000 5.242270e-16
7302.000000 5.352630e-16
7304.000000 5.506050e-16
7306.000000 5.672640e-16
7318.000000 6.067980e-16
7320.000000 6.026250e-16
7322.000000 5.956040e-16
7324.000000 5.861170e-16
7326.000000 5.744090e-16
7328.000000 5.599260e-16
7330.000000 5.454490e-16
7332.000000 5.282940e-16
7334.000000 5.141700e-16
7336.000000 5.040040e-16
7338.000000 4.934610e-16
7340.000000 4.801070e-16
7342.000000 4.653470e-16
7344.000000 4.502840e-16
7346.000000 4.334810e-16
7348.000000 4.188890e-16
7350.000000 4.057490e-16
7352.000000 3.928540e-16
7354.000000 3.805960e-16
7356.000000 3.681590e-16
7358.000000 3.543570e-16
7360.000000 3.396510e-16
7362.000000 3.249260e-16
7364.000000 3.097510e-16
7366.000000 2.945860e-16
7368.000000 2.790580e-16
7370.000000 2.638950e-16
7372.000000 2.488370e-16
7374.000000 2.345140e-16
7376.000000 2.228610e-16
7378.000000 2.133920e-16
7380.000000 2.047160e-16
7382.000000 1.973760e-16
7384.000000 1.910260e-16
7386.000000 1.861260e-16
7388.000000 1.816600e-16
7390.000000 1.768790e-16
7392.000000 1.721920e-16
7394.000000 1.680990e-16
7396.000000 1.650680e-16
7398.000000 1.608030e-16
7400.000000 1.559910e-16
7402.000000 1.505870e-16
7404.000000 1.439940e-16
7406.000000 1.374440e-16
7408.000000 1.325810e-16
7410.000000 1.287590e-16
7412.000000 1.253880e-16
7414.000000 1.229670e-16
7416.000000 1.204950e-16
7418.000000 1.180840e-16
7420.000000 1.159970e-16
7422.000000 1.145940e-16
7424.000000 1.133880e-16
7426.000000 1.110870e-16
7428.000000 1.077670e-16
7430.000000 1.054440e-16
7432.000000 1.038430e-16
7434.000000 1.019070e-16
7436.000000 9.970370e-17
7438.000000 9.731630e-17
7440.000000 9.462790e-17
7442.000000 9.171900e-17
7444.000000 8.940650e-17
7446.000000 8.744370e-17
7448.000000 8.570770e-17
7450.000000 8.428660e-17
7452.000000 8.302870e-17
7454.000000 8.200370e-17
7456.000000 8.105800e-17
7458.000000 7.995100e-17
7460.000000 7.881410e-17
7462.000000 7.736800e-17
7464.000000 7.563580e-17
7466.000000 7.383420e-17
7468.000000 7.173330e-17
7470.000000 6.982570e-17
7472.000000 6.843860e-17
7474.000000 6.726860e-17
7476.000000 6.567130e-17
7478.000000 6.357040e-17
7480.000000 6.237490e-17
7482.000000 6.209940e-17
7484.000000 6.140140e-17
7486.000000 6.032980e-17
7488.000000 5.899470e-17
7490.000000 5.726540e-17
7492.000000 5.520260e-17
7494.000000 5.373810e-17
7496.000000 5.272960e-17
7498.000000 5.158220e-17
7500.000000 5.059670e-17
7502.000000 4.937660e-17
7504.000000 4.764970e-17
7506.000000 4.587040e-17
7508.000000 4.476950e-17
7510.000000 4.419600e-17
7512.000000 4.308840e-17
7514.000000 4.161090e-17
7516.000000 4.031950e-17
7518.000000 3.904220e-17
7520.000000 3.797610e-17
7522.000000 3.727190e-17
7524.000000 3.681040e-17
7526.000000 3.636480e-17
7528.000000 3.617760e-17
7530.000000 3.558750e-17
7532.000000 3.455960e-17
7534.000000 3.379320e-17
7536.000000 3.351890e-17
7538.000000 3.314780e-17
7540.000000 3.208210e-17
7542.000000 3.056750e-17
7544.000000 2.951750e-17
7546.000000 2.842870e-17
7548.000000 2.795920e-17
7550.000000 2.827640e-17
7552.000000 2.845520e-17
7554.000000 2.831600e-17
7556.000000 2.799460e-17
7558.000000 2.737440e-17
7560.000000 2.633710e-17
7562.000000 2.592360e-17
7564.000000 2.601540e-17
7566.000000 2.595070e-17
7568.000000 2.581690e-17
7570.000000 2.564390e-17
7572.000000 2.552150e-17
7574.000000 2.534530e-17
7576.000000 2.454520e-17
7578.000000 2.285750e-17
7580.000000 2.209030e-17
7582.000000 2.191920e-17
7584.000000 2.171570e-17
7586.000000 2.149640e-17
7588.000000 2.125070e-17
7590.000000 2.085680e-17
7592.000000 2.035250e-17
7594.000000 2.002400e-17
7596.000000 1.976580e-17
7598.000000 1.961240e-17
7600.000000 1.942210e-17
7602.000000 1.955910e-17
7604.000000 2.046950e-17
7606.000000 2.148700e-17
7608.000000 2.118700e-17
7610.000000 1.984620e-17
7612.000000 1.900420e-17
7614.000000 1.776750e-17
7616.000000 1.743110e-17
7618.000000 1.825080e-17
7620.000000 1.919430e-17
7622.000000 1.973810e-17
7624.000000 2.012730e-17
7626.000000 1.997400e-17
7628.000000 1.886210e-17
7630.000000 1.879960e-17
7632.000000 1.945930e-17
7634.000000 2.007450e-17
7636.000000 2.073360e-17
7638.000000 2.123590e-17
7640.000000 2.117110e-17
7642.000000 2.068300e-17
7644.000000 2.016620e-17
7646.000000 1.907970e-17
7648.000000 1.877520e-17
7650.000000 1.912200e-17
7652.000000 1.968490e-17
7654.000000 2.039850e-17
7656.000000 2.125290e-17
7658.000000 2.202720e-17
7660.000000 2.296710e-17
7662.000000 2.325770e-17
7664.000000 2.278130e-17
7666.000000 2.267610e-17
7668.000000 2.276190e-17
7670.000000 2.318510e-17
7672.000000 2.431990e-17
7674.000000 2.592590e-17
7676.000000 2.657310e-17
7678.000000 2.652220e-17
7680.000000 2.658530e-17
7682.000000 2.602700e-17
7684.000000 2.628340e-17
7686.000000 2.793540e-17
7688.000000 2.992820e-17
7690.000000 3.104600e-17
7692.000000 3.177940e-17
7694.000000 3.229180e-17
7696.000000 3.246040e-17
7698.000000 3.251240e-17
7700.000000 3.195350e-17
7702.000000 3.196590e-17
7704.000000 3.309250e-17
7706.000000 3.491460e-17
7708.000000 3.713320e-17
7710.000000 4.076070e-17
7712.000000 4.165560e-17
7714.000000 3.991200e-17
7716.000000 3.908840e-17
7718.000000 3.899500e-17
7720.000000 3.940890e-17
7722.000000 4.063970e-17
7724.000000 4.252480e-17
7726.000000 4.329820e-17
7728.000000 4.310780e-17
7730.000000 4.350800e-17
7732.000000 4.403440e-17
7734.000000 4.479310e-17
7736.000000 4.605020e-17
7738.000000 4.730880e-17
7740.000000 4.776290e-17
7742.000000 4.768860e-17
7744.000000 4.749390e-17
7746.000000 4.663380e-17
7748.000000 4.643960e-17
7750.000000 4.689640e-17
7752.000000 4.743200e-17
7754.000000 4.775430e-17
7756.000000 4.808460e-17
7758.000000 4.880330e-17
7760.000000 5.019290e-17
7762.000000 5.046460e-17
7764.000000 4.911620e-17
7766.000000 4.928180e-17
7768.000000 5.185370e-17
7770.000000 5.442430e-17
7772.000000 5.473100e-17
7774.000000 5.375710e-17
7776.000000 5.440860e-17
7778.000000 5.631830e-17
7780.000000 5.741720e-17
7782.000000 5.791550e-17
7784.000000 5.871600e-17
7786.000000 6.035360e-17
7788.000000 6.201300e-17
7790.000000 6.249680e-17
7792.000000 6.238310e-17
7794.000000 6.100230e-17
7796.000000 5.741650e-17
7798.000000 5.527530e-17
7800.000000 5.437280e-17
7802.000000 5.378140e-17
7804.000000 5.322330e-17
7806.000000 5.279480e-17
7808.000000 5.194570e-17
7810.000000 5.021000e-17
7812.000000 5.021040e-17
7814.000000 5.186140e-17
7816.000000 5.309480e-17
7818.000000 5.391700e-17
7820.000000 5.444060e-17
7822.000000 5.467280e-17
7824.000000 5.467100e-17
7826.000000 5.314790e-17
7828.000000 4.976070e-17
7830.000000 4.708120e-17
7832.000000 4.438100e-17
7834.000000 4.195890e-17
7836.000000 4.004990e-17
7838.000000 3.833030e-17
7840.000000 3.616250e-17
7842.000000 3.350890e-17
7844.000000 3.203410e-17
7846.000000 3.162400e-17
7848.000000 3.100470e-17
7850.000000 3.021670e-17
7852.000000 2.958560e-17
7854.000000 2.939710e-17
7856.000000 2.943110e-17
7858.000000 2.880480e-17
7860.000000 2.748890e-17
7862.000000 2.675150e-17
7864.000000 2.646600e-17
7866.000000 2.590720e-17
7868.000000 2.501290e-17
7870.000000 2.391440e-17
7872.000000 2.249160e-17
7874.000000 2.066550e-17
7876.000000 2.022810e-17
7878.000000 2.128910e-17
7880.000000 2.154340e-17
7882.000000 2.118420e-17
7884.000000 2.107590e-17
7886.000000 2.160480e-17
7888.000000 2.236510e-17
7890.000000 2.272060e-17
7892.000000 2.275150e-17
7894.000000 2.330640e-17
7896.000000 2.410860e-17
7898.000000 2.520380e-17
7900.000000 2.709760e-17
7902.000000 2.855830e-17
7904.000000 2.861230e-17
7906.000000 2.779480e-17
7908.000000 2.705100e-17
7910.000000 2.555540e-17
7912.000000 2.503990e-17
7914.000000 2.520060e-17
7916.000000 2.545540e-17
7918.000000 2.591850e-17
7920.000000 2.632190e-17
7922.000000 2.607480e-17
7924.000000 2.528940e-17
7926.000000 2.536370e-17
7928.000000 2.601450e-17
7930.000000 2.668410e-17
7932.000000 2.770650e-17
7934.000000 2.849890e-17
7936.000000 2.872250e-17
7938.000000 2.870130e-17
7940.000000 2.903010e-17
7942.000000 2.976170e-17
7944.000000 2.959050e-17
7946.000000 2.851990e-17
7948.000000 2.776150e-17
7950.000000 2.707870e-17
7952.000000 2.677610e-17
7954.000000 2.737950e-17
7956.000000 2.860680e-17
7958.000000 2.890660e-17
7960.000000 2.871860e-17
7962.000000 2.836430e-17
7964.000000 2.730330e-17
7966.000000 2.681780e-17
7968.000000 2.731280e-17
7970.000000 2.814790e-17
7972.000000 2.865080e-17
7974.000000 2.912230e-17
7976.000000 2.935850e-17
7978.000000 2.935240e-17
7980.000000 2.933770e-17
7982.000000 2.912600e-17
7984.000000 2.909460e-17
7986.000000 2.954880e-17
7988.000000 3.019520e-17
7990.000000 3.030240e-17
7992.000000 2.984830e-17
7994.000000 3.010180e-17
7996.000000 3.112870e-17
7998.000000 3.157030e-17
8000.000000 3.126360e-17
8002.000000 3.077750e-17
8004.000000 3.044020e-17
8006.000000 3.009380e-17
8008.000000 3.020430e-17
8010.000000 3.076450e-17
8012.000000 3.126450e-17
8014.000000 3.201900e-17
8016.000000 3.252260e-17
8018.000000 3.263280e-17
8020.000000 3.252710e-17
8022.000000 3.235870e-17
8024.000000 3.204570e-17
8026.000000 3.173010e-17
8028.000000 3.111630e-17
8030.000000 3.100290e-17
8032.000000 3.158270e-17
8034.000000 3.203240e-17
8036.000000 3.174480e-17
8038.000000 3.121280e-17
8040.000000 3.169870e-17
8042.000000 3.339750e-17
8044.000000 3.367390e-17
8046.000000 3.340830e-17
8048.000000 3.232450e-17
8050.000000 2.980900e-17
8052.000000 2.724430e-17
8054.000000 2.593590e-17
8056.000000 2.527780e-17
8058.000000 2.574390e-17
8060.000000 2.813630e-17
8062.000000 2.924350e-17
8064.000000 2.974160e-17
8066.000000 2.995010e-17
8068.000000 2.984150e-17
8070.000000 2.952180e-17
8072.000000 2.934120e-17
8074.000000 2.926350e-17
8076.000000 2.867510e-17
8078.000000 2.742710e-17
8080.000000 2.659430e-17
8082.000000 2.611120e-17
8084.000000 2.575960e-17
8086.000000 2.550350e-17
8088.000000 2.533590e-17
8090.000000 2.497300e-17
8092.000000 2.461600e-17
8094.000000 2.388660e-17
8096.000000 2.247650e-17
8098.000000 2.162300e-17
8100.000000 2.134540e-17
8102.000000 2.157810e-17
8104.000000 2.260270e-17
8106.000000 2.441830e-17
8108.000000 2.513590e-17
8110.000000 2.506650e-17
8112.000000 2.524550e-17
8114.000000 2.548020e-17
8116.000000 2.565060e-17
8118.000000 2.569370e-17
8120.000000 2.568970e-17
8122.000000 2.578100e-17
8124.000000 2.589370e-17
8126.000000 2.613100e-17
8128.000000 2.678590e-17
8130.000000 2.684640e-17
8132.000000 2.611100e-17
8134.000000 2.536470e-17
8136.000000 2.516930e-17
8138.000000 2.519980e-17
8140.000000 2.479410e-17
8142.000000 2.374090e-17
8144.000000 2.361990e-17
8146.000000 2.459790e-17
8148.000000 2.484750e-17
8150.000000 2.383390e-17
8152.000000 2.258800e-17
8154.000000 2.213970e-17
8156.000000 2.206200e-17
8158.000000 2.223640e-17
8160.000000 2.329620e-17
8162.000000 2.329560e-17
8164.000000 2.213430e-17
8166.000000 2.116940e-17
8168.000000 2.078640e-17
8170.000000 2.077600e-17
8172.000000 2.146690e-17
8174.000000 2.331910e-17
8176.000000 2.348570e-17
8178.000000 2.249720e-17
8180.000000 2.140660e-17
8182.000000 1.957050e-17
8184.000000 1.827350e-17
8186.000000 1.877940e-17
8188.000000 2.042060e-17
8190.000000 2.142450e-17
8192.000000 2.282190e-17
8194.000000 2.318200e-17
8196.000000 2.242100e-17
8198.000000 2.194570e-17
8200.000000 2.198510e-17
8202.000000 2.222430e-17
8204.000000 2.252990e-17
8206.000000 2.299110e-17
8208.000000 2.330870e-17
8210.000000 2.366020e-17
8212.000000 2.378310e-17
8214.000000 2.378180e-17
8216.000000 2.351470e-17
8218.000000 2.269680e-17
8220.000000 2.168380e-17
8222.000000 2.157330e-17
8224.000000 2.218080e-17
8226.000000 2.251380e-17
8228.000000 2.291400e-17
8230.000000 2.325800e-17
8232.000000 2.356020e-17
8234.000000 2.380780e-17
8236.000000 2.398200e-17
8238.000000 2.409170e-17
8240.000000 2.411900e-17
8242.000000 2.412280e-17
8244.000000 2.392420e-17
8246.000000 2.328400e-17
8248.000000 2.301220e-17
8250.000000 2.348680e-17
8252.000000 2.411700e-17
8254.000000 2.409380e-17
8256.000000 2.368370e-17
8258.000000 2.333200e-17
8260.000000 2.287190e-17
8262.000000 2.238330e-17
8264.000000 2.199870e-17
8266.000000 2.134380e-17
8268.000000 2.001200e-17
8270.000000 1.840190e-17
8272.000000 1.775200e-17
8274.000000 1.779880e-17
8276.000000 1.776630e-17
8278.000000 1.793390e-17
8280.000000 1.816200e-17
8282.000000 1.834380e-17
8284.000000 1.873290e-17
8286.000000 1.973130e-17
8288.000000 2.120090e-17
8290.000000 2.161830e-17
8292.000000 2.119410e-17
8294.000000 2.094010e-17
8296.000000 2.034650e-17
8298.000000 2.011900e-17
8300.000000 2.063800e-17
8302.000000 2.136770e-17
8304.000000 2.147410e-17
8306.000000 2.117930e-17
8308.000000 2.116430e-17
8310.000000 2.104200e-17
8312.000000 2.135880e-17
8314.000000 2.239140e-17
8316.000000 2.324130e-17
8318.000000 2.326200e-17
8320.000000 2.290960e-17
8322.000000 2.323340e-17
8324.000000 2.422880e-17
8326.000000 2.446220e-17
8328.000000 2.399510e-17
8330.000000 2.390440e-17
8332.000000 2.438580e-17
8334.000000 2.497200e-17
8336.000000 2.515720e-17
8338.000000 2.509050e-17
8340.000000 2.608920e-17
8342.000000 2.842480e-17
8344.000000 2.974530e-17
8346.000000 3.092560e-17
8348.000000 3.108590e-17
8350.000000 2.962640e-17
8352.000000 2.732930e-17
8354.000000 2.543980e-17
8356.000000 2.304560e-17
8358.000000 2.255010e-17
8360.000000 2.414780e-17
8362.000000 2.489340e-17
8364.000000 2.482510e-17
8366.000000 2.476920e-17
8368.000000 2.522270e-17
8370.000000 2.587940e-17
8372.000000 2.602460e-17
8374.000000 2.566950e-17
8376.000000 2.568840e-17
8378.000000 2.622980e-17
8380.000000 2.611130e-17
8382.000000 2.492050e-17
8384.000000 2.349530e-17
8386.000000 2.267140e-17
8388.000000 2.207610e-17
8390.000000 2.188490e-17
8392.000000 2.204060e-17
8394.000000 2.254220e-17
8396.000000 2.374070e-17
8398.000000 2.469650e-17
8400.000000 2.508150e-17
8402.000000 2.514370e-17
8404.000000 2.493750e-17
8406.000000 2.412180e-17
8408.000000 2.430760e-17
8410.000000 2.561780e-17
8412.000000 2.614250e-17
8414.000000 2.598080e-17
8416.000000 2.537200e-17
8418.000000 2.408740e-17
8420.000000 2.231690e-17
8422.000000 2.207840e-17
8424.000000 2.338070e-17
8426.000000 2.378400e-17
8428.000000 2.390130e-17
8430.000000 2.400680e-17
8432.000000 2.409020e-17
8434.000000 2.419410e-17
8436.000000 2.446720e-17
8438.000000 2.489050e-17
8440.000000 2.505770e-17
8442.000000 2.477020e-17
8444.000000 2.509940e-17
8446.000000 2.605870e-17
8448.000000 2.705660e-17
8450.000000 2.792100e-17
8452.000000 2.873020e-17
8454.000000 2.930420e-17
8456.000000 2.961090e-17
8458.000000 3.010620e-17
8460.000000 3.055430e-17
8462.000000 3.125130e-17
8464.000000 3.259210e-17
8466.000000 3.360230e-17
8468.000000 3.321810e-17
8470.000000 3.196520e-17
8472.000000 3.212620e-17
8474.000000 3.299030e-17
8476.000000 3.431630e-17
8478.000000 3.673030e-17
8480.000000 3.864690e-17
8482.000000 3.938010e-17
8484.000000 4.003310e-17
8486.000000 4.210010e-17
8488.000000 4.517680e-17
8490.000000 4.767880e-17
8492.000000 5.039670e-17
8494.000000 5.241850e-17
8496.000000 5.355280e-17
8498.000000 5.471070e-17
8500.000000 5.619280e-17
8502.000000 5.788520e-17
8504.000000 6.024450e-17
8506.000000 6.340000e-17
8508.000000 6.609540e-17
8510.000000 6.863600e-17
8512.000000 7.124120e-17
8514.000000 7.384350e-17
8516.000000 7.656840e-17
8518.000000 7.963920e-17
8520.000000 8.296820e-17
8522.000000 8.581220e-17
8524.000000 8.817170e-17
8526.000000 9.088990e-17
8528.000000 9.405670e-17
8530.000000 9.681550e-17
8532.000000 9.923880e-17
8534.000000 1.010330e-16
8536.000000 1.011950e-16
8538.000000 9.967690e-17
8540.000000 9.943780e-17
8542.000000 9.976990e-17
8544.000000 9.995250e-17
8546.000000 1.003280e-16
8548.000000 1.003170e-16
8550.000000 9.937520e-17
8552.000000 9.794480e-17
8554.000000 9.726500e-17
8556.000000 9.669550e-17
8558.000000 9.700110e-17
8560.000000 9.892450e-17
8562.000000 9.958230e-17
8564.000000 9.859650e-17
8566.000000 9.696960e-17
8568.000000 9.539390e-17
8570.000000 9.355440e-17
8572.000000 9.159020e-17
8574.000000 8.936110e-17
8576.000000 8.717970e-17
8578.000000 8.465500e-17
8580.000000 8.265310e-17
8582.000000 8.152550e-17
8584.000000 8.087110e-17
8586.000000 8.016030e-17
8588.000000 7.951570e-17
8590.000000 7.942350e-17
8592.000000 8.002510e-17
8594.000000 8.040060e-17
8596.000000 8.062880e-17
8598.000000 8.082160e-17
8600.000000 8.093770e-17
8602.000000 8.103350e-17
8604.000000 8.155520e-17
8606.000000 8.262680e-17
8608.000000 8.320370e-17
8610.000000 8.329010e-17
8612.000000 8.377610e-17
8614.000000 8.469990e-17
8616.000000 8.598180e-17
8618.000000 8.776720e-17
8620.000000 9.007620e-17
8622.000000 9.177580e-17
8624.000000 9.352910e-17
8626.000000 9.437950e-17
8628.000000 9.376200e-17
8630.000000 9.377360e-17
8632.000000 9.532290e-17
8634.000000 9.751090e-17
8636.000000 9.908360e-17
8638.000000 1.001370e-16
8640.000000 1.026630e-16
8642.000000 1.063830e-16
8644.000000 1.102570e-16
8646.000000 1.144740e-16
8648.000000 1.188600e-16
8650.000000 1.235020e-16
8652.000000 1.282730e-16
8654.000000 1.314380e-16
8656.000000 1.326870e-16
8658.000000 1.352180e-16
8660.000000 1.384860e-16
8662.000000 1.413700e-16
8664.000000 1.438680e-16
8666.000000 1.459170e-16
8668.000000 1.469370e-16
8670.000000 1.468390e-16
8672.000000 1.490340e-16
8674.000000 1.531830e-16
8676.000000 1.567820e-16
8678.000000 1.611130e-16
8680.000000 1.641340e-16
8682.000000 1.644980e-16
8684.000000 1.635720e-16
8686.000000 1.640340e-16
8688.000000 1.652680e-16
8690.000000 1.654420e-16
8692.000000 1.642320e-16
8694.000000 1.643440e-16
8696.000000 1.659510e-16
8698.000000 1.680830e-16
8700.000000 1.705010e-16
8702.000000 1.732750e-16
8704.000000 1.739690e-16
8706.000000 1.741780e-16
8708.000000 1.713170e-16
8710.000000 1.640390e-16
8712.000000 1.582360e-16
8714.000000 1.552100e-16
8716.000000 1.531160e-16
8718.000000 1.506410e-16
8720.000000 1.485650e-16
8722.000000 1.448970e-16
8724.000000 1.396010e-16
8726.000000 1.348540e-16
8728.000000 1.298020e-16
8730.000000 1.256220e-16
8732.000000 1.233490e-16
8734.000000 1.219790e-16
8736.000000 1.190580e-16
8738.000000 1.153860e-16
8740.000000 1.114110e-16
8742.000000 1.059330e-16
8744.000000 1.021720e-16
8746.000000 1.007620e-16
8748.000000 9.979430e-17
8750.000000 9.777010e-17
8752.000000 9.537840e-17
8754.000000 9.338570e-17
8756.000000 9.141680e-17
8758.000000 8.986030e-17
8760.000000 8.921290e-17
8762.000000 8.779580e-17
8764.000000 8.473900e-17
8766.000000 8.137400e-17
8768.000000 7.965340e-17
8770.000000 7.898060e-17
8772.000000 7.805780e-17
8774.000000 7.729300e-17
8776.000000 7.669820e-17
8778.000000 7.585080e-17
8780.000000 7.582050e-17
8782.000000 7.751750e-17
8784.000000 8.017260e-17
8786.000000 8.171290e-17
8788.000000 8.296590e-17
8790.000000 8.362220e-17
8792.000000 8.391100e-17
8794.000000 8.342430e-17
8796.000000 8.195460e-17
8798.000000 7.999480e-17
8800.000000 7.798520e-17
8802.000000 7.572380e-17
8804.000000 7.330640e-17
8806.000000 7.001040e-17
8808.000000 6.814340e-17
8810.000000 6.782060e-17
8812.000000 6.715700e-17
8814.000000 6.529990e-17
8816.000000 6.334490e-17
8818.000000 6.292840e-17
8820.000000 6.366850e-17
8822.000000 6.399040e-17
8824.000000 6.514530e-17
8826.000000 6.474700e-17
8828.000000 6.210990e-17
8830.000000 5.978350e-17
8832.000000 5.946130e-17
8834.000000 6.005860e-17
8836.000000 5.957320e-17
8838.000000 5.848050e-17
8840.000000 5.767960e-17
8842.000000 5.762640e-17
8844.000000 5.619600e-17
8846.000000 5.226770e-17
8848.000000 4.828360e-17
8850.000000 4.684590e-17
8852.000000 4.688850e-17
8854.000000 4.733060e-17
8856.000000 4.932600e-17
8858.000000 5.024050e-17
8860.000000 5.076230e-17
8862.000000 5.065830e-17
8864.000000 4.965460e-17
8866.000000 4.812540e-17
8868.000000 4.677530e-17
8870.000000 4.514540e-17
8872.000000 4.424680e-17
8874.000000 4.420680e-17
8876.000000 4.365360e-17
8878.000000 4.272330e-17
8880.000000 4.148410e-17
8882.000000 3.973940e-17
8884.000000 3.765600e-17
8886.000000 3.638290e-17
8888.000000 3.575870e-17
8890.000000 3.492310e-17
8892.000000 3.412150e-17
8894.000000 3.337270e-17
8896.000000 3.260650e-17
8898.000000 3.196880e-17
8900.000000 3.174430e-17
8902.000000 3.190760e-17
8904.000000 3.139820e-17
8906.000000 3.058900e-17
8908.000000 2.939230e-17
8910.000000 2.726280e-17
8912.000000 2.570180e-17
8914.000000 2.533900e-17
8916.000000 2.565180e-17
8918.000000 2.623660e-17
8920.000000 2.794060e-17
8922.000000 2.738040e-17
8924.000000 2.454510e-17
8926.000000 2.265740e-17
8928.000000 2.142860e-17
8930.000000 2.080960e-17
8932.000000 2.115760e-17
8934.000000 2.225960e-17
8936.000000 2.272160e-17
8938.000000 2.299500e-17
8940.000000 2.318440e-17
8942.000000 2.337630e-17
8944.000000 2.323790e-17
8946.000000 2.262570e-17
8948.000000 2.179050e-17
8950.000000 2.094640e-17
8952.000000 1.987600e-17
8954.000000 1.970930e-17
8956.000000 2.025760e-17
8958.000000 2.095310e-17
8960.000000 2.234430e-17
8962.000000 2.328100e-17
8964.000000 2.310360e-17
8966.000000 2.236860e-17
8968.000000 2.196900e-17
8970.000000 2.147970e-17
8972.000000 2.132150e-17
8974.000000 2.134580e-17
8976.000000 2.161610e-17
8978.000000 2.225390e-17
8980.000000 2.296880e-17
8982.000000 2.354080e-17
8984.000000 2.407390e-17
8986.000000 2.439950e-17
8988.000000 2.455740e-17
8990.000000 2.460750e-17
8992.000000 2.407810e-17
8994.000000 2.425250e-17
8996.000000 2.599020e-17
8998.000000 2.786280e-17
9000.000000 2.766260e-17
9002.000000 2.601190e-17
9004.000000 2.488620e-17
9006.000000 2.299670e-17
9008.000000 2.245420e-17
9010.000000 2.337740e-17
9012.000000 2.454090e-17
9014.000000 2.558730e-17
9016.000000 2.660610e-17
9018.000000 2.668340e-17
9020.000000 2.553910e-17
9022.000000 2.570510e-17
9024.000000 2.685240e-17
9026.000000 2.769060e-17
9028.000000 2.835040e-17
9030.000000 2.867010e-17
9032.000000 2.815450e-17
9034.000000 2.697420e-17
9036.000000 2.696760e-17
9038.000000 2.786440e-17
9040.000000 2.849820e-17
9042.000000 2.943770e-17
9044.000000 2.992100e-17
9046.000000 2.970750e-17
9048.000000 2.906850e-17
9050.000000 2.823740e-17
9052.000000 2.705980e-17
9054.000000 2.592800e-17
9056.000000 2.433380e-17
9058.000000 2.349360e-17
9060.000000 2.329550e-17
9062.000000 2.356510e-17
9064.000000 2.443840e-17
9066.000000 2.573100e-17
9068.000000 2.635010e-17
9070.000000 2.669070e-17
9072.000000 2.673910e-17
9074.000000 2.635820e-17
9076.000000 2.596530e-17
9078.000000 2.549470e-17
9080.000000 2.507260e-17
9082.000000 2.488220e-17
9084.000000 2.483750e-17
9086.000000 2.503070e-17
9088.000000 2.573300e-17
9090.000000 2.594290e-17
9092.000000 2.583040e-17
9094.000000 2.557240e-17
9096.000000 2.513560e-17
9098.000000 2.461520e-17
9100.000000 2.430180e-17
9102.000000 2.409470e-17
9104.000000 2.392750e-17
9106.000000 2.356150e-17
9108.000000 2.380710e-17
9110.000000 2.508130e-17
9112.000000 2.611060e-17
9114.000000 2.599960e-17
9116.000000 2.527200e-17
9118.000000 2.480910e-17
9120.000000 2.423560e-17
9122.000000 2.378510e-17
9124.000000 2.336800e-17
9126.000000 2.304560e-17
9128.000000 2.290510e-17
9130.000000 2.276580e-17
9132.000000 2.234270e-17
9134.000000 2.169400e-17
9136.000000 2.159860e-17
9138.000000 2.193200e-17
9140.000000 2.226500e-17
9142.000000 2.292660e-17
9144.000000 2.328420e-17
9146.000000 2.297960e-17
9148.000000 2.239260e-17
9150.000000 2.218800e-17
9152.000000 2.223780e-17
9154.000000 2.191720e-17
9156.000000 2.131840e-17
9158.000000 2.075010e-17
9160.000000 1.999520e-17
9162.000000 1.949610e-17
9164.000000 1.977730e-17
9166.000000 2.052870e-17
9168.000000 2.040850e-17
9170.000000 1.941040e-17
9172.000000 1.915780e-17
9174.000000 1.918320e-17
9176.000000 1.947660e-17
9178.000000 2.042870e-17
9180.000000 2.125290e-17
9182.000000 2.065430e-17
9184.000000 1.894260e-17
9186.000000 1.829100e-17
9188.000000 1.803170e-17
9190.000000 1.805010e-17
9192.000000 1.864050e-17
9194.000000 1.908850e-17
9196.000000 1.893470e-17
9198.000000 1.862260e-17
9200.000000 1.905100e-17
9202.000000 2.012700e-17
9204.000000 2.074050e-17
9206.000000 2.114970e-17
9208.000000 2.159760e-17
9210.000000 2.190620e-17
9212.000000 2.244480e-17
9214.000000 2.366760e-17
9216.000000 2.535010e-17
9218.000000 2.643870e-17
9220.000000 2.730960e-17
9222.000000 2.791060e-17
9224.000000 2.824120e-17
9226.000000 2.834350e-17
9228.000000 2.801520e-17
9230.000000 2.765140e-17
9232.000000 2.788750e-17
9234.000000 2.842640e-17
9236.000000 2.956430e-17
9238.000000 3.185700e-17
9240.000000 3.321590e-17
9242.000000 3.373610e-17
9244.000000 3.412700e-17
9246.000000 3.463900e-17
9248.000000 3.514010e-17
9250.000000 3.576390e-17
9252.000000 3.679020e-17
9254.000000 3.682780e-17
9256.000000 3.583290e-17
9258.000000 3.519810e-17
9260.000000 3.480730e-17
9262.000000 3.475320e-17
9264.000000 3.532910e-17
9266.000000 3.641380e-17
9268.000000 3.735380e-17
9270.000000 3.877420e-17
9272.000000 3.931390e-17
9274.000000 3.896290e-17
9276.000000 3.872640e-17
9278.000000 3.889540e-17
9280.000000 3.912510e-17
9282.000000 3.910400e-17
9284.000000 3.898390e-17
9286.000000 3.858090e-17
9288.000000 3.744920e-17
9290.000000 3.718810e-17
9292.000000 3.806660e-17
9294.000000 3.877440e-17
9296.000000 3.838840e-17
9298.000000 3.760300e-17
9300.000000 3.807340e-17
9302.000000 3.936430e-17
9304.000000 4.084190e-17
9306.000000 4.351700e-17
9308.000000 4.494820e-17
9310.000000 4.456270e-17
9312.000000 4.376110e-17
9314.000000 4.387380e-17
9316.000000 4.437710e-17
9318.000000 4.383170e-17
9320.000000 4.171940e-17
9322.000000 4.136290e-17
9324.000000 4.280840e-17
9326.000000 4.373990e-17
9328.000000 4.311180e-17
9330.000000 4.219850e-17
9332.000000 4.296310e-17
9334.000000 4.510280e-17
9336.000000 4.593790e-17
9338.000000 4.629550e-17
9340.000000 4.620650e-17
9342.000000 4.478060e-17
9344.000000 4.420530e-17
9346.000000 4.640790e-17
9348.000000 5.007170e-17
9350.000000 5.133610e-17
9352.000000 5.100340e-17
9354.000000 5.116680e-17
9356.000000 5.137010e-17
9358.000000 5.114220e-17
9360.000000 5.035820e-17
9362.000000 4.928170e-17
9364.000000 4.788960e-17
9366.000000 4.598090e-17
9368.000000 4.641790e-17
9370.000000 5.070040e-17
9372.000000 5.078570e-17
9374.000000 4.720710e-17
9376.000000 4.334630e-17
9378.000000 3.917380e-17
9380.000000 3.561480e-17
9382.000000 3.710580e-17
9384.000000 4.381090e-17
9386.000000 4.608130e-17
9388.000000 4.682780e-17
9390.000000 4.626310e-17
9392.000000 4.334040e-17
9394.000000 4.052520e-17
9396.000000 3.974000e-17
9398.000000 3.994440e-17
9400.000000 3.956180e-17
9402.000000 3.932160e-17
9404.000000 3.859890e-17
9406.000000 3.712950e-17
9408.000000 3.620280e-17
9410.000000 3.620840e-17
9412.000000 3.643240e-17
9414.000000 3.616760e-17
9416.000000 3.573580e-17
9418.000000 3.489100e-17
9420.000000 3.346240e-17
9422.000000 3.226690e-17
9424.000000 3.103390e-17
9426.000000 3.003940e-17
9428.000000 2.964340e-17
9430.000000 2.939960e-17
9432.000000 2.812340e-17
9434.000000 2.588070e-17
9436.000000 2.445570e-17
9438.000000 2.310760e-17
9440.000000 2.243610e-17
9442.000000 2.297670e-17
9444.000000 2.334840e-17
9446.000000 2.212200e-17
9448.000000 2.003810e-17
9450.000000 2.005330e-17
9452.000000 2.153870e-17
9454.000000 2.316940e-17
9456.000000 2.666670e-17
9458.000000 2.818580e-17
9460.000000 2.611800e-17
9462.000000 2.314430e-17
9464.000000 2.256480e-17
9466.000000 2.310460e-17
9468.000000 2.410760e-17
9470.000000 2.669340e-17
9472.000000 2.793240e-17
9474.000000 2.899660e-17
9476.000000 2.824250e-17
9478.000000 2.363870e-17
9480.000000 1.739070e-17
9482.000000 1.592920e-17
9484.000000 1.797030e-17
9486.000000 1.880710e-17
9488.000000 2.069830e-17
9490.000000 2.111440e-17
9492.000000 1.931810e-17
9494.000000 1.735420e-17
9496.000000 1.695460e-17
9498.000000 1.732760e-17
9500.000000 1.730100e-17
9502.000000 1.714010e-17
9504.000000 1.729170e-17
9506.000000 1.800870e-17
9508.000000 1.825290e-17
9510.000000 1.722190e-17
9512.000000 1.623060e-17
9514.000000 1.771500e-17
9516.000000 2.161220e-17
9518.000000 2.158640e-17
9520.000000 1.728080e-17
9522.000000 1.623340e-17
9524.000000 1.875480e-17
9526.000000 2.092480e-17
9528.000000 2.070470e-17
9530.000000 1.945050e-17
9532.000000 1.887290e-17
9534.000000 1.859170e-17
9536.000000 1.764240e-17
9538.000000 1.549830e-17
9540.000000 1.459130e-17
9542.000000 1.538080e-17
9544.000000 1.665480e-17
9546.000000 1.762450e-17
9548.000000 1.870340e-17
9550.000000 1.839150e-17
9552.000000 1.584680e-17
9554.000000 1.556030e-17
9556.000000 1.743000e-17
9558.000000 1.869000e-17
9560.000000 1.822380e-17
9562.000000 1.740260e-17
9564.000000 1.819910e-17
9566.000000 2.037670e-17
9568.000000 2.069070e-17
9570.000000 1.960140e-17
9572.000000 1.886210e-17
9574.000000 1.831420e-17
9576.000000 1.773400e-17
9578.000000 1.698560e-17
9580.000000 1.618000e-17
9582.000000 1.575960e-17
9584.000000 1.587840e-17
9586.000000 1.536020e-17
9588.000000 1.418570e-17
9590.000000 1.343540e-17
9592.000000 1.327160e-17
9594.000000 1.332710e-17
9596.000000 1.326200e-17
9598.000000 1.317750e-17
9600.000000 1.379630e-17
9602.000000 1.544220e-17
9604.000000 1.625550e-17
9606.000000 1.700380e-17
9608.000000 1.675780e-17
9610.000000 1.451030e-17
9612.000000 1.167060e-17
9614.000000 1.123630e-17
9616.000000 1.242280e-17
9618.000000 1.325300e-17
9620.000000 1.471720e-17
9622.000000 1.564020e-17
9624.000000 1.617930e-17
9626.000000 1.629300e-17
9628.000000 1.569930e-17
9630.000000 1.461680e-17
9632.000000 1.434600e-17
9634.000000 1.457820e-17
9636.000000 1.478880e-17
9638.000000 1.555050e-17
9640.000000 1.564710e-17
9642.000000 1.423530e-17
9644.000000 1.300430e-17
9646.000000 1.433090e-17
9648.000000 1.761230e-17
9650.000000 1.835420e-17
9652.000000 1.755120e-17
9654.000000 1.674450e-17
9656.000000 1.472730e-17
9658.000000 1.385100e-17
9660.000000 1.582430e-17
9662.000000 1.873390e-17
9664.000000 1.860240e-17
9666.000000 1.643060e-17
9668.000000 1.464590e-17
9670.000000 1.104920e-17
9672.000000 1.011380e-17
9674.000000 1.261060e-17
9676.000000 1.569950e-17
9678.000000 1.774860e-17
9680.000000 1.951530e-17
9682.000000 1.953820e-17
9684.000000 1.696470e-17
9686.000000 1.644390e-17
9688.000000 1.716010e-17
9690.000000 1.766070e-17
9692.000000 1.800770e-17
9694.000000 1.793240e-17
9696.000000 1.643310e-17
9698.000000 1.350300e-17
9700.000000 1.282940e-17
9702.000000 1.398900e-17
9704.000000 1.450860e-17
9706.000000 1.455790e-17
9708.000000 1.492360e-17
9710.000000 1.621660e-17
9712.000000 1.779170e-17
9714.000000 1.790770e-17
9716.000000 1.619690e-17
9718.000000 1.717170e-17
9720.000000 2.169870e-17
9722.000000 2.299400e-17
9724.000000 1.980870e-17
9726.000000 1.613020e-17
9728.000000 1.498650e-17
9730.000000 1.495650e-17
9732.000000 1.452170e-17
9734.000000 1.470440e-17
9736.000000 1.379410e-17
9738.000000 1.151950e-17
9740.000000 9.938510e-18
9742.000000 9.256350e-18
9744.000000 9.404430e-18
9746.000000 1.115210e-17
9748.000000 1.483560e-17
9750.000000 1.573340e-17
9752.000000 1.413290e-17
9754.000000 1.392170e-17
9756.000000 1.456110e-17
9758.000000 1.573610e-17
9760.000000 1.776970e-17
9762.000000 2.021170e-17
9764.000000 2.107530e-17
9766.000000 2.096840e-17
9768.000000 2.036700e-17
9770.000000 1.851440e-17
9772.000000 1.725060e-17
9774.000000 1.599440e-17
9776.000000 1.586140e-17
9778.000000 1.916380e-17
9780.000000 2.513100e-17
9782.000000 2.446600e-17
9784.000000 1.717010e-17
9786.000000 1.371910e-17
9788.000000 1.088420e-17
9790.000000 1.030390e-17
9792.000000 1.299450e-17
9794.000000 1.750560e-17
9796.000000 2.219590e-17
9798.000000 2.932010e-17
9800.000000 2.876240e-17
9802.000000 1.886410e-17
9804.000000 1.493160e-17
9806.000000 1.679560e-17
9808.000000 1.916510e-17
9810.000000 1.932150e-17
9812.000000 1.894620e-17
9814.000000 2.011610e-17
9816.000000 2.271280e-17
9818.000000 2.432590e-17
9820.000000 2.617540e-17
9822.000000 2.676900e-17
9824.000000 2.536930e-17
9826.000000 2.363100e-17
9828.000000 2.368560e-17
9830.000000 2.488020e-17
9832.000000 2.217570e-17
9834.000000 1.376010e-17
9836.000000 1.119160e-17
9838.000000 1.344640e-17
9840.000000 1.593450e-17
9842.000000 1.769280e-17
9844.000000 1.926140e-17
9846.000000 1.988950e-17
9848.000000 1.977490e-17
9850.000000 1.943430e-17
9852.000000 1.936140e-17
9854.000000 1.751120e-17
9856.000000 1.212980e-17
9858.000000 8.147380e-18
9860.000000 9.479420e-18
9862.000000 1.369780e-17
9864.000000 1.488570e-17
9866.000000 1.546860e-17
9868.000000 1.421730e-17
9870.000000 8.785600e-18
9872.000000 7.066790e-18
9874.000000 1.144330e-17
9876.000000 1.711540e-17
9878.000000 1.935430e-17
9880.000000 2.016780e-17
9882.000000 1.977210e-17
9884.000000 1.652850e-17
9886.000000 1.558310e-17
9888.000000 1.781600e-17
9890.000000 1.789370e-17
9892.000000 1.182390e-17
9894.000000 4.420010e-18
9896.000000 6.124770e-18
9898.000000 1.582570e-17
9900.000000 1.922280e-17
9902.000000 2.088930e-17
9904.000000 2.028670e-17
9906.000000 1.564670e-17
9908.000000 1.132730e-17
9910.000000 1.037140e-17
9912.000000 1.128060e-17
9914.000000 1.426540e-17
9916.000000 2.293010e-17
9918.000000 2.464060e-17
9920.000000 2.074760e-17
9922.000000 1.789530e-17
9924.000000 1.673960e-17
9926.000000 1.650850e-17
9928.000000 1.757460e-17
9930.000000 1.991660e-17
9932.000000 2.227620e-17
9934.000000 2.747070e-17
9936.000000 2.767570e-17
9938.000000 1.988440e-17
9940.000000 1.604990e-17
9942.000000 2.341340e-17
9944.000000 3.510040e-17
9946.000000 3.785520e-17
9948.000000 3.509770e-17
9950.000000 3.378420e-17
9952.000000 3.142080e-17
9954.000000 2.915820e-17
9956.000000 2.725840e-17
9958.000000 2.489970e-17
9960.000000 2.109300e-17
9962.000000 1.633220e-17
9964.000000 1.375400e-17
9966.000000 1.228370e-17
9968.000000 1.192400e-17
9970.000000 1.273110e-17
9972.000000 1.454370e-17
9974.000000 1.807850e-17
9976.000000 2.193480e-17
9978.000000 2.385790e-17
9980.000000 2.491100e-17
9982.000000 2.397520e-17
9984.000000 1.930880e-17
9986.000000 1.765050e-17
9988.000000 1.924250e-17
9990.000000 2.038710e-17
9992.000000 1.920470e-17
9994.000000 1.707480e-17
9996.000000 1.596510e-17
9998.000000 1.562250e-17
10000.000000 1.407110e-17
10002.000000 9.603410e-18
10004.000000 9.147730e-18
10006.000000 1.484140e-17
10008.000000 2.101400e-17
10010.000000 2.326270e-17
10012.000000 2.364520e-17
10014.000000 2.054470e-17
10016.000000 9.468200e-18
10018.000000 7.371380e-18
10020.000000 1.267090e-17
10022.000000 1.761770e-17
10024.000000 2.105320e-17
10026.000000 2.365910e-17
10028.000000 2.423010e-17
10030.000000 2.323510e-17
10032.000000 2.074620e-17
10034.000000 1.313340e-17
10036.000000 1.184460e-17
10038.000000 1.913230e-17
10040.000000 2.480260e-17
10042.000000 2.210890e-17
10044.000000 1.591020e-17
10046.000000 1.665030e-17
10048.000000 1.739040e-17
10050.000000 1.813060e-17
10052.000000 1.887070e-17
10054.000000 1.961080e-17
10056.000000 2.035090e-17
10058.000000 2.109110e-17
10060.000000 2.183120e-17
10062.000000 2.257130e-17
10064.000000 2.331140e-17
10066.000000 2.405150e-17
10068.000000 2.479170e-17
10070.000000 2.553180e-17
10072.000000 2.553180e-17
10074.000000 2.662520e-17
10076.000000 2.463470e-17
10078.000000 2.264410e-17
10080.000000 2.065360e-17
10082.000000 1.866310e-17
10084.000000 1.866310e-17
10086.000000 2.619900e-17
10088.000000 2.282930e-17
10090.000000 1.921820e-17
10092.000000 2.156430e-17
10094.000000 2.614700e-17
10096.000000 2.701730e-17
10098.000000 2.547790e-17
10100.000000 2.450450e-17
