3483.000000 8.843156e-15
3484.470000 8.801657e-15
3485.940000 8.107046e-15
3487.410000 7.851603e-15
3488.880000 7.811409e-15
3490.350000 7.601877e-15
3491.820000 7.388352e-15
3493.290000 7.849372e-15
3494.760000 7.830854e-15
3496.230000 7.702189e-15
3497.700000 8.171936e-15
3499.170000 7.985699e-15
3500.640000 7.749654e-15
3502.110000 7.579091e-15
3503.580000 7.399781e-15
3505.050000 7.514826e-15
3506.520000 7.494027e-15
3507.990000 7.795646e-15
3509.460000 7.642138e-15
3510.930000 7.291413e-15
3512.400000 7.708987e-15
3513.870000 7.112818e-15
3515.340000 6.981405e-15
3516.810000 7.310744e-15
3518.280000 7.482533e-15
3519.750000 7.587659e-15
3521.220000 7.554392e-15
3522.690000 7.754836e-15
3524.160000 7.600425e-15
3525.630000 7.744212e-15
3527.100000 7.839375e-15
3528.570000 7.793045e-15
3530.040000 7.638307e-15
3531.510000 7.472618e-15
3532.980000 7.476767e-15
3534.450000 7.720556e-15
3535.920000 7.953628e-15
3537.390000 8.025448e-15
3538.860000 8.308166e-15
3540.330000 8.350479e-15
3541.800000 8.099043e-15
3543.270000 8.086032e-15
3544.740000 8.278130e-15
3546.210000 8.022540e-15
3547.680000 7.980533e-15
3549.150000 8.021640e-15
3550.620000 7.785482e-15
3552.090000 7.938777e-15
3553.560000 7.979695e-15
3555.030000 7.874064e-15
3556.500000 7.951791e-15
3557.970000 8.124797e-15
3559.440000 7.754964e-15
3560.910000 8.186944e-15
3562.380000 8.726359e-15
3563.850000 8.420389e-15
3565.320000 8.331298e-15
3566.790000 8.087282e-15
3568.260000 7.905440e-15
3569.730000 8.129359e-15
3571.200000 8.134090e-15
3572.670000 7.757271e-15
3574.140000 8.230108e-15
3575.610000 8.520916e-15
3577.080000 8.120045e-15
3578.550000 8.334731e-15
3580.020000 8.446240e-15
3581.490000 8.667523e-15
3582.960000 8.840627e-15
3584.430000 8.974929e-15
3585.900000 8.598258e-15
3587.370000 8.500686e-15
3588.840000 8.508102e-15
3590.310000 8.116831e-15
3591.780000 8.646315e-15
3593.250000 8.671180e-15
3594.720000 8.549679e-15
3596.190000 8.288780e-15
3597.660000 8.115268e-15
3599.130000 8.248199e-15
3600.600000 8.167649e-15
3602.070000 8.134695e-15
3603.540000 8.383560e-15
3605.010000 8.482043e-15
3606.480000 8.480289e-15
3607.950000 8.303703e-15
3609.420000 8.137469e-15
3610.890000 8.092197e-15
3612.360000 7.984278e-15
3613.830000 7.662599e-15
3615.300000 8.199290e-15
3616.770000 8.375598e-15
3618.240000 8.212208e-15
3619.710000 8.346797e-15
3621.180000 8.289509e-15
3622.650000 8.318865e-15
3624.120000 8.410709e-15
3625.590000 8.412990e-15
3627.060000 8.235187e-15
3628.530000 8.145511e-15
3630.000000 8.302003e-15
3631.470000 8.678380e-15
3632.940000 8.445453e-15
3634.410000 8.464259e-15
3635.880000 8.515668e-15
3637.350000 8.174326e-15
3638.820000 8.313597e-15
3640.290000 8.110924e-15
3641.760000 8.226797e-15
3643.230000 8.363728e-15
3644.700000 7.974863e-15
3646.170000 7.935583e-15
3647.640000 8.255720e-15
3649.110000 8.376031e-15
3650.580000 8.183317e-15
3652.050000 8.041504e-15
3653.520000 8.050047e-15
3654.990000 8.073732e-15
3656.460000 7.856482e-15
3657.930000 7.824217e-15
3659.400000 7.835290e-15
3660.870000 7.711107e-15
3662.340000 7.662006e-15
3663.810000 7.567230e-15
3665.280000 7.696656e-15
3666.750000 7.366799e-15
3668.220000 7.594833e-15
3669.690000 7.393985e-15
3671.160000 7.183426e-15
3672.630000 7.655678e-15
3674.100000 7.453073e-15
3675.570000 7.407335e-15
3677.040000 7.335359e-15
3678.510000 7.186362e-15
3679.980000 7.298159e-15
3681.450000 7.243199e-15
3682.920000 7.188346e-15
3684.390000 7.572705e-15
3685.860000 7.496873e-15
3687.330000 7.228306e-15
3688.800000 7.573977e-15
3690.270000 7.706242e-15
3691.740000 7.681281e-15
3693.210000 7.627939e-15
3694.680000 7.759446e-15
3696.150000 7.774427e-15
3697.620000 7.793523e-15
3699.090000 8.031958e-15
3700.560000 8.161186e-15
3702.030000 8.202930e-15
3703.500000 8.056639e-15
3704.970000 8.386816e-15
3706.440000 8.611216e-15
3707.910000 8.683212e-15
3709.380000 8.453186e-15
3710.850000 8.762163e-15
3712.320000 9.027476e-15
3713.790000 9.006005e-15
3715.260000 8.918280e-15
3716.730000 9.141210e-15
3718.200000 9.571217e-15
3719.670000 9.618376e-15
3721.140000 9.891257e-15
3722.610000 9.855007e-15
3724.080000 9.737003e-15
3725.550000 1.006330e-14
3727.020000 1.037242e-14
3728.490000 1.031796e-14
3729.960000 1.049420e-14
3731.430000 1.049148e-14
3732.900000 1.063700e-14
3734.370000 1.075617e-14
3735.840000 1.050801e-14
3737.310000 1.057840e-14
3738.780000 1.072055e-14
3740.250000 1.082251e-14
3741.720000 1.080276e-14
3743.190000 1.061716e-14
3744.660000 1.070829e-14
3746.130000 1.096906e-14
3747.600000 1.094497e-14
3749.070000 1.092250e-14
3750.540000 1.123716e-14
3752.010000 1.110763e-14
3753.480000 1.084805e-14
3754.950000 1.098641e-14
3756.420000 1.106087e-14
3757.890000 1.128538e-14
3759.360000 1.121179e-14
3760.830000 1.121048e-14
3762.300000 1.120179e-14
3763.770000 1.125494e-14
3765.240000 1.143494e-14
3766.710000 1.155400e-14
3768.180000 1.159407e-14
3769.650000 1.152156e-14
3771.120000 1.155257e-14
3772.590000 1.165146e-14
3774.060000 1.152589e-14
3775.530000 1.181445e-14
3777.000000 1.186517e-14
3778.470000 1.148314e-14
3779.940000 1.139616e-14
3781.410000 1.166548e-14
3782.880000 1.148512e-14
3784.350000 1.177326e-14
3785.820000 1.168655e-14
3787.290000 1.124250e-14
3788.760000 1.182496e-14
3790.230000 1.175979e-14
3791.700000 1.142572e-14
3793.170000 1.150536e-14
3794.640000 1.162039e-14
3796.110000 1.115680e-14
3797.580000 1.101352e-14
3799.050000 1.078794e-14
3800.520000 1.068043e-14
3801.990000 1.032238e-14
3803.460000 1.044355e-14
3804.930000 1.048219e-14
3806.400000 1.028075e-14
3807.870000 1.025887e-14
3809.340000 1.017670e-14
3810.810000 1.006282e-14
3812.280000 9.787155e-15
3813.750000 9.665582e-15
3815.220000 9.540719e-15
3816.690000 9.511602e-15
3818.160000 9.412551e-15
3819.630000 9.328383e-15
3821.100000 9.451718e-15
3822.570000 9.184643e-15
3824.040000 9.026906e-15
3825.510000 9.172558e-15
3826.980000 9.147790e-15
3828.450000 8.857809e-15
3829.920000 8.785993e-15
3831.390000 8.693693e-15
3832.860000 8.703538e-15
3834.330000 8.710618e-15
3835.800000 8.794721e-15
3837.270000 8.566903e-15
3838.740000 8.534507e-15
3840.210000 8.738172e-15
3841.680000 8.647504e-15
3843.150000 8.591188e-15
3844.620000 8.307187e-15
3846.090000 8.231645e-15
3847.560000 8.354343e-15
3849.030000 8.477989e-15
3850.500000 8.296602e-15
3851.970000 8.132795e-15
3853.440000 8.368705e-15
3854.910000 8.397765e-15
3856.380000 8.350945e-15
3857.850000 8.199056e-15
3859.320000 8.116506e-15
3860.790000 8.276110e-15
3862.260000 8.388210e-15
3863.730000 8.442894e-15
3865.200000 8.507931e-15
3866.670000 8.448083e-15
3868.140000 8.643403e-15
3869.610000 8.804517e-15
3871.080000 8.918744e-15
3872.550000 8.729421e-15
3874.020000 8.571148e-15
3875.490000 8.543596e-15
3876.960000 8.629709e-15
3878.430000 8.580304e-15
3879.900000 8.577439e-15
3881.370000 8.562923e-15
3882.840000 8.646704e-15
3884.310000 8.629819e-15
3885.780000 8.563841e-15
3887.250000 8.449518e-15
3888.720000 8.496963e-15
3890.190000 8.322036e-15
3891.660000 8.345560e-15
3893.130000 8.319605e-15
3894.600000 8.320671e-15
3896.070000 8.353150e-15
3897.540000 8.342395e-15
3899.010000 8.538365e-15
3900.480000 8.724546e-15
3901.950000 9.243344e-15
3903.420000 9.446319e-15
3904.890000 9.066404e-15
3906.360000 8.907627e-15
3907.830000 8.988760e-15
3909.300000 9.095717e-15
3910.770000 9.218117e-15
3912.240000 9.182153e-15
3913.710000 9.344292e-15
3915.180000 9.548375e-15
3916.650000 9.540588e-15
3918.120000 9.731451e-15
3919.590000 9.863385e-15
3921.060000 9.823287e-15
3922.530000 1.001500e-14
3924.000000 9.712482e-15
3925.470000 9.637444e-15
3926.940000 9.745086e-15
3928.410000 9.756823e-15
3929.880000 9.726254e-15
3931.350000 9.738929e-15
3932.820000 9.776258e-15
3934.290000 9.932603e-15
3935.760000 9.952633e-15
3937.230000 1.016214e-14
3938.700000 1.039649e-14
3940.170000 1.034917e-14
3941.640000 1.019742e-14
3943.110000 1.042296e-14
3944.580000 1.023372e-14
3946.050000 1.015702e-14
3947.520000 1.031127e-14
3948.990000 1.041635e-14
3950.460000 1.048354e-14
3951.930000 1.069279e-14
3953.400000 1.076409e-14
3954.870000 1.067442e-14
3956.340000 1.058519e-14
3957.810000 1.086813e-14
3959.280000 1.095736e-14
3960.750000 1.085800e-14
3962.220000 1.085309e-14
3963.690000 1.076527e-14
3965.160000 1.098759e-14
3966.630000 1.108346e-14
3968.100000 1.082864e-14
3969.570000 1.110842e-14
3971.040000 1.129684e-14
3972.510000 1.115390e-14
3973.980000 1.126198e-14
3975.450000 1.161404e-14
3976.920000 1.142205e-14
3978.390000 1.128282e-14
3979.860000 1.152494e-14
3981.330000 1.159267e-14
3982.800000 1.157445e-14
3984.270000 1.162696e-14
3985.740000 1.159235e-14
3987.210000 1.165684e-14
3988.680000 1.182653e-14
3990.150000 1.176841e-14
3991.620000 1.173830e-14
3993.090000 1.172355e-14
3994.560000 1.172426e-14
3996.030000 1.186512e-14
3997.500000 1.196088e-14
3998.970000 1.187858e-14
4000.440000 1.168023e-14
4001.910000 1.158417e-14
4003.380000 1.160297e-14
4004.850000 1.153875e-14
4006.320000 1.150161e-14
4007.790000 1.136117e-14
4009.260000 1.131661e-14
4010.730000 1.124194e-14
4012.200000 1.143529e-14
4013.670000 1.143952e-14
4015.140000 1.131833e-14
4016.610000 1.153609e-14
4018.080000 1.152900e-14
4019.550000 1.141060e-14
4021.020000 1.128481e-14
4022.490000 1.140371e-14
4023.960000 1.164041e-14
4025.430000 1.153530e-14
4026.900000 1.138639e-14
4028.370000 1.152510e-14
4029.840000 1.151232e-14
4031.310000 1.144071e-14
4032.780000 1.148730e-14
4034.250000 1.125385e-14
4035.720000 1.150758e-14
4037.190000 1.146726e-14
4038.660000 1.181828e-14
4040.130000 1.180412e-14
4041.600000 1.155720e-14
4043.070000 1.182123e-14
4044.540000 1.170944e-14
4046.010000 1.177533e-14
4047.480000 1.191902e-14
4048.950000 1.198068e-14
4050.420000 1.189007e-14
4051.890000 1.176467e-14
4053.360000 1.206479e-14
4054.830000 1.222905e-14
4056.300000 1.228001e-14
4057.770000 1.213652e-14
4059.240000 1.205200e-14
4060.710000 1.221291e-14
4062.180000 1.235716e-14
4063.650000 1.219784e-14
4065.120000 1.197136e-14
4066.590000 1.211323e-14
4068.060000 1.228949e-14
4069.530000 1.216011e-14
4071.000000 1.204247e-14
4072.470000 1.183079e-14
4073.940000 1.169910e-14
4075.410000 1.177454e-14
4076.880000 1.158056e-14
4078.350000 1.142375e-14
4079.820000 1.128758e-14
4081.290000 1.134472e-14
4082.760000 1.109136e-14
4084.230000 1.088036e-14
4085.700000 1.086564e-14
4087.170000 1.075323e-14
4088.640000 1.061978e-14
4090.110000 1.056550e-14
4091.580000 1.055374e-14
4093.050000 1.049002e-14
4094.520000 1.044365e-14
4095.990000 1.045749e-14
4097.460000 1.041870e-14
4098.930000 1.033947e-14
4100.400000 1.032329e-14
4101.870000 1.034699e-14
4103.340000 1.045927e-14
4104.810000 1.064027e-14
4106.280000 1.075427e-14
4107.750000 1.071173e-14
4109.220000 1.056521e-14
4110.690000 1.067479e-14
4112.160000 1.098481e-14
4113.630000 1.091067e-14
4115.100000 1.058339e-14
4116.570000 1.066197e-14
4118.040000 1.076580e-14
4119.510000 1.081939e-14
4120.980000 1.100519e-14
4122.450000 1.095950e-14
4123.920000 1.088880e-14
4125.390000 1.097509e-14
4126.860000 1.100411e-14
4128.330000 1.089896e-14
4129.800000 1.112872e-14
4131.270000 1.113899e-14
4132.740000 1.116970e-14
4134.210000 1.124796e-14
4135.680000 1.128572e-14
4137.150000 1.128590e-14
4138.620000 1.123012e-14
4140.090000 1.109676e-14
4141.560000 1.107496e-14
4143.030000 1.114483e-14
4144.500000 1.117918e-14
4145.970000 1.110809e-14
4147.440000 1.097052e-14
4148.910000 1.102243e-14
4150.380000 1.114138e-14
4151.850000 1.105796e-14
4153.320000 1.098858e-14
4154.790000 1.086090e-14
4156.260000 1.099712e-14
4157.730000 1.094393e-14
4159.200000 1.081892e-14
4160.670000 1.078663e-14
4162.140000 1.075864e-14
4163.610000 1.085611e-14
4165.080000 1.078714e-14
4166.550000 1.070417e-14
4168.020000 1.061954e-14
4169.490000 1.052967e-14
4170.960000 1.058723e-14
4172.430000 1.064629e-14
4173.900000 1.087042e-14
4175.370000 1.089137e-14
4176.840000 1.079446e-14
4178.310000 1.091307e-14
4179.780000 1.076407e-14
4181.250000 1.051123e-14
4182.720000 1.047435e-14
4184.190000 1.038656e-14
4185.660000 1.037724e-14
4187.130000 1.031283e-14
4188.600000 1.022389e-14
4190.070000 1.016484e-14
4191.540000 9.969592e-15
4193.010000 9.861065e-15
4194.480000 9.817075e-15
4195.950000 9.645544e-15
4197.420000 9.372371e-15
4198.890000 9.167429e-15
4200.360000 9.164228e-15
4201.830000 9.097656e-15
4203.300000 8.798603e-15
4204.770000 8.669201e-15
4206.240000 8.569118e-15
4207.710000 8.367082e-15
4209.180000 8.292092e-15
4210.650000 8.195018e-15
4212.120000 8.148360e-15
4213.590000 8.171729e-15
4215.060000 8.118366e-15
4216.530000 8.068477e-15
4218.000000 7.946608e-15
4219.470000 7.749258e-15
4220.940000 7.784366e-15
4222.410000 7.817289e-15
4223.880000 7.656698e-15
4225.350000 7.646465e-15
4226.820000 7.632668e-15
4228.290000 7.640830e-15
4229.760000 7.667006e-15
4231.230000 7.704277e-15
4232.700000 7.712951e-15
4234.170000 7.531856e-15
4235.640000 7.396578e-15
4237.110000 7.346986e-15
4238.580000 7.356375e-15
4240.050000 7.440501e-15
4241.520000 7.391283e-15
4242.990000 7.458781e-15
4244.460000 7.490536e-15
4245.930000 7.383615e-15
4247.400000 7.420000e-15
4248.870000 7.466846e-15
4250.340000 7.536760e-15
4251.810000 7.503760e-15
4253.280000 7.526412e-15
4254.750000 7.618188e-15
4256.220000 7.747888e-15
4257.690000 7.820300e-15
4259.160000 7.919771e-15
4260.630000 8.021642e-15
4262.100000 8.090628e-15
4263.570000 8.100621e-15
4265.040000 8.158121e-15
4266.510000 8.305862e-15
4267.980000 8.376507e-15
4269.450000 8.541865e-15
4270.920000 8.728573e-15
4272.390000 8.814925e-15
4273.860000 8.832805e-15
4275.330000 8.975523e-15
4276.800000 8.998542e-15
4278.270000 9.042993e-15
4279.740000 9.254863e-15
4281.210000 9.271049e-15
4282.680000 9.252133e-15
4284.150000 9.353822e-15
4285.620000 9.453549e-15
4287.090000 9.401023e-15
4288.560000 9.574525e-15
4290.030000 9.598305e-15
4291.500000 9.532848e-15
4292.970000 9.513090e-15
4294.440000 9.449292e-15
4295.910000 9.493091e-15
4297.380000 9.568451e-15
4298.850000 9.453237e-15
4300.320000 9.460717e-15
4301.790000 9.395678e-15
4303.260000 9.331389e-15
4304.730000 9.281802e-15
4306.200000 9.238068e-15
4307.670000 9.335676e-15
4309.140000 9.366843e-15
4310.610000 9.327624e-15
4312.080000 9.271475e-15
4313.550000 9.346371e-15
4315.020000 9.409475e-15
4316.490000 9.420267e-15
4317.960000 9.487188e-15
4319.430000 9.465153e-15
4320.900000 9.504271e-15
4322.370000 9.582361e-15
4323.840000 9.499279e-15
4325.310000 9.425915e-15
4326.780000 9.410582e-15
4328.250000 9.513753e-15
4329.720000 9.615432e-15
4331.190000 9.659003e-15
4332.660000 9.930919e-15
4334.130000 9.954706e-15
4335.600000 9.726767e-15
4337.070000 9.790887e-15
4338.540000 9.969370e-15
4340.010000 9.970488e-15
4341.480000 9.955470e-15
4342.950000 9.964374e-15
4344.420000 9.822582e-15
4345.890000 9.889383e-15
4347.360000 1.001412e-14
4348.830000 9.915242e-15
4350.300000 9.933990e-15
4351.770000 9.992387e-15
4353.240000 9.893339e-15
4354.710000 9.909235e-15
4356.180000 1.011943e-14
4357.650000 1.025037e-14
4359.120000 1.008917e-14
4360.590000 9.758219e-15
4362.060000 9.805781e-15
4363.530000 1.015404e-14
4365.000000 1.003200e-14
4366.470000 9.713009e-15
4367.940000 9.783701e-15
4369.410000 9.779731e-15
4370.880000 9.720411e-15
4372.350000 9.885505e-15
4373.820000 9.848979e-15
4375.290000 9.676651e-15
4376.760000 9.720171e-15
4378.230000 9.783949e-15
4379.700000 9.711480e-15
4381.170000 9.573032e-15
4382.640000 9.548642e-15
4384.110000 9.669116e-15
4385.580000 9.673442e-15
4387.050000 9.659876e-15
4388.520000 9.779794e-15
4389.990000 9.739082e-15
4391.460000 9.621969e-15
4392.930000 9.610767e-15
4394.400000 9.614358e-15
4395.870000 9.755236e-15
4397.340000 9.712429e-15
4398.810000 9.673489e-15
4400.280000 9.655578e-15
4401.750000 9.614948e-15
4403.220000 9.656682e-15
4404.690000 9.623735e-15
4406.160000 9.608290e-15
4407.630000 9.629216e-15
4409.100000 9.515473e-15
4410.570000 9.548115e-15
4412.040000 9.518522e-15
4413.510000 9.499882e-15
4414.980000 9.535955e-15
4416.450000 9.476410e-15
4417.920000 9.564113e-15
4419.390000 9.610299e-15
4420.860000 9.495533e-15
4422.330000 9.495854e-15
4423.800000 9.488833e-15
4425.270000 9.385520e-15
4426.740000 9.404889e-15
4428.210000 9.320568e-15
4429.680000 9.206990e-15
4431.150000 9.204157e-15
4432.620000 9.079248e-15
4434.090000 8.915170e-15
4435.560000 8.910196e-15
4437.030000 9.066669e-15
4438.500000 9.102350e-15
4439.970000 9.041763e-15
4441.440000 8.848654e-15
4442.910000 8.741445e-15
4444.380000 8.725362e-15
4445.850000 8.674916e-15
4447.320000 8.655357e-15
4448.790000 8.627935e-15
4450.260000 8.520016e-15
4451.730000 8.389389e-15
4453.200000 8.332585e-15
4454.670000 8.289153e-15
4456.140000 8.278681e-15
4457.610000 8.315291e-15
4459.080000 8.295828e-15
4460.550000 8.154343e-15
4462.020000 8.151139e-15
4463.490000 8.104095e-15
4464.960000 8.109290e-15
4466.430000 8.043820e-15
4467.900000 7.991129e-15
4469.370000 8.042616e-15
4470.840000 7.936391e-15
4472.310000 7.902219e-15
4473.780000 7.887778e-15
4475.250000 7.937294e-15
4476.720000 8.009860e-15
4478.190000 7.954232e-15
4479.660000 7.890543e-15
4481.130000 7.980094e-15
4482.600000 8.021176e-15
4484.070000 8.115675e-15
4485.540000 8.166996e-15
4487.010000 8.205733e-15
4488.480000 8.240560e-15
4489.950000 8.187736e-15
4491.420000 8.225877e-15
4492.890000 8.357531e-15
4494.360000 8.321282e-15
4495.830000 8.387657e-15
4497.300000 8.558216e-15
4498.770000 8.499202e-15
4500.240000 8.563217e-15
4501.710000 8.657402e-15
4503.180000 8.695067e-15
4504.650000 8.659571e-15
4506.120000 8.779864e-15
4507.590000 8.984251e-15
4509.060000 8.976218e-15
4510.530000 9.054766e-15
4512.000000 9.187413e-15
4513.470000 9.280153e-15
4514.940000 9.417059e-15
4516.410000 9.503606e-15
4517.880000 9.435993e-15
4519.350000 9.444600e-15
4520.820000 9.545453e-15
4522.290000 9.682906e-15
4523.760000 9.813402e-15
4525.230000 9.906149e-15
4526.700000 9.901755e-15
4528.170000 1.002010e-14
4529.640000 1.000556e-14
4531.110000 9.855625e-15
4532.580000 9.937666e-15
4534.050000 9.990857e-15
4535.520000 9.900039e-15
4536.990000 1.001335e-14
4538.460000 1.016081e-14
4539.930000 1.014474e-14
4541.400000 1.008423e-14
4542.870000 1.019718e-14
4544.340000 1.022458e-14
4545.810000 1.025456e-14
4547.280000 1.044171e-14
4548.750000 1.039721e-14
4550.220000 1.044175e-14
4551.690000 1.061427e-14
4553.160000 1.055241e-14
4554.630000 1.049640e-14
4556.100000 1.057023e-14
4557.570000 1.069093e-14
4559.040000 1.059573e-14
4560.510000 1.055595e-14
4561.980000 1.063195e-14
4563.450000 1.057752e-14
4564.920000 1.051991e-14
4566.390000 1.062269e-14
4567.860000 1.065903e-14
4569.330000 1.071201e-14
4570.800000 1.079984e-14
4572.270000 1.075737e-14
4573.740000 1.078429e-14
4575.210000 1.080350e-14
4576.680000 1.067880e-14
4578.150000 1.078679e-14
4579.620000 1.100895e-14
4581.090000 1.097666e-14
4582.560000 1.094711e-14
4584.030000 1.103720e-14
4585.500000 1.111354e-14
4586.970000 1.106709e-14
4588.440000 1.101404e-14
4589.910000 1.110488e-14
4591.380000 1.104028e-14
4592.850000 1.112152e-14
4594.320000 1.119976e-14
4595.790000 1.107777e-14
4597.260000 1.112952e-14
4598.730000 1.116458e-14
4600.200000 1.115381e-14
4601.670000 1.131238e-14
4603.140000 1.128340e-14
4604.610000 1.116566e-14
4606.080000 1.123823e-14
4607.550000 1.121466e-14
4609.020000 1.133822e-14
4610.490000 1.154721e-14
4611.960000 1.144607e-14
4613.430000 1.126361e-14
4614.900000 1.115401e-14
4616.370000 1.111094e-14
4617.840000 1.106535e-14
4619.310000 1.098548e-14
4620.780000 1.100344e-14
4622.250000 1.102692e-14
4623.720000 1.105772e-14
4625.190000 1.106299e-14
4626.660000 1.096326e-14
4628.130000 1.081190e-14
4629.600000 1.088772e-14
4631.070000 1.102912e-14
4632.540000 1.100026e-14
4634.010000 1.098498e-14
4635.480000 1.099784e-14
4636.950000 1.094047e-14
4638.420000 1.077269e-14
4639.890000 1.068586e-14
4641.360000 1.081507e-14
4642.830000 1.086082e-14
4644.300000 1.068577e-14
4645.770000 1.057886e-14
4647.240000 1.062811e-14
4648.710000 1.072875e-14
4650.180000 1.068330e-14
4651.650000 1.059676e-14
4653.120000 1.069494e-14
4654.590000 1.063967e-14
4656.060000 1.049990e-14
4657.530000 1.055878e-14
4659.000000 1.052468e-14
4660.470000 1.045066e-14
4661.940000 1.044659e-14
4663.410000 1.034562e-14
4664.880000 1.023392e-14
4666.350000 1.014500e-14
4667.820000 9.938099e-15
4669.290000 9.883771e-15
4670.760000 9.993306e-15
4672.230000 9.917567e-15
4673.700000 9.891332e-15
4675.170000 9.844484e-15
4676.640000 9.771870e-15
4678.110000 9.763374e-15
4679.580000 9.659658e-15
4681.050000 9.641433e-15
4682.520000 9.668896e-15
4683.990000 9.542728e-15
4685.460000 9.398192e-15
4686.930000 9.419547e-15
4688.400000 9.387383e-15
4689.870000 9.386055e-15
4691.340000 9.400282e-15
4692.810000 9.313127e-15
4694.280000 9.345518e-15
4695.750000 9.334721e-15
4697.220000 9.175261e-15
4698.690000 9.131275e-15
4700.160000 9.146277e-15
4701.630000 9.050220e-15
4703.100000 8.919328e-15
4704.570000 8.949574e-15
4706.040000 8.983190e-15
4707.510000 8.897093e-15
4708.980000 8.943578e-15
4710.450000 8.828419e-15
4711.920000 8.556792e-15
4713.390000 8.536808e-15
4714.860000 8.545886e-15
4716.330000 8.495571e-15
4717.800000 8.490619e-15
4719.270000 8.487820e-15
4720.740000 8.439492e-15
4722.210000 8.372382e-15
4723.680000 8.376982e-15
4725.150000 8.422229e-15
4726.620000 8.260200e-15
4728.090000 8.203522e-15
4729.560000 8.265241e-15
4731.030000 8.200071e-15
4732.500000 8.103648e-15
4733.970000 7.984445e-15
4735.440000 7.936143e-15
4736.910000 7.847346e-15
4738.380000 7.729651e-15
4739.850000 7.602969e-15
4741.320000 7.448994e-15
4742.790000 7.388823e-15
4744.260000 7.310034e-15
4745.730000 7.248074e-15
4747.200000 7.317587e-15
4748.670000 7.301054e-15
4750.140000 7.150748e-15
4751.610000 7.049091e-15
4753.080000 7.053997e-15
4754.550000 7.001906e-15
4756.020000 7.055741e-15
4757.490000 7.078328e-15
4758.960000 6.920934e-15
4760.430000 6.913970e-15
4761.900000 6.983646e-15
4763.370000 7.004119e-15
4764.840000 6.967816e-15
4766.310000 6.967038e-15
4767.780000 6.983707e-15
4769.250000 6.969003e-15
4770.720000 6.968616e-15
4772.190000 7.063006e-15
4773.660000 7.236005e-15
4775.130000 7.273940e-15
4776.600000 7.330337e-15
4778.070000 7.559133e-15
4779.540000 7.611522e-15
4781.010000 7.568287e-15
4782.480000 7.744238e-15
4783.950000 7.942717e-15
4785.420000 8.071962e-15
4786.890000 8.216341e-15
4788.360000 8.265656e-15
4789.830000 8.448440e-15
4791.300000 8.628054e-15
4792.770000 8.623617e-15
4794.240000 8.633268e-15
4795.710000 8.761383e-15
4797.180000 9.040203e-15
4798.650000 9.275702e-15
4800.120000 9.396072e-15
4801.590000 9.444603e-15
4803.060000 9.540298e-15
4804.530000 9.633016e-15
4806.000000 9.683789e-15
4807.470000 9.755938e-15
4808.940000 9.951828e-15
4810.410000 1.012863e-14
4811.880000 1.011593e-14
4813.350000 1.008387e-14
4814.820000 1.010292e-14
4816.290000 1.019826e-14
4817.760000 1.036296e-14
4819.230000 1.047304e-14
4820.700000 1.051615e-14
4822.170000 1.054949e-14
4823.640000 1.055919e-14
4825.110000 1.063793e-14
4826.580000 1.068768e-14
4828.050000 1.070600e-14
4829.520000 1.087558e-14
4830.990000 1.100023e-14
4832.460000 1.095093e-14
4833.930000 1.090221e-14
4835.400000 1.097554e-14
4836.870000 1.107286e-14
4838.340000 1.110374e-14
4839.810000 1.109457e-14
4841.280000 1.109929e-14
4842.750000 1.110685e-14
4844.220000 1.111468e-14
4845.690000 1.107313e-14
4847.160000 1.104936e-14
4848.630000 1.111406e-14
4850.100000 1.123067e-14
4851.570000 1.124649e-14
4853.040000 1.127477e-14
4854.510000 1.136960e-14
4855.980000 1.139922e-14
4857.450000 1.141101e-14
4858.920000 1.145434e-14
4860.390000 1.147460e-14
4861.860000 1.154281e-14
4863.330000 1.159699e-14
4864.800000 1.165409e-14
4866.270000 1.172096e-14
4867.740000 1.175965e-14
4869.210000 1.185677e-14
4870.680000 1.182111e-14
4872.150000 1.170859e-14
4873.620000 1.175951e-14
4875.090000 1.174876e-14
4876.560000 1.175976e-14
4878.030000 1.192140e-14
4879.500000 1.195854e-14
4880.970000 1.186306e-14
4882.440000 1.193005e-14
4883.910000 1.207841e-14
4885.380000 1.193711e-14
4886.850000 1.177669e-14
4888.320000 1.178665e-14
4889.790000 1.176104e-14
4891.260000 1.169361e-14
4892.730000 1.164162e-14
4894.200000 1.164413e-14
4895.670000 1.170500e-14
4897.140000 1.164853e-14
4898.610000 1.148094e-14
4900.080000 1.143613e-14
4901.550000 1.140323e-14
4903.020000 1.130217e-14
4904.490000 1.118268e-14
4905.960000 1.110077e-14
4907.430000 1.112540e-14
4908.900000 1.104180e-14
4910.370000 1.078719e-14
4911.840000 1.074628e-14
4913.310000 1.078722e-14
4914.780000 1.063831e-14
4916.250000 1.050375e-14
4917.720000 1.047867e-14
4919.190000 1.046505e-14
4920.660000 1.043662e-14
4922.130000 1.032724e-14
4923.600000 1.020844e-14
4925.070000 1.018255e-14
4926.540000 1.011333e-14
4928.010000 1.002649e-14
4929.480000 9.925291e-15
4930.950000 9.849046e-15
4932.420000 9.931191e-15
4933.890000 1.002179e-14
4935.360000 9.948392e-15
4936.830000 9.757630e-15
4938.300000 9.665821e-15
4939.770000 9.720525e-15
4941.240000 9.739461e-15
4942.710000 9.726721e-15
4944.180000 9.711329e-15
4945.650000 9.701765e-15
4947.120000 9.689844e-15
4948.590000 9.633356e-15
4950.060000 9.653950e-15
4951.530000 9.767580e-15
4953.000000 9.808844e-15
4954.470000 9.809477e-15
4955.940000 9.809640e-15
4957.410000 9.715857e-15
4958.880000 9.674886e-15
4960.350000 9.763863e-15
4961.820000 9.800739e-15
4963.290000 9.690204e-15
4964.760000 9.659772e-15
4966.230000 9.724167e-15
4967.700000 9.669560e-15
4969.170000 9.606307e-15
4970.640000 9.676413e-15
4972.110000 9.683009e-15
4973.580000 9.513618e-15
4975.050000 9.482434e-15
4976.520000 9.533576e-15
4977.990000 9.538118e-15
4979.460000 9.536614e-15
4980.930000 9.465290e-15
4982.400000 9.496289e-15
4983.870000 9.507902e-15
4985.340000 9.422370e-15
4986.810000 9.484953e-15
4988.280000 9.492635e-15
4989.750000 9.413032e-15
4991.220000 9.433305e-15
4992.690000 9.501716e-15
4994.160000 9.467405e-15
4995.630000 9.407714e-15
4997.100000 9.405121e-15
4998.570000 9.328859e-15
5000.040000 9.283532e-15
5001.510000 9.376376e-15
5002.980000 9.405393e-15
5004.450000 9.362564e-15
5005.920000 9.302899e-15
5007.390000 9.239707e-15
5008.860000 9.257069e-15
5010.330000 9.289983e-15
5011.800000 9.236228e-15
5013.270000 9.167587e-15
5014.740000 9.108955e-15
5016.210000 9.051422e-15
5017.680000 9.052750e-15
5019.150000 9.076771e-15
5020.620000 9.043918e-15
5022.090000 8.967776e-15
5023.560000 8.920860e-15
5025.030000 8.982563e-15
5026.500000 8.965464e-15
5027.970000 8.749325e-15
5029.440000 8.668228e-15
5030.910000 8.674377e-15
5032.380000 8.653143e-15
5033.850000 8.702822e-15
5035.320000 8.713317e-15
5036.790000 8.700882e-15
5038.260000 8.723206e-15
5039.730000 8.679291e-15
5041.200000 8.521325e-15
5042.670000 8.446193e-15
5044.140000 8.465132e-15
5045.610000 8.472582e-15
5047.080000 8.475610e-15
5048.550000 8.486919e-15
5050.020000 8.517915e-15
5051.490000 8.464076e-15
5052.960000 8.408985e-15
5054.430000 8.364589e-15
5055.900000 8.213900e-15
5057.370000 8.150887e-15
5058.840000 8.168076e-15
5060.310000 8.125340e-15
5061.780000 8.124661e-15
5063.250000 8.092782e-15
5064.720000 8.047940e-15
5066.190000 8.017283e-15
5067.660000 7.943781e-15
5069.130000 7.929106e-15
5070.600000 7.937392e-15
5072.070000 7.938521e-15
5073.540000 7.878362e-15
5075.010000 7.781167e-15
5076.480000 7.778032e-15
5077.950000 7.714488e-15
5079.420000 7.681204e-15
5080.890000 7.689355e-15
5082.360000 7.566451e-15
5083.830000 7.457300e-15
5085.300000 7.470377e-15
5086.770000 7.521217e-15
5088.240000 7.525773e-15
5089.710000 7.557198e-15
5091.180000 7.621751e-15
5092.650000 7.615882e-15
5094.120000 7.588369e-15
5095.590000 7.505895e-15
5097.060000 7.551230e-15
5098.530000 7.632102e-15
5100.000000 7.576625e-15
5101.470000 7.600388e-15
5102.940000 7.703336e-15
5104.410000 7.763210e-15
5105.880000 7.679420e-15
5107.350000 7.612532e-15
5108.820000 7.703998e-15
5110.290000 7.706271e-15
5111.760000 7.678764e-15
5113.230000 7.711040e-15
5114.700000 7.681894e-15
5116.170000 7.677788e-15
5117.640000 7.803194e-15
5119.110000 7.811562e-15
5120.580000 7.724183e-15
5122.050000 7.683950e-15
5123.520000 7.689669e-15
5124.990000 7.671198e-15
5126.460000 7.630372e-15
5127.930000 7.719221e-15
5129.400000 7.742092e-15
5130.870000 7.735377e-15
5132.340000 7.871149e-15
5133.810000 7.797797e-15
5135.280000 7.677448e-15
5136.750000 7.742940e-15
5138.220000 7.918062e-15
5139.690000 7.831168e-15
5141.160000 7.796921e-15
5142.630000 7.883661e-15
5144.100000 7.846003e-15
5145.570000 7.890578e-15
5147.040000 7.923166e-15
5148.510000 7.849281e-15
5149.980000 7.882219e-15
5151.450000 7.946208e-15
5152.920000 7.919217e-15
5154.390000 8.023693e-15
5155.860000 8.055222e-15
5157.330000 7.939382e-15
5158.800000 7.900512e-15
5160.270000 8.002276e-15
5161.740000 7.996549e-15
5163.210000 7.918431e-15
5164.680000 7.943610e-15
5166.150000 8.084790e-15
5167.620000 8.036667e-15
5169.090000 7.988205e-15
5170.560000 8.018086e-15
5172.030000 7.966692e-15
5173.500000 7.941176e-15
5174.970000 7.933511e-15
5176.440000 7.974241e-15
5177.910000 8.043578e-15
5179.380000 8.091210e-15
5180.850000 8.081221e-15
5182.320000 8.137081e-15
5183.790000 8.191814e-15
5185.260000 8.249766e-15
5186.730000 8.235954e-15
5188.200000 8.191810e-15
5189.670000 8.191684e-15
5191.140000 8.229879e-15
5192.610000 8.214515e-15
5194.080000 8.251523e-15
5195.550000 8.310450e-15
5197.020000 8.324210e-15
5198.490000 8.202202e-15
5199.960000 8.199344e-15
5201.430000 8.265679e-15
5202.900000 8.305355e-15
5204.370000 8.360831e-15
5205.840000 8.291024e-15
5207.310000 8.322482e-15
5208.780000 8.236746e-15
5210.250000 8.205972e-15
5211.720000 8.247077e-15
5213.190000 8.350861e-15
5214.660000 8.440939e-15
5216.130000 8.409154e-15
5217.600000 8.297920e-15
5219.070000 8.164056e-15
5220.540000 8.179675e-15
5222.010000 8.277407e-15
5223.480000 8.236346e-15
5224.950000 8.220657e-15
5226.420000 8.215486e-15
5227.890000 8.227983e-15
5229.360000 8.233868e-15
5230.830000 8.132315e-15
5232.300000 8.112119e-15
5233.770000 8.074343e-15
5235.240000 8.062977e-15
5236.710000 8.143244e-15
5238.180000 8.197238e-15
5239.650000 8.162744e-15
5241.120000 8.010545e-15
5242.590000 8.081209e-15
5244.060000 8.266712e-15
5245.530000 8.173967e-15
5247.000000 8.143422e-15
5248.470000 8.134167e-15
5249.940000 8.080731e-15
5251.410000 8.259185e-15
5252.880000 8.392799e-15
5254.350000 8.307974e-15
5255.820000 8.280276e-15
5257.290000 8.298575e-15
5258.760000 8.380505e-15
5260.230000 8.401319e-15
5261.700000 8.321216e-15
5263.170000 8.328055e-15
5264.640000 8.423860e-15
5266.110000 8.400249e-15
5267.580000 8.450262e-15
5269.050000 8.489174e-15
5270.520000 8.380037e-15
5271.990000 8.413886e-15
5273.460000 8.369733e-15
5274.930000 8.336674e-15
5276.400000 8.300886e-15
5277.870000 8.300246e-15
5279.340000 8.342506e-15
5280.810000 8.368033e-15
5282.280000 8.277506e-15
5283.750000 8.307424e-15
5285.220000 8.259281e-15
5286.690000 8.292904e-15
5288.160000 8.356351e-15
5289.630000 8.366389e-15
5291.100000 8.371337e-15
5292.570000 8.322422e-15
5294.040000 8.302183e-15
5295.510000 8.267950e-15
5296.980000 8.346829e-15
5298.450000 8.418446e-15
5299.920000 8.294431e-15
5301.390000 8.252678e-15
5302.860000 8.270382e-15
5304.330000 8.227566e-15
5305.800000 8.141120e-15
5307.270000 8.086298e-15
5308.740000 8.148309e-15
5310.210000 8.227392e-15
5311.680000 8.204225e-15
5313.150000 8.157948e-15
5314.620000 8.146034e-15
5316.090000 8.183263e-15
5317.560000 8.200514e-15
5319.030000 8.114739e-15
5320.500000 8.091393e-15
5321.970000 8.130617e-15
5323.440000 8.158256e-15
5324.910000 8.278395e-15
5326.380000 8.335666e-15
5327.850000 8.234126e-15
5329.320000 8.176938e-15
5330.790000 8.223840e-15
5332.260000 8.178485e-15
5333.730000 8.139646e-15
5335.200000 8.100242e-15
5336.670000 8.114376e-15
5338.140000 8.192132e-15
5339.610000 8.273326e-15
5341.080000 8.313931e-15
5342.550000 8.282620e-15
5344.020000 8.265076e-15
5345.490000 8.134677e-15
5346.960000 8.149773e-15
5348.430000 8.233460e-15
5349.900000 8.245814e-15
5351.370000 8.309145e-15
5352.840000 8.310717e-15
5354.310000 8.251094e-15
5355.780000 8.188300e-15
5357.250000 8.201225e-15
5358.720000 8.212752e-15
5360.190000 8.249863e-15
5361.660000 8.222786e-15
5363.130000 8.197527e-15
5364.600000 8.243859e-15
5366.070000 8.283422e-15
5367.540000 8.256531e-15
5369.010000 8.212610e-15
5370.480000 8.233024e-15
5371.950000 8.161515e-15
5373.420000 8.100719e-15
5374.890000 8.167918e-15
5376.360000 8.199593e-15
5377.830000 8.159838e-15
5379.300000 8.151569e-15
5380.770000 8.094260e-15
5382.240000 7.992681e-15
5383.710000 7.971829e-15
5385.180000 8.000765e-15
5386.650000 7.982546e-15
5388.120000 7.958877e-15
5389.590000 7.897723e-15
5391.060000 7.813073e-15
5392.530000 7.895195e-15
5394.000000 8.029098e-15
5395.470000 7.914460e-15
5396.940000 7.817707e-15
5398.410000 7.890689e-15
5399.880000 7.825764e-15
5401.350000 7.858066e-15
5402.820000 7.782025e-15
5404.290000 7.724766e-15
5405.760000 7.834094e-15
5407.230000 7.855632e-15
5408.700000 7.890663e-15
5410.170000 7.774216e-15
5411.640000 7.748723e-15
5413.110000 7.798995e-15
5414.580000 7.750332e-15
5416.050000 7.708118e-15
5417.520000 7.720297e-15
5418.990000 7.762570e-15
5420.460000 7.767908e-15
5421.930000 7.810263e-15
5423.400000 7.799365e-15
5424.870000 7.775627e-15
5426.340000 7.760266e-15
5427.810000 7.739347e-15
5429.280000 7.751625e-15
5430.750000 7.798593e-15
5432.220000 7.864891e-15
5433.690000 7.759831e-15
5435.160000 7.839537e-15
5436.630000 7.887198e-15
5438.100000 7.784335e-15
5439.570000 7.763863e-15
5441.040000 7.850291e-15
5442.510000 7.872013e-15
5443.980000 7.870920e-15
5445.450000 7.884295e-15
5446.920000 7.777562e-15
5448.390000 7.849765e-15
5449.860000 7.877456e-15
5451.330000 7.932889e-15
5452.800000 7.885664e-15
5454.270000 7.888678e-15
5455.740000 7.866774e-15
5457.210000 7.874387e-15
5458.680000 7.945986e-15
5460.150000 7.863287e-15
5461.620000 7.798160e-15
5463.090000 7.887124e-15
5464.560000 7.884417e-15
5466.030000 7.923727e-15
5467.500000 7.881542e-15
5468.970000 7.918009e-15
5470.440000 7.860316e-15
5471.910000 7.881731e-15
5473.380000 7.920722e-15
5474.850000 7.860026e-15
5476.320000 7.891261e-15
5477.790000 7.984820e-15
5479.260000 7.912082e-15
5480.730000 7.847757e-15
5482.200000 7.707608e-15
5483.670000 7.752712e-15
5485.140000 7.833790e-15
5486.610000 7.808602e-15
5488.080000 7.828304e-15
5489.550000 7.755317e-15
5491.020000 7.743601e-15
5492.490000 7.813259e-15
5493.960000 7.730494e-15
5495.430000 7.578148e-15
5496.900000 7.653315e-15
5498.370000 7.693648e-15
5499.840000 7.584783e-15
5501.310000 7.621597e-15
5502.780000 7.738946e-15
5504.250000 7.676234e-15
5505.720000 7.562203e-15
5507.190000 7.659138e-15
5508.660000 7.647505e-15
5510.130000 7.619123e-15
5511.600000 7.636640e-15
5513.070000 7.636225e-15
5514.540000 7.534659e-15
5516.010000 7.528455e-15
5517.480000 7.583464e-15
5518.950000 7.583881e-15
5520.420000 7.555579e-15
5521.890000 7.602318e-15
5523.360000 7.628827e-15
5524.830000 7.482016e-15
5526.300000 7.431039e-15
5527.770000 7.512744e-15
5529.240000 7.472710e-15
5530.710000 7.425412e-15
5532.180000 7.434137e-15
5533.650000 7.486843e-15
5535.120000 7.362612e-15
5536.590000 7.233673e-15
5538.060000 7.381301e-15
5539.530000 7.437656e-15
5541.000000 7.350236e-15
5542.470000 7.357900e-15
5543.940000 7.408882e-15
5545.410000 7.317358e-15
5546.880000 7.223291e-15
5548.350000 7.225080e-15
5549.820000 7.275060e-15
5551.290000 7.349655e-15
5552.760000 7.341290e-15
5554.230000 7.318765e-15
5555.700000 7.316416e-15
5557.170000 7.267004e-15
5558.640000 7.170838e-15
5560.110000 7.184466e-15
5561.580000 7.209757e-15
5563.050000 7.208363e-15
5564.520000 7.188924e-15
5565.990000 7.107976e-15
5567.460000 7.200916e-15
5568.930000 7.242614e-15
5570.400000 7.140441e-15
5571.870000 7.148422e-15
5573.340000 7.181080e-15
5574.810000 7.196731e-15
5576.280000 7.161470e-15
5577.750000 7.171870e-15
5579.220000 7.104900e-15
5580.690000 7.215290e-15
5582.160000 7.240250e-15
5583.630000 7.081528e-15
5585.100000 7.157919e-15
5586.570000 7.163509e-15
5588.040000 7.147407e-15
5589.510000 7.162755e-15
5590.980000 7.114439e-15
5592.450000 7.120920e-15
5593.920000 7.077758e-15
5595.390000 7.082365e-15
5596.860000 7.109113e-15
5598.330000 7.104749e-15
5599.800000 7.094365e-15
5601.270000 7.007487e-15
5602.740000 7.073591e-15
5604.210000 7.098954e-15
5605.680000 7.133603e-15
5607.150000 7.053629e-15
5608.620000 6.982948e-15
5610.090000 7.027622e-15
5611.560000 7.166138e-15
5613.030000 7.120152e-15
5614.500000 7.046880e-15
5615.970000 7.112654e-15
5617.440000 7.051523e-15
5618.910000 7.093457e-15
5620.380000 7.034603e-15
5621.850000 6.952409e-15
5623.320000 7.014128e-15
5624.790000 7.068259e-15
5626.260000 7.018655e-15
5627.730000 7.026873e-15
5629.200000 7.000330e-15
5630.670000 7.023760e-15
5632.140000 7.089366e-15
5633.610000 6.995449e-15
5635.080000 6.918868e-15
5636.550000 6.855971e-15
5638.020000 6.912223e-15
5639.490000 6.963534e-15
5640.960000 6.948248e-15
5642.430000 6.989943e-15
5643.900000 6.968585e-15
5645.370000 6.925727e-15
5646.840000 7.016102e-15
5648.310000 7.115622e-15
5649.780000 6.928131e-15
5651.250000 6.981020e-15
5652.720000 6.975187e-15
5654.190000 6.921211e-15
5655.660000 6.926478e-15
5657.130000 6.921414e-15
5658.600000 6.956987e-15
5660.070000 6.964647e-15
5661.540000 6.908636e-15
5663.010000 6.881250e-15
5664.480000 6.823671e-15
5665.950000 6.859572e-15
5667.420000 6.853313e-15
5668.890000 6.850243e-15
5670.360000 6.892263e-15
5671.830000 6.896848e-15
5673.300000 6.860101e-15
5674.770000 6.911165e-15
5676.240000 6.856850e-15
5677.710000 6.850370e-15
5679.180000 6.816975e-15
5680.650000 6.817055e-15
5682.120000 6.839653e-15
5683.590000 6.741843e-15
5685.060000 6.666463e-15
5686.530000 6.698745e-15
5688.000000 6.698260e-15
5689.470000 6.800552e-15
5690.940000 6.737046e-15
5692.410000 6.673145e-15
5693.880000 6.721992e-15
5695.350000 6.611449e-15
5696.820000 6.575537e-15
5698.290000 6.649529e-15
5699.760000 6.671273e-15
5701.230000 6.671730e-15
5702.700000 6.646669e-15
5704.170000 6.617574e-15
5705.640000 6.650781e-15
5707.110000 6.658581e-15
5708.580000 6.621960e-15
5710.050000 6.596713e-15
5711.520000 6.607263e-15
5712.990000 6.596755e-15
5714.460000 6.601590e-15
5715.930000 6.588320e-15
5717.400000 6.501120e-15
5718.870000 6.558539e-15
5720.340000 6.674435e-15
5721.810000 6.602103e-15
5723.280000 6.475770e-15
5724.750000 6.515296e-15
5726.220000 6.499715e-15
5727.690000 6.443653e-15
5729.160000 6.479488e-15
5730.630000 6.527674e-15
5732.100000 6.528386e-15
5733.570000 6.450759e-15
5735.040000 6.422544e-15
5736.510000 6.455399e-15
5737.980000 6.371492e-15
5739.450000 6.261621e-15
5740.920000 6.292792e-15
5742.390000 6.366276e-15
5743.860000 6.404057e-15
5745.330000 6.316193e-15
5746.800000 6.253582e-15
5748.270000 6.293327e-15
5749.740000 6.400048e-15
5751.210000 6.318068e-15
5752.680000 6.260559e-15
5754.150000 6.285938e-15
5755.620000 6.303882e-15
5757.090000 6.252840e-15
5758.560000 6.227682e-15
5760.030000 6.295405e-15
5761.500000 6.304316e-15
5762.970000 6.228221e-15
5764.440000 6.208664e-15
5765.910000 6.266947e-15
5767.380000 6.266769e-15
5768.850000 6.183222e-15
5770.320000 6.241050e-15
5771.790000 6.330609e-15
5773.260000 6.271941e-15
5774.730000 6.317677e-15
5776.200000 6.318236e-15
5777.670000 6.274833e-15
5779.140000 6.267412e-15
5780.610000 6.181276e-15
5782.080000 6.164296e-15
5783.550000 6.190907e-15
5785.020000 6.201989e-15
5786.490000 6.245232e-15
5787.960000 6.163679e-15
5789.430000 6.205936e-15
5790.900000 6.188735e-15
5792.370000 6.221316e-15
5793.840000 6.304635e-15
5795.310000 6.244949e-15
5796.780000 6.230808e-15
5798.250000 6.213364e-15
5799.720000 6.179925e-15
5801.190000 6.220972e-15
5802.660000 6.315919e-15
5804.130000 6.295593e-15
5805.600000 6.246866e-15
5807.070000 6.319526e-15
5808.540000 6.257997e-15
5810.010000 6.332722e-15
5811.480000 6.302792e-15
5812.950000 6.311852e-15
5814.420000 6.354424e-15
5815.890000 6.326568e-15
5817.360000 6.316612e-15
5818.830000 6.464657e-15
5820.300000 6.546472e-15
5821.770000 6.489520e-15
5823.240000 6.478857e-15
5824.710000 6.448768e-15
5826.180000 6.367695e-15
5827.650000 6.446358e-15
5829.120000 6.528906e-15
5830.590000 6.475746e-15
5832.060000 6.470438e-15
5833.530000 6.542432e-15
5835.000000 6.471835e-15
5836.470000 6.441778e-15
5837.940000 6.478291e-15
5839.410000 6.501459e-15
5840.880000 6.541694e-15
5842.350000 6.534240e-15
5843.820000 6.633646e-15
5845.290000 6.619111e-15
5846.760000 6.526618e-15
5848.230000 6.557524e-15
5849.700000 6.628631e-15
5851.170000 6.591526e-15
5852.640000 6.482483e-15
5854.110000 6.584529e-15
5855.580000 6.687506e-15
5857.050000 6.627931e-15
5858.520000 6.700321e-15
5859.990000 6.716270e-15
5861.460000 6.602255e-15
5862.930000 6.638876e-15
5864.400000 6.711385e-15
5865.870000 6.657186e-15
5867.340000 6.574001e-15
5868.810000 6.637964e-15
5870.280000 6.691274e-15
5871.750000 6.631001e-15
5873.220000 6.675073e-15
5874.690000 6.739036e-15
5876.160000 6.699611e-15
5877.630000 6.659616e-15
5879.100000 6.576696e-15
5880.570000 6.475851e-15
5882.040000 6.590961e-15
5883.510000 6.629556e-15
5884.980000 6.568394e-15
5886.450000 6.528426e-15
5887.920000 6.315553e-15
5889.390000 6.214721e-15
5890.860000 6.252474e-15
5892.330000 6.331369e-15
5893.800000 6.380450e-15
5895.270000 6.311919e-15
5896.740000 6.192419e-15
5898.210000 6.277844e-15
5899.680000 6.415209e-15
5901.150000 6.480633e-15
5902.620000 6.538191e-15
5904.090000 6.570713e-15
5905.560000 6.490238e-15
5907.030000 6.521706e-15
5908.500000 6.521962e-15
5909.970000 6.564269e-15
5911.440000 6.558330e-15
5912.910000 6.504481e-15
5914.380000 6.477330e-15
5915.850000 6.456343e-15
5917.320000 6.338347e-15
5918.790000 6.372175e-15
5920.260000 6.389700e-15
5921.730000 6.527642e-15
5923.200000 6.472073e-15
5924.670000 6.352775e-15
5926.140000 6.327699e-15
5927.610000 6.467797e-15
5929.080000 6.412576e-15
5930.550000 6.424556e-15
5932.020000 6.411373e-15
5933.490000 6.430767e-15
5934.960000 6.516233e-15
5936.430000 6.444464e-15
5937.900000 6.348729e-15
5939.370000 6.400588e-15
5940.840000 6.283702e-15
5942.310000 6.261375e-15
5943.780000 6.256335e-15
5945.250000 6.347827e-15
5946.720000 6.329478e-15
5948.190000 6.432633e-15
5949.660000 6.384026e-15
5951.130000 6.434719e-15
5952.600000 6.528529e-15
5954.070000 6.433128e-15
5955.540000 6.302303e-15
5957.010000 6.330917e-15
5958.480000 6.366808e-15
5959.950000 6.397505e-15
5961.420000 6.377620e-15
5962.890000 6.404714e-15
5964.360000 6.361774e-15
5965.830000 6.300404e-15
5967.300000 6.278410e-15
5968.770000 6.321900e-15
5970.240000 6.346289e-15
5971.710000 6.293797e-15
5973.180000 6.292390e-15
5974.650000 6.354049e-15
5976.120000 6.318327e-15
5977.590000 6.223487e-15
5979.060000 6.318414e-15
5980.530000 6.345789e-15
5982.000000 6.377208e-15
5983.470000 6.300581e-15
5984.940000 6.280860e-15
5986.410000 6.333137e-15
5987.880000 6.322950e-15
5989.350000 6.307880e-15
5990.820000 6.279917e-15
5992.290000 6.271892e-15
5993.760000 6.268092e-15
5995.230000 6.251130e-15
5996.700000 6.280391e-15
5998.170000 6.337147e-15
5999.640000 6.373364e-15
6001.110000 6.352127e-15
6002.580000 6.273579e-15
6004.050000 6.256942e-15
6005.520000 6.348152e-15
6006.990000 6.349053e-15
6008.460000 6.261968e-15
6009.930000 6.302175e-15
6011.400000 6.328518e-15
6012.870000 6.279479e-15
6014.340000 6.260205e-15
6015.810000 6.222757e-15
6017.280000 6.265390e-15
6018.750000 6.301033e-15
6020.220000 6.246800e-15
6021.690000 6.262469e-15
6023.160000 6.280465e-15
6024.630000 6.261744e-15
6026.100000 6.196070e-15
6027.570000 6.207414e-15
6029.040000 6.302938e-15
6030.510000 6.247564e-15
6031.980000 6.256231e-15
6033.450000 6.278068e-15
6034.920000 6.240549e-15
6036.390000 6.215101e-15
6037.860000 6.262014e-15
6039.330000 6.295665e-15
6040.800000 6.310911e-15
6042.270000 6.269336e-15
6043.740000 6.162238e-15
6045.210000 6.154422e-15
6046.680000 6.171876e-15
6048.150000 6.217028e-15
6049.620000 6.238446e-15
6051.090000 6.244891e-15
6052.560000 6.154475e-15
6054.030000 6.090107e-15
6055.500000 6.212227e-15
6056.970000 6.221405e-15
6058.440000 6.249036e-15
6059.910000 6.266961e-15
6061.380000 6.236870e-15
6062.850000 6.223613e-15
6064.320000 6.176770e-15
6065.790000 6.136590e-15
6067.260000 6.229402e-15
6068.730000 6.149952e-15
6070.200000 6.140304e-15
6071.670000 6.226972e-15
6073.140000 6.190387e-15
6074.610000 6.255513e-15
6076.080000 6.174057e-15
6077.550000 6.186339e-15
6079.020000 6.226000e-15
6080.490000 6.188912e-15
6081.960000 6.210674e-15
6083.430000 6.185402e-15
6084.900000 6.181315e-15
6086.370000 6.204615e-15
6087.840000 6.214245e-15
6089.310000 6.155921e-15
6090.780000 6.185131e-15
6092.250000 6.175184e-15
6093.720000 6.119799e-15
6095.190000 6.189420e-15
6096.660000 6.174329e-15
6098.130000 6.118271e-15
6099.600000 6.110397e-15
6101.070000 6.093033e-15
6102.540000 6.166677e-15
6104.010000 6.146453e-15
6105.480000 6.051276e-15
6106.950000 6.116508e-15
6108.420000 6.128851e-15
6109.890000 6.047671e-15
6111.360000 6.016489e-15
6112.830000 6.061200e-15
6114.300000 6.061760e-15
6115.770000 6.105590e-15
6117.240000 6.032608e-15
6118.710000 6.059473e-15
6120.180000 6.109328e-15
6121.650000 6.058866e-15
6123.120000 6.068489e-15
6124.590000 6.071464e-15
6126.060000 6.053235e-15
6127.530000 5.988965e-15
6129.000000 6.004314e-15
6130.470000 6.054674e-15
6131.940000 6.021081e-15
6133.410000 6.006491e-15
6134.880000 6.019291e-15
6136.350000 6.020608e-15
6137.820000 5.967768e-15
6139.290000 5.986016e-15
6140.760000 6.017056e-15
6142.230000 5.952147e-15
6143.700000 6.030612e-15
6145.170000 6.090667e-15
6146.640000 5.946480e-15
6148.110000 5.910568e-15
6149.580000 5.982640e-15
6151.050000 6.010420e-15
6152.520000 6.011205e-15
6153.990000 6.011309e-15
6155.460000 6.034902e-15
6156.930000 5.965905e-15
6158.400000 5.955821e-15
6159.870000 6.017873e-15
6161.340000 5.948928e-15
6162.810000 5.968819e-15
6164.280000 5.972445e-15
6165.750000 5.931235e-15
6167.220000 5.999050e-15
6168.690000 5.908078e-15
6170.160000 5.953398e-15
6171.630000 6.048502e-15
6173.100000 6.029397e-15
6174.570000 5.944614e-15
6176.040000 5.893430e-15
6177.510000 5.950480e-15
6178.980000 5.960012e-15
6180.450000 5.938281e-15
6181.920000 5.885346e-15
6183.390000 5.940808e-15
6184.860000 5.941920e-15
6186.330000 5.923550e-15
6187.800000 5.976002e-15
6189.270000 5.994527e-15
6190.740000 5.990406e-15
6192.210000 5.963071e-15
6193.680000 6.075079e-15
6195.150000 5.978829e-15
6196.620000 6.017993e-15
6198.090000 5.983257e-15
6199.560000 5.930603e-15
6201.030000 5.878730e-15
6202.500000 5.924462e-15
6203.970000 5.896830e-15
6205.440000 5.875464e-15
6206.910000 5.987955e-15
6208.380000 5.902369e-15
6209.850000 5.953208e-15
6211.320000 5.953484e-15
6212.790000 5.882365e-15
6214.260000 5.965319e-15
6215.730000 5.888832e-15
6217.200000 5.821449e-15
6218.670000 5.988005e-15
6220.140000 5.932754e-15
6221.610000 5.844011e-15
6223.080000 5.772907e-15
6224.550000 5.858937e-15
6226.020000 5.916895e-15
6227.490000 5.864582e-15
6228.960000 5.874552e-15
6230.430000 5.865288e-15
6231.900000 5.799764e-15
6233.370000 5.780953e-15
6234.840000 5.810549e-15
6236.310000 5.826498e-15
6237.780000 5.707131e-15
6239.250000 5.752134e-15
6240.720000 5.691113e-15
6242.190000 5.724687e-15
6243.660000 5.759543e-15
6245.130000 5.772145e-15
6246.600000 5.703669e-15
6248.070000 5.704636e-15
6249.540000 5.680459e-15
6251.010000 5.608129e-15
6252.480000 5.768866e-15
6253.950000 5.720130e-15
6255.420000 5.714241e-15
6256.890000 5.652746e-15
6258.360000 5.569905e-15
6259.830000 5.585895e-15
6261.300000 5.564975e-15
6262.770000 5.499063e-15
6264.240000 5.571566e-15
6265.710000 5.629943e-15
6267.180000 5.631686e-15
6268.650000 5.560345e-15
6270.120000 5.465177e-15
6271.590000 5.457462e-15
6273.060000 5.550854e-15
6274.530000 5.538162e-15
6276.000000 5.506198e-15
6277.470000 5.485183e-15
6278.940000 5.535080e-15
6280.410000 5.565474e-15
6281.880000 5.519718e-15
6283.350000 5.573485e-15
6284.820000 5.566035e-15
6286.290000 5.478631e-15
6287.760000 5.496843e-15
6289.230000 5.534764e-15
6290.700000 5.551977e-15
6292.170000 5.554352e-15
6293.640000 5.525574e-15
6295.110000 5.546932e-15
6296.580000 5.548431e-15
6298.050000 5.601652e-15
6299.520000 5.558529e-15
6300.990000 5.574942e-15
6302.460000 5.657172e-15
6303.930000 5.689695e-15
6305.400000 5.604323e-15
6306.870000 5.532990e-15
6308.340000 5.481752e-15
6309.810000 5.594892e-15
6311.280000 5.689775e-15
6312.750000 5.589030e-15
6314.220000 5.612394e-15
6315.690000 5.630403e-15
6317.160000 5.584629e-15
6318.630000 5.489267e-15
6320.100000 5.608387e-15
6321.570000 5.575491e-15
6323.040000 5.529458e-15
6324.510000 5.585140e-15
6325.980000 5.611138e-15
6327.450000 5.608191e-15
6328.920000 5.631559e-15
6330.390000 5.615382e-15
6331.860000 5.614174e-15
6333.330000 5.622201e-15
6334.800000 5.551947e-15
6336.270000 5.627827e-15
6337.740000 5.556816e-15
6339.210000 5.572581e-15
6340.680000 5.633874e-15
6342.150000 5.627592e-15
6343.620000 5.601822e-15
6345.090000 5.502340e-15
6346.560000 5.552387e-15
6348.030000 5.479629e-15
6349.500000 5.505498e-15
6350.970000 5.525435e-15
6352.440000 5.561834e-15
6353.910000 5.520163e-15
6355.380000 5.502908e-15
6356.850000 5.424075e-15
6358.320000 5.419881e-15
6359.790000 5.437210e-15
6361.260000 5.385190e-15
6362.730000 5.402996e-15
6364.200000 5.460761e-15
6365.670000 5.412919e-15
6367.140000 5.349380e-15
6368.610000 5.353010e-15
6370.080000 5.376914e-15
6371.550000 5.389950e-15
6373.020000 5.429470e-15
6374.490000 5.377935e-15
6375.960000 5.443642e-15
6377.430000 5.297217e-15
6378.900000 5.304426e-15
6380.370000 5.371314e-15
6381.840000 5.330606e-15
6383.310000 5.227629e-15
6384.780000 5.236880e-15
6386.250000 5.207441e-15
6387.720000 5.105159e-15
6389.190000 5.169239e-15
6390.660000 5.089210e-15
6392.130000 5.070946e-15
6393.600000 5.068045e-15
6395.070000 4.989541e-15
6396.540000 4.973849e-15
6398.010000 4.957201e-15
6399.480000 4.899098e-15
6400.950000 4.871388e-15
6402.420000 4.851506e-15
6403.890000 4.829107e-15
6405.360000 4.837998e-15
6406.830000 4.778019e-15
6408.300000 4.694519e-15
6409.770000 4.673068e-15
6411.240000 4.712148e-15
6412.710000 4.676671e-15
6414.180000 4.608197e-15
6415.650000 4.575136e-15
6417.120000 4.597498e-15
6418.590000 4.617557e-15
6420.060000 4.582648e-15
6421.530000 4.581996e-15
6423.000000 4.624740e-15
6424.470000 4.615133e-15
6425.940000 4.553204e-15
6427.410000 4.589864e-15
6428.880000 4.646154e-15
6430.350000 4.665945e-15
6431.820000 4.677286e-15
6433.290000 4.696211e-15
6434.760000 4.787465e-15
6436.230000 4.833402e-15
6437.700000 4.888036e-15
6439.170000 4.980702e-15
6440.640000 5.023776e-15
6442.110000 5.048207e-15
6443.580000 5.097470e-15
6445.050000 5.182908e-15
6446.520000 5.232076e-15
6447.990000 5.278704e-15
6449.460000 5.339477e-15
6450.930000 5.360956e-15
6452.400000 5.447832e-15
6453.870000 5.579816e-15
6455.340000 5.681273e-15
6456.810000 5.721992e-15
6458.280000 5.806015e-15
6459.750000 5.822164e-15
6461.220000 5.961436e-15
6462.690000 6.101788e-15
6464.160000 6.183501e-15
6465.630000 6.218113e-15
6467.100000 6.276058e-15
6468.570000 6.481788e-15
6470.040000 6.645939e-15
6471.510000 6.794630e-15
6472.980000 6.788548e-15
6474.450000 6.790093e-15
6475.920000 6.909872e-15
6477.390000 6.994468e-15
6478.860000 7.134927e-15
6480.330000 7.204592e-15
6481.800000 7.364356e-15
6483.270000 7.345824e-15
6484.740000 7.284277e-15
6486.210000 7.271734e-15
6487.680000 7.436841e-15
6489.150000 7.634115e-15
6490.620000 7.693617e-15
6492.090000 7.709317e-15
6493.560000 7.787577e-15
6495.030000 7.867610e-15
6496.500000 8.030396e-15
6497.970000 7.982096e-15
6499.440000 8.052286e-15
6500.910000 8.084575e-15
6502.380000 8.209178e-15
6503.850000 8.242978e-15
6505.320000 8.287646e-15
6506.790000 8.337980e-15
6508.260000 8.404529e-15
6509.730000 8.534891e-15
6511.200000 8.480729e-15
6512.670000 8.540845e-15
6514.140000 8.448692e-15
6515.610000 8.300394e-15
6517.080000 8.333565e-15
6518.550000 8.428061e-15
6520.020000 8.483700e-15
6521.490000 8.529158e-15
6522.960000 8.589391e-15
6524.430000 8.562914e-15
6525.900000 8.641570e-15
6527.370000 8.669703e-15
6528.840000 8.684855e-15
6530.310000 8.771253e-15
6531.780000 8.717199e-15
6533.250000 8.679068e-15
6534.720000 8.801852e-15
6536.190000 8.727566e-15
6537.660000 8.771252e-15
6539.130000 8.838746e-15
6540.600000 8.878370e-15
6542.070000 8.968016e-15
6543.540000 8.905385e-15
6545.010000 8.855103e-15
6546.480000 8.749477e-15
6547.950000 8.771510e-15
6549.420000 8.787362e-15
6550.890000 8.716934e-15
6552.360000 8.700565e-15
6553.830000 8.677452e-15
6555.300000 8.630565e-15
6556.770000 8.614693e-15
6558.240000 8.639223e-15
6559.710000 8.626039e-15
6561.180000 8.675329e-15
6562.650000 8.634418e-15
6564.120000 8.676121e-15
6565.590000 8.597254e-15
6567.060000 8.523843e-15
6568.530000 8.634646e-15
6570.000000 8.669598e-15
6571.470000 8.680554e-15
6572.940000 8.630561e-15
6574.410000 8.661914e-15
6575.880000 8.759789e-15
6577.350000 8.706546e-15
6578.820000 8.755801e-15
6580.290000 8.795705e-15
6581.760000 8.697329e-15
6583.230000 8.726163e-15
6584.700000 8.746659e-15
6586.170000 8.628612e-15
6587.640000 8.587387e-15
6589.110000 8.687983e-15
6590.580000 8.686564e-15
6592.050000 8.588447e-15
6593.520000 8.588395e-15
6594.990000 8.622606e-15
6596.460000 8.652349e-15
6597.930000 8.700391e-15
6599.400000 8.677378e-15
6600.870000 8.650813e-15
6602.340000 8.661373e-15
6603.810000 8.614004e-15
6605.280000 8.581137e-15
6606.750000 8.562759e-15
6608.220000 8.492351e-15
6609.690000 8.472635e-15
6611.160000 8.509156e-15
6612.630000 8.443899e-15
6614.100000 8.433065e-15
6615.570000 8.258898e-15
6617.040000 8.257598e-15
6618.510000 8.221940e-15
6619.980000 8.171388e-15
6621.450000 8.162431e-15
6622.920000 8.114030e-15
6624.390000 8.094825e-15
6625.860000 8.117805e-15
6627.330000 8.070574e-15
6628.800000 8.028917e-15
6630.270000 8.057728e-15
6631.740000 8.023725e-15
6633.210000 7.899559e-15
6634.680000 7.966691e-15
6636.150000 7.934018e-15
6637.620000 7.945487e-15
6639.090000 7.875769e-15
6640.560000 7.870535e-15
6642.030000 7.831930e-15
6643.500000 7.803418e-15
6644.970000 7.702586e-15
6646.440000 7.723543e-15
6647.910000 7.838368e-15
6649.380000 7.677036e-15
6650.850000 7.589469e-15
6652.320000 7.627575e-15
6653.790000 7.669447e-15
6655.260000 7.540570e-15
6656.730000 7.469732e-15
6658.200000 7.359985e-15
6659.670000 7.349667e-15
6661.140000 7.347747e-15
6662.610000 7.275810e-15
6664.080000 7.236536e-15
6665.550000 7.190514e-15
6667.020000 7.041687e-15
6668.490000 7.086253e-15
6669.960000 7.106662e-15
6671.430000 7.095593e-15
6672.900000 7.023754e-15
6674.370000 6.955271e-15
6675.840000 6.953391e-15
6677.310000 7.009041e-15
6678.780000 7.049898e-15
6680.250000 7.053859e-15
6681.720000 6.880755e-15
6683.190000 6.761619e-15
6684.660000 6.766105e-15
6686.130000 6.748280e-15
6687.600000 6.784124e-15
6689.070000 6.777202e-15
6690.540000 6.657112e-15
6692.010000 6.553652e-15
6693.480000 6.572875e-15
6694.950000 6.503991e-15
6696.420000 6.438351e-15
6697.890000 6.407630e-15
6699.360000 6.417077e-15
6700.830000 6.417533e-15
6702.300000 6.333662e-15
6703.770000 6.311767e-15
6705.240000 6.369296e-15
6706.710000 6.303680e-15
6708.180000 6.262304e-15
6709.650000 6.226458e-15
6711.120000 6.214097e-15
6712.590000 6.189332e-15
6714.060000 6.179073e-15
6715.530000 6.221131e-15
6717.000000 6.225508e-15
6718.470000 6.095018e-15
6719.940000 6.097887e-15
6721.410000 6.169087e-15
6722.880000 6.042890e-15
6724.350000 5.972402e-15
6725.820000 5.978221e-15
6727.290000 5.974478e-15
6728.760000 6.038790e-15
6730.230000 5.987941e-15
6731.700000 5.853953e-15
6733.170000 5.839445e-15
6734.640000 5.833262e-15
6736.110000 5.770795e-15
6737.580000 5.829378e-15
6739.050000 5.845785e-15
6740.520000 5.804834e-15
6741.990000 5.786460e-15
6743.460000 5.762514e-15
6744.930000 5.702203e-15
6746.400000 5.716198e-15
6747.870000 5.682945e-15
6749.340000 5.634787e-15
6750.810000 5.650418e-15
6752.280000 5.616083e-15
6753.750000 5.619070e-15
6755.220000 5.673504e-15
6756.690000 5.644093e-15
6758.160000 5.640851e-15
6759.630000 5.687427e-15
6761.100000 5.645087e-15
6762.570000 5.584286e-15
6764.040000 5.591134e-15
6765.510000 5.605277e-15
6766.980000 5.507507e-15
6768.450000 5.526744e-15
6769.920000 5.593591e-15
6771.390000 5.631651e-15
6772.860000 5.580380e-15
6774.330000 5.460367e-15
6775.800000 5.449478e-15
6777.270000 5.526223e-15
6778.740000 5.487171e-15
6780.210000 5.421623e-15
6781.680000 5.428586e-15
6783.150000 5.386558e-15
6784.620000 5.452220e-15
6786.090000 5.495440e-15
6787.560000 5.426387e-15
6789.030000 5.371203e-15
6790.500000 5.426179e-15
6791.970000 5.409583e-15
6793.440000 5.363788e-15
6794.910000 5.355845e-15
6796.380000 5.384425e-15
6797.850000 5.366603e-15
6799.320000 5.302421e-15
6800.790000 5.341869e-15
6802.260000 5.314119e-15
6803.730000 5.405095e-15
6805.200000 5.318479e-15
6806.670000 5.274457e-15
6808.140000 5.302590e-15
6809.610000 5.321166e-15
6811.080000 5.312120e-15
6812.550000 5.341879e-15
6814.020000 5.385288e-15
6815.490000 5.296700e-15
6816.960000 5.227499e-15
6818.430000 5.279973e-15
6819.900000 5.193930e-15
6821.370000 5.190054e-15
6822.840000 5.213825e-15
6824.310000 5.228402e-15
6825.780000 5.183267e-15
6827.250000 5.125919e-15
6828.720000 5.081952e-15
6830.190000 5.145610e-15
6831.660000 5.073712e-15
6833.130000 5.026627e-15
6834.600000 5.200077e-15
6836.070000 5.130090e-15
6837.540000 5.135211e-15
6839.010000 5.151759e-15
6840.480000 5.088860e-15
6841.950000 5.109010e-15
6843.420000 5.079063e-15
6844.890000 5.116465e-15
6846.360000 5.078600e-15
6847.830000 5.034455e-15
6849.300000 5.039067e-15
6850.770000 5.031705e-15
6852.240000 4.996172e-15
6853.710000 4.983873e-15
6855.180000 4.989213e-15
6856.650000 4.924112e-15
6858.120000 4.934308e-15
6859.590000 4.921164e-15
6861.060000 4.946697e-15
6862.530000 4.995577e-15
6864.000000 4.918429e-15
6865.470000 4.950353e-15
6866.940000 4.924376e-15
6868.410000 4.934225e-15
6869.880000 4.905385e-15
6871.350000 4.880953e-15
6872.820000 4.924941e-15
6874.290000 4.913571e-15
6875.760000 4.852450e-15
6877.230000 4.853780e-15
6878.700000 4.847151e-15
6880.170000 4.791878e-15
6881.640000 4.763385e-15
6883.110000 4.850035e-15
6884.580000 4.964008e-15
6886.050000 5.009951e-15
6887.520000 4.831771e-15
6888.990000 4.830563e-15
6890.460000 4.872638e-15
6891.930000 4.943175e-15
6893.400000 4.958534e-15
6894.870000 4.872830e-15
6896.340000 4.741426e-15
6897.810000 4.824055e-15
6899.280000 4.894748e-15
6900.750000 4.826201e-15
6902.220000 4.696503e-15
6903.690000 4.734500e-15
6905.160000 4.782823e-15
6906.630000 4.794575e-15
6908.100000 4.816523e-15
6909.570000 4.808293e-15
6911.040000 4.767528e-15
6912.510000 4.837226e-15
6913.980000 4.846403e-15
6915.450000 4.781362e-15
6916.920000 4.789187e-15
6918.390000 4.743148e-15
6919.860000 4.822394e-15
6921.330000 4.834363e-15
6922.800000 4.815015e-15
6924.270000 4.812765e-15
6925.740000 4.828736e-15
6927.210000 4.882446e-15
6928.680000 4.833933e-15
6930.150000 4.774383e-15
6931.620000 4.744832e-15
6933.090000 4.866457e-15
6934.560000 4.921774e-15
6936.030000 4.868242e-15
6937.500000 4.830000e-15
6938.970000 4.847985e-15
6940.440000 4.897797e-15
6941.910000 4.838366e-15
6943.380000 4.868564e-15
6944.850000 4.873518e-15
6946.320000 4.864858e-15
6947.790000 4.840906e-15
6949.260000 4.792012e-15
6950.730000 4.793819e-15
6952.200000 4.825536e-15
6953.670000 4.877035e-15
6955.140000 4.819095e-15
6956.610000 4.790796e-15
6958.080000 4.792243e-15
6959.550000 4.794640e-15
6961.020000 4.880074e-15
6962.490000 4.916443e-15
6963.960000 4.820423e-15
6965.430000 4.807746e-15
6966.900000 4.908539e-15
6968.370000 4.919854e-15
6969.840000 4.878481e-15
6971.310000 4.880549e-15
6972.780000 4.849328e-15
6974.250000 4.895738e-15
6975.720000 4.885484e-15
6977.190000 4.764849e-15
6978.660000 4.749933e-15
6980.130000 4.793437e-15
6981.600000 4.865469e-15
6983.070000 4.881392e-15
6984.540000 4.877275e-15
6986.010000 4.895421e-15
6987.480000 4.850418e-15
6988.950000 4.765684e-15
6990.420000 4.712841e-15
6991.890000 4.738301e-15
6993.360000 4.833334e-15
6994.830000 4.888411e-15
6996.300000 4.774071e-15
6997.770000 4.754772e-15
6999.240000 4.859475e-15
7000.710000 4.883136e-15
7002.180000 4.841757e-15
7003.650000 4.810136e-15
7005.120000 4.808605e-15
7006.590000 4.805138e-15
7008.060000 4.826478e-15
7009.530000 4.803714e-15
7011.000000 4.814732e-15
7012.470000 4.796178e-15
7013.940000 4.758509e-15
7015.410000 4.762691e-15
7016.880000 4.766873e-15
7018.350000 4.771056e-15
7019.820000 4.775238e-15
7021.290000 4.779420e-15
7022.760000 4.783603e-15
7024.230000 4.787785e-15
7027.170000 4.807330e-15
7028.640000 4.762390e-15
7030.110000 4.736231e-15
7031.580000 4.802752e-15
7033.050000 4.764310e-15
7034.520000 4.692153e-15
7035.990000 4.739679e-15
7037.460000 4.780095e-15
7038.930000 4.728928e-15
7040.400000 4.741334e-15
7041.870000 4.794687e-15
7043.340000 4.785193e-15
7044.810000 4.693251e-15
7046.280000 4.726065e-15
7047.750000 4.765762e-15
7049.220000 4.683012e-15
7050.690000 4.708579e-15
7052.160000 4.774274e-15
7053.630000 4.747969e-15
7055.100000 4.644625e-15
7056.570000 4.662659e-15
7058.040000 4.767533e-15
7059.510000 4.683555e-15
7060.980000 4.648665e-15
7062.450000 4.720486e-15
7063.920000 4.753719e-15
7065.390000 4.723828e-15
7066.860000 4.666596e-15
7068.330000 4.554952e-15
7069.800000 4.713359e-15
7071.270000 4.808129e-15
7072.740000 4.795375e-15
7074.210000 4.765145e-15
7075.680000 4.681443e-15
7077.150000 4.663888e-15
7078.620000 4.557232e-15
7080.090000 4.464568e-15
7081.560000 4.517804e-15
7083.030000 4.617341e-15
7084.500000 4.638829e-15
7085.970000 4.597998e-15
7087.440000 4.624768e-15
7088.910000 4.578699e-15
7090.380000 4.562449e-15
7091.850000 4.608865e-15
7093.320000 4.485013e-15
7094.790000 4.534518e-15
7096.260000 4.593828e-15
7097.730000 4.662919e-15
7099.200000 4.632137e-15
7100.670000 4.594277e-15
7102.140000 4.593154e-15
7103.610000 4.640863e-15
7105.080000 4.633428e-15
7106.550000 4.619976e-15
7108.020000 4.600041e-15
7109.490000 4.637844e-15
7110.960000 4.642301e-15
7112.430000 4.618152e-15
7113.900000 4.559951e-15
7115.370000 4.504195e-15
7116.840000 4.545631e-15
7118.310000 4.663558e-15
7119.780000 4.682417e-15
7121.250000 4.686781e-15
7122.720000 4.702130e-15
7124.190000 4.652580e-15
7125.660000 4.636651e-15
7127.130000 4.637628e-15
7128.600000 4.630403e-15
7130.070000 4.601044e-15
7131.540000 4.584132e-15
7133.010000 4.629348e-15
7134.480000 4.623889e-15
7135.950000 4.682113e-15
7137.420000 4.671877e-15
7138.890000 4.545314e-15
7140.360000 4.612772e-15
7141.830000 4.596086e-15
7143.300000 4.534339e-15
7144.770000 4.498841e-15
7146.240000 4.526484e-15
7147.710000 4.560998e-15
7149.180000 4.642817e-15
7150.650000 4.585597e-15
7152.120000 4.592371e-15
7153.590000 4.600642e-15
7155.060000 4.602543e-15
7156.530000 4.667042e-15
7158.000000 4.651517e-15
7159.470000 4.684753e-15
7160.940000 4.651317e-15
7162.410000 4.596381e-15
7163.880000 4.563620e-15
7165.350000 4.589934e-15
7166.820000 4.551279e-15
7168.290000 4.476234e-15
7169.760000 4.486307e-15
7171.230000 4.533901e-15
7172.700000 4.538939e-15
7174.170000 4.502883e-15
7175.640000 4.501376e-15
7177.110000 4.492278e-15
7178.580000 4.497545e-15
7180.050000 4.431856e-15
7181.520000 4.428657e-15
7182.990000 4.565371e-15
7184.460000 4.604945e-15
7185.930000 4.394874e-15
7187.400000 4.281105e-15
7188.870000 4.434835e-15
7190.340000 4.568647e-15
7191.810000 4.500304e-15
7193.280000 4.440344e-15
7194.750000 4.497743e-15
7196.220000 4.432440e-15
7197.690000 4.468555e-15
7199.160000 4.474187e-15
7200.630000 4.396194e-15
7202.100000 4.375200e-15
7203.570000 4.380375e-15
7205.040000 4.418077e-15
7206.510000 4.436711e-15
7207.980000 4.477287e-15
7209.450000 4.509905e-15
7210.920000 4.393141e-15
7212.390000 4.381505e-15
7213.860000 4.399664e-15
7215.330000 4.431981e-15
7216.800000 4.452795e-15
7218.270000 4.342387e-15
7219.740000 4.398454e-15
7221.210000 4.454253e-15
7222.680000 4.374396e-15
7224.150000 4.336649e-15
7225.620000 4.321426e-15
7227.090000 4.374829e-15
7228.560000 4.447173e-15
7230.030000 4.477477e-15
7231.500000 4.439146e-15
7232.970000 4.359798e-15
7234.440000 4.375726e-15
7235.910000 4.334631e-15
7237.380000 4.353486e-15
7238.850000 4.394487e-15
7240.320000 4.359407e-15
7241.790000 4.343281e-15
7243.260000 4.356078e-15
7244.730000 4.318107e-15
7246.200000 4.350899e-15
7247.670000 4.411299e-15
7249.140000 4.390695e-15
7250.610000 4.418518e-15
7252.080000 4.388120e-15
7253.550000 4.349732e-15
7255.020000 4.389075e-15
7256.490000 4.394201e-15
7257.960000 4.402060e-15
7259.430000 4.375419e-15
7260.900000 4.359349e-15
7262.370000 4.377361e-15
7263.840000 4.398018e-15
7265.310000 4.420526e-15
7266.780000 4.441411e-15
7268.250000 4.446800e-15
7269.720000 4.399073e-15
7271.190000 4.342099e-15
7272.660000 4.292008e-15
7274.130000 4.306118e-15
7275.600000 4.391128e-15
7277.070000 4.378655e-15
7278.540000 4.340810e-15
7280.010000 4.370611e-15
7281.480000 4.381932e-15
7282.950000 4.298546e-15
7284.420000 4.323842e-15
7285.890000 4.397134e-15
7287.360000 4.383835e-15
7288.830000 4.380817e-15
7290.300000 4.307873e-15
7291.770000 4.235467e-15
7293.240000 4.347564e-15
7294.710000 4.438205e-15
7296.180000 4.400188e-15
7297.650000 4.329047e-15
7299.120000 4.320754e-15
7300.590000 4.343816e-15
7302.060000 4.320108e-15
7303.530000 4.292737e-15
7305.000000 4.348367e-15
7306.470000 4.428788e-15
7307.940000 4.477925e-15
7309.410000 4.419809e-15
7310.880000 4.359860e-15
7312.350000 4.392664e-15
7313.820000 4.405152e-15
7315.290000 4.375325e-15
7316.760000 4.321706e-15
7318.230000 4.311432e-15
7319.700000 4.275202e-15
7321.170000 4.338831e-15
7322.640000 4.413192e-15
7324.110000 4.381229e-15
7325.580000 4.288477e-15
7327.050000 4.290716e-15
7328.520000 4.283849e-15
7329.990000 4.264327e-15
7331.460000 4.240392e-15
7332.930000 4.193090e-15
7334.400000 4.299511e-15
7335.870000 4.349099e-15
7337.340000 4.312432e-15
7338.810000 4.274711e-15
7340.280000 4.330910e-15
7341.750000 4.381131e-15
7343.220000 4.312380e-15
7344.690000 4.245464e-15
7346.160000 4.305094e-15
7347.630000 4.331127e-15
7349.100000 4.281944e-15
7350.570000 4.288131e-15
7352.040000 4.313832e-15
7353.510000 4.313123e-15
7354.980000 4.302801e-15
7356.450000 4.241115e-15
7357.920000 4.249423e-15
7359.390000 4.256231e-15
7360.860000 4.225471e-15
7362.330000 4.271799e-15
7363.800000 4.275650e-15
7365.270000 4.259675e-15
7366.740000 4.275244e-15
7368.210000 4.314104e-15
7369.680000 4.273459e-15
7371.150000 4.252771e-15
7372.620000 4.282587e-15
7374.090000 4.286112e-15
7375.560000 4.335490e-15
7377.030000 4.314186e-15
7378.500000 4.260818e-15
7379.970000 4.189789e-15
7381.440000 4.173460e-15
7382.910000 4.227473e-15
7384.380000 4.313060e-15
7385.850000 4.302657e-15
7387.320000 4.275607e-15
7388.790000 4.262508e-15
7390.260000 4.226772e-15
7391.730000 4.182612e-15
7393.200000 4.220933e-15
7394.670000 4.235362e-15
7396.140000 4.177978e-15
7397.610000 4.191188e-15
7399.080000 4.230167e-15
7400.550000 4.273744e-15
7402.020000 4.273743e-15
7403.490000 4.285739e-15
7404.960000 4.235415e-15
7406.430000 4.197141e-15
7407.900000 4.254172e-15
7409.370000 4.284838e-15
7410.840000 4.307282e-15
7412.310000 4.282882e-15
7413.780000 4.219048e-15
7415.250000 4.139682e-15
7416.720000 4.111350e-15
7418.190000 4.143335e-15
7419.660000 4.163455e-15
7421.130000 4.148449e-15
7422.600000 4.134211e-15
