3478.000000 8.028608e-15
3479.470000 8.124912e-15
3480.940000 8.224591e-15
3482.410000 8.153138e-15
3483.880000 8.122102e-15
3485.350000 7.891819e-15
3486.820000 8.044555e-15
3488.290000 8.037259e-15
3489.760000 7.925306e-15
3491.230000 7.984417e-15
3492.700000 7.629131e-15
3494.170000 7.542541e-15
3495.640000 7.817234e-15
3497.110000 7.704541e-15
3498.580000 7.525613e-15
3500.050000 7.645693e-15
3501.520000 7.574493e-15
3502.990000 7.502649e-15
3504.460000 7.205194e-15
3505.930000 7.372893e-15
3507.400000 7.658932e-15
3508.870000 7.554294e-15
3510.340000 7.455482e-15
3511.810000 7.340268e-15
3513.280000 7.260669e-15
3514.750000 7.181076e-15
3516.220000 7.382053e-15
3517.690000 7.676321e-15
3519.160000 7.568812e-15
3520.630000 7.610662e-15
3522.100000 7.691975e-15
3523.570000 7.639804e-15
3525.040000 7.946588e-15
3526.510000 8.212316e-15
3527.980000 7.856481e-15
3529.450000 7.821869e-15
3530.920000 7.799303e-15
3532.390000 7.745948e-15
3533.860000 7.920157e-15
3535.330000 7.990171e-15
3536.800000 8.292995e-15
3538.270000 8.248825e-15
3539.740000 8.402179e-15
3541.210000 8.270210e-15
3542.680000 8.082233e-15
3544.150000 8.191993e-15
3545.620000 8.171252e-15
3547.090000 8.049746e-15
3548.560000 8.048968e-15
3550.030000 8.050526e-15
3551.500000 8.115380e-15
3552.970000 8.448307e-15
3554.440000 8.197663e-15
3555.910000 8.092058e-15
3557.380000 8.298738e-15
3558.850000 8.294488e-15
3560.320000 8.166191e-15
3561.790000 8.112209e-15
3563.260000 8.158922e-15
3564.730000 8.394074e-15
3566.200000 8.560890e-15
3567.670000 8.658807e-15
3569.140000 8.268983e-15
3570.610000 8.284826e-15
3572.080000 8.276258e-15
3573.550000 8.183411e-15
3575.020000 8.397529e-15
3576.490000 8.667396e-15
3577.960000 8.545237e-15
3579.430000 8.483808e-15
3580.900000 8.613055e-15
3582.370000 8.498689e-15
3583.840000 8.725779e-15
3585.310000 8.900799e-15
3586.780000 8.474602e-15
3588.250000 8.500554e-15
3589.720000 8.689084e-15
3591.190000 8.435714e-15
3592.660000 8.377060e-15
3594.130000 8.451378e-15
3595.600000 8.261605e-15
3597.070000 8.086647e-15
3598.540000 8.232878e-15
3600.010000 8.399549e-15
3601.480000 8.455706e-15
3602.950000 8.434545e-15
3604.420000 8.163629e-15
3605.890000 8.185129e-15
3607.360000 8.258839e-15
3608.830000 8.362723e-15
3610.300000 8.230869e-15
3611.770000 8.561499e-15
3613.240000 8.455185e-15
3614.710000 8.407011e-15
3616.180000 8.408369e-15
3617.650000 8.536360e-15
3619.120000 8.444161e-15
3620.590000 8.242878e-15
3622.060000 8.373651e-15
3623.530000 8.367777e-15
3625.000000 8.483979e-15
3626.470000 8.615163e-15
3627.940000 8.654519e-15
3629.410000 8.576879e-15
3630.880000 8.443310e-15
3632.350000 8.247491e-15
3633.820000 8.509421e-15
3635.290000 8.534462e-15
3636.760000 8.164984e-15
3638.230000 8.240215e-15
3639.700000 8.454667e-15
3641.170000 8.236799e-15
3642.640000 8.045862e-15
3644.110000 8.253784e-15
3645.580000 8.198632e-15
3647.050000 8.152003e-15
3648.520000 7.997882e-15
3649.990000 8.138443e-15
3651.460000 8.502016e-15
3652.930000 8.078023e-15
3654.400000 7.914804e-15
3655.870000 8.111987e-15
3657.340000 7.980913e-15
3658.810000 7.936312e-15
3660.280000 8.047975e-15
3661.750000 7.997652e-15
3663.220000 7.829722e-15
3664.690000 7.782463e-15
3666.160000 7.823476e-15
3667.630000 7.780123e-15
3669.100000 7.512964e-15
3670.570000 7.286306e-15
3672.040000 7.443670e-15
3673.510000 7.518012e-15
3674.980000 7.550243e-15
3676.450000 7.465373e-15
3677.920000 7.373942e-15
3679.390000 7.469406e-15
3680.860000 7.618486e-15
3682.330000 7.553704e-15
3683.800000 7.446195e-15
3685.270000 7.669395e-15
3686.740000 7.709792e-15
3688.210000 7.856638e-15
3689.680000 7.887182e-15
3691.150000 7.797368e-15
3692.620000 7.871751e-15
3694.090000 7.764010e-15
3695.560000 8.040500e-15
3697.030000 8.222052e-15
3698.500000 8.018610e-15
3699.970000 8.401605e-15
3701.440000 8.541246e-15
3702.910000 8.685012e-15
3704.380000 8.494736e-15
3705.850000 8.685711e-15
3707.320000 8.888241e-15
3708.790000 8.975817e-15
3710.260000 9.247908e-15
3711.730000 9.445884e-15
3713.200000 9.429523e-15
3714.670000 9.567605e-15
3716.140000 9.656126e-15
3717.610000 9.787961e-15
3719.080000 1.001220e-14
3720.550000 9.831422e-15
3722.020000 9.854438e-15
3723.490000 1.028596e-14
3724.960000 1.058805e-14
3726.430000 1.060293e-14
3727.900000 1.051258e-14
3729.370000 1.066157e-14
3730.840000 1.070820e-14
3732.310000 1.066592e-14
3733.780000 1.085836e-14
3735.250000 1.098226e-14
3736.720000 1.097249e-14
3738.190000 1.083538e-14
3739.660000 1.078028e-14
3741.130000 1.072123e-14
3742.600000 1.071133e-14
3744.070000 1.101153e-14
3745.540000 1.108289e-14
3747.010000 1.081546e-14
3748.480000 1.099358e-14
3749.950000 1.124703e-14
3751.420000 1.121195e-14
3752.890000 1.127905e-14
3754.360000 1.110860e-14
3755.830000 1.096199e-14
3757.300000 1.113782e-14
3758.770000 1.123551e-14
3760.240000 1.097304e-14
3761.710000 1.089676e-14
3763.180000 1.120121e-14
3764.650000 1.159559e-14
3766.120000 1.143414e-14
3767.590000 1.144225e-14
3769.060000 1.147616e-14
3770.530000 1.150346e-14
3772.000000 1.160701e-14
3773.470000 1.164124e-14
3774.940000 1.178639e-14
3776.410000 1.158718e-14
3777.880000 1.160284e-14
3779.350000 1.200738e-14
3780.820000 1.152221e-14
3782.290000 1.130705e-14
3783.760000 1.141094e-14
3785.230000 1.145154e-14
3786.700000 1.149701e-14
3788.170000 1.135584e-14
3789.640000 1.106268e-14
3791.110000 1.105789e-14
3792.580000 1.085713e-14
3794.050000 1.089042e-14
3795.520000 1.099459e-14
3796.990000 1.065458e-14
3798.460000 1.053300e-14
3799.930000 1.061707e-14
3801.400000 1.043156e-14
3802.870000 1.027219e-14
3804.340000 1.040523e-14
3805.810000 1.024693e-14
3807.280000 9.931203e-15
3808.750000 9.773147e-15
3810.220000 1.000286e-14
3811.690000 9.844383e-15
3813.160000 9.820165e-15
3814.630000 9.652329e-15
3816.100000 9.354414e-15
3817.570000 9.288266e-15
3819.040000 9.337046e-15
3820.510000 9.354975e-15
3821.980000 9.107836e-15
3823.450000 8.985655e-15
3824.920000 8.904440e-15
3826.390000 8.679370e-15
3827.860000 8.723061e-15
3829.330000 8.683495e-15
3830.800000 8.640184e-15
3832.270000 8.757439e-15
3833.740000 8.845190e-15
3835.210000 8.676038e-15
3836.680000 8.568042e-15
3838.150000 8.690873e-15
3839.620000 8.487936e-15
3841.090000 8.147206e-15
3842.560000 8.361439e-15
3844.030000 8.353869e-15
3845.500000 8.256972e-15
3846.970000 8.247808e-15
3848.440000 8.353356e-15
3849.910000 8.498690e-15
3851.380000 8.405023e-15
3852.850000 8.174924e-15
3854.320000 8.257136e-15
3855.790000 8.470630e-15
3857.260000 8.479421e-15
3858.730000 8.516717e-15
3860.200000 8.524139e-15
3861.670000 8.429366e-15
3863.140000 8.483030e-15
3864.610000 8.627309e-15
3866.080000 8.781669e-15
3867.550000 8.810438e-15
3869.020000 8.856648e-15
3870.490000 8.706727e-15
3871.960000 8.418678e-15
3873.430000 8.385885e-15
3874.900000 8.612128e-15
3876.370000 8.589368e-15
3877.840000 8.321211e-15
3879.310000 8.337396e-15
3880.780000 8.438903e-15
3882.250000 8.544604e-15
3883.720000 8.326167e-15
3885.190000 8.276482e-15
3886.660000 8.482807e-15
3888.130000 8.613645e-15
3889.600000 8.548208e-15
3891.070000 8.474137e-15
3892.540000 8.622995e-15
3894.010000 8.524718e-15
3895.480000 8.372839e-15
3896.950000 8.487987e-15
3898.420000 8.661445e-15
3899.890000 8.730091e-15
3901.360000 8.847923e-15
3902.830000 9.088616e-15
3904.300000 9.099871e-15
3905.770000 9.046800e-15
3907.240000 9.108290e-15
3908.710000 9.235798e-15
3910.180000 9.398023e-15
3911.650000 9.382961e-15
3913.120000 9.326856e-15
3914.590000 9.516532e-15
3916.060000 9.755655e-15
3917.530000 9.591009e-15
3919.000000 9.396756e-15
3920.470000 9.521897e-15
3921.940000 9.734194e-15
3923.410000 9.826093e-15
3924.880000 9.676084e-15
3926.350000 9.828232e-15
3927.820000 9.949402e-15
3929.290000 9.853305e-15
3930.760000 9.917173e-15
3932.230000 9.822977e-15
3933.700000 9.724815e-15
3935.170000 9.929975e-15
3936.640000 1.007550e-14
3938.110000 1.009587e-14
3939.580000 1.016101e-14
3941.050000 1.026694e-14
3942.520000 1.031544e-14
3943.990000 1.016765e-14
3945.460000 1.032604e-14
3946.930000 1.040181e-14
3948.400000 1.024105e-14
3949.870000 1.035072e-14
3951.340000 1.041175e-14
3952.810000 1.037307e-14
3954.280000 1.055501e-14
3955.750000 1.079658e-14
3957.220000 1.081930e-14
3958.690000 1.073898e-14
3960.160000 1.081483e-14
3961.630000 1.096259e-14
3963.100000 1.102125e-14
3964.570000 1.093632e-14
3966.040000 1.098577e-14
3967.510000 1.104804e-14
3968.980000 1.081825e-14
3970.450000 1.100448e-14
3971.920000 1.115776e-14
3973.390000 1.115244e-14
3974.860000 1.105693e-14
3976.330000 1.105682e-14
3977.800000 1.124613e-14
3979.270000 1.122638e-14
3980.740000 1.135695e-14
3982.210000 1.129748e-14
3983.680000 1.133626e-14
3985.150000 1.148016e-14
3986.620000 1.137943e-14
3988.090000 1.137900e-14
3989.560000 1.129362e-14
3991.030000 1.131667e-14
3992.500000 1.134466e-14
3993.970000 1.159979e-14
3995.440000 1.172039e-14
3996.910000 1.162562e-14
3998.380000 1.153870e-14
3999.850000 1.149431e-14
4001.320000 1.152243e-14
4002.790000 1.134430e-14
4004.260000 1.125538e-14
4005.730000 1.113271e-14
4007.200000 1.111690e-14
4008.670000 1.102293e-14
4010.140000 1.100629e-14
4011.610000 1.118053e-14
4013.080000 1.128025e-14
4014.550000 1.111884e-14
4016.020000 1.116733e-14
4017.490000 1.131407e-14
4018.960000 1.119258e-14
4020.430000 1.098777e-14
4021.900000 1.098075e-14
4023.370000 1.094825e-14
4024.840000 1.112021e-14
4026.310000 1.118342e-14
4027.780000 1.099271e-14
4029.250000 1.109102e-14
4030.720000 1.107244e-14
4032.190000 1.094907e-14
4033.660000 1.103052e-14
4035.130000 1.112133e-14
4036.600000 1.123915e-14
4038.070000 1.141613e-14
4039.540000 1.159161e-14
4041.010000 1.148095e-14
4042.480000 1.142874e-14
4043.950000 1.150484e-14
4045.420000 1.141777e-14
4046.890000 1.139801e-14
4048.360000 1.148812e-14
4049.830000 1.165683e-14
4051.300000 1.189302e-14
4052.770000 1.198817e-14
4054.240000 1.181999e-14
4055.710000 1.193498e-14
4057.180000 1.206381e-14
4058.650000 1.190078e-14
4060.120000 1.181084e-14
4061.590000 1.190470e-14
4063.060000 1.193522e-14
4064.530000 1.180853e-14
4066.000000 1.174567e-14
4067.470000 1.174026e-14
4068.940000 1.162137e-14
4070.410000 1.151892e-14
4071.880000 1.134160e-14
4073.350000 1.147331e-14
4074.820000 1.135651e-14
4076.290000 1.122814e-14
4077.760000 1.110801e-14
4079.230000 1.099756e-14
4080.700000 1.079031e-14
4082.170000 1.071068e-14
4083.640000 1.074137e-14
4085.110000 1.060204e-14
4086.580000 1.043005e-14
4088.050000 1.028223e-14
4089.520000 1.038399e-14
4090.990000 1.042492e-14
4092.460000 1.044221e-14
4093.930000 1.019963e-14
4095.400000 1.014650e-14
4096.870000 1.036104e-14
4098.340000 1.027980e-14
4099.810000 1.025379e-14
4101.280000 1.031873e-14
4102.750000 1.025296e-14
4104.220000 1.028931e-14
4105.690000 1.034784e-14
4107.160000 1.032580e-14
4108.630000 1.042724e-14
4110.100000 1.037404e-14
4111.570000 1.029606e-14
4113.040000 1.051611e-14
4114.510000 1.076039e-14
4115.980000 1.064304e-14
4117.450000 1.068523e-14
4118.920000 1.080853e-14
4120.390000 1.100113e-14
4121.860000 1.097486e-14
4123.330000 1.072367e-14
4124.800000 1.072451e-14
4126.270000 1.084070e-14
4127.740000 1.086872e-14
4129.210000 1.104394e-14
4130.680000 1.081991e-14
4132.150000 1.077689e-14
4133.620000 1.105625e-14
4135.090000 1.105889e-14
4136.560000 1.098023e-14
4138.030000 1.091355e-14
4139.500000 1.077833e-14
4140.970000 1.078161e-14
4142.440000 1.095830e-14
4143.910000 1.098142e-14
4145.380000 1.082422e-14
4146.850000 1.060712e-14
4148.320000 1.055243e-14
4149.790000 1.064512e-14
4151.260000 1.065202e-14
4152.730000 1.080540e-14
4154.200000 1.085593e-14
4155.670000 1.084834e-14
4157.140000 1.078256e-14
4158.610000 1.072742e-14
4160.080000 1.059003e-14
4161.550000 1.058635e-14
4163.020000 1.055045e-14
4164.490000 1.042873e-14
4165.960000 1.042642e-14
4167.430000 1.034900e-14
4168.900000 1.039454e-14
4170.370000 1.039730e-14
4171.840000 1.041797e-14
4173.310000 1.036350e-14
4174.780000 1.041840e-14
4176.250000 1.043099e-14
4177.720000 1.042999e-14
4179.190000 1.058988e-14
4180.660000 1.048313e-14
4182.130000 1.027728e-14
4183.600000 1.034785e-14
4185.070000 1.018383e-14
4186.540000 9.966713e-15
4188.010000 9.974486e-15
4189.480000 9.858028e-15
4190.950000 9.677917e-15
4192.420000 9.733346e-15
4193.890000 9.698944e-15
4195.360000 9.424519e-15
4196.830000 9.246855e-15
4198.300000 8.994268e-15
4199.770000 8.712460e-15
4201.240000 8.596067e-15
4202.710000 8.582138e-15
4204.180000 8.556966e-15
4205.650000 8.410702e-15
4207.120000 8.370407e-15
4208.590000 8.189047e-15
4210.060000 8.027082e-15
4211.530000 8.040799e-15
4213.000000 8.054705e-15
4214.470000 8.090777e-15
4215.940000 8.017610e-15
4217.410000 7.881211e-15
4218.880000 7.772343e-15
4220.350000 7.654311e-15
4221.820000 7.611422e-15
4223.290000 7.548159e-15
4224.760000 7.731412e-15
4226.230000 7.809196e-15
4227.700000 7.691876e-15
4229.170000 7.549897e-15
4230.640000 7.553262e-15
4232.110000 7.667317e-15
4233.580000 7.724830e-15
4235.050000 7.595538e-15
4236.520000 7.427415e-15
4237.990000 7.440311e-15
4239.460000 7.406222e-15
4240.930000 7.397249e-15
4242.400000 7.426798e-15
4243.870000 7.486988e-15
4245.340000 7.318678e-15
4246.810000 7.388050e-15
4248.280000 7.592590e-15
4249.750000 7.643049e-15
4251.220000 7.589848e-15
4252.690000 7.598151e-15
4254.160000 7.754147e-15
4255.630000 7.816555e-15
4257.100000 7.826762e-15
4258.570000 7.851692e-15
4260.040000 7.960742e-15
4261.510000 8.032905e-15
4262.980000 7.934415e-15
4264.450000 8.067760e-15
4265.920000 8.196084e-15
4267.390000 8.320648e-15
4268.860000 8.636165e-15
4270.330000 8.717274e-15
4271.800000 8.736387e-15
4273.270000 8.810188e-15
4274.740000 8.952899e-15
4276.210000 9.011548e-15
4277.680000 8.850328e-15
4279.150000 8.925839e-15
4280.620000 9.072755e-15
4282.090000 9.288252e-15
4283.560000 9.373504e-15
4285.030000 9.298739e-15
4286.500000 9.290940e-15
4287.970000 9.181155e-15
4289.440000 9.510097e-15
4290.910000 9.546434e-15
4292.380000 9.490760e-15
4293.850000 9.388832e-15
4295.320000 9.423514e-15
4296.790000 9.525533e-15
4298.260000 9.484704e-15
4299.730000 9.215023e-15
4301.200000 9.119609e-15
4302.670000 9.230573e-15
4304.140000 9.346347e-15
4305.610000 9.413435e-15
4307.080000 9.384578e-15
4308.550000 9.283392e-15
4310.020000 9.323006e-15
4311.490000 9.286657e-15
4312.960000 9.263754e-15
4314.430000 9.216642e-15
4315.900000 9.407265e-15
4317.370000 9.491529e-15
4318.840000 9.419940e-15
4320.310000 9.324717e-15
4321.780000 9.380007e-15
4323.250000 9.529704e-15
4324.720000 9.635149e-15
4326.190000 9.584314e-15
4327.660000 9.542414e-15
4329.130000 9.614165e-15
4330.600000 9.599101e-15
4332.070000 9.569398e-15
4333.540000 9.736297e-15
4335.010000 9.826371e-15
4336.480000 9.786925e-15
4337.950000 9.810434e-15
4339.420000 9.853177e-15
4340.890000 9.829963e-15
4342.360000 9.953968e-15
4343.830000 9.828918e-15
4345.300000 9.746850e-15
4346.770000 9.821597e-15
4348.240000 9.825742e-15
4349.710000 9.913260e-15
4351.180000 9.907287e-15
4352.650000 9.744388e-15
4354.120000 9.897888e-15
4355.590000 9.961145e-15
4357.060000 9.794857e-15
4358.530000 9.783711e-15
4360.000000 9.902185e-15
4361.470000 9.805171e-15
4362.940000 9.702166e-15
4364.410000 9.623518e-15
4365.880000 9.608870e-15
4367.350000 9.691691e-15
4368.820000 9.750312e-15
4370.290000 9.733269e-15
4371.760000 9.639298e-15
4373.230000 9.681812e-15
4374.700000 9.596079e-15
4376.170000 9.615074e-15
4377.640000 9.723109e-15
4379.110000 9.602311e-15
4380.580000 9.452466e-15
4382.050000 9.552363e-15
4383.520000 9.685924e-15
4384.990000 9.656677e-15
4386.460000 9.572511e-15
4387.930000 9.631869e-15
4389.400000 9.782646e-15
4390.870000 9.771207e-15
4392.340000 9.729664e-15
4393.810000 9.692295e-15
4395.280000 9.582289e-15
4396.750000 9.494006e-15
4398.220000 9.457438e-15
4399.690000 9.489990e-15
4401.160000 9.627706e-15
4402.630000 9.554669e-15
4404.100000 9.333025e-15
4405.570000 9.402333e-15
4407.040000 9.356759e-15
4408.510000 9.251255e-15
4409.980000 9.381059e-15
4411.450000 9.338078e-15
4412.920000 9.340168e-15
4414.390000 9.503707e-15
4415.860000 9.464399e-15
4417.330000 9.349164e-15
4418.800000 9.221676e-15
4420.270000 9.181748e-15
4421.740000 9.293892e-15
4423.210000 9.419877e-15
4424.680000 9.423749e-15
4426.150000 9.164114e-15
4427.620000 9.016129e-15
4429.090000 9.160809e-15
4430.560000 9.135196e-15
4432.030000 8.982382e-15
4433.500000 8.887479e-15
4434.970000 8.952072e-15
4436.440000 8.898999e-15
4437.910000 8.776085e-15
4439.380000 8.767320e-15
4440.850000 8.573495e-15
4442.320000 8.493481e-15
4443.790000 8.713699e-15
4445.260000 8.615365e-15
4446.730000 8.425265e-15
4448.200000 8.515993e-15
4449.670000 8.583380e-15
4451.140000 8.358055e-15
4452.610000 8.234993e-15
4454.080000 8.193737e-15
4455.550000 8.188670e-15
4457.020000 8.218822e-15
4458.490000 8.177498e-15
4459.960000 8.124483e-15
4461.430000 8.068416e-15
4462.900000 8.048234e-15
4464.370000 8.128362e-15
4465.840000 7.967878e-15
4467.310000 7.946871e-15
4468.780000 7.964906e-15
4470.250000 7.986984e-15
4471.720000 7.917683e-15
4473.190000 7.942025e-15
4474.660000 7.997608e-15
4476.130000 7.902520e-15
4477.600000 7.857294e-15
4479.070000 7.895885e-15
4480.540000 7.868007e-15
4482.010000 7.919203e-15
4483.480000 7.909829e-15
4484.950000 7.921760e-15
4486.420000 8.031187e-15
4487.890000 8.007044e-15
4489.360000 8.116673e-15
4490.830000 8.189153e-15
4492.300000 8.192527e-15
4493.770000 8.287932e-15
4495.240000 8.343705e-15
4496.710000 8.321919e-15
4498.180000 8.457694e-15
4499.650000 8.507894e-15
4501.120000 8.509543e-15
4502.590000 8.515678e-15
4504.060000 8.673881e-15
4505.530000 8.824666e-15
4507.000000 8.804720e-15
4508.470000 8.806442e-15
4509.940000 8.962216e-15
4511.410000 9.072127e-15
4512.880000 8.987037e-15
4514.350000 9.219144e-15
4515.820000 9.332633e-15
4517.290000 9.325357e-15
4518.760000 9.337317e-15
4520.230000 9.336539e-15
4521.700000 9.366798e-15
4523.170000 9.527060e-15
4524.640000 9.556896e-15
4526.110000 9.536732e-15
4527.580000 9.631590e-15
4529.050000 9.727211e-15
4530.520000 9.670007e-15
4531.990000 9.646185e-15
4533.460000 9.732888e-15
4534.930000 9.812306e-15
4536.400000 9.927116e-15
4537.870000 9.816228e-15
4539.340000 9.798209e-15
4540.810000 9.934714e-15
4542.280000 9.994656e-15
4543.750000 9.900286e-15
4545.220000 9.942606e-15
4546.690000 9.779056e-15
4548.160000 9.854909e-15
4549.630000 1.011772e-14
4551.100000 1.009398e-14
4552.570000 1.011419e-14
4554.040000 1.011928e-14
4555.510000 1.009798e-14
4556.980000 9.994292e-15
4558.450000 1.004742e-14
4559.920000 1.023807e-14
4561.390000 1.028443e-14
4562.860000 1.015668e-14
4564.330000 1.017458e-14
4565.800000 1.037165e-14
4567.270000 1.031470e-14
4568.740000 1.026016e-14
4570.210000 1.033081e-14
4571.680000 1.050023e-14
4573.150000 1.038894e-14
4574.620000 1.028759e-14
4576.090000 1.026736e-14
4577.560000 1.035807e-14
4579.030000 1.044768e-14
4580.500000 1.058825e-14
4581.970000 1.050112e-14
4583.440000 1.050093e-14
4584.910000 1.067930e-14
4586.380000 1.062868e-14
4587.850000 1.063398e-14
4589.320000 1.072946e-14
4590.790000 1.074908e-14
4592.260000 1.063294e-14
4593.730000 1.068379e-14
4595.200000 1.075478e-14
4596.670000 1.061962e-14
4598.140000 1.070573e-14
4599.610000 1.073894e-14
4601.080000 1.068554e-14
4602.550000 1.070655e-14
4604.020000 1.067035e-14
4605.490000 1.068920e-14
4606.960000 1.064045e-14
4608.430000 1.032118e-14
4609.900000 1.016563e-14
4611.370000 1.078088e-14
4612.840000 1.067127e-14
4614.310000 1.055645e-14
4615.780000 1.066414e-14
4617.250000 1.076947e-14
4618.720000 1.065333e-14
4620.190000 1.046568e-14
4621.660000 1.053082e-14
4623.130000 1.067121e-14
4624.600000 1.072724e-14
4626.070000 1.061682e-14
4627.540000 1.042864e-14
4629.010000 1.044757e-14
4630.480000 1.052572e-14
4631.950000 1.035560e-14
4633.420000 1.023198e-14
4634.890000 1.037544e-14
4636.360000 1.043067e-14
4637.830000 1.030123e-14
4639.300000 1.018035e-14
4640.770000 1.024522e-14
4642.240000 1.028032e-14
4643.710000 1.031984e-14
4645.180000 1.027740e-14
4646.650000 1.032017e-14
4648.120000 1.029708e-14
4649.590000 1.019283e-14
4651.060000 1.019659e-14
4652.530000 1.011305e-14
4654.000000 1.013815e-14
4655.470000 1.018043e-14
4656.940000 1.001738e-14
4658.410000 9.901147e-15
4659.880000 9.912334e-15
4661.350000 9.750131e-15
4662.820000 9.687898e-15
4664.290000 9.724170e-15
4665.760000 9.713207e-15
4667.230000 9.669828e-15
4668.700000 9.560365e-15
4670.170000 9.517051e-15
4671.640000 9.540486e-15
4673.110000 9.521033e-15
4674.580000 9.547010e-15
4676.050000 9.385199e-15
4677.520000 9.240663e-15
4678.990000 9.280889e-15
4680.460000 9.349855e-15
4681.930000 9.247766e-15
4683.400000 9.224423e-15
4684.870000 9.219674e-15
4686.340000 9.084784e-15
4687.810000 9.116775e-15
4689.280000 8.976766e-15
4690.750000 8.958847e-15
4692.220000 9.055284e-15
4693.690000 8.899462e-15
4695.160000 8.789700e-15
4696.630000 8.920467e-15
4698.100000 8.917834e-15
4699.570000 8.768003e-15
4701.040000 8.731473e-15
4702.510000 8.636100e-15
4703.980000 8.666736e-15
4705.450000 8.672859e-15
4706.920000 8.632194e-15
4708.390000 8.601577e-15
4709.860000 8.411452e-15
4711.330000 8.340315e-15
4712.800000 8.308902e-15
4714.270000 8.236143e-15
4715.740000 8.200090e-15
4717.210000 8.272704e-15
4718.680000 8.311881e-15
4720.150000 8.148266e-15
4721.620000 8.071520e-15
4723.090000 8.047639e-15
4724.560000 8.020711e-15
4726.030000 7.907845e-15
4727.500000 7.869539e-15
4728.970000 7.937655e-15
4730.440000 7.893540e-15
4731.910000 7.770166e-15
4733.380000 7.674423e-15
4734.850000 7.574647e-15
4736.320000 7.533417e-15
4737.790000 7.473719e-15
4739.260000 7.371175e-15
4740.730000 7.343214e-15
4742.200000 7.265954e-15
4743.670000 7.135583e-15
4745.140000 7.088901e-15
4746.610000 7.059745e-15
4748.080000 6.995165e-15
4749.550000 6.968485e-15
4751.020000 6.957924e-15
4752.490000 6.926271e-15
4753.960000 6.818962e-15
4755.430000 6.868318e-15
4756.900000 6.809499e-15
4758.370000 6.825247e-15
4759.840000 6.848142e-15
4761.310000 6.826367e-15
4762.780000 6.782940e-15
4764.250000 6.755246e-15
4765.720000 6.808226e-15
4767.190000 6.857331e-15
4768.660000 6.902706e-15
4770.130000 6.933559e-15
4771.600000 6.963359e-15
4773.070000 6.977659e-15
4774.540000 7.007455e-15
4776.010000 7.138374e-15
4777.480000 7.295790e-15
4778.950000 7.426486e-15
4780.420000 7.458943e-15
4781.890000 7.584031e-15
4783.360000 7.695792e-15
4784.830000 7.739194e-15
4786.300000 7.800043e-15
4787.770000 7.963155e-15
4789.240000 8.083695e-15
4790.710000 8.241046e-15
4792.180000 8.403357e-15
4793.650000 8.510459e-15
4795.120000 8.588596e-15
4796.590000 8.631268e-15
4798.060000 8.883773e-15
4799.530000 9.026411e-15
4801.000000 9.032353e-15
4802.470000 9.089161e-15
4803.940000 9.282598e-15
4805.410000 9.288678e-15
4806.880000 9.319639e-15
4808.350000 9.500725e-15
4809.820000 9.573858e-15
4811.290000 9.721652e-15
4812.760000 9.724186e-15
4814.230000 9.728602e-15
4815.700000 9.754318e-15
4817.170000 9.860355e-15
4818.640000 9.981249e-15
4820.110000 9.996379e-15
4821.580000 9.991318e-15
4823.050000 1.011856e-14
4824.520000 1.013684e-14
4825.990000 1.023229e-14
4827.460000 1.040397e-14
4828.930000 1.032494e-14
4830.400000 1.020813e-14
4831.870000 1.025062e-14
4833.340000 1.033641e-14
4834.810000 1.045273e-14
4836.280000 1.059363e-14
4837.750000 1.058654e-14
4839.220000 1.054909e-14
4840.690000 1.064859e-14
4842.160000 1.059211e-14
4843.630000 1.051677e-14
4845.100000 1.056527e-14
4846.570000 1.070853e-14
4848.040000 1.085532e-14
4849.510000 1.080915e-14
4850.980000 1.082230e-14
4852.450000 1.087967e-14
4853.920000 1.088532e-14
4855.390000 1.093016e-14
4856.860000 1.090877e-14
4858.330000 1.084664e-14
4859.800000 1.095067e-14
4861.270000 1.101720e-14
4862.740000 1.102337e-14
4864.210000 1.106659e-14
4865.680000 1.103569e-14
4867.150000 1.110708e-14
4868.620000 1.114451e-14
4870.090000 1.103283e-14
4871.560000 1.113903e-14
4873.030000 1.119625e-14
4874.500000 1.109211e-14
4875.970000 1.109598e-14
4877.440000 1.120354e-14
4878.910000 1.121673e-14
4880.380000 1.121375e-14
4881.850000 1.119822e-14
4883.320000 1.114122e-14
4884.790000 1.113731e-14
4886.260000 1.113415e-14
4887.730000 1.112948e-14
4889.200000 1.115571e-14
4890.670000 1.128919e-14
4892.140000 1.125796e-14
4893.610000 1.120559e-14
4895.080000 1.100975e-14
4896.550000 1.092260e-14
4898.020000 1.089868e-14
4899.490000 1.076564e-14
4900.960000 1.062976e-14
4902.430000 1.067613e-14
4903.900000 1.074742e-14
4905.370000 1.069567e-14
4906.840000 1.059813e-14
4908.310000 1.051222e-14
4909.780000 1.035256e-14
4911.250000 1.024475e-14
4912.720000 1.023456e-14
4914.190000 1.022697e-14
4915.660000 1.020451e-14
4917.130000 1.009040e-14
4918.600000 1.004043e-14
4920.070000 9.947400e-15
4921.540000 9.792911e-15
4923.010000 9.780169e-15
4924.480000 9.761532e-15
4925.950000 9.571580e-15
4927.420000 9.672658e-15
4928.890000 9.756694e-15
4930.360000 9.654714e-15
4931.830000 9.598270e-15
4933.300000 9.527217e-15
4934.770000 9.503275e-15
4936.240000 9.479452e-15
4937.710000 9.359717e-15
4939.180000 9.332558e-15
4940.650000 9.341476e-15
4942.120000 9.380506e-15
4943.590000 9.295687e-15
4945.060000 9.334076e-15
4946.530000 9.490941e-15
4948.000000 9.432897e-15
4949.470000 9.236634e-15
4950.940000 9.311181e-15
4952.410000 9.292310e-15
4953.880000 9.228615e-15
4955.350000 9.315299e-15
4956.820000 9.248509e-15
4958.290000 9.242683e-15
4959.760000 9.292033e-15
4961.230000 9.228849e-15
4962.700000 9.196977e-15
4964.170000 9.173609e-15
4965.640000 9.183147e-15
4967.110000 9.180483e-15
4968.580000 9.103983e-15
4970.050000 9.144763e-15
4971.520000 9.162070e-15
4972.990000 9.179652e-15
4974.460000 9.107267e-15
4975.930000 8.978290e-15
4977.400000 8.985562e-15
4978.870000 9.171100e-15
4980.340000 9.121739e-15
4981.810000 9.049756e-15
4983.280000 9.124333e-15
4984.750000 9.075491e-15
4986.220000 8.996213e-15
4987.690000 8.993004e-15
4989.160000 9.030874e-15
4990.630000 9.003453e-15
4992.100000 8.899965e-15
4993.570000 8.986141e-15
4995.040000 9.061159e-15
4996.510000 9.005590e-15
4997.980000 8.900841e-15
4999.450000 8.924934e-15
5000.920000 8.900762e-15
5002.390000 9.009852e-15
5003.860000 8.991641e-15
5005.330000 8.944866e-15
5006.800000 8.924366e-15
5008.270000 8.812890e-15
5009.740000 8.778125e-15
5011.210000 8.751043e-15
5012.680000 8.776911e-15
5014.150000 8.722694e-15
5015.620000 8.690594e-15
5017.090000 8.728699e-15
5018.560000 8.671412e-15
5020.030000 8.560104e-15
5021.500000 8.577402e-15
5022.970000 8.550461e-15
5024.440000 8.532693e-15
5025.910000 8.372171e-15
5027.380000 8.330195e-15
5028.850000 8.410489e-15
5030.320000 8.396982e-15
5031.790000 8.339537e-15
5033.260000 8.290476e-15
5034.730000 8.267201e-15
5036.200000 8.240424e-15
5037.670000 8.335352e-15
5039.140000 8.300744e-15
5040.610000 8.254071e-15
5042.080000 8.348983e-15
5043.550000 8.305408e-15
5045.020000 8.096509e-15
5046.490000 8.036999e-15
5047.960000 8.150232e-15
5049.430000 8.308483e-15
5050.900000 8.293651e-15
5052.370000 8.168574e-15
5053.840000 8.279806e-15
5055.310000 8.174910e-15
5056.780000 7.954076e-15
5058.250000 7.905716e-15
5059.720000 7.993786e-15
5061.190000 7.757352e-15
5062.660000 7.679508e-15
5064.130000 7.760294e-15
5065.600000 7.718149e-15
5067.070000 7.733929e-15
5068.540000 7.713358e-15
5070.010000 7.602436e-15
5071.480000 7.492041e-15
5072.950000 7.448940e-15
5074.420000 7.512103e-15
5075.890000 7.500684e-15
5077.360000 7.402719e-15
5078.830000 7.430914e-15
5080.300000 7.348354e-15
5081.770000 7.448829e-15
5083.240000 7.393012e-15
5084.710000 7.327455e-15
5086.180000 7.357521e-15
5087.650000 7.318610e-15
5089.120000 7.361179e-15
5090.590000 7.334668e-15
5092.060000 7.293974e-15
5093.530000 7.297348e-15
5095.000000 7.354826e-15
5096.470000 7.335271e-15
5097.940000 7.474060e-15
5099.410000 7.506072e-15
5100.880000 7.449791e-15
5102.350000 7.415888e-15
5103.820000 7.470098e-15
5105.290000 7.559167e-15
5106.760000 7.494692e-15
5108.230000 7.422105e-15
5109.700000 7.356535e-15
5111.170000 7.434575e-15
5112.640000 7.429221e-15
5114.110000 7.433252e-15
5115.580000 7.552859e-15
5117.050000 7.442020e-15
5118.520000 7.379538e-15
5119.990000 7.422333e-15
5121.460000 7.468947e-15
5122.930000 7.483459e-15
5124.400000 7.435923e-15
5125.870000 7.488558e-15
5127.340000 7.528784e-15
5128.810000 7.608700e-15
5130.280000 7.646240e-15
5131.750000 7.590604e-15
5133.220000 7.509436e-15
5134.690000 7.572728e-15
5136.160000 7.624784e-15
5137.630000 7.593535e-15
5139.100000 7.582609e-15
5140.570000 7.621771e-15
5142.040000 7.546056e-15
5143.510000 7.601435e-15
5144.980000 7.613501e-15
5146.450000 7.644010e-15
5147.920000 7.542828e-15
5149.390000 7.529851e-15
5150.860000 7.441597e-15
5152.330000 7.721786e-15
5153.800000 7.710244e-15
5155.270000 7.644936e-15
5156.740000 7.569339e-15
5158.210000 7.649281e-15
5159.680000 7.734195e-15
5161.150000 7.631806e-15
5162.620000 7.685576e-15
5164.090000 7.623033e-15
5165.560000 7.592484e-15
5167.030000 7.585085e-15
5168.500000 7.609668e-15
5169.970000 7.661035e-15
5171.440000 7.561553e-15
5172.910000 7.594790e-15
5174.380000 7.678414e-15
5175.850000 7.753652e-15
5177.320000 7.708700e-15
5178.790000 7.674505e-15
5180.260000 7.735341e-15
5181.730000 7.845514e-15
5183.200000 7.793334e-15
5184.670000 7.703143e-15
5186.140000 7.728114e-15
5187.610000 7.789496e-15
5189.080000 7.851410e-15
5190.550000 7.861110e-15
5192.020000 7.818504e-15
5193.490000 7.943513e-15
5194.960000 7.953683e-15
5196.430000 7.791895e-15
5197.900000 7.898011e-15
5199.370000 7.892631e-15
5200.840000 7.820581e-15
5202.310000 7.943880e-15
5203.780000 7.885072e-15
5205.250000 7.878903e-15
5206.720000 7.883004e-15
5208.190000 7.952539e-15
5209.660000 7.752856e-15
5211.130000 7.861703e-15
5212.600000 7.883802e-15
5214.070000 7.832811e-15
5215.540000 7.856276e-15
5217.010000 7.867196e-15
5218.480000 7.815816e-15
5219.950000 7.742073e-15
5221.420000 7.770466e-15
5222.890000 7.840179e-15
5224.360000 7.862972e-15
5225.830000 7.816882e-15
5227.300000 7.803099e-15
5228.770000 7.868210e-15
5230.240000 7.697051e-15
5231.710000 7.772276e-15
5233.180000 7.805087e-15
5234.650000 7.819712e-15
5236.120000 7.884961e-15
5237.590000 7.858260e-15
5239.060000 7.764314e-15
5240.530000 7.792660e-15
5242.000000 7.858943e-15
5243.470000 7.764508e-15
5244.940000 7.756646e-15
5246.410000 7.880411e-15
5247.880000 7.876902e-15
5249.350000 7.833462e-15
5250.820000 7.751638e-15
5252.290000 7.842538e-15
5253.760000 7.815629e-15
5255.230000 7.857382e-15
5256.700000 7.844200e-15
5258.170000 7.980158e-15
5259.640000 7.916966e-15
5261.110000 7.926308e-15
5262.580000 7.901188e-15
5264.050000 7.880735e-15
5265.520000 7.812545e-15
5266.990000 7.836258e-15
5268.460000 7.945314e-15
5269.930000 8.040593e-15
5271.400000 7.945132e-15
5272.870000 7.922869e-15
5274.340000 7.910855e-15
5275.810000 7.853977e-15
5277.280000 7.870454e-15
5278.750000 7.928734e-15
5280.220000 7.934137e-15
5281.690000 7.923866e-15
5283.160000 8.021051e-15
5284.630000 8.023047e-15
5286.100000 7.975170e-15
5287.570000 7.928669e-15
5289.040000 7.980394e-15
5290.510000 7.919167e-15
5291.980000 7.854754e-15
5293.450000 7.935710e-15
5294.920000 8.002727e-15
5296.390000 7.918425e-15
5297.860000 7.857436e-15
5299.330000 7.947424e-15
5300.800000 7.944303e-15
5302.270000 7.950807e-15
5303.740000 7.941895e-15
5305.210000 7.768567e-15
5306.680000 7.748022e-15
5308.150000 7.742162e-15
5309.620000 7.790805e-15
5311.090000 7.798006e-15
5312.560000 7.728142e-15
5314.030000 7.795131e-15
5315.500000 7.744322e-15
5316.970000 7.742348e-15
5318.440000 7.796216e-15
5319.910000 7.730022e-15
5321.380000 7.683440e-15
5322.850000 7.658791e-15
5324.320000 7.656983e-15
5325.790000 7.675359e-15
5327.260000 7.699236e-15
5328.730000 7.836661e-15
5330.200000 7.899645e-15
5331.670000 7.862098e-15
5333.140000 7.843053e-15
5334.610000 7.806130e-15
5336.080000 7.723015e-15
5337.550000 7.694357e-15
5339.020000 7.750090e-15
5340.490000 7.873646e-15
5341.960000 7.829987e-15
5343.430000 7.804257e-15
5344.900000 7.792714e-15
5346.370000 7.764559e-15
5347.840000 7.784740e-15
5349.310000 7.791586e-15
5350.780000 7.859400e-15
5352.250000 7.799062e-15
5353.720000 7.758271e-15
5355.190000 7.835624e-15
5356.660000 7.781566e-15
5358.130000 7.761631e-15
5359.600000 7.817466e-15
5361.070000 7.748399e-15
5362.540000 7.681594e-15
5364.010000 7.651478e-15
5365.480000 7.646707e-15
5366.950000 7.697092e-15
5368.420000 7.700200e-15
5369.890000 7.648217e-15
5371.360000 7.641479e-15
5372.830000 7.762556e-15
5374.300000 7.775229e-15
5375.770000 7.689857e-15
5377.240000 7.724772e-15
5378.710000 7.726803e-15
5380.180000 7.719910e-15
5381.650000 7.631551e-15
5383.120000 7.573603e-15
5384.590000 7.576692e-15
5386.060000 7.564430e-15
5387.530000 7.532497e-15
5389.000000 7.437522e-15
5390.470000 7.452892e-15
5391.940000 7.387195e-15
5393.410000 7.418203e-15
5394.880000 7.508520e-15
5396.350000 7.531957e-15
5397.820000 7.501766e-15
5399.290000 7.544080e-15
5400.760000 7.545382e-15
5402.230000 7.431160e-15
5403.700000 7.418651e-15
5405.170000 7.449213e-15
5406.640000 7.401113e-15
5408.110000 7.424485e-15
5409.580000 7.362161e-15
5411.050000 7.346768e-15
5412.520000 7.337991e-15
5413.990000 7.252269e-15
5415.460000 7.281965e-15
5416.930000 7.371053e-15
5418.400000 7.285351e-15
5419.870000 7.381043e-15
5421.340000 7.353357e-15
5422.810000 7.251051e-15
5424.280000 7.369157e-15
5425.750000 7.379229e-15
5427.220000 7.342210e-15
5428.690000 7.350297e-15
5430.160000 7.262192e-15
5431.630000 7.310808e-15
5433.100000 7.331960e-15
5434.570000 7.290093e-15
5436.040000 7.326461e-15
5437.510000 7.392727e-15
5438.980000 7.465548e-15
5440.450000 7.388932e-15
5441.920000 7.354759e-15
5443.390000 7.457223e-15
5444.860000 7.412438e-15
5446.330000 7.273481e-15
5447.800000 7.276793e-15
5449.270000 7.361225e-15
5450.740000 7.422059e-15
5452.210000 7.356848e-15
5453.680000 7.395372e-15
5455.150000 7.432294e-15
5456.620000 7.285572e-15
5458.090000 7.378372e-15
5459.560000 7.420862e-15
5461.030000 7.410310e-15
5462.500000 7.385939e-15
5463.970000 7.276991e-15
5465.440000 7.355422e-15
5466.910000 7.379323e-15
5468.380000 7.397220e-15
5469.850000 7.433727e-15
5471.320000 7.348224e-15
5472.790000 7.263798e-15
5474.260000 7.452261e-15
5475.730000 7.452009e-15
5477.200000 7.343193e-15
5478.670000 7.291527e-15
5480.140000 7.356709e-15
5481.610000 7.302344e-15
5483.080000 7.372264e-15
5484.550000 7.402354e-15
5486.020000 7.287515e-15
5487.490000 7.255118e-15
5488.960000 7.204231e-15
5490.430000 7.152345e-15
5491.900000 7.203927e-15
5493.370000 7.233868e-15
5494.840000 7.205983e-15
5496.310000 7.207789e-15
5497.780000 7.214247e-15
5499.250000 7.279240e-15
5500.720000 7.262605e-15
5502.190000 7.085047e-15
5503.660000 7.230204e-15
5505.130000 7.187925e-15
5506.600000 7.216947e-15
5508.070000 7.160294e-15
5509.540000 7.227730e-15
5511.010000 7.140726e-15
5512.480000 7.109994e-15
5513.950000 7.019593e-15
5515.420000 7.041244e-15
5516.890000 7.125890e-15
5518.360000 7.136676e-15
5519.830000 7.134591e-15
5521.300000 7.078451e-15
5522.770000 7.095023e-15
5524.240000 7.049181e-15
5525.710000 7.139877e-15
5527.180000 7.051732e-15
5528.650000 6.945990e-15
5530.120000 7.065147e-15
5531.590000 7.050647e-15
5533.060000 7.003606e-15
5534.530000 6.922012e-15
5536.000000 6.914212e-15
5537.470000 6.958238e-15
5538.940000 6.931063e-15
5540.410000 6.925604e-15
5541.880000 6.958618e-15
5543.350000 6.975220e-15
5544.820000 6.865471e-15
5546.290000 6.974685e-15
5547.760000 6.980609e-15
5549.230000 6.934417e-15
5550.700000 6.825240e-15
5552.170000 6.781508e-15
5553.640000 6.908949e-15
5555.110000 6.910493e-15
5556.580000 6.836180e-15
5558.050000 6.905227e-15
5559.520000 6.904538e-15
5560.990000 6.896309e-15
5562.460000 6.766534e-15
5563.930000 6.778458e-15
5565.400000 6.762363e-15
5566.870000 6.801911e-15
5568.340000 6.691317e-15
5569.810000 6.773198e-15
5571.280000 6.794259e-15
5572.750000 6.704943e-15
5574.220000 6.626658e-15
5575.690000 6.748640e-15
5577.160000 6.809465e-15
5578.630000 6.750067e-15
5580.100000 6.683711e-15
5581.570000 6.679635e-15
5583.040000 6.657290e-15
5584.510000 6.671532e-15
5585.980000 6.752629e-15
5587.450000 6.719697e-15
5588.920000 6.772352e-15
5590.390000 6.721441e-15
5591.860000 6.737990e-15
5593.330000 6.703044e-15
5594.800000 6.725063e-15
5596.270000 6.721421e-15
5597.740000 6.705325e-15
5599.210000 6.693565e-15
5600.680000 6.671820e-15
5602.150000 6.694110e-15
5603.620000 6.610523e-15
5605.090000 6.604194e-15
5606.560000 6.652751e-15
5608.030000 6.683529e-15
5609.500000 6.723546e-15
5610.970000 6.711611e-15
5612.440000 6.694693e-15
5613.910000 6.696188e-15
5615.380000 6.707750e-15
5616.850000 6.693024e-15
5618.320000 6.679375e-15
5619.790000 6.634306e-15
5621.260000 6.683276e-15
5622.730000 6.683815e-15
5624.200000 6.637725e-15
5625.670000 6.669617e-15
5627.140000 6.657844e-15
5628.610000 6.532925e-15
5630.080000 6.582192e-15
5631.550000 6.669423e-15
5633.020000 6.648812e-15
5634.490000 6.618874e-15
5635.960000 6.544239e-15
5637.430000 6.540197e-15
5638.900000 6.538166e-15
5640.370000 6.513717e-15
5641.840000 6.501761e-15
5643.310000 6.553937e-15
5644.780000 6.617284e-15
5646.250000 6.583895e-15
5647.720000 6.587375e-15
5649.190000 6.598780e-15
5650.660000 6.543444e-15
5652.130000 6.568590e-15
5653.600000 6.533984e-15
5655.070000 6.478177e-15
5656.540000 6.566906e-15
5658.010000 6.532299e-15
5659.480000 6.514779e-15
5660.950000 6.516230e-15
5662.420000 6.468492e-15
5663.890000 6.501681e-15
5665.360000 6.472553e-15
5666.830000 6.489143e-15
5668.300000 6.575553e-15
5669.770000 6.561559e-15
5671.240000 6.459851e-15
5672.710000 6.448411e-15
5674.180000 6.428506e-15
5675.650000 6.486763e-15
5677.120000 6.581609e-15
5678.590000 6.365607e-15
5680.060000 6.331916e-15
5681.530000 6.482820e-15
5683.000000 6.437261e-15
5684.470000 6.360912e-15
5685.940000 6.414642e-15
5687.410000 6.425889e-15
5688.880000 6.352342e-15
5690.350000 6.247830e-15
5691.820000 6.332607e-15
5693.290000 6.339846e-15
5694.760000 6.208038e-15
5696.230000 6.309755e-15
5697.700000 6.363883e-15
5699.170000 6.393829e-15
5700.640000 6.318684e-15
5702.110000 6.347875e-15
5703.580000 6.353585e-15
5705.050000 6.294662e-15
5706.520000 6.249347e-15
5707.990000 6.251964e-15
5709.460000 6.296812e-15
5710.930000 6.248819e-15
5712.400000 6.236339e-15
5713.870000 6.180734e-15
5715.340000 6.240302e-15
5716.810000 6.312203e-15
5718.280000 6.246294e-15
5719.750000 6.167128e-15
5721.220000 6.142353e-15
5722.690000 6.163813e-15
5724.160000 6.219753e-15
5725.630000 6.189694e-15
5727.100000 6.159947e-15
5728.570000 6.110646e-15
5730.040000 6.084559e-15
5731.510000 6.116916e-15
5732.980000 6.090816e-15
5734.450000 6.066930e-15
5735.920000 6.035988e-15
5737.390000 6.032220e-15
5738.860000 6.024618e-15
5740.330000 5.957516e-15
5741.800000 5.992085e-15
5743.270000 5.984082e-15
5744.740000 5.955389e-15
5746.210000 5.997227e-15
5747.680000 5.972039e-15
5749.150000 5.958139e-15
5750.620000 5.904231e-15
5752.090000 5.983064e-15
5753.560000 5.914291e-15
5755.030000 5.961410e-15
5756.500000 6.017164e-15
5757.970000 5.991791e-15
5759.440000 5.990937e-15
5760.910000 6.044812e-15
5762.380000 5.969623e-15
5763.850000 5.935932e-15
5765.320000 5.877811e-15
5766.790000 5.856834e-15
5768.260000 5.919739e-15
5769.730000 5.901612e-15
5771.200000 5.972238e-15
5772.670000 5.979621e-15
5774.140000 5.974096e-15
5775.610000 5.947635e-15
5777.080000 5.857679e-15
5778.550000 5.869742e-15
5780.020000 5.856293e-15
5781.490000 5.828313e-15
5782.960000 5.786452e-15
5784.430000 5.913355e-15
5785.900000 5.971402e-15
5787.370000 5.924263e-15
5788.840000 5.949856e-15
5790.310000 5.970631e-15
5791.780000 5.916989e-15
5793.250000 5.920693e-15
5794.720000 5.951429e-15
5796.190000 5.867030e-15
5797.660000 5.907054e-15
5799.130000 6.007264e-15
5800.600000 5.982855e-15
5802.070000 5.975184e-15
5803.540000 5.989095e-15
5805.010000 5.960262e-15
5806.480000 5.995623e-15
5807.950000 5.962955e-15
5809.420000 5.958854e-15
5810.890000 6.025749e-15
5812.360000 6.022040e-15
5813.830000 6.020323e-15
5815.300000 6.053523e-15
5816.770000 6.069182e-15
5818.240000 6.055803e-15
5819.710000 6.040735e-15
5821.180000 6.138722e-15
5822.650000 6.139113e-15
5824.120000 6.145523e-15
5825.590000 6.191994e-15
5827.060000 6.151672e-15
5828.530000 6.157313e-15
5830.000000 6.132213e-15
5831.470000 6.123591e-15
5832.940000 6.185650e-15
5834.410000 6.101322e-15
5835.880000 6.115101e-15
5837.350000 6.226683e-15
5838.820000 6.261824e-15
5840.290000 6.282512e-15
5841.760000 6.207708e-15
5843.230000 6.182899e-15
5844.700000 6.173483e-15
5846.170000 6.209073e-15
5847.640000 6.301574e-15
5849.110000 6.257967e-15
5850.580000 6.234839e-15
5852.050000 6.248658e-15
5853.520000 6.267715e-15
5854.990000 6.328465e-15
5856.460000 6.305545e-15
5857.930000 6.303159e-15
5859.400000 6.290283e-15
5860.870000 6.232897e-15
5862.340000 6.199688e-15
5863.810000 6.242815e-15
5865.280000 6.283353e-15
5866.750000 6.243291e-15
5868.220000 6.280829e-15
5869.690000 6.306265e-15
5871.160000 6.301036e-15
5872.630000 6.315562e-15
5874.100000 6.275724e-15
5875.570000 6.267757e-15
5877.040000 6.294859e-15
5878.510000 6.277170e-15
5879.980000 6.278191e-15
5881.450000 6.335373e-15
5882.920000 6.276834e-15
5884.390000 6.199014e-15
5885.860000 6.253705e-15
5887.330000 6.080849e-15
5888.800000 5.878267e-15
5890.270000 5.877487e-15
5891.740000 6.011631e-15
5893.210000 6.047409e-15
5894.680000 5.996050e-15
5896.150000 5.980053e-15
5897.620000 6.040927e-15
5899.090000 6.074869e-15
5900.560000 6.088974e-15
5902.030000 6.122367e-15
5903.500000 6.215076e-15
5904.970000 6.299184e-15
5906.440000 6.217718e-15
5907.910000 6.122753e-15
5909.380000 6.160486e-15
5910.850000 6.144483e-15
5912.320000 6.118624e-15
5913.790000 6.027624e-15
5915.260000 6.093815e-15
5916.730000 6.124123e-15
5918.200000 6.132217e-15
5919.670000 6.084833e-15
5921.140000 6.128839e-15
5922.610000 6.108452e-15
5924.080000 6.021938e-15
5925.550000 6.078453e-15
5927.020000 6.166611e-15
5928.490000 6.094590e-15
5929.960000 6.068510e-15
5931.430000 6.135430e-15
5932.900000 6.092096e-15
5934.370000 6.063687e-15
5935.840000 6.089630e-15
5937.310000 6.023808e-15
5938.780000 5.971575e-15
5940.250000 5.955581e-15
5941.720000 5.963974e-15
5943.190000 5.965204e-15
5944.660000 6.017354e-15
5946.130000 6.067980e-15
5947.600000 6.080134e-15
5949.070000 5.963284e-15
5950.540000 5.975274e-15
5952.010000 6.032785e-15
5953.480000 6.083086e-15
5954.950000 6.051972e-15
5956.420000 5.968933e-15
5957.890000 5.980533e-15
5959.360000 6.040615e-15
5960.830000 6.056433e-15
5962.300000 6.020571e-15
5963.770000 6.082255e-15
5965.240000 6.058732e-15
5966.710000 5.979076e-15
5968.180000 5.911268e-15
5969.650000 5.954094e-15
5971.120000 5.985516e-15
5972.590000 5.982637e-15
5974.060000 6.049176e-15
5975.530000 6.032143e-15
5977.000000 5.919983e-15
5978.470000 5.901249e-15
5979.940000 6.012855e-15
5981.410000 6.117688e-15
5982.880000 6.039433e-15
5984.350000 6.024499e-15
5985.820000 5.964139e-15
5987.290000 6.026193e-15
5988.760000 5.949787e-15
5990.230000 5.915420e-15
5991.700000 5.932461e-15
5993.170000 6.002449e-15
5994.640000 5.965126e-15
5996.110000 5.977221e-15
5997.580000 5.961891e-15
5999.050000 5.984223e-15
6000.520000 5.991140e-15
6001.990000 6.004998e-15
6003.460000 6.070251e-15
6004.930000 6.025132e-15
6006.400000 5.983558e-15
6007.870000 5.949731e-15
6009.340000 5.877185e-15
6010.810000 6.033134e-15
6012.280000 6.010440e-15
6013.750000 5.956965e-15
6015.220000 5.958533e-15
6016.690000 5.943476e-15
6018.160000 5.966085e-15
6019.630000 5.983216e-15
6021.100000 5.946254e-15
6022.570000 5.909956e-15
6024.040000 5.926094e-15
6025.510000 5.902042e-15
6026.980000 5.853607e-15
6028.450000 5.880638e-15
6029.920000 5.858734e-15
6031.390000 5.840476e-15
6032.860000 5.862891e-15
6034.330000 5.836573e-15
6035.800000 5.961889e-15
6037.270000 5.894183e-15
6038.740000 5.777168e-15
6040.210000 5.901960e-15
6041.680000 5.950588e-15
6043.150000 5.891838e-15
6044.620000 5.778672e-15
6046.090000 5.767151e-15
6047.560000 5.858461e-15
6049.030000 5.836959e-15
6050.500000 5.805348e-15
6051.970000 5.818035e-15
6053.440000 5.880877e-15
6054.910000 5.916007e-15
6056.380000 5.937513e-15
6057.850000 5.935316e-15
6059.320000 5.879645e-15
6060.790000 5.845905e-15
6062.260000 5.862639e-15
6063.730000 5.892696e-15
6065.200000 5.965209e-15
6066.670000 5.933343e-15
6068.140000 5.812241e-15
6069.610000 5.801617e-15
6071.080000 5.861594e-15
6072.550000 5.844590e-15
6074.020000 5.801392e-15
6075.490000 5.811066e-15
6076.960000 5.811661e-15
6078.430000 5.853753e-15
6079.900000 5.853214e-15
6081.370000 5.940428e-15
6082.840000 5.891143e-15
6084.310000 5.780668e-15
6085.780000 5.844397e-15
6087.250000 5.735976e-15
6088.720000 5.711947e-15
6090.190000 5.824109e-15
6091.660000 5.859817e-15
6093.130000 5.791606e-15
6094.600000 5.811223e-15
6096.070000 5.825935e-15
6097.540000 5.813480e-15
6099.010000 5.810177e-15
6100.480000 5.753325e-15
6101.950000 5.759828e-15
6103.420000 5.774927e-15
6104.890000 5.781434e-15
6106.360000 5.754348e-15
6107.830000 5.749280e-15
6109.300000 5.644921e-15
6110.770000 5.706190e-15
6112.240000 5.793635e-15
6113.710000 5.663652e-15
6115.180000 5.648951e-15
6116.650000 5.741416e-15
6118.120000 5.755715e-15
6119.590000 5.698157e-15
6121.060000 5.740522e-15
6122.530000 5.714031e-15
6124.000000 5.678602e-15
6125.470000 5.749274e-15
6126.940000 5.735497e-15
6128.410000 5.706003e-15
6129.880000 5.652668e-15
6131.350000 5.673931e-15
6132.820000 5.682055e-15
6134.290000 5.692646e-15
6135.760000 5.663216e-15
6137.230000 5.696777e-15
6138.700000 5.782727e-15
6140.170000 5.728666e-15
6141.640000 5.715461e-15
6143.110000 5.696376e-15
6144.580000 5.729590e-15
6146.050000 5.741288e-15
6147.520000 5.703774e-15
6148.990000 5.718899e-15
6150.460000 5.732832e-15
6151.930000 5.658488e-15
6153.400000 5.706889e-15
6154.870000 5.696916e-15
6156.340000 5.652189e-15
6157.810000 5.614842e-15
6159.280000 5.585450e-15
6160.750000 5.638591e-15
6162.220000 5.614397e-15
6163.690000 5.558042e-15
6165.160000 5.643103e-15
6166.630000 5.630829e-15
6168.100000 5.583253e-15
6169.570000 5.691085e-15
6171.040000 5.783350e-15
6172.510000 5.751221e-15
6173.980000 5.694923e-15
6175.450000 5.618175e-15
6176.920000 5.686644e-15
6178.390000 5.705909e-15
6179.860000 5.658538e-15
6181.330000 5.611062e-15
6182.800000 5.633419e-15
6184.270000 5.581397e-15
6185.740000 5.631546e-15
6187.210000 5.617298e-15
6188.680000 5.607174e-15
6190.150000 5.507995e-15
6191.620000 5.606747e-15
6193.090000 5.635691e-15
6194.560000 5.660660e-15
6196.030000 5.727867e-15
6197.500000 5.751054e-15
6198.970000 5.690199e-15
6200.440000 5.630320e-15
6201.910000 5.565606e-15
6203.380000 5.607549e-15
6204.850000 5.698631e-15
6206.320000 5.649791e-15
6207.790000 5.569447e-15
6209.260000 5.557096e-15
6210.730000 5.574707e-15
6212.200000 5.618896e-15
6213.670000 5.616920e-15
6215.140000 5.651634e-15
6216.610000 5.540461e-15
6218.080000 5.551467e-15
6219.550000 5.536600e-15
6221.020000 5.525686e-15
6222.490000 5.568529e-15
6223.960000 5.545320e-15
6225.430000 5.572978e-15
6226.900000 5.570271e-15
6228.370000 5.549217e-15
6229.840000 5.506808e-15
6231.310000 5.472815e-15
6232.780000 5.465510e-15
6234.250000 5.460306e-15
6235.720000 5.404009e-15
6237.190000 5.400645e-15
6238.660000 5.389416e-15
6240.130000 5.324519e-15
6241.600000 5.331934e-15
6243.070000 5.377915e-15
6244.540000 5.335643e-15
6246.010000 5.289174e-15
6247.480000 5.265693e-15
6248.950000 5.307749e-15
6250.420000 5.323691e-15
6251.890000 5.292222e-15
6253.360000 5.327943e-15
6254.830000 5.351094e-15
6256.300000 5.344862e-15
6257.770000 5.333391e-15
6259.240000 5.265630e-15
6260.710000 5.312105e-15
6262.180000 5.319307e-15
6263.650000 5.239423e-15
6265.120000 5.257931e-15
6266.590000 5.250530e-15
6268.060000 5.251435e-15
6269.530000 5.246943e-15
6271.000000 5.220656e-15
6272.470000 5.235306e-15
6273.940000 5.173205e-15
6275.410000 5.101061e-15
6276.880000 5.188622e-15
6278.350000 5.284212e-15
6279.820000 5.279354e-15
6281.290000 5.222606e-15
6282.760000 5.290616e-15
6284.230000 5.288132e-15
6285.700000 5.180054e-15
6287.170000 5.155524e-15
6288.640000 5.260332e-15
6290.110000 5.229137e-15
6291.580000 5.205188e-15
6293.050000 5.321385e-15
6294.520000 5.326069e-15
6295.990000 5.282849e-15
6297.460000 5.272496e-15
6298.930000 5.299084e-15
6300.400000 5.406060e-15
6301.870000 5.389086e-15
6303.340000 5.365727e-15
6304.810000 5.353309e-15
6306.280000 5.293580e-15
6307.750000 5.327570e-15
6309.220000 5.369358e-15
6310.690000 5.329908e-15
6312.160000 5.305273e-15
6313.630000 5.287188e-15
6315.100000 5.368447e-15
6316.570000 5.311258e-15
6318.040000 5.245724e-15
6319.510000 5.347778e-15
6320.980000 5.410693e-15
6322.450000 5.377233e-15
6323.920000 5.270349e-15
6325.390000 5.207606e-15
6326.860000 5.313125e-15
6328.330000 5.335684e-15
6329.800000 5.341551e-15
6331.270000 5.272789e-15
6332.740000 5.266398e-15
6334.210000 5.305494e-15
6335.680000 5.348268e-15
6337.150000 5.284461e-15
6338.620000 5.195188e-15
6340.090000 5.296440e-15
6341.560000 5.311081e-15
6343.030000 5.200091e-15
6344.500000 5.246635e-15
6345.970000 5.242452e-15
6347.440000 5.282881e-15
6348.910000 5.226251e-15
6350.380000 5.233735e-15
6351.850000 5.224052e-15
6353.320000 5.261431e-15
6354.790000 5.182430e-15
6356.260000 5.049502e-15
6357.730000 5.114727e-15
6359.200000 5.141105e-15
6360.670000 5.148394e-15
6362.140000 5.094843e-15
6363.610000 5.192773e-15
6365.080000 5.126331e-15
6366.550000 5.076712e-15
6368.020000 5.115040e-15
6369.490000 5.107218e-15
6370.960000 5.055927e-15
6372.430000 5.090828e-15
6373.900000 4.998248e-15
6375.370000 5.053038e-15
6376.840000 5.104207e-15
6378.310000 4.964339e-15
6379.780000 4.939947e-15
6381.250000 5.049783e-15
6382.720000 4.968924e-15
6384.190000 4.987916e-15
6385.660000 4.974954e-15
6387.130000 4.899608e-15
6388.600000 4.883243e-15
6390.070000 4.842913e-15
6391.540000 4.825664e-15
6393.010000 4.838419e-15
6394.480000 4.823945e-15
6395.950000 4.787191e-15
6397.420000 4.736979e-15
6398.890000 4.713884e-15
6400.360000 4.675304e-15
6401.830000 4.628167e-15
6403.300000 4.535261e-15
6404.770000 4.570335e-15
6406.240000 4.514488e-15
6407.710000 4.449177e-15
6409.180000 4.489355e-15
6410.650000 4.424163e-15
6412.120000 4.378115e-15
6413.590000 4.409307e-15
6415.060000 4.444431e-15
6416.530000 4.389113e-15
6418.000000 4.362869e-15
6419.470000 4.392726e-15
6420.940000 4.358551e-15
6422.410000 4.385333e-15
6423.880000 4.435072e-15
6425.350000 4.423513e-15
6426.820000 4.488733e-15
6428.290000 4.561198e-15
6429.760000 4.561680e-15
6431.230000 4.574280e-15
6432.700000 4.659584e-15
6434.170000 4.632810e-15
6435.640000 4.660107e-15
6437.110000 4.748158e-15
6438.580000 4.812561e-15
6440.050000 4.808647e-15
6441.520000 4.820750e-15
6442.990000 4.869912e-15
6444.460000 5.014073e-15
6445.930000 5.156195e-15
6447.400000 5.236684e-15
6448.870000 5.302942e-15
6450.340000 5.346632e-15
6451.810000 5.390939e-15
6453.280000 5.495202e-15
6454.750000 5.604470e-15
6456.220000 5.653135e-15
6457.690000 5.639512e-15
6459.160000 5.669129e-15
6460.630000 5.727572e-15
6462.100000 5.851859e-15
6463.570000 5.964272e-15
6465.040000 6.099269e-15
6466.510000 6.224156e-15
6467.980000 6.210949e-15
6469.450000 6.263897e-15
6470.920000 6.335208e-15
6472.390000 6.374264e-15
6473.860000 6.428574e-15
6475.330000 6.537148e-15
6476.800000 6.660803e-15
6478.270000 6.768954e-15
6479.740000 6.844440e-15
6481.210000 6.942201e-15
6482.680000 7.003075e-15
6484.150000 6.985909e-15
6485.620000 7.011739e-15
6487.090000 7.202496e-15
6488.560000 7.243733e-15
6490.030000 7.243181e-15
6491.500000 7.341015e-15
6492.970000 7.351083e-15
6494.440000 7.356094e-15
6495.910000 7.347002e-15
6497.380000 7.537770e-15
6498.850000 7.613920e-15
6500.320000 7.642741e-15
6501.790000 7.708877e-15
6503.260000 7.809847e-15
6504.730000 7.756838e-15
6506.200000 7.786225e-15
6507.670000 7.889270e-15
6509.140000 7.839911e-15
6510.610000 7.819886e-15
6512.080000 7.926552e-15
6513.550000 7.950192e-15
6515.020000 7.935558e-15
6516.490000 7.906467e-15
6517.960000 7.948778e-15
6519.430000 7.933745e-15
6520.900000 8.054086e-15
6522.370000 7.964251e-15
6523.840000 8.007182e-15
6525.310000 8.011276e-15
6526.780000 8.027137e-15
6528.250000 8.098076e-15
6529.720000 8.213477e-15
6531.190000 8.107095e-15
6532.660000 8.093296e-15
6534.130000 8.089697e-15
6535.600000 8.154126e-15
6537.070000 8.213448e-15
6538.540000 8.201816e-15
6540.010000 8.246313e-15
6541.480000 8.208019e-15
6542.950000 8.234232e-15
6544.420000 8.080931e-15
6545.890000 8.080360e-15
6547.360000 8.156220e-15
6548.830000 8.071733e-15
6550.300000 8.042364e-15
6551.770000 8.125286e-15
6553.240000 8.040780e-15
6554.710000 8.066709e-15
6556.180000 7.999474e-15
6557.650000 7.991880e-15
6559.120000 7.945725e-15
6560.590000 8.082770e-15
6562.060000 7.942268e-15
6563.530000 8.033527e-15
6565.000000 8.105236e-15
6566.470000 8.061690e-15
6567.940000 8.003605e-15
6569.410000 7.922633e-15
6570.880000 8.055407e-15
6572.350000 8.055544e-15
6573.820000 8.054607e-15
6575.290000 8.026518e-15
6576.760000 8.042396e-15
6578.230000 8.013660e-15
6579.700000 8.020726e-15
6581.170000 7.985014e-15
6582.640000 8.097383e-15
6584.110000 8.129134e-15
6585.580000 7.976916e-15
6587.050000 7.979117e-15
6588.520000 8.084407e-15
6589.990000 8.007461e-15
6591.460000 7.964941e-15
6592.930000 7.960858e-15
6594.400000 8.000620e-15
6595.870000 7.961005e-15
6597.340000 7.970243e-15
6598.810000 7.940512e-15
6600.280000 7.955085e-15
6601.750000 8.004562e-15
6603.220000 7.994748e-15
6604.690000 7.908258e-15
6606.160000 7.926366e-15
6607.630000 7.948762e-15
6609.100000 7.861145e-15
6610.570000 7.718788e-15
6612.040000 7.768763e-15
6613.510000 7.746665e-15
6614.980000 7.764506e-15
6616.450000 7.711533e-15
6617.920000 7.623851e-15
6619.390000 7.589239e-15
6620.860000 7.702620e-15
6622.330000 7.595105e-15
6623.800000 7.430700e-15
6625.270000 7.366192e-15
6626.740000 7.396737e-15
6628.210000 7.499923e-15
6629.680000 7.479783e-15
6631.150000 7.343683e-15
6632.620000 7.210181e-15
6634.090000 7.193975e-15
6635.560000 7.231007e-15
6637.030000 7.261276e-15
6638.500000 7.270112e-15
6639.970000 7.186000e-15
6641.440000 7.184203e-15
6642.910000 7.305506e-15
6644.380000 7.247425e-15
6645.850000 7.069353e-15
6647.320000 7.115554e-15
6648.790000 7.158749e-15
6650.260000 7.090846e-15
6651.730000 7.115685e-15
6653.200000 7.034563e-15
6654.670000 7.021726e-15
6656.140000 6.973793e-15
6657.610000 6.884631e-15
6659.080000 6.947647e-15
6660.550000 6.938479e-15
6662.020000 6.863486e-15
6663.490000 6.734008e-15
6664.960000 6.690862e-15
6666.430000 6.713885e-15
6667.900000 6.634329e-15
6669.370000 6.624210e-15
6670.840000 6.603899e-15
6672.310000 6.522734e-15
6673.780000 6.450775e-15
6675.250000 6.427479e-15
6676.720000 6.439128e-15
6678.190000 6.356600e-15
6679.660000 6.314402e-15
6681.130000 6.380077e-15
6682.600000 6.403967e-15
6684.070000 6.370485e-15
6685.540000 6.364324e-15
6687.010000 6.293469e-15
6688.480000 6.200271e-15
6689.950000 6.185462e-15
6691.420000 6.144470e-15
6692.890000 6.120771e-15
6694.360000 6.117817e-15
6695.830000 6.102845e-15
6697.300000 6.009573e-15
6698.770000 5.857440e-15
6700.240000 5.889197e-15
6701.710000 5.956590e-15
6703.180000 5.988758e-15
6704.650000 5.932018e-15
6706.120000 5.930503e-15
6707.590000 5.910852e-15
6709.060000 5.954817e-15
6710.530000 5.863125e-15
6712.000000 5.786964e-15
6713.470000 5.764643e-15
6714.940000 5.769766e-15
6716.410000 5.721482e-15
6717.880000 5.814219e-15
6719.350000 5.840542e-15
6720.820000 5.752342e-15
6722.290000 5.723047e-15
6723.760000 5.622615e-15
6725.230000 5.652550e-15
6726.700000 5.673224e-15
6728.170000 5.566588e-15
6729.640000 5.577381e-15
6731.110000 5.620614e-15
6732.580000 5.516235e-15
6734.050000 5.462103e-15
6735.520000 5.475720e-15
6736.990000 5.463696e-15
6738.460000 5.498513e-15
6739.930000 5.423044e-15
6741.400000 5.375829e-15
6742.870000 5.418892e-15
6744.340000 5.381587e-15
6745.810000 5.370436e-15
6747.280000 5.317908e-15
6748.750000 5.385498e-15
6750.220000 5.319201e-15
6751.690000 5.312621e-15
6753.160000 5.324506e-15
6754.630000 5.297535e-15
6756.100000 5.300577e-15
6757.570000 5.362039e-15
6759.040000 5.327916e-15
6760.510000 5.263039e-15
6761.980000 5.233449e-15
6763.450000 5.274822e-15
6764.920000 5.259609e-15
6766.390000 5.222256e-15
6767.860000 5.234235e-15
6769.330000 5.255985e-15
6770.800000 5.190973e-15
6772.270000 5.185959e-15
6773.740000 5.207964e-15
6775.210000 5.206039e-15
6776.680000 5.201133e-15
6778.150000 5.188837e-15
6779.620000 5.136193e-15
6781.090000 5.147908e-15
6782.560000 5.168594e-15
6784.030000 5.166869e-15
6785.500000 5.082245e-15
6786.970000 5.106652e-15
6788.440000 5.133556e-15
6789.910000 5.121771e-15
6791.380000 5.041757e-15
6792.850000 5.002691e-15
6794.320000 5.095343e-15
6795.790000 5.094904e-15
6797.260000 5.063352e-15
6798.730000 5.004442e-15
6800.200000 4.988625e-15
6801.670000 5.062762e-15
6803.140000 5.131214e-15
6804.610000 5.033732e-15
6806.080000 4.938506e-15
6807.550000 4.954517e-15
6809.020000 5.050900e-15
6810.490000 4.980749e-15
6811.960000 5.016292e-15
6813.430000 4.988209e-15
6814.900000 4.909680e-15
6816.370000 4.949046e-15
6817.840000 4.960106e-15
6819.310000 4.988021e-15
6820.780000 5.021815e-15
6822.250000 4.922506e-15
6823.720000 4.857513e-15
6825.190000 4.910039e-15
6826.660000 4.933776e-15
6828.130000 4.969870e-15
6829.600000 4.883176e-15
6831.070000 4.815116e-15
6832.540000 4.818927e-15
6834.010000 4.801645e-15
6835.480000 4.790690e-15
6836.950000 4.684180e-15
6838.420000 4.732129e-15
6839.890000 4.772314e-15
6841.360000 4.758281e-15
6842.830000 4.771908e-15
6844.300000 4.804561e-15
6845.770000 4.721523e-15
6847.240000 4.658215e-15
6848.710000 4.703846e-15
6850.180000 4.672139e-15
6851.650000 4.679052e-15
6853.120000 4.710330e-15
6854.590000 4.702334e-15
6856.060000 4.652317e-15
6857.530000 4.686447e-15
6859.000000 4.653792e-15
6860.470000 4.689566e-15
6861.940000 4.766996e-15
6863.410000 4.752791e-15
6864.880000 4.634306e-15
6866.350000 4.478646e-15
6867.820000 4.543100e-15
6869.290000 4.665565e-15
6870.760000 4.716647e-15
6872.230000 4.736221e-15
6873.700000 4.613188e-15
6875.170000 4.508048e-15
6876.640000 4.574497e-15
6878.110000 4.710752e-15
6879.580000 4.665470e-15
6881.050000 4.559241e-15
6882.520000 4.573553e-15
6883.990000 4.620340e-15
6885.460000 4.588574e-15
6886.930000 4.611494e-15
6888.400000 4.640796e-15
6889.870000 4.594729e-15
6891.340000 4.557151e-15
6892.810000 4.541873e-15
6894.280000 4.486901e-15
6895.750000 4.524910e-15
6897.220000 4.616763e-15
6898.690000 4.535274e-15
6900.160000 4.513747e-15
6901.630000 4.533930e-15
6903.100000 4.515758e-15
6904.570000 4.604483e-15
6906.040000 4.647445e-15
6907.510000 4.635928e-15
6908.980000 4.581178e-15
6910.450000 4.537492e-15
6911.920000 4.578329e-15
6913.390000 4.579706e-15
6914.860000 4.576922e-15
6916.330000 4.555841e-15
6917.800000 4.521965e-15
6919.270000 4.514665e-15
6920.740000 4.552905e-15
6922.210000 4.610012e-15
6923.680000 4.558487e-15
6925.150000 4.516105e-15
6926.620000 4.558999e-15
6928.090000 4.560077e-15
6929.560000 4.526534e-15
6931.030000 4.556910e-15
6932.500000 4.603818e-15
6933.970000 4.612500e-15
6935.440000 4.641949e-15
6936.910000 4.619282e-15
6938.380000 4.621247e-15
6939.850000 4.637352e-15
6941.320000 4.550356e-15
6942.790000 4.623415e-15
6944.260000 4.618252e-15
6945.730000 4.542347e-15
6947.200000 4.546955e-15
6948.670000 4.559728e-15
6950.140000 4.558479e-15
6951.610000 4.551213e-15
6953.080000 4.586665e-15
6954.550000 4.582202e-15
6956.020000 4.497825e-15
6957.490000 4.547208e-15
6958.960000 4.590697e-15
6960.430000 4.524917e-15
6961.900000 4.520838e-15
6963.370000 4.518660e-15
6964.840000 4.530737e-15
6966.310000 4.626789e-15
6967.780000 4.630583e-15
6969.250000 4.600686e-15
6970.720000 4.615983e-15
6972.190000 4.591478e-15
6973.660000 4.588608e-15
6975.130000 4.565881e-15
6976.600000 4.584144e-15
6978.070000 4.555443e-15
6979.540000 4.619356e-15
6981.010000 4.672408e-15
6982.480000 4.654413e-15
6983.950000 4.618958e-15
6985.420000 4.557944e-15
6986.890000 4.521942e-15
6988.360000 4.460712e-15
6989.830000 4.443725e-15
6991.300000 4.528581e-15
6992.770000 4.607489e-15
6994.240000 4.604189e-15
6995.710000 4.497117e-15
6997.180000 4.470444e-15
6998.650000 4.558096e-15
7000.120000 4.560131e-15
7001.590000 4.460022e-15
7003.060000 4.470428e-15
7004.530000 4.508179e-15
7006.000000 4.576376e-15
7007.470000 4.595942e-15
7008.940000 4.616312e-15
7010.410000 4.578297e-15
7011.880000 4.577073e-15
7013.350000 4.575848e-15
7014.820000 4.574625e-15
7016.290000 4.573400e-15
7017.760000 4.572176e-15
7019.230000 4.570952e-15
7020.700000 4.569728e-15
7022.170000 4.568504e-15
7023.640000 4.567280e-15
7025.110000 4.566056e-15
7026.580000 4.564832e-15
7028.050000 4.563608e-15
7029.520000 4.562384e-15
7030.990000 4.561160e-15
7032.460000 4.559936e-15
7033.930000 4.558712e-15
7035.400000 4.557488e-15
7036.870000 4.556263e-15
7038.340000 4.555039e-15
7041.280000 4.547383e-15
7042.750000 4.501894e-15
7044.220000 4.524038e-15
7045.690000 4.523515e-15
7047.160000 4.419821e-15
7048.630000 4.431070e-15
7050.100000 4.398067e-15
7051.570000 4.396034e-15
7053.040000 4.469554e-15
7054.510000 4.438414e-15
7055.980000 4.490548e-15
7057.450000 4.549753e-15
7058.920000 4.457087e-15
7060.390000 4.476190e-15
7061.860000 4.391845e-15
7063.330000 4.462433e-15
7064.800000 4.420831e-15
7066.270000 4.378200e-15
7067.740000 4.437532e-15
7069.210000 4.449667e-15
7070.680000 4.452734e-15
7072.150000 4.429921e-15
7073.620000 4.417495e-15
7075.090000 4.430571e-15
7076.560000 4.393651e-15
7078.030000 4.351245e-15
7079.500000 4.362360e-15
7080.970000 4.489853e-15
7082.440000 4.432693e-15
7083.910000 4.458770e-15
7085.380000 4.440460e-15
7086.850000 4.436580e-15
7088.320000 4.314581e-15
7089.790000 4.330896e-15
7091.260000 4.313314e-15
7092.730000 4.333141e-15
7094.200000 4.450784e-15
7095.670000 4.365138e-15
7097.140000 4.414056e-15
7098.610000 4.386427e-15
7100.080000 4.383958e-15
7101.550000 4.351090e-15
7103.020000 4.352624e-15
7104.490000 4.333437e-15
7105.960000 4.335407e-15
7107.430000 4.317857e-15
7108.900000 4.352783e-15
7110.370000 4.358676e-15
7111.840000 4.286636e-15
7113.310000 4.339800e-15
7114.780000 4.350270e-15
7116.250000 4.334677e-15
7117.720000 4.314909e-15
7119.190000 4.393844e-15
7120.660000 4.337065e-15
7122.130000 4.307221e-15
7123.600000 4.345520e-15
7125.070000 4.378444e-15
7126.540000 4.368828e-15
7128.010000 4.346449e-15
7129.480000 4.357554e-15
7130.950000 4.349172e-15
7132.420000 4.397007e-15
7133.890000 4.360799e-15
7135.360000 4.414195e-15
7136.830000 4.404985e-15
7138.300000 4.356588e-15
7139.770000 4.356502e-15
7141.240000 4.405782e-15
7142.710000 4.444449e-15
7144.180000 4.378137e-15
7145.650000 4.349724e-15
7147.120000 4.389166e-15
7148.590000 4.386552e-15
7150.060000 4.377989e-15
7151.530000 4.432563e-15
7153.000000 4.358499e-15
7154.470000 4.401668e-15
7155.940000 4.347694e-15
7157.410000 4.269471e-15
7158.880000 4.365161e-15
7160.350000 4.367850e-15
7161.820000 4.275495e-15
7163.290000 4.315507e-15
7164.760000 4.298795e-15
7166.230000 4.210307e-15
7167.700000 4.277806e-15
7169.170000 4.362557e-15
7170.640000 4.356889e-15
7172.110000 4.367291e-15
7173.580000 4.395014e-15
7175.050000 4.320941e-15
7176.520000 4.221578e-15
7177.990000 4.190394e-15
7179.460000 4.218013e-15
7180.930000 4.292311e-15
7182.400000 4.360675e-15
7183.870000 4.373234e-15
7185.340000 4.289382e-15
7186.810000 4.189914e-15
7188.280000 4.271768e-15
7189.750000 4.247965e-15
7191.220000 4.125776e-15
7192.690000 4.155299e-15
7194.160000 4.207862e-15
7195.630000 4.277076e-15
7197.100000 4.267374e-15
7198.570000 4.238625e-15
7200.040000 4.225088e-15
7201.510000 4.166503e-15
7202.980000 4.196845e-15
7204.450000 4.250235e-15
7205.920000 4.247238e-15
7207.390000 4.184736e-15
7208.860000 4.169531e-15
7210.330000 4.182153e-15
7211.800000 4.193042e-15
7213.270000 4.185441e-15
7214.740000 4.155681e-15
7216.210000 4.225574e-15
7217.680000 4.234825e-15
7219.150000 4.213001e-15
7220.620000 4.179966e-15
7222.090000 4.141176e-15
7223.560000 4.116290e-15
7225.030000 4.104596e-15
7226.500000 4.194021e-15
7227.970000 4.154961e-15
7229.440000 4.102487e-15
7230.910000 4.166019e-15
7232.380000 4.210767e-15
7233.850000 4.163183e-15
7235.320000 4.100817e-15
7236.790000 4.121406e-15
7238.260000 4.089005e-15
7239.730000 4.082831e-15
7241.200000 4.176609e-15
7242.670000 4.184182e-15
7244.140000 4.078724e-15
7245.610000 4.109787e-15
7247.080000 4.164229e-15
7248.550000 4.134017e-15
7250.020000 4.227606e-15
7251.490000 4.232601e-15
7252.960000 4.194271e-15
7254.430000 4.264626e-15
7255.900000 4.229304e-15
7257.370000 4.209443e-15
7258.840000 4.122860e-15
7260.310000 4.151933e-15
7261.780000 4.129628e-15
7263.250000 4.035883e-15
7264.720000 4.096419e-15
7266.190000 4.245506e-15
7267.660000 4.224876e-15
7269.130000 4.128585e-15
7270.600000 4.143286e-15
7272.070000 4.189879e-15
7273.540000 4.214903e-15
7275.010000 4.094533e-15
7276.480000 4.078687e-15
7277.950000 4.136916e-15
7279.420000 4.079357e-15
7280.890000 4.147625e-15
7282.360000 4.171885e-15
7283.830000 4.183706e-15
7285.300000 4.141990e-15
7286.770000 4.123593e-15
7288.240000 4.067851e-15
7289.710000 4.089111e-15
7291.180000 4.087825e-15
7292.650000 4.176105e-15
7294.120000 4.162312e-15
7295.590000 4.135868e-15
7297.060000 4.143745e-15
7298.530000 4.003684e-15
7300.000000 4.069060e-15
7301.470000 4.013808e-15
7302.940000 4.090892e-15
7304.410000 4.141076e-15
7305.880000 4.114935e-15
7307.350000 4.100655e-15
7308.820000 4.204718e-15
7310.290000 4.497716e-15
7311.760000 4.619297e-15
7313.230000 4.144310e-15
7314.700000 4.079048e-15
7316.170000 4.077498e-15
7317.640000 4.075265e-15
7319.110000 4.112376e-15
7320.580000 4.085646e-15
7322.050000 4.082339e-15
7323.520000 4.043436e-15
7324.990000 4.117903e-15
7326.460000 4.052060e-15
7327.930000 4.094440e-15
7329.400000 4.062216e-15
7330.870000 4.102243e-15
7332.340000 4.104899e-15
7333.810000 4.067021e-15
7335.280000 4.097459e-15
7336.750000 4.107272e-15
7338.220000 4.113385e-15
7339.690000 4.061268e-15
7341.160000 4.006930e-15
7342.630000 4.044090e-15
7344.100000 4.073148e-15
7345.570000 4.098157e-15
7347.040000 4.058621e-15
7348.510000 4.049501e-15
7349.980000 4.017089e-15
7351.450000 4.052086e-15
7352.920000 4.102118e-15
7354.390000 4.068655e-15
7355.860000 4.044254e-15
7357.330000 4.068556e-15
7358.800000 4.058463e-15
7360.270000 4.010686e-15
7361.740000 3.956224e-15
7363.210000 3.961157e-15
7364.680000 4.085159e-15
7366.150000 4.033323e-15
7367.620000 4.059473e-15
7369.090000 4.034620e-15
7370.560000 4.013450e-15
7372.030000 4.021154e-15
7373.500000 4.013251e-15
7374.970000 3.962634e-15
7376.440000 3.989751e-15
7377.910000 3.976088e-15
7379.380000 3.966170e-15
7380.850000 3.969500e-15
7382.320000 4.006729e-15
7383.790000 4.043571e-15
7385.260000 3.982629e-15
7386.730000 4.016508e-15
7388.200000 4.089074e-15
7389.670000 4.026444e-15
7391.140000 4.021877e-15
7392.610000 4.031573e-15
7394.080000 3.994022e-15
7395.550000 4.009728e-15
7397.020000 4.000322e-15
7398.490000 4.078529e-15
7399.960000 3.967624e-15
7401.430000 3.968713e-15
7402.900000 4.062875e-15
7404.370000 3.958955e-15
7405.840000 4.021144e-15
7407.310000 4.090566e-15
7408.780000 3.954013e-15
7410.250000 3.857779e-15
7411.720000 3.907090e-15
7413.190000 3.959436e-15
7414.660000 3.919371e-15
7416.130000 3.935694e-15
7417.600000 3.925325e-15
7419.070000 3.969412e-15
