4001.170958 2.377353e-16
4005.250110 2.397708e-16
4009.329263 2.348414e-16
4013.408416 2.466479e-16
4017.487569 2.546127e-16
4021.566722 2.502592e-16
4025.645875 2.423957e-16
4029.725027 2.341957e-16
4033.804180 2.336076e-16
4037.883333 2.455476e-16
4041.962486 2.420378e-16
4046.041639 2.417105e-16
4050.120792 2.523878e-16
4054.199945 2.559104e-16
4058.279097 2.632434e-16
4062.358250 2.659269e-16
4066.437403 2.561292e-16
4070.516556 2.521064e-16
4074.595709 2.486476e-16
4078.674862 2.434203e-16
4082.754015 2.370460e-16
4086.833167 2.530569e-16
4090.912320 2.504946e-16
4094.991473 2.456353e-16
4099.070626 2.491606e-16
4103.149779 2.457961e-16
4107.228932 2.509811e-16
4111.308084 2.566003e-16
4115.387237 2.490696e-16
4119.466390 2.451519e-16
4123.545543 2.458275e-16
4127.624696 2.529137e-16
4131.703849 2.600185e-16
4135.783002 2.608602e-16
4139.862154 2.628342e-16
4143.941307 2.803666e-16
4148.020460 2.609701e-16
4152.099613 2.616512e-16
4156.178766 2.530191e-16
4160.257919 2.440291e-16
4164.337072 2.428691e-16
4168.416224 2.491078e-16
4172.495377 2.565660e-16
4176.574530 2.488439e-16
4180.653683 2.523828e-16
4184.732836 2.626616e-16
4188.811989 2.639998e-16
4192.891141 2.647451e-16
4196.970294 2.680992e-16
4201.049447 2.578891e-16
4205.128600 2.372843e-16
4209.207753 2.533023e-16
4213.286906 2.590248e-16
4217.366059 2.467974e-16
4221.445211 2.446591e-16
4225.524364 2.494777e-16
4229.603517 2.422229e-16
4233.682670 2.599494e-16
4237.761823 2.725236e-16
4241.840976 2.801908e-16
4245.920129 2.778978e-16
4249.999281 2.390616e-16
4254.078434 2.420528e-16
4258.157587 2.493756e-16
4262.236740 2.341191e-16
4266.315893 2.280755e-16
4270.395046 2.404132e-16
4274.474198 2.492110e-16
4278.553351 2.377697e-16
4282.632504 2.311626e-16
4286.711657 2.329292e-16
4290.790810 2.305264e-16
4294.869963 2.347627e-16
4298.949116 2.330579e-16
4303.028268 2.355402e-16
4307.107421 2.316294e-16
4311.186574 2.414062e-16
4315.265727 2.370587e-16
4319.344880 2.233765e-16
4323.424033 2.242610e-16
4327.503186 2.369419e-16
4331.582338 2.508041e-16
4335.661491 2.420313e-16
4339.740644 2.319639e-16
4343.819797 2.318935e-16
4347.898950 2.279141e-16
4351.978103 2.287191e-16
4356.057255 2.302235e-16
4360.136408 2.238825e-16
4364.215561 2.204059e-16
4368.294714 2.146603e-16
4372.373867 2.161566e-16
4376.453020 2.188677e-16
4380.532173 2.245091e-16
4384.611325 2.263925e-16
4388.690478 2.284536e-16
4392.769631 2.210135e-16
4396.848784 2.178212e-16
4400.927937 2.176768e-16
4405.007090 2.213991e-16
4409.086243 2.257168e-16
4413.165395 2.167853e-16
4417.244548 2.180382e-16
4421.323701 2.265202e-16
4425.402854 2.219717e-16
4429.482007 2.173876e-16
4433.561160 2.161623e-16
4437.640312 2.282139e-16
4441.719465 2.320285e-16
4445.798618 2.152272e-16
4449.877771 2.098634e-16
4453.956924 2.278126e-16
4458.036077 2.277010e-16
4462.115230 2.291613e-16
4466.194382 2.208078e-16
4470.273535 2.202095e-16
4474.352688 2.329069e-16
4478.431841 2.360500e-16
4482.510994 2.216496e-16
4486.590147 2.346187e-16
4490.669300 2.347868e-16
4494.748452 2.365122e-16
4498.827605 2.475149e-16
4502.906758 2.654850e-16
4506.985911 2.732189e-16
4511.065064 2.647357e-16
4515.144217 2.480297e-16
4519.223369 2.401741e-16
4523.302522 2.360698e-16
4527.381675 2.349895e-16
4531.460828 2.243770e-16
4535.539981 2.251387e-16
4539.619134 2.308723e-16
4543.698287 2.273819e-16
4547.777439 2.296359e-16
4551.856592 2.278356e-16
4555.935745 2.256093e-16
4560.014898 2.383167e-16
4564.094051 2.348900e-16
4568.173204 2.338759e-16
4572.252357 2.306945e-16
4576.331509 2.262290e-16
4580.410662 2.314785e-16
4584.489815 2.377271e-16
4588.568968 2.347328e-16
4592.648121 2.362032e-16
4596.727274 2.395328e-16
4600.806426 2.363431e-16
4604.885579 2.444884e-16
4608.964732 2.379958e-16
4613.043885 2.476759e-16
4617.123038 2.517298e-16
4621.202191 2.472246e-16
4625.281344 2.504651e-16
4629.360496 2.530241e-16
4633.439649 2.545773e-16
4637.518802 2.628944e-16
4641.597955 2.592586e-16
4645.677108 2.549285e-16
4649.756261 2.620498e-16
4653.835414 2.598618e-16
4657.914566 2.626615e-16
4661.993719 2.610088e-16
4666.072872 2.682777e-16
4670.152025 2.585190e-16
4674.231178 2.672017e-16
4678.310331 2.601250e-16
4682.389483 2.582473e-16
4686.468636 2.619522e-16
4690.547789 2.776128e-16
4694.626942 2.728922e-16
4698.706095 2.641222e-16
4702.785248 2.759658e-16
4706.864401 2.560972e-16
4710.943553 2.461285e-16
4715.022706 2.564317e-16
4719.101859 2.573890e-16
4723.181012 2.587116e-16
4727.260165 2.627399e-16
4731.339318 2.499921e-16
4735.418471 2.563573e-16
4739.497623 2.655402e-16
4743.576776 2.637349e-16
4747.655929 2.566562e-16
4751.735082 2.537550e-16
4755.814235 2.585775e-16
4759.893388 2.653366e-16
4763.972540 2.594632e-16
4768.051693 2.619447e-16
4772.130846 2.656711e-16
4776.209999 2.565614e-16
4780.289152 2.514486e-16
4784.368305 2.504537e-16
4788.447458 2.567624e-16
4792.526610 2.644290e-16
4796.605763 2.705234e-16
4800.684916 2.608551e-16
4804.764069 2.550397e-16
4808.843222 2.487683e-16
4812.922375 2.508073e-16
4817.001528 2.542441e-16
4821.080680 2.520699e-16
4825.159833 2.650619e-16
4829.238986 2.680885e-16
4833.318139 2.475798e-16
4837.397292 2.470990e-16
4841.476445 2.526316e-16
4845.555597 2.510768e-16
4849.634750 2.502275e-16
4853.713903 2.436017e-16
4857.793056 2.491839e-16
4861.872209 2.543771e-16
4865.951362 2.513833e-16
4870.030515 2.582690e-16
4874.109667 2.517810e-16
4878.188820 2.577400e-16
4882.267973 2.610789e-16
4886.347126 2.468991e-16
4890.426279 2.414398e-16
4894.505432 2.408923e-16
4898.584585 2.450992e-16
4902.663737 2.463355e-16
4906.742890 2.477277e-16
4910.822043 2.374169e-16
4914.901196 2.404596e-16
4918.980349 2.388180e-16
4923.059502 2.424418e-16
4927.138654 2.389636e-16
4931.217807 2.440159e-16
4935.296960 2.496248e-16
4939.376113 2.449475e-16
4943.455266 2.491634e-16
4947.534419 2.487203e-16
4951.613572 2.474490e-16
4955.692724 2.423667e-16
4959.771877 2.405740e-16
4963.851030 2.462143e-16
4967.930183 2.371178e-16
4972.009336 2.367522e-16
4976.088489 2.400474e-16
4980.167642 2.447747e-16
4984.246794 2.546949e-16
4988.325947 2.592416e-16
4992.405100 2.452813e-16
4996.484253 2.446516e-16
5000.563406 2.426685e-16
5004.642559 2.443893e-16
5008.721711 2.505427e-16
5012.800864 2.495870e-16
5016.880017 2.610000e-16
5020.959170 2.683158e-16
5025.038323 2.697146e-16
5029.117476 2.794528e-16
5033.196629 3.044203e-16
5037.275781 3.428279e-16
5041.354934 3.823311e-16
5045.434087 3.783471e-16
5049.513240 3.271463e-16
5053.592393 2.943589e-16
5057.671546 2.671992e-16
5061.750699 2.561423e-16
5065.829851 2.476392e-16
5069.909004 2.417649e-16
5073.988157 2.313529e-16
5078.067310 2.337440e-16
5082.146463 2.370565e-16
5086.225616 2.337211e-16
5090.304768 2.239558e-16
5094.383921 2.200986e-16
5098.463074 2.296430e-16
5102.542227 2.363990e-16
5106.621380 2.341703e-16
5110.700533 2.268302e-16
5114.779686 2.149671e-16
5118.858838 2.148372e-16
5122.937991 2.156278e-16
5127.017144 2.173897e-16
5131.096297 2.244769e-16
5135.175450 2.266550e-16
5139.254603 2.240618e-16
5143.333756 2.275949e-16
5147.412908 2.292983e-16
5151.492061 2.139476e-16
5155.571214 2.198615e-16
5159.650367 2.246239e-16
5163.729520 2.157116e-16
5167.808673 2.087741e-16
5171.887825 2.010671e-16
5175.966978 2.113896e-16
5180.046131 2.170887e-16
5184.125284 2.077476e-16
5188.204437 2.257195e-16
5192.283590 2.357318e-16
5196.362743 2.285195e-16
5200.441895 2.278108e-16
5204.521048 2.241232e-16
5208.600201 2.220073e-16
5212.679354 2.127773e-16
5216.758507 2.093190e-16
5220.837660 2.210795e-16
5224.916813 2.167248e-16
5228.995965 2.148816e-16
5233.075118 2.082195e-16
5237.154271 2.116623e-16
5241.233424 2.250882e-16
5245.312577 2.213104e-16
5249.391730 2.175893e-16
5253.470882 2.152539e-16
5257.550035 2.079986e-16
5261.629188 2.160359e-16
5265.708341 2.236971e-16
5269.787494 2.172399e-16
5273.866647 2.100299e-16
5277.945800 2.125854e-16
5282.024952 2.155223e-16
5286.104105 2.021184e-16
5290.183258 2.040820e-16
5294.262411 2.156228e-16
5298.341564 2.178508e-16
5302.420717 2.183656e-16
5306.499870 2.127171e-16
5310.579022 2.204416e-16
5314.658175 2.170001e-16
5318.737328 2.024823e-16
5322.816481 2.185238e-16
5326.895634 2.197966e-16
5330.974787 2.177998e-16
5335.053939 2.211563e-16
5339.133092 2.246712e-16
5343.212245 2.224293e-16
5347.291398 2.356460e-16
5351.370551 2.312782e-16
5355.449704 2.299940e-16
5359.528857 2.324521e-16
5363.608009 2.279474e-16
5367.687162 2.237859e-16
5371.766315 2.258233e-16
5375.845468 2.246110e-16
5379.924621 2.248816e-16
5384.003774 2.173085e-16
5388.082927 2.140207e-16
5392.162079 2.224906e-16
5396.241232 2.280663e-16
5400.320385 2.344294e-16
5404.399538 2.313252e-16
5408.478691 2.296227e-16
5412.557844 2.346417e-16
5416.636996 2.244488e-16
5420.716149 2.436048e-16
5424.795302 2.304885e-16
5428.874455 2.385648e-16
5432.953608 2.366805e-16
5437.032761 2.387569e-16
5441.111914 2.390413e-16
5445.191066 2.531174e-16
5449.270219 2.598011e-16
5453.349372 2.427389e-16
5457.428525 2.395994e-16
5461.507678 2.479261e-16
5465.586831 2.423413e-16
5469.665984 2.422338e-16
5473.745136 2.552153e-16
5477.824289 2.555191e-16
5481.903442 2.548280e-16
5485.982595 2.574914e-16
5490.061748 2.536199e-16
5494.140901 2.523313e-16
5498.220053 2.499912e-16
5502.299206 2.435440e-16
5506.378359 2.453133e-16
5510.457512 2.519117e-16
5514.536665 2.567724e-16
5518.615818 2.636187e-16
5522.694971 2.647011e-16
5526.774123 2.516011e-16
5530.853276 2.534204e-16
5534.932429 2.597577e-16
5539.011582 2.596626e-16
5543.090735 2.636640e-16
5547.169888 2.637012e-16
5551.249041 2.583625e-16
5555.328193 2.638581e-16
5559.407346 2.625400e-16
5563.486499 2.549203e-16
5567.565652 2.563341e-16
5571.644805 2.530814e-16
5575.723958 2.490936e-16
5579.803110 2.540127e-16
5583.882263 2.516457e-16
5587.961416 2.496462e-16
5592.040569 2.524528e-16
5596.119722 2.523691e-16
5600.198875 2.574994e-16
5604.278028 2.590288e-16
5608.357180 2.582541e-16
5612.436333 2.731218e-16
5616.515486 2.683431e-16
5620.594639 2.688397e-16
5624.673792 2.703116e-16
5628.752945 2.625100e-16
5632.832098 2.595502e-16
5636.911250 2.624762e-16
5640.990403 2.620371e-16
5645.069556 2.584828e-16
5649.148709 2.578823e-16
5653.227862 2.602792e-16
5657.307015 2.622383e-16
5661.386167 2.604908e-16
5665.465320 2.596814e-16
5669.544473 2.678070e-16
5673.623626 2.590599e-16
5677.702779 2.462654e-16
5681.781932 2.449429e-16
5685.861085 2.427175e-16
5689.940237 2.417608e-16
5694.019390 2.418516e-16
5698.098543 2.334939e-16
5702.177696 2.336764e-16
5706.256849 2.314492e-16
5710.336002 2.401725e-16
5714.415155 2.408928e-16
5718.494307 2.317663e-16
5722.573460 2.364064e-16
5726.652613 2.401658e-16
5730.731766 2.285318e-16
5734.810919 2.244146e-16
5738.890072 2.486968e-16
5742.969224 2.519178e-16
5747.048377 2.272452e-16
5751.127530 2.189091e-16
5755.206683 2.193139e-16
5759.285836 2.281764e-16
5763.364989 2.151910e-16
5767.444142 2.071411e-16
5771.523294 2.110008e-16
5775.602447 2.070535e-16
5779.681600 2.146533e-16
5783.760753 2.171511e-16
5787.839906 2.158900e-16
5791.919059 2.142789e-16
5795.998212 2.141499e-16
5800.077364 2.109741e-16
5804.156517 2.084443e-16
5808.235670 2.097955e-16
5812.314823 2.032905e-16
5816.393976 1.964275e-16
5820.473129 1.961116e-16
5824.552281 2.061529e-16
5828.631434 2.175291e-16
5832.710587 2.126630e-16
5836.789740 2.129710e-16
5840.868893 2.142139e-16
5844.948046 2.090411e-16
5849.027199 2.039782e-16
5853.106351 2.079622e-16
5857.185504 2.098790e-16
5861.264657 2.161245e-16
5865.343810 2.256634e-16
5869.422963 2.141823e-16
5873.502116 2.038451e-16
5877.581269 2.093307e-16
5881.660421 1.978457e-16
5885.739574 1.972758e-16
5889.818727 2.005287e-16
5893.897880 1.973577e-16
5897.977033 1.941208e-16
5902.056186 2.026193e-16
5906.135338 1.994633e-16
5910.214491 1.927267e-16
5914.293644 1.927350e-16
5918.372797 1.913577e-16
5922.451950 1.941887e-16
5926.531103 1.963212e-16
5930.610256 1.890393e-16
5934.689408 1.906420e-16
5938.768561 1.986780e-16
5942.847714 1.940593e-16
5946.926867 1.925087e-16
5951.006020 1.984992e-16
5955.085173 1.976112e-16
5959.164326 1.948505e-16
5963.243478 2.018096e-16
5967.322631 1.985421e-16
5971.401784 2.058178e-16
5975.480937 2.006248e-16
5979.560090 1.924129e-16
5983.639243 1.880670e-16
5987.718395 1.947410e-16
5991.797548 1.935327e-16
5995.876701 1.836457e-16
5999.955854 1.892861e-16
6004.035007 1.967050e-16
6008.114160 1.904430e-16
6012.193313 1.942109e-16
6016.272465 1.977921e-16
6020.351618 1.899919e-16
6024.430771 1.950916e-16
6028.509924 1.957141e-16
6032.589077 1.927566e-16
6036.668230 1.956254e-16
6040.747383 2.007450e-16
6044.826535 1.980625e-16
6048.905688 1.933743e-16
6052.984841 1.964469e-16
6057.063994 1.995849e-16
6061.143147 1.967821e-16
6065.222300 1.974784e-16
6069.301452 2.028901e-16
6073.380605 1.955158e-16
6077.459758 1.961449e-16
6081.538911 2.018654e-16
6085.618064 2.100768e-16
6089.697217 2.211854e-16
6093.776370 2.257892e-16
6097.855522 2.273299e-16
6101.934675 2.143233e-16
6106.013828 1.890101e-16
6110.092981 1.827803e-16
6114.172134 1.916207e-16
6118.251287 1.932935e-16
6122.330440 2.013523e-16
6126.409592 2.106101e-16
6130.488745 1.989885e-16
6134.567898 1.829193e-16
6138.647051 1.811399e-16
6142.726204 1.988166e-16
6146.805357 1.992042e-16
6150.884509 1.949438e-16
6154.963662 1.974753e-16
6159.042815 1.952667e-16
6163.121968 1.860744e-16
6167.201121 1.874893e-16
6171.280274 1.903832e-16
6175.359427 1.849610e-16
6179.438579 1.847791e-16
6183.517732 1.943556e-16
6187.596885 1.884941e-16
6191.676038 1.803946e-16
6195.755191 1.839162e-16
6199.834344 1.857219e-16
6203.913497 1.869217e-16
6207.992649 1.910361e-16
6212.071802 1.809339e-16
6216.150955 1.827191e-16
6220.230108 1.861005e-16
6224.309261 1.879314e-16
6228.388414 1.939275e-16
6232.467566 1.870985e-16
6236.546719 1.819203e-16
6240.625872 1.848213e-16
6244.705025 1.819723e-16
6248.784178 1.777681e-16
6252.863331 1.767543e-16
6256.942484 1.772463e-16
6261.021636 1.807365e-16
6265.100789 1.780896e-16
6269.179942 1.714746e-16
6273.259095 1.734723e-16
6277.338248 1.787168e-16
6281.417401 1.811823e-16
6285.496554 1.728950e-16
6289.575706 1.652475e-16
6293.654859 1.670622e-16
6297.734012 1.768174e-16
6301.813165 1.932907e-16
6305.892318 1.749141e-16
6309.971471 1.727799e-16
6314.050623 1.785331e-16
6318.129776 1.765883e-16
6322.208929 1.670648e-16
6326.288082 1.683666e-16
6330.367235 1.764546e-16
6334.446388 1.808437e-16
6338.525541 1.755058e-16
6342.604693 1.657513e-16
6346.683846 1.753640e-16
6350.762999 1.763851e-16
6354.842152 1.681366e-16
6358.921305 1.709179e-16
6363.000458 1.733856e-16
6367.079611 1.726157e-16
6371.158763 1.680863e-16
6375.237916 1.658517e-16
6379.317069 1.726247e-16
6383.396222 1.742673e-16
6387.475375 1.644726e-16
6391.554528 1.806102e-16
6395.633680 1.806668e-16
6399.712833 1.712359e-16
6403.791986 1.733310e-16
6407.871139 1.718904e-16
6411.950292 1.676287e-16
6416.029445 1.707040e-16
6420.108598 1.694127e-16
6424.187750 1.678311e-16
6428.266903 1.710612e-16
6432.346056 1.732333e-16
6436.425209 1.689253e-16
6440.504362 1.582129e-16
6444.583515 1.697870e-16
6448.662668 1.677410e-16
6452.741820 1.664903e-16
6456.820973 1.665058e-16
6460.900126 1.627205e-16
6464.979279 1.648151e-16
6469.058432 1.683933e-16
6473.137585 1.726514e-16
6477.216737 1.727957e-16
6481.295890 1.673703e-16
6485.375043 1.648918e-16
6489.454196 1.679513e-16
6493.533349 1.845765e-16
6497.612502 1.721165e-16
6501.691655 1.657376e-16
6505.770807 1.721595e-16
6509.849960 1.752924e-16
6513.929113 1.644838e-16
6518.008266 1.542990e-16
6522.087419 1.601585e-16
6526.166572 1.703198e-16
6530.245725 1.658121e-16
6534.324877 1.556185e-16
6538.404030 1.739589e-16
6542.483183 1.721256e-16
6546.562336 1.835671e-16
6550.641489 1.655419e-16
6554.720642 1.709472e-16
6558.799794 1.771329e-16
6562.878947 1.775110e-16
6566.958100 1.696948e-16
6571.037253 1.695966e-16
6575.116406 1.772390e-16
6579.195559 1.704230e-16
6583.274712 1.762574e-16
6587.353864 1.783301e-16
6591.433017 1.557485e-16
6595.512170 1.668798e-16
6599.591323 1.709279e-16
6603.670476 1.634190e-16
6607.749629 1.606495e-16
6611.828782 1.673246e-16
6615.907934 1.761097e-16
6619.987087 1.739199e-16
6624.066240 1.690116e-16
6628.145393 1.645379e-16
6632.224546 1.578869e-16
6636.303699 1.585948e-16
6640.382851 1.557631e-16
6644.462004 1.543413e-16
6648.541157 1.623327e-16
6652.620310 1.589258e-16
6656.699463 1.692725e-16
6660.778616 1.758955e-16
6664.857769 1.680601e-16
6668.936921 1.708353e-16
6673.016074 1.749656e-16
6677.095227 1.671688e-16
6681.174380 1.668721e-16
6685.253533 1.716327e-16
6689.332686 1.719952e-16
6693.411839 1.724858e-16
6697.490991 1.671270e-16
6701.570144 1.591646e-16
6705.649297 1.658267e-16
6709.728450 1.659248e-16
6713.807603 1.638733e-16
6717.886756 1.623024e-16
6721.965908 1.729916e-16
6726.045061 1.732191e-16
6730.124214 1.639948e-16
6734.203367 1.610773e-16
6738.282520 1.576227e-16
6742.361673 1.622000e-16
6746.440826 1.718049e-16
6750.519978 1.747078e-16
6754.599131 1.644444e-16
6758.678284 1.672593e-16
6762.757437 1.738131e-16
6766.836590 1.761020e-16
6770.915743 1.761386e-16
6774.994896 1.858366e-16
6779.074048 1.949655e-16
6783.153201 2.095676e-16
6787.232354 2.323569e-16
6791.311507 2.664441e-16
6795.390660 3.329222e-16
6799.469813 4.677237e-16
6803.548965 6.359963e-16
6811.707271 7.190296e-16
6815.786424 5.220464e-16
6819.865577 3.468640e-16
6823.944730 2.654198e-16
6828.023883 2.365014e-16
6832.103035 2.138577e-16
6836.182188 1.993555e-16
6840.261341 1.888716e-16
6844.340494 1.661219e-16
6848.419647 1.614722e-16
6852.498800 1.630214e-16
6856.577953 1.599989e-16
6860.657105 1.575086e-16
6864.736258 1.386826e-16
6868.815411 1.266886e-16
6872.894564 1.154957e-16
6876.973717 1.163069e-16
6881.052870 1.313459e-16
6885.132022 1.370729e-16
6889.211175 1.274843e-16
6893.290328 1.257388e-16
6897.369481 1.278187e-16
6901.448634 1.172277e-16
6905.527787 1.348372e-16
6909.606940 1.352005e-16
6913.686092 1.345378e-16
6917.765245 1.413067e-16
6921.844398 1.387495e-16
6925.923551 1.338565e-16
6930.002704 1.334513e-16
6934.081857 1.432066e-16
6938.161010 1.494963e-16
6942.240162 1.539399e-16
6946.319315 1.590239e-16
6950.398468 1.432325e-16
6954.477621 1.427575e-16
6958.556774 1.434526e-16
6962.635927 1.431339e-16
6966.715079 1.445297e-16
6970.794232 1.495646e-16
6974.873385 1.415594e-16
6978.952538 1.264827e-16
6983.031691 1.300997e-16
6987.110844 1.407530e-16
6991.189997 1.411528e-16
6995.269149 1.390111e-16
6999.348302 1.353280e-16
7003.427455 1.364669e-16
7007.506608 1.414557e-16
7011.585761 1.334193e-16
7015.664914 1.345765e-16
7019.744067 1.286312e-16
7023.823219 1.417679e-16
7027.902372 1.412870e-16
7031.981525 1.411467e-16
7036.060678 1.479378e-16
7040.139831 1.337525e-16
7044.218984 1.219698e-16
7048.298136 1.285095e-16
7052.377289 1.299151e-16
7056.456442 1.303269e-16
7060.535595 1.312292e-16
7064.614748 1.323070e-16
7068.693901 1.293135e-16
7072.773054 1.352353e-16
7076.852206 1.300385e-16
7080.931359 1.251402e-16
7085.010512 1.233572e-16
7089.089665 1.354835e-16
7093.168818 1.367302e-16
7097.247971 1.252623e-16
7101.327124 1.301335e-16
7105.406276 1.327003e-16
7109.485429 1.266191e-16
7113.564582 1.250086e-16
7117.643735 1.339280e-16
7121.722888 1.299856e-16
7125.802041 1.291309e-16
7129.881193 1.293774e-16
7133.960346 1.381096e-16
7138.039499 1.399497e-16
7142.118652 1.364733e-16
7146.197805 1.364727e-16
7150.276958 1.288978e-16
7154.356111 1.318422e-16
7158.435263 1.378598e-16
7162.514416 1.338075e-16
7166.593569 1.308706e-16
7170.672722 1.262593e-16
7174.751875 1.238523e-16
7178.831028 1.290514e-16
7182.910181 1.193961e-16
7186.989333 1.179530e-16
7191.068486 1.223234e-16
7195.147639 1.180005e-16
7199.226792 1.197688e-16
7203.305945 1.302234e-16
7207.385098 1.303070e-16
7211.464250 1.183173e-16
7215.543403 1.186486e-16
7219.622556 1.288143e-16
7223.701709 1.229676e-16
7227.780862 1.256263e-16
7231.860015 1.286408e-16
7235.939168 1.205335e-16
7240.018320 1.179868e-16
7244.097473 1.288465e-16
7248.176626 1.235575e-16
7252.255779 1.207752e-16
7256.334932 1.131183e-16
7260.414085 1.136962e-16
7264.493238 1.222670e-16
7268.572390 1.194225e-16
7272.651543 1.198491e-16
7276.730696 1.187215e-16
7280.809849 1.216974e-16
7284.889002 1.199940e-16
7288.968155 1.155766e-16
7293.047307 1.202535e-16
7297.126460 1.249954e-16
7301.205613 1.221360e-16
7305.284766 1.240044e-16
7309.363919 1.175665e-16
7313.443072 1.207890e-16
7317.522225 1.324333e-16
7321.601377 1.385179e-16
7325.680530 1.458502e-16
7329.759683 1.500769e-16
7333.838836 1.358605e-16
7337.917989 1.348187e-16
7341.997142 1.333484e-16
7346.076295 1.278132e-16
7350.155447 1.129703e-16
7354.234600 1.231481e-16
7358.313753 1.261117e-16
7362.392906 1.213719e-16
7366.472059 1.246925e-16
7370.551212 1.189469e-16
7374.630364 1.126555e-16
7378.709517 1.127811e-16
7382.788670 1.151233e-16
7386.867823 1.161763e-16
7390.946976 1.088626e-16
7395.026129 1.192149e-16
7399.105282 1.261343e-16
7403.184434 1.106271e-16
7407.263587 1.056479e-16
7411.342740 1.085692e-16
7415.421893 1.130089e-16
7419.501046 1.147944e-16
7423.580199 1.052167e-16
7427.659352 1.061917e-16
7431.738504 1.145326e-16
7435.817657 1.137567e-16
7439.896810 1.088806e-16
7443.975963 1.088618e-16
7448.055116 1.079320e-16
7452.134269 1.142836e-16
7456.213421 1.211117e-16
7460.292574 1.195762e-16
7464.371727 1.118634e-16
7468.450880 1.048233e-16
7472.530033 1.056624e-16
7476.609186 1.141570e-16
7480.688339 1.186145e-16
7484.767491 1.139788e-16
7488.846644 1.110487e-16
7492.925797 1.108874e-16
7497.004950 9.022508e-17
7501.084103 1.038626e-16
7505.163256 1.152235e-16
7509.242409 1.053421e-16
7513.321561 8.307147e-17
7517.400714 6.140549e-17
7521.479867 6.448864e-17
7525.559020 5.311258e-17
7529.638173 6.321964e-17
7533.717326 8.127805e-17
7537.796478 1.132825e-16
7541.875631 1.214398e-16
7545.954784 1.308348e-16
7550.033937 1.073984e-16
7554.113090 9.469420e-17
7558.192243 9.544256e-17
7562.271396 7.921833e-17
7566.350548 6.954562e-17
7570.429701 7.953166e-17
7574.508854 1.019024e-16
7578.588007 1.144196e-16
7582.667160 1.241369e-16
7586.746313 1.160416e-16
7590.825466 9.162022e-17
7594.904618 7.029299e-17
7598.983771 4.620709e-17
7603.062924 2.886084e-17
7607.142077 2.731321e-17
7611.221230 4.331415e-17
7615.300383 5.829021e-17
7619.379535 5.427727e-17
7623.458688 4.814307e-17
7627.537841 4.173965e-17
7631.616994 5.120513e-17
7635.696147 5.204222e-17
7639.775300 4.804841e-17
7643.854453 4.421194e-17
7647.933605 3.542205e-17
7652.012758 7.275865e-17
7656.091911 8.339760e-17
7660.171064 7.279114e-17
7664.250217 6.014910e-17
7668.329370 6.465923e-17
7672.408523 7.727019e-17
7676.487675 6.914766e-17
7680.566828 8.196128e-17
7684.645981 9.084517e-17
7688.725134 1.186488e-16
7692.804287 1.267006e-16
7696.883440 1.043371e-16
7700.962592 8.490929e-17
7705.041745 2.594602e-17
7713.200051 3.235342e-17
7717.279204 5.047166e-17
7721.358357 7.174559e-17
7725.437510 1.156381e-16
7729.516662 1.346007e-16
7733.595815 1.282345e-16
7737.674968 9.167334e-17
7741.754121 3.299451e-17
7745.833274 1.970879e-17
7749.912427 6.697464e-17
7753.991580 1.005950e-16
7758.070732 1.101097e-16
7762.149885 1.121893e-16
7766.229038 9.789287e-17
7770.308191 6.316409e-17
7774.387344 3.548112e-17
7778.466497 4.909343e-17
7782.545649 1.004928e-16
7786.624802 1.171744e-16
7790.703955 1.548976e-16
7794.783108 1.298916e-16
7798.862261 8.176194e-17
7802.941414 5.759764e-17
7807.020567 4.824197e-17
7811.099719 7.148477e-17
7815.178872 7.864694e-17
7819.258025 1.017354e-16
7823.337178 1.302059e-16
7827.416331 1.283277e-16
7831.495484 8.532165e-17
7835.574637 6.665762e-17
7839.653789 7.985425e-17
7843.732942 1.077958e-16
7847.812095 1.420149e-16
7851.891248 1.747470e-16
7855.970401 1.807598e-16
7860.049554 1.332705e-16
7864.128706 7.555661e-17
7868.207859 3.518938e-17
7872.287012 2.986206e-17
7876.366165 5.740041e-17
7880.445318 9.951765e-17
7884.524471 1.529668e-16
7888.603624 1.511875e-16
7892.682776 9.991469e-17
7896.761929 6.902636e-17
7900.841082 9.584014e-17
7904.920235 1.766013e-16
7908.999388 2.467342e-16
7913.078541 2.597890e-16
7917.157694 2.044336e-16
7921.236846 9.541246e-17
7925.315999 6.462066e-17
7929.395152 5.768909e-17
7933.474305 6.886469e-17
7937.553458 1.070302e-16
7941.632611 1.136968e-16
7945.711763 9.895352e-17
7949.790916 8.107619e-17
7953.870069 6.248764e-17
7957.949222 4.437411e-17
7962.028375 6.296950e-17
7966.107528 9.331552e-17
7970.186681 9.484040e-17
7974.265833 9.809330e-17
7978.344986 1.145051e-16
7982.424139 1.134885e-16
7986.503292 9.079813e-17
7990.582445 7.131992e-17
7994.661598 7.934732e-17
7998.740751 8.408508e-17
8002.819903 8.287546e-17
8006.899056 9.354584e-17
8010.978209 9.316489e-17
8015.057362 1.005863e-16
8019.136515 1.117169e-16
8023.215668 9.821392e-17
8027.294820 9.709623e-17
8031.373973 9.747779e-17
8035.453126 7.701455e-17
8039.532279 7.002320e-17
8043.611432 9.476156e-17
8047.690585 1.159270e-16
8051.769738 1.068860e-16
8055.848890 1.148098e-16
8059.928043 1.412017e-16
8064.007196 1.171821e-16
8068.086349 8.881901e-17
8072.165502 9.292347e-17
8076.244655 1.086548e-16
8080.323808 7.561597e-17
8084.402960 5.448231e-17
8088.482113 7.799801e-17
8092.561266 9.306035e-17
8096.640419 7.837887e-17
8100.719572 8.597398e-17
8104.798725 9.988317e-17
8108.877878 1.155886e-16
8112.957030 1.039485e-16
8117.036183 1.058177e-16
8121.115336 9.900643e-17
8125.194489 1.001800e-16
8129.273642 9.705626e-17
8133.352795 7.171964e-17
8137.431947 5.621403e-17
8141.511100 7.901886e-17
8145.590253 9.971650e-17
8149.669406 7.778226e-17
8153.748559 6.766376e-17
8157.827712 7.076773e-17
8161.906865 6.490546e-17
8165.986017 7.475304e-17
8170.065170 7.706463e-17
8174.144323 6.684784e-17
8178.223476 7.030508e-17
8182.302629 8.168820e-17
8186.381782 1.008429e-16
8190.460935 9.272572e-17
8194.540087 8.969781e-17
8198.619240 1.014667e-16
8202.698393 7.813652e-17
8206.777546 6.905105e-17
8210.856699 9.167874e-17
8214.935852 1.055083e-16
8219.015004 9.510096e-17
8223.094157 8.782819e-17
8227.173310 9.261268e-17
8231.252463 9.015687e-17
8235.331616 7.778029e-17
8239.410769 6.821397e-17
8243.489922 5.753773e-17
8247.569074 5.330608e-17
8251.648227 6.420032e-17
8255.727380 6.645555e-17
8259.806533 6.945532e-17
8263.885686 8.225515e-17
8267.964839 7.768120e-17
8272.043992 6.496603e-17
8276.123144 7.080556e-17
8280.202297 1.009517e-16
8284.281450 1.176478e-16
8288.360603 1.153031e-16
8292.439756 9.607237e-17
8296.518909 6.070670e-17
8300.598061 7.450975e-17
8304.677214 7.105822e-17
8308.756367 3.979726e-17
8312.835520 5.758483e-17
8316.914673 7.650012e-17
8320.993826 7.582011e-17
8325.072979 5.754321e-17
8329.152131 5.811030e-17
8333.231284 6.807824e-17
8337.310437 5.391013e-17
8341.389590 4.591380e-17
8345.468743 4.160837e-17
8349.547896 6.240776e-17
8353.627049 7.030814e-17
8357.706201 6.640142e-17
8361.785354 8.435933e-17
8365.864507 7.641482e-17
8369.943660 7.203244e-17
8374.022813 8.467982e-17
8378.101966 1.002545e-16
8382.181118 7.694919e-17
8386.260271 6.551318e-17
8390.339424 7.122760e-17
8394.418577 2.883547e-17
8398.497730 2.062453e-17
8402.576883 6.027275e-17
8406.656036 7.609579e-17
8410.735188 8.163562e-17
8414.814341 9.578834e-17
8418.893494 1.064577e-16
8422.972647 7.838387e-17
8427.051800 6.205220e-17
8431.130953 9.391413e-17
8435.210106 8.271821e-17
8439.289258 5.133045e-17
8443.368411 4.026204e-17
8447.447564 5.914835e-17
8451.526717 8.136363e-17
8455.605870 8.740394e-17
8459.685023 6.533192e-17
8463.764175 6.029453e-17
8467.843328 6.098682e-17
8471.922481 3.548025e-17
8476.001634 5.265614e-17
8480.080787 5.901014e-17
8484.159940 6.570274e-17
8488.239093 8.909836e-17
8492.318245 8.287734e-17
8496.397398 8.816391e-17
8500.476551 1.038698e-16
8504.555704 7.446812e-17
8508.634857 7.461417e-17
8512.714010 6.597330e-17
8516.793163 5.988440e-17
8520.872315 6.669205e-17
8524.951468 6.853443e-17
8529.030621 7.217654e-17
8533.109774 7.064850e-17
8537.188927 7.915116e-17
8541.268080 8.997240e-17
8545.347232 8.862344e-17
8549.426385 9.607866e-17
8553.505538 6.492361e-17
8557.584691 2.756890e-17
8561.663844 5.037879e-17
8565.742997 7.245061e-17
8569.822150 7.802076e-17
8573.901302 7.674163e-17
8577.980455 8.052217e-17
8582.059608 8.601843e-17
8586.138761 9.587443e-17
8590.217914 8.084995e-17
8594.297067 6.943020e-17
8598.376220 7.566014e-17
8602.455372 6.438628e-17
8606.534525 6.418576e-17
8610.613678 8.078374e-17
8614.692831 1.036539e-16
8618.771984 1.318128e-16
8622.851137 1.419397e-16
8626.930289 1.275339e-16
8631.009442 1.413577e-16
8635.088595 1.368312e-16
8639.167748 6.897674e-17
8643.246901 3.374954e-17
8647.326054 2.122465e-17
8655.484359 1.399656e-17
8659.563512 5.057825e-17
8663.642665 1.027619e-16
8667.721818 1.537703e-16
8671.800971 1.340971e-16
8675.880124 9.945588e-17
8679.959277 9.504001e-17
8684.038429 5.989670e-17
8688.117582 1.595370e-17
8692.196735 3.712317e-17
8696.275888 8.823423e-17
8700.355041 1.114698e-16
8704.434194 1.084793e-16
8708.513346 9.125590e-17
8712.592499 8.758329e-17
8716.671652 9.665330e-17
8720.750805 9.663746e-17
8724.829958 6.679787e-17
8728.909111 4.945563e-17
8732.988264 4.409087e-17
8737.067416 7.432318e-17
8741.146569 6.422734e-17
8745.225722 7.266403e-17
8749.304875 7.757971e-17
8753.384028 9.247786e-17
8757.463181 7.819821e-17
8761.542334 6.845956e-17
8765.621486 2.136411e-17
8769.700639 1.127416e-17
8773.779792 4.045985e-17
8777.858945 3.289320e-18
8781.938098 2.722944e-17
8786.017251 7.581121e-17
8790.096403 5.331253e-17
8794.175556 6.820397e-17
8798.254709 9.552941e-17
8802.333862 8.179176e-17
8806.413015 5.897933e-17
8810.492168 6.090230e-17
8814.571321 6.442918e-17
8818.650473 6.578856e-18
8830.887932 5.845944e-17
8834.967085 1.703542e-16
8839.046238 1.875098e-16
8843.125391 1.503152e-16
8847.204543 1.087247e-16
8851.283696 7.949048e-17
8855.362849 4.349012e-17
8871.679460 5.318043e-17
8875.758613 2.083295e-16
8879.837766 2.465374e-16
8883.916919 2.869909e-16
8887.996072 2.983769e-16
8892.075225 1.359791e-16
8896.154378 4.163361e-17
8900.233530 3.110541e-17
8904.312683 4.426871e-17
8908.391836 5.311964e-18
8924.708448 3.326744e-17
8928.787600 3.510557e-17
8932.866753 4.977650e-17
8936.945906 8.868303e-17
8941.025059 1.338914e-16
8945.104212 1.270562e-16
8949.183365 7.296033e-17
8953.262517 9.001134e-17
8957.341670 9.121224e-17
8961.420823 5.839558e-17
8965.499976 5.365584e-17
8969.579129 4.530201e-17
8973.658282 7.240037e-17
8977.737435 6.903848e-17
8981.816587 6.856613e-17
8985.895740 1.193520e-16
8989.974893 1.423114e-16
8994.054046 1.794921e-16
8998.133199 1.822948e-16
9002.212352 1.878710e-16
9006.291505 1.397998e-16
9010.370657 7.315922e-17
9014.449810 4.113042e-17
9018.528963 2.694889e-17
9022.608116 3.358661e-17
9026.687269 6.075543e-17
9030.766422 4.792968e-17
9034.845574 5.004019e-17
9038.924727 8.637625e-17
9043.003880 1.395549e-16
9047.083033 1.344896e-16
9051.162186 1.255932e-16
9055.241339 1.045223e-16
9059.320492 9.020475e-17
9063.399644 8.590463e-17
9067.478797 6.607569e-17
9071.557950 6.107380e-17
9075.637103 7.884428e-17
9079.716256 7.230522e-17
9083.795409 3.176546e-17
9087.874562 5.414771e-17
9091.953714 7.798614e-17
9096.032867 3.378331e-17
9100.112020 4.961335e-17
9104.191173 1.027516e-16
9108.270326 1.075845e-16
9112.349479 1.028293e-16
9116.428631 6.507153e-17
9120.507784 2.763759e-17
9124.586937 3.390038e-17
9128.666090 2.959049e-17
9132.745243 5.035657e-17
9136.824396 4.592214e-17
9140.903549 4.376852e-17
9144.982701 5.741578e-17
9149.061854 7.295904e-17
9153.141007 5.556673e-17
9157.220160 3.973418e-18
9161.299313 1.622602e-18
9169.457619 1.179504e-17
9173.536771 2.832912e-17
9177.615924 2.127705e-17
9181.695077 4.983190e-17
9185.774230 8.740402e-17
9189.853383 5.590997e-17
9193.932536 1.973060e-17
9198.011688 5.812477e-17
9202.090841 6.590787e-17
9206.169994 2.225691e-17
9210.249147 5.202442e-17
9214.328300 1.055931e-16
9218.407453 7.227234e-17
9222.486606 4.530251e-17
9226.565758 4.623356e-17
9230.644911 3.680487e-17
9234.724064 6.361697e-17
9238.803217 7.163810e-17
9242.882370 2.519546e-17
9246.961523 1.663481e-17
9251.040676 2.272248e-17
9255.119828 1.597260e-17
9259.198981 5.078527e-17
9263.278134 6.785827e-17
9267.357287 8.825410e-17
9271.436440 6.700146e-17
9275.515593 3.514267e-17
9279.594745 3.988460e-17
9283.673898 3.683901e-17
9287.753051 4.524381e-17
9291.832204 5.834290e-17
9295.911357 6.446975e-17
9299.990510 2.600746e-17
9304.069663 2.152244e-17
9308.148815 5.357895e-17
9312.227968 9.693691e-17
9316.307121 1.150885e-16
9320.386274 9.658300e-17
9324.465427 6.346737e-17
9328.544580 3.316689e-17
9332.623733 1.582624e-17
9336.702885 2.383379e-17
9340.782038 2.095829e-17
9344.861191 1.182481e-17
9348.940344 5.629135e-18
9353.019497 7.589138e-18
9357.098650 4.475785e-17
9361.177802 7.153208e-17
9365.256955 8.664422e-17
9369.336108 7.882359e-17
9373.415261 8.783740e-17
9377.494414 8.920913e-17
9381.573567 1.802133e-17
9385.652720 1.257825e-17
9389.731872 4.207836e-17
9393.811025 5.136489e-17
9397.890178 4.221345e-17
9401.969331 1.812086e-17
9406.048484 4.125974e-17
9410.127637 3.176892e-17
9414.206790 2.418680e-17
9418.285942 5.632652e-17
9422.365095 6.328847e-17
9438.681707 4.392300e-17
9442.760859 6.461365e-17
9446.840012 1.249021e-17
9450.919165 1.590272e-17
9454.998318 3.183749e-17
9459.077471 5.541784e-17
9463.156624 5.336850e-17
9467.235777 2.308149e-17
9475.394082 4.579876e-17
9479.473235 1.031143e-16
9483.552388 8.069631e-17
9487.631541 3.655600e-17
9499.868999 3.733802e-17
