3.430000000000000000e+03 4.943257081089057259e+00 8.234061999999999720e-17 8.234062000000000028e-18
3.449254783630370184e+03 4.943257081089057259e+00 8.607483000000000439e-17 8.607483000000000439e-18
3.454068479537969779e+03 4.943257081089057259e+00 1.141648999999999956e-17 1.141649000000000110e-18
3.463695871353149869e+03 4.943257081089057259e+00 6.444024999999999729e-17 6.444024999999999883e-18
3.478136959075930008e+03 4.943257081089057259e+00 1.174649000000000012e-17 1.174649000000000050e-18
3.487764350891120102e+03 4.943257081089057259e+00 2.559795999999999995e-17 2.559796000000000072e-18
3.492578046798710147e+03 4.943257081089057259e+00 9.705936999999999602e-17 9.705937000000000526e-18
3.497391742706300192e+03 4.943257081089057259e+00 6.198581999999999824e-17 6.198581999999999824e-18
3.502205438613889783e+03 4.943257081089057259e+00 3.170720999999999847e-17 3.170721000000000155e-18
3.507019134521489832e+03 4.943257081089057259e+00 5.321752999999999974e-17 5.321753000000000282e-18
3.516646526336669922e+03 4.943257081089057259e+00 1.000196000000000066e-17 1.000196000000000105e-18
3.521460222244259967e+03 4.943257081089057259e+00 8.559212000000000182e-17 8.559212000000000182e-18
3.526273918151860016e+03 4.943257081089057259e+00 7.375016999999999682e-17 7.375017000000000606e-18
3.531087614059450061e+03 4.943257081089057259e+00 4.620909000000000038e-17 4.620909000000000038e-18
3.550342397689819791e+03 4.943257081089057259e+00 9.475342000000000252e-18 9.475341999999999867e-19
3.555156093597409836e+03 4.943257081089057259e+00 8.430999999999999589e-17 8.431000000000000821e-18
3.559969789505009885e+03 4.943257081089057259e+00 4.810308999999999970e-17 4.810308999999999970e-18
3.569597181320189975e+03 4.943257081089057259e+00 9.413556999999999929e-18 9.413557000000000700e-19
3.574410877227790024e+03 4.943257081089057259e+00 1.255422000000000006e-17 1.255422000000000121e-18
3.584038269042970114e+03 4.943257081089057259e+00 1.975294000000000114e-17 1.975294000000000037e-18
3.593665660858160209e+03 4.943257081089057259e+00 2.677538999999999878e-17 2.677539000000000032e-18
3.598479356765749799e+03 4.943257081089057259e+00 1.074526999999999952e-16 1.074527000000000014e-17
3.603293052673339844e+03 4.943257081089057259e+00 4.572756999999999926e-17 4.572757000000000235e-18
3.608106748580939893e+03 4.943257081089057259e+00 2.455232000000000095e-17 2.455232000000000403e-18
3.612920444488529938e+03 4.943257081089057259e+00 5.426392000000000238e-17 5.426392000000000700e-18
3.617734140396119983e+03 4.943257081089057259e+00 1.407453000000000087e-17 1.407453000000000241e-18
3.622547836303710028e+03 4.943257081089057259e+00 2.276995999999999929e-17 2.276995999999999929e-18
3.627361532211310077e+03 4.943257081089057259e+00 2.048331000000000075e-17 2.048330999999999998e-18
3.636988924026490167e+03 4.943257081089057259e+00 2.436386999999999946e-17 2.436387000000000177e-18
3.641802619934080212e+03 4.943257081089057259e+00 3.106082999999999806e-17 3.106082999999999806e-18
3.670684795379640036e+03 4.943257081089057259e+00 4.868275999999999902e-17 4.868275999999999902e-18
3.675498491287230081e+03 4.943257081089057259e+00 3.033820999999999905e-17 3.033821000000000137e-18
3.680312187194830130e+03 4.943257081089057259e+00 1.751768000000000091e-17 1.751768000000000014e-18
3.699566970825199860e+03 4.943257081089057259e+00 1.643609000000000019e-17 1.643609000000000096e-18
3.704380666732789905e+03 4.943257081089057259e+00 1.488921000000000060e-17 1.488921000000000176e-18
3.709194362640379950e+03 4.943257081089057259e+00 1.332879999999999952e-17 1.332879999999999990e-18
3.714008058547979999e+03 4.943257081089057259e+00 1.996974000000000141e-17 1.996974000000000218e-18
3.718821754455570044e+03 4.943257081089057259e+00 5.266294000000000244e-17 5.266294000000000861e-18
3.723635450363160089e+03 4.943257081089057259e+00 4.027525000000000300e-17 4.027525000000000454e-18
3.728449146270750134e+03 4.943257081089057259e+00 1.724296999999999908e-17 1.724297000000000063e-18
3.733262842178350184e+03 4.943257081089057259e+00 1.471400999999999864e-17 1.471401000000000018e-18
3.738076538085939774e+03 4.943257081089057259e+00 3.896949999999999899e-17 3.896949999999999899e-18
3.742890233993529819e+03 4.943257081089057259e+00 3.705322999999999709e-17 3.705323000000000171e-18
3.747703929901129868e+03 4.943257081089057259e+00 4.030590999999999879e-17 4.030590999999999725e-18
3.752517625808719913e+03 4.943257081089057259e+00 2.211600999999999977e-17 2.211601000000000131e-18
3.757331321716309958e+03 4.943257081089057259e+00 1.325722999999999983e-17 1.325723000000000137e-18
3.762145017623900003e+03 4.943257081089057259e+00 1.616965999999999905e-17 1.616965999999999982e-18
3.766958713531500052e+03 4.943257081089057259e+00 3.229642999999999787e-17 3.229642999999999941e-18
3.771772409439090097e+03 4.943257081089057259e+00 1.907478000000000012e-17 1.907478000000000012e-18
3.776586105346680142e+03 4.943257081089057259e+00 3.116663999999999766e-17 3.116663999999999997e-18
3.781399801254270187e+03 4.943257081089057259e+00 2.206041000000000139e-17 2.206041000000000447e-18
3.786213497161869782e+03 4.943257081089057259e+00 2.407002999999999980e-17 2.407003000000000057e-18
3.791027193069459827e+03 4.943257081089057259e+00 4.545632999999999823e-17 4.545632999999999977e-18
3.795840888977049872e+03 4.943257081089057259e+00 7.000626999999999627e-17 7.000627000000000243e-18
3.800654584884649921e+03 4.943257081089057259e+00 7.226047000000000389e-17 7.226047000000000081e-18
3.805468280792239966e+03 4.943257081089057259e+00 7.020697000000000168e-17 7.020696999999999860e-18
3.810281976699830011e+03 4.943257081089057259e+00 4.882166999999999885e-17 4.882167000000000039e-18
3.815095672607420056e+03 4.943257081089057259e+00 4.469294999999999760e-17 4.469294999999999914e-18
3.819909368515020105e+03 4.943257081089057259e+00 2.811792999999999811e-17 2.811792999999999888e-18
3.824723064422610150e+03 4.943257081089057259e+00 8.597135000000000130e-18 8.597135000000000901e-19
3.829536760330200195e+03 4.943257081089057259e+00 1.649786000000000013e-17 1.649786000000000167e-18
3.834350456237799790e+03 4.943257081089057259e+00 3.199286999999999792e-17 3.199286999999999792e-18
3.839164152145389835e+03 4.943257081089057259e+00 3.624496999999999704e-17 3.624497000000000167e-18
3.843977848052979880e+03 4.943257081089057259e+00 3.049830999999999869e-17 3.049831000000000023e-18
3.848791543960569925e+03 4.943257081089057259e+00 1.732070999999999880e-17 1.732070999999999918e-18
3.853605239868169974e+03 4.943257081089057259e+00 1.860419000000000023e-17 1.860419000000000100e-18
3.858418935775760019e+03 4.943257081089057259e+00 2.078059999999999865e-17 2.078060000000000019e-18
3.863232631683350064e+03 4.943257081089057259e+00 4.013042000000000282e-17 4.013042000000000436e-18
3.868046327590940109e+03 4.943257081089057259e+00 3.813378999999999837e-17 3.813379000000000299e-18
3.872860023498540158e+03 4.943257081089057259e+00 3.073125999999999713e-17 3.073125999999999867e-18
3.877673719406130203e+03 4.943257081089057259e+00 3.591752000000000269e-17 3.591752000000000731e-18
3.882487415313719794e+03 4.943257081089057259e+00 2.117696999999999988e-17 2.117697000000000219e-18
3.896928503036499933e+03 4.943257081089057259e+00 2.292096999999999922e-17 2.292097000000000231e-18
3.901742198944089978e+03 4.943257081089057259e+00 3.303838999999999696e-17 3.303838999999999927e-18
3.906555894851690027e+03 4.943257081089057259e+00 1.978139000000000040e-17 1.978139000000000117e-18
3.911369590759280072e+03 4.943257081089057259e+00 1.871953999999999862e-17 1.871953999999999862e-18
3.916183286666870117e+03 4.943257081089057259e+00 2.435515999999999914e-17 2.435516000000000145e-18
3.920996982574470167e+03 4.943257081089057259e+00 1.796518000000000104e-17 1.796518000000000104e-18
3.930624374389649802e+03 4.943257081089057259e+00 3.058309999999999868e-17 3.058309999999999868e-18
3.935438070297239847e+03 4.943257081089057259e+00 4.431984000000000252e-17 4.431984000000000868e-18
3.940251766204839896e+03 4.943257081089057259e+00 4.636798000000000216e-17 4.636798000000000832e-18
3.945065462112429941e+03 4.943257081089057259e+00 3.381379000000000287e-17 3.381379000000000595e-18
3.949879158020019986e+03 4.943257081089057259e+00 4.725392000000000039e-17 4.725392000000000347e-18
3.954692853927610031e+03 4.943257081089057259e+00 4.212383999999999972e-17 4.212384000000000126e-18
3.959506549835210080e+03 4.943257081089057259e+00 3.701155999999999906e-17 3.701155999999999906e-18
3.964320245742800125e+03 4.943257081089057259e+00 4.341218000000000129e-17 4.341218000000000129e-18
3.969133941650390170e+03 4.943257081089057259e+00 5.700761999999999803e-17 5.700761999999999803e-18
3.973947637557990220e+03 4.943257081089057259e+00 5.948344000000000402e-17 5.948344000000001018e-18
3.978761333465579810e+03 4.943257081089057259e+00 6.851331999999999683e-17 6.851331999999999683e-18
3.983575029373169855e+03 4.943257081089057259e+00 7.747449999999999555e-17 7.747449999999999555e-18
3.988388725280759900e+03 4.943257081089057259e+00 7.886946999999999699e-17 7.886946999999999391e-18
3.993202421188359949e+03 4.943257081089057259e+00 7.610900999999999897e-17 7.610900999999999589e-18
3.998016117095949994e+03 4.943257081089057259e+00 7.214997000000000436e-17 7.214997000000000436e-18
4.002829813003540039e+03 4.943257081089057259e+00 7.031706999999999927e-17 7.031707000000000543e-18
4.007643508911140088e+03 4.943257081089057259e+00 6.555971000000000227e-17 6.555971000000000689e-18
4.012457204818730133e+03 4.943257081089057259e+00 6.140892000000000557e-17 6.140892000000001020e-18
4.017270900726320178e+03 4.943257081089057259e+00 5.579153999999999672e-17 5.579153999999999672e-18
4.022084596633910223e+03 4.943257081089057259e+00 5.943295999999999595e-17 5.943296000000000211e-18
4.026898292541509818e+03 4.943257081089057259e+00 5.635542000000000392e-17 5.635542000000000854e-18
4.031711988449099863e+03 4.943257081089057259e+00 4.984677999999999940e-17 4.984678000000000094e-18
4.036525684356689908e+03 4.943257081089057259e+00 5.606412000000000301e-17 5.606412000000000764e-18
4.041339380264279953e+03 4.943257081089057259e+00 4.831364000000000048e-17 4.831364000000000202e-18
4.046153076171880002e+03 4.943257081089057259e+00 4.422763999999999926e-17 4.422763999999999926e-18
4.050966772079470047e+03 4.943257081089057259e+00 5.827693000000000534e-17 5.827693000000000534e-18
4.055780467987060092e+03 4.943257081089057259e+00 6.770081999999999595e-17 6.770082000000000212e-18
4.060594163894660142e+03 4.943257081089057259e+00 5.589100999999999762e-17 5.589101000000000071e-18
4.065407859802250186e+03 4.943257081089057259e+00 6.642253000000000304e-17 6.642253000000000304e-18
4.070221555709839777e+03 4.943257081089057259e+00 6.916233999999999648e-17 6.916233999999999802e-18
4.075035251617429822e+03 4.943257081089057259e+00 6.625168999999999572e-17 6.625168999999999726e-18
4.079848947525029871e+03 4.943257081089057259e+00 7.303435000000000612e-17 7.303435000000000612e-18
4.084662643432619916e+03 4.943257081089057259e+00 7.842522999999999542e-17 7.842522999999999234e-18
4.089476339340209961e+03 4.943257081089057259e+00 8.094154999999999437e-17 8.094155000000000053e-18
4.094290035247800006e+03 4.943257081089057259e+00 7.880571999999999916e-17 7.880572000000000841e-18
4.099103731155400055e+03 4.943257081089057259e+00 7.733575000000000390e-17 7.733575000000000081e-18
4.103917427062990100e+03 4.943257081089057259e+00 9.225899000000000369e-17 9.225899000000001602e-18
4.108731122970580145e+03 4.943257081089057259e+00 1.019454999999999942e-16 1.019454999999999942e-17
4.113544818878180195e+03 4.943257081089057259e+00 9.391025999999999660e-17 9.391025999999999968e-18
4.118358514785770240e+03 4.943257081089057259e+00 9.398159999999999610e-17 9.398160000000000843e-18
4.123172210693360284e+03 4.943257081089057259e+00 9.540654999999999867e-17 9.540655000000000792e-18
4.127985906600950329e+03 4.943257081089057259e+00 9.328780999999999573e-17 9.328781000000000805e-18
4.132799602508550379e+03 4.943257081089057259e+00 8.985011000000000053e-17 8.985011000000000361e-18
4.137613298416140424e+03 4.943257081089057259e+00 8.389915999999999600e-17 8.389916000000000216e-18
4.142426994323729559e+03 4.943257081089057259e+00 8.310833000000000095e-17 8.310832999999999787e-18
4.147240690231329609e+03 4.943257081089057259e+00 8.941437999999999522e-17 8.941438000000000755e-18
4.152054386138919654e+03 4.943257081089057259e+00 8.173999999999999801e-17 8.173999999999999801e-18
4.156868082046509699e+03 4.943257081089057259e+00 8.697807000000000021e-17 8.697807000000001254e-18
4.161681777954099744e+03 4.943257081089057259e+00 8.376477999999999410e-17 8.376478000000000026e-18
4.166495473861699793e+03 4.943257081089057259e+00 8.520625000000000527e-17 8.520625000000000835e-18
4.171309169769289838e+03 4.943257081089057259e+00 8.644700000000000231e-17 8.644700000000001464e-18
4.176122865676879883e+03 4.943257081089057259e+00 8.738154999999999400e-17 8.738155000000000632e-18
4.180936561584479932e+03 4.943257081089057259e+00 9.004961000000000012e-17 9.004961000000000012e-18
4.185750257492069977e+03 4.943257081089057259e+00 8.435600999999999523e-17 8.435600999999999523e-18
4.190563953399660022e+03 4.943257081089057259e+00 7.953552999999999790e-17 7.953553000000000406e-18
4.195377649307250067e+03 4.943257081089057259e+00 7.400179000000000504e-17 7.400179000000001120e-18
4.200191345214850116e+03 4.943257081089057259e+00 6.460880999999999603e-17 6.460881000000000065e-18
4.205005041122440161e+03 4.943257081089057259e+00 7.478662999999999384e-17 7.478662999999999692e-18
4.209818737030030206e+03 4.943257081089057259e+00 8.301616000000000463e-17 8.301616000000000463e-18
4.214632432937620251e+03 4.943257081089057259e+00 8.548626000000000506e-17 8.548626000000000506e-18
4.219446128845220301e+03 4.943257081089057259e+00 7.118872999999999853e-17 7.118873000000000777e-18
4.224259824752810346e+03 4.943257081089057259e+00 7.326720000000000408e-17 7.326720000000000716e-18
4.229073520660400391e+03 4.943257081089057259e+00 8.698340000000000201e-17 8.698340000000001434e-18
4.233887216567990436e+03 4.943257081089057259e+00 8.219283000000000610e-17 8.219283000000001226e-18
4.238700912475589575e+03 4.943257081089057259e+00 6.700232000000000541e-17 6.700232000000000541e-18
4.243514608383179620e+03 4.943257081089057259e+00 6.610049000000000225e-17 6.610049000000000225e-18
4.248328304290769665e+03 4.943257081089057259e+00 6.574093000000000199e-17 6.574093000000000661e-18
4.253142000198369715e+03 4.943257081089057259e+00 6.415419000000000206e-17 6.415419000000000514e-18
4.257955696105959760e+03 4.943257081089057259e+00 6.935709000000000078e-17 6.935709000000000232e-18
4.262769392013549805e+03 4.943257081089057259e+00 7.174508000000000559e-17 7.174508000000000559e-18
4.267583087921139850e+03 4.943257081089057259e+00 6.740738999999999643e-17 6.740739000000000105e-18
4.272396783828739899e+03 4.943257081089057259e+00 6.717802000000000055e-17 6.717802000000000364e-18
4.277210479736329944e+03 4.943257081089057259e+00 6.745028000000000283e-17 6.745028000000000899e-18
4.282024175643919989e+03 4.943257081089057259e+00 6.243300999999999871e-17 6.243301000000000025e-18
4.286837871551520038e+03 4.943257081089057259e+00 5.035364999999999707e-17 5.035365000000000323e-18
4.291651567459110083e+03 4.943257081089057259e+00 5.205844999999999743e-17 5.205845000000000051e-18
4.296465263366700128e+03 4.943257081089057259e+00 5.633650999999999421e-17 5.633650999999999575e-18
4.301278959274290173e+03 4.943257081089057259e+00 5.354026999999999776e-17 5.354027000000000084e-18
4.306092655181890223e+03 4.943257081089057259e+00 4.917587000000000271e-17 4.917587000000000887e-18
4.310906351089480268e+03 4.943257081089057259e+00 5.822488999999999464e-17 5.822488999999999618e-18
4.315720046997070312e+03 4.943257081089057259e+00 5.815388999999999556e-17 5.815388999999999864e-18
4.320533742904670362e+03 4.943257081089057259e+00 5.825938999999999549e-17 5.825939000000000166e-18
4.325347438812260407e+03 4.943257081089057259e+00 6.665088999999999587e-17 6.665089000000000049e-18
4.330161134719850452e+03 4.943257081089057259e+00 6.923513000000000609e-17 6.923513000000000763e-18
4.334974830627439587e+03 4.943257081089057259e+00 6.615547999999999952e-17 6.615548000000000414e-18
4.339788526535039637e+03 4.943257081089057259e+00 6.087634999999999424e-17 6.087634999999999732e-18
4.344602222442629682e+03 4.943257081089057259e+00 6.300521999999999761e-17 6.300521999999999761e-18
4.349415918350219727e+03 4.943257081089057259e+00 7.267570000000000226e-17 7.267570000000000534e-18
4.354229614257809772e+03 4.943257081089057259e+00 7.099853000000000088e-17 7.099853000000000088e-18
4.359043310165409821e+03 4.943257081089057259e+00 8.055397999999999575e-17 8.055398000000000499e-18
4.363857006072999866e+03 4.943257081089057259e+00 7.060370000000000280e-17 7.060370000000000589e-18
4.368670701980589911e+03 4.943257081089057259e+00 5.789973999999999911e-17 5.789974000000000373e-18
4.373484397888189960e+03 4.943257081089057259e+00 6.344006000000000292e-17 6.344006000000000446e-18
4.378298093795780005e+03 4.943257081089057259e+00 7.365848000000000035e-17 7.365848000000000960e-18
4.383111789703370050e+03 4.943257081089057259e+00 7.132826999999999586e-17 7.132827000000000202e-18
4.387925485610960095e+03 4.943257081089057259e+00 6.411602999999999455e-17 6.411602999999999918e-18
4.392739181518560144e+03 4.943257081089057259e+00 6.750185999999999775e-17 6.750186000000000391e-18
4.397552877426150189e+03 4.943257081089057259e+00 7.189373000000000210e-17 7.189373000000000518e-18
4.402366573333740234e+03 4.943257081089057259e+00 6.786107999999999760e-17 6.786108000000000376e-18
4.407180269241340284e+03 4.943257081089057259e+00 7.241694999999999583e-17 7.241694999999999891e-18
4.411993965148930329e+03 4.943257081089057259e+00 7.455170000000000059e-17 7.455170000000000984e-18
4.416807661056520374e+03 4.943257081089057259e+00 8.057369999999999521e-17 8.057369999999999212e-18
4.421621356964110419e+03 4.943257081089057259e+00 8.697839000000000423e-17 8.697839000000001039e-18
4.426435052871709559e+03 4.943257081089057259e+00 8.579411999999999504e-17 8.579411999999999504e-18
4.431248748779299603e+03 4.943257081089057259e+00 8.648943000000000525e-17 8.648943000000000833e-18
4.436062444686889648e+03 4.943257081089057259e+00 7.703937000000000548e-17 7.703937000000001472e-18
4.440876140594479693e+03 4.943257081089057259e+00 7.249202000000000171e-17 7.249202000000000479e-18
4.445689836502079743e+03 4.943257081089057259e+00 7.298647999999999653e-17 7.298648000000000269e-18
4.450503532409669788e+03 4.943257081089057259e+00 6.075937000000000274e-17 6.075937000000000582e-18
4.455317228317259833e+03 4.943257081089057259e+00 5.466915999999999977e-17 5.466916000000000439e-18
4.460130924224859882e+03 4.943257081089057259e+00 5.074479000000000006e-17 5.074479000000000468e-18
4.464944620132449927e+03 4.943257081089057259e+00 5.725611000000000279e-17 5.725611000000000587e-18
4.469758316040039972e+03 4.943257081089057259e+00 6.257832000000000491e-17 6.257832000000000491e-18
4.474572011947630017e+03 4.943257081089057259e+00 5.530081000000000211e-17 5.530081000000000365e-18
4.479385707855230066e+03 4.943257081089057259e+00 5.242258999999999894e-17 5.242259000000000202e-18
4.484199403762820111e+03 4.943257081089057259e+00 5.135061999999999801e-17 5.135061999999999801e-18
4.489013099670410156e+03 4.943257081089057259e+00 5.726446000000000321e-17 5.726446000000000475e-18
4.493826795578000201e+03 4.943257081089057259e+00 5.971709000000000585e-17 5.971709000000000585e-18
4.498640491485600251e+03 4.943257081089057259e+00 5.756412000000000274e-17 5.756412000000000736e-18
4.503454187393190296e+03 4.943257081089057259e+00 5.266709000000000099e-17 5.266709000000000099e-18
4.508267883300780341e+03 4.943257081089057259e+00 5.418615000000000191e-17 5.418615000000000191e-18
4.513081579208380390e+03 4.943257081089057259e+00 5.956246999999999950e-17 5.956247000000000104e-18
4.517895275115970435e+03 4.943257081089057259e+00 5.333630999999999996e-17 5.333631000000000150e-18
4.522708971023559570e+03 4.943257081089057259e+00 5.347313000000000013e-17 5.347313000000000630e-18
4.527522666931149615e+03 4.943257081089057259e+00 6.452754999999999527e-17 6.452754999999999681e-18
4.532336362838749665e+03 4.943257081089057259e+00 6.966531999999999810e-17 6.966532000000000426e-18
4.537150058746339710e+03 4.943257081089057259e+00 6.545107999999999886e-17 6.545107999999999886e-18
4.541963754653929755e+03 4.943257081089057259e+00 6.265425000000000386e-17 6.265425000000000694e-18
4.546777450561529804e+03 4.943257081089057259e+00 5.952516999999999740e-17 5.952516999999999894e-18
4.551591146469119849e+03 4.943257081089057259e+00 6.119974999999999670e-17 6.119974999999999670e-18
4.556404842376709894e+03 4.943257081089057259e+00 6.534297000000000045e-17 6.534297000000000661e-18
4.561218538284299939e+03 4.943257081089057259e+00 7.121267000000000242e-17 7.121266999999999934e-18
4.566032234191899988e+03 4.943257081089057259e+00 7.111305000000000387e-17 7.111305000000000695e-18
4.570845930099490033e+03 4.943257081089057259e+00 6.729395999999999441e-17 6.729395999999999441e-18
4.575659626007080078e+03 4.943257081089057259e+00 7.328650000000000520e-17 7.328650000000001444e-18
4.580473321914670123e+03 4.943257081089057259e+00 7.233896999999999619e-17 7.233896999999999619e-18
4.585287017822270172e+03 4.943257081089057259e+00 7.421029999999999716e-17 7.421030000000000024e-18
4.590100713729860217e+03 4.943257081089057259e+00 7.844620000000000402e-17 7.844620000000000094e-18
4.594914409637450262e+03 4.943257081089057259e+00 8.622607000000000298e-17 8.622607000000000298e-18
4.599728105545050312e+03 4.943257081089057259e+00 8.815118999999999540e-17 8.815119000000000156e-18
4.604541801452640357e+03 4.943257081089057259e+00 9.252580000000000112e-17 9.252580000000000112e-18
4.609355497360230402e+03 4.943257081089057259e+00 9.443098999999999491e-17 9.443099000000000723e-18
4.614169193267820447e+03 4.943257081089057259e+00 1.036485999999999987e-16 1.036486000000000048e-17
4.618982889175419587e+03 4.943257081089057259e+00 1.074020999999999964e-16 1.074021000000000057e-17
4.623796585083009631e+03 4.943257081089057259e+00 1.041029999999999953e-16 1.041030000000000076e-17
4.628610280990599676e+03 4.943257081089057259e+00 1.092309000000000002e-16 1.092309000000000032e-17
4.633423976898189721e+03 4.943257081089057259e+00 1.189670999999999931e-16 1.189671000000000054e-17
4.638237672805789771e+03 4.943257081089057259e+00 1.238864999999999917e-16 1.238864999999999917e-17
4.643051368713379816e+03 4.943257081089057259e+00 1.180662000000000074e-16 1.180662000000000104e-17
4.647865064620969861e+03 4.943257081089057259e+00 1.210455999999999932e-16 1.210456000000000055e-17
4.652678760528569910e+03 4.943257081089057259e+00 1.246718999999999906e-16 1.246718999999999968e-17
4.657492456436159955e+03 4.943257081089057259e+00 1.276711000000000109e-16 1.276711000000000170e-17
4.662306152343750000e+03 4.943257081089057259e+00 1.308957000000000022e-16 1.308957000000000083e-17
4.667119848251340045e+03 4.943257081089057259e+00 1.317369999999999947e-16 1.317369999999999947e-17
4.671933544158940094e+03 4.943257081089057259e+00 1.365911999999999978e-16 1.365912000000000101e-17
4.676747240066530139e+03 4.943257081089057259e+00 1.327054999999999877e-16 1.327054999999999908e-17
4.681560935974120184e+03 4.943257081089057259e+00 1.346908000000000044e-16 1.346908000000000075e-17
4.686374631881720234e+03 4.943257081089057259e+00 1.342378999999999966e-16 1.342378999999999966e-17
4.691188327789310279e+03 4.943257081089057259e+00 1.288184999999999898e-16 1.288184999999999898e-17
4.696002023696900324e+03 4.943257081089057259e+00 1.317101000000000061e-16 1.317101000000000153e-17
4.700815719604490369e+03 4.943257081089057259e+00 1.265503000000000006e-16 1.265503000000000006e-17
4.705629415512090418e+03 4.943257081089057259e+00 1.219492000000000105e-16 1.219492000000000228e-17
4.710443111419679553e+03 4.943257081089057259e+00 1.165451999999999921e-16 1.165452000000000014e-17
4.715256807327269598e+03 4.943257081089057259e+00 1.102756000000000051e-16 1.102756000000000082e-17
4.720070503234859643e+03 4.943257081089057259e+00 1.133149999999999983e-16 1.133150000000000014e-17
4.724884199142459693e+03 4.943257081089057259e+00 1.114462999999999922e-16 1.114462999999999922e-17
4.729697895050049738e+03 4.943257081089057259e+00 1.102615000000000045e-16 1.102615000000000045e-17
4.734511590957639783e+03 4.943257081089057259e+00 1.085527000000000033e-16 1.085527000000000033e-17
4.739325286865239832e+03 4.943257081089057259e+00 1.128932000000000119e-16 1.128932000000000149e-17
4.744138982772829877e+03 4.943257081089057259e+00 1.111079000000000033e-16 1.111079000000000126e-17
4.748952678680419922e+03 4.943257081089057259e+00 1.135939000000000007e-16 1.135939000000000007e-17
4.753766374588009967e+03 4.943257081089057259e+00 1.142594999999999982e-16 1.142595000000000043e-17
4.758580070495610016e+03 4.943257081089057259e+00 1.170758999999999950e-16 1.170758999999999950e-17
4.763393766403200061e+03 4.943257081089057259e+00 1.167230000000000036e-16 1.167230000000000067e-17
4.768207462310790106e+03 4.943257081089057259e+00 1.123258000000000098e-16 1.123258000000000190e-17
4.773021158218390156e+03 4.943257081089057259e+00 1.097371000000000014e-16 1.097371000000000014e-17
4.777834854125980200e+03 4.943257081089057259e+00 9.733286999999999691e-17 9.733287000000000616e-18
4.782648550033570245e+03 4.943257081089057259e+00 9.130029999999999481e-17 9.130030000000000714e-18
4.787462245941160290e+03 4.943257081089057259e+00 8.619520000000000185e-17 8.619520000000000493e-18
4.792275941848760340e+03 4.943257081089057259e+00 8.317157000000000432e-17 8.317157000000000124e-18
4.797089637756350385e+03 4.943257081089057259e+00 7.458342999999999480e-17 7.458343000000000405e-18
4.801903333663940430e+03 4.943257081089057259e+00 7.123224000000000424e-17 7.123224000000001348e-18
4.806717029571539570e+03 4.943257081089057259e+00 7.138015999999999659e-17 7.138015999999999967e-18
4.811530725479129615e+03 4.943257081089057259e+00 6.971277999999999522e-17 6.971277999999999214e-18
4.816344421386719659e+03 4.943257081089057259e+00 7.476425000000000491e-17 7.476425000000001415e-18
4.821158117294309704e+03 4.943257081089057259e+00 8.729046999999999864e-17 8.729047000000000480e-18
4.825971813201909754e+03 4.943257081089057259e+00 9.270170999999999543e-17 9.270171000000000468e-18
4.830785509109499799e+03 4.943257081089057259e+00 1.025438999999999987e-16 1.025439000000000018e-17
4.835599205017089844e+03 4.943257081089057259e+00 1.033659000000000025e-16 1.033659000000000117e-17
4.840412900924679889e+03 4.943257081089057259e+00 9.742015999999999670e-17 9.742016000000000902e-18
4.845226596832279938e+03 4.943257081089057259e+00 9.671238000000000061e-17 9.671238000000001293e-18
4.850040292739869983e+03 4.943257081089057259e+00 9.760959999999999559e-17 9.760960000000000175e-18
4.854853988647460028e+03 4.943257081089057259e+00 1.017554000000000032e-16 1.017554000000000155e-17
4.859667684555060077e+03 4.943257081089057259e+00 1.133459000000000064e-16 1.133459000000000156e-17
4.864481380462650122e+03 4.943257081089057259e+00 1.181953000000000108e-16 1.181953000000000169e-17
4.869295076370240167e+03 4.943257081089057259e+00 1.160735999999999984e-16 1.160735999999999984e-17
4.874108772277830212e+03 4.943257081089057259e+00 1.167498000000000103e-16 1.167498000000000195e-17
4.878922468185430262e+03 4.943257081089057259e+00 1.122194000000000116e-16 1.122194000000000240e-17
4.883736164093020307e+03 4.943257081089057259e+00 1.059867999999999944e-16 1.059867999999999944e-17
4.888549860000610352e+03 4.943257081089057259e+00 1.050830999999999952e-16 1.050830999999999952e-17
4.893363555908200397e+03 4.943257081089057259e+00 1.081040000000000035e-16 1.081040000000000066e-17
4.898177251815800446e+03 4.943257081089057259e+00 1.010647999999999955e-16 1.010647999999999986e-17
4.902990947723389581e+03 4.943257081089057259e+00 1.009164000000000033e-16 1.009164000000000156e-17
4.907804643630979626e+03 4.943257081089057259e+00 1.020446999999999944e-16 1.020447000000000068e-17
4.912618339538579676e+03 4.943257081089057259e+00 1.001847999999999940e-16 1.001848000000000002e-17
4.917432035446169721e+03 4.943257081089057259e+00 9.542762999999999980e-17 9.542763000000000904e-18
4.922245731353759766e+03 4.943257081089057259e+00 9.413049999999999690e-17 9.413050000000000923e-18
4.927059427261349811e+03 4.943257081089057259e+00 9.477602999999999627e-17 9.477602999999999627e-18
4.931873123168949860e+03 4.943257081089057259e+00 9.274167999999999754e-17 9.274167999999999754e-18
4.936686819076539905e+03 4.943257081089057259e+00 9.625231000000000179e-17 9.625231000000000487e-18
4.941500514984129950e+03 4.943257081089057259e+00 1.033559999999999976e-16 1.033560000000000069e-17
4.946314210891729999e+03 4.943257081089057259e+00 1.209835000000000065e-16 1.209835000000000157e-17
4.951127906799320044e+03 4.943257081089057259e+00 1.239746999999999879e-16 1.239746999999999971e-17
4.955941602706910089e+03 4.943257081089057259e+00 1.364942999999999902e-16 1.364942999999999995e-17
4.960755298614500134e+03 4.943257081089057259e+00 1.425028000000000118e-16 1.425028000000000242e-17
4.965568994522100184e+03 4.943257081089057259e+00 1.278620000000000057e-16 1.278620000000000057e-17
4.970382690429690228e+03 4.943257081089057259e+00 1.168637999999999960e-16 1.168638000000000021e-17
4.975196386337280273e+03 4.943257081089057259e+00 1.152476000000000122e-16 1.152476000000000153e-17
4.980010082244880323e+03 4.943257081089057259e+00 1.075620000000000013e-16 1.075620000000000136e-17
4.984823778152470368e+03 4.943257081089057259e+00 9.250786000000000166e-17 9.250786000000000782e-18
4.989637474060060413e+03 4.943257081089057259e+00 8.987843000000000470e-17 8.987843000000001395e-18
4.994451169967649548e+03 4.943257081089057259e+00 9.489240999999999719e-17 9.489241000000000335e-18
4.999264865875249598e+03 4.943257081089057259e+00 9.061105000000000289e-17 9.061105000000000905e-18
5.004078561782839643e+03 4.943257081089057259e+00 9.041659999999999388e-17 9.041659999999999697e-18
5.008892257690429688e+03 4.943257081089057259e+00 9.352437000000000366e-17 9.352437000000001598e-18
5.013705953598019732e+03 4.943257081089057259e+00 9.134557000000000413e-17 9.134557000000001645e-18
5.018519649505619782e+03 4.943257081089057259e+00 9.110018999999999411e-17 9.110019000000000027e-18
5.023333345413209827e+03 4.943257081089057259e+00 9.810078999999999983e-17 9.810079000000000908e-18
5.028147041320799872e+03 4.943257081089057259e+00 9.985306999999999988e-17 9.985306999999999988e-18
5.032960737228399921e+03 4.943257081089057259e+00 9.921489999999999428e-17 9.921489999999999428e-18
5.037774433135989966e+03 4.943257081089057259e+00 1.041133999999999964e-16 1.041133999999999995e-17
5.042588129043580011e+03 4.943257081089057259e+00 1.099342000000000016e-16 1.099342000000000140e-17
5.047401824951170056e+03 4.943257081089057259e+00 1.192840999999999892e-16 1.192841000000000015e-17
5.052215520858770105e+03 4.943257081089057259e+00 1.258481000000000106e-16 1.258481000000000229e-17
5.057029216766360150e+03 4.943257081089057259e+00 1.343593999999999878e-16 1.343594000000000001e-17
5.061842912673950195e+03 4.943257081089057259e+00 1.404579000000000020e-16 1.404579000000000143e-17
5.066656608581550245e+03 4.943257081089057259e+00 1.363752000000000106e-16 1.363752000000000106e-17
5.071470304489140290e+03 4.943257081089057259e+00 1.321843000000000001e-16 1.321843000000000124e-17
5.076284000396730335e+03 4.943257081089057259e+00 1.315696999999999910e-16 1.315696999999999941e-17
5.081097696304320380e+03 4.943257081089057259e+00 1.319528999999999999e-16 1.319529000000000122e-17
5.085911392211920429e+03 4.943257081089057259e+00 1.306796999999999904e-16 1.306796999999999934e-17
5.090725088119509564e+03 4.943257081089057259e+00 1.325997000000000048e-16 1.325997000000000110e-17
5.095538784027099609e+03 4.943257081089057259e+00 1.376426000000000044e-16 1.376426000000000105e-17
5.100352479934689654e+03 4.943257081089057259e+00 1.392696999999999978e-16 1.392696999999999916e-17
5.105166175842289704e+03 4.943257081089057259e+00 1.493571000000000047e-16 1.493571000000000109e-17
5.109979871749879749e+03 4.943257081089057259e+00 1.474077999999999900e-16 1.474077999999999838e-17
5.114793567657469794e+03 4.943257081089057259e+00 1.265848000000000015e-16 1.265848000000000138e-17
5.119607263565069843e+03 4.943257081089057259e+00 1.140101999999999914e-16 1.140101999999999914e-17
5.124420959472659888e+03 4.943257081089057259e+00 1.108086000000000006e-16 1.108086000000000037e-17
5.129234655380249933e+03 4.943257081089057259e+00 1.099340999999999950e-16 1.099341000000000012e-17
5.134048351287839978e+03 4.943257081089057259e+00 1.059361999999999956e-16 1.059361999999999987e-17
5.138862047195440027e+03 4.943257081089057259e+00 9.839488000000000379e-17 9.839488000000000379e-18
5.143675743103030072e+03 4.943257081089057259e+00 9.391455999999999896e-17 9.391456000000001128e-18
5.148489439010620117e+03 4.943257081089057259e+00 9.589001000000000180e-17 9.589001000000001413e-18
5.153303134918220167e+03 4.943257081089057259e+00 9.413061000000000175e-17 9.413061000000000175e-18
5.158116830825810212e+03 4.943257081089057259e+00 8.857829000000000139e-17 8.857829000000000447e-18
5.162930526733400256e+03 4.943257081089057259e+00 8.364595000000000287e-17 8.364595000000000287e-18
5.167744222640990301e+03 4.943257081089057259e+00 8.262914000000000559e-17 8.262914000000000250e-18
5.172557918548590351e+03 4.943257081089057259e+00 8.545252000000000296e-17 8.545252000000000604e-18
5.177371614456180396e+03 4.943257081089057259e+00 8.911668000000000026e-17 8.911668000000000335e-18
5.182185310363770441e+03 4.943257081089057259e+00 8.727667000000000569e-17 8.727667000000000877e-18
5.186999006271369581e+03 4.943257081089057259e+00 8.664615000000000329e-17 8.664615000000001253e-18
5.191812702178959626e+03 4.943257081089057259e+00 9.300691999999999413e-17 9.300691999999999413e-18
5.196626398086549671e+03 4.943257081089057259e+00 1.027346000000000049e-16 1.027346000000000111e-17
5.201440093994139716e+03 4.943257081089057259e+00 1.065241999999999990e-16 1.065241999999999990e-17
5.206253789901739765e+03 4.943257081089057259e+00 1.102453999999999943e-16 1.102454000000000066e-17
5.211067485809329810e+03 4.943257081089057259e+00 1.192725999999999889e-16 1.192725999999999919e-17
5.215881181716919855e+03 4.943257081089057259e+00 1.201190000000000000e-16 1.201190000000000000e-17
5.220694877624509900e+03 4.943257081089057259e+00 1.179780999999999932e-16 1.179781000000000024e-17
5.225508573532109949e+03 4.943257081089057259e+00 1.189710999999999878e-16 1.189710999999999940e-17
5.230322269439699994e+03 4.943257081089057259e+00 1.229470000000000038e-16 1.229470000000000130e-17
5.235135965347290039e+03 4.943257081089057259e+00 1.245486000000000030e-16 1.245486000000000092e-17
5.239949661254890088e+03 4.943257081089057259e+00 1.247764000000000104e-16 1.247764000000000104e-17
5.244763357162480133e+03 4.943257081089057259e+00 1.227556000000000003e-16 1.227556000000000065e-17
5.249577053070070178e+03 4.943257081089057259e+00 1.221535999999999907e-16 1.221536000000000000e-17
5.254390748977660223e+03 4.943257081089057259e+00 1.262549000000000106e-16 1.262549000000000137e-17
5.259204444885260273e+03 4.943257081089057259e+00 1.218709000000000068e-16 1.218709000000000068e-17
5.264018140792850318e+03 4.943257081089057259e+00 1.202949999999999905e-16 1.202949999999999905e-17
5.268831836700440363e+03 4.943257081089057259e+00 1.233775000000000016e-16 1.233775000000000047e-17
5.273645532608040412e+03 4.943257081089057259e+00 1.238241000000000097e-16 1.238241000000000097e-17
5.278459228515629547e+03 4.943257081089057259e+00 1.229231999999999993e-16 1.229231999999999993e-17
5.283272924423219592e+03 4.943257081089057259e+00 1.241212999999999960e-16 1.241212999999999960e-17
5.288086620330809637e+03 4.943257081089057259e+00 1.240074999999999990e-16 1.240075000000000083e-17
5.292900316238399682e+03 4.943257081089057259e+00 1.238807000000000006e-16 1.238807000000000037e-17
5.297714012145999732e+03 4.943257081089057259e+00 1.266231999999999904e-16 1.266232000000000027e-17
5.302527708053589777e+03 4.943257081089057259e+00 1.259407000000000035e-16 1.259407000000000066e-17
5.307341403961179822e+03 4.943257081089057259e+00 1.292415000000000067e-16 1.292415000000000067e-17
5.312155099868779871e+03 4.943257081089057259e+00 1.357158000000000063e-16 1.357158000000000155e-17
5.316968795776369916e+03 4.943257081089057259e+00 1.339058000000000074e-16 1.339058000000000074e-17
5.321782491683959961e+03 4.943257081089057259e+00 1.314951000000000115e-16 1.314951000000000207e-17
5.326596187591550006e+03 4.943257081089057259e+00 1.343649000000000083e-16 1.343649000000000114e-17
5.331409883499150055e+03 4.943257081089057259e+00 1.370099000000000000e-16 1.370099000000000000e-17
5.336223579406740100e+03 4.943257081089057259e+00 1.359449000000000014e-16 1.359449000000000138e-17
5.341037275314330145e+03 4.943257081089057259e+00 1.364820000000000107e-16 1.364820000000000107e-17
5.345850971221930195e+03 4.943257081089057259e+00 1.414570000000000077e-16 1.414570000000000016e-17
5.350664667129520240e+03 4.943257081089057259e+00 1.455054000000000116e-16 1.455054000000000177e-17
5.355478363037110284e+03 4.943257081089057259e+00 1.448637000000000006e-16 1.448636999999999944e-17
5.360292058944700329e+03 4.943257081089057259e+00 1.468763000000000079e-16 1.468763000000000263e-17
5.365105754852300379e+03 4.943257081089057259e+00 1.449453000000000017e-16 1.449453000000000017e-17
5.369919450759890424e+03 4.943257081089057259e+00 1.468507999999999890e-16 1.468507999999999952e-17
5.374733146667479559e+03 4.943257081089057259e+00 1.506962000000000071e-16 1.506962000000000132e-17
5.379546842575069604e+03 4.943257081089057259e+00 1.542891000000000028e-16 1.542891000000000090e-17
5.384360538482669654e+03 4.943257081089057259e+00 1.536005000000000048e-16 1.536005000000000171e-17
5.389174234390259699e+03 4.943257081089057259e+00 1.598265999999999966e-16 1.598266000000000151e-17
5.393987930297849744e+03 4.943257081089057259e+00 1.604565000000000121e-16 1.604565000000000059e-17
5.398801626205449793e+03 4.943257081089057259e+00 1.559276999999999965e-16 1.559277000000000150e-17
5.403615322113039838e+03 4.943257081089057259e+00 1.563036999999999951e-16 1.563036999999999890e-17
5.408429018020629883e+03 4.943257081089057259e+00 1.630783999999999965e-16 1.630784000000000089e-17
5.413242713928219928e+03 4.943257081089057259e+00 1.614547999999999893e-16 1.614547999999999831e-17
5.418056409835819977e+03 4.943257081089057259e+00 1.568944999999999997e-16 1.568944999999999936e-17
5.422870105743410022e+03 4.943257081089057259e+00 1.632028000000000080e-16 1.632028000000000142e-17
5.427683801651000067e+03 4.943257081089057259e+00 1.650185999999999980e-16 1.650186000000000103e-17
5.432497497558600116e+03 4.943257081089057259e+00 1.698629999999999905e-16 1.698630000000000028e-17
5.437311193466190161e+03 4.943257081089057259e+00 1.655809999999999881e-16 1.655809999999999820e-17
5.442124889373780206e+03 4.943257081089057259e+00 1.692722999999999925e-16 1.692723000000000110e-17
5.446938585281370251e+03 4.943257081089057259e+00 1.693723999999999909e-16 1.693724000000000156e-17
5.451752281188970301e+03 4.943257081089057259e+00 1.679787000000000074e-16 1.679787000000000135e-17
5.456565977096560346e+03 4.943257081089057259e+00 1.670368999999999898e-16 1.670369000000000021e-17
5.461379673004150391e+03 4.943257081089057259e+00 1.641869000000000026e-16 1.641869000000000211e-17
5.466193368911750440e+03 4.943257081089057259e+00 1.667430000000000009e-16 1.667430000000000071e-17
5.471007064819339575e+03 4.943257081089057259e+00 1.697543999999999940e-16 1.697544000000000186e-17
5.475820760726929620e+03 4.943257081089057259e+00 1.709228999999999951e-16 1.709229000000000136e-17
5.480634456634519665e+03 4.943257081089057259e+00 1.691342000000000071e-16 1.691342000000000071e-17
5.485448152542119715e+03 4.943257081089057259e+00 1.717497999999999919e-16 1.717498000000000042e-17
5.490261848449709760e+03 4.943257081089057259e+00 1.770905999999999997e-16 1.770906000000000182e-17
5.495075544357299805e+03 4.943257081089057259e+00 1.758896999999999894e-16 1.758897000000000017e-17
5.499889240264889850e+03 4.943257081089057259e+00 1.755712999999999988e-16 1.755713000000000112e-17
5.504702936172489899e+03 4.943257081089057259e+00 1.773159999999999954e-16 1.773160000000000201e-17
5.509516632080079944e+03 4.943257081089057259e+00 1.800433000000000102e-16 1.800433000000000287e-17
5.514330327987669989e+03 4.943257081089057259e+00 1.784507999999999996e-16 1.784508000000000119e-17
5.519144023895260034e+03 4.943257081089057259e+00 1.730276000000000114e-16 1.730276000000000114e-17
5.523957719802860083e+03 4.943257081089057259e+00 1.744712999999999908e-16 1.744713000000000093e-17
5.528771415710450128e+03 4.943257081089057259e+00 1.720079999999999987e-16 1.720080000000000172e-17
5.533585111618040173e+03 4.943257081089057259e+00 1.722295999999999883e-16 1.722295999999999945e-17
5.538398807525640223e+03 4.943257081089057259e+00 1.741255000000000030e-16 1.741255000000000215e-17
5.543212503433230268e+03 4.943257081089057259e+00 1.705819999999999880e-16 1.705820000000000064e-17
5.548026199340820312e+03 4.943257081089057259e+00 1.665298000000000027e-16 1.665297999999999965e-17
5.552839895248420362e+03 4.943257081089057259e+00 1.646049000000000076e-16 1.646049000000000138e-17
5.557653591156010407e+03 4.943257081089057259e+00 1.582629000000000024e-16 1.582629000000000209e-17
5.562467287063600452e+03 4.943257081089057259e+00 1.603059000000000092e-16 1.603059000000000030e-17
5.567280982971189587e+03 4.943257081089057259e+00 1.631777999999999977e-16 1.631778000000000162e-17
5.572094678878789637e+03 4.943257081089057259e+00 1.590406000000000071e-16 1.590406000000000256e-17
5.576908374786379682e+03 4.943257081089057259e+00 1.644148999999999986e-16 1.644149000000000171e-17
5.581722070693969727e+03 4.943257081089057259e+00 1.649794000000000052e-16 1.649794000000000113e-17
5.586535766601559772e+03 4.943257081089057259e+00 1.732107000000000054e-16 1.732107000000000177e-17
5.591349462509159821e+03 4.943257081089057259e+00 1.858684999999999998e-16 1.858685000000000060e-17
5.596163158416749866e+03 4.943257081089057259e+00 1.834926000000000000e-16 1.834926000000000246e-17
5.600976854324339911e+03 4.943257081089057259e+00 1.921193000000000066e-16 1.921193000000000251e-17
5.605790550231939960e+03 4.943257081089057259e+00 2.103656999999999899e-16 2.103657000000000022e-17
5.610604246139530005e+03 4.943257081089057259e+00 2.177597999999999990e-16 2.177598000000000236e-17
5.615417942047120050e+03 4.943257081089057259e+00 2.192951000000000034e-16 2.192951000000000157e-17
5.620231637954710095e+03 4.943257081089057259e+00 2.283218999999999838e-16 2.283218999999999961e-17
5.625045333862310144e+03 4.943257081089057259e+00 2.326162000000000149e-16 2.326162000000000211e-17
5.629859029769900189e+03 4.943257081089057259e+00 2.278453999999999848e-16 2.278453999999999971e-17
5.634672725677490234e+03 4.943257081089057259e+00 2.230012000000000056e-16 2.230012000000000302e-17
5.639486421585080279e+03 4.943257081089057259e+00 2.202794999999999933e-16 2.202794999999999995e-17
5.644300117492680329e+03 4.943257081089057259e+00 2.226669999999999754e-16 2.226669999999999878e-17
5.649113813400270374e+03 4.943257081089057259e+00 2.215821999999999918e-16 2.215821999999999918e-17
5.653927509307860419e+03 4.943257081089057259e+00 2.167302000000000118e-16 2.167302000000000118e-17
5.658741205215449554e+03 4.943257081089057259e+00 2.145990000000000088e-16 2.145990000000000088e-17
5.663554901123049603e+03 4.943257081089057259e+00 2.049545999999999926e-16 2.049546000000000110e-17
5.668368597030639648e+03 4.943257081089057259e+00 1.897020999999999976e-16 1.897021000000000223e-17
5.673182292938239698e+03 4.943257081089057259e+00 1.822890000000000074e-16 1.822890000000000321e-17
5.677995988845829743e+03 4.943257081089057259e+00 1.812552000000000122e-16 1.812552000000000368e-17
5.682809684753419788e+03 4.943257081089057259e+00 1.787675000000000004e-16 1.787675000000000004e-17
5.687623380661009833e+03 4.943257081089057259e+00 1.720183999999999998e-16 1.720184000000000245e-17
5.692437076568609882e+03 4.943257081089057259e+00 1.684535999999999986e-16 1.684536000000000232e-17
5.697250772476199927e+03 4.943257081089057259e+00 1.654378000000000088e-16 1.654378000000000026e-17
5.702064468383789972e+03 4.943257081089057259e+00 1.660670000000000024e-16 1.660669999999999962e-17
5.706878164291380017e+03 4.943257081089057259e+00 1.592390000000000076e-16 1.592390000000000199e-17
5.711691860198980066e+03 4.943257081089057259e+00 1.599095999999999923e-16 1.599095999999999861e-17
5.716505556106570111e+03 4.943257081089057259e+00 1.616048000000000016e-16 1.616048000000000016e-17
5.721319252014160156e+03 4.943257081089057259e+00 1.639348000000000069e-16 1.639348000000000192e-17
5.726132947921750201e+03 4.943257081089057259e+00 1.640939000000000078e-16 1.640939000000000017e-17
5.730946643829350251e+03 4.943257081089057259e+00 1.626244999999999962e-16 1.626245000000000085e-17
5.735760339736940296e+03 4.943257081089057259e+00 1.685532999999999950e-16 1.685533000000000074e-17
5.740574035644530341e+03 4.943257081089057259e+00 1.723775999999999909e-16 1.723776000000000033e-17
5.745387731552130390e+03 4.943257081089057259e+00 1.649091999999999976e-16 1.649092000000000161e-17
5.750201427459720435e+03 4.943257081089057259e+00 1.602183000000000036e-16 1.602182999999999974e-17
5.755015123367309570e+03 4.943257081089057259e+00 1.596644000000000115e-16 1.596644000000000053e-17
5.759828819274899615e+03 4.943257081089057259e+00 1.557269999999999911e-16 1.557270000000000034e-17
5.764642515182499665e+03 4.943257081089057259e+00 1.514138000000000101e-16 1.514138000000000224e-17
5.769456211090089710e+03 4.943257081089057259e+00 1.439446999999999949e-16 1.439447000000000072e-17
5.774269906997679755e+03 4.943257081089057259e+00 1.370360000000000095e-16 1.370360000000000156e-17
5.779083602905269800e+03 4.943257081089057259e+00 1.325478000000000059e-16 1.325478000000000182e-17
5.783897298812869849e+03 4.943257081089057259e+00 1.253805000000000117e-16 1.253805000000000240e-17
5.788710994720459894e+03 4.943257081089057259e+00 1.181429000000000033e-16 1.181429000000000063e-17
5.793524690628049939e+03 4.943257081089057259e+00 1.096969999999999980e-16 1.096970000000000103e-17
5.798338386535649988e+03 4.943257081089057259e+00 1.090921999999999995e-16 1.090921999999999995e-17
5.803152082443240033e+03 4.943257081089057259e+00 1.051262000000000007e-16 1.051262000000000007e-17
5.807965778350830078e+03 4.943257081089057259e+00 1.021077000000000040e-16 1.021077000000000040e-17
5.812779474258430128e+03 4.943257081089057259e+00 8.841829000000000224e-17 8.841829000000001457e-18
5.817593170166020172e+03 4.943257081089057259e+00 8.384058000000000413e-17 8.384058000000000413e-18
5.822406866073610217e+03 4.943257081089057259e+00 8.254019999999999472e-17 8.254020000000000396e-18
5.827220561981200262e+03 4.943257081089057259e+00 7.773895999999999699e-17 7.773896000000000315e-18
5.832034257888800312e+03 4.943257081089057259e+00 7.279605000000000331e-17 7.279605000000000023e-18
5.836847953796390357e+03 4.943257081089057259e+00 6.932553999999999881e-17 6.932554000000000498e-18
5.841661649703980402e+03 4.943257081089057259e+00 6.583436000000000566e-17 6.583436000000000874e-18
5.846475345611570447e+03 4.943257081089057259e+00 6.334354999999999911e-17 6.334355000000000373e-18
5.851289041519169587e+03 4.943257081089057259e+00 6.476660999999999683e-17 6.476661000000000146e-18
5.856102737426759631e+03 4.943257081089057259e+00 6.665553999999999684e-17 6.665554000000000301e-18
5.860916433334349676e+03 4.943257081089057259e+00 6.761475999999999658e-17 6.761475999999999966e-18
5.865730129241939721e+03 4.943257081089057259e+00 7.464856000000000302e-17 7.464856000000000918e-18
5.870543825149539771e+03 4.943257081089057259e+00 7.809256999999999614e-17 7.809256999999999923e-18
5.875357521057129816e+03 4.943257081089057259e+00 8.028147999999999970e-17 8.028148000000000894e-18
5.880171216964719861e+03 4.943257081089057259e+00 9.139168999999999599e-17 9.139168999999999599e-18
5.884984912872319910e+03 4.943257081089057259e+00 9.165066999999999798e-17 9.165066999999999798e-18
5.889798608779909955e+03 4.943257081089057259e+00 9.624417000000000054e-17 9.624417000000000362e-18
5.894612304687500000e+03 4.943257081089057259e+00 1.034034999999999999e-16 1.034035000000000060e-17
5.899426000595090045e+03 4.943257081089057259e+00 1.148964000000000106e-16 1.148964000000000136e-17
5.904239696502690094e+03 4.943257081089057259e+00 1.298062000000000019e-16 1.298062000000000111e-17
5.909053392410280139e+03 4.943257081089057259e+00 1.462548999999999905e-16 1.462548999999999843e-17
5.913867088317870184e+03 4.943257081089057259e+00 1.554454000000000064e-16 1.554454000000000126e-17
5.918680784225460229e+03 4.943257081089057259e+00 1.607483999999999912e-16 1.607483999999999912e-17
5.923494480133060279e+03 4.943257081089057259e+00 1.600301999999999976e-16 1.600301999999999976e-17
5.928308176040650324e+03 4.943257081089057259e+00 1.728266999999999927e-16 1.728267000000000050e-17
5.933121871948240369e+03 4.943257081089057259e+00 1.841899999999999914e-16 1.841900000000000037e-17
5.937935567855840418e+03 4.943257081089057259e+00 1.895585999999999984e-16 1.895586000000000045e-17
5.942749263763429553e+03 4.943257081089057259e+00 1.971612999999999957e-16 1.971613000000000018e-17
5.947562959671019598e+03 4.943257081089057259e+00 2.055011999999999924e-16 2.055011999999999924e-17
5.952376655578609643e+03 4.943257081089057259e+00 2.117206999999999892e-16 2.117207000000000077e-17
5.957190351486209693e+03 4.943257081089057259e+00 2.108785999999999928e-16 2.108786000000000113e-17
5.962004047393799738e+03 4.943257081089057259e+00 2.121392000000000028e-16 2.121392000000000028e-17
5.966817743301389783e+03 4.943257081089057259e+00 2.206023000000000052e-16 2.206023000000000299e-17
5.971631439208989832e+03 4.943257081089057259e+00 2.224299000000000154e-16 2.224299000000000277e-17
5.976445135116579877e+03 4.943257081089057259e+00 2.237173999999999895e-16 2.237174000000000142e-17
5.981258831024169922e+03 4.943257081089057259e+00 2.310235000000000157e-16 2.310235000000000403e-17
5.986072526931759967e+03 4.943257081089057259e+00 2.328975000000000043e-16 2.328975000000000043e-17
5.990886222839360016e+03 4.943257081089057259e+00 2.311410000000000122e-16 2.311410000000000245e-17
5.995699918746950061e+03 4.943257081089057259e+00 2.224910000000000096e-16 2.224910000000000281e-17
6.000513614654540106e+03 4.943257081089057259e+00 2.227974999999999980e-16 2.227975000000000041e-17
6.005327310562140156e+03 4.943257081089057259e+00 2.279685000000000084e-16 2.279685000000000208e-17
6.010141006469730200e+03 4.943257081089057259e+00 2.260608000000000228e-16 2.260608000000000228e-17
6.014954702377320245e+03 4.943257081089057259e+00 2.273257000000000229e-16 2.273257000000000414e-17
6.019768398284910290e+03 4.943257081089057259e+00 2.196786999999999896e-16 2.196787000000000081e-17
6.024582094192510340e+03 4.943257081089057259e+00 2.194050999999999944e-16 2.194050999999999944e-17
6.029395790100100385e+03 4.943257081089057259e+00 2.218909000000000031e-16 2.218909000000000031e-17
6.034209486007690430e+03 4.943257081089057259e+00 2.253018999999999860e-16 2.253018999999999921e-17
6.039023181915279565e+03 4.943257081089057259e+00 2.255323000000000183e-16 2.255323000000000183e-17
6.043836877822879615e+03 4.943257081089057259e+00 2.268712000000000073e-16 2.268712000000000258e-17
6.048650573730469659e+03 4.943257081089057259e+00 2.218377999999999984e-16 2.218378000000000107e-17
6.053464269638059704e+03 4.943257081089057259e+00 2.106027999999999992e-16 2.106028000000000239e-17
6.058277965545659754e+03 4.943257081089057259e+00 2.118144000000000059e-16 2.118144000000000244e-17
6.063091661453249799e+03 4.943257081089057259e+00 2.140750999999999896e-16 2.140751000000000081e-17
6.067905357360839844e+03 4.943257081089057259e+00 2.106401999999999956e-16 2.106402000000000080e-17
6.072719053268429889e+03 4.943257081089057259e+00 2.111529000000000099e-16 2.111529000000000222e-17
6.077532749176029938e+03 4.943257081089057259e+00 2.061745999999999907e-16 2.061746000000000092e-17
6.082346445083619983e+03 4.943257081089057259e+00 2.052462000000000011e-16 2.052462000000000196e-17
6.087160140991210028e+03 4.943257081089057259e+00 1.984758999999999964e-16 1.984759000000000087e-17
6.091973836898800073e+03 4.943257081089057259e+00 1.952780000000000051e-16 1.952780000000000174e-17
6.096787532806400122e+03 4.943257081089057259e+00 1.933721999999999979e-16 1.933722000000000163e-17
6.101601228713990167e+03 4.943257081089057259e+00 1.868046999999999902e-16 1.868047000000000087e-17
6.106414924621580212e+03 4.943257081089057259e+00 1.899333000000000092e-16 1.899333000000000277e-17
6.111228620529180262e+03 4.943257081089057259e+00 1.846906999999999967e-16 1.846907000000000214e-17
6.116042316436770307e+03 4.943257081089057259e+00 1.805940000000000114e-16 1.805940000000000114e-17
6.120856012344360352e+03 4.943257081089057259e+00 1.850113000000000102e-16 1.850113000000000164e-17
6.125669708251950397e+03 4.943257081089057259e+00 1.858758999999999987e-16 1.858758999999999987e-17
6.130483404159550446e+03 4.943257081089057259e+00 1.781529999999999980e-16 1.781530000000000103e-17
6.135297100067139581e+03 4.943257081089057259e+00 1.714252999999999902e-16 1.714253000000000026e-17
6.140110795974729626e+03 4.943257081089057259e+00 1.711744000000000003e-16 1.711744000000000003e-17
6.144924491882329676e+03 4.943257081089057259e+00 1.751190000000000063e-16 1.751190000000000309e-17
6.149738187789919721e+03 4.943257081089057259e+00 1.717268999999999979e-16 1.717268999999999979e-17
6.154551883697509766e+03 4.943257081089057259e+00 1.669844000000000003e-16 1.669844000000000249e-17
6.159365579605099811e+03 4.943257081089057259e+00 1.717598999999999977e-16 1.717599000000000039e-17
6.164179275512699860e+03 4.943257081089057259e+00 1.658690000000000039e-16 1.658690000000000224e-17
6.168992971420289905e+03 4.943257081089057259e+00 1.656370999999999951e-16 1.656370999999999889e-17
6.173806667327879950e+03 4.943257081089057259e+00 1.674016000000000014e-16 1.674016000000000076e-17
6.178620363235479999e+03 4.943257081089057259e+00 1.638476000000000032e-16 1.638476000000000032e-17
6.183434059143070044e+03 4.943257081089057259e+00 1.705909999999999946e-16 1.705910000000000193e-17
6.188247755050660089e+03 4.943257081089057259e+00 1.633801999999999929e-16 1.633801999999999991e-17
6.193061450958250134e+03 4.943257081089057259e+00 1.566658000000000065e-16 1.566658000000000003e-17
6.197875146865850184e+03 4.943257081089057259e+00 1.545073999999999949e-16 1.545073999999999949e-17
6.202688842773440228e+03 4.943257081089057259e+00 1.587971999999999981e-16 1.587971999999999981e-17
6.207502538681030273e+03 4.943257081089057259e+00 1.595543999999999959e-16 1.595543999999999959e-17
6.212316234588620318e+03 4.943257081089057259e+00 1.616616000000000057e-16 1.616616000000000057e-17
6.217129930496220368e+03 4.943257081089057259e+00 1.724327000000000054e-16 1.724327000000000054e-17
6.221943626403810413e+03 4.943257081089057259e+00 1.722953999999999992e-16 1.722954000000000115e-17
6.226757322311399548e+03 4.943257081089057259e+00 1.685786000000000006e-16 1.685786000000000129e-17
6.231571018218999598e+03 4.943257081089057259e+00 1.698013000000000057e-16 1.698013000000000180e-17
6.236384714126589643e+03 4.943257081089057259e+00 1.697038999999999895e-16 1.697038999999999895e-17
6.241198410034179688e+03 4.943257081089057259e+00 1.747351000000000002e-16 1.747351000000000002e-17
6.246012105941769732e+03 4.943257081089057259e+00 1.729415999999999889e-16 1.729415999999999950e-17
6.250825801849369782e+03 4.943257081089057259e+00 1.746915999999999927e-16 1.746916000000000050e-17
6.255639497756959827e+03 4.943257081089057259e+00 1.764359999999999939e-16 1.764360000000000063e-17
6.260453193664549872e+03 4.943257081089057259e+00 1.684608999999999908e-16 1.684609000000000031e-17
6.265266889572139917e+03 4.943257081089057259e+00 1.640211000000000000e-16 1.640211000000000123e-17
6.270080585479739966e+03 4.943257081089057259e+00 1.598157999999999936e-16 1.598157999999999874e-17
6.274894281387330011e+03 4.943257081089057259e+00 1.526686000000000044e-16 1.526686000000000105e-17
6.279707977294920056e+03 4.943257081089057259e+00 1.523820000000000078e-16 1.523820000000000263e-17
6.284521673202510101e+03 4.943257081089057259e+00 1.572555999999999939e-16 1.572556000000000001e-17
6.289335369110110150e+03 4.943257081089057259e+00 1.541750000000000105e-16 1.541750000000000290e-17
6.294149065017700195e+03 4.943257081089057259e+00 1.536917000000000032e-16 1.536917000000000217e-17
6.298962760925290240e+03 4.943257081089057259e+00 1.559294000000000109e-16 1.559294000000000171e-17
6.303776456832890290e+03 4.943257081089057259e+00 1.540748000000000054e-16 1.540748000000000116e-17
6.308590152740480335e+03 4.943257081089057259e+00 1.597463000000000079e-16 1.597463000000000203e-17
6.313403848648070380e+03 4.943257081089057259e+00 1.675349999999999948e-16 1.675349999999999948e-17
6.318217544555670429e+03 4.943257081089057259e+00 1.677739000000000006e-16 1.677739000000000006e-17
6.323031240463259564e+03 4.943257081089057259e+00 1.696782000000000067e-16 1.696782000000000252e-17
6.327844936370849609e+03 4.943257081089057259e+00 1.758669000000000021e-16 1.758669000000000083e-17
6.332658632278439654e+03 4.943257081089057259e+00 1.926014999999999901e-16 1.926015000000000147e-17
6.337472328186039704e+03 4.943257081089057259e+00 2.009069000000000106e-16 2.009069000000000229e-17
6.342286024093629749e+03 4.943257081089057259e+00 2.075288999999999928e-16 2.075289000000000174e-17
6.347099720001219794e+03 4.943257081089057259e+00 2.135574999999999947e-16 2.135575000000000132e-17
6.351913415908809839e+03 4.943257081089057259e+00 2.103144999999999882e-16 2.103145000000000067e-17
6.356727111816409888e+03 4.943257081089057259e+00 2.137646999999999885e-16 2.137646999999999947e-17
6.361540807723999933e+03 4.943257081089057259e+00 2.152517000000000115e-16 2.152517000000000238e-17
6.366354503631589978e+03 4.943257081089057259e+00 2.068943000000000100e-16 2.068943000000000100e-17
6.371168199539190027e+03 4.943257081089057259e+00 2.047365999999999957e-16 2.047366000000000019e-17
6.375981895446780072e+03 4.943257081089057259e+00 2.080680000000000117e-16 2.080680000000000241e-17
6.380795591354370117e+03 4.943257081089057259e+00 2.075673000000000064e-16 2.075673000000000064e-17
6.385609287261960162e+03 4.943257081089057259e+00 2.063280999999999891e-16 2.063281000000000138e-17
6.390422983169560212e+03 4.943257081089057259e+00 2.066214999999999941e-16 2.066215000000000064e-17
6.395236679077150256e+03 4.943257081089057259e+00 2.078584000000000063e-16 2.078584000000000125e-17
6.400050374984740301e+03 4.943257081089057259e+00 2.093870999999999911e-16 2.093870999999999911e-17
6.404864070892330346e+03 4.943257081089057259e+00 2.144995000000000010e-16 2.144995000000000195e-17
6.409677766799930396e+03 4.943257081089057259e+00 2.255217999999999858e-16 2.255217999999999982e-17
6.414491462707520441e+03 4.943257081089057259e+00 2.225668000000000197e-16 2.225668000000000320e-17
6.419305158615109576e+03 4.943257081089057259e+00 2.175975999999999891e-16 2.175976000000000138e-17
6.424118854522709626e+03 4.943257081089057259e+00 2.113561000000000089e-16 2.113561000000000151e-17
6.428932550430299671e+03 4.943257081089057259e+00 2.083293000000000028e-16 2.083293000000000028e-17
6.433746246337889716e+03 4.943257081089057259e+00 2.070066999999999880e-16 2.070066999999999880e-17
6.438559942245489765e+03 4.943257081089057259e+00 2.010210000000000029e-16 2.010210000000000029e-17
6.443373638153079810e+03 4.943257081089057259e+00 2.022238999999999983e-16 2.022238999999999983e-17
6.448187334060669855e+03 4.943257081089057259e+00 2.039492999999999937e-16 2.039492999999999999e-17
6.453001029968259900e+03 4.943257081089057259e+00 2.028959000000000021e-16 2.028959000000000206e-17
6.457814725875859949e+03 4.943257081089057259e+00 2.031793000000000079e-16 2.031793000000000263e-17
6.462628421783449994e+03 4.943257081089057259e+00 2.008787000000000095e-16 2.008787000000000156e-17
6.467442117691040039e+03 4.943257081089057259e+00 1.991876000000000016e-16 1.991876000000000016e-17
6.472255813598630084e+03 4.943257081089057259e+00 1.978401000000000078e-16 1.978401000000000324e-17
6.477069509506230133e+03 4.943257081089057259e+00 1.910520000000000031e-16 1.910520000000000216e-17
6.481883205413820178e+03 4.943257081089057259e+00 1.909135999999999977e-16 1.909136000000000100e-17
6.486696901321410223e+03 4.943257081089057259e+00 1.980792000000000022e-16 1.980792000000000022e-17
6.491510597229000268e+03 4.943257081089057259e+00 1.953677000000000024e-16 1.953677000000000147e-17
6.496324293136600318e+03 4.943257081089057259e+00 1.973836999999999892e-16 1.973836999999999892e-17
6.501137989044190363e+03 4.943257081089057259e+00 2.079441999999999909e-16 2.079442000000000032e-17
6.505951684951780408e+03 4.943257081089057259e+00 1.923597999999999954e-16 1.923598000000000201e-17
6.510765380859379547e+03 4.943257081089057259e+00 2.001830000000000079e-16 2.001830000000000079e-17
6.515579076766969592e+03 4.943257081089057259e+00 2.364859000000000214e-16 2.364859000000000399e-17
6.520392772674559637e+03 4.943257081089057259e+00 2.556085999999999820e-16 2.556085999999999882e-17
6.525206468582149682e+03 4.943257081089057259e+00 2.602718999999999902e-16 2.602719000000000148e-17
6.530020164489749732e+03 4.943257081089057259e+00 2.624982999999999863e-16 2.624983000000000109e-17
6.534833860397339777e+03 4.943257081089057259e+00 2.705922000000000230e-16 2.705922000000000415e-17
6.539647556304929822e+03 4.943257081089057259e+00 2.783818000000000204e-16 2.783818000000000081e-17
6.544461252212529871e+03 4.943257081089057259e+00 2.752798999999999769e-16 2.752798999999999892e-17
6.549274948120119916e+03 4.943257081089057259e+00 2.781600000000000175e-16 2.781600000000000052e-17
6.554088644027709961e+03 4.943257081089057259e+00 2.855118000000000002e-16 2.855118000000000002e-17
6.558902339935300006e+03 4.943257081089057259e+00 2.916506000000000064e-16 2.916506000000000311e-17
6.563716035842900055e+03 4.943257081089057259e+00 2.917032999999999846e-16 2.917032999999999722e-17
6.568529731750490100e+03 4.943257081089057259e+00 2.990496000000000207e-16 2.990496000000000331e-17
6.573343427658080145e+03 4.943257081089057259e+00 3.089632000000000109e-16 3.089632000000000355e-17
6.578157123565670190e+03 4.943257081089057259e+00 3.118082999999999927e-16 3.118083000000000051e-17
6.582970819473270240e+03 4.943257081089057259e+00 3.133135000000000177e-16 3.133135000000000547e-17
6.587784515380860284e+03 4.943257081089057259e+00 3.137290999999999864e-16 3.137290999999999864e-17
6.592598211288450329e+03 4.943257081089057259e+00 3.159083999999999822e-16 3.159084000000000192e-17
6.597411907196050379e+03 4.943257081089057259e+00 3.084530000000000149e-16 3.084530000000000026e-17
6.602225603103640424e+03 4.943257081089057259e+00 3.037862999999999780e-16 3.037863000000000026e-17
6.607039299011229559e+03 4.943257081089057259e+00 3.101717000000000087e-16 3.101717000000000087e-17
6.611852994918819604e+03 4.943257081089057259e+00 3.059777999999999959e-16 3.059777999999999959e-17
6.616666690826419654e+03 4.943257081089057259e+00 2.931030000000000219e-16 2.931030000000000342e-17
6.621480386734009699e+03 4.943257081089057259e+00 2.870897999999999836e-16 2.870898000000000083e-17
6.626294082641599744e+03 4.943257081089057259e+00 2.828070000000000021e-16 2.828070000000000391e-17
6.631107778549199793e+03 4.943257081089057259e+00 2.744965999999999943e-16 2.744966000000000066e-17
6.635921474456789838e+03 4.943257081089057259e+00 2.653385000000000122e-16 2.653385000000000307e-17
6.640735170364379883e+03 4.943257081089057259e+00 2.465375000000000149e-16 2.465375000000000334e-17
6.645548866271969928e+03 4.943257081089057259e+00 2.385987000000000091e-16 2.385987000000000276e-17
6.650362562179569977e+03 4.943257081089057259e+00 2.378610999999999830e-16 2.378610999999999830e-17
6.655176258087160022e+03 4.943257081089057259e+00 2.385329000000000229e-16 2.385329000000000414e-17
6.659989953994750067e+03 4.943257081089057259e+00 2.311766000000000122e-16 2.311766000000000245e-17
6.664803649902340112e+03 4.943257081089057259e+00 2.354514000000000043e-16 2.354514000000000166e-17
6.669617345809940161e+03 4.943257081089057259e+00 2.415963999999999789e-16 2.415963999999999789e-17
6.674431041717530206e+03 4.943257081089057259e+00 2.577894000000000036e-16 2.577894000000000282e-17
6.679244737625120251e+03 4.943257081089057259e+00 2.954439000000000122e-16 2.954438999999999999e-17
6.684058433532720301e+03 4.943257081089057259e+00 3.457324000000000109e-16 3.457324000000000232e-17
6.688872129440310346e+03 4.943257081089057259e+00 4.050541999999999782e-16 4.050542000000000275e-17
6.693685825347900391e+03 4.943257081089057259e+00 4.079877000000000189e-16 4.079877000000000435e-17
6.698499521255490436e+03 4.943257081089057259e+00 3.362386000000000221e-16 3.362386000000000591e-17
6.703313217163089575e+03 4.943257081089057259e+00 3.026365999999999940e-16 3.026365999999999817e-17
6.708126913070679620e+03 4.943257081089057259e+00 3.231948999999999873e-16 3.231948999999999996e-17
6.712940608978269665e+03 4.943257081089057259e+00 3.435799000000000217e-16 3.435799000000000341e-17
6.717754304885859710e+03 4.943257081089057259e+00 3.303728000000000206e-16 3.303728000000000576e-17
6.722568000793459760e+03 4.943257081089057259e+00 3.098641000000000212e-16 3.098641000000000459e-17
6.727381696701049805e+03 4.943257081089057259e+00 3.048278999999999987e-16 3.048279000000000110e-17
6.732195392608639850e+03 4.943257081089057259e+00 3.083703999999999966e-16 3.083704000000000212e-17
6.737009088516239899e+03 4.943257081089057259e+00 3.084790000000000177e-16 3.084790000000000054e-17
6.741822784423829944e+03 4.943257081089057259e+00 3.072640000000000068e-16 3.072640000000000315e-17
6.746636480331419989e+03 4.943257081089057259e+00 3.011052999999999843e-16 3.011053000000000089e-17
6.751450176239010034e+03 4.943257081089057259e+00 2.934613000000000025e-16 2.934612999999999901e-17
6.756263872146610083e+03 4.943257081089057259e+00 2.943653999999999790e-16 2.943653999999999790e-17
6.761077568054200128e+03 4.943257081089057259e+00 2.948521999999999971e-16 2.948522000000000341e-17
6.765891263961790173e+03 4.943257081089057259e+00 2.960992000000000152e-16 2.960992000000000399e-17
6.770704959869390223e+03 4.943257081089057259e+00 2.991031999999999848e-16 2.991031999999999971e-17
6.775518655776980268e+03 4.943257081089057259e+00 3.006590000000000208e-16 3.006590000000000578e-17
6.780332351684570312e+03 4.943257081089057259e+00 2.924393999999999848e-16 2.924394000000000095e-17
6.785146047592160357e+03 4.943257081089057259e+00 2.871513000000000045e-16 2.871513000000000291e-17
6.789959743499760407e+03 4.943257081089057259e+00 2.826944000000000109e-16 2.826944000000000355e-17
6.794773439407350452e+03 4.943257081089057259e+00 2.821015000000000146e-16 2.821015000000000392e-17
6.799587135314939587e+03 4.943257081089057259e+00 2.821336000000000038e-16 2.821335999999999915e-17
6.804400831222539637e+03 4.943257081089057259e+00 2.791839000000000202e-16 2.791839000000000572e-17
6.809214527130129682e+03 4.943257081089057259e+00 2.839322000000000090e-16 2.839322000000000337e-17
6.814028223037719727e+03 4.943257081089057259e+00 2.866583000000000180e-16 2.866583000000000426e-17
6.818841918945309772e+03 4.943257081089057259e+00 2.761377999999999883e-16 2.761378000000000068e-17
6.823655614852909821e+03 4.943257081089057259e+00 2.639616999999999934e-16 2.639617000000000058e-17
6.828469310760499866e+03 4.943257081089057259e+00 2.612889999999999845e-16 2.612889999999999969e-17
6.833283006668089911e+03 4.943257081089057259e+00 2.673486000000000012e-16 2.673486000000000197e-17
6.838096702575679956e+03 4.943257081089057259e+00 2.643600000000000201e-16 2.643600000000000324e-17
6.842910398483280005e+03 4.943257081089057259e+00 2.658126999999999815e-16 2.658126999999999815e-17
6.847724094390870050e+03 4.943257081089057259e+00 2.684757999999999932e-16 2.684757999999999932e-17
6.852537790298460095e+03 4.943257081089057259e+00 2.596973000000000025e-16 2.596973000000000210e-17
6.857351486206060144e+03 4.943257081089057259e+00 2.393452999999999925e-16 2.393452999999999925e-17
6.862165182113650189e+03 4.943257081089057259e+00 2.212345000000000010e-16 2.212345000000000071e-17
6.866978878021240234e+03 4.943257081089057259e+00 2.208063999999999901e-16 2.208064000000000148e-17
6.871792573928830279e+03 4.943257081089057259e+00 2.273987999999999767e-16 2.273987999999999767e-17
6.876606269836430329e+03 4.943257081089057259e+00 2.223552999999999866e-16 2.223552999999999927e-17
6.881419965744020374e+03 4.943257081089057259e+00 2.128961000000000053e-16 2.128961000000000238e-17
6.886233661651610419e+03 4.943257081089057259e+00 2.048803999999999903e-16 2.048803999999999964e-17
6.891047357559199554e+03 4.943257081089057259e+00 2.023197000000000067e-16 2.023197000000000067e-17
6.895861053466799603e+03 4.943257081089057259e+00 2.041361000000000119e-16 2.041361000000000181e-17
6.900674749374389648e+03 4.943257081089057259e+00 1.948786000000000040e-16 1.948786000000000040e-17
6.905488445281979693e+03 4.943257081089057259e+00 1.977545999999999939e-16 1.977546000000000185e-17
6.910302141189579743e+03 4.943257081089057259e+00 2.012088999999999956e-16 2.012089000000000079e-17
6.915115837097169788e+03 4.943257081089057259e+00 1.940439000000000064e-16 1.940439000000000310e-17
6.919929533004759833e+03 4.943257081089057259e+00 1.865543999999999909e-16 1.865543999999999909e-17
6.924743228912349878e+03 4.943257081089057259e+00 1.789920000000000102e-16 1.789920000000000102e-17
6.929556924819949927e+03 4.943257081089057259e+00 1.762938999999999891e-16 1.762939000000000138e-17
6.934370620727539972e+03 4.943257081089057259e+00 1.774837000000000011e-16 1.774837000000000257e-17
6.939184316635130017e+03 4.943257081089057259e+00 1.737747000000000033e-16 1.737747000000000095e-17
6.943998012542720062e+03 4.943257081089057259e+00 1.651519000000000094e-16 1.651519000000000156e-17
6.948811708450320111e+03 4.943257081089057259e+00 1.637419000000000023e-16 1.637419000000000208e-17
6.953625404357910156e+03 4.943257081089057259e+00 1.645818000000000004e-16 1.645818000000000128e-17
6.958439100265500201e+03 4.943257081089057259e+00 1.599210999999999926e-16 1.599211000000000110e-17
6.963252796173100251e+03 4.943257081089057259e+00 1.618545000000000103e-16 1.618545000000000042e-17
6.968066492080690296e+03 4.943257081089057259e+00 1.617837000000000122e-16 1.617837000000000245e-17
6.972880187988280341e+03 4.943257081089057259e+00 1.572191000000000080e-16 1.572191000000000080e-17
6.977693883895880390e+03 4.943257081089057259e+00 1.490631000000000092e-16 1.490631000000000030e-17
6.982507579803470435e+03 4.943257081089057259e+00 1.451061999999999991e-16 1.451061999999999991e-17
6.987321275711059570e+03 4.943257081089057259e+00 1.479988000000000079e-16 1.479988000000000140e-17
6.992134971618649615e+03 4.943257081089057259e+00 1.472860000000000034e-16 1.472860000000000034e-17
6.996948667526249665e+03 4.943257081089057259e+00 1.483070000000000106e-16 1.483070000000000229e-17
7.001762363433839710e+03 4.943257081089057259e+00 1.408999000000000001e-16 1.408999000000000001e-17
7.006576059341429755e+03 4.943257081089057259e+00 1.286140000000000030e-16 1.286140000000000153e-17
7.011389755249019800e+03 4.943257081089057259e+00 1.206976000000000071e-16 1.206976000000000133e-17
7.016203451156619849e+03 4.943257081089057259e+00 1.163592000000000025e-16 1.163592000000000087e-17
7.021017147064209894e+03 4.943257081089057259e+00 1.131383000000000107e-16 1.131383000000000137e-17
7.025830842971799939e+03 4.943257081089057259e+00 1.071893999999999945e-16 1.071893999999999976e-17
7.030644538879399988e+03 4.943257081089057259e+00 1.077893999999999944e-16 1.077893999999999944e-17
7.035458234786990033e+03 4.943257081089057259e+00 1.110579999999999895e-16 1.110579999999999987e-17
7.040271930694580078e+03 4.943257081089057259e+00 1.102201000000000010e-16 1.102201000000000010e-17
7.045085626602170123e+03 4.943257081089057259e+00 1.129917000000000025e-16 1.129917000000000148e-17
7.049899322509770172e+03 4.943257081089057259e+00 1.133815999999999884e-16 1.133815999999999976e-17
7.054713018417360217e+03 4.943257081089057259e+00 1.197331000000000089e-16 1.197331000000000212e-17
7.059526714324950262e+03 4.943257081089057259e+00 1.277975000000000073e-16 1.277975000000000166e-17
7.064340410232540307e+03 4.943257081089057259e+00 1.366732000000000009e-16 1.366732000000000070e-17
7.069154106140140357e+03 4.943257081089057259e+00 1.412267000000000067e-16 1.412267000000000191e-17
7.073967802047730402e+03 4.943257081089057259e+00 1.507045999999999985e-16 1.507046000000000108e-17
7.078781497955320447e+03 4.943257081089057259e+00 1.664609999999999896e-16 1.664609999999999958e-17
7.083595193862919587e+03 4.943257081089057259e+00 1.792266000000000013e-16 1.792266000000000198e-17
7.088408889770509631e+03 4.943257081089057259e+00 1.912078999999999885e-16 1.912078999999999947e-17
7.093222585678099676e+03 4.943257081089057259e+00 2.012995000000000034e-16 2.012995000000000281e-17
7.098036281585689721e+03 4.943257081089057259e+00 2.184770000000000000e-16 2.184770000000000124e-17
7.102849977493289771e+03 4.943257081089057259e+00 2.272406000000000109e-16 2.272406000000000171e-17
7.107663673400879816e+03 4.943257081089057259e+00 2.276223000000000187e-16 2.276223000000000434e-17
7.112477369308469861e+03 4.943257081089057259e+00 2.254797000000000221e-16 2.254797000000000283e-17
7.117291065216069910e+03 4.943257081089057259e+00 2.262216999999999955e-16 2.262217000000000202e-17
7.122104761123659955e+03 4.943257081089057259e+00 2.261378999999999960e-16 2.261379000000000083e-17
7.126918457031250000e+03 4.943257081089057259e+00 2.345266000000000075e-16 2.345266000000000259e-17
7.131732152938840045e+03 4.943257081089057259e+00 2.411085999999999929e-16 2.411086000000000114e-17
7.136545848846440094e+03 4.943257081089057259e+00 2.372261000000000230e-16 2.372261000000000477e-17
7.141359544754030139e+03 4.943257081089057259e+00 2.312930999999999915e-16 2.312931000000000038e-17
7.146173240661620184e+03 4.943257081089057259e+00 2.275667000000000203e-16 2.275667000000000388e-17
7.150986936569210229e+03 4.943257081089057259e+00 2.271711999999999826e-16 2.271712000000000011e-17
7.155800632476810279e+03 4.943257081089057259e+00 2.259648999999999831e-16 2.259649000000000016e-17
7.160614328384400324e+03 4.943257081089057259e+00 2.248524000000000070e-16 2.248524000000000316e-17
7.165428024291990369e+03 4.943257081089057259e+00 2.326719999999999773e-16 2.326719999999999896e-17
7.170241720199590418e+03 4.943257081089057259e+00 2.285101000000000210e-16 2.285101000000000395e-17
7.175055416107179553e+03 4.943257081089057259e+00 2.283108000000000101e-16 2.283108000000000224e-17
7.179869112014769598e+03 4.943257081089057259e+00 2.471428999999999794e-16 2.471428999999999979e-17
7.184682807922359643e+03 4.943257081089057259e+00 2.595373000000000157e-16 2.595373000000000157e-17
7.189496503829959693e+03 4.943257081089057259e+00 2.451940999999999979e-16 2.451941000000000040e-17
7.194310199737549738e+03 4.943257081089057259e+00 2.302070999999999774e-16 2.302070999999999774e-17
7.199123895645139783e+03 4.943257081089057259e+00 2.306371000000000159e-16 2.306371000000000283e-17
7.203937591552739832e+03 4.943257081089057259e+00 2.340651000000000196e-16 2.340651000000000381e-17
7.208751287460329877e+03 4.943257081089057259e+00 2.377131000000000051e-16 2.377131000000000051e-17
7.213564983367919922e+03 4.943257081089057259e+00 2.384952999999999885e-16 2.384953000000000008e-17
7.218378679275509967e+03 4.943257081089057259e+00 2.302571999999999799e-16 2.302571999999999861e-17
7.223192375183110016e+03 4.943257081089057259e+00 2.272762999999999930e-16 2.272762999999999991e-17
7.228006071090700061e+03 4.943257081089057259e+00 2.314622999999999983e-16 2.314623000000000168e-17
7.232819766998290106e+03 4.943257081089057259e+00 2.243017999999999877e-16 2.243018000000000000e-17
7.237633462905890156e+03 4.943257081089057259e+00 2.229640999999999798e-16 2.229640999999999921e-17
7.242447158813480200e+03 4.943257081089057259e+00 2.206799000000000116e-16 2.206799000000000178e-17
7.247260854721070245e+03 4.943257081089057259e+00 2.036949999999999997e-16 2.036950000000000243e-17
7.252074550628660290e+03 4.943257081089057259e+00 2.016705999999999968e-16 2.016706000000000214e-17
7.256888246536260340e+03 4.943257081089057259e+00 2.061326999999999909e-16 2.061327000000000033e-17
7.261701942443850385e+03 4.943257081089057259e+00 2.038301999999999895e-16 2.038301999999999957e-17
7.266515638351440430e+03 4.943257081089057259e+00 2.028763999999999877e-16 2.028763999999999877e-17
7.271329334259029565e+03 4.943257081089057259e+00 2.000614000000000100e-16 2.000614000000000223e-17
7.276143030166629615e+03 4.943257081089057259e+00 1.981527000000000072e-16 1.981527000000000195e-17
7.280956726074219659e+03 4.943257081089057259e+00 1.991991000000000019e-16 1.991991000000000265e-17
7.285770421981809704e+03 4.943257081089057259e+00 1.917448000000000091e-16 1.917448000000000276e-17
7.290584117889409754e+03 4.943257081089057259e+00 1.821736000000000026e-16 1.821736000000000088e-17
7.295397813796999799e+03 4.943257081089057259e+00 1.815885000000000072e-16 1.815885000000000256e-17
7.300211509704589844e+03 4.943257081089057259e+00 1.760801000000000003e-16 1.760801000000000188e-17
7.305025205612179889e+03 4.943257081089057259e+00 1.795352999999999879e-16 1.795353000000000002e-17
7.309838901519779938e+03 4.943257081089057259e+00 1.954135999999999969e-16 1.954136000000000092e-17
7.314652597427369983e+03 4.943257081089057259e+00 2.018461000000000033e-16 2.018461000000000094e-17
7.319466293334960028e+03 4.943257081089057259e+00 2.010463999999999905e-16 2.010463999999999905e-17
7.324279989242550073e+03 4.943257081089057259e+00 2.049431999999999989e-16 2.049431999999999989e-17
7.329093685150150122e+03 4.943257081089057259e+00 2.067886000000000091e-16 2.067886000000000276e-17
7.333907381057740167e+03 4.943257081089057259e+00 1.995582000000000110e-16 1.995582000000000233e-17
7.338721076965330212e+03 4.943257081089057259e+00 1.943373000000000113e-16 1.943373000000000236e-17
7.343534772872920257e+03 4.943257081089057259e+00 1.971175999999999995e-16 1.971176000000000118e-17
7.348348468780520307e+03 4.943257081089057259e+00 2.025337999999999908e-16 2.025338000000000093e-17
7.353162164688110352e+03 4.943257081089057259e+00 2.121629000000000006e-16 2.121629000000000191e-17
7.357975860595700397e+03 4.943257081089057259e+00 2.067770000000000022e-16 2.067770000000000207e-17
7.362789556503300446e+03 4.943257081089057259e+00 2.069928000000000007e-16 2.069928000000000254e-17
7.367603252410889581e+03 4.943257081089057259e+00 2.035324999999999945e-16 2.035325000000000069e-17
7.372416948318479626e+03 4.943257081089057259e+00 2.028801999999999938e-16 2.028802000000000123e-17
7.377230644226069671e+03 4.943257081089057259e+00 2.122739999999999908e-16 2.122740000000000154e-17
7.382044340133669721e+03 4.943257081089057259e+00 2.241358999999999785e-16 2.241358999999999785e-17
7.386858036041259766e+03 4.943257081089057259e+00 2.211541000000000056e-16 2.211541000000000303e-17
7.391671731948849811e+03 4.943257081089057259e+00 2.103289999999999907e-16 2.103290000000000154e-17
7.396485427856449860e+03 4.943257081089057259e+00 2.164620000000000058e-16 2.164620000000000119e-17
7.401299123764039905e+03 4.943257081089057259e+00 2.170873000000000112e-16 2.170873000000000297e-17
7.406112819671629950e+03 4.943257081089057259e+00 2.177124000000000034e-16 2.177124000000000218e-17
7.410926515579229999e+03 4.943257081089057259e+00 2.183377000000000088e-16 2.183377000000000088e-17
7.415740211486820044e+03 4.943257081089057259e+00 2.189628000000000010e-16 2.189628000000000010e-17
7.420553907394410089e+03 4.943257081089057259e+00 2.195879999999999998e-16 2.195880000000000059e-17
7.425367603302000134e+03 4.943257081089057259e+00 2.202131999999999986e-16 2.202132000000000109e-17
7.430181299209600184e+03 4.943257081089057259e+00 2.208383999999999973e-16 2.208384000000000158e-17
7.434994995117190228e+03 4.943257081089057259e+00 2.283272000000000156e-16 2.283272000000000279e-17
7.439808691024780273e+03 4.943257081089057259e+00 2.309534999999999968e-16 2.309535000000000091e-17
7.444622386932370318e+03 4.943257081089057259e+00 2.251961999999999851e-16 2.251962000000000097e-17
7.449436082839970368e+03 4.943257081089057259e+00 2.292769999999999980e-16 2.292770000000000165e-17
7.454249778747560413e+03 4.943257081089057259e+00 2.334515000000000031e-16 2.334515000000000092e-17
7.459063474655149548e+03 4.943257081089057259e+00 2.320608000000000217e-16 2.320608000000000217e-17
7.463877170562739593e+03 4.943257081089057259e+00 2.348732000000000238e-16 2.348732000000000238e-17
7.468690866470339643e+03 4.943257081089057259e+00 2.266581000000000158e-16 2.266581000000000281e-17
7.473504562377929688e+03 4.943257081089057259e+00 2.252386999999999754e-16 2.252387000000000000e-17
7.478318258285519732e+03 4.943257081089057259e+00 2.142972999999999945e-16 2.142973000000000006e-17
7.483131954193119782e+03 4.943257081089057259e+00 2.096136000000000107e-16 2.096136000000000107e-17
7.487945650100709827e+03 4.943257081089057259e+00 2.098090000000000089e-16 2.098090000000000212e-17
7.492759346008299872e+03 4.943257081089057259e+00 2.070096999999999902e-16 2.070097000000000025e-17
7.497573041915889917e+03 4.943257081089057259e+00 2.023387999999999945e-16 2.023388000000000192e-17
7.502386737823489966e+03 4.943257081089057259e+00 1.979221000000000109e-16 1.979221000000000294e-17
7.507200433731080011e+03 4.943257081089057259e+00 1.869763000000000086e-16 1.869763000000000210e-17
7.512014129638670056e+03 4.943257081089057259e+00 1.744515000000000058e-16 1.744515000000000304e-17
7.516827825546260101e+03 4.943257081089057259e+00 1.791267999999999981e-16 1.791268000000000228e-17
7.521641521453860150e+03 4.943257081089057259e+00 1.869812999999999959e-16 1.869813000000000144e-17
7.526455217361450195e+03 4.943257081089057259e+00 1.900613999999999954e-16 1.900614000000000139e-17
7.531268913269040240e+03 4.943257081089057259e+00 1.928273999999999944e-16 1.928274000000000191e-17
7.536082609176640290e+03 4.943257081089057259e+00 1.886930999999999994e-16 1.886930999999999994e-17
7.540896305084230335e+03 4.943257081089057259e+00 1.814632000000000098e-16 1.814632000000000283e-17
7.545710000991820380e+03 4.943257081089057259e+00 1.766555999999999985e-16 1.766556000000000047e-17
7.550523696899410425e+03 4.943257081089057259e+00 1.730147999999999986e-16 1.730148000000000048e-17
7.555337392807009564e+03 4.943257081089057259e+00 1.785151999999999913e-16 1.785152000000000036e-17
7.560151088714599609e+03 4.943257081089057259e+00 1.796910000000000094e-16 1.796910000000000094e-17
7.564964784622189654e+03 4.943257081089057259e+00 1.750691999999999990e-16 1.750691999999999990e-17
7.569778480529789704e+03 4.943257081089057259e+00 1.822345000000000082e-16 1.822345000000000144e-17
7.574592176437379749e+03 4.943257081089057259e+00 1.896715000000000095e-16 1.896715000000000157e-17
7.579405872344969794e+03 4.943257081089057259e+00 1.821669000000000009e-16 1.821669000000000133e-17
7.584219568252559839e+03 4.943257081089057259e+00 1.568794999999999886e-16 1.568794999999999825e-17
7.589033264160159888e+03 4.943257081089057259e+00 1.198892000000000076e-16 1.198892000000000199e-17
7.593846960067749933e+03 4.943257081089057259e+00 9.707826999999999520e-17 9.707827000000000753e-18
7.598660655975339978e+03 4.943257081089057259e+00 9.910498999999999947e-17 9.910499000000000255e-18
7.603474351882940027e+03 4.943257081089057259e+00 1.246488000000000081e-16 1.246488000000000112e-17
7.608288047790530072e+03 4.943257081089057259e+00 1.566264000000000004e-16 1.566264000000000065e-17
7.613101743698120117e+03 4.943257081089057259e+00 1.602205000000000019e-16 1.602205000000000019e-17
7.617915439605710162e+03 4.943257081089057259e+00 1.461947000000000068e-16 1.461947000000000068e-17
7.622729135513310212e+03 4.943257081089057259e+00 1.318526999999999948e-16 1.318526999999999948e-17
7.627542831420900256e+03 4.943257081089057259e+00 1.293301000000000049e-16 1.293301000000000172e-17
7.632356527328490301e+03 4.943257081089057259e+00 1.490864000000000051e-16 1.490863999999999989e-17
7.637170223236080346e+03 4.943257081089057259e+00 1.589208000000000057e-16 1.589208000000000242e-17
7.641983919143680396e+03 4.943257081089057259e+00 1.522152999999999946e-16 1.522152999999999946e-17
7.646797615051270441e+03 4.943257081089057259e+00 1.396763999999999912e-16 1.396763999999999850e-17
7.651611310958859576e+03 4.943257081089057259e+00 1.427664000000000079e-16 1.427664000000000202e-17
7.656425006866449621e+03 4.943257081089057259e+00 1.508475000000000072e-16 1.508475000000000133e-17
7.661238702774049671e+03 4.943257081089057259e+00 1.563262000000000118e-16 1.563262000000000056e-17
7.666052398681639716e+03 4.943257081089057259e+00 1.588056999999999962e-16 1.588057000000000085e-17
7.670866094589229760e+03 4.943257081089057259e+00 1.602168000000000025e-16 1.602168000000000210e-17
7.675679790496829810e+03 4.943257081089057259e+00 1.571409999999999930e-16 1.571409999999999868e-17
7.680493486404419855e+03 4.943257081089057259e+00 1.492574000000000082e-16 1.492574000000000267e-17
7.685307182312009900e+03 4.943257081089057259e+00 1.517728999999999946e-16 1.517728999999999884e-17
7.690120878219609949e+03 4.943257081089057259e+00 1.572818999999999920e-16 1.572819000000000105e-17
7.694934574127199994e+03 4.943257081089057259e+00 1.546389999999999920e-16 1.546389999999999981e-17
7.699748270034790039e+03 4.943257081089057259e+00 1.637573999999999973e-16 1.637574000000000035e-17
7.704561965942380084e+03 4.943257081089057259e+00 1.574208000000000059e-16 1.574208000000000244e-17
7.709375661849980133e+03 4.943257081089057259e+00 1.650711000000000121e-16 1.650711000000000183e-17
7.714189357757570178e+03 4.943257081089057259e+00 1.611896999999999921e-16 1.611897000000000106e-17
7.719003053665160223e+03 4.943257081089057259e+00 1.452532000000000091e-16 1.452532000000000030e-17
7.723816749572750268e+03 4.943257081089057259e+00 1.551966000000000082e-16 1.551966000000000020e-17
7.728630445480350318e+03 4.943257081089057259e+00 1.546166999999999886e-16 1.546167000000000071e-17
7.733444141387940363e+03 4.943257081089057259e+00 1.309229999999999928e-16 1.309229999999999928e-17
7.738257837295530408e+03 4.943257081089057259e+00 1.210421000000000071e-16 1.210421000000000194e-17
7.743071533203120453e+03 4.943257081089057259e+00 1.277641000000000057e-16 1.277641000000000057e-17
7.747885229110719592e+03 4.943257081089057259e+00 1.332921000000000089e-16 1.332921000000000120e-17
7.752698925018309637e+03 4.943257081089057259e+00 1.314417000000000114e-16 1.314417000000000207e-17
7.757512620925899682e+03 4.943257081089057259e+00 1.315293999999999990e-16 1.315294000000000083e-17
7.762326316833489727e+03 4.943257081089057259e+00 1.290695999999999931e-16 1.290696000000000023e-17
7.767140012741089777e+03 4.943257081089057259e+00 1.232364999999999959e-16 1.232364999999999990e-17
7.771953708648679822e+03 4.943257081089057259e+00 1.296052000000000012e-16 1.296052000000000074e-17
7.776767404556269867e+03 4.943257081089057259e+00 1.381419999999999973e-16 1.381420000000000003e-17
7.781581100463869916e+03 4.943257081089057259e+00 1.493437000000000014e-16 1.493437000000000199e-17
7.786394796371459961e+03 4.943257081089057259e+00 1.542247000000000111e-16 1.542247000000000172e-17
7.791208492279050006e+03 4.943257081089057259e+00 1.490698000000000109e-16 1.490698000000000293e-17
7.796022188186640051e+03 4.943257081089057259e+00 1.439193000000000073e-16 1.439193000000000197e-17
7.800835884094240100e+03 4.943257081089057259e+00 1.320647999999999939e-16 1.320648000000000031e-17
7.805649580001830145e+03 4.943257081089057259e+00 1.261155999999999947e-16 1.261155999999999947e-17
7.810463275909420190e+03 4.943257081089057259e+00 1.239357999999999904e-16 1.239357999999999904e-17
7.815276971817020240e+03 4.943257081089057259e+00 1.217760999999999910e-16 1.217761000000000033e-17
7.820090667724610284e+03 4.943257081089057259e+00 1.306822999999999906e-16 1.306823000000000030e-17
7.824904363632200329e+03 4.943257081089057259e+00 1.479399999999999940e-16 1.479400000000000001e-17
7.829718059539790374e+03 4.943257081089057259e+00 1.695826000000000116e-16 1.695826000000000116e-17
7.834531755447390424e+03 4.943257081089057259e+00 1.785688000000000047e-16 1.785688000000000293e-17
7.839345451354979559e+03 4.943257081089057259e+00 1.807255000000000018e-16 1.807255000000000018e-17
7.844159147262569604e+03 4.943257081089057259e+00 1.826475000000000013e-16 1.826475000000000136e-17
7.848972843170159649e+03 4.943257081089057259e+00 1.761066999999999937e-16 1.761067000000000060e-17
7.853786539077759699e+03 4.943257081089057259e+00 1.757293000000000006e-16 1.757293000000000068e-17
7.858600234985349744e+03 4.943257081089057259e+00 1.868034000000000024e-16 1.868034000000000271e-17
7.863413930892939788e+03 4.943257081089057259e+00 1.928892999999999925e-16 1.928892999999999987e-17
7.868227626800539838e+03 4.943257081089057259e+00 1.880487000000000061e-16 1.880487000000000308e-17
7.873041322708129883e+03 4.943257081089057259e+00 1.939039999999999999e-16 1.939040000000000122e-17
7.877855018615719928e+03 4.943257081089057259e+00 2.062461000000000107e-16 2.062461000000000168e-17
7.882668714523309973e+03 4.943257081089057259e+00 2.017750999999999919e-16 2.017751000000000042e-17
7.887482410430910022e+03 4.943257081089057259e+00 2.035149999999999898e-16 2.035150000000000145e-17
7.892296106338500067e+03 4.943257081089057259e+00 2.042884000000000045e-16 2.042884000000000230e-17
7.897109802246090112e+03 4.943257081089057259e+00 1.896062000000000073e-16 1.896062000000000319e-17
7.901923498153690161e+03 4.943257081089057259e+00 1.757403999999999990e-16 1.757404000000000113e-17
7.906737194061280206e+03 4.943257081089057259e+00 1.694357000000000082e-16 1.694357000000000205e-17
7.911550889968870251e+03 4.943257081089057259e+00 1.849815000000000014e-16 1.849815000000000198e-17
7.916364585876460296e+03 4.943257081089057259e+00 2.118645000000000085e-16 2.118645000000000331e-17
7.921178281784060346e+03 4.943257081089057259e+00 2.111859000000000096e-16 2.111859000000000281e-17
7.925991977691650391e+03 4.943257081089057259e+00 1.967861000000000009e-16 1.967861000000000071e-17
7.930805673599240436e+03 4.943257081089057259e+00 2.001490999999999976e-16 2.001491000000000099e-17
7.935619369506839575e+03 4.943257081089057259e+00 2.011861999999999903e-16 2.011861999999999965e-17
7.940433065414429620e+03 4.943257081089057259e+00 1.945231999999999943e-16 1.945232000000000189e-17
7.945246761322019665e+03 4.943257081089057259e+00 1.855846999999999921e-16 1.855847000000000106e-17
7.950060457229609710e+03 4.943257081089057259e+00 1.908096999999999932e-16 1.908097000000000117e-17
7.954874153137209760e+03 4.943257081089057259e+00 2.071846000000000061e-16 2.071846000000000061e-17
7.959687849044799805e+03 4.943257081089057259e+00 2.083298000000000114e-16 2.083298000000000360e-17
7.964501544952389850e+03 4.943257081089057259e+00 2.078173999999999924e-16 2.078173999999999986e-17
7.969315240859979895e+03 4.943257081089057259e+00 2.023335999999999939e-16 2.023336000000000001e-17
7.974128936767579944e+03 4.943257081089057259e+00 1.863930999999999916e-16 1.863931000000000039e-17
7.978942632675169989e+03 4.943257081089057259e+00 1.666289000000000086e-16 1.666289000000000271e-17
7.983756328582760034e+03 4.943257081089057259e+00 1.776347000000000059e-16 1.776347000000000182e-17
7.988570024490360083e+03 4.943257081089057259e+00 1.708893000000000048e-16 1.708893000000000233e-17
7.993383720397950128e+03 4.943257081089057259e+00 1.483689000000000087e-16 1.483689000000000025e-17
7.998197416305540173e+03 4.943257081089057259e+00 1.489573000000000016e-16 1.489573000000000078e-17
8.003011112213130218e+03 4.943257081089057259e+00 1.579103999999999883e-16 1.579104000000000068e-17
8.007824808120730268e+03 4.943257081089057259e+00 1.617565000000000036e-16 1.617565000000000221e-17
8.012638504028320312e+03 4.943257081089057259e+00 1.570359999999999893e-16 1.570360000000000016e-17
8.017452199935910357e+03 4.943257081089057259e+00 1.504870000000000036e-16 1.504870000000000221e-17
8.022265895843510407e+03 4.943257081089057259e+00 1.484012000000000112e-16 1.484012000000000112e-17
8.027079591751100452e+03 4.943257081089057259e+00 1.485236999999999949e-16 1.485236999999999888e-17
8.031893287658689587e+03 4.943257081089057259e+00 1.563191000000000082e-16 1.563191000000000205e-17
8.036706983566279632e+03 4.943257081089057259e+00 1.577616999999999885e-16 1.577617000000000008e-17
8.041520679473879682e+03 4.943257081089057259e+00 1.595479999999999895e-16 1.595480000000000080e-17
8.046334375381469727e+03 4.943257081089057259e+00 1.575544999999999947e-16 1.575544999999999885e-17
8.051148071289059772e+03 4.943257081089057259e+00 1.498683999999999998e-16 1.498683999999999998e-17
8.055961767196649816e+03 4.943257081089057259e+00 1.440810000000000086e-16 1.440810000000000271e-17
8.060775463104249866e+03 4.943257081089057259e+00 1.417815000000000094e-16 1.417815000000000032e-17
8.065589159011839911e+03 4.943257081089057259e+00 1.509492999999999953e-16 1.509492999999999892e-17
8.070402854919429956e+03 4.943257081089057259e+00 1.577931000000000051e-16 1.577931000000000174e-17
8.075216550827030005e+03 4.943257081089057259e+00 1.540451000000000032e-16 1.540450999999999970e-17
8.080030246734620050e+03 4.943257081089057259e+00 1.495596999999999885e-16 1.495596999999999885e-17
8.084843942642210095e+03 4.943257081089057259e+00 1.462022999999999943e-16 1.462022999999999943e-17
8.089657638549800140e+03 4.943257081089057259e+00 1.481721999999999980e-16 1.481722000000000103e-17
8.094471334457400189e+03 4.943257081089057259e+00 1.419887000000000031e-16 1.419887000000000155e-17
8.099285030364990234e+03 4.943257081089057259e+00 1.336017000000000061e-16 1.336017000000000153e-17
8.104098726272580279e+03 4.943257081089057259e+00 1.393937999999999893e-16 1.393937999999999893e-17
8.108912422180180329e+03 4.943257081089057259e+00 1.456254000000000017e-16 1.456254000000000140e-17
8.113726118087770374e+03 4.943257081089057259e+00 1.393330999999999970e-16 1.393331000000000094e-17
8.118539813995360419e+03 4.943257081089057259e+00 1.319257999999999979e-16 1.319258000000000072e-17
8.123353509902949554e+03 4.943257081089057259e+00 1.362432000000000116e-16 1.362432000000000178e-17
8.128167205810549603e+03 4.943257081089057259e+00 1.414923999999999945e-16 1.414924000000000068e-17
8.132980901718139648e+03 4.943257081089057259e+00 1.345417000000000026e-16 1.345417000000000119e-17
8.137794597625729693e+03 4.943257081089057259e+00 1.171318999999999953e-16 1.171319000000000046e-17
8.142608293533319738e+03 4.943257081089057259e+00 1.189910000000000042e-16 1.189910000000000165e-17
8.147421989440919788e+03 4.943257081089057259e+00 1.253518000000000019e-16 1.253518000000000143e-17
8.152235685348509833e+03 4.943257081089057259e+00 1.202301999999999968e-16 1.202302000000000091e-17
8.157049381256099878e+03 4.943257081089057259e+00 1.188524999999999922e-16 1.188524999999999922e-17
8.161863077163699927e+03 4.943257081089057259e+00 1.147774999999999950e-16 1.147775000000000042e-17
8.166676773071289972e+03 4.943257081089057259e+00 1.047471000000000056e-16 1.047471000000000148e-17
8.171490468978880017e+03 4.943257081089057259e+00 1.015058000000000011e-16 1.015058000000000103e-17
8.176304164886470062e+03 4.943257081089057259e+00 1.022230999999999965e-16 1.022230999999999965e-17
8.181117860794070111e+03 4.943257081089057259e+00 1.117735000000000008e-16 1.117735000000000008e-17
8.185931556701660156e+03 4.943257081089057259e+00 1.228937000000000104e-16 1.228937000000000104e-17
8.190745252609250201e+03 4.943257081089057259e+00 1.213533999999999940e-16 1.213533999999999940e-17
8.195558948516849341e+03 4.943257081089057259e+00 1.302972000000000034e-16 1.302972000000000034e-17
8.200372644424440296e+03 4.943257081089057259e+00 1.384626000000000108e-16 1.384626000000000108e-17
8.205186340332029431e+03 4.943257081089057259e+00 1.384626000000000108e-16 1.384626000000000108e-17
