3206.500000 1.742989e-16
3211.139204 1.349301e-16
3229.696020 1.908659e-17
3234.335224 1.171398e-16
3238.974428 1.594975e-16
3243.613632 1.083295e-16
3248.252836 3.184813e-17
3252.892040 1.517592e-17
3266.809652 1.413214e-16
3280.727263 5.335589e-17
3285.366467 3.947844e-17
3290.005671 1.693212e-17
3294.644875 5.559933e-17
3299.284079 1.077229e-16
3303.923283 8.314226e-17
3308.562487 1.373282e-16
3313.201691 8.196140e-17
3317.840895 4.899407e-17
3322.480099 1.094153e-16
3327.119303 9.384793e-17
3331.758507 7.392438e-17
3336.397711 7.636001e-17
3341.036915 4.989507e-17
3345.676119 6.380021e-17
3350.315323 9.029746e-17
3354.954527 1.135927e-16
3359.593731 1.136223e-16
3364.232935 5.575681e-17
3368.872139 8.333146e-17
3373.511343 8.488589e-17
3378.150547 9.807451e-17
3382.789751 6.407415e-17
3387.428955 1.033643e-16
3392.068159 1.352297e-16
3396.707363 1.524333e-16
3401.346567 1.710407e-16
3405.985771 1.371236e-16
3410.624975 1.250961e-16
3415.264179 1.568214e-16
3419.903382 1.693880e-16
3424.542586 1.966048e-16
3429.181790 1.827162e-16
3433.820994 1.986607e-16
3438.460198 2.043641e-16
3443.099402 2.074669e-16
3447.738606 2.225017e-16
3452.377810 2.227646e-16
3457.017014 2.235485e-16
3461.656218 2.257083e-16
3466.295422 2.018165e-16
3470.934626 2.278040e-16
3475.573830 2.137613e-16
3480.213034 2.045827e-16
3484.852238 2.210779e-16
3489.491442 2.019767e-16
3494.130646 2.052991e-16
3498.769850 2.174975e-16
3503.409054 2.102490e-16
3508.048258 2.087018e-16
3512.687462 2.065559e-16
3517.326666 1.987034e-16
3521.965870 2.045838e-16
3526.605074 2.041930e-16
3531.244278 2.263544e-16
3535.883482 2.244436e-16
3540.522686 2.190081e-16
3545.161890 2.287335e-16
3549.801094 2.062116e-16
3554.440298 2.068940e-16
3559.079501 2.231351e-16
3563.718705 2.060533e-16
3568.357909 2.153288e-16
3572.997113 2.223405e-16
3577.636317 2.255563e-16
3582.275521 2.351488e-16
3586.914725 2.220115e-16
3591.553929 2.282719e-16
3596.193133 2.248851e-16
3600.832337 2.139166e-16
3605.471541 2.046073e-16
3610.110745 2.189923e-16
3614.749949 2.258350e-16
3619.389153 2.058508e-16
3624.028357 2.184862e-16
3628.667561 2.137493e-16
3633.306765 2.146432e-16
3637.945969 2.095284e-16
3642.585173 2.220418e-16
3647.224377 2.093005e-16
3651.863581 2.163454e-16
3656.502785 2.207807e-16
3661.141989 2.052187e-16
3665.781193 2.128827e-16
3670.420397 2.094177e-16
3675.059601 2.187603e-16
3679.698805 2.170009e-16
3684.338009 2.162975e-16
3688.977213 2.064651e-16
3693.616417 2.066209e-16
3698.255620 1.934345e-16
3702.894824 1.718465e-16
3707.534028 1.642949e-16
3712.173232 1.529043e-16
3716.812436 1.345238e-16
3721.451640 1.282467e-16
3726.090844 1.239297e-16
3730.730048 1.035515e-16
3735.369252 1.022519e-16
3740.008456 9.266790e-17
3744.647660 9.060059e-17
3749.286864 9.092981e-17
3753.926068 8.926076e-17
3758.565272 9.094096e-17
3763.204476 7.751141e-17
3767.843680 7.053563e-17
3772.482884 7.155204e-17
3777.122088 7.346269e-17
3781.761292 7.141215e-17
3786.400496 7.317621e-17
3791.039700 8.168352e-17
3795.678904 7.850253e-17
3800.318108 7.906408e-17
3804.957312 8.102998e-17
3809.596516 8.042693e-17
3814.235720 8.476167e-17
3818.874924 9.456469e-17
3823.514128 1.023278e-16
3828.153332 1.075536e-16
3832.792536 1.026851e-16
3837.431739 1.109118e-16
3842.070943 1.251206e-16
3846.710147 1.251031e-16
3851.349351 1.404191e-16
3855.988555 1.537435e-16
3860.627759 1.558065e-16
3865.266963 1.671048e-16
3869.906167 1.851467e-16
3874.545371 2.051754e-16
3879.184575 2.190371e-16
3883.823779 2.226173e-16
3888.462983 2.419323e-16
3893.102187 2.582216e-16
3897.741391 2.735984e-16
3902.380595 2.874760e-16
3907.019799 2.972321e-16
3911.659003 3.076166e-16
3916.298207 3.237678e-16
3920.937411 3.310561e-16
3925.576615 3.340800e-16
3930.215819 3.434730e-16
3934.855023 3.502018e-16
3939.494227 3.559985e-16
3944.133431 3.640295e-16
3948.772635 3.702773e-16
3953.411839 3.774839e-16
3958.051043 3.790872e-16
3962.690247 3.802394e-16
3967.329451 3.666305e-16
3971.968655 3.612036e-16
4018.360694 3.676740e-16
4022.999898 3.619602e-16
4027.639102 3.586107e-16
4032.278306 3.440094e-16
4036.917510 3.368451e-16
4041.556714 3.327108e-16
4046.195918 3.240807e-16
4050.835122 3.158943e-16
4055.474326 3.259692e-16
4060.113530 3.123645e-16
4064.752734 3.129385e-16
4069.391938 3.151219e-16
4074.031142 3.066387e-16
4078.670346 3.182239e-16
4083.309550 3.209505e-16
4087.948754 3.134308e-16
4092.587958 3.105925e-16
4097.227162 3.014585e-16
4101.866366 2.883432e-16
4106.505570 2.830594e-16
4111.144774 2.787529e-16
4115.783977 2.828454e-16
4120.423181 2.803596e-16
4125.062385 2.835913e-16
4129.701589 2.936287e-16
4134.340793 2.949070e-16
4138.979997 2.983514e-16
4143.619201 2.893950e-16
4148.258405 2.940508e-16
4152.897609 2.909731e-16
4157.536813 2.814794e-16
4162.176017 2.911316e-16
4166.815221 2.803757e-16
4171.454425 2.776917e-16
4176.093629 2.849139e-16
4180.732833 2.793322e-16
4185.372037 2.823512e-16
4190.011241 2.864413e-16
4194.650445 2.846396e-16
4199.289649 2.925335e-16
4203.928853 2.962492e-16
4208.568057 2.984917e-16
4213.207261 3.028336e-16
4217.846465 2.943850e-16
4222.485669 2.841776e-16
4227.124873 2.808706e-16
4231.764077 2.785156e-16
4236.403281 2.790263e-16
4241.042485 2.803109e-16
4245.681689 2.746419e-16
4250.320893 2.766860e-16
4254.960096 2.734152e-16
4259.599300 2.721414e-16
4264.238504 2.742120e-16
4268.877708 2.781502e-16
4273.516912 2.792666e-16
4278.156116 2.723508e-16
4282.795320 2.780024e-16
4287.434524 2.809703e-16
4292.073728 2.760333e-16
4296.712932 2.843311e-16
4301.352136 2.772846e-16
4305.991340 2.771751e-16
4310.630544 2.798178e-16
4315.269748 2.799112e-16
4319.908952 2.717694e-16
4324.548156 2.726792e-16
4329.187360 2.716060e-16
4333.826564 2.752630e-16
4338.465768 2.598218e-16
4343.104972 2.471304e-16
4347.744176 2.484505e-16
4352.383380 2.362974e-16
4357.022584 2.363110e-16
4361.661788 2.357293e-16
4366.300992 2.317767e-16
4370.940196 2.329589e-16
4375.579400 2.189285e-16
4380.218604 2.256654e-16
4384.857808 2.142083e-16
4389.497012 2.015663e-16
4394.136215 2.019856e-16
4398.775419 2.042045e-16
4403.414623 1.947560e-16
4408.053827 1.957016e-16
4412.693031 2.010092e-16
4417.332235 2.043815e-16
4421.971439 1.982426e-16
4426.610643 1.994088e-16
4431.249847 2.034600e-16
4435.889051 2.025313e-16
4440.528255 2.116397e-16
4445.167459 2.105171e-16
4449.806663 2.124990e-16
4454.445867 2.168044e-16
4459.085071 2.190329e-16
4463.724275 2.322118e-16
4468.363479 2.336711e-16
4473.002683 2.443308e-16
4477.641887 2.534892e-16
4482.281091 2.596157e-16
4486.920295 2.725423e-16
4491.559499 2.720875e-16
4496.198703 2.827838e-16
4500.837907 2.877178e-16
4505.477111 2.929658e-16
4510.116315 2.904471e-16
4514.755519 3.045727e-16
4519.394723 3.019425e-16
4524.033927 3.159417e-16
4528.673131 3.241615e-16
4533.312335 3.225527e-16
4537.951538 3.333494e-16
4542.590742 3.360221e-16
4547.229946 3.301276e-16
4551.869150 3.360183e-16
4556.508354 3.380536e-16
4561.147558 3.457884e-16
4565.786762 3.444530e-16
4570.425966 3.466864e-16
4575.065170 3.481906e-16
4579.704374 3.535494e-16
4584.343578 3.545501e-16
4588.982782 3.493918e-16
4593.621986 3.549574e-16
4598.261190 3.500544e-16
4602.900394 3.520131e-16
4607.539598 3.485083e-16
4612.178802 3.538416e-16
4616.818006 3.537198e-16
4621.457210 3.525220e-16
4626.096414 3.476370e-16
4630.735618 3.407981e-16
4635.374822 3.413102e-16
4640.014026 3.387725e-16
4644.653230 3.324604e-16
4649.292434 3.291837e-16
4653.931638 3.317600e-16
4658.570842 3.275183e-16
4663.210046 3.287054e-16
4667.849250 3.234336e-16
4672.488454 3.180753e-16
4677.127657 3.253657e-16
4681.766861 3.165023e-16
4686.406065 3.212622e-16
4691.045269 3.202359e-16
4695.684473 3.133574e-16
4700.323677 3.127368e-16
4704.962881 3.086365e-16
4709.602085 2.988423e-16
4714.241289 2.984666e-16
4718.880493 2.997723e-16
4723.519697 2.922863e-16
4728.158901 2.896738e-16
4732.798105 2.811090e-16
4737.437309 2.748133e-16
4742.076513 2.660042e-16
4746.715717 2.629519e-16
4751.354921 2.562362e-16
4755.994125 2.445948e-16
4760.633329 2.329929e-16
4765.272533 2.205106e-16
4769.911737 2.193715e-16
4774.550941 2.198088e-16
4779.190145 2.101736e-16
4783.829349 2.045802e-16
4788.468553 2.026969e-16
4793.107757 2.016194e-16
4797.746961 2.024348e-16
4802.386165 2.019247e-16
4807.025369 2.107237e-16
4811.664573 2.146031e-16
4816.303776 2.081510e-16
4820.942980 2.021670e-16
4825.582184 2.059168e-16
4830.221388 2.096820e-16
4834.860592 2.050640e-16
4839.499796 1.958447e-16
4844.139000 1.919374e-16
4848.778204 1.893067e-16
4853.417408 1.802667e-16
4858.056612 1.748941e-16
4862.695816 1.734376e-16
4867.335020 1.733129e-16
4871.974224 1.782230e-16
4876.613428 1.816703e-16
4881.252632 1.823742e-16
4885.891836 1.852723e-16
4890.531040 1.899203e-16
4895.170244 2.097215e-16
4899.809448 2.183528e-16
4904.448652 2.169018e-16
4909.087856 2.138711e-16
4913.727060 2.204577e-16
4918.366264 2.262393e-16
4923.005468 2.333520e-16
4927.644672 2.321629e-16
4932.283876 2.403770e-16
4936.923080 2.408480e-16
4941.562284 2.414842e-16
4946.201488 2.477389e-16
4950.840692 2.425508e-16
4955.479895 2.510655e-16
4960.119099 2.516466e-16
4964.758303 2.464887e-16
4969.397507 2.384148e-16
4974.036711 2.369556e-16
4978.675915 2.294960e-16
4983.315119 2.243968e-16
4987.954323 2.220388e-16
4992.593527 2.096409e-16
4997.232731 2.116611e-16
5001.871935 2.131259e-16
5006.511139 2.028129e-16
5011.150343 1.921378e-16
5015.789547 1.892428e-16
5020.428751 1.881789e-16
5025.067955 1.915099e-16
5029.707159 1.952197e-16
5034.346363 1.970031e-16
5038.985567 2.009177e-16
5043.624771 2.171341e-16
5048.263975 2.228375e-16
5052.903179 2.103732e-16
5057.542383 2.115068e-16
5062.181587 2.196960e-16
5066.820791 2.201388e-16
5071.459995 2.197280e-16
5076.099199 2.258846e-16
5080.738403 2.283846e-16
5085.377607 2.334038e-16
5090.016811 2.331617e-16
5094.656014 2.319831e-16
5099.295218 2.391851e-16
5103.934422 2.452862e-16
5108.573626 2.390022e-16
5113.212830 2.365396e-16
5117.852034 2.430082e-16
5122.491238 2.480417e-16
5127.130442 2.495181e-16
5131.769646 2.474449e-16
5136.408850 2.445474e-16
5141.048054 2.501181e-16
5145.687258 2.513545e-16
5150.326462 2.436171e-16
5154.965666 2.423807e-16
5159.604870 2.455277e-16
5164.244074 2.519959e-16
5168.883278 2.491180e-16
5173.522482 2.541963e-16
5178.161686 2.532005e-16
5182.800890 2.576151e-16
5187.440094 2.616662e-16
5192.079298 2.662937e-16
5196.718502 2.663617e-16
5201.357706 2.701243e-16
5205.996910 2.732625e-16
5210.636114 2.812108e-16
5215.275318 2.795971e-16
5219.914522 2.794372e-16
5224.553726 2.813503e-16
5229.192930 2.812202e-16
5233.832133 2.926540e-16
5238.471337 2.872065e-16
5243.110541 2.962966e-16
5247.749745 2.972739e-16
5252.388949 2.937382e-16
5257.028153 2.934018e-16
5261.667357 2.936707e-16
5266.306561 2.964562e-16
5270.945765 2.977640e-16
5275.584969 2.954339e-16
5280.224173 2.972897e-16
5284.863377 2.945752e-16
5289.502581 2.943596e-16
5294.141785 2.910374e-16
5298.780989 2.911362e-16
5303.420193 2.922970e-16
5308.059397 2.928418e-16
5312.698601 2.945883e-16
5317.337805 2.928327e-16
5321.977009 2.876549e-16
5326.616213 2.856062e-16
5331.255417 2.861071e-16
5335.894621 2.877754e-16
5340.533825 2.807316e-16
5345.173029 2.785051e-16
5349.812233 2.834815e-16
5354.451437 2.783460e-16
5359.090641 2.722265e-16
5363.729845 2.717779e-16
5368.369049 2.740907e-16
5373.008252 2.738432e-16
5377.647456 2.735928e-16
5382.286660 2.694879e-16
5386.925864 2.685878e-16
5391.565068 2.687669e-16
5396.204272 2.648922e-16
5400.843476 2.677576e-16
5405.482680 2.698554e-16
5410.121884 2.653371e-16
5414.761088 2.665043e-16
5419.400292 2.655877e-16
5424.039496 2.673885e-16
5428.678700 2.649892e-16
5433.317904 2.634933e-16
5437.957108 2.627314e-16
5442.596312 2.592391e-16
5447.235516 2.580393e-16
5451.874720 2.588120e-16
5456.513924 2.559710e-16
5461.153128 2.579509e-16
5465.792332 2.558910e-16
5470.431536 2.556835e-16
5475.070740 2.550815e-16
5479.709944 2.550305e-16
5484.349148 2.526806e-16
5488.988352 2.506668e-16
5493.627556 2.532461e-16
5498.266760 2.492452e-16
5502.905964 2.415800e-16
5507.545168 2.437907e-16
5512.184371 2.438883e-16
5516.823575 2.354565e-16
5521.462779 2.366555e-16
5526.101983 2.406676e-16
5530.741187 2.341476e-16
5535.380391 2.289424e-16
5540.019595 2.288227e-16
5544.658799 2.296475e-16
5549.298003 2.247531e-16
5553.937207 2.261463e-16
5558.576411 2.252079e-16
5563.215615 2.244386e-16
5567.854819 2.238512e-16
5572.494023 2.217025e-16
5577.133227 2.243611e-16
5581.772431 2.139793e-16
5586.411635 2.166942e-16
5591.050839 2.134300e-16
5595.690043 2.119115e-16
5600.329247 2.073959e-16
5604.968451 2.024270e-16
5609.607655 2.023651e-16
5614.246859 1.997830e-16
5618.886063 1.946785e-16
5623.525267 1.927650e-16
5628.164471 1.869052e-16
5632.803675 1.833941e-16
5637.442879 1.790321e-16
5642.082083 1.739620e-16
5646.721287 1.722154e-16
5651.360491 1.764102e-16
5655.999694 1.750940e-16
5660.638898 1.676788e-16
5665.278102 1.663975e-16
5669.917306 1.653392e-16
5674.556510 1.651759e-16
5679.195714 1.609705e-16
5683.834918 1.575194e-16
5688.474122 1.615395e-16
5693.113326 1.630306e-16
5697.752530 1.671610e-16
5702.391734 1.645023e-16
5707.030938 1.640479e-16
5711.670142 1.612593e-16
5716.309346 1.615604e-16
5720.948550 1.658919e-16
5725.587754 1.649108e-16
5730.226958 1.690233e-16
5734.866162 1.654131e-16
5739.505366 1.637428e-16
5744.144570 1.701072e-16
5748.783774 1.757494e-16
5753.422978 1.795733e-16
5758.062182 1.761460e-16
5762.701386 1.809951e-16
5767.340590 1.793317e-16
5771.979794 1.804901e-16
5776.618998 1.829353e-16
5781.258202 1.815384e-16
5785.897406 1.827949e-16
5790.536610 1.896621e-16
5795.175813 1.864026e-16
5799.815017 1.899752e-16
5804.454221 1.961916e-16
5809.093425 2.001399e-16
5813.732629 2.036242e-16
5818.371833 2.017763e-16
5823.011037 2.001873e-16
5827.650241 2.022431e-16
5832.289445 2.025903e-16
5836.928649 2.040308e-16
5841.567853 2.102317e-16
5846.207057 2.152634e-16
5850.846261 2.157297e-16
5855.485465 2.134165e-16
5860.124669 2.156707e-16
5864.763873 2.176877e-16
5869.403077 2.111730e-16
5874.042281 2.113648e-16
5878.681485 2.142352e-16
5883.320689 2.139730e-16
5887.959893 2.135411e-16
5892.599097 2.032624e-16
5897.238301 2.040407e-16
5901.877505 2.102021e-16
5906.516709 2.203679e-16
5911.155913 2.203005e-16
5915.795117 2.179675e-16
5920.434321 2.168840e-16
5925.073525 2.170821e-16
5929.712729 2.176157e-16
5934.351932 2.185060e-16
5938.991136 2.153907e-16
5943.630340 2.120398e-16
5948.269544 2.109101e-16
5952.908748 2.141196e-16
5957.547952 2.194808e-16
5962.187156 2.210698e-16
5966.826360 2.176500e-16
5971.465564 2.103399e-16
5976.104768 2.095899e-16
5980.743972 2.122709e-16
5985.383176 2.112578e-16
5990.022380 2.075318e-16
5994.661584 2.048886e-16
5999.300788 2.052299e-16
6003.939992 2.055402e-16
6008.579196 2.048193e-16
6013.218400 2.030542e-16
6017.857604 2.060479e-16
6022.496808 2.066421e-16
6027.136012 2.040102e-16
6031.775216 2.023223e-16
6036.414420 2.032772e-16
6041.053624 2.030895e-16
6045.692828 1.981423e-16
6050.332032 2.040447e-16
6054.971236 1.994092e-16
6059.610440 1.967121e-16
6064.249644 1.988864e-16
6068.888848 1.987686e-16
6073.528051 2.006573e-16
6078.167255 2.004269e-16
6082.806459 1.958771e-16
6087.445663 1.980208e-16
6092.084867 1.969695e-16
6096.724071 1.963788e-16
6101.363275 1.972414e-16
6106.002479 1.937374e-16
6110.641683 1.908109e-16
6115.280887 1.940961e-16
6119.920091 1.933120e-16
6124.559295 1.952495e-16
6129.198499 1.922398e-16
6133.837703 1.871628e-16
6138.476907 1.888620e-16
6143.116111 1.854732e-16
6147.755315 1.799584e-16
6152.394519 1.787673e-16
6157.033723 1.781598e-16
6161.672927 1.746086e-16
6166.312131 1.683395e-16
6170.951335 1.611599e-16
6175.590539 1.567083e-16
6180.229743 1.613932e-16
6184.868947 1.565076e-16
6189.508151 1.488315e-16
6194.147355 1.452171e-16
6198.786559 1.461148e-16
6203.425763 1.476657e-16
6208.064967 1.469065e-16
6212.704170 1.455008e-16
6217.343374 1.456122e-16
6221.982578 1.465735e-16
6226.621782 1.483727e-16
6231.260986 1.470202e-16
6235.900190 1.483787e-16
6240.539394 1.543891e-16
6245.178598 1.506003e-16
6249.817802 1.505895e-16
6254.457006 1.532477e-16
6259.096210 1.545317e-16
6263.735414 1.525586e-16
6268.374618 1.572716e-16
6273.013822 1.616546e-16
6277.653026 1.617247e-16
6282.292230 1.620000e-16
6286.931434 1.664767e-16
6291.570638 1.682371e-16
6296.209842 1.707559e-16
6300.849046 1.715002e-16
6305.488250 1.732877e-16
6310.127454 1.720282e-16
6314.766658 1.732704e-16
6319.405862 1.767236e-16
6324.045066 1.802986e-16
6328.684270 1.792508e-16
6333.323474 1.771157e-16
6337.962678 1.837249e-16
6342.601882 1.858281e-16
6347.241086 1.830354e-16
6351.880289 1.859095e-16
6356.519493 1.818477e-16
6361.158697 1.813161e-16
6365.797901 1.838243e-16
6370.437105 1.865124e-16
6375.076309 1.828811e-16
6379.715513 1.822968e-16
6384.354717 1.829967e-16
6388.993921 1.857086e-16
6393.633125 1.819062e-16
6398.272329 1.752869e-16
6402.911533 1.729202e-16
6407.550737 1.720662e-16
6412.189941 1.691470e-16
6416.829145 1.717570e-16
6421.468349 1.667367e-16
6426.107553 1.640666e-16
6430.746757 1.615336e-16
6435.385961 1.643600e-16
6440.025165 1.657193e-16
6444.664369 1.640390e-16
6449.303573 1.618665e-16
6453.942777 1.634733e-16
6458.581981 1.642166e-16
6463.221185 1.640865e-16
6467.860389 1.618946e-16
6472.499593 1.561541e-16
6477.138797 1.572892e-16
6481.778001 1.547962e-16
6486.417205 1.559547e-16
6491.056408 1.552248e-16
6495.695612 1.549967e-16
6500.334816 1.589749e-16
6504.974020 1.563908e-16
6509.613224 1.614541e-16
6514.252428 1.578992e-16
6518.891632 1.558414e-16
6523.530836 1.567537e-16
6528.170040 1.628068e-16
6532.809244 1.611980e-16
6537.448448 1.642380e-16
6542.087652 1.637119e-16
6546.726856 1.594003e-16
6551.366060 1.585649e-16
6556.005264 1.599044e-16
6560.644468 1.616565e-16
6565.283672 1.649991e-16
6569.922876 1.636698e-16
6574.562080 1.612377e-16
6579.201284 1.632068e-16
6583.840488 1.622741e-16
6588.479692 1.664957e-16
6593.118896 1.691677e-16
6597.758100 1.629956e-16
6602.397304 1.641894e-16
6607.036508 1.725736e-16
6611.675712 1.829009e-16
6616.314916 1.849223e-16
6620.954120 1.817463e-16
6625.593324 1.712669e-16
6630.232527 1.711427e-16
6634.871731 1.741300e-16
6639.510935 1.700818e-16
6644.150139 1.692319e-16
6648.789343 1.670068e-16
6653.428547 1.637356e-16
6658.067751 1.628318e-16
6662.706955 1.634624e-16
6667.346159 1.623065e-16
6671.985363 1.600158e-16
6676.624567 1.634297e-16
6681.263771 1.657375e-16
6685.902975 1.628866e-16
6690.542179 1.654876e-16
6695.181383 1.672229e-16
6699.820587 1.638922e-16
6704.459791 1.608557e-16
6709.098995 1.608658e-16
6713.738199 1.600514e-16
6718.377403 1.596467e-16
6723.016607 1.604902e-16
6727.655811 1.589193e-16
6732.295015 1.574161e-16
6736.934219 1.554086e-16
6741.573423 1.602842e-16
6746.212627 1.572118e-16
6750.851831 1.544533e-16
6755.491035 1.544998e-16
6760.130239 1.538705e-16
6764.769443 1.574793e-16
6769.408646 1.587473e-16
6774.047850 1.554309e-16
6778.687054 1.554728e-16
6783.326258 1.553833e-16
6787.965462 1.553023e-16
6792.604666 1.523145e-16
6797.243870 1.454473e-16
6801.883074 1.424015e-16
6806.522278 1.488358e-16
6811.161482 1.481101e-16
6815.800686 1.443355e-16
6820.439890 1.417372e-16
6825.079094 1.429248e-16
6829.718298 1.456125e-16
6834.357502 1.446145e-16
6838.996706 1.408432e-16
6843.635910 1.422812e-16
6848.275114 1.401087e-16
6852.914318 1.351664e-16
6857.553522 1.350611e-16
6862.192726 1.390072e-16
6866.831930 1.405782e-16
6871.471134 1.394929e-16
6876.110338 1.424944e-16
6880.749542 1.424488e-16
6885.388746 1.357090e-16
6890.027950 1.392093e-16
6894.667154 1.364102e-16
6899.306358 1.421957e-16
6903.945562 1.391288e-16
6908.584766 1.363295e-16
6913.223969 1.394263e-16
6917.863173 1.376359e-16
6922.502377 1.387006e-16
6927.141581 1.336042e-16
6931.780785 1.362896e-16
6936.419989 1.346927e-16
6941.059193 1.315874e-16
6945.698397 1.326126e-16
6950.337601 1.350039e-16
6954.976805 1.295345e-16
6959.616009 1.323985e-16
6964.255213 1.348482e-16
6968.894417 1.364920e-16
6973.533621 1.328226e-16
6978.172825 1.314064e-16
6982.812029 1.341931e-16
6987.451233 1.390195e-16
6992.090437 1.353254e-16
6996.729641 1.289600e-16
7001.368845 1.317733e-16
7006.008049 1.332345e-16
7010.647253 1.344205e-16
7015.286457 1.362841e-16
7019.925661 1.347888e-16
7024.564865 1.362002e-16
7029.204069 1.357239e-16
7033.843273 1.336095e-16
7038.482477 1.370814e-16
7043.121681 1.365991e-16
7047.760885 1.371816e-16
7052.400088 1.369435e-16
7057.039292 1.309518e-16
7061.678496 1.341997e-16
7066.317700 1.394404e-16
7070.956904 1.358960e-16
7075.596108 1.353869e-16
7080.235312 1.393297e-16
7084.874516 1.328601e-16
7089.513720 1.315663e-16
7094.152924 1.327213e-16
7098.792128 1.372457e-16
7103.431332 1.356999e-16
7108.070536 1.349123e-16
7112.709740 1.361399e-16
7117.348944 1.347787e-16
7121.988148 1.394195e-16
7126.627352 1.369468e-16
7131.266556 1.339442e-16
7135.905760 1.371234e-16
7140.544964 1.411034e-16
7145.184168 1.387056e-16
7149.823372 1.396052e-16
7154.462576 1.389589e-16
7159.101780 1.382263e-16
7163.740984 1.396997e-16
7168.380188 1.407576e-16
7173.019392 1.384415e-16
7177.658596 1.393827e-16
7182.297800 1.438133e-16
7186.937004 1.445940e-16
7191.576207 1.478995e-16
7196.215411 1.452012e-16
7200.854615 1.461952e-16
7205.493819 1.498876e-16
7210.133023 1.482181e-16
7214.772227 1.444139e-16
7219.411431 1.432300e-16
7224.050635 1.394807e-16
7228.689839 1.392768e-16
7233.329043 1.420178e-16
7237.968247 1.423651e-16
7242.607451 1.380276e-16
7247.246655 1.406038e-16
7251.885859 1.400511e-16
7256.525063 1.376792e-16
7261.164267 1.432849e-16
7265.803471 1.406914e-16
7270.442675 1.372317e-16
7275.081879 1.413035e-16
7279.721083 1.402683e-16
7284.360287 1.375608e-16
7288.999491 1.355915e-16
7293.638695 1.326353e-16
7298.277899 1.340860e-16
7302.917103 1.327944e-16
7307.556307 1.355499e-16
7312.195511 1.348246e-16
7316.834715 1.294714e-16
7321.473919 1.332321e-16
7326.113123 1.350008e-16
7330.752326 1.297761e-16
7335.391530 1.349225e-16
7340.030734 1.346913e-16
7344.669938 1.276464e-16
7349.309142 1.276013e-16
7353.948346 1.301343e-16
7358.587550 1.316665e-16
7363.226754 1.308590e-16
7367.865958 1.278417e-16
7372.505162 1.247849e-16
7377.144366 1.260667e-16
7381.783570 1.249020e-16
7386.422774 1.255888e-16
7391.061978 1.277505e-16
7395.701182 1.235069e-16
7400.340386 1.286841e-16
7404.979590 1.278148e-16
7409.618794 1.270797e-16
7414.257998 1.236761e-16
7418.897202 1.230816e-16
7423.536406 1.238255e-16
7428.175610 1.214024e-16
7432.814814 1.224232e-16
7437.454018 1.214517e-16
7442.093222 1.205665e-16
7446.732426 1.206488e-16
7451.371630 1.236494e-16
7456.010834 1.250003e-16
7460.650038 1.174037e-16
7465.289242 1.154690e-16
7469.928445 1.185406e-16
7474.567649 1.188102e-16
7479.206853 1.167122e-16
7483.846057 1.103322e-16
7488.485261 1.117215e-16
7493.124465 1.138481e-16
7497.763669 1.149795e-16
7502.402873 1.088163e-16
7507.042077 1.073971e-16
7511.681281 1.102570e-16
7516.320485 1.064974e-16
7520.959689 1.058198e-16
7525.598893 1.066184e-16
7530.238097 1.027903e-16
7534.877301 9.937826e-17
7539.516505 9.947575e-17
7544.155709 9.559948e-17
7548.794913 9.363674e-17
7553.434117 8.636050e-17
7558.073321 8.617621e-17
7562.712525 8.680278e-17
7567.351729 8.677118e-17
7571.990933 9.326767e-17
7576.630137 9.244495e-17
7581.269341 8.884294e-17
7585.908545 9.170959e-17
7590.547749 9.258008e-17
7595.186953 9.683230e-17
7599.826157 9.754016e-17
7604.465361 9.027414e-17
7609.104564 1.000530e-16
7613.743768 9.986398e-17
7618.382972 1.017522e-16
7623.022176 9.775467e-17
7627.661380 9.503259e-17
7632.300584 9.902771e-17
7636.939788 1.006737e-16
7641.578992 1.030296e-16
7646.218196 1.001714e-16
7650.857400 1.016423e-16
7655.496604 1.017979e-16
7660.135808 9.800810e-17
7664.775012 9.767815e-17
7669.414216 9.878693e-17
7674.053420 9.685748e-17
7678.692624 9.356218e-17
7683.331828 8.964697e-17
7687.971032 9.395683e-17
7692.610236 9.605352e-17
7697.249440 9.579739e-17
7701.888644 9.377224e-17
7706.527848 9.519835e-17
7711.167052 1.009702e-16
7715.806256 9.766781e-17
7720.445460 1.016793e-16
7725.084664 1.067990e-16
7729.723868 1.037468e-16
7734.363072 1.043810e-16
7739.002276 1.080969e-16
7743.641480 1.066182e-16
7748.280683 1.044519e-16
7752.919887 1.097829e-16
7757.559091 1.113449e-16
7762.198295 1.065522e-16
7766.837499 1.078879e-16
7771.476703 1.109764e-16
7776.115907 1.089609e-16
7780.755111 1.061582e-16
7785.394315 1.055212e-16
7790.033519 1.096956e-16
7794.672723 1.166917e-16
7799.311927 1.172353e-16
7803.951131 1.138213e-16
7808.590335 1.126808e-16
7813.229539 1.114352e-16
7817.868743 1.144563e-16
7822.507947 1.161167e-16
7827.147151 1.116634e-16
7831.786355 1.150618e-16
7836.425559 1.161758e-16
7841.064763 1.143717e-16
7845.703967 1.152077e-16
7850.343171 1.130145e-16
7854.982375 1.114479e-16
7859.621579 1.152178e-16
7864.260783 1.112418e-16
7868.899987 1.116516e-16
7873.539191 1.117852e-16
7878.178395 1.075629e-16
7882.817599 1.152810e-16
7887.456802 1.136330e-16
7892.096006 1.097998e-16
7896.735210 1.100731e-16
7901.374414 1.050509e-16
7906.013618 1.042747e-16
7910.652822 1.106636e-16
7915.292026 1.086672e-16
7919.931230 1.029731e-16
7924.570434 1.027417e-16
7929.209638 1.044108e-16
7933.848842 1.069107e-16
7938.488046 1.051874e-16
7943.127250 1.050980e-16
7947.766454 1.035974e-16
7952.405658 1.047556e-16
7957.044862 1.016222e-16
7961.684066 9.844833e-17
7966.323270 1.013311e-16
7970.962474 1.059420e-16
7975.601678 1.008563e-16
7980.240882 9.841802e-17
7984.880086 1.005448e-16
7989.519290 9.778906e-17
7994.158494 9.464466e-17
7998.797698 9.169392e-17
8003.436902 9.499163e-17
8008.076106 9.285699e-17
8012.715310 8.964711e-17
8017.354514 9.353124e-17
8021.993718 9.180063e-17
8026.632922 8.877806e-17
8031.272125 9.233579e-17
8035.911329 9.107863e-17
8040.550533 8.908522e-17
8045.189737 8.875398e-17
8049.828941 8.970393e-17
8054.468145 9.225257e-17
8059.107349 8.948956e-17
8063.746553 8.694805e-17
8068.385757 8.915078e-17
8073.024961 8.708639e-17
8077.664165 8.348423e-17
8082.303369 8.254041e-17
8086.942573 8.398958e-17
8091.581777 8.036128e-17
8096.220981 7.973240e-17
8100.860185 7.623952e-17
8105.499389 7.688674e-17
8110.138593 7.304977e-17
8114.777797 7.384746e-17
8119.417001 7.271723e-17
8124.056205 6.616334e-17
8128.695409 6.795794e-17
8133.334613 6.454830e-17
8137.973817 6.021439e-17
8142.613021 6.050568e-17
8147.252225 5.827229e-17
8151.891429 5.854358e-17
8156.530633 5.769299e-17
8161.169837 5.666702e-17
8165.809041 5.185926e-17
8170.448244 5.068180e-17
8175.087448 5.177733e-17
8179.726652 5.393781e-17
8184.365856 4.978244e-17
8189.005060 4.484197e-17
8193.644264 4.332026e-17
8198.283468 4.207853e-17
8202.922672 3.996545e-17
8207.561876 4.169349e-17
8212.201080 4.231854e-17
8216.840284 4.121313e-17
8221.479488 3.820454e-17
8226.118692 4.007617e-17
8230.757896 4.110803e-17
8235.397100 3.954891e-17
8240.036304 4.165176e-17
8244.675508 4.293782e-17
8249.314712 3.541020e-17
8253.953916 3.843753e-17
8258.593120 3.767932e-17
8263.232324 4.106981e-17
8267.871528 4.088348e-17
8272.510732 3.931062e-17
8277.149936 4.067941e-17
8281.789140 4.467765e-17
8286.428344 4.026829e-17
8291.067548 3.769978e-17
8295.706752 3.841803e-17
8300.345956 4.193473e-17
8304.985160 4.182810e-17
8309.624363 4.008123e-17
8314.263567 4.163521e-17
8318.902771 4.208922e-17
8323.541975 4.597595e-17
8328.181179 4.453746e-17
8332.820383 4.861498e-17
8337.459587 5.200884e-17
8342.098791 4.746171e-17
8346.737995 4.971500e-17
8351.377199 5.192641e-17
8356.016403 4.923951e-17
8360.655607 5.047985e-17
8365.294811 5.068754e-17
8369.934015 4.917480e-17
8374.573219 5.378279e-17
8379.212423 5.476382e-17
8383.851627 5.065301e-17
8388.490831 5.361004e-17
8393.130035 5.260810e-17
8397.769239 5.238941e-17
8402.408443 5.293161e-17
8407.047647 5.929975e-17
8411.686851 5.976718e-17
8416.326055 5.889921e-17
8420.965259 6.292578e-17
8425.604463 5.935512e-17
8430.243667 6.138487e-17
8434.882871 6.279993e-17
8439.522075 7.015777e-17
8444.161279 7.149828e-17
8448.800482 6.960743e-17
8453.439686 7.213182e-17
8458.078890 7.198513e-17
8462.718094 6.887653e-17
8467.357298 7.569895e-17
8471.996502 7.783423e-17
8476.635706 7.340323e-17
8481.274910 7.684349e-17
8485.914114 7.273163e-17
8490.553318 7.186088e-17
8495.192522 7.336549e-17
8499.831726 7.584556e-17
8504.470930 7.961812e-17
8509.110134 8.265306e-17
8513.749338 8.052787e-17
8518.388542 7.813678e-17
8523.027746 8.151709e-17
8527.666950 8.440333e-17
8532.306154 8.209928e-17
8536.945358 8.423834e-17
8541.584562 8.530127e-17
8546.223766 8.441790e-17
8550.862970 8.287196e-17
8555.502174 8.395264e-17
8560.141378 8.162075e-17
8564.780582 8.291339e-17
8569.419786 8.781908e-17
8574.058990 8.578611e-17
8578.698194 8.315584e-17
8583.337398 8.353260e-17
8587.976601 8.584664e-17
8592.615805 8.250476e-17
8597.255009 8.584658e-17
8601.894213 8.369220e-17
8606.533417 8.572073e-17
8611.172621 8.241168e-17
8615.811825 8.509258e-17
8620.451029 8.131597e-17
8625.090233 8.197726e-17
8629.729437 8.459719e-17
8634.368641 8.647294e-17
8639.007845 8.231460e-17
8643.647049 8.250063e-17
8648.286253 7.711413e-17
8652.925457 7.685425e-17
8657.564661 8.096996e-17
8662.203865 8.040094e-17
8666.843069 7.644993e-17
8671.482273 7.859009e-17
8676.121477 8.090139e-17
8680.760681 7.944692e-17
8685.399885 7.665517e-17
8690.039089 8.124701e-17
8694.678293 8.150330e-17
8699.317497 7.916427e-17
8703.956701 7.994619e-17
8708.595905 8.077739e-17
8713.235109 7.788930e-17
8717.874313 7.617993e-17
8722.513517 7.637421e-17
8727.152720 7.562031e-17
8731.791924 7.784677e-17
8736.431128 7.544595e-17
8741.070332 7.211213e-17
8745.709536 6.950136e-17
8750.348740 6.717259e-17
8754.987944 6.773127e-17
8759.627148 6.452816e-17
8764.266352 6.872727e-17
8768.905556 6.919121e-17
