3375.073404 2.929730e-16
3379.134846 5.726590e-16
3383.196287 7.776100e-16
3387.257729 9.088210e-16
3391.319170 1.044940e-15
3395.380611 1.297110e-15
3399.442053 1.308820e-15
3403.503494 1.198370e-15
3407.564936 1.266990e-15
3411.626377 1.318420e-15
3415.687819 1.392270e-15
3419.749260 1.195030e-15
3423.810701 1.160200e-15
3427.872143 1.406260e-15
3431.933584 1.533730e-15
3435.995026 1.502120e-15
3440.056467 1.518070e-15
3444.117908 1.421340e-15
3448.179350 1.320230e-15
3452.240791 1.331400e-15
3456.302233 1.324080e-15
3460.363674 1.226980e-15
3464.425116 1.102170e-15
3468.486557 1.163780e-15
3472.547998 1.154470e-15
3476.609440 1.021600e-15
3480.670881 9.574180e-16
3484.732323 8.814600e-16
3488.793764 8.050360e-16
3492.855206 8.269870e-16
3496.916647 8.971130e-16
3500.978088 8.680510e-16
3505.039530 7.941840e-16
3509.100971 7.753190e-16
3513.162413 7.812540e-16
3517.223854 7.881640e-16
3521.285295 7.692070e-16
3525.346737 7.819520e-16
3529.408178 8.389580e-16
3533.469620 8.922710e-16
3537.531061 8.992150e-16
3541.592503 8.986300e-16
3545.653944 8.792570e-16
3549.715385 9.082420e-16
3553.776827 9.682090e-16
3557.838268 1.028360e-15
3561.899710 1.062200e-15
3565.961151 1.095910e-15
3570.022593 1.131570e-15
3574.084034 1.139560e-15
3578.145475 1.094850e-15
3582.206917 1.057700e-15
3586.268358 1.081880e-15
3590.329800 1.155770e-15
3594.391241 1.193740e-15
3598.452682 1.284200e-15
3602.514124 1.395910e-15
3606.575565 1.489860e-15
3610.637007 1.605370e-15
3614.698448 1.674670e-15
3618.759890 1.751540e-15
3622.821331 1.864650e-15
3626.882772 1.927720e-15
3630.944214 1.994460e-15
3635.005655 1.979820e-15
3639.067097 1.946700e-15
3643.128538 1.898860e-15
3647.189980 1.787640e-15
3651.251421 1.729340e-15
3655.312862 1.708840e-15
3659.374304 1.703130e-15
3663.435745 1.741680e-15
3667.497187 1.820970e-15
3671.558628 1.900230e-15
3675.620070 1.982460e-15
3679.681511 2.068820e-15
3683.742952 2.146270e-15
3687.804394 2.209910e-15
3691.865835 2.264210e-15
3695.927277 2.372700e-15
3699.988718 2.492590e-15
3704.050159 2.565430e-15
3708.111601 2.628150e-15
3712.173042 2.685940e-15
3716.234484 2.679890e-15
3720.295925 2.631570e-15
3724.357367 2.548670e-15
3728.418808 2.460340e-15
3732.480249 2.316380e-15
3736.541691 2.161040e-15
3740.603132 2.032440e-15
3744.664574 1.894480e-15
3748.726015 1.769430e-15
3752.787457 1.660960e-15
3756.848898 1.534260e-15
3760.910339 1.419730e-15
3764.971781 1.319630e-15
3769.033222 1.224310e-15
3773.094664 1.140860e-15
3777.156105 1.084640e-15
3781.217546 1.025110e-15
3785.278988 9.886170e-16
3789.340429 9.697650e-16
3793.401871 9.429180e-16
3797.463312 9.336700e-16
3801.524754 9.465400e-16
3805.586195 9.548410e-16
3809.647636 9.620490e-16
3813.709078 9.849060e-16
3817.770519 1.004400e-15
3821.831961 1.028800e-15
3825.893402 1.077290e-15
3829.954844 1.114970e-15
3834.016285 1.165690e-15
3838.077726 1.237620e-15
3842.139168 1.300970e-15
3846.200609 1.363920e-15
3850.262051 1.441420e-15
3854.323492 1.535310e-15
3858.384933 1.636970e-15
3862.446375 1.748460e-15
3866.507816 1.871060e-15
3870.569258 2.004030e-15
3874.630699 2.154130e-15
3878.692141 2.320760e-15
3882.753582 2.491380e-15
3886.815023 2.658340e-15
3890.876465 2.816970e-15
3894.937906 2.981800e-15
3898.999348 3.141120e-15
3903.060789 3.320210e-15
3907.122231 3.508870e-15
3911.183672 3.673090e-15
3915.245113 3.840150e-15
3919.306555 3.987230e-15
3923.367996 4.121000e-15
3927.429438 4.230560e-15
3931.490879 4.305040e-15
3935.552320 4.387690e-15
3939.613762 4.537460e-15
3943.675203 4.670350e-15
3947.736645 4.729770e-15
3951.798086 4.783130e-15
3955.859528 4.825730e-15
3959.920969 4.807020e-15
3963.982410 4.775190e-15
3968.043852 4.799540e-15
3972.105293 4.860390e-15
3976.166735 4.936380e-15
3980.228176 4.982690e-15
3984.289618 4.972090e-15
3988.351059 4.973630e-15
3992.412500 4.978880e-15
3996.473942 4.993320e-15
4000.535383 5.006230e-15
4041.149797 4.852110e-15
4045.211239 4.770940e-15
4049.272680 4.635120e-15
4053.334122 4.509660e-15
4057.395563 4.403690e-15
4061.457005 4.305600e-15
4065.518446 4.205050e-15
4069.579887 4.079790e-15
4073.641329 4.005520e-15
4077.702770 3.955610e-15
4081.764212 3.881260e-15
4085.825653 3.816410e-15
4089.887094 3.767340e-15
4093.948536 3.759470e-15
4098.009977 3.741690e-15
4102.071419 3.723410e-15
4106.132860 3.720740e-15
4110.194302 3.697590e-15
4114.255743 3.665290e-15
4118.317184 3.607720e-15
4122.378626 3.515380e-15
4126.440067 3.395380e-15
4130.501509 3.287140e-15
4134.562950 3.203760e-15
4138.624392 3.157090e-15
4142.685833 3.108640e-15
4146.747274 3.072250e-15
4150.808716 3.080120e-15
4154.870157 3.120070e-15
4158.931599 3.127710e-15
4162.993040 3.120190e-15
4167.054482 3.114050e-15
4171.115923 3.083990e-15
4175.177364 3.022620e-15
4179.238806 2.959380e-15
4183.300247 2.911240e-15
4187.361689 2.878620e-15
4191.423130 2.869820e-15
4195.484571 2.853300e-15
4199.546013 2.838040e-15
4203.607454 2.830130e-15
4207.668896 2.832630e-15
4211.730337 2.851910e-15
4215.791779 2.882130e-15
4219.853220 2.925650e-15
4223.914661 2.991450e-15
4227.976103 3.055650e-15
4232.037544 3.136490e-15
4236.098986 3.219520e-15
4240.160427 3.263170e-15
4244.221869 3.269260e-15
4248.283310 3.246560e-15
4252.344751 3.201790e-15
4256.406193 3.160830e-15
4260.467634 3.119450e-15
4264.529076 3.061470e-15
4268.590517 3.004560e-15
4272.651958 2.953910e-15
4276.713400 2.909770e-15
4280.774841 2.903340e-15
4284.836283 2.902280e-15
4288.897724 2.896160e-15
4292.959166 2.883780e-15
4297.020607 2.895380e-15
4301.082048 2.942490e-15
4305.143490 2.970260e-15
4309.204931 2.974450e-15
4313.266373 2.986310e-15
4317.327814 2.985860e-15
4321.389256 2.962690e-15
4325.450697 2.930840e-15
4329.512138 2.940470e-15
4333.573580 2.985590e-15
4337.635021 2.998250e-15
4341.696463 3.023960e-15
4345.757904 3.060500e-15
4349.819345 3.065010e-15
4353.880787 3.055320e-15
4357.942228 3.029540e-15
4362.003670 2.971220e-15
4366.065111 2.904340e-15
4370.126553 2.855420e-15
4374.187994 2.797620e-15
4378.249435 2.739470e-15
4382.310877 2.691260e-15
4386.372318 2.633460e-15
4390.433760 2.590400e-15
4394.495201 2.557340e-15
4398.556643 2.516430e-15
4402.618084 2.466610e-15
4406.679525 2.431020e-15
4410.740967 2.397940e-15
4414.802408 2.357990e-15
4418.863850 2.320090e-15
4422.925291 2.295200e-15
4426.986732 2.270030e-15
4431.048174 2.253990e-15
4435.109615 2.257570e-15
4439.171057 2.254560e-15
4443.232498 2.246690e-15
4447.293940 2.241450e-15
4451.355381 2.250800e-15
4455.416822 2.287550e-15
4459.478264 2.335580e-15
4463.539705 2.398270e-15
4467.601147 2.452160e-15
4471.662588 2.500320e-15
4475.724030 2.565730e-15
4479.785471 2.633500e-15
4483.846912 2.718220e-15
4487.908354 2.801560e-15
4491.969795 2.900110e-15
4496.031237 3.018580e-15
4500.092678 3.126960e-15
4504.154119 3.218320e-15
4508.215561 3.310620e-15
4512.277002 3.397950e-15
4516.338444 3.488590e-15
4520.399885 3.574100e-15
4524.461327 3.654940e-15
4528.522768 3.735520e-15
4532.584209 3.805270e-15
4536.645651 3.858360e-15
4540.707092 3.914170e-15
4544.768534 3.990210e-15
4548.829975 4.056960e-15
4552.891417 4.101270e-15
4556.952858 4.169280e-15
4561.014299 4.246450e-15
4565.075741 4.305050e-15
4569.137182 4.345370e-15
4573.198624 4.396470e-15
4577.260065 4.466320e-15
4581.321507 4.553670e-15
4585.382948 4.632480e-15
4589.444389 4.707810e-15
4593.505831 4.778630e-15
4597.567272 4.834890e-15
4601.628714 4.901400e-15
4605.690155 4.942180e-15
4609.751596 4.943800e-15
4613.813038 4.933770e-15
4617.874479 4.893660e-15
4621.935921 4.840740e-15
4625.997362 4.810610e-15
4630.058804 4.788290e-15
4634.120245 4.742860e-15
4638.181686 4.710220e-15
4642.243128 4.677370e-15
4646.304569 4.636310e-15
4650.366011 4.609920e-15
4654.427452 4.576830e-15
4658.488894 4.556500e-15
4662.550335 4.555770e-15
4666.611776 4.536070e-15
4670.673218 4.497200e-15
4674.734659 4.471360e-15
4678.796101 4.430070e-15
4682.857542 4.365660e-15
4686.918983 4.319710e-15
4690.980425 4.282390e-15
4695.041866 4.226000e-15
4699.103308 4.165150e-15
4703.164749 4.090080e-15
4707.226191 4.029700e-15
4711.287632 3.992840e-15
4715.349073 3.950800e-15
4719.410515 3.902220e-15
4723.471956 3.850570e-15
4727.533398 3.809850e-15
4731.594839 3.784040e-15
4735.656281 3.751460e-15
4739.717722 3.706740e-15
4743.779163 3.660850e-15
4747.840605 3.647190e-15
4751.902046 3.634370e-15
4755.963488 3.606570e-15
4760.024929 3.584900e-15
4764.086370 3.565230e-15
4768.147812 3.544350e-15
4772.209253 3.506330e-15
4776.270695 3.437830e-15
4780.332136 3.360590e-15
4784.393578 3.282040e-15
4788.455019 3.170430e-15
4792.516460 3.035670e-15
4796.577902 2.907230e-15
4800.639343 2.791300e-15
4804.700785 2.704080e-15
4808.762226 2.630610e-15
4812.823668 2.567730e-15
4816.885109 2.539320e-15
4820.946550 2.517500e-15
4825.007992 2.492480e-15
4829.069433 2.495770e-15
4833.130875 2.529360e-15
4837.192316 2.565070e-15
4841.253757 2.595590e-15
4845.315199 2.638980e-15
4849.376640 2.686780e-15
4853.438082 2.729090e-15
4857.499523 2.768260e-15
4861.560965 2.806210e-15
4865.622406 2.829990e-15
4869.683847 2.825680e-15
4873.745289 2.805990e-15
4877.806730 2.765610e-15
4881.868172 2.713220e-15
4885.929613 2.658580e-15
4889.991055 2.596570e-15
4894.052496 2.559920e-15
4898.113937 2.549990e-15
4902.175379 2.548230e-15
4906.236820 2.549240e-15
4910.298262 2.558870e-15
4914.359703 2.596290e-15
4918.421144 2.669310e-15
4922.482586 2.747310e-15
4926.544027 2.812300e-15
4930.605469 2.890700e-15
4934.666910 2.972490e-15
4938.728352 3.067400e-15
4942.789793 3.130500e-15
4946.851234 3.183460e-15
4950.912676 3.271360e-15
4954.974117 3.372580e-15
4959.035559 3.477910e-15
4963.097000 3.584990e-15
4967.158442 3.678920e-15
4971.219883 3.751720e-15
4975.281324 3.811230e-15
4979.342766 3.879520e-15
4983.404207 3.952460e-15
4987.465649 3.994260e-15
4991.527090 3.999060e-15
4995.588531 3.978810e-15
4999.649973 3.934650e-15
5003.711414 3.888170e-15
5007.772856 3.824280e-15
5011.834297 3.724670e-15
5015.895739 3.611330e-15
5019.957180 3.475490e-15
5024.018621 3.321000e-15
5028.080063 3.188900e-15
5032.141504 3.083210e-15
5036.202946 2.979850e-15
5040.264387 2.889380e-15
5044.325829 2.816710e-15
5048.387270 2.753640e-15
5052.448711 2.702030e-15
5056.510153 2.659190e-15
5060.571594 2.645660e-15
5064.633036 2.659590e-15
5068.694477 2.670320e-15
5072.755919 2.700370e-15
5076.817360 2.748110e-15
5080.878801 2.783060e-15
5084.940243 2.817080e-15
5089.001684 2.866840e-15
5093.063126 2.928500e-15
5097.124567 3.005200e-15
5101.186008 3.070050e-15
5105.247450 3.116870e-15
5109.308891 3.178380e-15
5113.370333 3.237010e-15
5117.431774 3.289940e-15
5121.493216 3.323930e-15
5125.554657 3.340140e-15
5129.616098 3.372280e-15
5133.677540 3.409540e-15
5137.738981 3.438060e-15
5141.800423 3.460990e-15
5145.861864 3.471330e-15
5149.923306 3.480140e-15
5153.984747 3.490240e-15
5158.046188 3.488830e-15
5162.107630 3.486700e-15
5166.169071 3.488120e-15
5170.230513 3.487840e-15
5174.291954 3.496840e-15
5178.353395 3.507860e-15
5182.414837 3.494140e-15
5186.476278 3.473680e-15
5190.537720 3.477250e-15
5194.599161 3.469420e-15
5198.660603 3.441740e-15
5202.722044 3.427960e-15
5206.783485 3.440770e-15
5210.844927 3.472740e-15
5214.906368 3.501350e-15
5218.967810 3.556650e-15
5223.029251 3.612950e-15
5227.090693 3.642950e-15
5231.152134 3.676940e-15
5235.213575 3.720170e-15
5239.275017 3.751250e-15
5243.336458 3.757400e-15
5247.397900 3.786900e-15
5251.459341 3.859850e-15
5255.520782 3.927110e-15
5259.582224 3.982930e-15
5263.643665 4.032760e-15
5267.705107 4.075690e-15
5271.766548 4.134480e-15
5275.827990 4.175040e-15
5279.889431 4.174530e-15
5283.950872 4.185310e-15
5288.012314 4.213150e-15
5292.073755 4.234970e-15
5296.135197 4.237870e-15
5300.196638 4.251790e-15
5304.258080 4.270440e-15
5308.319521 4.300610e-15
5312.380962 4.325370e-15
5316.442404 4.325580e-15
5320.503845 4.320420e-15
5324.565287 4.357970e-15
5328.626728 4.394090e-15
5332.688169 4.381130e-15
5336.749611 4.356980e-15
5340.811052 4.339080e-15
5344.872494 4.326180e-15
5348.933935 4.303940e-15
5352.995377 4.259880e-15
5357.056818 4.227990e-15
5361.118259 4.227830e-15
5365.179701 4.229720e-15
5369.241142 4.201860e-15
5373.302584 4.157450e-15
5377.364025 4.133580e-15
5381.425467 4.129010e-15
5385.486908 4.092960e-15
5389.548349 4.063980e-15
5393.609791 4.055160e-15
5397.671232 4.043050e-15
5401.732674 4.007280e-15
5405.794115 3.956030e-15
5409.855556 3.949660e-15
5413.916998 3.958760e-15
5417.978439 3.937410e-15
5422.039881 3.922490e-15
5426.101322 3.917060e-15
5430.162764 3.920610e-15
5434.224205 3.929330e-15
5438.285646 3.938350e-15
5442.347088 3.960610e-15
5446.408529 3.977750e-15
5450.469971 3.983010e-15
5454.531412 4.001860e-15
5458.592854 4.029510e-15
5462.654295 4.051400e-15
5466.715736 4.071930e-15
5470.777178 4.074280e-15
5474.838619 4.065090e-15
5478.900061 4.066760e-15
5482.961502 4.069950e-15
5487.022944 4.057380e-15
5491.084385 4.029270e-15
5495.145826 4.005890e-15
5499.207268 3.993410e-15
5503.268709 3.983830e-15
5507.330151 3.959270e-15
5511.391592 3.931310e-15
5515.453033 3.911270e-15
5519.514475 3.880880e-15
5523.575916 3.857980e-15
5527.637358 3.847900e-15
5531.698799 3.845660e-15
5535.760241 3.837940e-15
5539.821682 3.810280e-15
5543.883123 3.794620e-15
5547.944565 3.762850e-15
5552.006006 3.727970e-15
5556.067448 3.707710e-15
5560.128889 3.681910e-15
5564.190331 3.647400e-15
5568.251772 3.616700e-15
5572.313213 3.600490e-15
5576.374655 3.602080e-15
5580.436096 3.605620e-15
5584.497538 3.602810e-15
5588.558979 3.601390e-15
5592.620420 3.614850e-15
5596.681862 3.626780e-15
5600.743303 3.631360e-15
5604.804745 3.643950e-15
5608.866186 3.631950e-15
5612.927628 3.596340e-15
5616.989069 3.558180e-15
5621.050510 3.497080e-15
5625.111952 3.442750e-15
5629.173393 3.383700e-15
5633.234835 3.306070e-15
5637.296276 3.239810e-15
5641.357718 3.168080e-15
5645.419159 3.085610e-15
5649.480600 2.995190e-15
5653.542042 2.901920e-15
5657.603483 2.805510e-15
5661.664925 2.722080e-15
5665.726366 2.651090e-15
5669.787807 2.566040e-15
5673.849249 2.481520e-15
5677.910690 2.397900e-15
5681.972132 2.310840e-15
5686.033573 2.248810e-15
5690.095015 2.230660e-15
5694.156456 2.251830e-15
5698.217897 2.298980e-15
5702.279339 2.375040e-15
5706.340780 2.466030e-15
5710.402222 2.541820e-15
5714.463663 2.592310e-15
5718.525105 2.635560e-15
5722.586546 2.667180e-15
5726.647987 2.687900e-15
5730.709429 2.679160e-15
5734.770870 2.657200e-15
5738.832312 2.655600e-15
5742.893753 2.660540e-15
5746.955194 2.669190e-15
5751.016636 2.690010e-15
5755.078077 2.714620e-15
5759.139519 2.741410e-15
5763.200960 2.774880e-15
5767.262402 2.805310e-15
5771.323843 2.829870e-15
5775.385284 2.869440e-15
5779.446726 2.899250e-15
5783.508167 2.885600e-15
5787.569609 2.895770e-15
5791.631050 2.930820e-15
5795.692492 2.970370e-15
5799.753933 3.023980e-15
5803.815374 3.053710e-15
5807.876816 3.068970e-15
5811.938257 3.098840e-15
5815.999699 3.139190e-15
5820.061140 3.177040e-15
5824.122581 3.204770e-15
5828.184023 3.220030e-15
5832.245464 3.220940e-15
5836.306906 3.220520e-15
5840.368347 3.223550e-15
5844.429789 3.204920e-15
5848.491230 3.195650e-15
5852.552671 3.241440e-15
5856.614113 3.273280e-15
5860.675554 3.270070e-15
5864.736996 3.268270e-15
5868.798437 3.286060e-15
5872.859879 3.304550e-15
5876.921320 3.309260e-15
5880.982761 3.305910e-15
5885.044203 3.297480e-15
5889.105644 3.277950e-15
5893.167086 3.261610e-15
5897.228527 3.284890e-15
5901.289968 3.336340e-15
5905.351410 3.378130e-15
5909.412851 3.405500e-15
5913.474293 3.417060e-15
5917.535734 3.423740e-15
5921.597176 3.429530e-15
5925.658617 3.426270e-15
5929.720058 3.429760e-15
5933.781500 3.415040e-15
5937.842941 3.380700e-15
5941.904383 3.364010e-15
5945.965824 3.372360e-15
5950.027266 3.402580e-15
5954.088707 3.420900e-15
5958.150148 3.415590e-15
5962.211590 3.408570e-15
5966.273031 3.406610e-15
5970.334473 3.398600e-15
5974.395914 3.365250e-15
5978.457355 3.340100e-15
5982.518797 3.343020e-15
5986.580238 3.311640e-15
5990.641680 3.270180e-15
5994.703121 3.241830e-15
5998.764563 3.210350e-15
6002.826004 3.168910e-15
6006.887445 3.100880e-15
6010.948887 3.116790e-15
6015.010328 3.126910e-15
6019.071770 3.110830e-15
6023.133211 3.093860e-15
6027.194653 3.090570e-15
6031.256094 3.088920e-15
6035.317535 3.067860e-15
6039.378977 3.057530e-15
6043.440418 3.065790e-15
6047.501860 3.069080e-15
6051.563301 3.067500e-15
6055.624743 3.052920e-15
6059.686184 3.031340e-15
6063.747625 3.030320e-15
6067.809067 3.033810e-15
6071.870508 3.018910e-15
6075.931950 3.008550e-15
6079.993391 2.996460e-15
6084.054832 2.975650e-15
6088.116274 2.948880e-15
6092.177715 2.923470e-15
6096.239157 2.913670e-15
6100.300598 2.908640e-15
6104.362040 2.909820e-15
6108.423481 2.922480e-15
6112.484922 2.931580e-15
6116.546364 2.935870e-15
6120.607805 2.953680e-15
6124.669247 2.965170e-15
6128.730688 2.976610e-15
6132.792130 2.989200e-15
6136.853571 3.010970e-15
6140.915012 3.033720e-15
6144.976454 3.036540e-15
6149.037895 3.038570e-15
6153.099337 3.051520e-15
6157.160778 3.064920e-15
6161.222219 3.071450e-15
6165.283661 3.072000e-15
6169.345102 3.076460e-15
6173.406544 3.081230e-15
6177.467985 3.078360e-15
6181.529427 3.052630e-15
6185.590868 3.006250e-15
6189.652309 2.964730e-15
6193.713751 2.920530e-15
6197.775192 2.860890e-15
6201.836634 2.803200e-15
6205.898075 2.755860e-15
6209.959517 2.708750e-15
6214.020958 2.671820e-15
6218.082399 2.630280e-15
6222.143841 2.587700e-15
6226.205282 2.541430e-15
6230.266724 2.487570e-15
6234.328165 2.462910e-15
6238.389606 2.448980e-15
6242.451048 2.423110e-15
6246.512489 2.400860e-15
6250.573931 2.388550e-15
6254.635372 2.382100e-15
6258.696814 2.380740e-15
6262.758255 2.378280e-15
6266.819696 2.381060e-15
6270.881138 2.381690e-15
6274.942579 2.370040e-15
6279.004021 2.357470e-15
6283.065462 2.354800e-15
6287.126904 2.380150e-15
6291.188345 2.410270e-15
6295.249786 2.418310e-15
6299.311228 2.426370e-15
6303.372669 2.446680e-15
6307.434111 2.476960e-15
6311.495552 2.510990e-15
6315.556993 2.539370e-15
6319.618435 2.557280e-15
6323.679876 2.579380e-15
6327.741318 2.609850e-15
6331.802759 2.638390e-15
6335.864201 2.668810e-15
6339.925642 2.705270e-15
6343.987083 2.743890e-15
6348.048525 2.765890e-15
6352.109966 2.766450e-15
6356.171408 2.764720e-15
6360.232849 2.781290e-15
6364.294291 2.800970e-15
6368.355732 2.820670e-15
6372.417173 2.849180e-15
6376.478615 2.867470e-15
6380.540056 2.880580e-15
6384.601498 2.897370e-15
6388.662939 2.905810e-15
6392.724380 2.908000e-15
6396.785822 2.908290e-15
6400.847263 2.901810e-15
6404.908705 2.894600e-15
6408.970146 2.893240e-15
6413.031588 2.876970e-15
6417.093029 2.857930e-15
6421.154470 2.837060e-15
6425.215912 2.811400e-15
6429.277353 2.773000e-15
6433.338795 2.732340e-15
6437.400236 2.705770e-15
6441.461678 2.681360e-15
6445.523119 2.645440e-15
6449.584560 2.612130e-15
6453.646002 2.591140e-15
6457.707443 2.567670e-15
6461.768885 2.550730e-15
6465.830326 2.535530e-15
6469.891768 2.524540e-15
6473.953209 2.524100e-15
6478.014650 2.535210e-15
6482.076092 2.549720e-15
6486.137533 2.568200e-15
6490.198975 2.585820e-15
6494.260416 2.597680e-15
6498.321857 2.614500e-15
6502.383299 2.635200e-15
6506.444740 2.652440e-15
6510.506182 2.663170e-15
6514.567623 2.680050e-15
6518.629065 2.695180e-15
6522.690506 2.699620e-15
6526.751947 2.710780e-15
6530.813389 2.733770e-15
6534.874830 2.751350e-15
6538.936272 2.753650e-15
6542.997713 2.760160e-15
6547.059155 2.772870e-15
6551.120596 2.791950e-15
6555.182037 2.811620e-15
6559.243479 2.814040e-15
6563.304920 2.805210e-15
6567.366362 2.807010e-15
6571.427803 2.825680e-15
6575.489244 2.835290e-15
6579.550686 2.830910e-15
6583.612127 2.825620e-15
6587.673569 2.824980e-15
6591.735010 2.831070e-15
6595.796452 2.848500e-15
6599.857893 2.858190e-15
6603.919334 2.852290e-15
6607.980776 2.843510e-15
6612.042217 2.846170e-15
6616.103659 2.850680e-15
6620.165100 2.839710e-15
6624.226542 2.817400e-15
6628.287983 2.802260e-15
6632.349424 2.798990e-15
6636.410866 2.797520e-15
6640.472307 2.791260e-15
6644.533749 2.777760e-15
6648.595190 2.770330e-15
6652.656631 2.770960e-15
6656.718073 2.755050e-15
6660.779514 2.733300e-15
6664.840956 2.738270e-15
6668.902397 2.750430e-15
6672.963839 2.742810e-15
6677.025280 2.732090e-15
6681.086721 2.730670e-15
6685.148163 2.732140e-15
6689.209604 2.726660e-15
6693.271046 2.722590e-15
6697.332487 2.725170e-15
6701.393929 2.719760e-15
6705.455370 2.703850e-15
6709.516811 2.688020e-15
6713.578253 2.674660e-15
6717.639694 2.667390e-15
6721.701136 2.670020e-15
6725.762577 2.659850e-15
6729.824018 2.648880e-15
6733.885460 2.644360e-15
6737.946901 2.630070e-15
6742.008343 2.604010e-15
6746.069784 2.582830e-15
6750.131226 2.561570e-15
6754.192667 2.564810e-15
6758.254108 2.589960e-15
6762.315550 2.593060e-15
6766.376991 2.571860e-15
6770.438433 2.560320e-15
6774.499874 2.562540e-15
6778.561316 2.553990e-15
6782.622757 2.541990e-15
6786.684198 2.520980e-15
6790.745640 2.493500e-15
6794.807081 2.475510e-15
6798.868523 2.464850e-15
6802.929964 2.452270e-15
6806.991405 2.438840e-15
6811.052847 2.426740e-15
6815.114288 2.400590e-15
6819.175730 2.370440e-15
6823.237171 2.363480e-15
6827.298613 2.354540e-15
6831.360054 2.335610e-15
6835.421495 2.299540e-15
6839.482937 2.286720e-15
6843.544378 2.262120e-15
6847.605820 2.233640e-15
6851.667261 2.226480e-15
6855.728703 2.218700e-15
6859.790144 2.235000e-15
6863.851585 2.264740e-15
6867.913027 2.263740e-15
6871.974468 2.206200e-15
6876.035910 2.148830e-15
6880.097351 2.153950e-15
6884.158793 2.189360e-15
6888.220234 2.208990e-15
6892.281675 2.199610e-15
6896.343117 2.177320e-15
6900.404558 2.154080e-15
6904.466000 2.145450e-15
6908.527441 2.165380e-15
6912.588882 2.176740e-15
6916.650324 2.170260e-15
6920.711765 2.168700e-15
6924.773207 2.169140e-15
6928.834648 2.176310e-15
6932.896090 2.180930e-15
6936.957531 2.189630e-15
6941.018972 2.205310e-15
6945.080414 2.205210e-15
6949.141855 2.192660e-15
6953.203297 2.187730e-15
6957.264738 2.183680e-15
6961.326179 2.183970e-15
6965.387621 2.191780e-15
6969.449062 2.191600e-15
6973.510504 2.186710e-15
6977.571945 2.185900e-15
6981.633387 2.192720e-15
6985.694828 2.195880e-15
6989.756269 2.197150e-15
6993.817711 2.202250e-15
6997.879152 2.209160e-15
7001.940594 2.219110e-15
7006.002035 2.215840e-15
7010.063477 2.210370e-15
7014.124918 2.208270e-15
7018.186359 2.218400e-15
7022.247801 2.231910e-15
7026.309242 2.232860e-15
7030.370684 2.218730e-15
7034.432125 2.199380e-15
7038.493567 2.193690e-15
7042.555008 2.181860e-15
7046.616449 2.180160e-15
7050.677891 2.194630e-15
7054.739332 2.197750e-15
7058.800774 2.198670e-15
7062.862215 2.199040e-15
7066.923656 2.192170e-15
7070.985098 2.202910e-15
7075.046539 2.213570e-15
7079.107981 2.225600e-15
7083.169422 2.247110e-15
7087.230864 2.256970e-15
7091.292305 2.233750e-15
7095.353746 2.212740e-15
7099.415188 2.218740e-15
7103.476629 2.235420e-15
7107.538071 2.241400e-15
7111.599512 2.234220e-15
7115.660954 2.210950e-15
7119.722395 2.183730e-15
7123.783836 2.171780e-15
7127.845278 2.163690e-15
7131.906719 2.153510e-15
7135.968161 2.158200e-15
7140.029602 2.164220e-15
7144.091043 2.154000e-15
7148.152485 2.150280e-15
7152.213926 2.145810e-15
7156.275368 2.140250e-15
7160.336809 2.157750e-15
7164.398251 2.179320e-15
7168.459692 2.209720e-15
7172.521133 2.233170e-15
7176.582575 2.227980e-15
7180.644016 2.233860e-15
7184.705458 2.260440e-15
7188.766899 2.292190e-15
7192.828341 2.315090e-15
7196.889782 2.337050e-15
7200.951223 2.343320e-15
7205.012665 2.307670e-15
7209.074106 2.268810e-15
7213.135548 2.259710e-15
7217.196989 2.261040e-15
7221.258430 2.258220e-15
7225.319872 2.267030e-15
7229.381313 2.284920e-15
7233.442755 2.284600e-15
7237.504196 2.275600e-15
7241.565638 2.283000e-15
7245.627079 2.299460e-15
7249.688520 2.310290e-15
7253.749962 2.313710e-15
7257.811403 2.310460e-15
7261.872845 2.299190e-15
7265.934286 2.279090e-15
7269.995728 2.257000e-15
7274.057169 2.250500e-15
7278.118610 2.258310e-15
7282.180052 2.270170e-15
7286.241493 2.280080e-15
7290.302935 2.270300e-15
7294.364376 2.249030e-15
7298.425817 2.224180e-15
7302.487259 2.198760e-15
7306.548700 2.198600e-15
7310.610142 2.223050e-15
7314.671583 2.253110e-15
7318.733025 2.256070e-15
7322.794466 2.237560e-15
7326.855907 2.205170e-15
7330.917349 2.183120e-15
7334.978790 2.167230e-15
7339.040232 2.155390e-15
7343.101673 2.156940e-15
7347.163115 2.172670e-15
7351.224556 2.175190e-15
7355.285997 2.168420e-15
7359.347439 2.146630e-15
7363.408880 2.125460e-15
7367.470322 2.115450e-15
7371.531763 2.123330e-15
7375.593204 2.147020e-15
7379.654646 2.161710e-15
7383.716087 2.150440e-15
7387.777529 2.142910e-15
7391.838970 2.148180e-15
7395.900412 2.146790e-15
7399.961853 2.142520e-15
7404.023294 2.150370e-15
7408.084736 2.171260e-15
7412.146177 2.180710e-15
7416.207619 2.166830e-15
7420.269060 2.141620e-15
7424.330502 2.127400e-15
7428.391943 2.139080e-15
7432.453384 2.173750e-15
7436.514826 2.183920e-15
7440.576267 2.162840e-15
7444.637709 2.124350e-15
7448.699150 2.103080e-15
7452.760592 2.105390e-15
7456.822033 2.136040e-15
7460.883474 2.163640e-15
7464.944916 2.150070e-15
7469.006357 2.112620e-15
7473.067799 2.071280e-15
7477.129240 2.043830e-15
7481.190681 2.042700e-15
7485.252123 2.081470e-15
7489.313564 2.114150e-15
7493.375006 2.104760e-15
7497.436447 2.068810e-15
7501.497889 2.027650e-15
7505.559330 1.998270e-15
7509.620771 1.993660e-15
7513.682213 2.007650e-15
7517.743654 2.016640e-15
7521.805096 2.015670e-15
7525.866537 1.994020e-15
7529.927979 1.936280e-15
7533.989420 1.865180e-15
7538.050861 1.800620e-15
7542.112303 1.750710e-15
7546.173744 1.706310e-15
7550.235186 1.663080e-15
7554.296627 1.616710e-15
7558.358068 1.550580e-15
7562.419510 1.465000e-15
7566.480951 1.372120e-15
7570.542393 1.305880e-15
7574.603834 1.282790e-15
7578.665276 1.277900e-15
7582.726717 1.284610e-15
7586.788158 1.325360e-15
7590.849600 1.385550e-15
7594.911041 1.430030e-15
7598.972483 1.418730e-15
7603.033924 1.296860e-15
7607.095366 1.115800e-15
7611.156807 1.041510e-15
7615.218248 1.101570e-15
7619.279690 1.227200e-15
7623.341131 1.313970e-15
7627.402573 1.297570e-15
7631.464014 1.252930e-15
7635.525455 1.237530e-15
7639.586897 1.230070e-15
7643.648338 1.226620e-15
7647.709780 1.244170e-15
7651.771221 1.288390e-15
7655.832663 1.346670e-15
7659.894104 1.411340e-15
7663.955545 1.457240e-15
7668.016987 1.468550e-15
7672.078428 1.482480e-15
7676.139870 1.493580e-15
7680.201311 1.502850e-15
7684.262753 1.513430e-15
7688.324194 1.528660e-15
7692.385635 1.566940e-15
7696.447077 1.607690e-15
7700.508518 1.627040e-15
7704.569960 1.642890e-15
7708.631401 1.657100e-15
7712.692842 1.649330e-15
7716.754284 1.641150e-15
7720.815725 1.639060e-15
7724.877167 1.654960e-15
7728.938608 1.687250e-15
7733.000050 1.724960e-15
7737.061491 1.750110e-15
7741.122932 1.761130e-15
7745.184374 1.769740e-15
7749.245815 1.772530e-15
7753.307257 1.782490e-15
7757.368698 1.805590e-15
7761.430140 1.840240e-15
7765.491581 1.887640e-15
7769.553022 1.930230e-15
7773.614464 1.956550e-15
7777.675905 1.958900e-15
7781.737347 1.938030e-15
7785.798788 1.923020e-15
7789.860229 1.929370e-15
7793.921671 1.962570e-15
7797.983112 2.021170e-15
7802.044554 2.068370e-15
7806.105995 2.092660e-15
7810.167437 2.100920e-15
7814.228878 2.085950e-15
7818.290319 2.057820e-15
7822.351761 2.038910e-15
7826.413202 2.046190e-15
7830.474644 2.079640e-15
7834.536085 2.132890e-15
7838.597527 2.173930e-15
7842.658968 2.176000e-15
7846.720409 2.152220e-15
7850.781851 2.123900e-15
7854.843292 2.106920e-15
7858.904734 2.095370e-15
7862.966175 2.104410e-15
7867.027616 2.142290e-15
7871.089058 2.179950e-15
7875.150499 2.197120e-15
7879.211941 2.175090e-15
7883.273382 2.125640e-15
7887.334824 2.094990e-15
7891.396265 2.107650e-15
7895.457706 2.142210e-15
7899.519148 2.164970e-15
7903.580589 2.173030e-15
7907.642031 2.163500e-15
7911.703472 2.133860e-15
7915.764914 2.093450e-15
7919.826355 2.062340e-15
7923.887796 2.073340e-15
7927.949238 2.115110e-15
7932.010679 2.145770e-15
7936.072121 2.125200e-15
7940.133562 2.065000e-15
7944.195004 2.023480e-15
7948.256445 2.024330e-15
7952.317886 2.035770e-15
7956.379328 2.041060e-15
7960.440769 2.045370e-15
7964.502211 2.039800e-15
7968.563652 2.013590e-15
7972.625093 1.972120e-15
7976.686535 1.948870e-15
7980.747976 1.936400e-15
7984.809418 1.947270e-15
7988.870859 1.970060e-15
7992.932301 1.988120e-15
7996.993742 1.988590e-15
8001.055183 1.955880e-15
8005.116625 1.907460e-15
8009.178066 1.875420e-15
8013.239508 1.877720e-15
8017.300949 1.886340e-15
8021.362391 1.886890e-15
8025.423832 1.896380e-15
8029.485273 1.889050e-15
8033.546715 1.864370e-15
8037.608156 1.836870e-15
8041.669598 1.802320e-15
8045.731039 1.769570e-15
8049.792480 1.763550e-15
8053.853922 1.771200e-15
8057.915363 1.773950e-15
8061.976805 1.741540e-15
8066.038246 1.713240e-15
8070.099688 1.734920e-15
8074.161129 1.735210e-15
8078.222570 1.723190e-15
8082.284012 1.725430e-15
8086.345453 1.724680e-15
8090.406895 1.709510e-15
8094.468336 1.707080e-15
8098.529778 1.702280e-15
8102.591219 1.683140e-15
8106.652660 1.656200e-15
8110.714102 1.622670e-15
8114.775543 1.595000e-15
8118.836985 1.587560e-15
8122.898426 1.585760e-15
8126.959867 1.575020e-15
8131.021309 1.558500e-15
8135.082750 1.538610e-15
8139.144192 1.521590e-15
8143.205633 1.514370e-15
8147.267075 1.524450e-15
8151.328516 1.546870e-15
8155.389957 1.558260e-15
8159.451399 1.562320e-15
8163.512840 1.561390e-15
8167.574282 1.544560e-15
8171.635723 1.519460e-15
8175.697165 1.491370e-15
8179.758606 1.467920e-15
8183.820047 1.444180e-15
8187.881489 1.423510e-15
8191.942930 1.431650e-15
8196.004372 1.430520e-15
8200.065813 1.401020e-15
8204.127254 1.338330e-15
8208.188696 1.257730e-15
8212.250137 1.186890e-15
8216.311579 1.131070e-15
8220.373020 1.084240e-15
8224.434462 1.051540e-15
8228.495903 1.016320e-15
8232.557344 9.712540e-16
8236.618786 9.290850e-16
8240.680227 8.883300e-16
8244.741669 8.406450e-16
8248.803110 7.913810e-16
8252.864552 7.478360e-16
8256.925993 7.070790e-16
8260.987434 6.654120e-16
8265.048876 6.318300e-16
8269.110317 6.113920e-16
8273.171759 6.011280e-16
8277.233200 6.054310e-16
8281.294641 6.130100e-16
8285.356083 6.059080e-16
8289.417524 5.931630e-16
8293.478966 5.922350e-16
8297.540407 5.905580e-16
8301.601849 5.842740e-16
8305.663290 5.772140e-16
8309.724731 5.812060e-16
8313.786173 5.984410e-16
8317.847614 6.230720e-16
8321.909056 6.483200e-16
8325.970497 6.721070e-16
8330.031939 6.900410e-16
8334.093380 7.019540e-16
8338.154821 7.131860e-16
8342.216263 7.195570e-16
8346.277704 7.199730e-16
8350.339146 7.140180e-16
8354.400587 7.129510e-16
8358.462029 7.241160e-16
8362.523470 7.369110e-16
8366.584911 7.498400e-16
8370.646353 7.544470e-16
8374.707794 7.532960e-16
8378.769236 7.538640e-16
8382.830677 7.534140e-16
8386.892118 7.395850e-16
8390.953560 7.117230e-16
8395.015001 6.938710e-16
8399.076443 6.943610e-16
8403.137884 7.059780e-16
8407.199326 7.155750e-16
8411.260767 7.324430e-16
8415.322208 7.522830e-16
8419.383650 7.713490e-16
8423.445091 7.878920e-16
8427.506533 7.909520e-16
8431.567974 7.913000e-16
8435.629416 8.010040e-16
8439.690857 8.127780e-16
8443.752298 8.398290e-16
8447.813740 8.764620e-16
8451.875181 9.116210e-16
8455.936623 9.405380e-16
8459.998064 9.724790e-16
8464.059505 1.017990e-15
8468.120947 1.047460e-15
8472.182388 1.058960e-15
8476.243830 1.066660e-15
8480.305271 1.070630e-15
8484.366713 1.082110e-15
8488.428154 1.110970e-15
8492.489595 1.146670e-15
8496.551037 1.191430e-15
8500.612478 1.250800e-15
8504.673920 1.314190e-15
8508.735361 1.365410e-15
8512.796803 1.399070e-15
8516.858244 1.427880e-15
8520.919685 1.444330e-15
8524.981127 1.441730e-15
8529.042568 1.445780e-15
8533.104010 1.457630e-15
8537.165451 1.487710e-15
8541.226892 1.553750e-15
8545.288334 1.625960e-15
8549.349775 1.690370e-15
8553.411217 1.750700e-15
8557.472658 1.789670e-15
8561.534100 1.798660e-15
8565.595541 1.800270e-15
8569.656982 1.790630e-15
8573.718424 1.779900e-15
8577.779865 1.769040e-15
8581.841307 1.785880e-15
8585.902748 1.826450e-15
8589.964190 1.888040e-15
8594.025631 1.949600e-15
8598.087072 1.988570e-15
8602.148514 2.001100e-15
8606.209955 1.989100e-15
8610.271397 1.971990e-15
8614.332838 1.965780e-15
8618.394279 1.936800e-15
8622.455721 1.902630e-15
8626.517162 1.903180e-15
8630.578604 1.933630e-15
8634.640045 1.988240e-15
8638.701487 2.042750e-15
8642.762928 2.081550e-15
8646.824369 2.103930e-15
8650.885811 2.089550e-15
8654.947252 2.050340e-15
8659.008694 2.016650e-15
8663.070135 1.978320e-15
8667.131577 1.947900e-15
8671.193018 1.945860e-15
8675.254459 1.970990e-15
8679.315901 2.015700e-15
8683.377342 2.065520e-15
8687.438784 2.097900e-15
8691.500225 2.078450e-15
8695.561666 2.031480e-15
8699.623108 1.990870e-15
8703.684549 1.953990e-15
8707.745991 1.909970e-15
8711.807432 1.886120e-15
8715.868874 1.920840e-15
8719.930315 1.981740e-15
8723.991756 2.040380e-15
8728.053198 2.073510e-15
8732.114639 2.059170e-15
8736.176081 2.042710e-15
8740.237522 2.003580e-15
8744.298964 1.943400e-15
8748.360405 1.903890e-15
8752.421846 1.887730e-15
8756.483288 1.907440e-15
8760.544729 1.940500e-15
8764.606171 1.974180e-15
8768.667612 2.013500e-15
8772.729053 2.012890e-15
8776.790495 1.972640e-15
8780.851936 1.920990e-15
8784.913378 1.855860e-15
8788.974819 1.792100e-15
8793.036261 1.751630e-15
8797.097702 1.738030e-15
8801.159143 1.730600e-15
8805.220585 1.728270e-15
8809.282026 1.703930e-15
8813.343468 1.649760e-15
8817.404909 1.588300e-15
8821.466351 1.506900e-15
8825.527792 1.412690e-15
8829.589233 1.324740e-15
8833.650675 1.251670e-15
8837.712116 1.211500e-15
8841.773558 1.196760e-15
8845.834999 1.202120e-15
8849.896441 1.220040e-15
8853.957882 1.219780e-15
8858.019323 1.200570e-15
8862.080765 1.184210e-15
8866.142206 1.157980e-15
8870.203648 1.121100e-15
8874.265089 1.097460e-15
8878.326530 1.075930e-15
8882.387972 1.056860e-15
8886.449413 1.056060e-15
8890.510855 1.056590e-15
8894.572296 1.054500e-15
8898.633738 1.059680e-15
8902.695179 1.079750e-15
8906.756620 1.099390e-15
8910.818062 1.104170e-15
8914.879503 1.100790e-15
8918.940945 1.097560e-15
8923.002386 1.093110e-15
8927.063828 1.075260e-15
8931.125269 1.064020e-15
8935.186710 1.087890e-15
8939.248152 1.098100e-15
8943.309593 1.093230e-15
8947.371035 1.115780e-15
8951.432476 1.164990e-15
8955.493917 1.201790e-15
8959.555359 1.229180e-15
8963.616800 1.246580e-15
8967.678242 1.239660e-15
8971.739683 1.229900e-15
8975.801125 1.222570e-15
8979.862566 1.206210e-15
8983.924007 1.188170e-15
8987.985449 1.179870e-15
8992.046890 1.181200e-15
8996.108332 1.173790e-15
9000.169773 1.167070e-15
9004.231215 1.183520e-15
9008.292656 1.197240e-15
9012.354097 1.195910e-15
9016.415539 1.197830e-15
9020.476980 1.190760e-15
9024.538422 1.163960e-15
9028.599863 1.123830e-15
9032.661304 1.076030e-15
9036.722746 1.050520e-15
9040.784187 1.039020e-15
9044.845629 1.038230e-15
9048.907070 1.041530e-15
9052.968512 1.048250e-15
9057.029953 1.068370e-15
9061.091394 1.086420e-15
9065.152836 1.115230e-15
9069.214277 1.143650e-15
9073.275719 1.167300e-15
9077.337160 1.174700e-15
9081.398602 1.159220e-15
9085.460043 1.153270e-15
9089.521484 1.156530e-15
9093.582926 1.171670e-15
9097.644367 1.174110e-15
9101.705809 1.173360e-15
9105.767250 1.193660e-15
9109.828691 1.220280e-15
9113.890133 1.248460e-15
9117.951574 1.272980e-15
9122.013016 1.285240e-15
9126.074457 1.292850e-15
9130.135899 1.299330e-15
9134.197340 1.296140e-15
9138.258781 1.266670e-15
9142.320223 1.216660e-15
9146.381664 1.179370e-15
9150.443106 1.168910e-15
9154.504547 1.160360e-15
9158.565989 1.138470e-15
9162.627430 1.130200e-15
9166.688871 1.132490e-15
9170.750313 1.142360e-15
9174.811754 1.157110e-15
9178.873196 1.168110e-15
9182.934637 1.184970e-15
9186.996078 1.191980e-15
9191.057520 1.187960e-15
9195.118961 1.177240e-15
9199.180403 1.159820e-15
9203.241844 1.153030e-15
9207.303286 1.155570e-15
9211.364727 1.188200e-15
9215.426168 1.218160e-15
9219.487610 1.239590e-15
9223.549051 1.265630e-15
9227.610493 1.274810e-15
9231.671934 1.280740e-15
9235.733376 1.289100e-15
9239.794817 1.289790e-15
9243.856258 1.272760e-15
9247.917700 1.245770e-15
9251.979141 1.246050e-15
9256.040583 1.268510e-15
9260.102024 1.290270e-15
9264.163465 1.308450e-15
9268.224907 1.337540e-15
9272.286348 1.388230e-15
9276.347790 1.418080e-15
9280.409231 1.449010e-15
9284.470673 1.491790e-15
9288.532114 1.490910e-15
9292.593555 1.483370e-15
9296.654997 1.496670e-15
9300.716438 1.504350e-15
9304.777880 1.511030e-15
9308.839321 1.527200e-15
9312.900763 1.544590e-15
9316.962204 1.591110e-15
9321.023645 1.635090e-15
9325.085087 1.651540e-15
9329.146528 1.673430e-15
9333.207970 1.717030e-15
9337.269411 1.737730e-15
9341.330853 1.698550e-15
9345.392294 1.622550e-15
9349.453735 1.560790e-15
9353.515177 1.501580e-15
9357.576618 1.452650e-15
9361.638060 1.439190e-15
9365.699501 1.435070e-15
9369.760942 1.424880e-15
9373.822384 1.420010e-15
9377.883825 1.390580e-15
9381.945267 1.335120e-15
9386.006708 1.292730e-15
9390.068150 1.252760e-15
9394.129591 1.224720e-15
9398.191032 1.198310e-15
9402.252474 1.191030e-15
9406.313915 1.189310e-15
9410.375357 1.183520e-15
9414.436798 1.185020e-15
9418.498240 1.193030e-15
9422.559681 1.207650e-15
9426.621122 1.206760e-15
9430.682564 1.237930e-15
9434.744005 1.293900e-15
9438.805447 1.310070e-15
9442.866888 1.294540e-15
9446.928329 1.275140e-15
9450.989771 1.277070e-15
9455.051212 1.277120e-15
9459.112654 1.254770e-15
9463.174095 1.234300e-15
9467.235537 1.221170e-15
9471.296978 1.224010e-15
9475.358419 1.243460e-15
9479.419861 1.270950e-15
9483.481302 1.302040e-15
9487.542744 1.358770e-15
9491.604185 1.432600e-15
9495.665627 1.459050e-15
9499.727068 1.439540e-15
9503.788509 1.408650e-15
9507.849951 1.395420e-15
9511.911392 1.436830e-15
9515.972834 1.480250e-15
9520.034275 1.485830e-15
9524.095716 1.466870e-15
9528.157158 1.457410e-15
9532.218599 1.471170e-15
9536.280041 1.525760e-15
9540.341482 1.590350e-15
9544.402924 1.624760e-15
9548.464365 1.626980e-15
9552.525806 1.592580e-15
9556.587248 1.572920e-15
9560.648689 1.581750e-15
9564.710131 1.546590e-15
9568.771572 1.508900e-15
9572.833014 1.524920e-15
9576.894455 1.563650e-15
9580.955896 1.627020e-15
9585.017338 1.666090e-15
9589.078779 1.656420e-15
9593.140221 1.661740e-15
9597.201662 1.665580e-15
9601.263103 1.630610e-15
9605.324545 1.580230e-15
9609.385986 1.545360e-15
9613.447428 1.525610e-15
9617.508869 1.505150e-15
9621.570311 1.492010e-15
9625.631752 1.502200e-15
9629.693193 1.525860e-15
9633.754635 1.548390e-15
9637.816076 1.553590e-15
9641.877518 1.519870e-15
9645.938959 1.495700e-15
9650.000401 1.508940e-15
