3201.062757 1.135856e-16
3203.710097 6.633178e-16
3206.357437 6.041558e-16
3209.004777 1.848947e-16
3211.652117 1.096713e-16
3214.299457 4.963321e-17
3227.536156 2.915708e-16
3230.183496 6.099812e-16
3232.830835 4.437476e-16
3235.478175 2.513388e-16
3238.125515 2.432220e-16
3240.772855 4.672227e-16
3243.420195 5.342926e-16
3246.067534 4.678567e-16
3248.714874 3.330251e-16
3251.362214 7.694854e-17
3267.246253 1.522746e-16
3269.893593 2.623297e-16
3272.540933 1.154496e-16
3275.188272 1.913470e-16
3277.835612 3.882615e-16
3280.482952 5.596881e-16
3283.130292 3.605868e-16
3288.424972 1.326174e-16
3291.072311 2.283110e-16
3293.719651 2.859503e-16
3296.366991 4.387883e-16
3299.014331 3.027039e-16
3301.661671 2.947438e-16
3304.309011 3.300783e-16
3306.956350 1.026419e-16
3309.603690 1.256751e-16
3312.251030 3.687278e-16
3314.898370 4.568187e-16
3317.545710 4.486798e-16
3320.193049 3.467912e-16
3322.840389 2.286563e-16
3325.487729 2.447606e-16
3328.135069 1.991312e-16
3330.782409 1.697858e-16
3333.429749 3.393448e-16
3336.077088 4.018588e-16
3338.724428 3.638546e-16
3341.371768 4.611324e-16
3344.019108 5.256775e-16
3346.666448 4.456493e-16
3349.313787 3.584318e-16
3351.961127 3.643753e-16
3354.608467 4.061345e-16
3357.255807 4.193058e-16
3359.903147 4.801417e-16
3362.550487 5.277124e-16
3365.197826 5.072231e-16
3367.845166 5.262732e-16
3370.492506 5.549968e-16
3373.139846 5.975718e-16
3375.787186 5.898799e-16
3378.434525 5.151646e-16
3381.081865 5.030259e-16
3383.729205 5.312332e-16
3386.376545 6.520572e-16
3389.023885 7.614183e-16
3391.671225 6.708375e-16
3394.318564 5.457919e-16
3396.965904 6.004109e-16
3399.613244 6.744058e-16
3402.260584 6.771681e-16
3404.907924 6.692132e-16
3407.555264 7.507818e-16
3410.202603 8.226031e-16
3412.849943 8.122615e-16
3415.497283 7.974600e-16
3418.144623 8.406763e-16
3420.791963 8.327724e-16
3423.439302 7.242649e-16
3426.086642 6.585998e-16
3428.733982 7.165342e-16
3431.381322 7.022634e-16
3434.028662 7.010310e-16
3436.676002 8.071194e-16
3439.323341 8.494626e-16
3441.970681 8.210989e-16
3444.618021 7.961919e-16
3447.265361 7.698744e-16
3449.912701 6.956519e-16
3452.560040 7.074945e-16
3455.207380 7.337977e-16
3457.854720 7.415204e-16
3460.502060 7.616344e-16
3463.149400 8.370373e-16
3465.796740 8.456698e-16
3468.444079 8.498788e-16
3471.091419 8.426757e-16
3473.738759 7.754588e-16
3476.386099 7.460981e-16
3479.033439 8.234538e-16
3481.680779 8.998333e-16
3484.328118 8.985300e-16
3486.975458 8.612989e-16
3489.622798 7.865894e-16
3492.270138 6.964071e-16
3494.917478 6.920539e-16
3497.564817 7.493670e-16
3500.212157 7.962209e-16
3502.859497 8.233742e-16
3505.506837 8.405582e-16
3508.154177 8.354675e-16
3510.801517 8.194548e-16
3513.448856 8.524599e-16
3516.096196 8.897380e-16
3518.743536 8.358817e-16
3521.390876 7.913552e-16
3524.038216 8.210808e-16
3526.685555 7.589348e-16
3529.332895 6.828005e-16
3531.980235 7.827652e-16
3534.627575 8.922459e-16
3537.274915 8.687895e-16
3539.922255 7.873140e-16
3542.569594 7.617615e-16
3545.216934 8.010743e-16
3547.864274 8.369595e-16
3550.511614 8.221031e-16
3553.158954 8.009949e-16
3555.806293 8.028296e-16
3558.453633 7.767585e-16
3561.100973 7.298260e-16
3563.748313 7.612886e-16
3566.395653 7.612805e-16
3569.042993 6.663284e-16
3571.690332 6.681302e-16
3574.337672 7.311283e-16
3576.985012 7.503865e-16
3579.632352 7.288461e-16
3582.279692 6.931636e-16
3584.927032 6.467372e-16
3587.574371 6.222842e-16
3590.221711 6.043290e-16
3592.869051 6.175298e-16
3595.516391 6.137621e-16
3598.163731 5.968735e-16
3600.811070 6.268038e-16
3603.458410 6.405192e-16
3606.105750 6.254142e-16
3608.753090 6.333194e-16
3611.400430 6.122829e-16
3614.047770 5.656664e-16
3616.695109 5.559014e-16
3619.342449 5.886310e-16
3621.989789 6.165129e-16
3624.637129 5.803166e-16
3627.284469 5.444845e-16
3629.931808 5.373386e-16
3632.579148 5.348430e-16
3635.226488 5.656892e-16
3637.873828 5.937380e-16
3640.521168 5.710877e-16
3643.168508 5.251178e-16
3645.815847 5.072340e-16
3648.463187 4.830190e-16
3651.110527 4.753844e-16
3653.757867 4.723225e-16
3656.405207 4.434048e-16
3659.052547 4.360418e-16
3661.699886 4.796293e-16
3664.347226 5.061235e-16
3666.994566 4.851655e-16
3669.641906 4.745314e-16
3672.289246 4.658246e-16
3674.936585 4.387914e-16
3677.583925 4.142926e-16
3680.231265 3.680107e-16
3682.878605 3.181444e-16
3685.525945 3.180847e-16
3688.173285 3.241847e-16
3690.820624 3.068922e-16
3693.467964 2.803695e-16
3696.115304 2.598057e-16
3698.762644 2.436801e-16
3701.409984 2.490416e-16
3704.057323 2.886688e-16
3706.704663 3.111057e-16
3709.352003 2.899291e-16
3711.999343 2.667389e-16
3714.646683 2.611211e-16
3717.294023 2.519235e-16
3719.941362 2.500538e-16
3722.588702 2.448823e-16
3725.236042 2.330172e-16
3727.883382 2.335119e-16
3730.530722 2.373716e-16
3733.178061 2.415173e-16
3735.825401 2.487413e-16
3738.472741 2.534161e-16
3741.120081 2.638670e-16
3743.767421 2.484722e-16
3746.414761 2.418689e-16
3749.062100 2.402452e-16
3751.709440 2.385770e-16
3754.356780 2.563923e-16
3757.004120 2.730083e-16
3759.651460 2.583289e-16
3762.298800 2.347029e-16
3764.946139 2.464036e-16
3767.593479 2.716331e-16
3770.240819 2.735083e-16
3772.888159 2.768671e-16
3775.535499 2.827316e-16
3778.182838 2.983219e-16
3780.830178 3.263798e-16
3783.477518 3.401094e-16
3786.124858 3.096572e-16
3788.772198 2.772425e-16
3791.419538 2.788841e-16
3794.066877 3.099407e-16
3796.714217 3.443110e-16
3799.361557 3.377026e-16
3802.008897 3.286571e-16
3804.656237 3.278613e-16
3807.303576 3.341542e-16
3809.950916 3.660655e-16
3812.598256 3.820436e-16
3815.245596 3.951245e-16
3817.892936 4.217401e-16
3820.540276 4.439417e-16
3823.187615 4.599848e-16
3825.834955 4.805058e-16
3828.482295 4.788560e-16
3831.129635 4.778486e-16
3833.776975 4.905708e-16
3836.424314 4.908383e-16
3839.071654 5.013739e-16
3841.718994 5.207891e-16
3844.366334 5.640964e-16
3847.013674 6.214239e-16
3849.661014 6.627432e-16
3852.308353 6.695513e-16
3854.955693 6.930299e-16
3857.603033 7.401266e-16
3860.250373 7.702976e-16
3862.897713 7.962573e-16
3865.545053 8.326654e-16
3868.192392 8.585177e-16
3870.839732 9.057977e-16
3873.487072 9.647788e-16
3876.134412 9.995600e-16
3878.781752 1.003576e-15
3881.429091 1.013774e-15
3884.076431 1.064268e-15
3886.723771 1.094885e-15
3889.371111 1.074952e-15
3892.018451 1.071922e-15
3894.665791 1.130527e-15
3897.313130 1.186044e-15
3899.960470 1.189906e-15
3902.607810 1.166013e-15
3905.255150 1.202130e-15
3907.902490 1.266473e-15
3910.549829 1.301159e-15
3913.197169 1.324195e-15
3915.844509 1.349966e-15
3918.491849 1.350221e-15
3921.139189 1.341409e-15
3923.786529 1.349274e-15
3926.433868 1.366289e-15
3929.081208 1.379257e-15
3931.728548 1.399671e-15
3934.375888 1.421317e-15
3937.023228 1.437907e-15
3939.670568 1.457021e-15
3942.317907 1.448088e-15
3944.965247 1.418286e-15
3947.612587 1.424739e-15
3950.259927 1.462515e-15
3952.907267 1.479596e-15
3955.554606 1.462443e-15
3958.201946 1.432026e-15
3960.849286 1.417401e-15
3963.496626 1.419167e-15
3989.970024 1.472106e-15
3992.617364 1.465118e-15
3995.264704 1.437790e-15
3997.912044 1.398183e-15
4000.559383 1.364279e-15
4003.206723 1.358733e-15
4005.854063 1.378697e-15
4008.501403 1.398666e-15
4011.148743 1.391956e-15
4013.796082 1.382933e-15
4016.443422 1.362796e-15
4019.090762 1.345363e-15
4021.738102 1.369465e-15
4024.385442 1.375086e-15
4027.032782 1.355318e-15
4029.680121 1.348101e-15
4032.327461 1.345919e-15
4034.974801 1.319076e-15
4037.622141 1.300002e-15
4040.269481 1.278388e-15
4042.916821 1.248459e-15
4045.564160 1.233263e-15
4048.211500 1.226394e-15
4050.858840 1.218234e-15
4053.506180 1.211726e-15
4056.153520 1.213129e-15
4058.800859 1.200596e-15
4061.448199 1.172682e-15
4064.095539 1.161364e-15
4066.742879 1.163183e-15
4069.390219 1.166368e-15
4072.037559 1.143990e-15
4074.684898 1.104643e-15
4077.332238 1.112969e-15
4079.979578 1.139439e-15
4082.626918 1.114915e-15
4085.274258 1.098241e-15
4087.921597 1.137733e-15
4090.568937 1.140665e-15
4093.216277 1.123884e-15
4095.863617 1.129086e-15
4098.510957 1.078719e-15
4101.158297 1.044167e-15
4103.805636 1.053039e-15
4106.452976 1.046008e-15
4109.100316 1.028575e-15
4111.747656 1.010454e-15
4114.394996 1.035129e-15
4117.042336 1.068299e-15
4119.689675 1.057924e-15
4122.337015 1.049438e-15
4124.984355 1.067134e-15
4127.631695 1.088938e-15
4130.279035 1.087513e-15
4132.926374 1.057572e-15
4135.573714 1.031282e-15
4138.221054 1.037707e-15
4140.868394 1.055773e-15
4143.515734 1.058529e-15
4146.163074 1.054420e-15
4148.810413 1.043940e-15
4151.457753 1.035146e-15
4154.105093 1.042437e-15
4156.752433 1.047948e-15
4159.399773 1.044065e-15
4162.047112 1.048567e-15
4164.694452 1.075090e-15
4167.341792 1.074219e-15
4169.989132 1.041268e-15
4172.636472 1.039533e-15
4175.283812 1.054399e-15
4177.931151 1.069706e-15
4180.578491 1.072775e-15
4183.225831 1.064503e-15
4185.873171 1.078046e-15
4188.520511 1.104041e-15
4191.167850 1.093813e-15
4193.815190 1.083876e-15
4196.462530 1.081641e-15
4199.109870 1.064286e-15
4201.757210 1.060666e-15
4204.404550 1.073041e-15
4207.051889 1.056157e-15
4209.699229 1.045125e-15
4212.346569 1.036707e-15
4214.993909 1.023483e-15
4217.641249 1.030684e-15
4220.288589 1.033125e-15
4222.935928 1.029870e-15
4225.583268 1.027193e-15
4228.230608 1.013578e-15
4230.877948 9.950479e-16
4233.525288 9.944855e-16
4236.172627 1.018406e-15
4238.819967 1.032864e-15
4241.467307 1.030337e-15
4244.114647 1.032057e-15
4246.761987 1.026276e-15
4249.409327 1.005737e-15
4252.056666 9.898409e-16
4254.704006 9.906658e-16
4257.351346 9.957558e-16
4259.998686 9.989395e-16
4262.646026 1.012729e-15
4265.293365 1.026067e-15
4267.940705 1.024486e-15
4270.588045 1.027857e-15
4273.235385 1.036843e-15
4275.882725 1.041713e-15
4278.530065 1.021969e-15
4281.177404 1.009701e-15
4283.824744 1.007093e-15
4286.472084 1.008198e-15
4289.119424 1.033317e-15
4291.766764 1.044651e-15
4294.414104 1.038834e-15
4297.061443 1.021736e-15
4299.708783 1.023008e-15
4302.356123 1.026564e-15
4305.003463 1.027301e-15
4307.650803 1.039620e-15
4310.298142 1.033430e-15
4312.945482 1.025593e-15
4315.592822 1.023055e-15
4318.240162 1.007072e-15
4320.887502 1.000407e-15
4323.534842 9.906277e-16
4326.182181 9.657215e-16
4328.829521 9.484184e-16
4331.476861 9.330192e-16
4334.124201 9.177889e-16
4336.771541 9.042102e-16
4339.418880 8.876930e-16
4342.066220 8.782244e-16
4344.713560 8.782330e-16
4347.360900 8.617665e-16
4350.008240 8.419053e-16
4352.655580 8.290725e-16
4355.302919 8.051564e-16
4357.950259 8.022179e-16
4360.597599 8.152674e-16
4363.244939 8.201415e-16
4365.892279 7.945098e-16
4368.539618 7.751332e-16
4371.186958 7.849462e-16
4373.834298 7.894998e-16
4376.481638 7.926621e-16
4379.128978 7.787873e-16
4381.776318 7.637792e-16
4384.423657 7.450300e-16
4387.070997 7.360817e-16
4389.718337 7.287643e-16
4392.365677 7.270040e-16
4395.013017 7.232162e-16
4397.660357 7.109101e-16
4400.307696 7.128502e-16
4402.955036 7.199748e-16
4405.602376 7.231453e-16
4408.249716 7.268783e-16
4410.897056 7.251640e-16
4413.544395 7.280237e-16
4416.191735 7.369667e-16
4418.839075 7.416186e-16
4421.486415 7.488142e-16
4424.133755 7.546332e-16
4426.781095 7.563021e-16
4429.428434 7.703405e-16
4432.075774 7.901184e-16
4434.723114 8.006075e-16
4437.370454 8.102690e-16
4440.017794 8.260108e-16
4442.665133 8.567792e-16
4445.312473 8.601411e-16
4447.959813 8.623907e-16
4450.607153 8.734610e-16
4453.254493 8.927779e-16
4455.901833 9.218764e-16
4458.549172 9.451637e-16
4461.196512 9.555605e-16
4463.843852 9.623611e-16
4466.491192 9.812335e-16
4469.138532 1.013205e-15
4471.785872 1.047961e-15
4474.433211 1.072713e-15
4477.080551 1.082276e-15
4479.727891 1.094520e-15
4482.375231 1.115902e-15
4485.022571 1.118544e-15
4487.669910 1.131104e-15
4490.317250 1.164221e-15
4492.964590 1.183518e-15
4495.611930 1.193531e-15
4498.259270 1.186538e-15
4500.906610 1.179216e-15
4503.553949 1.205687e-15
4506.201289 1.227862e-15
4508.848629 1.231503e-15
4511.495969 1.245944e-15
4514.143309 1.272087e-15
4516.790648 1.299807e-15
4519.437988 1.320888e-15
4522.085328 1.339318e-15
4524.732668 1.359374e-15
4527.380008 1.383937e-15
4530.027348 1.398307e-15
4532.674687 1.393960e-15
4535.322027 1.390846e-15
4537.969367 1.386386e-15
4540.616707 1.384391e-15
4543.264047 1.417364e-15
4545.911386 1.417157e-15
4548.558726 1.398451e-15
4551.206066 1.414277e-15
4553.853406 1.431477e-15
4556.500746 1.430798e-15
4559.148086 1.423734e-15
4561.795425 1.425105e-15
4564.442765 1.445009e-15
4567.090105 1.456723e-15
4569.737445 1.462647e-15
4572.384785 1.467482e-15
4575.032125 1.462508e-15
4577.679464 1.459297e-15
4580.326804 1.465620e-15
4582.974144 1.464635e-15
4585.621484 1.469005e-15
4588.268824 1.471228e-15
4590.916163 1.455078e-15
4593.563503 1.445374e-15
4596.210843 1.444551e-15
4598.858183 1.452766e-15
4601.505523 1.455907e-15
4604.152863 1.437806e-15
4606.800202 1.435149e-15
4609.447542 1.445205e-15
4612.094882 1.437835e-15
4614.742222 1.427159e-15
4617.389562 1.424780e-15
4620.036901 1.430368e-15
4622.684241 1.448647e-15
4625.331581 1.426299e-15
4627.978921 1.387892e-15
4630.626261 1.375290e-15
4633.273601 1.383561e-15
4635.920940 1.396258e-15
4638.568280 1.391581e-15
4641.215620 1.363494e-15
4643.862960 1.343144e-15
4646.510300 1.332494e-15
4649.157640 1.330844e-15
4651.804979 1.341415e-15
4654.452319 1.344077e-15
4657.099659 1.346616e-15
4659.746999 1.361924e-15
4662.394339 1.354079e-15
4665.041678 1.328135e-15
4667.689018 1.337278e-15
4670.336358 1.359875e-15
4672.983698 1.338721e-15
4675.631038 1.290112e-15
4678.278378 1.265549e-15
4680.925717 1.261423e-15
4683.573057 1.249052e-15
4686.220397 1.239256e-15
4688.867737 1.242847e-15
4691.515077 1.239579e-15
4694.162416 1.233369e-15
4696.809756 1.243731e-15
4699.457096 1.240142e-15
4702.104436 1.222002e-15
4704.751776 1.192286e-15
4707.399116 1.158839e-15
4710.046455 1.137720e-15
4712.693795 1.125784e-15
4715.341135 1.124544e-15
4717.988475 1.134669e-15
4720.635815 1.112199e-15
4723.283154 1.066851e-15
4725.930494 1.046260e-15
4728.577834 1.060597e-15
4731.225174 1.047175e-15
4733.872514 1.017250e-15
4736.519854 1.006556e-15
4739.167193 9.844353e-16
4741.814533 9.493179e-16
4744.461873 9.305972e-16
4747.109213 9.317653e-16
4749.756553 9.294603e-16
4752.403893 9.012241e-16
4755.051232 8.726663e-16
4757.698572 8.508580e-16
4760.345912 8.373254e-16
4762.993252 8.397380e-16
4765.640592 8.286045e-16
4768.287931 8.060934e-16
4770.935271 7.962519e-16
4773.582611 7.880289e-16
4776.229951 7.829831e-16
4778.877291 7.838953e-16
4781.524631 7.746535e-16
4784.171970 7.645860e-16
4786.819310 7.682449e-16
4789.466650 7.772383e-16
4792.113990 7.821446e-16
4794.761330 7.891800e-16
4797.408669 7.838361e-16
4800.056009 7.737506e-16
4802.703349 7.794275e-16
4805.350689 7.954660e-16
4807.998029 8.013704e-16
4810.645369 7.964067e-16
4813.292708 7.816977e-16
4815.940048 7.673654e-16
4818.587388 7.568242e-16
4821.234728 7.557562e-16
4823.882068 7.679452e-16
4826.529408 7.585295e-16
4829.176747 7.317518e-16
4831.824087 7.213789e-16
4834.471427 7.401625e-16
4837.118767 7.470571e-16
4839.766107 7.307750e-16
4842.413446 7.292821e-16
4845.060786 7.473905e-16
4847.708126 7.479297e-16
4850.355466 7.433508e-16
4853.002806 7.366463e-16
4855.650146 7.158672e-16
4858.297485 7.059319e-16
4860.944825 7.112957e-16
4863.592165 7.250352e-16
4866.239505 7.423264e-16
4868.886845 7.538267e-16
4871.534184 7.516794e-16
4874.181524 7.490071e-16
4876.828864 7.624824e-16
4879.476204 7.802484e-16
4882.123544 7.947051e-16
4884.770884 8.172756e-16
4887.418223 8.379384e-16
4890.065563 8.468618e-16
4892.712903 8.658415e-16
4895.360243 8.820718e-16
4898.007583 8.831697e-16
4900.654922 8.858915e-16
4903.302262 8.902970e-16
4905.949602 8.975482e-16
4908.596942 9.124701e-16
4911.244282 9.293728e-16
4913.891622 9.399861e-16
4916.538961 9.385234e-16
4919.186301 9.446031e-16
4921.833641 9.543509e-16
4924.480981 9.483439e-16
4927.128321 9.620509e-16
4929.775661 9.834960e-16
4932.423000 9.949976e-16
4935.070340 9.994239e-16
4937.717680 9.898261e-16
4940.365020 9.753480e-16
4943.012360 9.661643e-16
4945.659699 9.600613e-16
4948.307039 9.619886e-16
4950.954379 9.630318e-16
4953.601719 9.508526e-16
4956.249059 9.473691e-16
4958.896399 9.458699e-16
4961.543738 9.300366e-16
4964.191078 9.181294e-16
4966.838418 9.064034e-16
4969.485758 8.901540e-16
4972.133098 8.774514e-16
4974.780437 8.753760e-16
4977.427777 8.652776e-16
4980.075117 8.464314e-16
4982.722457 8.614437e-16
4985.369797 8.658331e-16
4988.017137 8.411435e-16
4990.664476 8.258795e-16
4993.311816 8.150238e-16
4995.959156 8.154767e-16
4998.606496 8.191499e-16
5001.253836 8.156789e-16
5003.901175 7.998310e-16
5006.548515 7.818531e-16
5009.195855 7.727076e-16
5011.843195 7.800041e-16
5014.490535 7.889310e-16
5017.137875 7.893558e-16
5019.785214 7.976641e-16
5022.432554 8.097000e-16
5025.079894 8.045014e-16
5027.727234 8.016030e-16
5030.374574 8.129703e-16
5033.021914 8.227256e-16
5035.669253 8.292700e-16
5038.316593 8.357671e-16
5040.963933 8.540798e-16
5043.611273 8.824695e-16
5046.258613 8.960820e-16
5048.905952 8.982934e-16
5051.553292 9.001816e-16
5054.200632 9.016686e-16
5056.847972 9.083652e-16
5059.495312 9.158227e-16
5062.142652 9.201363e-16
5064.789991 9.235566e-16
5067.437331 9.257688e-16
5070.084671 9.215887e-16
5072.732011 9.231883e-16
5075.379351 9.312705e-16
5078.026690 9.356795e-16
5080.674030 9.432184e-16
5083.321370 9.491221e-16
5085.968710 9.466438e-16
5088.616050 9.453787e-16
5091.263390 9.559166e-16
5093.910729 9.687432e-16
5096.558069 9.701807e-16
5099.205409 9.666661e-16
5101.852749 9.655777e-16
5104.500089 9.631869e-16
5107.147429 9.614634e-16
5109.794768 9.667328e-16
5112.442108 9.735048e-16
5115.089448 9.761270e-16
5117.736788 9.817040e-16
5120.384128 9.912749e-16
5123.031467 9.871901e-16
5125.678807 9.723194e-16
5128.326147 9.738792e-16
5130.973487 9.904665e-16
5133.620827 1.004543e-15
5136.268167 1.013499e-15
5138.915506 1.012571e-15
5141.562846 1.001173e-15
5144.210186 9.951043e-16
5146.857526 9.979023e-16
5149.504866 1.044336e-15
5152.152205 1.063111e-15
5154.799545 1.062604e-15
5157.446885 1.058584e-15
5160.094225 1.060082e-15
5162.741565 1.067014e-15
5165.388905 1.069921e-15
5168.036244 1.071962e-15
5170.683584 1.084919e-15
5173.330924 1.099606e-15
5175.978264 1.100113e-15
5178.625604 1.099010e-15
5181.272943 1.111772e-15
5183.920283 1.126510e-15
5186.567623 1.133967e-15
5189.214963 1.142901e-15
5191.862303 1.160311e-15
5194.509643 1.167451e-15
5197.156982 1.166055e-15
5199.804322 1.177397e-15
5202.451662 1.184560e-15
5205.099002 1.179724e-15
5207.746342 1.192494e-15
5210.393682 1.217053e-15
5213.041021 1.226865e-15
5215.688361 1.226564e-15
5218.335701 1.226479e-15
5220.983041 1.233451e-15
5223.630381 1.248293e-15
5226.277720 1.259689e-15
5228.925060 1.270558e-15
5231.572400 1.272035e-15
5234.219740 1.262367e-15
5236.867080 1.263196e-15
5239.514420 1.275156e-15
5242.161759 1.279384e-15
5244.809099 1.278532e-15
5247.456439 1.274456e-15
5250.103779 1.270350e-15
5252.751119 1.274844e-15
5255.398458 1.280137e-15
5258.045798 1.283925e-15
5260.693138 1.291062e-15
5263.340478 1.294516e-15
5265.987818 1.299168e-15
5268.635158 1.299872e-15
5271.282497 1.292834e-15
5273.929837 1.290634e-15
5276.577177 1.295900e-15
5279.224517 1.298367e-15
5281.871857 1.301536e-15
5284.519197 1.306491e-15
5287.166536 1.310646e-15
5289.813876 1.312418e-15
5292.461216 1.306675e-15
5295.108556 1.298492e-15
5297.755896 1.286691e-15
5300.403235 1.286151e-15
5303.050575 1.303082e-15
5305.697915 1.302249e-15
5308.345255 1.280326e-15
5310.992595 1.271454e-15
5313.639935 1.278240e-15
5316.287274 1.277399e-15
5318.934614 1.265298e-15
5321.581954 1.251116e-15
5324.229294 1.248439e-15
5326.876634 1.255753e-15
5329.523973 1.256191e-15
5332.171313 1.250180e-15
5334.818653 1.238569e-15
5337.465993 1.229224e-15
5340.113333 1.229451e-15
5342.760673 1.241691e-15
5345.408012 1.245843e-15
5348.055352 1.235146e-15
5350.702692 1.229655e-15
5353.350032 1.233498e-15
5355.997372 1.228861e-15
5358.644711 1.217667e-15
5361.292051 1.217665e-15
5363.939391 1.223303e-15
5366.586731 1.221952e-15
5369.234071 1.217889e-15
5371.881411 1.212245e-15
5374.528750 1.211064e-15
5377.176090 1.219622e-15
5379.823430 1.218444e-15
5382.470770 1.214208e-15
5385.118110 1.220218e-15
5387.765450 1.220639e-15
5390.412789 1.217898e-15
5393.060129 1.219316e-15
5395.707469 1.220205e-15
5398.354809 1.219188e-15
5401.002149 1.216706e-15
5403.649488 1.217069e-15
5406.296828 1.214225e-15
5408.944168 1.215958e-15
5411.591508 1.218401e-15
5414.238848 1.214183e-15
5416.886188 1.210427e-15
5419.533527 1.211327e-15
5422.180867 1.214024e-15
5424.828207 1.218860e-15
5427.475547 1.217242e-15
5430.122887 1.209331e-15
5432.770226 1.203804e-15
5435.417566 1.203815e-15
5438.064906 1.201407e-15
5440.712246 1.194870e-15
5443.359586 1.193138e-15
5446.006926 1.190655e-15
5448.654265 1.184544e-15
5451.301605 1.188050e-15
5453.948945 1.189716e-15
5456.596285 1.181051e-15
5459.243625 1.174522e-15
5461.890965 1.174000e-15
5464.538304 1.170559e-15
5467.185644 1.166733e-15
5469.832984 1.167541e-15
5472.480324 1.158323e-15
5475.127664 1.142873e-15
5477.775003 1.140492e-15
5480.422343 1.146245e-15
5483.069683 1.146455e-15
5485.717023 1.135026e-15
5488.364363 1.121839e-15
5491.011703 1.118998e-15
5493.659042 1.114666e-15
5496.306382 1.101988e-15
5498.953722 1.089708e-15
5501.601062 1.085294e-15
5504.248402 1.075980e-15
5506.895741 1.067153e-15
5509.543081 1.065420e-15
5512.190421 1.058133e-15
5514.837761 1.049297e-15
5517.485101 1.043468e-15
5520.132441 1.029685e-15
5522.779780 1.018588e-15
5525.427120 1.019462e-15
5528.074460 1.017436e-15
5530.721800 1.001908e-15
5533.369140 9.845888e-16
5536.016479 9.779033e-16
5538.663819 9.717596e-16
5541.311159 9.599253e-16
5543.958499 9.501135e-16
5546.605839 9.472920e-16
5549.253179 9.442106e-16
5551.900518 9.400043e-16
5554.547858 9.318476e-16
5557.195198 9.112404e-16
5559.842538 8.911297e-16
5562.489878 8.911392e-16
5565.137218 8.942995e-16
5567.784557 8.825926e-16
5570.431897 8.722452e-16
5573.079237 8.691621e-16
5575.726577 8.592508e-16
5578.373917 8.468472e-16
5581.021256 8.440616e-16
5583.668596 8.404518e-16
5586.315936 8.313299e-16
5588.963276 8.254550e-16
5591.610616 8.206428e-16
5594.257956 8.173669e-16
5596.905295 8.141122e-16
5599.552635 8.085617e-16
5602.199975 8.014929e-16
5604.847315 7.974072e-16
5607.494655 7.913405e-16
5610.141994 7.815736e-16
5612.789334 7.743058e-16
5615.436674 7.737000e-16
5618.084014 7.786534e-16
5620.731354 7.769271e-16
5623.378694 7.713158e-16
5626.026033 7.669756e-16
5628.673373 7.641448e-16
5631.320713 7.625661e-16
5633.968053 7.601465e-16
5636.615393 7.574469e-16
5639.262733 7.566265e-16
5641.910072 7.608131e-16
5644.557412 7.629092e-16
5647.204752 7.585755e-16
5649.852092 7.598454e-16
5652.499432 7.651599e-16
5655.146771 7.697353e-16
5657.794111 7.778173e-16
5660.441451 7.835080e-16
5663.088791 7.848271e-16
5665.736131 7.841836e-16
5668.383471 7.808267e-16
5671.030810 7.769189e-16
5673.678150 7.815990e-16
5676.325490 7.961810e-16
5678.972830 7.979156e-16
5681.620170 7.948475e-16
5684.267509 8.019561e-16
5686.914849 8.056216e-16
5689.562189 7.989790e-16
5692.209529 7.943833e-16
5694.856869 7.982904e-16
5697.504209 8.028185e-16
5700.151548 8.016114e-16
5702.798888 7.980761e-16
5705.446228 7.990256e-16
5708.093568 8.095847e-16
5710.740908 8.206038e-16
5713.388247 8.178368e-16
5716.035587 8.112764e-16
5718.682927 8.124792e-16
5721.330267 8.213588e-16
5723.977607 8.202511e-16
5726.624947 8.107596e-16
5729.272286 8.074096e-16
5731.919626 8.122123e-16
5734.566966 8.236257e-16
5737.214306 8.292337e-16
5739.861646 8.227673e-16
5742.508986 8.215697e-16
5745.156325 8.305652e-16
5747.803665 8.441450e-16
5750.451005 8.551902e-16
5753.098345 8.629193e-16
5755.745685 8.712365e-16
5758.393024 8.698232e-16
5761.040364 8.688241e-16
5763.687704 8.751161e-16
5766.335044 8.742149e-16
5768.982384 8.740779e-16
5771.629724 8.769158e-16
5774.277063 8.838803e-16
5776.924403 8.977414e-16
5779.571743 9.020958e-16
5782.219083 9.021045e-16
5784.866423 9.099102e-16
5787.513762 9.120480e-16
5790.161102 9.070359e-16
5792.808442 9.086529e-16
5795.455782 9.220731e-16
5798.103122 9.327220e-16
5800.750462 9.355261e-16
5803.397801 9.400122e-16
5806.045141 9.513352e-16
5808.692481 9.617320e-16
5811.339821 9.629850e-16
5813.987161 9.653489e-16
5816.634501 9.751148e-16
5819.281840 9.862629e-16
5821.929180 9.964612e-16
5824.576520 1.003888e-15
5827.223860 1.006627e-15
5829.871200 1.012015e-15
5832.518539 1.015815e-15
5835.165879 1.015999e-15
5837.813219 1.022958e-15
5840.460559 1.034509e-15
5843.107899 1.043056e-15
5845.755239 1.048325e-15
5848.402578 1.051318e-15
5851.049918 1.051660e-15
5853.697258 1.057692e-15
5856.344598 1.069017e-15
5858.991938 1.075121e-15
5861.639277 1.078503e-15
5864.286617 1.083809e-15
5866.933957 1.086017e-15
5869.581297 1.084770e-15
5872.228637 1.083678e-15
5874.875977 1.091814e-15
5877.523316 1.100783e-15
5880.170656 1.091687e-15
5882.817996 1.076492e-15
5885.465336 1.066085e-15
5888.112676 1.057302e-15
5890.760015 1.048238e-15
5893.407355 1.037656e-15
5896.054695 1.040010e-15
5898.702035 1.054284e-15
5901.349375 1.062923e-15
5903.996715 1.073845e-15
5906.644054 1.086362e-15
5909.291394 1.092516e-15
5911.938734 1.096416e-15
5914.586074 1.095159e-15
5917.233414 1.086425e-15
5919.880754 1.078770e-15
5922.528093 1.074405e-15
5925.175433 1.070999e-15
5927.822773 1.077669e-15
5930.470113 1.083388e-15
5933.117453 1.074102e-15
5935.764792 1.057907e-15
5938.412132 1.039514e-15
5941.059472 1.029750e-15
5943.706812 1.034400e-15
5946.354152 1.038889e-15
5949.001492 1.041852e-15
5951.648831 1.044827e-15
5954.296171 1.044305e-15
5956.943511 1.047442e-15
5959.590851 1.051827e-15
5962.238191 1.046915e-15
5964.885530 1.043176e-15
5967.532870 1.041649e-15
5970.180210 1.030706e-15
5972.827550 1.023090e-15
5975.474890 1.029171e-15
5978.122230 1.028829e-15
5980.769569 1.025086e-15
5983.416909 1.027465e-15
5986.064249 1.021821e-15
5988.711589 1.014513e-15
5991.358929 1.021788e-15
5994.006269 1.031222e-15
5996.653608 1.027800e-15
5999.300948 1.021218e-15
6001.948288 1.023454e-15
6004.595628 1.030204e-15
6007.242968 1.035264e-15
6009.890307 1.039687e-15
6012.537647 1.041312e-15
6015.184987 1.036542e-15
6017.832327 1.029470e-15
6020.479667 1.023445e-15
6023.127007 1.023073e-15
6025.774346 1.028222e-15
6028.421686 1.031547e-15
6031.069026 1.029964e-15
6033.716366 1.026289e-15
6036.363706 1.022379e-15
6039.011045 1.017298e-15
6041.658385 1.015486e-15
6044.305725 1.014107e-15
6046.953065 1.009659e-15
6049.600405 1.004523e-15
6052.247745 1.000734e-15
6054.895084 9.947168e-16
6057.542424 9.866529e-16
6060.189764 9.825186e-16
6062.837104 9.808826e-16
6065.484444 9.803982e-16
6068.131783 9.848418e-16
6070.779123 9.843184e-16
6073.426463 9.785681e-16
6076.073803 9.757414e-16
6078.721143 9.715958e-16
6081.368483 9.614625e-16
6084.015822 9.584261e-16
6086.663162 9.666617e-16
6089.310502 9.707042e-16
6091.957842 9.670361e-16
6094.605182 9.632389e-16
6097.252522 9.605439e-16
6099.899861 9.584322e-16
6102.547201 9.567191e-16
6105.194541 9.539929e-16
6107.841881 9.511620e-16
6110.489221 9.451585e-16
6113.136560 9.327090e-16
6115.783900 9.187620e-16
6118.431240 9.098228e-16
6121.078580 9.061348e-16
6123.725920 9.059250e-16
6126.373260 9.034511e-16
6129.020599 8.893853e-16
6131.667939 8.756854e-16
6134.315279 8.632133e-16
6136.962619 8.467869e-16
6139.609959 8.378318e-16
6142.257298 8.362218e-16
6144.904638 8.291201e-16
6147.551978 8.127427e-16
6150.199318 7.987495e-16
6152.846658 7.928599e-16
6155.493998 7.860194e-16
6158.141337 7.728781e-16
6160.788677 7.631336e-16
6163.436017 7.582855e-16
6166.083357 7.529171e-16
6168.730697 7.492174e-16
6171.378036 7.561106e-16
6174.025376 7.491352e-16
6176.672716 7.411193e-16
6179.320056 7.471927e-16
6181.967396 7.491307e-16
6184.614736 7.389700e-16
6187.262075 7.331232e-16
6189.909415 7.345440e-16
6192.556755 7.335686e-16
6195.204095 7.302463e-16
6197.851435 7.313587e-16
6200.498775 7.349738e-16
6203.146114 7.294821e-16
6205.793454 7.257616e-16
6208.440794 7.340560e-16
6211.088134 7.360021e-16
6213.735474 7.277193e-16
6216.382813 7.273638e-16
6219.030153 7.378152e-16
6221.677493 7.415209e-16
6224.324833 7.398853e-16
6226.972173 7.467505e-16
6229.619513 7.489103e-16
6232.266852 7.428112e-16
6234.914192 7.401084e-16
6237.561532 7.435100e-16
6240.208872 7.461200e-16
6242.856212 7.465355e-16
6245.503551 7.518595e-16
6248.150891 7.613509e-16
6250.798231 7.633281e-16
6253.445571 7.604328e-16
6256.092911 7.555666e-16
6258.740251 7.510442e-16
6261.387590 7.581557e-16
6264.034930 7.675794e-16
6266.682270 7.671246e-16
6269.329610 7.666025e-16
6271.976950 7.722521e-16
6274.624290 7.687756e-16
6277.271629 7.599477e-16
6279.918969 7.595763e-16
6282.566309 7.595190e-16
6285.213649 7.624103e-16
6287.860989 7.763491e-16
6290.508328 7.914948e-16
6293.155668 7.950027e-16
6295.803008 7.923041e-16
6298.450348 7.931630e-16
6301.097688 7.943434e-16
6303.745028 8.062653e-16
6306.392367 8.152005e-16
6309.039707 8.069808e-16
6311.687047 7.998354e-16
6314.334387 8.070562e-16
6316.981727 8.150872e-16
6319.629066 8.077768e-16
6322.276406 8.008595e-16
6324.923746 8.088731e-16
6327.571086 8.122132e-16
6330.218426 8.078503e-16
6332.865766 8.088412e-16
6335.513105 8.105892e-16
6338.160445 8.064989e-16
6340.807785 8.089253e-16
6343.455125 8.107133e-16
6346.102465 8.068140e-16
6348.749804 8.062052e-16
6351.397144 8.099464e-16
6354.044484 8.103676e-16
6356.691824 8.039531e-16
6359.339164 7.932492e-16
6361.986504 7.915378e-16
6364.633843 8.002808e-16
6367.281183 8.030939e-16
6369.928523 7.992369e-16
6372.575863 7.950134e-16
6375.223203 7.944978e-16
6377.870543 7.940825e-16
6380.517882 7.863368e-16
6383.165222 7.741455e-16
6385.812562 7.756186e-16
6388.459902 7.835957e-16
6391.107242 7.829836e-16
6393.754581 7.729025e-16
6396.401921 7.623109e-16
6399.049261 7.609567e-16
6401.696601 7.574759e-16
6404.343941 7.500887e-16
6406.991281 7.525187e-16
6409.638620 7.522903e-16
6412.285960 7.475852e-16
6414.933300 7.541827e-16
6417.580640 7.590316e-16
6420.227980 7.572916e-16
6422.875319 7.610628e-16
6425.522659 7.651483e-16
6428.169999 7.542151e-16
6430.817339 7.445519e-16
6433.464679 7.560554e-16
6436.112019 7.720671e-16
6438.759358 7.696893e-16
6441.406698 7.585170e-16
6444.054038 7.570628e-16
6446.701378 7.601193e-16
6449.348718 7.611293e-16
6451.996058 7.644082e-16
6454.643397 7.679831e-16
6457.290737 7.657548e-16
6459.938077 7.615095e-16
6462.585417 7.593283e-16
6465.232757 7.583668e-16
6467.880096 7.531203e-16
6470.527436 7.496451e-16
6473.174776 7.508213e-16
6475.822116 7.468081e-16
6478.469456 7.398069e-16
6481.116796 7.389163e-16
6483.764135 7.404102e-16
6486.411475 7.454618e-16
6489.058815 7.511790e-16
6491.706155 7.562124e-16
6494.353495 7.615650e-16
6497.000834 7.584993e-16
6499.648174 7.471870e-16
6502.295514 7.440083e-16
6504.942854 7.448573e-16
6507.590194 7.456687e-16
6510.237534 7.491888e-16
6512.884873 7.504039e-16
6515.532213 7.489515e-16
6518.179553 7.485437e-16
6520.826893 7.513695e-16
6523.474233 7.546818e-16
6526.121572 7.586442e-16
6528.768912 7.606264e-16
6531.416252 7.533379e-16
6534.063592 7.455875e-16
6536.710932 7.452167e-16
6539.358272 7.519794e-16
6542.005611 7.594206e-16
6544.652951 7.595485e-16
6547.300291 7.602684e-16
6549.947631 7.690107e-16
6552.594971 7.670606e-16
6555.242311 7.533421e-16
6557.889650 7.531467e-16
6560.536990 7.596579e-16
6563.184330 7.559805e-16
6565.831670 7.545776e-16
6568.479010 7.593688e-16
6571.126349 7.628354e-16
6573.773689 7.662784e-16
6576.421029 7.746817e-16
6579.068369 7.772496e-16
6581.715709 7.729104e-16
6584.363049 7.713229e-16
6587.010388 7.694208e-16
6589.657728 7.691449e-16
6592.305068 7.767799e-16
6594.952408 7.799730e-16
6597.599748 7.736103e-16
6600.247087 7.720607e-16
6602.894427 7.743836e-16
6605.541767 7.761904e-16
6608.189107 7.863505e-16
6610.836447 7.968775e-16
6613.483787 7.941583e-16
6616.131126 7.910319e-16
6618.778466 7.863148e-16
6621.425806 7.776611e-16
6624.073146 7.801425e-16
6626.720486 7.883049e-16
6629.367826 7.858332e-16
6632.015165 7.818079e-16
6634.662505 7.788526e-16
6637.309845 7.748668e-16
6639.957185 7.758533e-16
6642.604525 7.775817e-16
6645.251864 7.778359e-16
6647.899204 7.789276e-16
6650.546544 7.819169e-16
6653.193884 7.836295e-16
6655.841224 7.802712e-16
6658.488564 7.779760e-16
6661.135903 7.850108e-16
6663.783243 7.949181e-16
6666.430583 7.901917e-16
6669.077923 7.756550e-16
6671.725263 7.737656e-16
6674.372602 7.806405e-16
6677.019942 7.791677e-16
6679.667282 7.747945e-16
6682.314622 7.749888e-16
6684.961962 7.685961e-16
6687.609302 7.603100e-16
6690.256641 7.623469e-16
6692.903981 7.734284e-16
6695.551321 7.814089e-16
6698.198661 7.718174e-16
6700.846001 7.593422e-16
6703.493340 7.569608e-16
6706.140680 7.569255e-16
6708.788020 7.613986e-16
6711.435360 7.658266e-16
6714.082700 7.578743e-16
6716.730040 7.521762e-16
6719.377379 7.521952e-16
6722.024719 7.459070e-16
6724.672059 7.409077e-16
6727.319399 7.393634e-16
6729.966739 7.370901e-16
6732.614079 7.391800e-16
6735.261418 7.449133e-16
6737.908758 7.401994e-16
6740.556098 7.293595e-16
6743.203438 7.219197e-16
6745.850778 7.203117e-16
6748.498117 7.257377e-16
6751.145457 7.331969e-16
6753.792797 7.348507e-16
6756.440137 7.325945e-16
6759.087477 7.281687e-16
6761.734817 7.250127e-16
6764.382156 7.249633e-16
6767.029496 7.173402e-16
6769.676836 7.072134e-16
6772.324176 7.080050e-16
6774.971516 7.124088e-16
6777.618855 7.125837e-16
6780.266195 7.141104e-16
6782.913535 7.174636e-16
6785.560875 7.171636e-16
6788.208215 7.154944e-16
6790.855555 7.158133e-16
6793.502894 7.078136e-16
6796.150234 7.010008e-16
6798.797574 7.059560e-16
6801.444914 7.086295e-16
6804.092254 7.088576e-16
6806.739594 7.088980e-16
6809.386933 7.062238e-16
6812.034273 7.088967e-16
6814.681613 7.112593e-16
6817.328953 7.069564e-16
6819.976293 7.068642e-16
6822.623632 7.104492e-16
6825.270972 7.098888e-16
6827.918312 7.056953e-16
6830.565652 7.023438e-16
6833.212992 7.037862e-16
6835.860332 7.054381e-16
6838.507671 7.029655e-16
6841.155011 7.024845e-16
6843.802351 7.060071e-16
6846.449691 7.071488e-16
6849.097031 7.102886e-16
6851.744370 7.177300e-16
6854.391710 7.241360e-16
6857.039050 7.310258e-16
6859.686390 7.413950e-16
6862.333730 7.474168e-16
6864.981070 7.302432e-16
6867.628409 6.869676e-16
6870.275749 6.446743e-16
6872.923089 6.289086e-16
6875.570429 6.443426e-16
6878.217769 6.794994e-16
6880.865108 7.139960e-16
6883.512448 7.281301e-16
6886.159788 7.180900e-16
6888.807128 7.004313e-16
6891.454468 6.864760e-16
6894.101808 6.792693e-16
6896.749147 6.793115e-16
6899.396487 6.871228e-16
6902.043827 6.945611e-16
6904.691167 6.984835e-16
6907.338507 6.995128e-16
6909.985847 6.941209e-16
6912.633186 6.882609e-16
6915.280526 6.918789e-16
6917.927866 6.930825e-16
6920.575206 6.867782e-16
6923.222546 6.839562e-16
6925.869885 6.859584e-16
6928.517225 6.810188e-16
6931.164565 6.782285e-16
6933.811905 6.879900e-16
6936.459245 6.903365e-16
6939.106585 6.761610e-16
6941.753924 6.690472e-16
6944.401264 6.729151e-16
6947.048604 6.783890e-16
6949.695944 6.840846e-16
6952.343284 6.863129e-16
6954.990623 6.849406e-16
6957.637963 6.876540e-16
6960.285303 6.883870e-16
6962.932643 6.833396e-16
6965.579983 6.859537e-16
6968.227323 6.931540e-16
6970.874662 6.934396e-16
6973.522002 6.897848e-16
6976.169342 6.912331e-16
6978.816682 6.939576e-16
6981.464022 6.880093e-16
6984.111362 6.812583e-16
6986.758701 6.818050e-16
6989.406041 6.843297e-16
6992.053381 6.871526e-16
6994.700721 6.842042e-16
6997.348061 6.789789e-16
6999.995400 6.803444e-16
7002.642740 6.820507e-16
7005.290080 6.803861e-16
7007.937420 6.831414e-16
7010.584760 6.893395e-16
7013.232100 6.867321e-16
7015.879439 6.786742e-16
7018.526779 6.754283e-16
7021.174119 6.786793e-16
7023.821459 6.833068e-16
7026.468799 6.861611e-16
7029.116138 6.894850e-16
7031.763478 6.933890e-16
7034.410818 6.913767e-16
7037.058158 6.867238e-16
7039.705498 6.866658e-16
7042.352838 6.826451e-16
7045.000177 6.772995e-16
7047.647517 6.758165e-16
7050.294857 6.748913e-16
7052.942197 6.736122e-16
7055.589537 6.752882e-16
7058.236876 6.784885e-16
7060.884216 6.791695e-16
7063.531556 6.809458e-16
7066.178896 6.837415e-16
7068.826236 6.878337e-16
7071.473576 6.862033e-16
7074.120915 6.794194e-16
7076.768255 6.776654e-16
7079.415595 6.838738e-16
7082.062935 6.909260e-16
7084.710275 6.903798e-16
7087.357615 6.851651e-16
7090.004954 6.805676e-16
7092.652294 6.820678e-16
7095.299634 6.831585e-16
7097.946974 6.815417e-16
7100.594314 6.851664e-16
7103.241653 6.854528e-16
7105.888993 6.816931e-16
7108.536333 6.815178e-16
7111.183673 6.833592e-16
7113.831013 6.848653e-16
7116.478353 6.848362e-16
7119.125692 6.890676e-16
7121.773032 6.943159e-16
7124.420372 6.937803e-16
7127.067712 6.920587e-16
7129.715052 6.916103e-16
7132.362391 6.906891e-16
7135.009731 6.883854e-16
7137.657071 6.873635e-16
7140.304411 6.848516e-16
7142.951751 6.787352e-16
7145.599091 6.776209e-16
7148.246430 6.807704e-16
7150.893770 6.830384e-16
7153.541110 6.880000e-16
7156.188450 6.964588e-16
7158.835790 6.948388e-16
7161.483130 6.859332e-16
7164.130469 6.790915e-16
7166.777809 6.721429e-16
7169.425149 6.611866e-16
7172.072489 6.528106e-16
7174.719829 6.497422e-16
7177.367168 6.509246e-16
7180.014508 6.585818e-16
7182.661848 6.643000e-16
7185.309188 6.621528e-16
7187.956528 6.623857e-16
7190.603868 6.659561e-16
7193.251207 6.671487e-16
7195.898547 6.677973e-16
7198.545887 6.624113e-16
7201.193227 6.469016e-16
7203.840567 6.423177e-16
7206.487906 6.591195e-16
7209.135246 6.820861e-16
7211.782586 7.011334e-16
7214.429926 7.113946e-16
7217.077266 7.114234e-16
7219.724606 7.120487e-16
7222.371945 7.120388e-16
7225.019285 7.051619e-16
7227.666625 6.968477e-16
7230.313965 6.911111e-16
7232.961305 6.763278e-16
7235.608644 6.611559e-16
7238.255984 6.563522e-16
7240.903324 6.546746e-16
7243.550664 6.576530e-16
7246.198004 6.613775e-16
7248.845344 6.591451e-16
7251.492683 6.550864e-16
7254.140023 6.597768e-16
7256.787363 6.700086e-16
7259.434703 6.762082e-16
7262.082043 6.756624e-16
7264.729383 6.742671e-16
7267.376722 6.746841e-16
7270.024062 6.688527e-16
7272.671402 6.580854e-16
7275.318742 6.528547e-16
7277.966082 6.533674e-16
7280.613421 6.615288e-16
7283.260761 6.730113e-16
7285.908101 6.709059e-16
7288.555441 6.609607e-16
7291.202781 6.496035e-16
7293.850121 6.462950e-16
7296.497460 6.560859e-16
7299.144800 6.634968e-16
7301.792140 6.642608e-16
7304.439480 6.605567e-16
7307.086820 6.578426e-16
7309.734159 6.578070e-16
7312.381499 6.543631e-16
7315.028839 6.491762e-16
7317.676179 6.490657e-16
7320.323519 6.589876e-16
7322.970859 6.683772e-16
7325.618198 6.657110e-16
7328.265538 6.603272e-16
7330.912878 6.597953e-16
7333.560218 6.620119e-16
7336.207558 6.666617e-16
7338.854897 6.709415e-16
7341.502237 6.703387e-16
7344.149577 6.624549e-16
7346.796917 6.545371e-16
7349.444257 6.538018e-16
7352.091597 6.526742e-16
7354.738936 6.497505e-16
7357.386276 6.510091e-16
7360.033616 6.532416e-16
7362.680956 6.442658e-16
7365.328296 6.366589e-16
7367.975636 6.399671e-16
7370.622975 6.419050e-16
7373.270315 6.448884e-16
7375.917655 6.500281e-16
7378.564995 6.473898e-16
7381.212335 6.444800e-16
7383.859674 6.441852e-16
7386.507014 6.367842e-16
7389.154354 6.320345e-16
7391.801694 6.386075e-16
7394.449034 6.486616e-16
7397.096374 6.561981e-16
7399.743713 6.541531e-16
7402.391053 6.409434e-16
7405.038393 6.324543e-16
7407.685733 6.301637e-16
7410.333073 6.269966e-16
7412.980412 6.252399e-16
7415.627752 6.209565e-16
7418.275092 6.155296e-16
7420.922432 6.193861e-16
7423.569772 6.213165e-16
7426.217112 6.116359e-16
7428.864451 6.079398e-16
7431.511791 6.115461e-16
7434.159131 6.070179e-16
7436.806471 6.023488e-16
7439.453811 6.030718e-16
7442.101151 6.012005e-16
7444.748490 6.005343e-16
7447.395830 5.992456e-16
7450.043170 5.973833e-16
7452.690510 5.975564e-16
7455.337850 5.978454e-16
7457.985189 5.987842e-16
7460.632529 5.969606e-16
7463.279869 5.911080e-16
7465.927209 5.874594e-16
7468.574549 5.857714e-16
7471.221889 5.834926e-16
7473.869228 5.813348e-16
7476.516568 5.783028e-16
7479.163908 5.725836e-16
7481.811248 5.746969e-16
7484.458588 5.798138e-16
7487.105927 5.750156e-16
7489.753267 5.670026e-16
7492.400607 5.628899e-16
7495.047947 5.629154e-16
7497.695287 5.604360e-16
7500.342627 5.572232e-16
7502.989966 5.546687e-16
7505.637306 5.542157e-16
7508.284646 5.565780e-16
7510.931986 5.558998e-16
7513.579326 5.547525e-16
7516.226665 5.558371e-16
7518.874005 5.481783e-16
7521.521345 5.399163e-16
7524.168685 5.358592e-16
7526.816025 5.269017e-16
7529.463365 5.183645e-16
7532.110704 5.139136e-16
7534.758044 5.145450e-16
7537.405384 5.163030e-16
7540.052724 5.109532e-16
7542.700064 5.046433e-16
7545.347404 4.951863e-16
7547.994743 4.913524e-16
7550.642083 4.945804e-16
7553.289423 4.978490e-16
7555.936763 4.993193e-16
7558.584103 4.795656e-16
7561.231442 4.987106e-16
7563.878782 4.997194e-16
7566.526122 4.926773e-16
7569.173462 4.904802e-16
7571.820802 4.773879e-16
7574.468142 4.890998e-16
7577.115481 4.817435e-16
7579.762821 4.773879e-16
7582.410161 4.817435e-16
7585.057501 4.863392e-16
7587.704841 4.697657e-16
7590.352180 4.697657e-16
7592.999520 4.697657e-16
7595.646860 4.817435e-16
7598.294200 4.817435e-16
7600.941540 4.817435e-16
7603.588880 4.795656e-16
7606.236219 4.808178e-16
7608.883559 4.839472e-16
7611.530899 4.773879e-16
7614.178239 4.762991e-16
7616.825579 4.773879e-16
7619.472919 4.839472e-16
7622.120258 4.861250e-16
7624.767598 4.759868e-16
7627.414938 4.861250e-16
7630.062278 4.883026e-16
7632.709618 4.893915e-16
7635.356957 4.893915e-16
7638.004297 4.915693e-16
7640.651637 4.832132e-16
7643.298977 4.893915e-16
7645.946317 5.012425e-16
7648.593657 5.042156e-16
7651.240996 5.069103e-16
7653.888336 5.145997e-16
7656.535676 5.198237e-16
7659.183016 5.176485e-16
7661.830356 5.164445e-16
7664.477695 5.176739e-16
7667.125035 5.140296e-16
7669.772375 5.107663e-16
7672.419715 5.111695e-16
7675.067055 5.107713e-16
7677.714395 5.078906e-16
7680.361734 5.090416e-16
7683.009074 5.168218e-16
7685.656414 5.266737e-16
7688.303754 5.357973e-16
7690.951094 5.370777e-16
7693.598433 5.312958e-16
7696.245773 5.280854e-16
7698.893113 5.251980e-16
7701.540453 5.226729e-16
7704.187793 5.304904e-16
7706.835133 5.425835e-16
7709.482472 5.452453e-16
7712.129812 5.468151e-16
7714.777152 5.487757e-16
7717.424492 5.478848e-16
7720.071832 5.472484e-16
7722.719172 5.408469e-16
7725.366511 5.355570e-16
7728.013851 5.397312e-16
7730.661191 5.466742e-16
7733.308531 5.427129e-16
7735.955871 5.368140e-16
7738.603210 5.441624e-16
7741.250550 5.457464e-16
7743.897890 5.343581e-16
7746.545230 5.306981e-16
7749.192570 5.380237e-16
7751.839910 5.430954e-16
7754.487249 5.478084e-16
7757.134589 5.453865e-16
7759.781929 5.397663e-16
7762.429269 5.431366e-16
7765.076609 5.502144e-16
7767.723948 5.540916e-16
7770.371288 5.553849e-16
7773.018628 5.549644e-16
7775.665968 5.517121e-16
7778.313308 5.495209e-16
7780.960648 5.533941e-16
7783.607987 5.584664e-16
7786.255327 5.626400e-16
7788.902667 5.663627e-16
7791.550007 5.657941e-16
7794.197347 5.605664e-16
7796.844687 5.557168e-16
7799.492026 5.612220e-16
7802.139366 5.677743e-16
7804.786706 5.699400e-16
7807.434046 5.717867e-16
7810.081386 5.737582e-16
7812.728725 5.696764e-16
7815.376065 5.631897e-16
7818.023405 5.596645e-16
7820.670745 5.605467e-16
7823.318085 5.668378e-16
7825.965425 5.737524e-16
7828.612764 5.722213e-16
7831.260104 5.622055e-16
7833.907444 5.596061e-16
7836.554784 5.608826e-16
7839.202124 5.643643e-16
7841.849463 5.664416e-16
7844.496803 5.658261e-16
7847.144143 5.630818e-16
7849.791483 5.576105e-16
7852.438823 5.556594e-16
7855.086163 5.605085e-16
7857.733502 5.626487e-16
7860.380842 5.607899e-16
7863.028182 5.591608e-16
7865.675522 5.586104e-16
7868.322862 5.544959e-16
7870.970201 5.477744e-16
7873.617541 5.451040e-16
7876.264881 5.489275e-16
7878.912221 5.521011e-16
7881.559561 5.528086e-16
7884.206901 5.475616e-16
7886.854240 5.408294e-16
7889.501580 5.406456e-16
7892.148920 5.420069e-16
7894.796260 5.410688e-16
7897.443600 5.357496e-16
7900.090940 5.311535e-16
7902.738279 5.312740e-16
7905.385619 5.310805e-16
7908.032959 5.355639e-16
7910.680299 5.412654e-16
7913.327639 5.409315e-16
7915.974978 5.387086e-16
7918.622318 5.364236e-16
7921.269658 5.334056e-16
7923.916998 5.268467e-16
7926.564338 5.224461e-16
7929.211678 5.216039e-16
7931.859017 5.202695e-16
7934.506357 5.240079e-16
7937.153697 5.284260e-16
7939.801037 5.232737e-16
7942.448377 5.119278e-16
7945.095716 5.064441e-16
7947.743056 5.133203e-16
7950.390396 5.191156e-16
7953.037736 5.193649e-16
7955.685076 5.108035e-16
7958.332416 4.955446e-16
7960.979755 4.840425e-16
7963.627095 4.866935e-16
7966.274435 4.968380e-16
7968.921775 5.030003e-16
7971.569115 5.020192e-16
7974.216455 4.945704e-16
7976.863794 4.851808e-16
7979.511134 4.817466e-16
7982.158474 4.821026e-16
7984.805814 4.820734e-16
7987.453154 4.829199e-16
7990.100493 4.830741e-16
7992.747833 4.777400e-16
7995.395173 4.719382e-16
7998.042513 4.702966e-16
8000.689853 4.688589e-16
8003.337193 4.662326e-16
8005.984532 4.630291e-16
8008.631872 4.617873e-16
8011.279212 4.619760e-16
8013.926552 4.577749e-16
8016.573892 4.514787e-16
8019.221231 4.501766e-16
8021.868571 4.483198e-16
8024.515911 4.413143e-16
8027.163251 4.310628e-16
8029.810591 4.210529e-16
8032.457931 4.176877e-16
8035.105270 4.199821e-16
8037.752610 4.243974e-16
8040.399950 4.300502e-16
8043.047290 4.305806e-16
8045.694630 4.227345e-16
8048.341969 4.160340e-16
8050.989309 4.179075e-16
8053.636649 4.210605e-16
8056.283989 4.159540e-16
8058.931329 4.031661e-16
8061.578669 3.893544e-16
8064.226008 3.809582e-16
8066.873348 3.768529e-16
8069.520688 3.732404e-16
8072.168028 3.735499e-16
8074.815368 3.748623e-16
8077.462708 3.680931e-16
8080.110047 3.587890e-16
8082.757387 3.573248e-16
8085.404727 3.500177e-16
8088.052067 3.323303e-16
8090.699407 3.250997e-16
8093.346746 3.295951e-16
8095.994086 3.291116e-16
8098.641426 3.212210e-16
8101.288766 3.122183e-16
8103.936106 3.031300e-16
8106.583446 2.938499e-16
8109.230785 2.843436e-16
8111.878125 2.782648e-16
8114.525465 2.792471e-16
8117.172805 2.813629e-16
8119.820145 2.789982e-16
8122.467484 2.724837e-16
8125.114824 2.641701e-16
8127.762164 2.617562e-16
8130.409504 2.581090e-16
8133.056844 2.468387e-16
8135.704184 2.394784e-16
8138.351523 2.377308e-16
8140.998863 2.336814e-16
8143.646203 2.286728e-16
8146.293543 2.250270e-16
8148.940883 2.217597e-16
8151.588223 2.207585e-16
8154.235562 2.189120e-16
8156.882902 2.121035e-16
8159.530242 2.048117e-16
8162.177582 2.003896e-16
8164.824922 1.962225e-16
8167.472261 1.957555e-16
8170.119601 1.999654e-16
8172.766941 2.049544e-16
8175.414281 2.066765e-16
8178.061621 2.014837e-16
8180.708961 1.968006e-16
8183.356300 1.993226e-16
8186.003640 2.024443e-16
8188.650980 1.996721e-16
8191.298320 1.957387e-16
8193.945660 1.958119e-16
8196.592999 1.932952e-16
8199.240339 1.853056e-16
8201.887679 1.843976e-16
8204.535019 1.946465e-16
8207.182359 2.034600e-16
8209.829699 2.034763e-16
8212.477038 1.983577e-16
8215.124378 1.958219e-16
8217.771718 1.976599e-16
8220.419058 1.982754e-16
8223.066398 1.888634e-16
8225.713737 1.716837e-16
8228.361077 1.605231e-16
8231.008417 1.640359e-16
8233.655757 1.742733e-16
8236.303097 1.801501e-16
8238.950437 1.848489e-16
8241.597776 1.885536e-16
8244.245116 1.897452e-16
8246.892456 1.932822e-16
8249.539796 1.981308e-16
8252.187136 2.002409e-16
8254.834476 1.949734e-16
8257.481815 1.893609e-16
8260.129155 1.884635e-16
8262.776495 1.877789e-16
8265.423835 1.864247e-16
8268.071175 1.847838e-16
8270.718514 1.854732e-16
8273.365854 1.882253e-16
8276.013194 1.919126e-16
8278.660534 1.950625e-16
8281.307874 1.953067e-16
8283.955214 1.939416e-16
8286.602553 1.923056e-16
8289.249893 1.943112e-16
8291.897233 1.915494e-16
8294.544573 1.888349e-16
8297.191913 1.950518e-16
8299.839252 2.053853e-16
8302.486592 2.155375e-16
8305.133932 2.186634e-16
8307.781272 2.179295e-16
8310.428612 2.185290e-16
8313.075952 2.197385e-16
8315.723291 2.195802e-16
8318.370631 2.223356e-16
8321.017971 2.289841e-16
8323.665311 2.356850e-16
8326.312651 2.395009e-16
8328.959991 2.407495e-16
8331.607330 2.454933e-16
8334.254670 2.459771e-16
8336.902010 2.346130e-16
8339.549350 2.302483e-16
8342.196690 2.444710e-16
8344.844029 2.635431e-16
8347.491369 2.742147e-16
8350.138709 2.770310e-16
8352.786049 2.791971e-16
8355.433389 2.768441e-16
8358.080729 2.669828e-16
8360.728068 2.635507e-16
8363.375408 2.693102e-16
8366.022748 2.757175e-16
8368.670088 2.872846e-16
8371.317428 2.996305e-16
8373.964767 3.042290e-16
8376.612107 2.997677e-16
8379.259447 2.927291e-16
8381.906787 2.929935e-16
8384.554127 3.002277e-16
8387.201467 3.079667e-16
8389.848806 3.141086e-16
8392.496146 3.196135e-16
8395.143486 3.205762e-16
8397.790826 3.180884e-16
8400.438166 3.237539e-16
8403.085505 3.338982e-16
8405.732845 3.338483e-16
8408.380185 3.291582e-16
8411.027525 3.388934e-16
8413.674865 3.564982e-16
8416.322205 3.650259e-16
8418.969544 3.670451e-16
8421.616884 3.647086e-16
8424.264224 3.543167e-16
8426.911564 3.486505e-16
8429.558904 3.599218e-16
8432.206244 3.765015e-16
8434.853583 3.856724e-16
8437.500923 3.926789e-16
8440.148263 4.036053e-16
8442.795603 4.039872e-16
8445.442943 3.913440e-16
8448.090282 3.870765e-16
8450.737622 3.935279e-16
8453.384962 4.016401e-16
8456.032302 4.143930e-16
8458.679642 4.269112e-16
8461.326982 4.275187e-16
8463.974321 4.212693e-16
8466.621661 4.153106e-16
8469.269001 4.224724e-16
8471.916341 4.419537e-16
8474.563681 4.537384e-16
8477.211020 4.557733e-16
8479.858360 4.566064e-16
8482.505700 4.548165e-16
8485.153040 4.468175e-16
8487.800380 4.448879e-16
8490.447720 4.533267e-16
8493.095059 4.669352e-16
8495.742399 4.820038e-16
8498.389739 4.891578e-16
8501.037079 4.902240e-16
8503.684419 4.883999e-16
8506.331758 4.803736e-16
8508.979098 4.752989e-16
8511.626438 4.772545e-16
8514.273778 4.853595e-16
8516.921118 5.030494e-16
8519.568458 5.201305e-16
8522.215797 5.127134e-16
8524.863137 4.930528e-16
8527.510477 4.808249e-16
8530.157817 4.800100e-16
8532.805157 4.871562e-16
8535.452497 5.025913e-16
8538.099836 5.119801e-16
8540.747176 5.071500e-16
8543.394516 5.056348e-16
8546.041856 5.053565e-16
8548.689196 4.985912e-16
8551.336535 4.898565e-16
8553.983875 4.884903e-16
8556.631215 4.971641e-16
8559.278555 5.078015e-16
8561.925895 5.107895e-16
8564.573235 5.050046e-16
8567.220574 4.971241e-16
8569.867914 4.925302e-16
8572.515254 4.938660e-16
8575.162594 5.010259e-16
8577.809934 5.162559e-16
8580.457273 5.269908e-16
8583.104613 5.243264e-16
8585.751953 5.123485e-16
8588.399293 4.920756e-16
8591.046633 4.851427e-16
8593.693973 4.920475e-16
8596.341312 4.938992e-16
8598.988652 5.046495e-16
8601.635992 5.243691e-16
8604.283332 5.304038e-16
8606.930672 5.202481e-16
8609.578012 5.079300e-16
8612.225351 5.012435e-16
8614.872691 4.954781e-16
8617.520031 4.892058e-16
8620.167371 4.927950e-16
8622.814711 5.030179e-16
8625.462050 5.115245e-16
8628.109390 5.194544e-16
8630.756730 5.239345e-16
8633.404070 5.223211e-16
8636.051410 5.106979e-16
8638.698750 4.919175e-16
8641.346089 4.795216e-16
8643.993429 4.808642e-16
8646.640769 4.814906e-16
8649.288109 4.868394e-16
8651.935449 5.031371e-16
8654.582788 5.084204e-16
8657.230128 5.055706e-16
8659.877468 5.027906e-16
8662.524808 4.954474e-16
8665.172148 4.858909e-16
8667.819488 4.836365e-16
8670.466827 4.910736e-16
8673.114167 4.996307e-16
8675.761507 5.050364e-16
8678.408847 5.044617e-16
8681.056187 4.926832e-16
8683.703526 4.748875e-16
8686.350866 4.706385e-16
8688.998206 4.809541e-16
8691.645546 4.976851e-16
8694.292886 5.048515e-16
8696.940226 4.999426e-16
8699.587565 5.051891e-16
8702.234905 5.017368e-16
8704.882245 4.785127e-16
8707.529585 4.653795e-16
8710.176925 4.632126e-16
8712.824265 4.646903e-16
8715.471604 4.759294e-16
8718.118944 4.914863e-16
8720.766284 5.010541e-16
8723.413624 4.975121e-16
8726.060964 4.926109e-16
8728.708303 4.849485e-16
8731.355643 4.729133e-16
8734.002983 4.702788e-16
8736.650323 4.672493e-16
8739.297663 4.634968e-16
8741.945003 4.645826e-16
8744.592342 4.665081e-16
8747.239682 4.718413e-16
8749.887022 4.773673e-16
8752.534362 4.770977e-16
8755.181702 4.757816e-16
8757.829041 4.704154e-16
8760.476381 4.600838e-16
8763.123721 4.483188e-16
8765.771061 4.410243e-16
8768.418401 4.456024e-16
8771.065741 4.527049e-16
8773.713080 4.557905e-16
8776.360420 4.615030e-16
8779.007760 4.574401e-16
8781.655100 4.460091e-16
8784.302440 4.371644e-16
8786.949780 4.230345e-16
8789.597119 4.117265e-16
8792.244459 4.096318e-16
8794.891799 4.133391e-16
8797.539139 4.185656e-16
8800.186479 4.249738e-16
8802.833818 4.322995e-16
8805.481158 4.292220e-16
8808.128498 4.112035e-16
8810.775838 3.912427e-16
8813.423178 3.834867e-16
8816.070518 3.859731e-16
8818.717857 3.965529e-16
8821.365197 4.098243e-16
8824.012537 4.145835e-16
8826.659877 4.126234e-16
8829.307217 4.033284e-16
8831.954556 3.862042e-16
8834.601896 3.693227e-16
8837.249236 3.622761e-16
8839.896576 3.659719e-16
8842.543916 3.729033e-16
8845.191256 3.845835e-16
8847.838595 3.953332e-16
8850.485935 3.958661e-16
8853.133275 3.937506e-16
8855.780615 3.908500e-16
8858.427955 3.785369e-16
8861.075294 3.691555e-16
8863.722634 3.691143e-16
8866.369974 3.743171e-16
8869.017314 3.850428e-16
8871.664654 3.999007e-16
8874.311994 4.080308e-16
8876.959333 4.094084e-16
8879.606673 4.173561e-16
8882.254013 4.287560e-16
8884.901353 4.277926e-16
8887.548693 4.165106e-16
8890.196033 4.075251e-16
8892.843372 4.007042e-16
8895.490712 4.038015e-16
8898.138052 4.125185e-16
8900.785392 4.104795e-16
8903.432732 4.008470e-16
8906.080071 3.949223e-16
8908.727411 3.937179e-16
8911.374751 3.905842e-16
8914.022091 3.869090e-16
8916.669431 3.909082e-16
8919.316771 3.986920e-16
8921.964110 4.005411e-16
8924.611450 4.015592e-16
8927.258790 4.002472e-16
8929.906130 3.969417e-16
8932.553470 3.946439e-16
8935.200809 3.911985e-16
8937.848149 3.872325e-16
8940.495489 3.757030e-16
8943.142829 3.670808e-16
8945.790169 3.815258e-16
8948.437509 4.015143e-16
8951.084848 3.952161e-16
8953.732188 3.733413e-16
8956.379528 3.573917e-16
8959.026868 3.541383e-16
8961.674208 3.605022e-16
8964.321548 3.679108e-16
8966.968887 3.805479e-16
8969.616227 3.912691e-16
8972.263567 3.944146e-16
8974.910907 3.898535e-16
8977.558247 3.909134e-16
8980.205586 3.950331e-16
8982.852926 3.906218e-16
8985.500266 3.802848e-16
8988.147606 3.665954e-16
8990.794946 3.556261e-16
8993.442286 3.697404e-16
8996.089625 3.999288e-16
8998.736965 4.077927e-16
9001.384305 3.898799e-16
9004.031645 3.701803e-16
9006.678985 3.688708e-16
9009.326324 3.822473e-16
9011.973664 3.961944e-16
9014.621004 4.045683e-16
9017.268344 4.128693e-16
9019.915684 4.255326e-16
9022.563024 4.339824e-16
9025.210363 4.316633e-16
9027.857703 4.314590e-16
9030.505043 4.445089e-16
9033.152383 4.550673e-16
9035.799723 4.487822e-16
9038.447062 4.430317e-16
9041.094402 4.513323e-16
9043.741742 4.585999e-16
9046.389082 4.649037e-16
9049.036422 4.732332e-16
9051.683762 4.734852e-16
9054.331101 4.704645e-16
9056.978441 4.699934e-16
9059.625781 4.668135e-16
9062.273121 4.549248e-16
9064.920461 4.482287e-16
9067.567801 4.575017e-16
9070.215140 4.668466e-16
9072.862480 4.677542e-16
9075.509820 4.650809e-16
9078.157160 4.607009e-16
9080.804500 4.478283e-16
9083.451839 4.358746e-16
9086.099179 4.328218e-16
9088.746519 4.261937e-16
9091.393859 4.168046e-16
9094.041199 4.212833e-16
9096.688539 4.326614e-16
9099.335878 4.366160e-16
9101.983218 4.385482e-16
9104.630558 4.342256e-16
9107.277898 4.214834e-16
9109.925238 4.155220e-16
9112.572577 4.120160e-16
9115.219917 4.052075e-16
9117.867257 4.025130e-16
9120.514597 4.100886e-16
9123.161937 4.214294e-16
9125.809277 4.235587e-16
9128.456616 4.141937e-16
9131.103956 3.889218e-16
9133.751296 3.589297e-16
9136.398636 3.496982e-16
9139.045976 3.609947e-16
9141.693316 3.859715e-16
9144.340655 4.069703e-16
9146.987995 4.034221e-16
9149.635335 3.846855e-16
9152.282675 3.692872e-16
9154.930015 3.603278e-16
9157.577354 3.577316e-16
9160.224694 3.660214e-16
9162.872034 3.795284e-16
9165.519374 3.900846e-16
9168.166714 3.894606e-16
9170.814054 3.773388e-16
9173.461393 3.596456e-16
9176.108733 3.597084e-16
9178.756073 3.813351e-16
9181.403413 3.987407e-16
9184.050753 3.950919e-16
9186.698092 3.922932e-16
9189.345432 3.896356e-16
9191.992772 3.757600e-16
9194.640112 3.766372e-16
9197.287452 3.876748e-16
9199.934792 4.019938e-16
9202.582131 4.265670e-16
9205.229471 4.347661e-16
9207.876811 4.218523e-16
9210.524151 4.160080e-16
9213.171491 4.105641e-16
9215.818830 3.932638e-16
9218.466170 3.893915e-16
9221.113510 4.052823e-16
9223.760850 4.184162e-16
9226.408190 4.291453e-16
9229.055530 4.467522e-16
9231.702869 4.560320e-16
9234.350209 4.492913e-16
9236.997549 4.354335e-16
9239.644889 4.234878e-16
9242.292229 4.172130e-16
9244.939569 4.213505e-16
9247.586908 4.360423e-16
9250.234248 4.569673e-16
9252.881588 4.732842e-16
9255.528928 4.841597e-16
9258.176268 4.850087e-16
9260.823607 4.692437e-16
9263.470947 4.607394e-16
9266.118287 4.736270e-16
9268.765627 4.868106e-16
9271.412967 4.902781e-16
9274.060307 4.886131e-16
9276.707646 4.809100e-16
9279.354986 4.657067e-16
9282.002326 4.650981e-16
9284.649666 4.875695e-16
9287.297006 5.104196e-16
9289.944345 5.119846e-16
9292.591685 4.925718e-16
9295.239025 4.685659e-16
9297.886365 4.609626e-16
9300.533705 4.802087e-16
9303.181045 5.063925e-16
9305.828384 5.314438e-16
9308.475724 5.570965e-16
9311.123064 5.553324e-16
9313.770404 5.137123e-16
9316.417744 4.723410e-16
9319.065084 4.513303e-16
9321.712423 4.447153e-16
9324.359763 4.539523e-16
9327.007103 4.818194e-16
9329.654443 5.042420e-16
9332.301783 4.927283e-16
9334.949122 4.621097e-16
9337.596462 4.333745e-16
9340.243802 4.069746e-16
9342.891142 3.884035e-16
9345.538482 4.113214e-16
9348.185822 4.907930e-16
9350.833161 5.455066e-16
9353.480501 5.301969e-16
9356.127841 4.980422e-16
9358.775181 5.037013e-16
9361.422521 5.265008e-16
9364.069860 5.155288e-16
9366.717200 4.562329e-16
9369.364540 3.694496e-16
9372.011880 3.302798e-16
9374.659220 3.853436e-16
9377.306560 4.550540e-16
9379.953899 4.846921e-16
9382.601239 5.005789e-16
9385.248579 5.242434e-16
9387.895919 5.733957e-16
9390.543259 6.349132e-16
9393.190598 6.671600e-16
9395.837938 6.411711e-16
9398.485278 5.836125e-16
9401.132618 5.516048e-16
9403.779958 5.498777e-16
9406.427298 5.571024e-16
9409.074637 5.676107e-16
9411.721977 5.774215e-16
9414.369317 5.957070e-16
9417.016657 6.191886e-16
9419.663997 6.313916e-16
9422.311337 6.128288e-16
9424.958676 5.522324e-16
9427.606016 4.950559e-16
9430.253356 4.891050e-16
9432.900696 5.308277e-16
9435.548036 5.577292e-16
9438.195375 5.040394e-16
9440.842715 4.190770e-16
9443.490055 3.974405e-16
9446.137395 4.413622e-16
9448.784735 5.125781e-16
9451.432075 5.436858e-16
9454.079414 5.194334e-16
9456.726754 4.876306e-16
9459.374094 4.677203e-16
9462.021434 4.575752e-16
9464.668774 4.635933e-16
9467.316113 4.634120e-16
9469.963453 4.347870e-16
9472.610793 4.070646e-16
9475.258133 4.076874e-16
9477.905473 4.230966e-16
9480.552813 4.386725e-16
9483.200152 4.690514e-16
9485.847492 5.159887e-16
9488.494832 5.367145e-16
9491.142172 5.062381e-16
9493.789512 4.391459e-16
9496.436852 3.701604e-16
9499.084191 3.328798e-16
9501.731531 3.623165e-16
9504.378871 4.429643e-16
9507.026211 5.013009e-16
9509.673551 5.026167e-16
9512.320890 4.687532e-16
9514.968230 4.197471e-16
9517.615570 3.685091e-16
9520.262910 3.472918e-16
9522.910250 3.613783e-16
9525.557590 3.707373e-16
9528.204929 3.916308e-16
9530.852269 4.278188e-16
9533.499609 4.450320e-16
9536.146949 4.389831e-16
9538.794289 4.112463e-16
9541.441628 3.721347e-16
9544.088968 3.475672e-16
9546.736308 3.469138e-16
9549.383648 3.607481e-16
9552.030988 3.769469e-16
9554.678328 3.831087e-16
9557.325667 3.724635e-16
9559.973007 3.648386e-16
9562.620347 3.632105e-16
9565.267687 3.430866e-16
9567.915027 3.247063e-16
9570.562366 3.359305e-16
9573.209706 3.631971e-16
9575.857046 3.745440e-16
9578.504386 3.701852e-16
9581.151726 3.604109e-16
9583.799066 3.466520e-16
9586.446405 3.220209e-16
9589.093745 2.933695e-16
9591.741085 2.751584e-16
9594.388425 2.675896e-16
9597.035765 2.778974e-16
9599.683105 2.981346e-16
9602.330444 3.038555e-16
9604.977784 2.958845e-16
9607.625124 2.925393e-16
9610.272464 2.941875e-16
9612.919804 2.876938e-16
9615.567143 2.684795e-16
9618.214483 2.518788e-16
9620.861823 2.462364e-16
9623.509163 2.519675e-16
9626.156503 2.637157e-16
9628.803843 2.778901e-16
9631.451182 2.829735e-16
9634.098522 2.800500e-16
9636.745862 2.763970e-16
9639.393202 2.645462e-16
9642.040542 2.470840e-16
9644.687881 2.346354e-16
9647.335221 2.306152e-16
9649.982561 2.345986e-16
9652.629901 2.412361e-16
9655.277241 2.373115e-16
9657.924581 2.246165e-16
9660.571920 2.151393e-16
9663.219260 2.084324e-16
9665.866600 2.086587e-16
9668.513940 2.134276e-16
9671.161280 2.156914e-16
9673.808619 2.172876e-16
9676.455959 2.124260e-16
9679.103299 2.020563e-16
9681.750639 1.931992e-16
9684.397979 1.883356e-16
9687.045319 1.875430e-16
9689.692658 1.837221e-16
9692.339998 1.819839e-16
9694.987338 1.916567e-16
9697.634678 2.014245e-16
9700.282018 1.944955e-16
9702.929358 1.851422e-16
9705.576697 1.837353e-16
9708.224037 1.793516e-16
9710.871377 1.671981e-16
9713.518717 1.600107e-16
9716.166057 1.670186e-16
9718.813396 1.716883e-16
9721.460736 1.686300e-16
9724.108076 1.706514e-16
9726.755416 1.778415e-16
9729.402756 1.864226e-16
9732.050096 1.929830e-16
9734.697435 1.870323e-16
9737.344775 1.675937e-16
9739.992115 1.488764e-16
9742.639455 1.374141e-16
9745.286795 1.275774e-16
9747.934134 1.237471e-16
9750.581474 1.295545e-16
9753.228814 1.417869e-16
9755.876154 1.540976e-16
9758.523494 1.670770e-16
9761.170834 1.790574e-16
9763.818173 1.824895e-16
9766.465513 1.733735e-16
9769.112853 1.557451e-16
9771.760193 1.401430e-16
9774.407533 1.355893e-16
9777.054873 1.331394e-16
9779.702212 1.231432e-16
9782.349552 1.171087e-16
9784.996892 1.218881e-16
9787.644232 1.355901e-16
9790.291572 1.511236e-16
9792.938911 1.591011e-16
9795.586251 1.582202e-16
9798.233591 1.560820e-16
9800.880931 1.503681e-16
9803.528271 1.365121e-16
9806.175611 1.241546e-16
9808.822950 1.196493e-16
9811.470290 1.159520e-16
9814.117630 1.115800e-16
9816.764970 1.111629e-16
9819.412310 1.159667e-16
9822.059649 1.262372e-16
9824.706989 1.420609e-16
9827.354329 1.575882e-16
9830.001669 1.590966e-16
9832.649009 1.484759e-16
9835.296349 1.300607e-16
9837.943688 1.179820e-16
9840.591028 1.138339e-16
9843.238368 1.078828e-16
9845.885708 1.057099e-16
9848.533048 1.098061e-16
9851.180387 1.134849e-16
9853.827727 1.231807e-16
9856.475067 1.389736e-16
9859.122407 1.474463e-16
9861.769747 1.454210e-16
9864.417087 1.370989e-16
9867.064426 1.256697e-16
9869.711766 1.133605e-16
9872.359106 1.054681e-16
9875.006446 1.034932e-16
9877.653786 1.022781e-16
9880.301126 1.029804e-16
9882.948465 1.090964e-16
9885.595805 1.167347e-16
9888.243145 1.251275e-16
9890.890485 1.333085e-16
9893.537825 1.348488e-16
9896.185164 1.276350e-16
9898.832504 1.193389e-16
9901.479844 1.109164e-16
9904.127184 1.022227e-16
9906.774524 9.734788e-17
9909.421864 9.792821e-17
9912.069203 1.046867e-16
9914.716543 1.123641e-16
9917.363883 1.187974e-16
9920.011223 1.255098e-16
9922.658563 1.289618e-16
9925.305902 1.234767e-16
9927.953242 1.154609e-16
9930.600582 1.070443e-16
9933.247922 9.819389e-17
9935.895262 9.277298e-17
9938.542602 9.242896e-17
9941.189941 9.709555e-17
9943.837281 1.055948e-16
9946.484621 1.116687e-16
9949.131961 1.150565e-16
9951.779301 1.229565e-16
9954.426641 1.284905e-16
9957.073980 1.293585e-16
9959.721320 1.271836e-16
9962.368660 1.206441e-16
9965.016000 1.103715e-16
9967.663340 1.017315e-16
9970.310679 9.324221e-17
9972.958019 8.797954e-17
9975.605359 9.206450e-17
9978.252699 1.014377e-16
9980.900039 1.094094e-16
9983.547379 1.175714e-16
9986.194718 1.239148e-16
9988.842058 1.261038e-16
9991.489398 1.263296e-16
9994.136738 1.237991e-16
9996.784078 1.183883e-16
9999.431417 1.067367e-16
10002.078757 9.097621e-17
10004.726097 8.458032e-17
10007.373437 8.885067e-17
10010.020777 9.488890e-17
10012.668117 1.058071e-16
10015.315456 1.191088e-16
10017.962796 1.243490e-16
10020.610136 1.197717e-16
10023.257476 1.090218e-16
10025.904816 9.698169e-17
10028.552155 8.928108e-17
10031.199495 8.737746e-17
10033.846835 8.712989e-17
10036.494175 8.715285e-17
10039.141515 9.263191e-17
10041.788855 1.036427e-16
10044.436194 1.109858e-16
10047.083534 1.116778e-16
10049.730874 1.106008e-16
10052.378214 1.079538e-16
10055.025554 9.988546e-17
10057.672894 8.881307e-17
10060.320233 8.142321e-17
10062.967573 8.006956e-17
10065.614913 8.212839e-17
10068.262253 8.506377e-17
10070.909593 8.952839e-17
10073.556932 9.514505e-17
10076.204272 1.007690e-16
10078.851612 1.059558e-16
10081.498952 1.050982e-16
10084.146292 9.796668e-17
10086.793632 9.155090e-17
10089.440971 8.731308e-17
10092.088311 8.255239e-17
10094.735651 7.871671e-17
10097.382991 7.876037e-17
10100.030331 8.200979e-17
10102.677670 8.383580e-17
10105.325010 8.460326e-17
10107.972350 9.204639e-17
10110.619690 1.007153e-16
10113.267030 1.053631e-16
10115.914370 1.062710e-16
10118.561709 1.047562e-16
10121.209049 9.647892e-17
10123.856389 8.863343e-17
10126.503729 8.329342e-17
10129.151069 7.800698e-17
10131.798409 7.784360e-17
10134.445748 8.449826e-17
10137.093088 9.435199e-17
10139.740428 1.022422e-16
10142.387768 1.061276e-16
10145.035108 1.064765e-16
10147.682447 1.037231e-16
10150.329787 9.787673e-17
10152.977127 9.147941e-17
10155.624467 8.771047e-17
10158.271807 8.317214e-17
10160.919147 7.913968e-17
10163.566486 7.851762e-17
10166.213826 8.142996e-17
10168.861166 8.561758e-17
10171.508506 9.215531e-17
10174.155846 9.837950e-17
10176.803185 1.005084e-16
10179.450525 1.022184e-16
10182.097865 1.012905e-16
10184.745205 9.488092e-17
10187.392545 8.723483e-17
10190.039885 7.892470e-17
10192.687224 7.431244e-17
10195.334564 7.785787e-17
10197.981904 8.241080e-17
10200.629244 8.658397e-17
10203.276584 9.126529e-17
10205.923923 9.377843e-17
10208.571263 9.619192e-17
10211.218603 1.027839e-16
10213.865943 1.050621e-16
10216.513283 1.009706e-16
10219.160623 9.427860e-17
10221.807962 8.458824e-17
10224.455302 7.831634e-17
10227.102642 7.924785e-17
10229.749982 8.048692e-17
10232.397322 7.991625e-17
10235.044662 8.233960e-17
10237.692001 8.703319e-17
10240.339341 8.766836e-17
10242.986681 8.946020e-17
10245.634021 9.392253e-17
10248.281361 9.384481e-17
10250.928700 9.164483e-17
10253.576040 8.610949e-17
10256.223380 8.008895e-17
10258.870720 7.625582e-17
10261.518060 7.407594e-17
10264.165400 7.497623e-17
10266.812739 7.820731e-17
10269.460079 8.080289e-17
10272.107419 8.421851e-17
10274.754759 9.124995e-17
10277.402099 9.537425e-17
10280.049438 9.445459e-17
10282.696778 9.284005e-17
10285.344118 9.014970e-17
10287.991458 8.772790e-17
10290.638798 8.774219e-17
10293.286138 8.758986e-17
10295.933477 8.675667e-17
10298.580817 8.721326e-17
10301.228157 8.974988e-17
10303.875497 8.686204e-17
10306.522837 8.018594e-17
10309.170177 7.572372e-17
10311.817516 7.142465e-17
10314.464856 6.370764e-17
10317.112196 5.303950e-17
10319.759536 4.192857e-17
10322.406876 3.606299e-17
10325.054215 4.877002e-17
10327.701555 7.732153e-17
10330.348895 7.732153e-17
