4.400938669204710095e+03 4.883772373199454009e+00 4.768820433464229786e-15 4.768820433464229983e-16
4.405822441577909558e+03 4.883772373199454009e+00 4.751493893755137569e-15 4.751493893755137963e-16
4.410706213951109930e+03 4.883772373199454009e+00 4.724615072069130035e-15 4.724615072069130429e-16
4.415589986324310303e+03 4.883772373199454009e+00 5.054154494330539775e-15 5.054154494330540170e-16
4.420473758697509766e+03 4.883772373199454009e+00 5.139156315465305211e-15 5.139156315465305211e-16
4.425357531070710138e+03 4.883772373199454009e+00 5.229328712852018875e-15 5.229328712852019072e-16
4.430241303443909601e+03 4.883772373199454009e+00 5.292847096215851336e-15 5.292847096215851336e-16
4.435125075817109973e+03 4.883772373199454009e+00 5.385872507218263093e-15 5.385872507218263093e-16
4.440008848190310346e+03 4.883772373199454009e+00 5.375138963156909523e-15 5.375138963156910312e-16
4.444892620563509809e+03 4.883772373199454009e+00 5.463210430746389228e-15 5.463210430746390017e-16
4.449776392936710181e+03 4.883772373199454009e+00 5.575978041983504657e-15 5.575978041983505052e-16
4.454660165309899639e+03 4.883772373199454009e+00 5.653038021491763989e-15 5.653038021491764383e-16
4.459543937683100012e+03 4.883772373199454009e+00 5.780364994475468048e-15 5.780364994475468640e-16
4.464427710056300384e+03 4.883772373199454009e+00 6.005458776447557977e-15 6.005458776447557977e-16
4.469311482429499847e+03 4.883772373199454009e+00 5.948713234861966490e-15 5.948713234861967279e-16
4.474195254802700219e+03 4.883772373199454009e+00 6.032848524640675902e-15 6.032848524640676099e-16
4.479079027175899682e+03 4.883772373199454009e+00 5.950658843001038057e-15 5.950658843001038452e-16
4.483962799549100055e+03 4.883772373199454009e+00 6.107631815633255604e-15 6.107631815633255998e-16
4.488846571922300427e+03 4.883772373199454009e+00 6.273875038810462642e-15 6.273875038810463431e-16
4.493730344295499890e+03 4.883772373199454009e+00 6.364092397729801888e-15 6.364092397729801888e-16
4.498614116668700262e+03 4.883772373199454009e+00 6.398483882776345353e-15 6.398483882776345551e-16
4.503497889041899725e+03 4.883772373199454009e+00 6.437387870733678365e-15 6.437387870733678562e-16
4.508381661415100098e+03 4.883772373199454009e+00 6.388653656779560866e-15 6.388653656779561458e-16
4.513265433788299561e+03 4.883772373199454009e+00 6.374392676113126263e-15 6.374392676113127051e-16
4.518149206161499933e+03 4.883772373199454009e+00 6.293776648115385361e-15 6.293776648115385756e-16
4.523032978534700305e+03 4.883772373199454009e+00 6.384361874119842574e-15 6.384361874119842968e-16
4.527916750907899768e+03 4.883772373199454009e+00 6.381455724147405586e-15 6.381455724147406375e-16
4.532800523281100141e+03 4.883772373199454009e+00 6.313367614103986452e-15 6.313367614103987043e-16
4.537684295654299603e+03 4.883772373199454009e+00 6.392888215670482820e-15 6.392888215670483214e-16
4.542568068027499976e+03 4.883772373199454009e+00 6.203138285754189255e-15 6.203138285754189847e-16
4.547451840400700348e+03 4.883772373199454009e+00 6.205312788968446176e-15 6.205312788968446965e-16
4.552335612773889807e+03 4.883772373199454009e+00 6.077622036311681594e-15 6.077622036311681989e-16
4.557219385147090179e+03 4.883772373199454009e+00 5.886372026170512470e-15 5.886372026170513259e-16
4.562103157520289642e+03 4.883772373199454009e+00 5.872339940579263221e-15 5.872339940579263813e-16
4.566986929893490014e+03 4.883772373199454009e+00 5.737304108456292702e-15 5.737304108456292899e-16
4.571870702266690387e+03 4.883772373199454009e+00 5.685765929831160136e-15 5.685765929831160530e-16
4.576754474639889850e+03 4.883772373199454009e+00 5.599513360606989353e-15 5.599513360606989353e-16
4.581638247013090222e+03 4.883772373199454009e+00 5.565963882444162764e-15 5.565963882444163553e-16
4.586522019386289685e+03 4.883772373199454009e+00 5.325076340284307848e-15 5.325076340284308045e-16
4.591405791759490057e+03 4.883772373199454009e+00 5.359390164501771695e-15 5.359390164501771695e-16
4.596289564132690430e+03 4.883772373199454009e+00 5.241472414072992896e-15 5.241472414072993093e-16
4.601173336505889893e+03 4.883772373199454009e+00 5.051575337322651829e-15 5.051575337322651829e-16
4.606057108879090265e+03 4.883772373199454009e+00 4.986802118457358153e-15 4.986802118457358350e-16
4.610940881252289728e+03 4.883772373199454009e+00 4.937908495433022395e-15 4.937908495433022198e-16
4.615824653625490100e+03 4.883772373199454009e+00 4.919572364945882520e-15 4.919572364945883111e-16
4.620708425998689563e+03 4.883772373199454009e+00 4.946729130651758435e-15 4.946729130651758238e-16
4.625592198371889936e+03 4.883772373199454009e+00 4.926692636748958182e-15 4.926692636748958182e-16
4.630475970745090308e+03 4.883772373199454009e+00 4.812294148101149470e-15 4.812294148101150062e-16
4.635359743118279766e+03 4.883772373199454009e+00 4.600071626696157763e-15 4.600071626696158157e-16
4.640243515491490143e+03 4.883772373199454009e+00 4.573769130110168692e-15 4.573769130110169087e-16
4.645127287864679602e+03 4.883772373199454009e+00 4.641268652817397817e-15 4.641268652817397817e-16
4.650011060237879974e+03 4.883772373199454009e+00 4.530295415473249797e-15 4.530295415473249994e-16
4.654894832611080346e+03 4.883772373199454009e+00 4.383508273686765525e-15 4.383508273686765624e-16
4.659778604984279809e+03 4.883772373199454009e+00 4.304972738425974514e-15 4.304972738425974711e-16
4.664662377357480182e+03 4.883772373199454009e+00 4.322932827003882322e-15 4.322932827003882421e-16
4.669546149730679645e+03 4.883772373199454009e+00 4.392431094206922696e-15 4.392431094206922992e-16
4.674429922103880017e+03 4.883772373199454009e+00 4.577047234579782670e-15 4.577047234579782472e-16
4.679313694477080389e+03 4.883772373199454009e+00 4.504724565645441582e-15 4.504724565645441385e-16
4.684197466850279852e+03 4.883772373199454009e+00 4.529939810624301009e-15 4.529939810624301403e-16
4.689081239223480225e+03 4.883772373199454009e+00 4.679481868137118898e-15 4.679481868137118898e-16
4.693965011596679688e+03 4.883772373199454009e+00 4.658345860391020611e-15 4.658345860391020611e-16
4.698848783969880060e+03 4.883772373199454009e+00 4.890821508537825592e-15 4.890821508537825395e-16
4.703732556343080432e+03 4.883772373199454009e+00 4.804671124615077518e-15 4.804671124615077518e-16
4.708616328716279895e+03 4.883772373199454009e+00 4.689025975289921693e-15 4.689025975289922285e-16
4.713500101089480268e+03 4.883772373199454009e+00 4.853895828016019761e-15 4.853895828016019959e-16
4.718383873462679730e+03 4.883772373199454009e+00 4.882197069097820870e-15 4.882197069097820870e-16
4.723267645835880103e+03 4.883772373199454009e+00 4.942735729072191803e-15 4.942735729072191606e-16
4.728151418209079566e+03 4.883772373199454009e+00 5.136752917175862936e-15 5.136752917175863133e-16
4.733035190582269934e+03 4.883772373199454009e+00 5.246986332937717577e-15 5.246986332937717380e-16
4.737918962955470306e+03 4.883772373199454009e+00 5.276015133365641308e-15 5.276015133365641703e-16
4.742802735328669769e+03 4.883772373199454009e+00 5.331509926861829025e-15 5.331509926861829222e-16
4.747686507701870141e+03 4.883772373199454009e+00 5.385700835911874078e-15 5.385700835911874866e-16
4.752570280075069604e+03 4.883772373199454009e+00 5.392755709122039300e-15 5.392755709122040089e-16
4.757454052448269977e+03 4.883772373199454009e+00 5.564128634430625641e-15 5.564128634430625838e-16
4.762337824821470349e+03 4.883772373199454009e+00 5.753629232211450572e-15 5.753629232211450966e-16
4.767221597194669812e+03 4.883772373199454009e+00 5.628938640004430798e-15 5.628938640004430798e-16
4.772105369567870184e+03 4.883772373199454009e+00 5.527043544838601551e-15 5.527043544838602340e-16
4.776989141941069647e+03 4.883772373199454009e+00 5.636177446757155792e-15 5.636177446757156384e-16
4.781872914314270020e+03 4.883772373199454009e+00 5.781476770554938417e-15 5.781476770554939008e-16
4.786756686687470392e+03 4.883772373199454009e+00 5.900567608244039001e-15 5.900567608244039790e-16
4.791640459060669855e+03 4.883772373199454009e+00 5.783512301759261147e-15 5.783512301759261344e-16
4.796524231433870227e+03 4.883772373199454009e+00 5.792010031425504013e-15 5.792010031425504210e-16
4.801408003807069690e+03 4.883772373199454009e+00 5.738260562877601467e-15 5.738260562877602256e-16
4.806291776180270062e+03 4.883772373199454009e+00 5.675293980141446745e-15 5.675293980141447140e-16
4.811175548553470435e+03 4.883772373199454009e+00 5.773171149255368635e-15 5.773171149255368635e-16
4.816059320926659893e+03 4.883772373199454009e+00 5.865795993876206023e-15 5.865795993876206220e-16
4.820943093299860266e+03 4.883772373199454009e+00 5.936410124570772633e-15 5.936410124570773224e-16
4.825826865673059729e+03 4.883772373199454009e+00 5.913455218459365423e-15 5.913455218459365423e-16
4.830710638046260101e+03 4.883772373199454009e+00 5.929988800229423001e-15 5.929988800229423199e-16
4.835594410419459564e+03 4.883772373199454009e+00 6.013596813852795398e-15 6.013596813852796187e-16
4.840478182792659936e+03 4.883772373199454009e+00 6.025818175902850615e-15 6.025818175902851207e-16
4.845361955165860309e+03 4.883772373199454009e+00 5.948913518052753675e-15 5.948913518052753873e-16
4.850245727539059772e+03 4.883772373199454009e+00 5.984580275661042424e-15 5.984580275661043016e-16
4.855129499912260144e+03 4.883772373199454009e+00 5.935412796028895730e-15 5.935412796028896322e-16
4.860013272285459607e+03 4.883772373199454009e+00 5.966432166128518188e-15 5.966432166128518385e-16
4.864897044658659979e+03 4.883772373199454009e+00 6.050759564273900684e-15 6.050759564273900684e-16
4.869780817031860352e+03 4.883772373199454009e+00 6.066344866446762808e-15 6.066344866446763203e-16
4.874664589405059814e+03 4.883772373199454009e+00 5.999973469467231464e-15 5.999973469467232056e-16
4.879548361778260187e+03 4.883772373199454009e+00 6.064305247830383422e-15 6.064305247830383816e-16
4.884432134151459650e+03 4.883772373199454009e+00 6.126405299210479753e-15 6.126405299210479753e-16
4.889315906524660022e+03 4.883772373199454009e+00 6.035885471798932980e-15 6.035885471798933374e-16
4.894199678897860394e+03 4.883772373199454009e+00 6.128710599610557553e-15 6.128710599610557553e-16
4.899083451271059857e+03 4.883772373199454009e+00 6.283447757847662817e-15 6.283447757847663212e-16
4.903967223644260230e+03 4.883772373199454009e+00 6.196467629277370201e-15 6.196467629277370595e-16
4.908850996017459693e+03 4.883772373199454009e+00 6.140175790430091978e-15 6.140175790430092767e-16
4.913734768390660065e+03 4.883772373199454009e+00 6.221695136492400384e-15 6.221695136492400779e-16
4.918618540763850433e+03 4.883772373199454009e+00 6.119648807080466191e-15 6.119648807080466388e-16
4.923502313137049896e+03 4.883772373199454009e+00 6.042392631793477908e-15 6.042392631793478500e-16
4.928386085510250268e+03 4.883772373199454009e+00 5.951541724005323860e-15 5.951541724005323860e-16
4.933269857883449731e+03 4.883772373199454009e+00 6.035260097754231489e-15 6.035260097754232278e-16
4.938153630256650104e+03 4.883772373199454009e+00 5.959315981737499182e-15 5.959315981737499379e-16
4.943037402629849566e+03 4.883772373199454009e+00 5.698845648413158853e-15 5.698845648413159642e-16
4.947921175003049939e+03 4.883772373199454009e+00 5.699397449040836593e-15 5.699397449040836790e-16
4.952804947376250311e+03 4.883772373199454009e+00 5.729791445095757560e-15 5.729791445095757757e-16
4.957688719749449774e+03 4.883772373199454009e+00 5.618053861696973069e-15 5.618053861696973069e-16
4.962572492122650146e+03 4.883772373199454009e+00 5.498509321269558432e-15 5.498509321269558432e-16
4.967456264495849609e+03 4.883772373199454009e+00 5.253039790193948453e-15 5.253039790193948650e-16
4.972340036869049982e+03 4.883772373199454009e+00 5.287390401119923781e-15 5.287390401119923781e-16
4.977223809242250354e+03 4.883772373199454009e+00 5.323437288049502042e-15 5.323437288049501845e-16
4.982107581615449817e+03 4.883772373199454009e+00 5.263564876240400737e-15 5.263564876240400737e-16
4.986991353988650189e+03 4.883772373199454009e+00 5.329911748747591356e-15 5.329911748747591554e-16
4.991875126361849652e+03 4.883772373199454009e+00 5.204293314003660986e-15 5.204293314003661381e-16
4.996758898735050025e+03 4.883772373199454009e+00 5.194732857202630779e-15 5.194732857202630779e-16
5.001642671108250397e+03 4.883772373199454009e+00 5.171070828805383439e-15 5.171070828805383833e-16
5.006526443481449860e+03 4.883772373199454009e+00 5.198771220314822993e-15 5.198771220314822993e-16
5.011410215854640228e+03 4.883772373199454009e+00 5.303817710176502783e-15 5.303817710176503177e-16
5.016293988227839691e+03 4.883772373199454009e+00 5.304422647160920205e-15 5.304422647160920007e-16
5.021177760601040063e+03 4.883772373199454009e+00 5.270963092063344780e-15 5.270963092063345371e-16
5.026061532974240436e+03 4.883772373199454009e+00 5.235177799505405909e-15 5.235177799505405712e-16
5.030945305347439898e+03 4.883772373199454009e+00 5.192345808561415917e-15 5.192345808561415917e-16
5.035829077720640271e+03 4.883772373199454009e+00 5.242919357941126406e-15 5.242919357941126800e-16
5.040712850093839734e+03 4.883772373199454009e+00 5.314453156348491088e-15 5.314453156348491680e-16
5.045596622467040106e+03 4.883772373199454009e+00 5.208482911361957358e-15 5.208482911361957556e-16
5.050480394840239569e+03 4.883772373199454009e+00 5.357796073799590683e-15 5.357796073799591077e-16
5.055364167213439941e+03 4.883772373199454009e+00 5.419806202114436639e-15 5.419806202114436836e-16
5.060247939586640314e+03 4.883772373199454009e+00 5.439017038781747428e-15 5.439017038781748217e-16
5.065131711959839777e+03 4.883772373199454009e+00 5.361813999851498039e-15 5.361813999851498039e-16
5.070015484333040149e+03 4.883772373199454009e+00 5.319321264108228633e-15 5.319321264108228633e-16
5.074899256706239612e+03 4.883772373199454009e+00 5.394435635477414820e-15 5.394435635477414820e-16
5.079783029079439984e+03 4.883772373199454009e+00 5.453748071834723497e-15 5.453748071834723694e-16
5.084666801452640357e+03 4.883772373199454009e+00 5.428696323338138985e-15 5.428696323338139774e-16
5.089550573825839820e+03 4.883772373199454009e+00 5.420059621661962718e-15 5.420059621661963112e-16
5.094434346199040192e+03 4.883772373199454009e+00 5.543883682512924890e-15 5.543883682512925088e-16
5.099318118572229650e+03 4.883772373199454009e+00 5.589454239535021089e-15 5.589454239535021286e-16
5.104201890945440027e+03 4.883772373199454009e+00 5.519870136678786207e-15 5.519870136678786601e-16
5.109085663318630395e+03 4.883772373199454009e+00 5.509030319903954849e-15 5.509030319903955441e-16
5.113969435691829858e+03 4.883772373199454009e+00 5.464898531925878849e-15 5.464898531925878849e-16
5.118853208065030231e+03 4.883772373199454009e+00 5.512324774021795451e-15 5.512324774021796042e-16
5.123736980438229693e+03 4.883772373199454009e+00 5.579366506578653867e-15 5.579366506578653867e-16
5.128620752811430066e+03 4.883772373199454009e+00 5.579525915648872915e-15 5.579525915648872915e-16
5.133504525184630438e+03 4.883772373199454009e+00 5.606780779244113306e-15 5.606780779244113306e-16
5.138388297557829901e+03 4.883772373199454009e+00 5.685279527796392047e-15 5.685279527796392244e-16
5.143272069931030273e+03 4.883772373199454009e+00 5.700635934894069606e-15 5.700635934894069803e-16
5.148155842304229736e+03 4.883772373199454009e+00 5.772909554883728456e-15 5.772909554883729245e-16
5.153039614677430109e+03 4.883772373199454009e+00 5.802383883225852139e-15 5.802383883225852336e-16
5.157923387050629572e+03 4.883772373199454009e+00 5.737815034963402304e-15 5.737815034963402501e-16
5.162807159423829944e+03 4.883772373199454009e+00 5.838046553422084231e-15 5.838046553422084429e-16
5.167690931797030316e+03 4.883772373199454009e+00 5.913835347780654147e-15 5.913835347780654344e-16
5.172574704170229779e+03 4.883772373199454009e+00 5.881197362506509953e-15 5.881197362506510347e-16
5.177458476543430152e+03 4.883772373199454009e+00 5.983627908651790315e-15 5.983627908651790709e-16
5.182342248916629615e+03 4.883772373199454009e+00 6.019421376033841708e-15 6.019421376033842497e-16
5.187226021289819982e+03 4.883772373199454009e+00 6.089532755045413605e-15 6.089532755045414000e-16
5.192109793663020355e+03 4.883772373199454009e+00 6.069361376544736606e-15 6.069361376544737198e-16
5.196993566036219818e+03 4.883772373199454009e+00 6.010629352699504627e-15 6.010629352699504824e-16
5.201877338409420190e+03 4.883772373199454009e+00 6.004138542353187900e-15 6.004138542353187900e-16
5.206761110782619653e+03 4.883772373199454009e+00 6.029460060045526693e-15 6.029460060045527284e-16
5.211644883155820025e+03 4.883772373199454009e+00 6.045012662921934781e-15 6.045012662921935372e-16
5.216528655529020398e+03 4.883772373199454009e+00 6.077029361563434140e-15 6.077029361563434337e-16
5.221412427902219861e+03 4.883772373199454009e+00 6.091674558963215701e-15 6.091674558963215701e-16
5.226296200275420233e+03 4.883772373199454009e+00 6.051503473268252296e-15 6.051503473268252296e-16
5.231179972648619696e+03 4.883772373199454009e+00 6.091494712832713373e-15 6.091494712832713373e-16
5.236063745021820068e+03 4.883772373199454009e+00 6.121185674013851654e-15 6.121185674013852245e-16
5.240947517395020441e+03 4.883772373199454009e+00 6.164757486540135814e-15 6.164757486540136603e-16
5.245831289768219904e+03 4.883772373199454009e+00 6.123973289036640097e-15 6.123973289036640295e-16
5.250715062141420276e+03 4.883772373199454009e+00 6.053011728317238012e-15 6.053011728317238801e-16
5.255598834514619739e+03 4.883772373199454009e+00 6.057585542408881341e-15 6.057585542408881933e-16
5.260482606887820111e+03 4.883772373199454009e+00 6.053649364598110259e-15 6.053649364598111048e-16
5.265366379261019574e+03 4.883772373199454009e+00 6.039294373454366258e-15 6.039294373454366455e-16
5.270250151634219947e+03 4.883772373199454009e+00 6.061865062832428877e-15 6.061865062832429271e-16
5.275133924007420319e+03 4.883772373199454009e+00 6.112724731056121058e-15 6.112724731056121847e-16
5.280017696380619782e+03 4.883772373199454009e+00 6.025364473164538140e-15 6.025364473164538338e-16
5.284901468753810150e+03 4.883772373199454009e+00 6.001829154541052656e-15 6.001829154541053051e-16
5.289785241127009613e+03 4.883772373199454009e+00 5.921916161417096019e-15 5.921916161417096808e-16
5.294669013500209985e+03 4.883772373199454009e+00 5.824280149614530240e-15 5.824280149614530437e-16
5.299552785873410357e+03 4.883772373199454009e+00 5.843282528266939743e-15 5.843282528266940138e-16
5.304436558246609820e+03 4.883772373199454009e+00 5.838569742165364590e-15 5.838569742165365182e-16
5.309320330619810193e+03 4.883772373199454009e+00 5.838565654753307146e-15 5.838565654753307146e-16
5.314204102993009656e+03 4.883772373199454009e+00 5.828179540716788263e-15 5.828179540716788855e-16
5.319087875366210028e+03 4.883772373199454009e+00 5.716744425810212878e-15 5.716744425810213075e-16
5.323971647739410400e+03 4.883772373199454009e+00 5.665692649219847612e-15 5.665692649219848007e-16
5.328855420112609863e+03 4.883772373199454009e+00 5.674235340418716060e-15 5.674235340418716454e-16
5.333739192485810236e+03 4.883772373199454009e+00 5.702994371650886299e-15 5.702994371650886299e-16
5.338622964859009699e+03 4.883772373199454009e+00 5.612217037279756791e-15 5.612217037279757580e-16
5.343506737232210071e+03 4.883772373199454009e+00 5.603437276181589678e-15 5.603437276181590072e-16
5.348390509605410443e+03 4.883772373199454009e+00 5.657468776161415683e-15 5.657468776161415683e-16
5.353274281978609906e+03 4.883772373199454009e+00 5.680529954986303835e-15 5.680529954986303835e-16
5.358158054351810279e+03 4.883772373199454009e+00 5.609106516704474385e-15 5.609106516704474385e-16
5.363041826725009741e+03 4.883772373199454009e+00 5.480790390003006735e-15 5.480790390003007327e-16
5.367925599098210114e+03 4.883772373199454009e+00 5.562170764055382529e-15 5.562170764055382529e-16
5.372809371471399572e+03 4.883772373199454009e+00 5.550893594190465320e-15 5.550893594190465714e-16
5.377693143844599945e+03 4.883772373199454009e+00 5.436176287402220091e-15 5.436176287402220485e-16
5.382576916217800317e+03 4.883772373199454009e+00 5.458240137685229763e-15 5.458240137685229763e-16
5.387460688590999780e+03 4.883772373199454009e+00 5.505989285333639538e-15 5.505989285333640130e-16
5.392344460964200152e+03 4.883772373199454009e+00 5.329801388622055335e-15 5.329801388622056124e-16
5.397228233337399615e+03 4.883772373199454009e+00 5.308101318012107763e-15 5.308101318012107566e-16
5.402112005710599988e+03 4.883772373199454009e+00 5.380546609308154840e-15 5.380546609308155234e-16
5.406995778083800360e+03 4.883772373199454009e+00 5.319264040339432294e-15 5.319264040339432886e-16
5.411879550456999823e+03 4.883772373199454009e+00 5.270791420756955764e-15 5.270791420756956159e-16
5.416763322830200195e+03 4.883772373199454009e+00 5.255463625543674797e-15 5.255463625543674994e-16
5.421647095203399658e+03 4.883772373199454009e+00 5.180749820556062190e-15 5.180749820556061993e-16
5.426530867576600031e+03 4.883772373199454009e+00 5.137022686371616427e-15 5.137022686371616624e-16
5.431414639949800403e+03 4.883772373199454009e+00 5.124171862864803064e-15 5.124171862864803458e-16
5.436298412322999866e+03 4.883772373199454009e+00 5.114697241716967364e-15 5.114697241716967956e-16
5.441182184696200238e+03 4.883772373199454009e+00 4.951732123009372726e-15 4.951732123009372923e-16
5.446065957069399701e+03 4.883772373199454009e+00 4.863685179892234534e-15 4.863685179892234534e-16
5.450949729442600074e+03 4.883772373199454009e+00 4.957806017325889247e-15 4.957806017325889445e-16
5.455833501815790441e+03 4.883772373199454009e+00 5.003883413443037603e-15 5.003883413443038195e-16
5.460717274188989904e+03 4.883772373199454009e+00 4.923868235017658257e-15 4.923868235017658651e-16
5.465601046562190277e+03 4.883772373199454009e+00 4.895158252730170255e-15 4.895158252730170452e-16
5.470484818935389740e+03 4.883772373199454009e+00 4.830556705171264806e-15 4.830556705171265201e-16
5.475368591308590112e+03 4.883772373199454009e+00 4.805509044086736950e-15 4.805509044086737345e-16
5.480252363681789575e+03 4.883772373199454009e+00 4.762489032188131318e-15 4.762489032188131121e-16
5.485136136054989947e+03 4.883772373199454009e+00 4.654822511197994656e-15 4.654822511197995050e-16
5.490019908428190320e+03 4.883772373199454009e+00 4.679248885649876888e-15 4.679248885649876888e-16
5.494903680801389783e+03 4.883772373199454009e+00 4.708522930801214175e-15 4.708522930801214372e-16
5.499787453174590155e+03 4.883772373199454009e+00 4.627077158155928731e-15 4.627077158155929323e-16
5.504671225547789618e+03 4.883772373199454009e+00 4.574966741842832780e-15 4.574966741842832582e-16
5.509554997920989990e+03 4.883772373199454009e+00 4.611352883973131627e-15 4.611352883973132022e-16
5.514438770294190363e+03 4.883772373199454009e+00 4.574619311817998881e-15 4.574619311817999078e-16
5.519322542667389826e+03 4.883772373199454009e+00 4.542831508251684876e-15 4.542831508251685073e-16
5.524206315040590198e+03 4.883772373199454009e+00 4.592395466853346917e-15 4.592395466853346917e-16
5.529090087413789661e+03 4.883772373199454009e+00 4.601633018101883950e-15 4.601633018101884344e-16
5.533973859786990033e+03 4.883772373199454009e+00 4.619335599720207446e-15 4.619335599720207249e-16
5.538857632160190406e+03 4.883772373199454009e+00 4.481806446242545065e-15 4.481806446242545065e-16
5.543741404533389868e+03 4.883772373199454009e+00 4.443568706450482470e-15 4.443568706450482667e-16
5.548625176906590241e+03 4.883772373199454009e+00 4.557300946933020765e-15 4.557300946933021159e-16
5.553508949279779699e+03 4.883772373199454009e+00 4.582283209424638970e-15 4.582283209424639168e-16
5.558392721652980072e+03 4.883772373199454009e+00 4.490332787793186100e-15 4.490332787793186297e-16
5.563276494026180444e+03 4.883772373199454009e+00 4.533794240193934239e-15 4.533794240193934239e-16
5.568160266399379907e+03 4.883772373199454009e+00 4.570266217977427594e-15 4.570266217977427792e-16
5.573044038772580279e+03 4.883772373199454009e+00 4.525619416080184547e-15 4.525619416080184547e-16
5.577927811145779742e+03 4.883772373199454009e+00 4.425812988475418503e-15 4.425812988475418602e-16
5.582811583518980115e+03 4.883772373199454009e+00 4.359511077500853465e-15 4.359511077500853860e-16
5.587695355892179577e+03 4.883772373199454009e+00 4.385899409740036255e-15 4.385899409740036551e-16
5.592579128265379950e+03 4.883772373199454009e+00 4.403740963368295519e-15 4.403740963368295716e-16
5.597462900638580322e+03 4.883772373199454009e+00 4.384820332957021501e-15 4.384820332957021599e-16
5.602346673011779785e+03 4.883772373199454009e+00 4.338436380935607384e-15 4.338436380935607384e-16
5.607230445384980158e+03 4.883772373199454009e+00 4.300807665540018867e-15 4.300807665540018867e-16
5.612114217758179620e+03 4.883772373199454009e+00 4.333666371065235103e-15 4.333666371065235202e-16
5.616997990131379993e+03 4.883772373199454009e+00 4.332476934156684328e-15 4.332476934156684328e-16
5.621881762504580365e+03 4.883772373199454009e+00 4.230618625699366563e-15 4.230618625699366859e-16
5.626765534877779828e+03 4.883772373199454009e+00 4.281993307842225003e-15 4.281993307842225101e-16
5.631649307250980200e+03 4.883772373199454009e+00 4.246886525685728094e-15 4.246886525685728193e-16
5.636533079624179663e+03 4.883772373199454009e+00 4.341125898069031352e-15 4.341125898069031648e-16
5.641416851997380036e+03 4.883772373199454009e+00 4.347637145475632936e-15 4.347637145475633330e-16
5.646300624370570404e+03 4.883772373199454009e+00 4.301580186418768649e-15 4.301580186418768846e-16
5.651184396743769867e+03 4.883772373199454009e+00 4.395026600863038056e-15 4.395026600863038056e-16
5.656068169116970239e+03 4.883772373199454009e+00 4.367935233750072580e-15 4.367935233750072777e-16
5.660951941490169702e+03 4.883772373199454009e+00 4.429340425080501903e-15 4.429340425080502199e-16
5.665835713863370074e+03 4.883772373199454009e+00 4.438255070776544973e-15 4.438255070776544973e-16
5.670719486236570447e+03 4.883772373199454009e+00 4.372586708670796316e-15 4.372586708670796415e-16
5.675603258609769910e+03 4.883772373199454009e+00 4.381256109643427408e-15 4.381256109643427507e-16
5.680487030982970282e+03 4.883772373199454009e+00 4.530041995925723718e-15 4.530041995925723718e-16
5.685370803356169745e+03 4.883772373199454009e+00 4.547973472619232568e-15 4.547973472619232568e-16
5.690254575729370117e+03 4.883772373199454009e+00 4.490005794828635481e-15 4.490005794828636073e-16
5.695138348102569580e+03 4.883772373199454009e+00 4.567110735869519606e-15 4.567110735869520000e-16
5.700022120475769952e+03 4.883772373199454009e+00 4.537628232703282611e-15 4.537628232703282809e-16
5.704905892848970325e+03 4.883772373199454009e+00 4.495204982964980301e-15 4.495204982964980301e-16
5.709789665222169788e+03 4.883772373199454009e+00 4.536994683834467020e-15 4.536994683834467612e-16
5.714673437595370160e+03 4.883772373199454009e+00 4.537391162803983945e-15 4.537391162803983748e-16
5.719557209968569623e+03 4.883772373199454009e+00 4.528930219846253350e-15 4.528930219846253350e-16
5.724440982341769995e+03 4.883772373199454009e+00 4.584020359548810829e-15 4.584020359548810632e-16
5.729324754714960363e+03 4.883772373199454009e+00 4.557223286103940358e-15 4.557223286103940161e-16
5.734208527088169831e+03 4.883772373199454009e+00 4.468546881530043231e-15 4.468546881530043625e-16
5.739092299461360199e+03 4.883772373199454009e+00 4.503138649767373881e-15 4.503138649767373881e-16
5.743976071834559662e+03 4.883772373199454009e+00 4.588001498892206704e-15 4.588001498892207099e-16
5.748859844207760034e+03 4.883772373199454009e+00 4.675529340678121193e-15 4.675529340678121784e-16
5.753743616580960406e+03 4.883772373199454009e+00 4.748505995541562729e-15 4.748505995541563321e-16
5.758627388954159869e+03 4.883772373199454009e+00 4.763903276759810003e-15 4.763903276759810398e-16
5.763511161327360242e+03 4.883772373199454009e+00 4.760772319124243528e-15 4.760772319124243923e-16
5.768394933700559704e+03 4.883772373199454009e+00 4.746727971296821945e-15 4.746727971296822339e-16
5.773278706073760077e+03 4.883772373199454009e+00 4.808419281471232172e-15 4.808419281471231975e-16
5.778162478446960449e+03 4.883772373199454009e+00 4.801597390748308170e-15 4.801597390748308762e-16
5.783046250820159912e+03 4.883772373199454009e+00 4.767324440651414038e-15 4.767324440651414630e-16
5.787930023193360284e+03 4.883772373199454009e+00 4.788223378498214448e-15 4.788223378498214843e-16
5.792813795566559747e+03 4.883772373199454009e+00 4.895211389086909149e-15 4.895211389086909149e-16
5.797697567939760120e+03 4.883772373199454009e+00 4.906459947067428188e-15 4.906459947067428582e-16
5.802581340312959583e+03 4.883772373199454009e+00 4.902450195839634144e-15 4.902450195839634735e-16
5.807465112686159955e+03 4.883772373199454009e+00 4.942188015856569931e-15 4.942188015856570523e-16
5.812348885059360327e+03 4.883772373199454009e+00 4.957589384486873861e-15 4.957589384486873664e-16
5.817232657432559790e+03 4.883772373199454009e+00 4.933473653351313257e-15 4.933473653351313848e-16
5.822116429805760163e+03 4.883772373199454009e+00 4.864265592404310443e-15 4.864265592404311034e-16
5.827000202178949621e+03 4.883772373199454009e+00 4.893915679464879797e-15 4.893915679464880389e-16
5.831883974552159998e+03 4.883772373199454009e+00 4.900639472298438534e-15 4.900639472298438336e-16
5.836767746925350366e+03 4.883772373199454009e+00 4.823661241031317843e-15 4.823661241031318040e-16
5.841651519298549829e+03 4.883772373199454009e+00 4.864302379112822713e-15 4.864302379112822515e-16
5.846535291671750201e+03 4.883772373199454009e+00 4.915775159145045628e-15 4.915775159145046023e-16
5.851419064044949664e+03 4.883772373199454009e+00 4.901824821794932653e-15 4.901824821794932653e-16
5.856302836418150036e+03 4.883772373199454009e+00 4.885957488190144703e-15 4.885957488190144506e-16
5.861186608791350409e+03 4.883772373199454009e+00 4.879793670808378595e-15 4.879793670808378792e-16
5.866070381164549872e+03 4.883772373199454009e+00 4.952079553034207413e-15 4.952079553034207413e-16
5.870954153537750244e+03 4.883772373199454009e+00 4.948184249344005257e-15 4.948184249344005060e-16
5.875837925910949707e+03 4.883772373199454009e+00 4.843648685989435069e-15 4.843648685989435464e-16
5.880721698284150079e+03 4.883772373199454009e+00 4.729597627366460257e-15 4.729597627366460848e-16
5.885605470657350452e+03 4.883772373199454009e+00 4.644023568543731435e-15 4.644023568543731435e-16
5.890489243030549915e+03 4.883772373199454009e+00 4.605777653927554740e-15 4.605777653927554937e-16
5.895373015403750287e+03 4.883772373199454009e+00 4.517044025584861274e-15 4.517044025584861669e-16
5.900256787776949750e+03 4.883772373199454009e+00 4.479333561948135695e-15 4.479333561948136089e-16
5.905140560150150122e+03 4.883772373199454009e+00 4.533062593435753383e-15 4.533062593435753777e-16
5.910024332523349585e+03 4.883772373199454009e+00 4.507471306547661100e-15 4.507471306547660902e-16
5.914908104896549958e+03 4.883772373199454009e+00 4.474919156926710624e-15 4.474919156926711019e-16
5.919791877269740326e+03 4.883772373199454009e+00 4.552641297188182928e-15 4.552641297188182928e-16
5.924675649642939788e+03 4.883772373199454009e+00 4.678173896278919579e-15 4.678173896278919973e-16
5.929559422016140161e+03 4.883772373199454009e+00 4.656273542478184822e-15 4.656273542478184822e-16
5.934443194389339624e+03 4.883772373199454009e+00 4.717813618406490102e-15 4.717813618406490496e-16
5.939326966762539996e+03 4.883772373199454009e+00 4.660859618805998119e-15 4.660859618805998119e-16
5.944210739135740369e+03 4.883772373199454009e+00 4.556176908617379640e-15 4.556176908617379640e-16
5.949094511508939831e+03 4.883772373199454009e+00 4.495748608768544728e-15 4.495748608768545320e-16
5.953978283882140204e+03 4.883772373199454009e+00 4.567028987628382543e-15 4.567028987628382937e-16
5.958862056255339667e+03 4.883772373199454009e+00 4.648115068012662543e-15 4.648115068012662346e-16
5.963745828628540039e+03 4.883772373199454009e+00 4.570249868329199393e-15 4.570249868329199590e-16
5.968629601001740411e+03 4.883772373199454009e+00 4.478655051546694521e-15 4.478655051546694324e-16
5.973513373374939874e+03 4.883772373199454009e+00 4.441557699718499675e-15 4.441557699718499675e-16
5.978397145748140247e+03 4.883772373199454009e+00 4.481487628102108547e-15 4.481487628102108941e-16
5.983280918121339710e+03 4.883772373199454009e+00 4.604657703023971060e-15 4.604657703023971454e-16
5.988164690494540082e+03 4.883772373199454009e+00 4.680442409970485108e-15 4.680442409970485306e-16
5.993048462867740454e+03 4.883772373199454009e+00 4.609239691939727701e-15 4.609239691939727701e-16
5.997932235240939917e+03 4.883772373199454009e+00 4.517232046539478492e-15 4.517232046539479083e-16
6.002816007614140290e+03 4.883772373199454009e+00 4.406410043441434630e-15 4.406410043441434728e-16
6.007699779987329748e+03 4.883772373199454009e+00 4.465060319045529546e-15 4.465060319045529546e-16
6.012583552360530120e+03 4.883772373199454009e+00 4.482619841241862984e-15 4.482619841241863575e-16
6.017467324733729583e+03 4.883772373199454009e+00 4.444901202781023303e-15 4.444901202781023895e-16
6.022351097106929956e+03 4.883772373199454009e+00 4.435688176004827783e-15 4.435688176004827783e-16
6.027234869480130328e+03 4.883772373199454009e+00 4.466965053064032975e-15 4.466965053064033172e-16
6.032118641853329791e+03 4.883772373199454009e+00 4.500559492759485935e-15 4.500559492759486526e-16
6.037002414226530163e+03 4.883772373199454009e+00 4.501217566100643039e-15 4.501217566100643039e-16
6.041886186599729626e+03 4.883772373199454009e+00 4.406732948993927015e-15 4.406732948993927409e-16
6.046769958972929999e+03 4.883772373199454009e+00 4.373179383419042981e-15 4.373179383419043080e-16
6.051653731346130371e+03 4.883772373199454009e+00 4.410374833136603092e-15 4.410374833136603486e-16
6.056537503719329834e+03 4.883772373199454009e+00 4.375219002035423157e-15 4.375219002035423452e-16
6.061421276092530206e+03 4.883772373199454009e+00 4.399310208698643036e-15 4.399310208698643431e-16
6.066305048465729669e+03 4.883772373199454009e+00 4.465751091683141475e-15 4.465751091683141475e-16
6.071188820838930042e+03 4.883772373199454009e+00 4.499104374067239113e-15 4.499104374067239704e-16
6.076072593212130414e+03 4.883772373199454009e+00 4.453803586240896406e-15 4.453803586240896997e-16
6.080956365585329877e+03 4.883772373199454009e+00 4.380855543261853038e-15 4.380855543261853334e-16
6.085840137958530249e+03 4.883772373199454009e+00 4.335963496641198802e-15 4.335963496641198901e-16
6.090723910331729712e+03 4.883772373199454009e+00 4.296936886322159013e-15 4.296936886322159309e-16
6.095607682704920080e+03 4.883772373199454009e+00 4.311806891385069272e-15 4.311806891385069568e-16
6.100491455078120453e+03 4.883772373199454009e+00 4.229314741253223899e-15 4.229314741253223998e-16
6.105375227451319915e+03 4.883772373199454009e+00 4.123908559130538666e-15 4.123908559130538666e-16
6.110258999824520288e+03 4.883772373199454009e+00 4.116461294362913174e-15 4.116461294362913371e-16
6.115142772197719751e+03 4.883772373199454009e+00 4.112067326401772961e-15 4.112067326401773060e-16
6.120026544570920123e+03 4.883772373199454009e+00 4.033393227872254451e-15 4.033393227872254746e-16
6.124910316944119586e+03 4.883772373199454009e+00 3.995204537024874094e-15 3.995204537024874488e-16
6.129794089317319958e+03 4.883772373199454009e+00 3.929605660924091743e-15 3.929605660924091841e-16
6.134677861690520331e+03 4.883772373199454009e+00 3.932358124203190736e-15 3.932358124203191032e-16
6.139561634063719794e+03 4.883772373199454009e+00 3.908572655961826391e-15 3.908572655961826687e-16
6.144445406436920166e+03 4.883772373199454009e+00 3.878801990245578981e-15 3.878801990245579277e-16
6.149329178810119629e+03 4.883772373199454009e+00 3.824445949748436982e-15 3.824445949748437377e-16
6.154212951183320001e+03 4.883772373199454009e+00 3.780577799848028306e-15 3.780577799848028701e-16
6.159096723556520374e+03 4.883772373199454009e+00 3.768541188822943877e-15 3.768541188822943877e-16
6.163980495929719837e+03 4.883772373199454009e+00 3.765480534674756302e-15 3.765480534674756598e-16
6.168864268302920209e+03 4.883772373199454009e+00 3.714252999365945365e-15 3.714252999365945759e-16
6.173748040676119672e+03 4.883772373199454009e+00 3.599180087728752136e-15 3.599180087728752432e-16
6.178631813049320044e+03 4.883772373199454009e+00 3.540143142944076427e-15 3.540143142944076723e-16
6.183515585422510412e+03 4.883772373199454009e+00 3.532169010762319428e-15 3.532169010762319527e-16
6.188399357795709875e+03 4.883772373199454009e+00 3.500769920082613755e-15 3.500769920082613952e-16
6.193283130168910247e+03 4.883772373199454009e+00 3.441195889353665294e-15 3.441195889353665688e-16
6.198166902542109710e+03 4.883772373199454009e+00 3.365267305502749383e-15 3.365267305502749679e-16
6.203050674915310083e+03 4.883772373199454009e+00 3.367642909390204899e-15 3.367642909390205195e-16
6.207934447288509546e+03 4.883772373199454009e+00 3.411553568376004138e-15 3.411553568376004532e-16
6.212818219661709918e+03 4.883772373199454009e+00 3.440472417419598539e-15 3.440472417419598834e-16
6.217701992034910290e+03 4.883772373199454009e+00 3.449712829856575310e-15 3.449712829856575606e-16
6.222585764408109753e+03 4.883772373199454009e+00 3.482489787140652906e-15 3.482489787140652906e-16
6.227469536781310126e+03 4.883772373199454009e+00 3.491869989069974883e-15 3.491869989069975277e-16
6.232353309154509589e+03 4.883772373199454009e+00 3.560083173922334236e-15 3.560083173922334631e-16
6.237237081527709961e+03 4.883772373199454009e+00 3.636806350677106028e-15 3.636806350677106028e-16
6.242120853900910333e+03 4.883772373199454009e+00 3.602819519424193589e-15 3.602819519424193589e-16
6.247004626274109796e+03 4.883772373199454009e+00 3.606976826227240249e-15 3.606976826227240249e-16
6.251888398647310169e+03 4.883772373199454009e+00 3.602561194982199050e-15 3.602561194982199444e-16
6.256772171020509631e+03 4.883772373199454009e+00 3.652285380136491154e-15 3.652285380136491154e-16
6.261655943393710004e+03 4.883772373199454009e+00 3.749540445135356405e-15 3.749540445135356800e-16
6.266539715766910376e+03 4.883772373199454009e+00 3.680212214273882227e-15 3.680212214273882325e-16
6.271423488140099835e+03 4.883772373199454009e+00 3.702652923948534982e-15 3.702652923948535278e-16
6.276307260513300207e+03 4.883772373199454009e+00 3.809742711097447279e-15 3.809742711097447476e-16
6.281191032886499670e+03 4.883772373199454009e+00 3.856057994596305316e-15 3.856057994596305612e-16
6.286074805259700042e+03 4.883772373199454009e+00 3.876862921965797906e-15 3.876862921965798104e-16
6.290958577632900415e+03 4.883772373199454009e+00 3.880585328125993340e-15 3.880585328125993537e-16
6.295842350006099878e+03 4.883772373199454009e+00 4.050447545938358551e-15 4.050447545938358847e-16
6.300726122379300250e+03 4.883772373199454009e+00 4.193525361283228373e-15 4.193525361283228767e-16
6.305609894752499713e+03 4.883772373199454009e+00 4.198990231203270028e-15 4.198990231203270422e-16
6.310493667125700085e+03 4.883772373199454009e+00 4.341305744199533679e-15 4.341305744199533975e-16
6.315377439498899548e+03 4.883772373199454009e+00 4.513210033075513691e-15 4.513210033075514085e-16
6.320261211872099921e+03 4.883772373199454009e+00 4.658725989712310124e-15 4.658725989712310518e-16
6.325144984245300293e+03 4.883772373199454009e+00 4.777260939361676313e-15 4.777260939361676116e-16
6.330028756618499756e+03 4.883772373199454009e+00 4.858878383313349984e-15 4.858878383313350378e-16
6.334912528991700128e+03 4.883772373199454009e+00 4.972720983921425088e-15 4.972720983921425286e-16
6.339796301364899591e+03 4.883772373199454009e+00 5.111378263126785250e-15 5.111378263126785053e-16
6.344680073738099964e+03 4.883772373199454009e+00 5.200107804057421271e-15 5.200107804057421271e-16
6.349563846111300336e+03 4.883772373199454009e+00 5.332327409273204388e-15 5.332327409273204783e-16
6.354447618484499799e+03 4.883772373199454009e+00 5.369065068840393790e-15 5.369065068840393790e-16
6.359331390857690167e+03 4.883772373199454009e+00 5.464530664840759305e-15 5.464530664840760093e-16
6.364215163230889630e+03 4.883772373199454009e+00 5.566552469780351985e-15 5.566552469780352182e-16
6.369098935604090002e+03 4.883772373199454009e+00 5.766516842426776205e-15 5.766516842426776599e-16
6.373982707977290374e+03 4.883772373199454009e+00 5.976327790718212325e-15 5.976327790718212325e-16
6.378866480350489837e+03 4.883772373199454009e+00 6.038497328103275752e-15 6.038497328103276146e-16
6.383750252723690210e+03 4.883772373199454009e+00 6.143907597638018430e-15 6.143907597638019022e-16
6.388634025096889673e+03 4.883772373199454009e+00 6.254962583223303514e-15 6.254962583223303908e-16
6.393517797470090045e+03 4.883772373199454009e+00 6.397854421319586418e-15 6.397854421319586418e-16
6.398401569843290417e+03 4.883772373199454009e+00 6.493164695661790329e-15 6.493164695661790723e-16
6.403285342216489880e+03 4.883772373199454009e+00 6.479692585522332131e-15 6.479692585522332525e-16
6.408169114589690253e+03 4.883772373199454009e+00 6.509665578135394659e-15 6.509665578135395054e-16
6.413052886962889716e+03 4.883772373199454009e+00 6.777460553865653702e-15 6.777460553865654490e-16
6.417936659336090088e+03 4.883772373199454009e+00 6.826971376110576849e-15 6.826971376110577638e-16
6.422820431709289551e+03 4.883772373199454009e+00 6.777411504920971464e-15 6.777411504920971858e-16
6.427704204082489923e+03 4.883772373199454009e+00 6.888343868144551347e-15 6.888343868144552136e-16
6.432587976455690296e+03 4.883772373199454009e+00 6.973954713675791649e-15 6.973954713675792044e-16
6.437471748828889758e+03 4.883772373199454009e+00 6.972536381692055520e-15 6.972536381692055717e-16
6.442355521202090131e+03 4.883772373199454009e+00 6.965121816220884853e-15 6.965121816220884853e-16
6.447239293575279589e+03 4.883772373199454009e+00 6.966115057350705888e-15 6.966115057350706677e-16
6.452123065948479962e+03 4.883772373199454009e+00 6.970333266593401218e-15 6.970333266593401218e-16
6.457006838321680334e+03 4.883772373199454009e+00 7.012274201708991307e-15 7.012274201708991504e-16
6.461890610694889801e+03 4.883772373199454009e+00 6.926209653439437741e-15 6.926209653439437741e-16
6.466774383068080169e+03 4.883772373199454009e+00 6.787429751872371590e-15 6.787429751872372379e-16
6.471658155441279632e+03 4.883772373199454009e+00 6.803444232311206254e-15 6.803444232311206451e-16
6.476541927814480005e+03 4.883772373199454009e+00 6.837005972710204388e-15 6.837005972710204388e-16
6.481425700187680377e+03 4.883772373199454009e+00 6.800247876082730918e-15 6.800247876082731115e-16
6.486309472560879840e+03 4.883772373199454009e+00 6.795907044478329599e-15 6.795907044478329993e-16
6.491193244934080212e+03 4.883772373199454009e+00 6.898591010171136039e-15 6.898591010171136631e-16
6.496077017307279675e+03 4.883772373199454009e+00 6.768913775254729387e-15 6.768913775254729979e-16
6.500960789680480048e+03 4.883772373199454009e+00 6.802160784925347659e-15 6.802160784925347856e-16
6.505844562053680420e+03 4.883772373199454009e+00 6.893596192637635060e-15 6.893596192637635060e-16
6.510728334426879883e+03 4.883772373199454009e+00 6.895431440651172184e-15 6.895431440651172775e-16
6.515612106800080255e+03 4.883772373199454009e+00 6.740305978268663306e-15 6.740305978268664095e-16
6.520495879173279718e+03 4.883772373199454009e+00 6.633906555016157826e-15 6.633906555016158417e-16
6.525379651546480090e+03 4.883772373199454009e+00 6.618398913672374531e-15 6.618398913672374925e-16
6.530263423919679553e+03 4.883772373199454009e+00 6.582535960285356042e-15 6.582535960285356239e-16
6.535147196292879926e+03 4.883772373199454009e+00 6.579924103981012481e-15 6.579924103981012481e-16
6.540030968666080298e+03 4.883772373199454009e+00 6.567943899242313375e-15 6.567943899242313572e-16
6.544914741039269757e+03 4.883772373199454009e+00 6.464728569982113263e-15 6.464728569982114052e-16
6.549798513412470129e+03 4.883772373199454009e+00 6.340074764483605759e-15 6.340074764483606351e-16
6.554682285785669592e+03 4.883772373199454009e+00 6.297602465800620422e-15 6.297602465800621211e-16
6.559566058158869964e+03 4.883772373199454009e+00 6.306096108054806632e-15 6.306096108054807026e-16
6.564449830532070337e+03 4.883772373199454009e+00 6.300884657682290266e-15 6.300884657682290661e-16
6.569333602905269800e+03 4.883772373199454009e+00 6.277185842576531445e-15 6.277185842576532234e-16
6.574217375278470172e+03 4.883772373199454009e+00 6.206232456681243460e-15 6.206232456681243854e-16
6.579101147651669635e+03 4.883772373199454009e+00 6.152029285395027651e-15 6.152029285395028045e-16
6.583984920024870007e+03 4.883772373199454009e+00 6.092622838560411154e-15 6.092622838560411943e-16
6.588868692398070380e+03 4.883772373199454009e+00 6.053567616356973196e-15 6.053567616356973985e-16
6.593752464771269842e+03 4.883772373199454009e+00 5.943379162127744925e-15 5.943379162127745320e-16
6.598636237144470215e+03 4.883772373199454009e+00 5.993989498215967684e-15 5.993989498215967684e-16
6.603520009517669678e+03 4.883772373199454009e+00 6.072717141843430991e-15 6.072717141843431582e-16
6.608403781890870050e+03 4.883772373199454009e+00 6.099816683780510567e-15 6.099816683780510962e-16
6.613287554264070423e+03 4.883772373199454009e+00 5.951562161065608717e-15 5.951562161065609112e-16
6.618171326637269885e+03 4.883772373199454009e+00 5.856149701421982097e-15 5.856149701421982492e-16
6.623055099010470258e+03 4.883772373199454009e+00 5.840490825832095433e-15 5.840490825832096024e-16
6.627938871383669721e+03 4.883772373199454009e+00 5.832822840813397110e-15 5.832822840813397898e-16
6.632822643756870093e+03 4.883772373199454009e+00 5.861998788075369132e-15 5.861998788075369132e-16
6.637706416130059552e+03 4.883772373199454009e+00 5.851064960823229955e-15 5.851064960823230743e-16
6.642590188503259924e+03 4.883772373199454009e+00 5.827014628280579790e-15 5.827014628280579790e-16
6.647473960876460296e+03 4.883772373199454009e+00 5.723999582211166075e-15 5.723999582211166863e-16
6.652357733249659759e+03 4.883772373199454009e+00 5.581483786024115238e-15 5.581483786024115238e-16
6.657241505622860132e+03 4.883772373199454009e+00 5.635409013290463456e-15 5.635409013290463456e-16
6.662125277996059594e+03 4.883772373199454009e+00 5.565808560786001161e-15 5.565808560786001555e-16
6.667009050369259967e+03 4.883772373199454009e+00 5.545780241707315008e-15 5.545780241707315600e-16
6.671892822742460339e+03 4.883772373199454009e+00 5.373855515771050928e-15 5.373855515771051717e-16
6.676776595115659802e+03 4.883772373199454009e+00 5.290717554534219996e-15 5.290717554534219799e-16
6.681660367488860174e+03 4.883772373199454009e+00 5.251944363762706286e-15 5.251944363762706483e-16
6.686544139862059637e+03 4.883772373199454009e+00 5.269663295029257983e-15 5.269663295029258575e-16
6.691427912235260010e+03 4.883772373199454009e+00 5.369306226151749901e-15 5.369306226151749901e-16
6.696311684608460382e+03 4.883772373199454009e+00 5.308649031227728846e-15 5.308649031227728649e-16
6.701195456981659845e+03 4.883772373199454009e+00 5.159662861754646141e-15 5.159662861754646338e-16
6.706079229354860217e+03 4.883772373199454009e+00 5.107805864989076268e-15 5.107805864989076860e-16
6.710963001728059680e+03 4.883772373199454009e+00 5.086641245358579811e-15 5.086641245358580206e-16
6.715846774101260053e+03 4.883772373199454009e+00 5.043437299917413618e-15 5.043437299917413618e-16
6.720730546474460425e+03 4.883772373199454009e+00 5.004026472865027661e-15 5.004026472865028055e-16
6.725614318847659888e+03 4.883772373199454009e+00 4.962780397799104580e-15 4.962780397799104777e-16
6.730498091220860260e+03 4.883772373199454009e+00 4.867666319235631198e-15 4.867666319235631001e-16
6.735381863594049719e+03 4.883772373199454009e+00 4.759640105984489091e-15 4.759640105984489289e-16
6.740265635967250091e+03 4.883772373199454009e+00 4.779316907626283901e-15 4.779316907626283704e-16
6.745149408340449554e+03 4.883772373199454009e+00 4.794693751784247106e-15 4.794693751784247501e-16
6.750033180713649926e+03 4.883772373199454009e+00 4.818126885106309092e-15 4.818126885106309487e-16
6.754916953086850299e+03 4.883772373199454009e+00 4.766081867386123580e-15 4.766081867386123580e-16
6.759800725460049762e+03 4.883772373199454009e+00 4.765820273014484189e-15 4.765820273014484189e-16
6.764684497833250134e+03 4.883772373199454009e+00 4.696861544202950798e-15 4.696861544202950601e-16
6.769568270206449597e+03 4.883772373199454009e+00 4.635603499706568977e-15 4.635603499706569569e-16
6.774452042579649969e+03 4.883772373199454009e+00 4.565479858458827112e-15 4.565479858458826915e-16
6.779335814952850342e+03 4.883772373199454009e+00 4.638170394478286956e-15 4.638170394478286759e-16
6.784219587326049805e+03 4.883772373199454009e+00 4.666128292947309245e-15 4.666128292947309245e-16
6.789103359699250177e+03 4.883772373199454009e+00 4.572853549809428853e-15 4.572853549809429247e-16
6.793987132072449640e+03 4.883772373199454009e+00 4.505546135468872812e-15 4.505546135468873010e-16
6.798870904445650012e+03 4.883772373199454009e+00 4.514681501415988714e-15 4.514681501415989109e-16
6.803754676818850385e+03 4.883772373199454009e+00 4.544478735310604782e-15 4.544478735310605374e-16
6.808638449192049848e+03 4.883772373199454009e+00 4.472078405547182498e-15 4.472078405547182301e-16
6.813522221565250220e+03 4.883772373199454009e+00 4.378121064595804277e-15 4.378121064595804475e-16
6.818405993938439678e+03 4.883772373199454009e+00 4.361918563202352397e-15 4.361918563202352495e-16
6.823289766311640051e+03 4.883772373199454009e+00 4.410603728211787657e-15 4.410603728211787953e-16
6.828173538684840423e+03 4.883772373199454009e+00 4.485104987772442322e-15 4.485104987772442716e-16
6.833057311058039886e+03 4.883772373199454009e+00 4.396698352394299475e-15 4.396698352394299673e-16
6.837941083431240259e+03 4.883772373199454009e+00 4.247920640936117266e-15 4.247920640936117562e-16
6.842824855804439721e+03 4.883772373199454009e+00 4.218850966387624610e-15 4.218850966387624708e-16
6.847708628177640094e+03 4.883772373199454009e+00 4.315456950351857872e-15 4.315456950351858267e-16
6.852592400550839557e+03 4.883772373199454009e+00 4.190222732341273671e-15 4.190222732341274065e-16
6.857476172924039929e+03 4.883772373199454009e+00 4.002326852533977689e-15 4.002326852533978083e-16
6.862359945297240301e+03 4.883772373199454009e+00 3.920698372569750180e-15 3.920698372569750377e-16
6.867243717670439764e+03 4.883772373199454009e+00 4.013343654250872425e-15 4.013343654250872721e-16
6.872127490043640137e+03 4.883772373199454009e+00 4.078548912570577589e-15 4.078548912570577589e-16
6.877011262416839600e+03 4.883772373199454009e+00 3.991823021030221278e-15 3.991823021030221574e-16
6.881895034790039972e+03 4.883772373199454009e+00 3.941300564301221749e-15 3.941300564301221848e-16
6.886778807163240344e+03 4.883772373199454009e+00 3.964333131241710154e-15 3.964333131241710154e-16
6.891662579536439807e+03 4.883772373199454009e+00 4.008934562865121717e-15 4.008934562865121915e-16
6.896546351909640180e+03 4.883772373199454009e+00 3.932316841341416697e-15 3.932316841341417091e-16
6.901430124282839643e+03 4.883772373199454009e+00 3.855219257642234868e-15 3.855219257642234967e-16
6.906313896656040015e+03 4.883772373199454009e+00 3.832508778771827833e-15 3.832508778771828030e-16
6.911197669029230383e+03 4.883772373199454009e+00 3.777162767074509650e-15 3.777162767074510044e-16
6.916081441402429846e+03 4.883772373199454009e+00 3.784236851121342812e-15 3.784236851121342812e-16
6.920965213775630218e+03 4.883772373199454009e+00 3.762532693099337795e-15 3.762532693099338189e-16
6.925848986148829681e+03 4.883772373199454009e+00 3.785780257914018766e-15 3.785780257914019161e-16
6.930732758522030053e+03 4.883772373199454009e+00 3.814245404219299903e-15 3.814245404219300101e-16
6.935616530895230426e+03 4.883772373199454009e+00 3.774400902747679637e-15 3.774400902747680032e-16
6.940500303268429889e+03 4.883772373199454009e+00 3.745793105761613556e-15 3.745793105761613655e-16
6.945384075641630261e+03 4.883772373199454009e+00 3.713493558205778144e-15 3.713493558205778243e-16
6.950267848014829724e+03 4.883772373199454009e+00 3.770120973582926200e-15 3.770120973582926298e-16
6.955151620388030096e+03 4.883772373199454009e+00 3.797752696569810463e-15 3.797752696569810857e-16
6.960035392761229559e+03 4.883772373199454009e+00 3.737899904338582999e-15 3.737899904338583196e-16
6.964919165134429932e+03 4.883772373199454009e+00 3.733695592296881246e-15 3.733695592296881443e-16
6.969802937507630304e+03 4.883772373199454009e+00 3.646359858877639842e-15 3.646359858877640236e-16
6.974686709880829767e+03 4.883772373199454009e+00 3.667728849110980139e-15 3.667728849110980534e-16
6.979570482254030139e+03 4.883772373199454009e+00 3.691269890111345100e-15 3.691269890111345494e-16
6.984454254627229602e+03 4.883772373199454009e+00 3.628146350752205955e-15 3.628146350752206251e-16
6.989338027000429975e+03 4.883772373199454009e+00 3.518407511849233897e-15 3.518407511849233897e-16
6.994221799373620343e+03 4.883772373199454009e+00 3.462127117755714627e-15 3.462127117755714923e-16
6.999105571746819805e+03 4.883772373199454009e+00 3.481060419144363726e-15 3.481060419144364120e-16
