4102.000000 1.313320e-16
4112.000000 2.131610e-16
4114.000000 3.249570e-16
4116.000000 1.066230e-16
4120.000000 1.044000e-16
4122.000000 2.658860e-16
4124.000000 3.923160e-17
4126.000000 1.898360e-17
4128.000000 1.265070e-16
4130.000000 1.499150e-17
4132.000000 1.631730e-16
4134.000000 1.424340e-16
4136.000000 3.508340e-16
4138.000000 3.278930e-16
4140.000000 1.801910e-16
4142.000000 1.118620e-16
4144.000000 1.741430e-16
4146.000000 4.434870e-16
4150.000000 1.034270e-16
4152.000000 4.279320e-16
4154.000000 2.025790e-17
4156.000000 1.501810e-16
4158.000000 4.209900e-16
4160.000000 1.714410e-16
4164.000000 1.965100e-16
4166.000000 9.372020e-17
4168.000000 1.260310e-16
4174.000000 1.579380e-16
4176.000000 7.110750e-17
4178.000000 1.048400e-16
4180.000000 1.136110e-16
4182.000000 1.317970e-16
4186.000000 1.015250e-16
4188.000000 1.009580e-16
4190.000000 1.901430e-16
4196.000000 8.355710e-17
4200.000000 3.778180e-16
4202.000000 4.399810e-16
4204.000000 2.890420e-16
4206.000000 9.800190e-17
4208.000000 2.479130e-16
4210.000000 1.835860e-16
4212.000000 3.767230e-16
4214.000000 2.386640e-16
4218.000000 2.163370e-16
4220.000000 5.547560e-16
4224.000000 1.816560e-17
4226.000000 2.195470e-16
4228.000000 2.948660e-16
4230.000000 1.057230e-16
4232.000000 1.514740e-16
4234.000000 3.493640e-16
4236.000000 2.614380e-16
4240.000000 3.419930e-16
4242.000000 3.316720e-16
4244.000000 3.345140e-16
4246.000000 2.205550e-16
4250.000000 1.559920e-17
4252.000000 3.084520e-16
4254.000000 1.230790e-16
4256.000000 9.287780e-17
4260.000000 1.322080e-16
4262.000000 2.616100e-16
4264.000000 5.089450e-17
4266.000000 1.862720e-16
4268.000000 1.730520e-16
4270.000000 2.474600e-17
4272.000000 6.552330e-17
4274.000000 2.456200e-16
4278.000000 2.849790e-16
4280.000000 1.149440e-16
4282.000000 1.460390e-16
4284.000000 1.472870e-16
4286.000000 1.173500e-16
4288.000000 3.242230e-16
4290.000000 3.692290e-17
4292.000000 2.435770e-16
4294.000000 1.998640e-16
4296.000000 1.239660e-16
4298.000000 3.936930e-17
4306.000000 1.782250e-17
4308.000000 1.938820e-16
4310.000000 1.371300e-16
4312.000000 4.216650e-17
4316.000000 6.300750e-17
4320.000000 2.280680e-17
4324.000000 4.622450e-17
4326.000000 6.314910e-17
4328.000000 1.476760e-16
4330.000000 1.753960e-16
4332.000000 1.740340e-16
4338.000000 3.364310e-17
4340.000000 1.884240e-17
4342.000000 2.166300e-16
4348.000000 1.772970e-16
4354.000000 1.252210e-16
4356.000000 2.891640e-16
4358.000000 4.498540e-16
4360.000000 5.607850e-16
4362.000000 1.400190e-16
4366.000000 1.052440e-16
4372.000000 7.218380e-17
4374.000000 3.633270e-16
4378.000000 1.080070e-16
4380.000000 2.893590e-16
4382.000000 4.993850e-17
4384.000000 1.878550e-17
4386.000000 1.817410e-17
4388.000000 2.068510e-16
4390.000000 1.292820e-16
4394.000000 1.407040e-16
4400.000000 1.414860e-16
4402.000000 2.502630e-16
4404.000000 2.967800e-16
4406.000000 1.017890e-16
4408.000000 1.136700e-16
4410.000000 1.270100e-16
4412.000000 1.049790e-16
4414.000000 7.802210e-17
4416.000000 1.649900e-17
4418.000000 1.115470e-16
4420.000000 1.184510e-16
4422.000000 2.301630e-16
4424.000000 1.809590e-16
4426.000000 2.542500e-16
4430.000000 1.013530e-16
4432.000000 1.244220e-16
4434.000000 1.531100e-16
4436.000000 1.157120e-16
4438.000000 5.609240e-17
4440.000000 3.069310e-17
4442.000000 7.098700e-17
4444.000000 1.456720e-16
4446.000000 2.138150e-16
4448.000000 2.547870e-16
4450.000000 1.267080e-16
4452.000000 4.489620e-17
4454.000000 5.527020e-17
4456.000000 1.087860e-16
4458.000000 8.770900e-17
4460.000000 1.334920e-16
4462.000000 2.100880e-16
4464.000000 1.270120e-16
4466.000000 4.816470e-17
4468.000000 2.269110e-16
4470.000000 2.719800e-16
4472.000000 1.054620e-16
4474.000000 1.075170e-16
4476.000000 8.028360e-17
4478.000000 1.276850e-16
4480.000000 1.090060e-16
4482.000000 7.901660e-17
4484.000000 2.668760e-16
4486.000000 1.438100e-16
4488.000000 5.973580e-17
4490.000000 6.199470e-17
4492.000000 1.093080e-16
4494.000000 8.135220e-17
4496.000000 1.786250e-16
4498.000000 2.891900e-16
4500.000000 5.911080e-17
4502.000000 1.285640e-16
4504.000000 7.790140e-17
4506.000000 1.852330e-17
4508.000000 3.138690e-16
4510.000000 5.425590e-17
4512.000000 1.520610e-16
4514.000000 2.714350e-17
4516.000000 2.506870e-16
4518.000000 1.308850e-16
4520.000000 8.070290e-17
4522.000000 1.002980e-16
4524.000000 2.050280e-16
4526.000000 9.685980e-17
4528.000000 1.881730e-16
4530.000000 2.099790e-16
4532.000000 1.238790e-16
4534.000000 1.573990e-16
4536.000000 1.066000e-16
4540.000000 8.972210e-17
4542.000000 1.972680e-16
4544.000000 1.745480e-16
4546.000000 2.125400e-16
4548.000000 1.403740e-16
4550.000000 3.085820e-17
4552.000000 2.027360e-16
4554.000000 7.105220e-17
4556.000000 9.971150e-17
4558.000000 1.681110e-16
4560.000000 1.286070e-16
4562.000000 9.352460e-17
4564.000000 2.790250e-16
4566.000000 2.340150e-16
4568.000000 2.129550e-16
4570.000000 1.320000e-16
4572.000000 1.987630e-16
4574.000000 2.458560e-16
4576.000000 1.426120e-16
4578.000000 1.835890e-16
4580.000000 1.097640e-16
4582.000000 2.736210e-16
4584.000000 2.817360e-16
4586.000000 2.629500e-16
4588.000000 2.690980e-16
4590.000000 3.101260e-16
4592.000000 1.842430e-16
4594.000000 2.692840e-16
4596.000000 2.186910e-16
4598.000000 1.203780e-16
4600.000000 2.461700e-16
4602.000000 1.843190e-16
4604.000000 2.249880e-16
4606.000000 2.980260e-16
4608.000000 1.324600e-16
4610.000000 3.225950e-16
4612.000000 1.626420e-16
4614.000000 3.096010e-16
4616.000000 2.359080e-16
4618.000000 1.747630e-16
4620.000000 2.370540e-16
4622.000000 1.291880e-16
4624.000000 2.262000e-16
4626.000000 1.965850e-16
4628.000000 3.111250e-16
4630.000000 1.903040e-16
4632.000000 2.138770e-16
4634.000000 2.398690e-16
4636.000000 2.193600e-16
4638.000000 1.725190e-16
4640.000000 2.945900e-16
4642.000000 3.203140e-16
4644.000000 2.394420e-16
4646.000000 2.462210e-16
4648.000000 2.733680e-16
4650.000000 4.087940e-16
4652.000000 2.367940e-16
4654.000000 2.842920e-16
4656.000000 2.206400e-16
4658.000000 2.826420e-16
4660.000000 3.300400e-16
4662.000000 4.616090e-16
4664.000000 2.490240e-16
4666.000000 2.195240e-16
4668.000000 2.036680e-16
4670.000000 2.153990e-16
4672.000000 2.311000e-16
4674.000000 1.462630e-16
4676.000000 1.608130e-16
4678.000000 1.957380e-16
4680.000000 3.442370e-16
4682.000000 3.856660e-16
4684.000000 2.689510e-16
4686.000000 3.340320e-16
4688.000000 2.681960e-16
4690.000000 3.780130e-16
4692.000000 2.592200e-16
4694.000000 3.390290e-16
4696.000000 4.142200e-16
4698.000000 2.324730e-16
4700.000000 1.822080e-16
4702.000000 1.728030e-16
4704.000000 1.919720e-16
4706.000000 2.495950e-16
4708.000000 1.537690e-16
4710.000000 2.604820e-16
4712.000000 2.548880e-16
4714.000000 2.115100e-16
4716.000000 3.353800e-16
4718.000000 1.876940e-16
4720.000000 3.221780e-16
4722.000000 3.627900e-16
4724.000000 3.975020e-16
4726.000000 1.773670e-16
4728.000000 2.946030e-16
4730.000000 3.738120e-16
4732.000000 3.979240e-16
4734.000000 3.627520e-16
4736.000000 4.965480e-16
4738.000000 3.114730e-16
4740.000000 2.604980e-16
4742.000000 2.997010e-16
4744.000000 2.429800e-16
4746.000000 2.463690e-16
4748.000000 3.775630e-16
4750.000000 2.708150e-16
4752.000000 3.272200e-16
4754.000000 3.046130e-16
4756.000000 2.124380e-16
4758.000000 3.070080e-16
4760.000000 3.356810e-16
4762.000000 3.124440e-16
4764.000000 2.076310e-16
4766.000000 1.760250e-16
4768.000000 2.633380e-16
4770.000000 1.426230e-16
4772.000000 1.849520e-16
4774.000000 9.966560e-17
4776.000000 2.569500e-16
4778.000000 2.413220e-16
4780.000000 3.010070e-16
4782.000000 1.290840e-16
4784.000000 1.206610e-16
4786.000000 1.057340e-16
4788.000000 1.793460e-16
4790.000000 2.947210e-16
4792.000000 1.198040e-16
4794.000000 5.453790e-17
4796.000000 2.254940e-16
4798.000000 2.512520e-16
4800.000000 2.282320e-16
4802.000000 1.060960e-16
4804.000000 2.167270e-16
4808.000000 1.641090e-16
4810.000000 1.427150e-16
4812.000000 5.994080e-17
4814.000000 1.250520e-16
4816.000000 3.757920e-17
4818.000000 1.105160e-16
4820.000000 2.168850e-16
4822.000000 8.462280e-17
4824.000000 1.532240e-16
4826.000000 1.153900e-16
4828.000000 2.303650e-16
4830.000000 1.858860e-16
4832.000000 5.750830e-17
4834.000000 2.391770e-16
4836.000000 2.278550e-16
4838.000000 2.716940e-16
4840.000000 1.930890e-16
4842.000000 1.854120e-16
4844.000000 1.639330e-16
4846.000000 1.431130e-16
4848.000000 1.409950e-16
4850.000000 1.890130e-16
4852.000000 2.933800e-16
4854.000000 1.929320e-16
4856.000000 1.551990e-16
4858.000000 1.582710e-16
4860.000000 2.177310e-16
4862.000000 2.436690e-16
4864.000000 2.718950e-16
4866.000000 2.379290e-16
4868.000000 6.815890e-17
4870.000000 2.603320e-16
4872.000000 3.669650e-16
4874.000000 4.385060e-16
4876.000000 3.420770e-16
4878.000000 2.444380e-16
4880.000000 3.273300e-16
4882.000000 1.440580e-16
4884.000000 2.945580e-16
4886.000000 2.150270e-16
4888.000000 2.254280e-16
4890.000000 2.456990e-16
4892.000000 2.262860e-16
4894.000000 2.797760e-16
4896.000000 2.995610e-16
4898.000000 2.406570e-16
4900.000000 2.140060e-16
4902.000000 2.545130e-16
4904.000000 1.855650e-16
4906.000000 1.849750e-16
4908.000000 3.960470e-16
4910.000000 3.715760e-16
4912.000000 3.054990e-16
4914.000000 1.736560e-16
4916.000000 1.710120e-16
4918.000000 3.403990e-16
4920.000000 3.394980e-16
4922.000000 4.160260e-16
4924.000000 3.230150e-16
4926.000000 1.696780e-16
4928.000000 2.187950e-16
4930.000000 2.307470e-16
4932.000000 3.624960e-16
4934.000000 4.079050e-16
4936.000000 3.757530e-16
4938.000000 3.300840e-16
4940.000000 3.401550e-16
4942.000000 3.755890e-16
4944.000000 4.389070e-16
4946.000000 3.176210e-16
4948.000000 3.433430e-16
4950.000000 2.514420e-16
4952.000000 2.878610e-16
4954.000000 1.902470e-16
4956.000000 2.804860e-16
4958.000000 3.014370e-16
4960.000000 2.832780e-16
4962.000000 2.915070e-16
4964.000000 3.743130e-16
4966.000000 3.050760e-16
4968.000000 2.980590e-16
4970.000000 2.625650e-16
4972.000000 3.149820e-16
4974.000000 3.648680e-16
4976.000000 2.825710e-16
4978.000000 2.970500e-16
4980.000000 1.547880e-16
4982.000000 1.118430e-17
4984.000000 3.729540e-16
4986.000000 3.810530e-16
4988.000000 1.412160e-16
4990.000000 2.654250e-16
4992.000000 1.384830e-16
4994.000000 1.522760e-16
4996.000000 2.630640e-16
4998.000000 2.139690e-16
5000.000000 1.588500e-16
5002.000000 2.223440e-16
5004.000000 2.460680e-16
5006.000000 2.128220e-16
5008.000000 2.493320e-16
5010.000000 2.678410e-16
5012.000000 2.369440e-16
5014.000000 2.976330e-16
5016.000000 3.810380e-16
5018.000000 2.983790e-16
5020.000000 3.144090e-16
5022.000000 2.222760e-16
5024.000000 2.875360e-16
5026.000000 2.543800e-16
5028.000000 4.745540e-16
5030.000000 3.303740e-16
5032.000000 2.321350e-16
5034.000000 3.258030e-16
5036.000000 3.505220e-16
5038.000000 3.920640e-16
5040.000000 4.511270e-16
5042.000000 3.092730e-16
5044.000000 2.840510e-16
5046.000000 3.448000e-16
5048.000000 3.636260e-16
5050.000000 2.648370e-16
5052.000000 3.833410e-16
5054.000000 4.554570e-16
5056.000000 4.924460e-16
5058.000000 3.560060e-16
5060.000000 4.725780e-16
5062.000000 2.278810e-16
5064.000000 3.766060e-16
5066.000000 3.965560e-16
5068.000000 2.420400e-16
5070.000000 1.443410e-16
5072.000000 2.434070e-16
5074.000000 2.663100e-16
5076.000000 2.384360e-16
5078.000000 4.113420e-16
5080.000000 3.505230e-16
5082.000000 2.842430e-16
5086.000000 2.391360e-16
5088.000000 3.185960e-16
5090.000000 1.615560e-16
5092.000000 4.445690e-16
5094.000000 3.584290e-16
5096.000000 1.548360e-16
5098.000000 2.989310e-16
5100.000000 2.511550e-16
5102.000000 1.848130e-16
5104.000000 2.905860e-16
5106.000000 2.433210e-16
5108.000000 2.713100e-16
5110.000000 3.302690e-16
5112.000000 2.086760e-16
5114.000000 1.909790e-16
5116.000000 1.888910e-16
5118.000000 1.597960e-16
5120.000000 2.109190e-16
5122.000000 1.504330e-16
5124.000000 2.170310e-16
5126.000000 1.967990e-16
5128.000000 2.470120e-16
5130.000000 1.712000e-16
5132.000000 2.605380e-16
5134.000000 3.205800e-16
5136.000000 2.134530e-16
5138.000000 1.444870e-16
5140.000000 1.878270e-16
5142.000000 1.581380e-16
5144.000000 1.488930e-16
5146.000000 2.694970e-16
5148.000000 1.857590e-16
5150.000000 1.751040e-16
5152.000000 2.289170e-16
5154.000000 1.019850e-16
5156.000000 1.934850e-16
5158.000000 1.946610e-16
5160.000000 1.579720e-16
5162.000000 1.194590e-16
5164.000000 1.717140e-16
5166.000000 2.655440e-16
5168.000000 2.412770e-16
5170.000000 3.031880e-16
5172.000000 2.278620e-16
5174.000000 2.850860e-16
5176.000000 1.957780e-16
5178.000000 1.819400e-16
5180.000000 2.858170e-16
5182.000000 2.127770e-16
5184.000000 2.314070e-16
5186.000000 2.131770e-16
5188.000000 1.921590e-16
5190.000000 2.837660e-16
5192.000000 1.087700e-16
5194.000000 1.969460e-16
5196.000000 2.781750e-16
5198.000000 1.831820e-16
5200.000000 2.299560e-16
5202.000000 3.189010e-16
5204.000000 2.682360e-16
5206.000000 2.319140e-16
5208.000000 1.984080e-16
5210.000000 2.121850e-16
5212.000000 2.368110e-16
5214.000000 2.990270e-16
5216.000000 1.992180e-16
5218.000000 1.782120e-16
5220.000000 3.697360e-16
5222.000000 7.159250e-17
5224.000000 2.817070e-16
5226.000000 2.392140e-16
5228.000000 3.124740e-16
5230.000000 2.403980e-16
5232.000000 4.015060e-16
5234.000000 2.343370e-16
5236.000000 2.391980e-16
5238.000000 2.413910e-16
5240.000000 3.666750e-16
5242.000000 3.396090e-16
5244.000000 2.802850e-16
5246.000000 3.149190e-16
5248.000000 3.884440e-16
5250.000000 3.836010e-16
5252.000000 2.848760e-16
5254.000000 2.451750e-16
5256.000000 2.550280e-16
5258.000000 2.219810e-16
5260.000000 2.313290e-16
5262.000000 3.335040e-16
5264.000000 2.920300e-16
5266.000000 3.428850e-16
5268.000000 2.455190e-16
5270.000000 1.760350e-16
5272.000000 2.351610e-16
5274.000000 3.398240e-16
5276.000000 3.437310e-16
5278.000000 2.768890e-16
5280.000000 2.103760e-16
5282.000000 2.339590e-16
5284.000000 3.240350e-16
5286.000000 3.448810e-16
5288.000000 1.756720e-16
5290.000000 2.907820e-16
5292.000000 3.556170e-16
5294.000000 2.081840e-16
5296.000000 1.956150e-16
5298.000000 2.786290e-16
5300.000000 2.794310e-16
5302.000000 2.935580e-16
5304.000000 2.911020e-16
5306.000000 2.890600e-16
5308.000000 2.560590e-16
5310.000000 1.476380e-16
5312.000000 2.173500e-16
5314.000000 3.502150e-16
5316.000000 2.899620e-16
5318.000000 3.388180e-16
5320.000000 1.869610e-16
5322.000000 2.783110e-16
5324.000000 2.644480e-16
5326.000000 2.358830e-16
5328.000000 3.867750e-16
5330.000000 3.780470e-16
5332.000000 3.843440e-16
5334.000000 4.753810e-16
5336.000000 2.821590e-16
5338.000000 2.260030e-16
5340.000000 3.401540e-16
5342.000000 3.947470e-16
5344.000000 2.965900e-16
5346.000000 2.676340e-16
5348.000000 2.493740e-16
5350.000000 3.806010e-16
5352.000000 3.159560e-16
5354.000000 3.227410e-16
5356.000000 2.432950e-16
5358.000000 3.715290e-16
5360.000000 2.379550e-16
5362.000000 3.172030e-16
5364.000000 3.977390e-16
5366.000000 3.649660e-16
5368.000000 3.973580e-16
5370.000000 4.272720e-16
5372.000000 4.098440e-16
5374.000000 3.672230e-16
5376.000000 3.207300e-16
5378.000000 3.597710e-16
5380.000000 3.874640e-16
5382.000000 3.035640e-16
5384.000000 3.463700e-16
5386.000000 3.943360e-16
5388.000000 3.601090e-16
5390.000000 3.547260e-16
5392.000000 2.989520e-16
5394.000000 3.799880e-16
5396.000000 3.039360e-16
5398.000000 3.462750e-16
5400.000000 4.053280e-16
5402.000000 3.100000e-16
5404.000000 3.754900e-16
5406.000000 3.958450e-16
5408.000000 3.496740e-16
5410.000000 3.418310e-16
5412.000000 3.988990e-16
5414.000000 3.708720e-16
5416.000000 4.493940e-16
5418.000000 4.160900e-16
5420.000000 4.203040e-16
5422.000000 4.304110e-16
5424.000000 3.028080e-16
5426.000000 3.167810e-16
5428.000000 4.760080e-16
5430.000000 3.350210e-16
5432.000000 4.098470e-16
5434.000000 4.234680e-16
5436.000000 3.956520e-16
5438.000000 3.769330e-16
5440.000000 3.853230e-16
5442.000000 4.380010e-16
5444.000000 4.079050e-16
5446.000000 4.790580e-16
5448.000000 4.708460e-16
5450.000000 4.443160e-16
5452.000000 4.254550e-16
5454.000000 4.013240e-16
5456.000000 3.868160e-16
5458.000000 3.856790e-16
5460.000000 3.726400e-16
5462.000000 3.380430e-16
5464.000000 3.090910e-16
5466.000000 3.067940e-16
5468.000000 3.211110e-16
5470.000000 3.460740e-16
5472.000000 3.980570e-16
5474.000000 4.284020e-16
5476.000000 4.531870e-16
5478.000000 4.644460e-16
5480.000000 4.587630e-16
5482.000000 4.414190e-16
5484.000000 4.159260e-16
5486.000000 3.745350e-16
5488.000000 3.638370e-16
5490.000000 3.759220e-16
5492.000000 3.886000e-16
5494.000000 4.158550e-16
5496.000000 4.316200e-16
5498.000000 4.179440e-16
5500.000000 3.886530e-16
5502.000000 3.707610e-16
5504.000000 3.523880e-16
5506.000000 3.419290e-16
5508.000000 3.355540e-16
5510.000000 3.371910e-16
5512.000000 3.486190e-16
5514.000000 3.655420e-16
5516.000000 3.857540e-16
5518.000000 4.108370e-16
5520.000000 4.256250e-16
5522.000000 4.318090e-16
5524.000000 4.407060e-16
5526.000000 4.631180e-16
5528.000000 4.616660e-16
5530.000000 4.111650e-16
5532.000000 3.473080e-16
5534.000000 3.324310e-16
5536.000000 3.479980e-16
5538.000000 3.594380e-16
5540.000000 3.874760e-16
5542.000000 4.010140e-16
5544.000000 3.996280e-16
5546.000000 3.948630e-16
5548.000000 3.901020e-16
5550.000000 3.846320e-16
5552.000000 3.923600e-16
5554.000000 4.166030e-16
5556.000000 4.270140e-16
5558.000000 4.298560e-16
5560.000000 4.329580e-16
5562.000000 4.383370e-16
5564.000000 4.418180e-16
5566.000000 4.403710e-16
5568.000000 4.360480e-16
5570.000000 4.194610e-16
5572.000000 3.826830e-16
5574.000000 3.618500e-16
5576.000000 3.474310e-16
5578.000000 3.439180e-16
5580.000000 3.594380e-16
5582.000000 3.828040e-16
5584.000000 3.863280e-16
5586.000000 3.765100e-16
5588.000000 3.732310e-16
5590.000000 3.696890e-16
5592.000000 3.680100e-16
5594.000000 3.656950e-16
5596.000000 3.681760e-16
5598.000000 3.874840e-16
5600.000000 4.160670e-16
5602.000000 3.971750e-16
5604.000000 3.120150e-16
5606.000000 2.921650e-16
5608.000000 3.159990e-16
5610.000000 3.381050e-16
5612.000000 3.540090e-16
5614.000000 3.679350e-16
5616.000000 3.761650e-16
5618.000000 3.804580e-16
5620.000000 3.789110e-16
5622.000000 3.745960e-16
5624.000000 3.595830e-16
5626.000000 3.276370e-16
5628.000000 2.988060e-16
5630.000000 2.782850e-16
5632.000000 2.652780e-16
5634.000000 2.762600e-16
5636.000000 3.199160e-16
5638.000000 3.323460e-16
5640.000000 3.248210e-16
5642.000000 3.216010e-16
5644.000000 3.222660e-16
5646.000000 3.244200e-16
5648.000000 3.290210e-16
5650.000000 3.357600e-16
5652.000000 3.366180e-16
5654.000000 3.292990e-16
5656.000000 3.306770e-16
5658.000000 3.381410e-16
5660.000000 3.467730e-16
5662.000000 3.564600e-16
5664.000000 3.665290e-16
5666.000000 3.745670e-16
5668.000000 3.825550e-16
5670.000000 3.838230e-16
5672.000000 3.708850e-16
5674.000000 3.741340e-16
5676.000000 3.994350e-16
5678.000000 4.202770e-16
5680.000000 4.225660e-16
5682.000000 4.146360e-16
5684.000000 4.016490e-16
5686.000000 3.690370e-16
5688.000000 3.659820e-16
5690.000000 3.893600e-16
5692.000000 4.052150e-16
5694.000000 4.105000e-16
5696.000000 4.131440e-16
5698.000000 4.183250e-16
5700.000000 4.242700e-16
5702.000000 4.224350e-16
5704.000000 4.159460e-16
5706.000000 4.038320e-16
5708.000000 3.800100e-16
5710.000000 3.616100e-16
5712.000000 3.536750e-16
5714.000000 3.522380e-16
5716.000000 3.569350e-16
5718.000000 3.713660e-16
5720.000000 3.769140e-16
5722.000000 3.744940e-16
5724.000000 3.792170e-16
5726.000000 3.889310e-16
5728.000000 4.045010e-16
5730.000000 4.318300e-16
5732.000000 4.663010e-16
5734.000000 4.774610e-16
5736.000000 4.734470e-16
5738.000000 4.631480e-16
5740.000000 4.377360e-16
5742.000000 4.152220e-16
5744.000000 3.939520e-16
5746.000000 3.783090e-16
5748.000000 3.791790e-16
5750.000000 3.938120e-16
5752.000000 4.036440e-16
5754.000000 4.236120e-16
5756.000000 4.247340e-16
5758.000000 4.034550e-16
5760.000000 3.846280e-16
5762.000000 3.756420e-16
5764.000000 3.729120e-16
5766.000000 3.852020e-16
5768.000000 4.274130e-16
5770.000000 4.155460e-16
5772.000000 3.472110e-16
5774.000000 3.077610e-16
5776.000000 2.953330e-16
5778.000000 2.982000e-16
5780.000000 3.186720e-16
5782.000000 3.554040e-16
5784.000000 3.651700e-16
5786.000000 3.438000e-16
5788.000000 3.556880e-16
5790.000000 4.181820e-16
5792.000000 4.327760e-16
5794.000000 3.520950e-16
5796.000000 2.520170e-16
5798.000000 2.401310e-16
5800.000000 2.865870e-16
5802.000000 2.899000e-16
5804.000000 2.766530e-16
5806.000000 2.652780e-16
5808.000000 2.552970e-16
5810.000000 2.398860e-16
5812.000000 2.119880e-16
5814.000000 1.786030e-16
5816.000000 1.624580e-16
5818.000000 1.562380e-16
5820.000000 1.560630e-16
5822.000000 1.641650e-16
5824.000000 1.773490e-16
5826.000000 1.972460e-16
5828.000000 2.205170e-16
5830.000000 2.486130e-16
5832.000000 2.826930e-16
5834.000000 2.757410e-16
5836.000000 2.145130e-16
5838.000000 1.958200e-16
5840.000000 2.049400e-16
5842.000000 2.168930e-16
5844.000000 2.300690e-16
5846.000000 2.420760e-16
5848.000000 2.361030e-16
5850.000000 2.102880e-16
5852.000000 2.143960e-16
5854.000000 2.503170e-16
5856.000000 2.632340e-16
5858.000000 2.542060e-16
5860.000000 2.391420e-16
5862.000000 2.204210e-16
5864.000000 1.991330e-16
5866.000000 2.053860e-16
5868.000000 2.348960e-16
5870.000000 2.641450e-16
5872.000000 3.189990e-16
5874.000000 3.440930e-16
5876.000000 3.222170e-16
5878.000000 2.890760e-16
5880.000000 2.778290e-16
5882.000000 2.725870e-16
5884.000000 2.936080e-16
5886.000000 3.495880e-16
5888.000000 3.901520e-16
5890.000000 4.305910e-16
5892.000000 4.592820e-16
5894.000000 4.717970e-16
5896.000000 4.713220e-16
5898.000000 4.575640e-16
5900.000000 4.245920e-16
5902.000000 4.024160e-16
5904.000000 3.736540e-16
5906.000000 3.634230e-16
5908.000000 3.799000e-16
5910.000000 3.976760e-16
5912.000000 3.962750e-16
5914.000000 3.864630e-16
5916.000000 3.925410e-16
5918.000000 4.171900e-16
5920.000000 4.224300e-16
5922.000000 4.066510e-16
5924.000000 4.054050e-16
5926.000000 4.352400e-16
5928.000000 4.671090e-16
5930.000000 4.598210e-16
5932.000000 4.218300e-16
5934.000000 4.259380e-16
5936.000000 4.769490e-16
5938.000000 4.837880e-16
5940.000000 4.494380e-16
5942.000000 4.103680e-16
5944.000000 3.763150e-16
5946.000000 3.443360e-16
5948.000000 3.338860e-16
5950.000000 3.456640e-16
5952.000000 3.455750e-16
5954.000000 3.435350e-16
5956.000000 3.407120e-16
5958.000000 3.290290e-16
5960.000000 3.266910e-16
5962.000000 3.568140e-16
5964.000000 4.096290e-16
5966.000000 4.292620e-16
5968.000000 4.281150e-16
5970.000000 4.281260e-16
5972.000000 4.169800e-16
5974.000000 4.131480e-16
5976.000000 4.255930e-16
5978.000000 4.414300e-16
5980.000000 4.405190e-16
5982.000000 4.254280e-16
5984.000000 4.318080e-16
5986.000000 4.661530e-16
5988.000000 4.722130e-16
5990.000000 4.471160e-16
5992.000000 4.198800e-16
5994.000000 4.011570e-16
5996.000000 3.868450e-16
5998.000000 3.945640e-16
6000.000000 4.355520e-16
6002.000000 4.418570e-16
6004.000000 4.227130e-16
6006.000000 4.105090e-16
6008.000000 4.040070e-16
6010.000000 4.045980e-16
6012.000000 4.212470e-16
6014.000000 4.519140e-16
6016.000000 4.644570e-16
6018.000000 4.612510e-16
6020.000000 4.697140e-16
6022.000000 4.985190e-16
6024.000000 5.068500e-16
6026.000000 4.722170e-16
6028.000000 4.217000e-16
6030.000000 4.010900e-16
6032.000000 3.957260e-16
6034.000000 3.895540e-16
6036.000000 3.926610e-16
6038.000000 3.891640e-16
6040.000000 3.751010e-16
6042.000000 3.646540e-16
6044.000000 3.673070e-16
6046.000000 3.779170e-16
6048.000000 3.904310e-16
6050.000000 4.141870e-16
6052.000000 4.238000e-16
6054.000000 4.221770e-16
6056.000000 4.223630e-16
6058.000000 4.216360e-16
6060.000000 4.262800e-16
6062.000000 4.532050e-16
6064.000000 5.023930e-16
6066.000000 5.019770e-16
6068.000000 4.568280e-16
6070.000000 4.270950e-16
6072.000000 3.999280e-16
6074.000000 3.771030e-16
6076.000000 3.577180e-16
6078.000000 3.443560e-16
6080.000000 3.489730e-16
6082.000000 3.742810e-16
6084.000000 3.870740e-16
6086.000000 3.992240e-16
6088.000000 4.053910e-16
6090.000000 4.067990e-16
6092.000000 4.016070e-16
6094.000000 3.840770e-16
6096.000000 3.571150e-16
6098.000000 3.505810e-16
6100.000000 3.548980e-16
6102.000000 3.678810e-16
6104.000000 4.055520e-16
6106.000000 4.243630e-16
6108.000000 4.064200e-16
6110.000000 3.794430e-16
6112.000000 3.792620e-16
6114.000000 3.936420e-16
6116.000000 4.056670e-16
6118.000000 4.354490e-16
6120.000000 4.359210e-16
6122.000000 3.981040e-16
6124.000000 3.655180e-16
6126.000000 3.624410e-16
6128.000000 3.715440e-16
6130.000000 3.660790e-16
6132.000000 3.480840e-16
6134.000000 3.489710e-16
6136.000000 3.679600e-16
6138.000000 3.792600e-16
6140.000000 3.779330e-16
6142.000000 3.772340e-16
6144.000000 3.894570e-16
6146.000000 4.097170e-16
6148.000000 4.207960e-16
6150.000000 4.377930e-16
6152.000000 4.295450e-16
6154.000000 3.813620e-16
6156.000000 3.547640e-16
6158.000000 3.764860e-16
6160.000000 4.134370e-16
6162.000000 4.185520e-16
6164.000000 4.053580e-16
6166.000000 4.027610e-16
6168.000000 4.034010e-16
6170.000000 4.019860e-16
6172.000000 3.985080e-16
6174.000000 3.947750e-16
6176.000000 3.912410e-16
6178.000000 3.878640e-16
6180.000000 3.871870e-16
6182.000000 3.899370e-16
6184.000000 3.901160e-16
6186.000000 3.849300e-16
6188.000000 3.877140e-16
6190.000000 4.058620e-16
6192.000000 4.239360e-16
6194.000000 4.227520e-16
6196.000000 4.084710e-16
6198.000000 4.074860e-16
6200.000000 4.193260e-16
6202.000000 4.171000e-16
6204.000000 3.995310e-16
6206.000000 3.856940e-16
6208.000000 3.815260e-16
6210.000000 3.829090e-16
6212.000000 3.905970e-16
6214.000000 4.103870e-16
6216.000000 4.120530e-16
6218.000000 3.955120e-16
6220.000000 3.896410e-16
6222.000000 3.984160e-16
6224.000000 4.054990e-16
6226.000000 3.990480e-16
6228.000000 3.852200e-16
6230.000000 3.756500e-16
6232.000000 3.577030e-16
6234.000000 3.608440e-16
6236.000000 3.897690e-16
6238.000000 4.070400e-16
6240.000000 4.050590e-16
6242.000000 3.950270e-16
6244.000000 3.838930e-16
6246.000000 3.664530e-16
6248.000000 3.625460e-16
6250.000000 3.747890e-16
6252.000000 3.741390e-16
6254.000000 3.545230e-16
6256.000000 3.458340e-16
6258.000000 3.646720e-16
6260.000000 3.974160e-16
6262.000000 4.220170e-16
6264.000000 4.551070e-16
6266.000000 4.598420e-16
6268.000000 4.344600e-16
6270.000000 4.178950e-16
6272.000000 4.115310e-16
6274.000000 4.068230e-16
6276.000000 3.984490e-16
6278.000000 3.887200e-16
6280.000000 3.869550e-16
6282.000000 3.892510e-16
6284.000000 3.981260e-16
6286.000000 4.218400e-16
6288.000000 4.355410e-16
6290.000000 4.317620e-16
6292.000000 4.195270e-16
6294.000000 4.063080e-16
6296.000000 3.857030e-16
6298.000000 3.801240e-16
6300.000000 3.867290e-16
6302.000000 3.920950e-16
6304.000000 3.980600e-16
6306.000000 4.052080e-16
6308.000000 4.161900e-16
6310.000000 4.279210e-16
6312.000000 4.244420e-16
6314.000000 4.059650e-16
6316.000000 3.938470e-16
6318.000000 3.752050e-16
6320.000000 3.693660e-16
6322.000000 3.857960e-16
6324.000000 4.032440e-16
6326.000000 3.975050e-16
6328.000000 3.772940e-16
6330.000000 3.754520e-16
6332.000000 3.888000e-16
6334.000000 3.918100e-16
6336.000000 3.858230e-16
6338.000000 3.832790e-16
6340.000000 3.904070e-16
6342.000000 3.998770e-16
6344.000000 3.994620e-16
6346.000000 3.918550e-16
6348.000000 3.879280e-16
6350.000000 3.811130e-16
6352.000000 3.813480e-16
6354.000000 3.938450e-16
6356.000000 4.031080e-16
6358.000000 3.966950e-16
6360.000000 3.818950e-16
6362.000000 3.768130e-16
6364.000000 3.769170e-16
6366.000000 3.758390e-16
6368.000000 3.777330e-16
6370.000000 3.759720e-16
6372.000000 3.634510e-16
6374.000000 3.542990e-16
6376.000000 3.707670e-16
6378.000000 4.086780e-16
6380.000000 4.153950e-16
6382.000000 3.952250e-16
6384.000000 3.898190e-16
6386.000000 3.920060e-16
6388.000000 3.984520e-16
6390.000000 4.116730e-16
6392.000000 4.273970e-16
6394.000000 4.309690e-16
6396.000000 4.264910e-16
6398.000000 4.203260e-16
6400.000000 4.106950e-16
6402.000000 3.971090e-16
6404.000000 3.709390e-16
6406.000000 3.523480e-16
6408.000000 3.647490e-16
6410.000000 3.966590e-16
6412.000000 3.930750e-16
6414.000000 3.532450e-16
6416.000000 3.436580e-16
6418.000000 3.510020e-16
6420.000000 3.616870e-16
6422.000000 3.782170e-16
6424.000000 3.939230e-16
6426.000000 3.922090e-16
6428.000000 3.760620e-16
6430.000000 3.731060e-16
6432.000000 3.764360e-16
6434.000000 3.799740e-16
6436.000000 3.905330e-16
6438.000000 3.933480e-16
6440.000000 3.766460e-16
6442.000000 3.504120e-16
6444.000000 3.393780e-16
6446.000000 3.343420e-16
6448.000000 3.361450e-16
6450.000000 3.535450e-16
6452.000000 3.596200e-16
6454.000000 3.463870e-16
6456.000000 3.339730e-16
6458.000000 3.429970e-16
6460.000000 3.653770e-16
6462.000000 3.691790e-16
6464.000000 3.609260e-16
6466.000000 3.545550e-16
6468.000000 3.471180e-16
6470.000000 3.372940e-16
6472.000000 3.211180e-16
6474.000000 3.052980e-16
6476.000000 3.039730e-16
6478.000000 3.130150e-16
6480.000000 3.241150e-16
6482.000000 3.525740e-16
6484.000000 3.585160e-16
6486.000000 3.325660e-16
6488.000000 3.113730e-16
6490.000000 3.192910e-16
6492.000000 3.414260e-16
6494.000000 3.515330e-16
6496.000000 3.593830e-16
6498.000000 3.632620e-16
6500.000000 3.585600e-16
6502.000000 3.602340e-16
6504.000000 3.715650e-16
6506.000000 3.857740e-16
6508.000000 3.968360e-16
6510.000000 4.072720e-16
6512.000000 4.180070e-16
6514.000000 4.306110e-16
6516.000000 4.389350e-16
6518.000000 4.456310e-16
6520.000000 4.471760e-16
6522.000000 4.353350e-16
6524.000000 4.220270e-16
6526.000000 4.397820e-16
6528.000000 4.897730e-16
6530.000000 5.048110e-16
6532.000000 4.911250e-16
6534.000000 4.931560e-16
6536.000000 5.131280e-16
6538.000000 5.351460e-16
6540.000000 5.481580e-16
6542.000000 5.580340e-16
6544.000000 5.797330e-16
6546.000000 6.113040e-16
6548.000000 6.416970e-16
6550.000000 6.774260e-16
6552.000000 7.088880e-16
6554.000000 7.393440e-16
6556.000000 7.613800e-16
6558.000000 7.583020e-16
6560.000000 7.317300e-16
6562.000000 7.266160e-16
6564.000000 7.236850e-16
6566.000000 7.384580e-16
6568.000000 7.797970e-16
6570.000000 8.171250e-16
6572.000000 8.369630e-16
6574.000000 8.482350e-16
6576.000000 8.564380e-16
6578.000000 8.633640e-16
6580.000000 8.524590e-16
6582.000000 8.129410e-16
6584.000000 7.924690e-16
6586.000000 7.958880e-16
6588.000000 8.055540e-16
6590.000000 8.102500e-16
6592.000000 8.152270e-16
6594.000000 8.171710e-16
6596.000000 8.132500e-16
6598.000000 8.167800e-16
6600.000000 8.280210e-16
6602.000000 8.366110e-16
6604.000000 8.401850e-16
6606.000000 8.411690e-16
6608.000000 8.390500e-16
6610.000000 8.295520e-16
6612.000000 8.420000e-16
6614.000000 8.856150e-16
6616.000000 9.018230e-16
6618.000000 8.828370e-16
6620.000000 8.709670e-16
6622.000000 8.868690e-16
6624.000000 9.191260e-16
6626.000000 9.682790e-16
6628.000000 1.059960e-15
6630.000000 1.094200e-15
6632.000000 1.109730e-15
6634.000000 1.079860e-15
6636.000000 9.724640e-16
6638.000000 8.581290e-16
6640.000000 8.118220e-16
6642.000000 8.008670e-16
6644.000000 8.192940e-16
6646.000000 9.030530e-16
6648.000000 9.396450e-16
6650.000000 9.580900e-16
6652.000000 9.504690e-16
6654.000000 9.028920e-16
6656.000000 8.357380e-16
6658.000000 7.905630e-16
6660.000000 7.443680e-16
6662.000000 7.347860e-16
6664.000000 7.703470e-16
6666.000000 7.882170e-16
6668.000000 7.974620e-16
6670.000000 7.942540e-16
6672.000000 7.646600e-16
6674.000000 7.187290e-16
6676.000000 7.120380e-16
6678.000000 7.415450e-16
6680.000000 7.494470e-16
6682.000000 7.549530e-16
6684.000000 7.513770e-16
6686.000000 7.365110e-16
6688.000000 7.144900e-16
6690.000000 6.853910e-16
6692.000000 6.440730e-16
6694.000000 6.422890e-16
6696.000000 6.845230e-16
6698.000000 7.014400e-16
6700.000000 7.070920e-16
6702.000000 7.014640e-16
6704.000000 6.762420e-16
6706.000000 6.429280e-16
6708.000000 6.362550e-16
6710.000000 6.510440e-16
6712.000000 6.511730e-16
6714.000000 6.501490e-16
6716.000000 6.403540e-16
6718.000000 6.135650e-16
6720.000000 5.903520e-16
6722.000000 5.918450e-16
6724.000000 6.077400e-16
6726.000000 5.992040e-16
6728.000000 5.665220e-16
6730.000000 5.538750e-16
6732.000000 5.541410e-16
6734.000000 5.534130e-16
6736.000000 5.481820e-16
6738.000000 5.431610e-16
6740.000000 5.428640e-16
6742.000000 5.460510e-16
6744.000000 5.483560e-16
6746.000000 5.565350e-16
6748.000000 5.534360e-16
6750.000000 5.320120e-16
6752.000000 5.177870e-16
6754.000000 5.303500e-16
6756.000000 5.529330e-16
6758.000000 5.417910e-16
6760.000000 4.947190e-16
6762.000000 4.857480e-16
6764.000000 5.047120e-16
6766.000000 5.157000e-16
6768.000000 5.179760e-16
6770.000000 5.163880e-16
6772.000000 5.107790e-16
6774.000000 5.008310e-16
6776.000000 4.967220e-16
6778.000000 5.023830e-16
6780.000000 4.932970e-16
6782.000000 4.635970e-16
6784.000000 4.460360e-16
6786.000000 4.541980e-16
6788.000000 4.715430e-16
6790.000000 4.763770e-16
6792.000000 4.782810e-16
6794.000000 4.708500e-16
6796.000000 4.479720e-16
6798.000000 4.351290e-16
6800.000000 4.336680e-16
6802.000000 4.316310e-16
6804.000000 4.214340e-16
6806.000000 4.078080e-16
6808.000000 3.999720e-16
6810.000000 3.907120e-16
6812.000000 3.945570e-16
6814.000000 4.168870e-16
6816.000000 4.294520e-16
6818.000000 4.266840e-16
6820.000000 4.200710e-16
6822.000000 4.199300e-16
6824.000000 4.224340e-16
6826.000000 4.197940e-16
6828.000000 4.107320e-16
6830.000000 4.078340e-16
6832.000000 4.081800e-16
6834.000000 4.122560e-16
6836.000000 4.228980e-16
6838.000000 4.358830e-16
6840.000000 4.401330e-16
6842.000000 4.387480e-16
6844.000000 4.372220e-16
6846.000000 4.352590e-16
6848.000000 4.285650e-16
6850.000000 4.133980e-16
6852.000000 3.996780e-16
6854.000000 3.955640e-16
6856.000000 3.967990e-16
6858.000000 3.950150e-16
6860.000000 3.941540e-16
6862.000000 3.906440e-16
6864.000000 3.818750e-16
6866.000000 3.782190e-16
6868.000000 3.816730e-16
6870.000000 3.893420e-16
6872.000000 4.007270e-16
6874.000000 4.184330e-16
6876.000000 4.220220e-16
6878.000000 4.184940e-16
6880.000000 4.064840e-16
6882.000000 3.757030e-16
6884.000000 3.535550e-16
6886.000000 3.541670e-16
6888.000000 3.668920e-16
6890.000000 3.789940e-16
6892.000000 4.021680e-16
6894.000000 4.060670e-16
6896.000000 3.860220e-16
6898.000000 3.838210e-16
6900.000000 4.085470e-16
6902.000000 4.337230e-16
6904.000000 4.375040e-16
6906.000000 4.297670e-16
6908.000000 4.254740e-16
6910.000000 4.184070e-16
6912.000000 4.124390e-16
6914.000000 4.099750e-16
6916.000000 4.015050e-16
6918.000000 3.771470e-16
6920.000000 3.532270e-16
6922.000000 3.595800e-16
6924.000000 3.902850e-16
6926.000000 4.062740e-16
6928.000000 4.267400e-16
6930.000000 4.299630e-16
6932.000000 4.070050e-16
6934.000000 3.887750e-16
6936.000000 3.957810e-16
6938.000000 4.138690e-16
6940.000000 4.152420e-16
6942.000000 4.091120e-16
6944.000000 3.984580e-16
6946.000000 3.734590e-16
6948.000000 3.605340e-16
6950.000000 3.634300e-16
6952.000000 3.729720e-16
6954.000000 3.844880e-16
6956.000000 4.012240e-16
6958.000000 4.030940e-16
6960.000000 3.907510e-16
6962.000000 3.840880e-16
6964.000000 3.754220e-16
6966.000000 3.730810e-16
6968.000000 3.843370e-16
6970.000000 3.993450e-16
6972.000000 3.980840e-16
6974.000000 3.845730e-16
6976.000000 3.787480e-16
6978.000000 3.748160e-16
6980.000000 3.715640e-16
6982.000000 3.671740e-16
6984.000000 3.664060e-16
6986.000000 3.740730e-16
6988.000000 3.871100e-16
6990.000000 3.939720e-16
6992.000000 3.964060e-16
6994.000000 4.025020e-16
6996.000000 4.161570e-16
6998.000000 4.192660e-16
7000.000000 4.040620e-16
7002.000000 3.854050e-16
7004.000000 3.811730e-16
7006.000000 3.852020e-16
7008.000000 3.835600e-16
7010.000000 3.766430e-16
7012.000000 3.779000e-16
7014.000000 3.861430e-16
7016.000000 3.973150e-16
7018.000000 4.153340e-16
7020.000000 4.332980e-16
7022.000000 4.261420e-16
7024.000000 3.948260e-16
7026.000000 3.782810e-16
7028.000000 3.590320e-16
7030.000000 3.541870e-16
7032.000000 3.697010e-16
7034.000000 3.884810e-16
7036.000000 3.979860e-16
7038.000000 4.041920e-16
7040.000000 4.066550e-16
7042.000000 4.061240e-16
7044.000000 4.005720e-16
7046.000000 3.813630e-16
7048.000000 3.744450e-16
7050.000000 3.925800e-16
7052.000000 4.152140e-16
7054.000000 4.124610e-16
7056.000000 3.914590e-16
7058.000000 3.890390e-16
7060.000000 3.955830e-16
7062.000000 4.043020e-16
7064.000000 4.220930e-16
7066.000000 4.342840e-16
7068.000000 4.313580e-16
7070.000000 4.204810e-16
7072.000000 4.147320e-16
7074.000000 4.099240e-16
7076.000000 4.037170e-16
7078.000000 3.931350e-16
7080.000000 3.891670e-16
7082.000000 3.944760e-16
7084.000000 4.021600e-16
7086.000000 4.063080e-16
7088.000000 4.095070e-16
7090.000000 4.138850e-16
7092.000000 4.203170e-16
7094.000000 4.235010e-16
7096.000000 4.279360e-16
7098.000000 4.248290e-16
7100.000000 4.058610e-16
7102.000000 3.836130e-16
7104.000000 3.821790e-16
7106.000000 3.958290e-16
7108.000000 4.026740e-16
7110.000000 4.158480e-16
7112.000000 4.156260e-16
7114.000000 3.973930e-16
7116.000000 3.792400e-16
7118.000000 3.719940e-16
7120.000000 3.694980e-16
7122.000000 3.659400e-16
7124.000000 3.595120e-16
7126.000000 3.644670e-16
7128.000000 3.815340e-16
7130.000000 3.962960e-16
7132.000000 4.105990e-16
7134.000000 4.204490e-16
7136.000000 4.161240e-16
7138.000000 3.995570e-16
7140.000000 3.992220e-16
7142.000000 4.107700e-16
7144.000000 4.177920e-16
7146.000000 4.252930e-16
7148.000000 4.294380e-16
7150.000000 4.290420e-16
7152.000000 4.247280e-16
7154.000000 4.152740e-16
7156.000000 3.993170e-16
7158.000000 3.859440e-16
7160.000000 3.682060e-16
7162.000000 3.589010e-16
7164.000000 3.580000e-16
7166.000000 3.625060e-16
7168.000000 3.734850e-16
7170.000000 3.898870e-16
7172.000000 3.939270e-16
7174.000000 3.873040e-16
7176.000000 3.852880e-16
7178.000000 3.804500e-16
7180.000000 3.815630e-16
7182.000000 3.944090e-16
7184.000000 4.084570e-16
7186.000000 4.085040e-16
7188.000000 3.987230e-16
7190.000000 3.971070e-16
7192.000000 3.967910e-16
7194.000000 4.012440e-16
7196.000000 4.185930e-16
7198.000000 4.260310e-16
7200.000000 4.077200e-16
7202.000000 3.781840e-16
7204.000000 3.692260e-16
7206.000000 3.719340e-16
7208.000000 3.740990e-16
7210.000000 3.834900e-16
7212.000000 3.877920e-16
7214.000000 3.864970e-16
7216.000000 3.824780e-16
7218.000000 3.764010e-16
7220.000000 3.678450e-16
7222.000000 3.637150e-16
7224.000000 3.580530e-16
7226.000000 3.630490e-16
7228.000000 3.829220e-16
7230.000000 3.970780e-16
7232.000000 4.001980e-16
7234.000000 3.982150e-16
7236.000000 3.944280e-16
7238.000000 3.846190e-16
7240.000000 3.878190e-16
7242.000000 4.013510e-16
7244.000000 4.146460e-16
7246.000000 4.372090e-16
7248.000000 4.492410e-16
7250.000000 4.350890e-16
7252.000000 4.062540e-16
7254.000000 3.904110e-16
7256.000000 3.750290e-16
7258.000000 3.701530e-16
7260.000000 3.812590e-16
7262.000000 3.833250e-16
7264.000000 3.683680e-16
7266.000000 3.546830e-16
7268.000000 3.609470e-16
7270.000000 3.799740e-16
7272.000000 3.940240e-16
7274.000000 4.181370e-16
7276.000000 4.219810e-16
7278.000000 4.027930e-16
7280.000000 3.872060e-16
7282.000000 3.834360e-16
7284.000000 3.844600e-16
7286.000000 3.861220e-16
7288.000000 3.904310e-16
7290.000000 3.951880e-16
7292.000000 4.029250e-16
7294.000000 4.078900e-16
7296.000000 4.139160e-16
7298.000000 4.133740e-16
7300.000000 3.942290e-16
7302.000000 3.649990e-16
7304.000000 3.704470e-16
7306.000000 4.114250e-16
7308.000000 4.297270e-16
7310.000000 4.449580e-16
7312.000000 4.496320e-16
7314.000000 4.372590e-16
7316.000000 4.206780e-16
7318.000000 4.171740e-16
7320.000000 4.210150e-16
7322.000000 4.163960e-16
7324.000000 4.009400e-16
7326.000000 3.991080e-16
7328.000000 4.118060e-16
7330.000000 4.235560e-16
7332.000000 4.316950e-16
7334.000000 4.356750e-16
7336.000000 4.220610e-16
7338.000000 3.871730e-16
7340.000000 3.713070e-16
7342.000000 3.582050e-16
7344.000000 3.599890e-16
7346.000000 3.842850e-16
7348.000000 4.110490e-16
7350.000000 4.245110e-16
7352.000000 4.322120e-16
7354.000000 4.374570e-16
7356.000000 4.428260e-16
7358.000000 4.357130e-16
7360.000000 4.075460e-16
7362.000000 3.922410e-16
7364.000000 4.031410e-16
7366.000000 4.197180e-16
7368.000000 4.147480e-16
7370.000000 3.952260e-16
7372.000000 3.910830e-16
7374.000000 3.937130e-16
7376.000000 4.001210e-16
7378.000000 4.153130e-16
7380.000000 4.277940e-16
7382.000000 4.308090e-16
7384.000000 4.291270e-16
7386.000000 4.293410e-16
7388.000000 4.263610e-16
7390.000000 4.311870e-16
7392.000000 4.552860e-16
7394.000000 4.545400e-16
7396.000000 4.132030e-16
7398.000000 3.702180e-16
7400.000000 3.623880e-16
7402.000000 3.740810e-16
7404.000000 3.793180e-16
7406.000000 3.900750e-16
7408.000000 3.954220e-16
7410.000000 3.967870e-16
7412.000000 3.976440e-16
7414.000000 3.968890e-16
7416.000000 3.971870e-16
7418.000000 4.071810e-16
7420.000000 4.291790e-16
7422.000000 4.295410e-16
7424.000000 4.106170e-16
7426.000000 3.980890e-16
7428.000000 3.871760e-16
7430.000000 3.809780e-16
7432.000000 3.841250e-16
7434.000000 3.933010e-16
7436.000000 3.973820e-16
7438.000000 3.987060e-16
7440.000000 4.031960e-16
7442.000000 4.077320e-16
7444.000000 4.163370e-16
7446.000000 4.368010e-16
7448.000000 4.527590e-16
7450.000000 4.404490e-16
7452.000000 4.062690e-16
7454.000000 3.987760e-16
7456.000000 4.071160e-16
7458.000000 4.145960e-16
7460.000000 4.301470e-16
7462.000000 4.395810e-16
7464.000000 4.356340e-16
7466.000000 4.255510e-16
7468.000000 4.205840e-16
7470.000000 4.183470e-16
7472.000000 4.094680e-16
7474.000000 3.854900e-16
7476.000000 3.813400e-16
7478.000000 4.018530e-16
7480.000000 4.271710e-16
7482.000000 4.475830e-16
7484.000000 4.672920e-16
7486.000000 4.670760e-16
7488.000000 4.405490e-16
7490.000000 4.323710e-16
7492.000000 4.306920e-16
7494.000000 4.329310e-16
7496.000000 4.424420e-16
7498.000000 4.523520e-16
7500.000000 4.513360e-16
7502.000000 4.434200e-16
7504.000000 4.342050e-16
7506.000000 4.140060e-16
7508.000000 4.082600e-16
7510.000000 4.194850e-16
7512.000000 4.287560e-16
7514.000000 4.285330e-16
7516.000000 4.234770e-16
7518.000000 4.137620e-16
7520.000000 3.945130e-16
7522.000000 3.865990e-16
7524.000000 3.895620e-16
7526.000000 3.857370e-16
7528.000000 3.683740e-16
7530.000000 3.553030e-16
7532.000000 3.625740e-16
7534.000000 3.829690e-16
7536.000000 4.028360e-16
7538.000000 4.406490e-16
7540.000000 4.497530e-16
7542.000000 4.289040e-16
7544.000000 4.153700e-16
7546.000000 4.179020e-16
7548.000000 4.272940e-16
7550.000000 4.405000e-16
7552.000000 4.644350e-16
7554.000000 4.617130e-16
7556.000000 4.307550e-16
7558.000000 4.139900e-16
7560.000000 4.091590e-16
7562.000000 4.054470e-16
7564.000000 3.951530e-16
7566.000000 3.844690e-16
7568.000000 3.928280e-16
7570.000000 4.255480e-16
7572.000000 4.349830e-16
7574.000000 4.309170e-16
7576.000000 4.262890e-16
7578.000000 4.189380e-16
7580.000000 4.130140e-16
7582.000000 4.142800e-16
7584.000000 4.199090e-16
7586.000000 4.347820e-16
7588.000000 4.691310e-16
7590.000000 4.837030e-16
7592.000000 4.863000e-16
7594.000000 4.804910e-16
7596.000000 4.597980e-16
7598.000000 4.356970e-16
7600.000000 4.402190e-16
7602.000000 4.757880e-16
7604.000000 4.627050e-16
7606.000000 4.006330e-16
7608.000000 3.675240e-16
7610.000000 3.580080e-16
7612.000000 3.625300e-16
7614.000000 3.806110e-16
7616.000000 4.117700e-16
7618.000000 4.427460e-16
7620.000000 4.952620e-16
7622.000000 5.091910e-16
7624.000000 4.963390e-16
7626.000000 4.733990e-16
7628.000000 4.350500e-16
7630.000000 3.930680e-16
7632.000000 3.645250e-16
7634.000000 3.398360e-16
7636.000000 3.432330e-16
7638.000000 3.935730e-16
7640.000000 4.038280e-16
7642.000000 3.756420e-16
7644.000000 3.512690e-16
7646.000000 3.475840e-16
7648.000000 3.516090e-16
7650.000000 3.512990e-16
7652.000000 3.503790e-16
7654.000000 3.524610e-16
7656.000000 3.590640e-16
7658.000000 3.621970e-16
7660.000000 3.605280e-16
7662.000000 3.586730e-16
7664.000000 3.612530e-16
7666.000000 3.659910e-16
7668.000000 3.615550e-16
7670.000000 3.510990e-16
7672.000000 3.370930e-16
7674.000000 3.087580e-16
7676.000000 2.946320e-16
7678.000000 3.036790e-16
7680.000000 3.229450e-16
7682.000000 3.401800e-16
7684.000000 3.638090e-16
7686.000000 3.682530e-16
7688.000000 3.554070e-16
7690.000000 3.452950e-16
7692.000000 3.331180e-16
7694.000000 3.223750e-16
7696.000000 3.149350e-16
7698.000000 3.098990e-16
7700.000000 3.085110e-16
7702.000000 3.093670e-16
7704.000000 3.163620e-16
7706.000000 3.351390e-16
7708.000000 3.453430e-16
7710.000000 3.437910e-16
7712.000000 3.393890e-16
7714.000000 3.387930e-16
7716.000000 3.389970e-16
7718.000000 3.400280e-16
7720.000000 3.463120e-16
7722.000000 3.430360e-16
7724.000000 3.274620e-16
7726.000000 3.171720e-16
7728.000000 3.191780e-16
7730.000000 3.250670e-16
7732.000000 3.239810e-16
7734.000000 3.201190e-16
7736.000000 3.138080e-16
7738.000000 3.029510e-16
7740.000000 2.938130e-16
7742.000000 2.852060e-16
7744.000000 2.779350e-16
7746.000000 2.688250e-16
7748.000000 2.614320e-16
7750.000000 2.799360e-16
7752.000000 3.281540e-16
7754.000000 3.603970e-16
7756.000000 3.973510e-16
7758.000000 4.179020e-16
7760.000000 4.172740e-16
7762.000000 4.053700e-16
7764.000000 3.885420e-16
7766.000000 3.619460e-16
7768.000000 3.522620e-16
7770.000000 3.572160e-16
7772.000000 3.555140e-16
7774.000000 3.456710e-16
7776.000000 3.440890e-16
7778.000000 3.612870e-16
7780.000000 3.851690e-16
7782.000000 3.910710e-16
7784.000000 3.813550e-16
7786.000000 3.908730e-16
7788.000000 4.214500e-16
7790.000000 4.344480e-16
7792.000000 4.283560e-16
7794.000000 4.160350e-16
7796.000000 4.010360e-16
7798.000000 3.823640e-16
7800.000000 3.852070e-16
7802.000000 4.221120e-16
7804.000000 4.202460e-16
7806.000000 3.851550e-16
7808.000000 3.604500e-16
7810.000000 3.501610e-16
7812.000000 3.506930e-16
7814.000000 3.724320e-16
7816.000000 4.205040e-16
7818.000000 4.144510e-16
7820.000000 3.412890e-16
7822.000000 3.264950e-16
7824.000000 3.725410e-16
7826.000000 4.118830e-16
7828.000000 4.118210e-16
7830.000000 3.974750e-16
7832.000000 4.031800e-16
7834.000000 4.185770e-16
7836.000000 4.336680e-16
7838.000000 4.631220e-16
7840.000000 4.717700e-16
7842.000000 4.510020e-16
7844.000000 4.253360e-16
7846.000000 4.150610e-16
7848.000000 4.109630e-16
7850.000000 4.011020e-16
7852.000000 3.857510e-16
7854.000000 3.776120e-16
7856.000000 3.725890e-16
7858.000000 3.729010e-16
7860.000000 3.822060e-16
7862.000000 3.942450e-16
7864.000000 3.968790e-16
7866.000000 3.918590e-16
7868.000000 3.994460e-16
7870.000000 4.177380e-16
7872.000000 4.324770e-16
7874.000000 4.507290e-16
7876.000000 4.602660e-16
7878.000000 4.509120e-16
7880.000000 4.302210e-16
7882.000000 4.166460e-16
7884.000000 3.981880e-16
7886.000000 3.956650e-16
7888.000000 4.107450e-16
7890.000000 4.201980e-16
7892.000000 4.195240e-16
7894.000000 4.194250e-16
7896.000000 4.305770e-16
7898.000000 4.493990e-16
7900.000000 4.567500e-16
7902.000000 4.599640e-16
7904.000000 4.557710e-16
7906.000000 4.331540e-16
7908.000000 4.241030e-16
7910.000000 4.470490e-16
7912.000000 4.794630e-16
7914.000000 4.832210e-16
7916.000000 4.729110e-16
7918.000000 4.491170e-16
7920.000000 3.927610e-16
7922.000000 3.626210e-16
7924.000000 3.562430e-16
7926.000000 3.625400e-16
7928.000000 3.812760e-16
7930.000000 4.110700e-16
7932.000000 4.241830e-16
7934.000000 4.315180e-16
7936.000000 4.289100e-16
7938.000000 4.090380e-16
7940.000000 3.965940e-16
7942.000000 3.958190e-16
7944.000000 3.993930e-16
7946.000000 4.027980e-16
7948.000000 4.088370e-16
7950.000000 4.083950e-16
7952.000000 4.017120e-16
7954.000000 3.976540e-16
7956.000000 3.905110e-16
7958.000000 3.906100e-16
7960.000000 4.067800e-16
7962.000000 4.292220e-16
7964.000000 4.352060e-16
7966.000000 4.315120e-16
7968.000000 4.261260e-16
7970.000000 4.144960e-16
7972.000000 4.030790e-16
7974.000000 3.863950e-16
7976.000000 3.759680e-16
7978.000000 3.837160e-16
7980.000000 4.038480e-16
7982.000000 4.198970e-16
7984.000000 4.496300e-16
7986.000000 4.518540e-16
7988.000000 4.231470e-16
7990.000000 4.049270e-16
7992.000000 4.116460e-16
7994.000000 4.216850e-16
7996.000000 4.062790e-16
7998.000000 3.696010e-16
8000.000000 3.671640e-16
8002.000000 3.918960e-16
8004.000000 4.098050e-16
8006.000000 4.267850e-16
8008.000000 4.426570e-16
8010.000000 4.614930e-16
8012.000000 4.775150e-16
8014.000000 4.635140e-16
8016.000000 4.166640e-16
8018.000000 3.890350e-16
8020.000000 3.631130e-16
8022.000000 3.446030e-16
8024.000000 3.350710e-16
8026.000000 3.305200e-16
8028.000000 3.264020e-16
8030.000000 3.243590e-16
8032.000000 3.352920e-16
8034.000000 3.613360e-16
8036.000000 3.831580e-16
8038.000000 4.110410e-16
8040.000000 4.297860e-16
8042.000000 4.346160e-16
8044.000000 4.304190e-16
8046.000000 4.194470e-16
8048.000000 3.947370e-16
8050.000000 3.922520e-16
8052.000000 4.143050e-16
8054.000000 4.182760e-16
8056.000000 4.029710e-16
8058.000000 3.858210e-16
8060.000000 3.758690e-16
8062.000000 3.681360e-16
8064.000000 3.598050e-16
8066.000000 3.471460e-16
8068.000000 3.476020e-16
8070.000000 3.616580e-16
8072.000000 3.728540e-16
8074.000000 3.816170e-16
8076.000000 3.869340e-16
8078.000000 3.835690e-16
8080.000000 3.725400e-16
8082.000000 3.695540e-16
8084.000000 3.682640e-16
8086.000000 3.725760e-16
8088.000000 3.887150e-16
8090.000000 3.977270e-16
8092.000000 3.897300e-16
8094.000000 3.749360e-16
8096.000000 3.696500e-16
8098.000000 3.668730e-16
8100.000000 3.706430e-16
8102.000000 3.874090e-16
8104.000000 3.934780e-16
8106.000000 3.858890e-16
8108.000000 3.773710e-16
8110.000000 3.777670e-16
8112.000000 3.818130e-16
8114.000000 3.754340e-16
8116.000000 3.580850e-16
8118.000000 3.483260e-16
8120.000000 3.388580e-16
8122.000000 3.353910e-16
8124.000000 3.429170e-16
8126.000000 3.521480e-16
8128.000000 3.479700e-16
8130.000000 3.327890e-16
8132.000000 3.394690e-16
8134.000000 3.686380e-16
8136.000000 3.841310e-16
8138.000000 3.895380e-16
8140.000000 3.931480e-16
8142.000000 3.982850e-16
8144.000000 4.025180e-16
8146.000000 4.034300e-16
8148.000000 4.043520e-16
8150.000000 3.946970e-16
8152.000000 3.694780e-16
8154.000000 3.534170e-16
8156.000000 3.494970e-16
8158.000000 3.474600e-16
8160.000000 3.392860e-16
8162.000000 3.285560e-16
8164.000000 3.238210e-16
8166.000000 3.177250e-16
8168.000000 3.252910e-16
8170.000000 3.516390e-16
8172.000000 3.715970e-16
8174.000000 3.821200e-16
8176.000000 3.841490e-16
8178.000000 3.680020e-16
8180.000000 3.290780e-16
8182.000000 3.229110e-16
8184.000000 3.439570e-16
8186.000000 3.541810e-16
8188.000000 3.568710e-16
8190.000000 3.585660e-16
8192.000000 3.599060e-16
8194.000000 3.615110e-16
8196.000000 3.734510e-16
8198.000000 4.071800e-16
8200.000000 4.042800e-16
8202.000000 3.653530e-16
8204.000000 3.399640e-16
8206.000000 3.332510e-16
8208.000000 3.320300e-16
8210.000000 3.278430e-16
8212.000000 3.241950e-16
8214.000000 3.248790e-16
8216.000000 3.299780e-16
8218.000000 3.350510e-16
8220.000000 3.458780e-16
8222.000000 3.495640e-16
8224.000000 3.360460e-16
8226.000000 3.187690e-16
8228.000000 3.242270e-16
8230.000000 3.458370e-16
8232.000000 3.639910e-16
8234.000000 3.971590e-16
8236.000000 4.068120e-16
8238.000000 3.828730e-16
8240.000000 3.609640e-16
8242.000000 3.656240e-16
8244.000000 3.832810e-16
8246.000000 3.938170e-16
8248.000000 4.062850e-16
8250.000000 4.136280e-16
8252.000000 4.196390e-16
8254.000000 4.193140e-16
8256.000000 4.090480e-16
8258.000000 3.959330e-16
8260.000000 3.881350e-16
8262.000000 3.816260e-16
8264.000000 3.823340e-16
8266.000000 3.979550e-16
8268.000000 3.971540e-16
8270.000000 3.805620e-16
8272.000000 3.633040e-16
8274.000000 3.482870e-16
8276.000000 3.355030e-16
8278.000000 3.354380e-16
8280.000000 3.475980e-16
8282.000000 3.560870e-16
8284.000000 3.695540e-16
8286.000000 3.763930e-16
8288.000000 3.779040e-16
8290.000000 3.732690e-16
8292.000000 3.566180e-16
8294.000000 3.309750e-16
8296.000000 3.300940e-16
8298.000000 3.493070e-16
8300.000000 3.652070e-16
8302.000000 3.940820e-16
8304.000000 4.079790e-16
8306.000000 3.956320e-16
8308.000000 3.744690e-16
8310.000000 3.666460e-16
8312.000000 3.643890e-16
8314.000000 3.587010e-16
8316.000000 3.495480e-16
8318.000000 3.462130e-16
8320.000000 3.539720e-16
8322.000000 3.552500e-16
8324.000000 3.367440e-16
8326.000000 3.097630e-16
8328.000000 3.027790e-16
8330.000000 3.123820e-16
8332.000000 3.101250e-16
8334.000000 2.993460e-16
8336.000000 2.955520e-16
8338.000000 3.005670e-16
8340.000000 3.089300e-16
8342.000000 3.183740e-16
8344.000000 3.304330e-16
8346.000000 3.315320e-16
8348.000000 3.180290e-16
8350.000000 3.172850e-16
8352.000000 3.309020e-16
8354.000000 3.359070e-16
8356.000000 3.198700e-16
8358.000000 2.995650e-16
8360.000000 3.035030e-16
8362.000000 3.275200e-16
8364.000000 3.301590e-16
8366.000000 3.178340e-16
8368.000000 3.111630e-16
8370.000000 3.122820e-16
8372.000000 3.089040e-16
8374.000000 2.888960e-16
8376.000000 2.614250e-16
8378.000000 2.619410e-16
8380.000000 2.970410e-16
8382.000000 2.960090e-16
8384.000000 2.685480e-16
8386.000000 2.472480e-16
8388.000000 2.298060e-16
8390.000000 2.212860e-16
8392.000000 2.362170e-16
8394.000000 2.711770e-16
8396.000000 2.901290e-16
8398.000000 3.062410e-16
8400.000000 3.151210e-16
8402.000000 3.214660e-16
8404.000000 3.152600e-16
8406.000000 2.867170e-16
8408.000000 2.483890e-16
8410.000000 2.281780e-16
8412.000000 2.160640e-16
8414.000000 2.091930e-16
8416.000000 2.137070e-16
8418.000000 2.133870e-16
8420.000000 2.096810e-16
8422.000000 2.030450e-16
8424.000000 1.923000e-16
8426.000000 1.781450e-16
8428.000000 1.644880e-16
8430.000000 1.446160e-16
8432.000000 1.368850e-16
8434.000000 1.363770e-16
8436.000000 1.421550e-16
8438.000000 1.601030e-16
8440.000000 1.785010e-16
8442.000000 1.773550e-16
8444.000000 1.615000e-16
8446.000000 1.603080e-16
8448.000000 1.656500e-16
8450.000000 1.732450e-16
8452.000000 1.898660e-16
8454.000000 1.999940e-16
8456.000000 1.925560e-16
8458.000000 1.777740e-16
8460.000000 1.785490e-16
8462.000000 1.915760e-16
8464.000000 1.945270e-16
8466.000000 1.902880e-16
8468.000000 1.905290e-16
8470.000000 1.962890e-16
8472.000000 2.035650e-16
8474.000000 2.097700e-16
8476.000000 2.161010e-16
8478.000000 2.228190e-16
8480.000000 2.274730e-16
8482.000000 2.380200e-16
8484.000000 2.589730e-16
8486.000000 2.719770e-16
8488.000000 2.710260e-16
8490.000000 2.637440e-16
8492.000000 2.578560e-16
8494.000000 2.487970e-16
8496.000000 2.463210e-16
8498.000000 2.471670e-16
8500.000000 2.518990e-16
8502.000000 2.588240e-16
8504.000000 2.719800e-16
8506.000000 2.977440e-16
8508.000000 3.300890e-16
8510.000000 3.449640e-16
8512.000000 3.501880e-16
8514.000000 3.489440e-16
8516.000000 3.299820e-16
8518.000000 3.237710e-16
8520.000000 3.354080e-16
8522.000000 3.525800e-16
8524.000000 3.667040e-16
8526.000000 3.821520e-16
8528.000000 3.888610e-16
8530.000000 3.845700e-16
8532.000000 3.878250e-16
8534.000000 3.991400e-16
8536.000000 4.054060e-16
8538.000000 3.995750e-16
8540.000000 3.901570e-16
8542.000000 3.928230e-16
8544.000000 4.080100e-16
8546.000000 4.007090e-16
8548.000000 3.765240e-16
8550.000000 3.518150e-16
8552.000000 3.140980e-16
8554.000000 2.889060e-16
8556.000000 3.017930e-16
8558.000000 3.368760e-16
8560.000000 3.409290e-16
8562.000000 3.178920e-16
8564.000000 3.196060e-16
8566.000000 3.388130e-16
8568.000000 3.526640e-16
8570.000000 3.594490e-16
8572.000000 3.614280e-16
8574.000000 3.549990e-16
8576.000000 3.388560e-16
8578.000000 3.417900e-16
8580.000000 3.687910e-16
8582.000000 3.731430e-16
8584.000000 3.602970e-16
8586.000000 3.409070e-16
8588.000000 3.131060e-16
8590.000000 2.824110e-16
8592.000000 2.728440e-16
8594.000000 2.802210e-16
8596.000000 2.822820e-16
8598.000000 2.835270e-16
8600.000000 2.909300e-16
8602.000000 3.091210e-16
8604.000000 3.259920e-16
8606.000000 3.316150e-16
8608.000000 3.307600e-16
8610.000000 3.284670e-16
8612.000000 3.107870e-16
8614.000000 3.192370e-16
8616.000000 3.571380e-16
8618.000000 3.830840e-16
8620.000000 3.897930e-16
8622.000000 3.852400e-16
8624.000000 3.685350e-16
8626.000000 3.337650e-16
8628.000000 3.274720e-16
8630.000000 3.399010e-16
8632.000000 3.547850e-16
8634.000000 3.818880e-16
8636.000000 4.033660e-16
8638.000000 4.095760e-16
8640.000000 4.066860e-16
8642.000000 3.983980e-16
8644.000000 3.699650e-16
8646.000000 3.762430e-16
8648.000000 4.127910e-16
8650.000000 4.437360e-16
8652.000000 4.716730e-16
8654.000000 4.941060e-16
8656.000000 5.062640e-16
8658.000000 5.108310e-16
8660.000000 4.937340e-16
8662.000000 4.356180e-16
8664.000000 4.168990e-16
8666.000000 4.213440e-16
8668.000000 4.390690e-16
8670.000000 4.763410e-16
8672.000000 5.202970e-16
8674.000000 5.399530e-16
8676.000000 5.451670e-16
8678.000000 5.494600e-16
8680.000000 5.461090e-16
8682.000000 5.429360e-16
8684.000000 5.375480e-16
8686.000000 5.332010e-16
8688.000000 5.346220e-16
8690.000000 5.380980e-16
8692.000000 5.278260e-16
8694.000000 4.947150e-16
8696.000000 4.929900e-16
8698.000000 5.171460e-16
8700.000000 5.365220e-16
8702.000000 5.486010e-16
8704.000000 5.584840e-16
8706.000000 5.705390e-16
8708.000000 5.854060e-16
8710.000000 5.710210e-16
8712.000000 5.132030e-16
8714.000000 4.931030e-16
8716.000000 5.034640e-16
8718.000000 5.163160e-16
8720.000000 5.255530e-16
8722.000000 5.335410e-16
8724.000000 5.311530e-16
8726.000000 5.184200e-16
8728.000000 5.124540e-16
8730.000000 5.081510e-16
8732.000000 5.050190e-16
8734.000000 5.003340e-16
8736.000000 5.006950e-16
8738.000000 5.132280e-16
8740.000000 5.339210e-16
8742.000000 5.460080e-16
8744.000000 5.541860e-16
8746.000000 5.622540e-16
8748.000000 5.752740e-16
8750.000000 5.756700e-16
8752.000000 5.540820e-16
8754.000000 5.272680e-16
8756.000000 5.160880e-16
8758.000000 5.113680e-16
8760.000000 5.178020e-16
8762.000000 5.527190e-16
8764.000000 5.553100e-16
8766.000000 5.257430e-16
8768.000000 4.932450e-16
8770.000000 4.673890e-16
8772.000000 4.435010e-16
8774.000000 4.287060e-16
8776.000000 4.215490e-16
8778.000000 4.169320e-16
8780.000000 4.122390e-16
8782.000000 4.200240e-16
8784.000000 4.479780e-16
8786.000000 4.768240e-16
8788.000000 4.893610e-16
8790.000000 4.934280e-16
8792.000000 4.978680e-16
8794.000000 4.994420e-16
8796.000000 4.989670e-16
8798.000000 4.956860e-16
8800.000000 4.911170e-16
8802.000000 4.855620e-16
8804.000000 4.787500e-16
8806.000000 4.697520e-16
8808.000000 4.565610e-16
8810.000000 4.547980e-16
8812.000000 4.615590e-16
8814.000000 4.704060e-16
8816.000000 4.849610e-16
8818.000000 4.986220e-16
8820.000000 5.164150e-16
8822.000000 5.303930e-16
8824.000000 4.884610e-16
8826.000000 3.568550e-16
8828.000000 3.391070e-16
8830.000000 4.075980e-16
8832.000000 4.650780e-16
8834.000000 5.176480e-16
8836.000000 5.561880e-16
8838.000000 5.543340e-16
8840.000000 5.215030e-16
8842.000000 4.954970e-16
8844.000000 4.495730e-16
8846.000000 4.307890e-16
8848.000000 4.365950e-16
8850.000000 4.441840e-16
8852.000000 4.506520e-16
8854.000000 4.552800e-16
8856.000000 4.443290e-16
8858.000000 4.160610e-16
8860.000000 4.085080e-16
8862.000000 4.164470e-16
8864.000000 4.194120e-16
8866.000000 4.187680e-16
8868.000000 4.171550e-16
8870.000000 4.164880e-16
8872.000000 4.153750e-16
8874.000000 4.061290e-16
8876.000000 3.910580e-16
8878.000000 3.715240e-16
8880.000000 3.409640e-16
8882.000000 3.172080e-16
8884.000000 2.951740e-16
8886.000000 2.862030e-16
8888.000000 3.158140e-16
8890.000000 3.813760e-16
8892.000000 3.998800e-16
8894.000000 3.904370e-16
8896.000000 3.786880e-16
8898.000000 3.426560e-16
8900.000000 3.266150e-16
8902.000000 3.595930e-16
8904.000000 4.124460e-16
8906.000000 4.282480e-16
8908.000000 4.293460e-16
8910.000000 4.108680e-16
8912.000000 3.542270e-16
8914.000000 3.206630e-16
8916.000000 3.153550e-16
8918.000000 3.145570e-16
8920.000000 3.010380e-16
8922.000000 2.831520e-16
8924.000000 2.801890e-16
8926.000000 2.852240e-16
8928.000000 2.993390e-16
8930.000000 3.343590e-16
8932.000000 3.560460e-16
8934.000000 3.530380e-16
8936.000000 3.420910e-16
8938.000000 3.419370e-16
8940.000000 3.449040e-16
8942.000000 3.515160e-16
8944.000000 3.681760e-16
8946.000000 3.738660e-16
8948.000000 3.648360e-16
8950.000000 3.599170e-16
8952.000000 3.671570e-16
8954.000000 3.821110e-16
8956.000000 4.074290e-16
8958.000000 4.582650e-16
8960.000000 4.686200e-16
8962.000000 4.472980e-16
8964.000000 4.271220e-16
8966.000000 4.056190e-16
8968.000000 3.852850e-16
8970.000000 3.712450e-16
8972.000000 3.608880e-16
8974.000000 3.620770e-16
8976.000000 3.785720e-16
8978.000000 3.890110e-16
8980.000000 4.086030e-16
8982.000000 4.099700e-16
8984.000000 3.715360e-16
8986.000000 3.249540e-16
8988.000000 3.308840e-16
8990.000000 3.825130e-16
8992.000000 3.793850e-16
8994.000000 3.254830e-16
8996.000000 3.070810e-16
8998.000000 3.339620e-16
9000.000000 3.525630e-16
9002.000000 3.229290e-16
9004.000000 2.718960e-16
9006.000000 2.725080e-16
9008.000000 3.257520e-16
9010.000000 3.323490e-16
9012.000000 3.067530e-16
9014.000000 2.923030e-16
9016.000000 2.958990e-16
9018.000000 3.032770e-16
9020.000000 3.022420e-16
9022.000000 2.966970e-16
9024.000000 3.038810e-16
9026.000000 3.259980e-16
9028.000000 3.372180e-16
9030.000000 3.431670e-16
9032.000000 3.438690e-16
9034.000000 3.365740e-16
9036.000000 3.254060e-16
9038.000000 3.215720e-16
9040.000000 3.239760e-16
9042.000000 3.168650e-16
9044.000000 2.974350e-16
9046.000000 2.892530e-16
9048.000000 2.932980e-16
9050.000000 3.015650e-16
9052.000000 3.092780e-16
9054.000000 3.188610e-16
9056.000000 3.327880e-16
9058.000000 3.605140e-16
9060.000000 3.667220e-16
9062.000000 3.547930e-16
9064.000000 3.439300e-16
9066.000000 3.362640e-16
9068.000000 3.294870e-16
9070.000000 3.254390e-16
9072.000000 3.249290e-16
9074.000000 3.145150e-16
9076.000000 2.892790e-16
9078.000000 2.790600e-16
9080.000000 2.826250e-16
9082.000000 2.886160e-16
9084.000000 2.956800e-16
9086.000000 3.024560e-16
9088.000000 2.940190e-16
9090.000000 2.652100e-16
9092.000000 2.623790e-16
9094.000000 2.792570e-16
9096.000000 2.924530e-16
9098.000000 3.068250e-16
