4102.000000 6.975570e-17
4104.000000 6.778730e-17
4106.000000 7.517430e-17
4108.000000 8.290990e-17
4110.000000 5.713900e-17
4112.000000 8.080890e-17
4114.000000 9.358810e-17
4116.000000 9.868210e-17
4118.000000 7.605680e-17
4120.000000 6.521030e-17
4122.000000 9.059440e-17
4124.000000 1.056170e-16
4126.000000 8.030640e-17
4128.000000 9.076220e-17
4130.000000 1.057120e-16
4132.000000 7.506010e-17
4134.000000 4.212750e-17
4136.000000 1.717850e-16
4138.000000 1.087420e-16
4140.000000 1.145530e-16
4142.000000 9.117270e-17
4144.000000 7.747290e-17
4146.000000 1.341070e-16
4148.000000 7.344320e-17
4150.000000 1.039390e-16
4152.000000 6.673150e-17
4154.000000 1.494330e-16
4156.000000 7.047900e-17
4158.000000 4.949990e-17
4160.000000 5.782330e-17
4162.000000 7.711860e-17
4164.000000 1.167860e-16
4166.000000 8.651310e-17
4168.000000 4.064980e-17
4170.000000 1.132120e-16
4172.000000 3.855410e-17
4174.000000 4.364280e-17
4176.000000 9.541180e-17
4178.000000 6.853340e-17
4180.000000 9.692420e-17
4182.000000 6.819420e-17
4184.000000 8.469680e-17
4186.000000 5.980390e-17
4188.000000 6.230750e-17
4190.000000 9.819920e-17
4192.000000 6.213460e-17
4194.000000 6.437150e-17
4196.000000 6.510290e-17
4198.000000 6.784890e-17
4200.000000 6.188460e-17
4202.000000 7.679710e-17
4204.000000 4.281290e-17
4206.000000 6.239670e-17
4208.000000 7.027280e-17
4210.000000 3.865450e-17
4212.000000 4.443050e-17
4214.000000 6.573980e-17
4216.000000 9.067960e-17
4218.000000 1.750960e-17
4220.000000 8.158490e-17
4222.000000 6.115460e-17
4224.000000 6.833830e-17
4226.000000 8.423350e-17
4230.000000 5.053270e-17
4232.000000 7.199880e-17
4234.000000 8.588430e-17
4236.000000 1.990010e-17
4238.000000 7.090350e-17
4240.000000 5.386960e-17
4242.000000 2.123710e-17
4244.000000 6.216850e-17
4246.000000 5.650060e-17
4248.000000 5.422940e-17
4250.000000 3.433010e-17
4252.000000 4.874150e-17
4254.000000 7.734480e-17
4256.000000 2.289780e-17
4260.000000 1.636890e-17
4262.000000 7.071340e-17
4264.000000 3.989760e-17
4266.000000 1.058610e-16
4268.000000 1.205350e-17
4270.000000 4.890970e-17
4272.000000 1.033180e-16
4274.000000 9.272960e-17
4276.000000 4.948520e-17
4278.000000 5.013070e-17
4280.000000 3.148940e-17
4282.000000 9.441930e-17
4284.000000 5.185130e-17
4286.000000 2.486030e-17
4288.000000 3.864800e-17
4292.000000 6.572380e-17
4294.000000 2.586820e-17
4296.000000 5.323630e-17
4298.000000 7.288600e-17
4302.000000 7.698770e-17
4304.000000 6.438660e-17
4306.000000 5.125710e-17
4308.000000 1.559980e-17
4310.000000 4.155000e-17
4312.000000 8.946000e-17
4314.000000 3.504370e-17
4316.000000 6.342500e-17
4318.000000 2.766720e-17
4320.000000 8.310160e-17
4324.000000 7.978050e-17
4326.000000 6.496130e-17
4328.000000 3.893240e-17
4330.000000 9.870670e-17
4332.000000 8.106480e-17
4334.000000 5.693260e-17
4336.000000 9.576530e-17
4338.000000 7.199760e-17
4340.000000 8.504700e-17
4342.000000 5.703410e-17
4344.000000 4.786700e-17
4346.000000 1.103510e-16
4348.000000 1.554730e-16
4350.000000 5.586610e-17
4352.000000 6.797050e-17
4354.000000 7.989930e-17
4356.000000 1.394280e-16
4358.000000 1.808740e-16
4360.000000 2.927100e-17
4362.000000 2.618290e-17
4364.000000 6.388630e-17
4366.000000 1.799420e-17
4368.000000 4.574600e-17
4370.000000 3.128540e-17
4372.000000 9.279650e-17
4374.000000 9.731980e-17
4376.000000 2.693880e-17
4378.000000 8.399730e-17
4380.000000 5.359570e-17
4382.000000 7.858880e-17
4384.000000 9.523030e-17
4386.000000 1.423620e-16
4388.000000 1.214350e-16
4390.000000 5.703710e-17
4392.000000 1.917450e-17
4394.000000 8.504760e-17
4396.000000 7.616730e-17
4398.000000 8.961120e-17
4400.000000 7.282260e-17
4402.000000 9.186110e-17
4404.000000 1.155160e-16
4406.000000 7.946850e-17
4408.000000 1.072070e-16
4410.000000 1.283280e-16
4412.000000 1.049040e-16
4414.000000 1.039810e-16
4416.000000 1.056920e-16
4418.000000 7.937360e-17
4420.000000 1.175040e-16
4422.000000 6.154560e-17
4424.000000 8.023450e-17
4426.000000 8.423020e-17
4428.000000 9.359670e-17
4430.000000 8.895100e-17
4432.000000 6.968710e-17
4434.000000 6.044710e-17
4436.000000 6.600430e-17
4438.000000 9.249630e-17
4440.000000 7.736230e-17
4442.000000 9.192350e-17
4444.000000 1.121950e-16
4446.000000 9.131320e-17
4448.000000 1.165650e-16
4450.000000 8.934030e-17
4452.000000 7.693400e-17
4454.000000 6.045640e-17
4456.000000 9.174560e-17
4458.000000 1.024480e-16
4460.000000 1.017080e-16
4462.000000 1.412090e-16
4464.000000 1.139720e-16
4466.000000 8.577660e-17
4468.000000 8.897630e-17
4470.000000 8.622240e-17
4472.000000 6.156390e-17
4474.000000 1.019090e-16
4476.000000 1.125250e-16
4478.000000 9.105230e-17
4480.000000 3.741200e-17
4482.000000 8.901120e-17
4484.000000 1.129380e-16
4486.000000 8.215180e-17
4488.000000 8.866700e-17
4490.000000 8.116210e-17
4492.000000 1.170130e-16
4494.000000 6.079230e-17
4496.000000 4.106260e-17
4498.000000 6.621680e-17
4500.000000 1.071910e-16
4502.000000 8.779630e-17
4504.000000 7.742240e-17
4506.000000 7.484730e-17
4508.000000 1.176700e-16
4510.000000 8.231610e-17
4512.000000 6.875130e-17
4514.000000 4.069930e-17
4516.000000 4.210910e-17
4518.000000 3.900880e-17
4520.000000 9.381010e-17
4522.000000 1.131160e-16
4524.000000 7.115010e-17
4526.000000 6.239960e-17
4528.000000 6.081880e-17
4530.000000 1.068950e-16
4532.000000 7.867710e-17
4534.000000 7.667060e-17
4536.000000 6.108030e-17
4538.000000 1.084880e-16
4540.000000 9.870870e-17
4542.000000 8.612310e-17
4544.000000 1.064390e-16
4546.000000 9.442960e-17
4548.000000 8.888830e-17
4550.000000 8.889610e-17
4552.000000 8.475060e-17
4554.000000 1.115440e-16
4556.000000 9.820780e-17
4558.000000 8.588050e-17
4560.000000 6.266100e-17
4562.000000 1.329830e-16
4564.000000 9.814190e-17
4566.000000 9.820580e-17
4568.000000 1.201830e-16
4570.000000 1.049610e-16
4572.000000 9.251340e-17
4574.000000 1.117830e-16
4576.000000 1.547070e-16
4578.000000 1.561230e-16
4580.000000 1.457840e-16
4582.000000 2.048040e-16
4584.000000 1.582540e-16
4586.000000 1.194070e-16
4588.000000 1.606470e-16
4590.000000 1.291780e-16
4592.000000 2.064140e-16
4594.000000 1.641370e-16
4596.000000 1.337610e-16
4598.000000 1.827430e-16
4600.000000 1.981600e-16
4602.000000 1.801300e-16
4604.000000 1.863940e-16
4606.000000 1.942630e-16
4608.000000 2.277820e-16
4610.000000 1.503170e-16
4612.000000 1.637610e-16
4614.000000 1.800770e-16
4616.000000 1.875630e-16
4618.000000 2.108990e-16
4620.000000 2.092210e-16
4622.000000 2.033460e-16
4624.000000 1.797710e-16
4626.000000 1.977950e-16
4628.000000 1.990910e-16
4630.000000 2.422080e-16
4632.000000 1.460510e-16
4634.000000 1.914250e-16
4636.000000 2.040830e-16
4638.000000 1.896560e-16
4640.000000 1.542340e-16
4642.000000 1.988880e-16
4644.000000 1.793950e-16
4646.000000 2.122010e-16
4648.000000 2.058850e-16
4650.000000 1.985170e-16
4652.000000 1.911580e-16
4654.000000 2.572440e-16
4656.000000 2.555970e-16
4658.000000 1.991360e-16
4660.000000 1.765650e-16
4662.000000 2.378890e-16
4664.000000 2.200100e-16
4666.000000 2.349920e-16
4668.000000 2.327430e-16
4670.000000 2.288090e-16
4672.000000 1.916520e-16
4674.000000 1.980950e-16
4676.000000 2.077420e-16
4678.000000 2.356800e-16
4680.000000 2.128670e-16
4682.000000 2.365750e-16
4684.000000 2.574070e-16
4686.000000 2.189580e-16
4688.000000 2.311010e-16
4690.000000 1.965690e-16
4692.000000 2.233310e-16
4694.000000 2.340690e-16
4696.000000 2.399140e-16
4698.000000 2.885440e-16
4700.000000 2.537770e-16
4702.000000 2.532090e-16
4704.000000 2.650240e-16
4706.000000 2.296130e-16
4708.000000 2.694430e-16
4710.000000 2.357130e-16
4712.000000 2.562850e-16
4714.000000 2.213370e-16
4716.000000 2.450340e-16
4718.000000 2.207520e-16
4720.000000 2.497480e-16
4722.000000 2.350050e-16
4724.000000 2.618370e-16
4726.000000 2.444090e-16
4728.000000 2.541620e-16
4730.000000 2.381420e-16
4732.000000 2.538360e-16
4734.000000 2.431950e-16
4736.000000 1.842210e-16
4738.000000 2.098920e-16
4740.000000 2.217110e-16
4742.000000 2.394070e-16
4744.000000 1.854830e-16
4746.000000 2.115570e-16
4748.000000 1.960470e-16
4750.000000 2.116230e-16
4752.000000 2.238570e-16
4754.000000 2.253010e-16
4756.000000 1.735220e-16
4758.000000 1.936850e-16
4760.000000 1.942220e-16
4762.000000 1.954040e-16
4764.000000 1.939830e-16
4766.000000 1.781100e-16
4768.000000 1.749930e-16
4770.000000 2.143570e-16
4772.000000 1.974410e-16
4774.000000 1.638800e-16
4776.000000 1.782880e-16
4778.000000 1.815630e-16
4780.000000 1.731660e-16
4782.000000 1.495520e-16
4784.000000 1.692150e-16
4786.000000 1.538510e-16
4788.000000 1.625010e-16
4790.000000 1.319650e-16
4792.000000 1.416110e-16
4794.000000 1.219630e-16
4796.000000 1.362900e-16
4798.000000 1.277990e-16
4800.000000 1.026840e-16
4802.000000 1.161020e-16
4804.000000 1.393760e-16
4806.000000 1.154410e-16
4808.000000 1.219900e-16
4810.000000 7.620140e-17
4812.000000 9.491130e-17
4814.000000 9.599360e-17
4816.000000 1.080050e-16
4818.000000 1.189590e-16
4820.000000 1.229470e-16
4822.000000 1.488190e-16
4824.000000 1.173600e-16
4826.000000 1.015040e-16
4828.000000 9.109770e-17
4830.000000 8.938160e-17
4832.000000 9.232430e-17
4834.000000 1.129850e-16
4836.000000 1.052330e-16
4838.000000 1.311390e-16
4840.000000 1.198500e-16
4842.000000 1.317790e-16
4844.000000 1.178520e-16
4846.000000 1.530560e-16
4848.000000 1.349200e-16
4850.000000 1.300140e-16
4852.000000 1.674110e-16
4854.000000 1.595970e-16
4856.000000 1.621190e-16
4858.000000 1.436020e-16
4860.000000 1.393970e-16
4862.000000 1.487670e-16
4864.000000 1.560400e-16
4866.000000 1.710820e-16
4868.000000 1.892850e-16
4870.000000 2.296560e-16
4872.000000 2.294720e-16
4874.000000 1.964970e-16
4876.000000 1.784350e-16
4878.000000 2.152430e-16
4880.000000 2.384590e-16
4882.000000 1.892360e-16
4884.000000 1.997940e-16
4886.000000 2.047860e-16
4888.000000 1.848350e-16
4890.000000 2.103600e-16
4892.000000 2.602490e-16
4894.000000 2.271640e-16
4896.000000 2.190790e-16
4898.000000 1.965950e-16
4900.000000 2.127710e-16
4902.000000 2.418620e-16
4904.000000 2.525780e-16
4906.000000 2.383060e-16
4908.000000 2.310220e-16
4910.000000 2.458340e-16
4912.000000 2.989100e-16
4914.000000 2.653040e-16
4916.000000 1.985770e-16
4918.000000 1.783830e-16
4920.000000 1.660200e-16
4922.000000 1.719260e-16
4924.000000 2.142100e-16
4926.000000 2.374910e-16
4928.000000 2.473080e-16
4930.000000 2.301360e-16
4932.000000 2.499900e-16
4934.000000 2.489920e-16
4936.000000 2.765680e-16
4938.000000 2.909890e-16
4940.000000 2.868710e-16
4942.000000 3.216870e-16
4944.000000 2.854680e-16
4946.000000 3.218460e-16
4948.000000 2.756410e-16
4950.000000 2.620690e-16
4952.000000 2.923740e-16
4954.000000 2.484460e-16
4956.000000 2.864020e-16
4958.000000 2.853090e-16
4960.000000 2.860340e-16
4962.000000 2.767850e-16
4964.000000 2.686420e-16
4966.000000 2.728860e-16
4968.000000 2.681550e-16
4970.000000 2.367920e-16
4972.000000 2.392700e-16
4974.000000 2.681630e-16
4976.000000 2.929530e-16
4978.000000 2.761000e-16
4980.000000 2.636120e-16
4982.000000 2.555140e-16
4984.000000 2.426780e-16
4986.000000 2.647160e-16
4988.000000 2.563190e-16
4990.000000 2.063930e-16
4992.000000 1.984640e-16
4994.000000 2.274590e-16
4996.000000 2.323120e-16
4998.000000 2.004800e-16
5000.000000 1.978790e-16
5002.000000 1.952770e-16
5004.000000 1.952770e-16
5006.000000 1.786010e-16
5008.000000 1.804740e-16
5010.000000 1.843220e-16
5012.000000 2.212100e-16
5014.000000 2.232870e-16
5016.000000 2.075600e-16
5018.000000 2.044900e-16
5020.000000 2.122950e-16
5022.000000 2.142430e-16
5024.000000 2.168020e-16
5026.000000 2.360950e-16
5028.000000 2.497030e-16
5030.000000 2.648910e-16
5032.000000 2.513040e-16
5034.000000 2.556620e-16
5036.000000 2.729870e-16
5038.000000 2.783180e-16
5040.000000 2.659920e-16
5042.000000 2.939560e-16
5044.000000 3.239580e-16
5046.000000 3.299930e-16
5048.000000 3.237720e-16
5050.000000 3.158890e-16
5052.000000 3.193400e-16
5054.000000 3.029460e-16
5056.000000 3.342920e-16
5058.000000 3.498700e-16
5060.000000 3.628430e-16
5062.000000 3.399400e-16
5064.000000 3.386810e-16
5066.000000 3.196530e-16
5068.000000 2.964950e-16
5070.000000 3.559460e-16
5072.000000 3.195360e-16
5074.000000 3.063990e-16
5076.000000 2.973790e-16
5078.000000 3.148580e-16
5080.000000 2.859200e-16
5082.000000 3.045500e-16
5084.000000 2.803150e-16
5086.000000 2.746490e-16
5088.000000 2.383180e-16
5090.000000 2.660610e-16
5092.000000 3.153840e-16
5094.000000 2.778420e-16
5096.000000 2.384260e-16
5098.000000 2.611610e-16
5100.000000 2.340940e-16
5102.000000 2.217230e-16
5104.000000 2.451500e-16
5106.000000 2.707990e-16
5108.000000 2.258410e-16
5110.000000 2.216850e-16
5112.000000 2.081460e-16
5114.000000 2.345400e-16
5116.000000 1.985420e-16
5118.000000 1.730050e-16
5120.000000 1.816980e-16
5122.000000 1.478010e-16
5124.000000 1.796140e-16
5126.000000 1.843540e-16
5128.000000 1.836810e-16
5130.000000 1.744180e-16
5132.000000 1.651940e-16
5134.000000 1.602910e-16
5136.000000 1.628350e-16
5138.000000 1.531270e-16
5140.000000 1.387620e-16
5142.000000 1.461940e-16
5144.000000 1.740460e-16
5146.000000 1.677520e-16
5148.000000 1.499900e-16
5150.000000 1.628630e-16
5152.000000 1.907270e-16
5154.000000 1.355750e-16
5156.000000 1.430240e-16
5158.000000 1.748730e-16
5160.000000 1.604590e-16
5162.000000 1.480670e-16
5164.000000 1.568220e-16
5166.000000 1.690820e-16
5168.000000 1.673920e-16
5170.000000 1.546460e-16
5172.000000 1.497480e-16
5174.000000 1.769870e-16
5176.000000 1.933340e-16
5178.000000 1.880340e-16
5180.000000 1.937410e-16
5182.000000 1.718180e-16
5184.000000 1.973130e-16
5186.000000 1.770170e-16
5188.000000 1.831140e-16
5190.000000 2.086400e-16
5192.000000 1.859540e-16
5194.000000 1.729300e-16
5196.000000 2.042490e-16
5198.000000 2.450050e-16
5200.000000 2.070950e-16
5202.000000 2.212220e-16
5204.000000 2.379770e-16
5206.000000 2.281140e-16
5208.000000 1.916740e-16
5210.000000 2.571550e-16
5212.000000 2.530530e-16
5214.000000 2.475140e-16
5216.000000 2.288990e-16
5218.000000 2.319380e-16
5220.000000 2.709490e-16
5222.000000 2.378240e-16
5224.000000 2.460240e-16
5226.000000 2.199610e-16
5228.000000 2.495410e-16
5230.000000 2.598070e-16
5232.000000 2.427690e-16
5234.000000 2.535250e-16
5236.000000 2.822710e-16
5238.000000 2.454030e-16
5240.000000 2.365800e-16
5242.000000 2.678470e-16
5244.000000 2.786380e-16
5246.000000 2.502280e-16
5248.000000 2.813140e-16
5250.000000 2.747340e-16
5252.000000 2.870370e-16
5254.000000 2.654270e-16
5256.000000 2.704120e-16
5258.000000 2.493190e-16
5260.000000 2.706000e-16
5262.000000 2.787320e-16
5264.000000 2.274820e-16
5266.000000 2.713130e-16
5268.000000 2.626420e-16
5270.000000 2.669030e-16
5272.000000 2.222440e-16
5274.000000 2.534900e-16
5276.000000 2.375810e-16
5278.000000 2.346510e-16
5280.000000 2.451720e-16
5282.000000 2.424640e-16
5284.000000 2.651350e-16
5286.000000 2.753070e-16
5288.000000 2.650080e-16
5290.000000 2.617340e-16
5292.000000 2.547120e-16
5294.000000 2.856790e-16
5296.000000 2.554960e-16
5298.000000 2.743930e-16
5300.000000 2.631270e-16
5302.000000 2.617250e-16
5304.000000 2.665550e-16
5306.000000 2.726410e-16
5308.000000 2.284720e-16
5310.000000 2.186560e-16
5312.000000 2.697610e-16
5314.000000 2.181400e-16
5316.000000 2.066060e-16
5318.000000 2.741190e-16
5320.000000 2.393270e-16
5322.000000 2.581210e-16
5324.000000 2.701700e-16
5326.000000 2.789630e-16
5328.000000 2.677450e-16
5330.000000 3.041440e-16
5332.000000 2.760180e-16
5334.000000 2.692210e-16
5336.000000 2.922450e-16
5338.000000 2.616520e-16
5340.000000 3.079660e-16
5342.000000 2.719430e-16
5344.000000 3.252530e-16
5346.000000 2.717410e-16
5348.000000 2.952380e-16
5350.000000 3.201140e-16
5352.000000 3.184230e-16
5354.000000 3.043590e-16
5356.000000 3.278170e-16
5358.000000 3.379850e-16
5360.000000 3.366440e-16
5362.000000 3.458620e-16
5364.000000 3.430280e-16
5366.000000 3.002210e-16
5368.000000 3.059440e-16
5370.000000 2.885300e-16
5372.000000 3.191800e-16
5374.000000 3.658040e-16
5376.000000 3.547500e-16
5378.000000 3.070260e-16
5380.000000 3.110930e-16
5382.000000 2.694970e-16
5384.000000 3.412480e-16
5386.000000 3.571220e-16
5388.000000 2.591570e-16
5390.000000 3.005240e-16
5392.000000 2.997640e-16
5394.000000 3.190030e-16
5396.000000 3.592640e-16
5398.000000 2.754610e-16
5400.000000 3.612940e-16
5402.000000 3.398400e-16
5404.000000 3.552110e-16
5406.000000 3.446080e-16
5408.000000 3.201850e-16
5410.000000 3.454130e-16
5412.000000 3.192800e-16
5414.000000 3.810620e-16
5416.000000 3.419500e-16
5418.000000 3.007750e-16
5420.000000 3.462900e-16
5422.000000 3.117400e-16
5424.000000 3.418730e-16
5426.000000 3.296000e-16
5428.000000 3.049390e-16
5430.000000 3.382620e-16
5432.000000 3.490720e-16
5434.000000 3.475440e-16
5436.000000 3.682880e-16
5438.000000 3.590420e-16
5440.000000 3.422540e-16
5442.000000 3.609560e-16
5444.000000 3.810830e-16
5446.000000 3.510230e-16
5448.000000 3.661150e-16
5450.000000 3.590040e-16
5452.000000 3.487060e-16
5454.000000 3.416800e-16
5456.000000 3.098590e-16
5458.000000 3.358780e-16
5460.000000 3.447840e-16
5462.000000 3.693540e-16
5464.000000 3.830500e-16
5466.000000 3.663390e-16
5468.000000 3.662570e-16
5470.000000 3.775780e-16
5472.000000 4.175570e-16
5474.000000 3.732420e-16
5476.000000 4.296270e-16
5478.000000 3.925510e-16
5480.000000 3.826930e-16
5482.000000 3.829690e-16
5484.000000 3.829690e-16
5486.000000 3.829090e-16
5488.000000 3.596680e-16
5490.000000 3.570970e-16
5492.000000 3.627260e-16
5494.000000 3.630420e-16
5496.000000 3.464150e-16
5498.000000 3.318750e-16
5500.000000 3.365050e-16
5502.000000 3.536620e-16
5504.000000 3.600000e-16
5506.000000 3.242900e-16
5508.000000 3.463690e-16
5510.000000 3.266730e-16
5512.000000 3.030310e-16
5514.000000 2.829160e-16
5516.000000 3.262230e-16
5518.000000 3.134090e-16
5520.000000 3.298730e-16
5522.000000 3.337250e-16
5524.000000 3.262390e-16
5526.000000 3.081970e-16
5528.000000 3.411940e-16
5530.000000 3.320050e-16
5532.000000 3.536310e-16
5534.000000 3.129790e-16
5536.000000 3.015760e-16
5538.000000 3.883700e-16
5540.000000 3.275780e-16
5542.000000 3.322170e-16
5544.000000 3.873980e-16
5546.000000 2.916650e-16
5548.000000 3.674040e-16
5550.000000 3.030280e-16
5552.000000 3.565890e-16
5554.000000 3.918420e-16
5556.000000 3.938890e-16
5558.000000 3.909560e-16
5560.000000 3.961600e-16
5562.000000 4.058680e-16
5564.000000 4.279770e-16
5566.000000 4.337950e-16
5568.000000 4.347400e-16
5570.000000 4.233220e-16
5572.000000 4.182460e-16
5574.000000 4.146050e-16
5576.000000 4.087810e-16
5578.000000 4.063400e-16
5580.000000 4.079510e-16
5582.000000 4.160950e-16
5584.000000 4.252000e-16
5586.000000 4.281950e-16
5588.000000 4.287240e-16
5590.000000 4.267470e-16
5592.000000 4.253690e-16
5594.000000 4.232280e-16
5596.000000 4.206620e-16
5598.000000 4.166340e-16
5600.000000 4.115470e-16
5602.000000 4.002730e-16
5604.000000 3.952780e-16
5606.000000 3.940220e-16
5608.000000 4.025910e-16
5610.000000 4.066610e-16
5612.000000 4.025660e-16
5614.000000 3.898310e-16
5616.000000 3.743620e-16
5618.000000 3.673880e-16
5620.000000 3.636450e-16
5622.000000 3.637810e-16
5624.000000 3.613040e-16
5626.000000 3.590310e-16
5628.000000 3.587690e-16
5630.000000 3.556130e-16
5632.000000 3.514270e-16
5634.000000 3.413930e-16
5636.000000 3.368710e-16
5638.000000 3.363220e-16
5640.000000 3.444440e-16
5642.000000 3.498820e-16
5644.000000 3.477750e-16
5646.000000 3.397190e-16
5648.000000 3.283520e-16
5650.000000 3.216400e-16
5652.000000 3.151590e-16
5654.000000 3.082240e-16
5656.000000 3.047980e-16
5658.000000 3.032290e-16
5660.000000 3.048700e-16
5662.000000 3.061970e-16
5664.000000 3.084300e-16
5666.000000 3.099690e-16
5668.000000 3.145790e-16
5670.000000 3.220490e-16
5672.000000 3.372650e-16
5674.000000 3.506030e-16
5676.000000 3.557590e-16
5678.000000 3.573620e-16
5680.000000 3.553400e-16
5682.000000 3.492990e-16
5684.000000 3.368340e-16
5686.000000 3.086120e-16
5688.000000 3.041970e-16
5690.000000 3.075520e-16
5692.000000 3.286540e-16
5694.000000 3.421360e-16
5696.000000 3.555910e-16
5698.000000 3.758660e-16
5700.000000 3.899700e-16
5702.000000 3.973830e-16
5704.000000 3.972870e-16
5706.000000 3.950170e-16
5708.000000 3.957280e-16
5710.000000 3.966230e-16
5712.000000 3.975650e-16
5714.000000 3.962530e-16
5716.000000 3.932720e-16
5718.000000 3.852340e-16
5720.000000 3.838070e-16
5722.000000 3.843820e-16
5724.000000 3.889730e-16
5726.000000 3.925880e-16
5728.000000 3.964550e-16
5730.000000 4.034740e-16
5732.000000 4.082040e-16
5734.000000 4.097950e-16
5736.000000 4.089900e-16
5738.000000 4.066280e-16
5740.000000 4.039050e-16
5742.000000 3.987620e-16
5744.000000 3.908440e-16
5746.000000 3.890010e-16
5748.000000 3.896430e-16
5750.000000 3.985790e-16
5752.000000 3.986260e-16
5754.000000 3.964150e-16
5756.000000 3.890300e-16
5758.000000 3.834960e-16
5760.000000 3.785120e-16
5762.000000 3.710960e-16
5764.000000 3.659380e-16
5766.000000 3.644510e-16
5768.000000 3.685050e-16
5770.000000 3.740840e-16
5772.000000 3.725260e-16
5774.000000 3.680230e-16
5776.000000 3.601460e-16
5778.000000 3.524050e-16
5780.000000 3.433040e-16
5782.000000 3.268870e-16
5784.000000 3.188880e-16
5786.000000 3.133940e-16
5788.000000 3.148960e-16
5790.000000 3.128670e-16
5792.000000 3.085030e-16
5794.000000 3.019480e-16
5796.000000 2.953230e-16
5798.000000 2.896610e-16
5800.000000 2.860880e-16
5802.000000 2.827650e-16
5804.000000 2.732040e-16
5806.000000 2.591210e-16
5808.000000 2.370830e-16
5810.000000 2.249320e-16
5812.000000 2.152910e-16
5814.000000 2.079900e-16
5816.000000 2.034670e-16
5818.000000 2.015780e-16
5820.000000 2.059120e-16
5822.000000 2.083530e-16
5824.000000 2.091370e-16
5826.000000 2.107220e-16
5828.000000 2.111120e-16
5830.000000 2.088380e-16
5832.000000 2.032590e-16
5834.000000 1.953600e-16
5836.000000 1.920880e-16
5838.000000 1.901200e-16
5840.000000 1.893440e-16
5842.000000 1.902080e-16
5844.000000 1.925320e-16
5846.000000 2.018130e-16
5848.000000 2.041730e-16
5850.000000 2.035610e-16
5852.000000 1.954740e-16
5854.000000 1.909590e-16
5856.000000 1.908080e-16
5858.000000 1.928060e-16
5860.000000 1.968550e-16
5862.000000 2.028510e-16
5864.000000 2.135710e-16
5866.000000 2.286090e-16
5868.000000 2.333920e-16
5870.000000 2.340140e-16
5872.000000 2.257820e-16
5874.000000 2.240860e-16
5876.000000 2.228910e-16
5878.000000 2.188810e-16
5880.000000 2.202080e-16
5882.000000 2.250040e-16
5884.000000 2.338470e-16
5886.000000 2.443870e-16
5888.000000 2.561640e-16
5890.000000 2.689950e-16
5892.000000 2.839750e-16
5894.000000 3.028570e-16
5896.000000 3.299440e-16
5898.000000 3.676490e-16
5900.000000 3.791670e-16
5902.000000 3.797720e-16
5904.000000 3.468710e-16
5906.000000 3.448360e-16
5908.000000 3.489910e-16
5910.000000 3.693650e-16
5912.000000 3.819990e-16
5914.000000 3.908500e-16
5916.000000 3.940430e-16
5918.000000 3.998320e-16
5920.000000 4.111180e-16
5922.000000 4.294170e-16
5924.000000 4.498900e-16
5926.000000 4.606150e-16
5928.000000 4.674330e-16
5930.000000 4.698380e-16
5932.000000 4.713330e-16
5934.000000 4.704380e-16
5936.000000 4.660150e-16
5938.000000 4.610530e-16
5940.000000 4.544650e-16
5942.000000 4.463070e-16
5944.000000 4.364030e-16
5946.000000 4.247690e-16
5948.000000 4.033020e-16
5950.000000 3.868460e-16
5952.000000 3.836020e-16
5954.000000 3.886810e-16
5956.000000 4.008930e-16
5958.000000 4.152500e-16
5960.000000 4.370870e-16
5962.000000 4.742910e-16
5964.000000 4.894660e-16
5966.000000 4.979460e-16
5968.000000 4.930950e-16
5970.000000 4.919510e-16
5972.000000 4.890710e-16
5974.000000 4.778910e-16
5976.000000 4.720200e-16
5978.000000 4.714340e-16
5980.000000 4.770940e-16
5982.000000 4.834350e-16
5984.000000 4.858710e-16
5986.000000 4.877700e-16
5988.000000 4.889760e-16
5990.000000 4.880260e-16
5992.000000 4.850430e-16
5994.000000 4.770490e-16
5996.000000 4.751350e-16
5998.000000 4.748740e-16
6000.000000 4.812090e-16
6002.000000 4.817520e-16
6004.000000 4.798350e-16
6006.000000 4.708730e-16
6008.000000 4.660020e-16
6010.000000 4.663920e-16
6012.000000 4.757260e-16
6014.000000 4.847310e-16
6016.000000 4.821840e-16
6018.000000 4.723670e-16
6020.000000 4.552650e-16
6022.000000 4.447670e-16
6024.000000 4.341080e-16
6026.000000 4.170700e-16
6028.000000 4.131490e-16
6030.000000 4.147520e-16
6032.000000 4.338160e-16
6034.000000 4.412200e-16
6036.000000 4.431190e-16
6038.000000 4.367880e-16
6040.000000 4.323260e-16
6042.000000 4.321300e-16
6044.000000 4.354550e-16
6046.000000 4.395650e-16
6048.000000 4.395260e-16
6050.000000 4.380870e-16
6052.000000 4.352760e-16
6054.000000 4.307560e-16
6056.000000 4.245560e-16
6058.000000 4.104670e-16
6060.000000 4.055790e-16
6062.000000 4.033830e-16
6064.000000 4.065010e-16
6066.000000 4.087230e-16
6068.000000 4.109480e-16
6070.000000 4.168070e-16
6072.000000 4.206120e-16
6074.000000 4.200650e-16
6076.000000 4.145330e-16
6078.000000 4.068290e-16
6080.000000 4.049390e-16
6082.000000 4.048820e-16
6084.000000 4.068410e-16
6086.000000 4.097100e-16
6088.000000 4.139510e-16
6090.000000 4.263470e-16
6092.000000 4.292030e-16
6094.000000 4.287340e-16
6096.000000 4.232920e-16
6098.000000 4.171530e-16
6100.000000 4.100320e-16
6102.000000 3.960280e-16
6104.000000 3.845880e-16
6106.000000 3.815970e-16
6108.000000 3.860350e-16
6110.000000 3.954440e-16
6112.000000 3.973220e-16
6114.000000 3.972250e-16
6116.000000 3.935040e-16
6118.000000 3.933720e-16
6120.000000 3.938950e-16
6122.000000 3.998020e-16
6124.000000 3.990360e-16
6126.000000 3.952770e-16
6128.000000 3.837380e-16
6130.000000 3.758640e-16
6132.000000 3.719660e-16
6134.000000 3.708040e-16
6136.000000 3.709300e-16
6138.000000 3.710110e-16
6140.000000 3.728400e-16
6142.000000 3.760890e-16
6144.000000 3.762090e-16
6146.000000 3.747270e-16
6148.000000 3.678890e-16
6150.000000 3.689110e-16
6152.000000 3.725580e-16
6154.000000 3.875830e-16
6156.000000 3.922130e-16
6158.000000 3.919590e-16
6160.000000 3.809360e-16
6162.000000 3.741990e-16
6164.000000 3.738660e-16
6166.000000 3.783170e-16
6168.000000 3.847120e-16
6170.000000 3.891980e-16
6172.000000 3.953780e-16
6174.000000 4.034950e-16
6176.000000 4.050250e-16
6178.000000 4.032310e-16
6180.000000 3.898810e-16
6182.000000 3.897230e-16
6184.000000 3.931810e-16
6186.000000 4.101890e-16
6188.000000 4.167190e-16
6190.000000 4.174070e-16
6192.000000 4.077400e-16
6194.000000 4.008580e-16
6196.000000 4.004660e-16
6198.000000 4.053350e-16
6200.000000 4.120820e-16
6202.000000 4.137940e-16
6204.000000 4.138630e-16
6206.000000 4.119970e-16
6208.000000 4.107780e-16
6210.000000 4.091030e-16
6212.000000 4.080420e-16
6214.000000 4.047480e-16
6216.000000 4.002990e-16
6218.000000 3.922190e-16
6220.000000 3.863150e-16
6222.000000 3.818720e-16
6224.000000 3.808760e-16
6226.000000 3.783090e-16
6228.000000 3.718540e-16
6230.000000 3.593070e-16
6232.000000 3.446850e-16
6234.000000 3.412430e-16
6236.000000 3.438330e-16
6238.000000 3.555950e-16
6240.000000 3.594910e-16
6242.000000 3.625910e-16
6244.000000 3.649900e-16
6246.000000 3.664420e-16
6248.000000 3.670300e-16
6250.000000 3.622900e-16
6252.000000 3.623450e-16
6254.000000 3.667820e-16
6256.000000 3.781130e-16
6258.000000 3.892250e-16
6260.000000 3.951310e-16
6262.000000 4.001060e-16
6264.000000 4.036490e-16
6266.000000 4.025790e-16
6268.000000 3.969730e-16
6270.000000 3.810400e-16
6272.000000 3.783550e-16
6274.000000 3.794050e-16
6276.000000 3.911470e-16
6278.000000 3.959660e-16
6280.000000 3.989840e-16
6282.000000 4.000660e-16
6284.000000 4.010530e-16
6286.000000 4.020530e-16
6288.000000 4.003230e-16
6290.000000 3.996230e-16
6292.000000 4.038280e-16
6294.000000 4.134700e-16
6296.000000 4.279220e-16
6298.000000 4.319010e-16
6300.000000 4.316980e-16
6302.000000 4.217520e-16
6304.000000 4.206740e-16
6306.000000 4.211430e-16
6308.000000 4.273410e-16
6310.000000 4.289480e-16
6312.000000 4.284030e-16
6314.000000 4.243020e-16
6316.000000 4.209660e-16
6318.000000 4.191680e-16
6320.000000 4.174490e-16
6322.000000 4.163080e-16
6324.000000 4.165010e-16
6326.000000 4.184420e-16
6328.000000 4.224400e-16
6330.000000 4.228330e-16
6332.000000 4.220740e-16
6334.000000 4.194660e-16
6336.000000 4.170300e-16
6338.000000 4.139890e-16
6340.000000 4.070920e-16
6342.000000 4.041350e-16
6344.000000 4.037630e-16
6346.000000 4.096330e-16
6348.000000 4.131020e-16
6350.000000 4.113200e-16
6352.000000 4.035130e-16
6354.000000 3.938400e-16
6356.000000 3.919840e-16
6358.000000 3.943670e-16
6360.000000 4.028130e-16
6362.000000 4.038080e-16
6364.000000 4.030840e-16
6366.000000 3.977020e-16
6368.000000 3.953990e-16
6370.000000 3.933220e-16
6372.000000 3.885280e-16
6374.000000 3.877740e-16
6376.000000 3.903810e-16
6378.000000 4.033030e-16
6380.000000 4.121320e-16
6382.000000 4.093090e-16
6384.000000 3.928670e-16
6386.000000 3.697950e-16
6388.000000 3.672960e-16
6390.000000 3.748890e-16
6392.000000 4.000950e-16
6394.000000 4.058980e-16
6396.000000 4.075300e-16
6398.000000 3.990540e-16
6400.000000 3.957560e-16
6402.000000 3.926670e-16
6404.000000 3.884530e-16
6406.000000 3.852630e-16
6408.000000 3.830680e-16
6410.000000 3.813340e-16
6412.000000 3.803580e-16
6414.000000 3.803720e-16
6416.000000 3.831480e-16
6418.000000 3.876650e-16
6420.000000 3.854870e-16
6422.000000 3.798030e-16
6424.000000 3.667970e-16
6426.000000 3.610380e-16
6428.000000 3.566910e-16
6430.000000 3.552650e-16
6432.000000 3.529710e-16
6434.000000 3.508520e-16
6436.000000 3.485930e-16
6438.000000 3.472580e-16
6440.000000 3.469410e-16
6442.000000 3.481750e-16
6444.000000 3.497960e-16
6446.000000 3.504620e-16
6448.000000 3.515490e-16
6450.000000 3.530230e-16
6452.000000 3.517020e-16
6454.000000 3.488160e-16
6456.000000 3.422330e-16
6458.000000 3.387630e-16
6460.000000 3.357460e-16
6462.000000 3.341720e-16
6464.000000 3.316170e-16
6466.000000 3.286110e-16
6468.000000 3.220130e-16
6470.000000 3.186200e-16
6472.000000 3.199220e-16
6474.000000 3.272610e-16
6476.000000 3.363770e-16
6478.000000 3.399700e-16
6480.000000 3.412270e-16
6482.000000 3.396520e-16
6484.000000 3.414440e-16
6486.000000 3.438930e-16
6488.000000 3.463040e-16
6490.000000 3.506190e-16
6492.000000 3.560970e-16
6494.000000 3.648050e-16
6496.000000 3.718290e-16
6498.000000 3.779240e-16
6500.000000 3.848050e-16
6502.000000 3.901370e-16
6504.000000 3.930310e-16
6506.000000 3.931460e-16
6508.000000 3.917350e-16
6510.000000 3.921440e-16
6512.000000 3.918850e-16
6514.000000 3.897910e-16
6516.000000 3.933260e-16
6518.000000 3.993540e-16
6520.000000 4.126430e-16
6522.000000 4.207190e-16
6524.000000 4.280300e-16
6526.000000 4.333230e-16
6528.000000 4.397650e-16
6530.000000 4.471130e-16
6532.000000 4.523740e-16
6534.000000 4.601550e-16
6536.000000 4.731860e-16
6538.000000 4.919050e-16
6540.000000 5.143560e-16
6542.000000 5.313990e-16
6544.000000 5.472850e-16
6546.000000 5.613960e-16
6548.000000 5.765300e-16
6550.000000 5.915430e-16
6552.000000 6.043490e-16
6554.000000 6.202880e-16
6556.000000 6.376980e-16
6558.000000 6.590510e-16
6560.000000 6.785060e-16
6562.000000 6.959790e-16
6564.000000 7.103870e-16
6566.000000 7.252580e-16
6568.000000 7.436960e-16
6570.000000 7.651780e-16
6572.000000 7.890960e-16
6574.000000 8.084330e-16
6576.000000 8.270010e-16
6578.000000 8.481030e-16
6580.000000 8.598390e-16
6582.000000 8.669400e-16
6584.000000 8.603960e-16
6586.000000 8.626830e-16
6588.000000 8.679600e-16
6590.000000 8.777770e-16
6592.000000 8.862460e-16
6594.000000 8.926300e-16
6596.000000 8.980400e-16
6598.000000 9.028390e-16
6600.000000 9.074940e-16
6602.000000 9.104720e-16
6604.000000 9.116440e-16
6606.000000 9.185990e-16
6608.000000 9.285750e-16
6610.000000 9.501410e-16
6612.000000 9.570810e-16
6614.000000 9.595660e-16
6616.000000 9.378020e-16
6618.000000 9.398460e-16
6620.000000 9.560440e-16
6622.000000 9.977300e-16
6624.000000 1.034150e-15
6626.000000 1.057210e-15
6628.000000 1.087290e-15
6630.000000 1.110000e-15
6632.000000 1.097530e-15
6634.000000 1.051980e-15
6636.000000 9.627440e-16
6638.000000 9.323230e-16
6640.000000 9.167910e-16
6642.000000 9.309830e-16
6644.000000 9.348390e-16
6646.000000 9.435640e-16
6648.000000 9.775120e-16
6650.000000 9.887490e-16
6652.000000 9.836170e-16
6654.000000 9.557080e-16
6656.000000 9.274670e-16
6658.000000 9.087050e-16
6660.000000 8.897570e-16
6662.000000 8.719530e-16
6664.000000 8.594050e-16
6666.000000 8.506720e-16
6668.000000 8.469740e-16
6670.000000 8.413880e-16
6672.000000 8.367990e-16
6674.000000 8.347770e-16
6676.000000 8.312360e-16
6678.000000 8.275820e-16
6680.000000 8.266050e-16
6682.000000 8.221010e-16
6684.000000 8.143880e-16
6686.000000 8.015050e-16
6688.000000 7.885490e-16
6690.000000 7.789210e-16
6692.000000 7.700320e-16
6694.000000 7.619960e-16
6696.000000 7.554490e-16
6698.000000 7.506240e-16
6700.000000 7.495130e-16
6702.000000 7.437630e-16
6704.000000 7.367560e-16
6706.000000 7.234450e-16
6708.000000 7.166480e-16
6710.000000 7.125570e-16
6712.000000 7.149190e-16
6714.000000 7.144870e-16
6716.000000 7.108450e-16
6718.000000 7.063210e-16
6720.000000 7.000580e-16
6722.000000 6.912140e-16
6724.000000 6.783070e-16
6726.000000 6.618860e-16
6728.000000 6.521060e-16
6730.000000 6.445290e-16
6732.000000 6.407890e-16
6734.000000 6.353030e-16
6736.000000 6.302750e-16
6738.000000 6.284650e-16
6740.000000 6.230370e-16
6742.000000 6.156560e-16
6744.000000 6.035780e-16
6746.000000 5.934300e-16
6748.000000 5.862880e-16
6750.000000 5.820240e-16
6752.000000 5.784930e-16
6754.000000 5.725890e-16
6756.000000 5.655140e-16
6758.000000 5.571030e-16
6760.000000 5.510980e-16
6762.000000 5.459440e-16
6764.000000 5.434940e-16
6766.000000 5.383020e-16
6768.000000 5.324670e-16
6770.000000 5.230520e-16
6772.000000 5.171270e-16
6774.000000 5.134080e-16
6776.000000 5.119710e-16
6778.000000 5.113950e-16
6780.000000 5.112420e-16
6782.000000 5.151000e-16
6784.000000 5.192080e-16
6786.000000 5.152910e-16
6788.000000 5.059840e-16
6790.000000 4.893880e-16
6792.000000 4.805930e-16
6794.000000 4.731730e-16
6796.000000 4.686960e-16
6798.000000 4.630240e-16
6800.000000 4.577050e-16
6802.000000 4.521250e-16
6804.000000 4.477330e-16
6806.000000 4.443700e-16
6808.000000 4.420290e-16
6810.000000 4.403900e-16
6812.000000 4.392940e-16
6814.000000 4.391510e-16
6816.000000 4.397000e-16
6818.000000 4.399960e-16
6820.000000 4.412470e-16
6822.000000 4.451650e-16
6824.000000 4.429920e-16
6826.000000 4.383440e-16
6828.000000 4.209400e-16
6830.000000 4.173300e-16
6832.000000 4.187310e-16
6834.000000 4.351490e-16
6836.000000 4.427550e-16
6838.000000 4.421490e-16
6840.000000 4.303840e-16
6842.000000 4.191580e-16
6844.000000 4.172310e-16
6846.000000 4.198320e-16
6848.000000 4.262520e-16
6850.000000 4.312690e-16
6852.000000 4.381900e-16
6854.000000 4.507700e-16
6856.000000 4.542900e-16
6858.000000 4.546620e-16
6860.000000 4.487990e-16
6862.000000 4.444880e-16
6864.000000 4.395310e-16
6866.000000 4.294010e-16
6868.000000 4.231370e-16
6870.000000 4.214310e-16
6872.000000 4.271390e-16
6874.000000 4.328980e-16
6876.000000 4.306070e-16
6878.000000 4.214740e-16
6880.000000 4.059770e-16
6882.000000 4.043770e-16
6884.000000 4.084560e-16
6886.000000 4.272290e-16
6888.000000 4.313480e-16
6890.000000 4.323110e-16
6892.000000 4.248040e-16
6894.000000 4.218810e-16
6896.000000 4.205840e-16
6898.000000 4.224360e-16
6900.000000 4.224200e-16
6902.000000 4.195210e-16
6904.000000 4.124290e-16
6906.000000 4.047340e-16
6908.000000 4.022830e-16
6910.000000 4.024940e-16
6912.000000 4.057020e-16
6914.000000 4.070930e-16
6916.000000 4.088810e-16
6918.000000 4.145390e-16
6920.000000 4.142260e-16
6922.000000 4.117100e-16
6924.000000 4.025960e-16
6926.000000 3.973720e-16
6928.000000 3.943380e-16
6930.000000 3.936590e-16
6932.000000 3.929800e-16
6934.000000 3.914550e-16
6936.000000 3.889220e-16
6938.000000 3.864530e-16
6940.000000 3.867470e-16
6942.000000 3.893660e-16
6944.000000 3.956500e-16
6946.000000 3.965080e-16
6948.000000 3.957750e-16
6950.000000 3.909920e-16
6952.000000 3.886090e-16
6954.000000 3.862930e-16
6956.000000 3.823070e-16
6958.000000 3.805490e-16
6960.000000 3.806820e-16
6962.000000 3.847630e-16
6964.000000 3.880950e-16
6966.000000 3.880330e-16
6968.000000 3.854080e-16
6970.000000 3.812040e-16
6972.000000 3.796650e-16
6974.000000 3.791930e-16
6976.000000 3.811530e-16
6978.000000 3.791590e-16
6980.000000 3.758250e-16
6982.000000 3.666160e-16
6984.000000 3.631680e-16
6986.000000 3.617880e-16
6988.000000 3.662000e-16
6990.000000 3.673910e-16
6992.000000 3.653370e-16
6994.000000 3.588510e-16
6996.000000 3.525530e-16
6998.000000 3.503220e-16
7000.000000 3.498410e-16
7002.000000 3.510000e-16
7004.000000 3.526900e-16
7006.000000 3.557030e-16
7008.000000 3.615360e-16
7010.000000 3.646600e-16
7012.000000 3.672790e-16
7014.000000 3.680030e-16
7016.000000 3.703130e-16
7018.000000 3.732820e-16
7020.000000 3.785980e-16
7022.000000 3.822760e-16
7024.000000 3.838760e-16
7026.000000 3.829060e-16
7028.000000 3.814420e-16
7030.000000 3.820350e-16
7032.000000 3.830260e-16
7034.000000 3.844090e-16
7036.000000 3.870410e-16
7038.000000 3.908190e-16
7040.000000 3.991620e-16
7042.000000 4.014220e-16
7044.000000 4.017430e-16
7046.000000 3.956490e-16
7048.000000 3.940430e-16
7050.000000 3.946500e-16
7052.000000 3.987910e-16
7054.000000 4.020590e-16
7056.000000 4.033770e-16
7058.000000 4.043510e-16
7060.000000 4.045260e-16
7062.000000 4.030680e-16
7064.000000 3.992910e-16
7066.000000 3.923790e-16
7068.000000 3.910600e-16
7070.000000 3.916200e-16
7072.000000 3.975550e-16
7074.000000 3.992990e-16
7076.000000 4.004910e-16
7078.000000 4.007570e-16
7080.000000 4.009830e-16
7082.000000 4.010460e-16
7084.000000 3.998040e-16
7086.000000 3.992540e-16
7088.000000 4.002180e-16
7090.000000 4.032320e-16
7092.000000 4.069850e-16
7094.000000 4.076720e-16
7096.000000 4.072250e-16
7098.000000 4.056200e-16
7100.000000 4.029870e-16
7102.000000 3.992720e-16
7104.000000 3.899950e-16
7106.000000 3.868340e-16
7108.000000 3.857100e-16
7110.000000 3.876980e-16
7112.000000 3.899840e-16
7114.000000 3.927440e-16
7116.000000 3.995300e-16
7118.000000 4.047460e-16
7120.000000 4.048390e-16
7122.000000 3.997060e-16
7124.000000 3.913130e-16
7126.000000 3.899790e-16
7128.000000 3.915680e-16
7130.000000 3.989880e-16
7132.000000 3.996750e-16
7134.000000 3.987310e-16
7136.000000 3.914620e-16
7138.000000 3.898280e-16
7140.000000 3.902020e-16
7142.000000 3.955280e-16
7144.000000 3.984240e-16
7146.000000 3.986530e-16
7148.000000 3.960790e-16
7150.000000 3.931800e-16
7152.000000 3.922850e-16
7154.000000 3.922770e-16
7156.000000 3.930330e-16
7158.000000 3.927620e-16
7160.000000 3.922630e-16
7162.000000 3.913620e-16
7164.000000 3.906700e-16
7166.000000 3.899460e-16
7168.000000 3.885400e-16
7170.000000 3.880640e-16
7172.000000 3.881130e-16
7174.000000 3.885900e-16
7176.000000 3.895010e-16
7178.000000 3.908500e-16
7180.000000 3.936490e-16
7182.000000 3.964310e-16
7184.000000 3.971740e-16
7186.000000 3.968240e-16
7188.000000 3.953350e-16
7190.000000 3.941060e-16
7192.000000 3.925970e-16
7194.000000 3.921260e-16
7196.000000 3.887510e-16
7198.000000 3.839970e-16
7200.000000 3.738100e-16
7202.000000 3.679810e-16
7204.000000 3.646500e-16
7206.000000 3.645610e-16
7208.000000 3.645340e-16
7210.000000 3.636490e-16
7212.000000 3.619670e-16
7214.000000 3.606020e-16
7216.000000 3.618800e-16
7218.000000 3.650940e-16
7220.000000 3.707650e-16
7222.000000 3.744280e-16
7224.000000 3.779940e-16
7226.000000 3.833430e-16
7228.000000 3.854890e-16
7230.000000 3.863190e-16
7232.000000 3.831190e-16
7234.000000 3.822420e-16
7236.000000 3.829290e-16
7238.000000 3.851650e-16
7240.000000 3.875600e-16
7242.000000 3.894560e-16
7244.000000 3.923800e-16
7246.000000 3.953850e-16
7248.000000 3.952660e-16
7250.000000 3.926950e-16
7252.000000 3.856690e-16
7254.000000 3.848670e-16
7256.000000 3.858620e-16
7258.000000 3.910720e-16
7260.000000 3.942400e-16
7262.000000 3.974690e-16
7264.000000 4.037590e-16
7266.000000 4.066010e-16
7268.000000 4.062340e-16
7270.000000 3.996230e-16
7272.000000 3.938120e-16
7274.000000 3.938240e-16
7276.000000 3.986500e-16
7278.000000 4.067340e-16
7280.000000 4.078070e-16
7282.000000 4.062880e-16
7284.000000 4.002280e-16
7286.000000 3.974810e-16
7288.000000 3.948810e-16
7290.000000 3.922380e-16
7292.000000 3.900330e-16
7294.000000 3.881270e-16
7296.000000 3.858960e-16
7298.000000 3.846520e-16
7300.000000 3.844790e-16
7302.000000 3.859680e-16
7304.000000 3.877680e-16
7306.000000 3.884630e-16
7308.000000 3.889950e-16
7310.000000 3.893520e-16
7312.000000 3.891770e-16
7314.000000 3.885560e-16
7316.000000 3.868230e-16
7318.000000 3.861830e-16
7320.000000 3.857700e-16
7322.000000 3.837800e-16
7324.000000 3.846580e-16
7326.000000 3.873640e-16
7328.000000 3.930920e-16
7330.000000 3.987550e-16
7332.000000 4.037840e-16
7334.000000 4.104980e-16
7336.000000 4.167860e-16
7338.000000 4.193760e-16
7340.000000 4.190950e-16
7342.000000 4.155360e-16
7344.000000 4.156320e-16
7346.000000 4.164600e-16
7348.000000 4.208290e-16
7350.000000 4.206570e-16
7352.000000 4.190460e-16
7354.000000 4.116100e-16
7356.000000 4.088570e-16
7358.000000 4.089930e-16
7360.000000 4.136030e-16
7362.000000 4.176070e-16
7364.000000 4.192900e-16
7366.000000 4.191610e-16
7368.000000 4.185500e-16
7370.000000 4.206140e-16
7372.000000 4.245870e-16
7374.000000 4.315870e-16
7376.000000 4.335470e-16
7378.000000 4.338850e-16
7380.000000 4.297150e-16
7382.000000 4.286230e-16
7384.000000 4.278260e-16
7386.000000 4.251990e-16
7388.000000 4.255810e-16
7390.000000 4.285020e-16
7392.000000 4.377090e-16
7394.000000 4.451710e-16
7396.000000 4.465920e-16
7398.000000 4.446690e-16
7400.000000 4.399640e-16
7402.000000 4.347260e-16
7404.000000 4.265890e-16
7406.000000 4.122870e-16
7408.000000 4.076650e-16
7410.000000 4.062130e-16
7412.000000 4.126820e-16
7414.000000 4.148470e-16
7416.000000 4.166570e-16
7418.000000 4.207570e-16
7420.000000 4.219270e-16
7422.000000 4.202160e-16
7424.000000 4.126740e-16
7426.000000 4.057880e-16
7428.000000 4.047430e-16
7430.000000 4.077230e-16
7432.000000 4.138810e-16
7434.000000 4.158820e-16
7436.000000 4.171270e-16
7438.000000 4.173940e-16
7440.000000 4.175220e-16
7442.000000 4.171760e-16
7444.000000 4.177120e-16
7446.000000 4.157230e-16
7448.000000 4.121400e-16
7450.000000 4.038190e-16
7452.000000 3.978580e-16
7454.000000 3.949400e-16
7456.000000 3.927020e-16
7458.000000 3.923930e-16
7460.000000 3.954770e-16
7462.000000 4.032540e-16
7464.000000 4.156440e-16
7466.000000 4.203000e-16
7468.000000 4.225430e-16
7470.000000 4.198340e-16
7472.000000 4.202320e-16
7474.000000 4.205920e-16
7476.000000 4.203210e-16
7478.000000 4.208690e-16
7480.000000 4.219230e-16
7482.000000 4.242800e-16
7484.000000 4.260900e-16
7486.000000 4.269350e-16
7488.000000 4.262970e-16
7490.000000 4.255370e-16
7492.000000 4.270240e-16
7494.000000 4.306610e-16
7496.000000 4.371910e-16
7498.000000 4.376970e-16
7500.000000 4.359600e-16
7502.000000 4.282870e-16
7504.000000 4.249340e-16
7506.000000 4.219870e-16
7508.000000 4.194590e-16
7510.000000 4.173210e-16
7512.000000 4.155760e-16
7514.000000 4.146660e-16
7516.000000 4.137470e-16
7518.000000 4.124880e-16
7520.000000 4.106240e-16
7522.000000 4.087610e-16
7524.000000 4.085530e-16
7526.000000 4.097100e-16
7528.000000 4.131170e-16
7530.000000 4.132130e-16
7532.000000 4.123310e-16
7534.000000 4.083920e-16
7536.000000 4.068320e-16
7538.000000 4.057230e-16
7540.000000 4.052830e-16
7542.000000 4.048760e-16
7544.000000 4.045480e-16
7546.000000 4.036540e-16
7548.000000 4.035140e-16
7550.000000 4.049230e-16
7552.000000 4.083440e-16
7554.000000 4.129610e-16
7556.000000 4.148470e-16
7558.000000 4.160060e-16
7560.000000 4.167370e-16
7562.000000 4.157050e-16
7564.000000 4.134540e-16
7566.000000 4.070420e-16
7568.000000 4.039870e-16
7570.000000 4.019640e-16
7572.000000 4.008590e-16
7574.000000 4.003970e-16
7576.000000 4.005720e-16
7578.000000 4.015800e-16
7580.000000 4.031820e-16
7582.000000 4.051670e-16
7584.000000 4.039980e-16
7586.000000 4.010920e-16
7588.000000 4.139070e-16
7590.000000 4.376620e-16
7592.000000 4.928140e-16
7594.000000 5.062950e-16
7596.000000 5.071110e-16
7598.000000 4.767720e-16
7600.000000 4.613580e-16
7602.000000 4.490070e-16
7604.000000 4.337970e-16
7606.000000 4.228320e-16
7608.000000 4.170440e-16
7610.000000 4.176310e-16
7612.000000 4.204030e-16
7614.000000 4.198500e-16
7616.000000 4.191120e-16
7618.000000 4.181780e-16
7620.000000 4.175240e-16
7622.000000 4.169530e-16
7624.000000 4.166920e-16
7626.000000 4.160540e-16
7628.000000 4.153040e-16
7630.000000 4.168810e-16
7632.000000 4.148740e-16
7634.000000 4.104550e-16
7636.000000 4.009090e-16
7638.000000 3.926800e-16
7640.000000 3.875030e-16
7642.000000 3.834180e-16
7644.000000 3.804930e-16
7646.000000 3.788630e-16
7648.000000 3.797450e-16
7650.000000 3.842420e-16
7652.000000 3.820240e-16
7654.000000 3.774880e-16
7656.000000 3.654500e-16
7658.000000 3.598380e-16
7660.000000 3.553700e-16
7662.000000 3.521370e-16
7664.000000 3.499280e-16
7666.000000 3.487700e-16
7668.000000 3.501900e-16
7670.000000 3.513460e-16
7672.000000 3.509690e-16
7674.000000 3.489360e-16
7676.000000 3.464350e-16
7678.000000 3.472220e-16
7680.000000 3.500920e-16
7682.000000 3.564030e-16
7684.000000 3.585810e-16
7686.000000 3.597760e-16
7688.000000 3.623940e-16
7690.000000 3.601870e-16
7692.000000 3.552930e-16
7694.000000 3.406990e-16
7696.000000 3.325710e-16
7698.000000 3.301390e-16
7700.000000 3.342880e-16
7702.000000 3.391580e-16
7704.000000 3.407660e-16
7706.000000 3.415780e-16
7708.000000 3.418330e-16
7710.000000 3.429570e-16
7712.000000 3.444540e-16
7714.000000 3.470340e-16
7716.000000 3.477490e-16
7718.000000 3.477900e-16
7720.000000 3.458750e-16
7722.000000 3.452590e-16
7724.000000 3.449830e-16
7726.000000 3.462690e-16
7728.000000 3.461730e-16
7730.000000 3.445490e-16
7732.000000 3.390290e-16
7734.000000 3.343160e-16
7736.000000 3.351170e-16
7738.000000 3.412260e-16
7740.000000 3.519550e-16
7742.000000 3.533170e-16
7744.000000 3.514110e-16
7746.000000 3.438940e-16
7748.000000 3.387070e-16
7750.000000 3.327210e-16
7752.000000 3.199470e-16
7754.000000 3.151930e-16
7756.000000 3.148930e-16
7758.000000 3.230860e-16
7760.000000 3.293850e-16
7762.000000 3.320420e-16
7764.000000 3.334990e-16
7766.000000 3.339750e-16
7768.000000 3.337910e-16
7770.000000 3.320290e-16
7772.000000 3.284550e-16
7774.000000 3.279230e-16
7776.000000 3.282440e-16
7778.000000 3.283220e-16
7780.000000 3.313590e-16
7782.000000 3.361230e-16
7784.000000 3.456310e-16
7786.000000 3.526290e-16
7788.000000 3.584150e-16
7790.000000 3.600470e-16
7792.000000 3.646580e-16
7794.000000 3.745070e-16
7796.000000 3.930960e-16
7798.000000 4.135890e-16
7800.000000 4.206380e-16
7802.000000 4.198750e-16
7804.000000 4.085010e-16
7806.000000 4.081690e-16
7808.000000 4.096710e-16
7810.000000 4.170330e-16
7812.000000 4.196410e-16
7814.000000 4.214450e-16
7816.000000 4.201150e-16
7818.000000 4.211430e-16
7820.000000 4.239420e-16
7822.000000 4.287000e-16
7824.000000 4.337990e-16
7826.000000 4.384190e-16
7828.000000 4.442360e-16
7830.000000 4.503200e-16
7832.000000 4.532030e-16
7834.000000 4.539740e-16
7836.000000 4.511070e-16
7838.000000 4.522870e-16
7840.000000 4.543460e-16
7842.000000 4.662080e-16
7844.000000 4.648490e-16
7846.000000 4.578370e-16
7848.000000 4.315130e-16
7850.000000 4.177510e-16
7852.000000 4.158820e-16
7854.000000 4.282810e-16
7856.000000 4.419390e-16
7858.000000 4.469450e-16
7860.000000 4.488110e-16
7862.000000 4.482300e-16
7864.000000 4.505030e-16
7866.000000 4.536150e-16
7868.000000 4.598290e-16
7870.000000 4.603590e-16
7872.000000 4.587310e-16
7874.000000 4.515300e-16
7876.000000 4.473550e-16
7878.000000 4.437990e-16
7880.000000 4.400770e-16
7882.000000 4.370430e-16
7884.000000 4.347690e-16
7886.000000 4.340690e-16
7888.000000 4.334040e-16
7890.000000 4.310520e-16
7892.000000 4.273490e-16
7894.000000 4.223690e-16
7896.000000 4.200060e-16
7898.000000 4.186680e-16
7900.000000 4.199910e-16
7902.000000 4.186840e-16
7904.000000 4.168180e-16
7906.000000 4.127460e-16
7908.000000 4.105080e-16
7910.000000 4.091990e-16
7912.000000 4.071140e-16
7914.000000 4.071700e-16
7916.000000 4.099770e-16
7918.000000 4.168620e-16
7920.000000 4.249780e-16
7922.000000 4.296010e-16
7924.000000 4.338760e-16
7926.000000 4.380720e-16
7928.000000 4.385080e-16
7930.000000 4.366410e-16
7932.000000 4.276340e-16
7934.000000 4.251190e-16
7936.000000 4.238810e-16
7938.000000 4.279960e-16
7940.000000 4.277520e-16
7942.000000 4.246900e-16
7944.000000 4.153530e-16
7946.000000 4.083670e-16
7948.000000 4.069000e-16
7950.000000 4.108990e-16
7952.000000 4.171620e-16
7954.000000 4.174570e-16
7956.000000 4.153420e-16
7958.000000 4.097970e-16
7960.000000 4.075960e-16
7962.000000 4.058860e-16
7964.000000 4.015920e-16
7966.000000 4.027700e-16
7968.000000 4.065200e-16
7970.000000 4.231190e-16
7972.000000 4.287160e-16
7974.000000 4.252950e-16
7976.000000 4.063720e-16
7978.000000 3.895750e-16
7980.000000 3.850170e-16
7982.000000 3.886340e-16
7984.000000 3.975040e-16
7986.000000 3.986500e-16
7988.000000 3.983420e-16
7990.000000 3.963390e-16
7992.000000 3.937440e-16
7994.000000 3.901050e-16
7996.000000 3.813310e-16
7998.000000 3.779080e-16
8000.000000 3.765320e-16
8002.000000 3.774090e-16
8004.000000 3.794020e-16
8006.000000 3.825040e-16
8008.000000 3.893320e-16
8010.000000 3.958610e-16
8012.000000 3.986550e-16
8014.000000 3.993610e-16
8016.000000 3.982470e-16
8018.000000 3.981140e-16
8020.000000 3.980330e-16
8022.000000 4.001360e-16
8024.000000 3.966270e-16
8026.000000 3.906120e-16
8028.000000 3.729280e-16
8030.000000 3.664790e-16
8032.000000 3.652150e-16
8034.000000 3.731330e-16
8036.000000 3.791610e-16
8038.000000 3.820130e-16
8040.000000 3.845260e-16
8042.000000 3.862070e-16
8044.000000 3.864420e-16
8046.000000 3.849700e-16
8048.000000 3.817550e-16
8050.000000 3.804830e-16
8052.000000 3.795120e-16
8054.000000 3.789310e-16
8056.000000 3.784680e-16
8058.000000 3.782280e-16
8060.000000 3.774250e-16
8062.000000 3.779720e-16
8064.000000 3.794760e-16
8066.000000 3.843280e-16
8068.000000 3.873770e-16
8070.000000 3.873320e-16
8072.000000 3.845440e-16
8074.000000 3.804630e-16
8076.000000 3.778100e-16
8078.000000 3.753400e-16
8080.000000 3.732270e-16
8082.000000 3.696620e-16
8084.000000 3.653640e-16
8086.000000 3.559240e-16
8088.000000 3.533530e-16
8090.000000 3.530850e-16
8092.000000 3.578520e-16
8094.000000 3.612040e-16
8096.000000 3.640320e-16
8098.000000 3.678350e-16
8100.000000 3.711110e-16
8102.000000 3.732260e-16
8104.000000 3.748830e-16
8106.000000 3.759230e-16
8108.000000 3.758680e-16
8110.000000 3.748330e-16
8112.000000 3.725870e-16
8114.000000 3.704800e-16
8116.000000 3.679470e-16
8118.000000 3.613130e-16
8120.000000 3.601500e-16
8122.000000 3.611340e-16
8124.000000 3.708790e-16
8126.000000 3.739790e-16
8128.000000 3.713330e-16
8130.000000 3.580500e-16
8132.000000 3.468160e-16
8134.000000 3.458300e-16
8136.000000 3.525690e-16
8138.000000 3.646030e-16
8140.000000 3.687350e-16
8142.000000 3.713710e-16
8144.000000 3.726700e-16
8146.000000 3.719560e-16
8148.000000 3.695010e-16
8150.000000 3.601220e-16
8152.000000 3.570130e-16
8154.000000 3.562040e-16
8156.000000 3.566830e-16
8158.000000 3.596370e-16
8160.000000 3.651110e-16
8162.000000 3.781340e-16
8164.000000 3.902040e-16
8166.000000 3.932050e-16
8168.000000 3.918390e-16
8170.000000 3.862450e-16
8172.000000 3.786360e-16
8174.000000 3.664740e-16
8176.000000 3.391180e-16
8178.000000 3.334210e-16
8180.000000 3.348140e-16
8182.000000 3.610100e-16
8184.000000 3.680620e-16
8186.000000 3.668680e-16
8188.000000 3.531680e-16
8190.000000 3.414420e-16
8192.000000 3.338950e-16
8194.000000 3.226130e-16
8196.000000 3.139060e-16
8198.000000 3.166480e-16
8200.000000 3.302980e-16
8202.000000 3.559360e-16
8204.000000 3.644120e-16
8206.000000 3.682910e-16
8208.000000 3.619350e-16
8210.000000 3.620950e-16
8212.000000 3.623050e-16
8214.000000 3.638520e-16
8216.000000 3.636280e-16
8218.000000 3.622140e-16
8220.000000 3.599550e-16
8222.000000 3.567100e-16
8224.000000 3.524380e-16
8226.000000 3.447340e-16
8228.000000 3.365730e-16
8230.000000 3.342830e-16
8232.000000 3.343370e-16
8234.000000 3.365790e-16
8236.000000 3.423080e-16
8238.000000 3.509700e-16
8240.000000 3.745760e-16
8242.000000 3.813680e-16
8244.000000 3.833200e-16
8246.000000 3.741710e-16
8248.000000 3.685950e-16
8250.000000 3.648870e-16
8252.000000 3.600400e-16
8254.000000 3.563710e-16
8256.000000 3.549950e-16
8258.000000 3.558080e-16
8260.000000 3.580490e-16
8262.000000 3.590800e-16
8264.000000 3.606090e-16
8266.000000 3.634930e-16
8268.000000 3.632380e-16
8270.000000 3.617030e-16
8272.000000 3.533220e-16
8274.000000 3.524960e-16
8276.000000 3.544100e-16
8278.000000 3.629270e-16
8280.000000 3.686690e-16
8282.000000 3.719390e-16
8284.000000 3.752640e-16
8286.000000 3.768480e-16
8288.000000 3.753890e-16
8290.000000 3.691100e-16
8292.000000 3.596420e-16
8294.000000 3.581400e-16
8296.000000 3.603440e-16
8298.000000 3.706970e-16
8300.000000 3.714820e-16
8302.000000 3.698310e-16
8304.000000 3.631250e-16
8306.000000 3.579790e-16
8308.000000 3.525010e-16
8310.000000 3.423650e-16
8312.000000 3.363410e-16
8314.000000 3.350280e-16
8316.000000 3.401440e-16
8318.000000 3.461840e-16
8320.000000 3.472670e-16
8322.000000 3.458180e-16
8324.000000 3.420350e-16
8326.000000 3.422670e-16
8328.000000 3.444600e-16
8330.000000 3.559370e-16
8332.000000 3.525640e-16
8334.000000 3.438130e-16
8336.000000 3.170330e-16
8338.000000 3.033660e-16
8340.000000 2.956170e-16
8342.000000 2.926400e-16
8344.000000 2.924350e-16
8346.000000 2.946200e-16
8348.000000 3.039920e-16
8350.000000 3.146720e-16
8352.000000 3.173740e-16
8354.000000 3.160200e-16
8356.000000 3.100510e-16
8358.000000 3.083880e-16
8360.000000 3.071260e-16
8362.000000 3.061800e-16
8364.000000 3.057930e-16
8366.000000 3.058700e-16
8368.000000 3.098290e-16
8370.000000 3.094990e-16
8372.000000 3.062500e-16
8374.000000 2.988060e-16
8376.000000 2.912140e-16
8378.000000 2.848740e-16
8380.000000 2.763450e-16
8382.000000 2.680300e-16
8384.000000 2.657640e-16
8386.000000 2.676110e-16
8388.000000 2.750210e-16
8390.000000 2.777610e-16
8392.000000 2.801580e-16
8394.000000 2.873520e-16
8396.000000 2.858370e-16
8398.000000 2.805430e-16
8400.000000 2.674270e-16
8402.000000 2.560380e-16
8404.000000 2.454880e-16
8406.000000 2.301900e-16
8408.000000 2.180820e-16
8410.000000 2.134870e-16
8412.000000 2.173390e-16
8414.000000 2.259810e-16
8416.000000 2.243780e-16
8418.000000 2.189450e-16
8420.000000 2.070260e-16
8422.000000 2.013300e-16
8424.000000 1.966420e-16
8426.000000 1.933120e-16
8428.000000 1.904380e-16
8430.000000 1.883100e-16
8432.000000 1.886930e-16
8434.000000 1.876990e-16
8436.000000 1.853480e-16
8438.000000 1.804190e-16
8440.000000 1.760910e-16
8442.000000 1.749540e-16
8444.000000 1.766920e-16
8446.000000 1.806130e-16
8448.000000 1.804110e-16
8450.000000 1.783310e-16
8452.000000 1.706670e-16
8454.000000 1.712980e-16
8456.000000 1.746800e-16
8458.000000 1.867260e-16
8460.000000 1.926040e-16
8462.000000 1.963320e-16
8464.000000 1.984830e-16
8466.000000 1.994000e-16
8468.000000 1.991150e-16
8470.000000 1.960970e-16
8472.000000 1.925550e-16
8474.000000 1.911260e-16
8476.000000 1.895700e-16
8478.000000 1.878930e-16
8480.000000 1.899130e-16
8482.000000 1.941970e-16
8484.000000 2.039370e-16
8486.000000 2.090770e-16
8488.000000 2.135360e-16
8490.000000 2.162810e-16
8492.000000 2.198370e-16
8494.000000 2.236640e-16
8496.000000 2.282280e-16
8498.000000 2.321890e-16
8500.000000 2.352380e-16
8502.000000 2.353400e-16
8504.000000 2.356530e-16
8506.000000 2.417960e-16
8508.000000 2.525780e-16
8510.000000 2.692380e-16
8512.000000 2.775960e-16
8514.000000 2.837000e-16
8516.000000 2.830820e-16
8518.000000 2.880820e-16
8520.000000 2.939950e-16
8522.000000 3.027620e-16
8524.000000 3.097860e-16
8526.000000 3.157430e-16
8528.000000 3.202940e-16
8530.000000 3.250300e-16
8532.000000 3.305830e-16
8534.000000 3.372640e-16
8536.000000 3.441420e-16
8538.000000 3.486160e-16
8540.000000 3.515970e-16
8542.000000 3.523930e-16
8544.000000 3.552650e-16
8546.000000 3.584260e-16
8548.000000 3.633040e-16
8550.000000 3.661740e-16
8552.000000 3.683500e-16
8554.000000 3.700120e-16
8556.000000 3.708460e-16
8558.000000 3.708740e-16
8560.000000 3.689360e-16
8562.000000 3.671890e-16
8564.000000 3.669580e-16
8566.000000 3.690020e-16
8568.000000 3.720040e-16
8570.000000 3.694230e-16
8572.000000 3.636200e-16
8574.000000 3.519590e-16
8576.000000 3.460690e-16
8578.000000 3.412170e-16
8580.000000 3.378290e-16
8582.000000 3.348150e-16
8584.000000 3.325110e-16
8586.000000 3.325180e-16
8588.000000 3.313800e-16
8590.000000 3.290150e-16
8592.000000 3.252420e-16
8594.000000 3.214010e-16
8596.000000 3.187130e-16
8598.000000 3.155750e-16
8600.000000 3.122870e-16
8602.000000 3.127720e-16
8604.000000 3.158580e-16
8606.000000 3.256600e-16
8608.000000 3.276070e-16
8610.000000 3.274760e-16
8612.000000 3.205150e-16
8614.000000 3.185550e-16
8616.000000 3.185800e-16
8618.000000 3.219070e-16
8620.000000 3.243340e-16
8622.000000 3.252900e-16
8624.000000 3.229250e-16
8626.000000 3.213800e-16
8628.000000 3.261980e-16
8630.000000 3.373050e-16
8632.000000 3.552030e-16
8634.000000 3.604170e-16
8636.000000 3.610620e-16
8638.000000 3.489800e-16
8640.000000 3.488110e-16
8642.000000 3.510140e-16
8644.000000 3.541700e-16
8646.000000 3.617170e-16
8648.000000 3.729850e-16
8650.000000 3.964350e-16
8652.000000 4.145140e-16
8654.000000 4.223640e-16
8656.000000 4.199780e-16
8658.000000 4.139050e-16
8660.000000 4.173320e-16
8662.000000 4.241360e-16
8664.000000 4.351880e-16
8666.000000 4.426280e-16
8668.000000 4.498060e-16
8670.000000 4.526950e-16
8672.000000 4.620590e-16
8674.000000 4.738210e-16
8676.000000 4.946530e-16
8678.000000 5.088880e-16
8680.000000 5.184910e-16
8682.000000 5.224770e-16
8684.000000 5.261380e-16
8686.000000 5.318850e-16
8688.000000 5.391570e-16
8690.000000 5.465280e-16
8692.000000 5.493660e-16
8694.000000 5.488790e-16
8696.000000 5.427850e-16
8698.000000 5.435940e-16
8700.000000 5.461110e-16
8702.000000 5.547090e-16
8704.000000 5.580410e-16
8706.000000 5.599620e-16
8708.000000 5.558750e-16
8710.000000 5.566640e-16
8712.000000 5.618530e-16
8714.000000 5.749410e-16
8716.000000 5.868880e-16
8718.000000 5.914470e-16
8720.000000 5.904450e-16
8722.000000 5.855660e-16
8724.000000 5.872150e-16
8726.000000 5.908620e-16
8728.000000 5.982480e-16
8730.000000 6.022270e-16
8732.000000 6.056860e-16
8734.000000 6.128040e-16
8736.000000 6.129870e-16
8738.000000 6.093340e-16
8740.000000 5.961230e-16
8742.000000 5.867390e-16
8744.000000 5.819120e-16
8746.000000 5.803680e-16
8748.000000 5.799120e-16
8750.000000 5.783080e-16
8752.000000 5.771260e-16
8754.000000 5.763250e-16
8756.000000 5.749860e-16
8758.000000 5.733940e-16
8760.000000 5.704800e-16
8762.000000 5.698420e-16
8764.000000 5.700650e-16
8766.000000 5.727320e-16
8768.000000 5.739310e-16
8770.000000 5.745930e-16
8772.000000 5.709370e-16
8774.000000 5.713620e-16
8776.000000 5.773330e-16
8778.000000 5.919020e-16
8780.000000 6.078210e-16
8782.000000 6.141960e-16
8784.000000 6.176350e-16
8786.000000 6.182860e-16
8788.000000 6.133000e-16
8790.000000 6.032970e-16
8792.000000 5.744210e-16
8794.000000 5.669350e-16
8796.000000 5.653530e-16
8798.000000 5.813300e-16
8800.000000 5.868840e-16
8802.000000 5.869360e-16
8804.000000 5.818000e-16
8806.000000 5.759960e-16
8808.000000 5.709920e-16
8810.000000 5.642200e-16
8812.000000 5.569920e-16
8814.000000 5.523140e-16
8816.000000 5.481860e-16
8818.000000 5.441180e-16
8820.000000 5.437990e-16
8822.000000 5.456630e-16
8824.000000 5.415540e-16
8826.000000 5.529590e-16
8828.000000 5.719260e-16
8830.000000 6.285060e-16
8832.000000 6.526340e-16
8834.000000 6.515270e-16
8836.000000 6.136980e-16
8838.000000 5.767470e-16
8840.000000 5.601240e-16
8842.000000 5.513330e-16
8844.000000 5.478200e-16
8846.000000 5.398440e-16
8848.000000 5.321050e-16
8850.000000 5.242790e-16
8852.000000 5.179760e-16
8854.000000 5.125320e-16
8856.000000 5.095380e-16
8858.000000 5.048990e-16
8860.000000 4.999510e-16
8862.000000 4.926260e-16
8864.000000 4.877830e-16
8866.000000 4.853400e-16
8868.000000 4.853140e-16
8870.000000 4.863020e-16
8872.000000 4.872150e-16
8874.000000 4.912550e-16
8876.000000 4.970850e-16
8878.000000 4.940040e-16
8880.000000 4.854670e-16
8882.000000 4.638670e-16
8884.000000 4.584370e-16
8886.000000 4.574630e-16
8888.000000 4.672570e-16
8890.000000 4.719370e-16
8892.000000 4.759090e-16
8894.000000 4.872820e-16
8896.000000 4.901900e-16
8898.000000 4.832500e-16
8900.000000 4.628140e-16
8902.000000 4.396910e-16
8904.000000 4.261980e-16
8906.000000 4.151480e-16
8908.000000 4.065200e-16
8910.000000 3.988680e-16
8912.000000 3.928250e-16
8914.000000 3.881920e-16
8916.000000 3.856090e-16
8918.000000 3.848260e-16
8920.000000 3.901410e-16
8922.000000 3.910220e-16
8924.000000 3.897950e-16
8926.000000 3.863230e-16
8928.000000 3.824560e-16
8930.000000 3.785900e-16
8932.000000 3.727700e-16
8934.000000 3.669430e-16
8936.000000 3.644020e-16
8938.000000 3.642540e-16
8940.000000 3.670200e-16
8942.000000 3.659550e-16
8944.000000 3.640410e-16
8946.000000 3.630480e-16
8948.000000 3.580150e-16
8950.000000 3.508390e-16
8952.000000 3.331150e-16
8954.000000 3.248380e-16
8956.000000 3.228960e-16
8958.000000 3.297690e-16
8960.000000 3.366830e-16
8962.000000 3.403410e-16
8964.000000 3.427580e-16
8966.000000 3.450380e-16
8968.000000 3.500870e-16
8970.000000 3.581550e-16
8972.000000 3.718520e-16
8974.000000 3.742090e-16
8976.000000 3.723630e-16
8978.000000 3.605330e-16
8980.000000 3.538550e-16
8982.000000 3.469120e-16
8984.000000 3.307470e-16
8986.000000 3.256540e-16
8988.000000 3.300230e-16
8990.000000 3.526760e-16
8992.000000 3.726250e-16
8994.000000 3.775990e-16
8996.000000 3.728750e-16
8998.000000 3.615990e-16
9000.000000 3.581730e-16
9002.000000 3.556820e-16
9004.000000 3.544760e-16
9006.000000 3.529620e-16
9008.000000 3.517910e-16
9010.000000 3.497500e-16
9012.000000 3.499430e-16
9014.000000 3.513980e-16
9016.000000 3.544200e-16
9018.000000 3.581270e-16
9020.000000 3.625070e-16
9022.000000 3.728490e-16
9024.000000 3.806450e-16
9026.000000 3.785110e-16
9028.000000 3.669560e-16
9030.000000 3.477940e-16
9032.000000 3.411030e-16
9034.000000 3.380570e-16
9036.000000 3.416460e-16
9038.000000 3.410260e-16
9040.000000 3.405110e-16
9042.000000 3.397230e-16
9044.000000 3.396050e-16
9046.000000 3.399120e-16
9048.000000 3.433370e-16
9050.000000 3.440500e-16
9052.000000 3.413410e-16
9054.000000 3.345630e-16
9056.000000 3.266550e-16
9058.000000 3.213660e-16
9060.000000 3.158390e-16
9062.000000 3.100170e-16
9064.000000 3.078100e-16
9066.000000 3.076590e-16
9068.000000 3.120270e-16
9070.000000 3.133400e-16
9072.000000 3.145400e-16
9074.000000 3.184620e-16
9076.000000 3.182150e-16
9078.000000 3.151970e-16
9080.000000 3.056580e-16
9082.000000 2.982950e-16
9084.000000 2.953490e-16
9086.000000 2.948590e-16
9088.000000 2.961040e-16
9090.000000 2.977040e-16
9092.000000 3.025650e-16
9094.000000 3.123940e-16
9096.000000 3.102640e-16
9098.000000 3.033240e-16
