3708.832124 8.839266e-17
3713.850030 4.858554e-17
3718.867937 1.282171e-17
3723.885843 8.137275e-17
3728.903750 1.061094e-16
3733.921656 5.541611e-17
3738.939563 1.218043e-16
3743.957469 1.255822e-16
3748.975376 4.231673e-18
3753.993282 3.543555e-17
3759.011189 1.233024e-17
3764.029095 2.707001e-18
3769.047001 9.004725e-17
3774.064908 1.102900e-16
3779.082814 4.219045e-17
3789.118627 3.868541e-17
3794.136534 5.320437e-17
3799.154440 9.755462e-17
3804.172347 1.673573e-16
3809.190253 7.211108e-17
3814.208160 1.389054e-17
3819.226066 3.827360e-17
3824.243973 1.367555e-17
3829.261879 3.685943e-17
3834.279786 5.144108e-17
3839.297692 1.613354e-17
3844.315599 5.904166e-17
3849.333505 5.271389e-17
3854.351412 9.791757e-18
3864.387225 3.761869e-17
3869.405131 4.001229e-17
3874.423038 2.410212e-17
3879.440944 7.591172e-18
3884.458850 3.624647e-17
3889.476757 2.972197e-17
3894.494663 3.492857e-17
3899.512570 4.201954e-17
3904.530476 6.454376e-17
3909.548383 2.937634e-17
3914.566289 1.632965e-17
3924.602102 4.228299e-17
3929.620009 5.312866e-17
3934.637915 6.637306e-17
3939.655822 7.039004e-17
3944.673728 3.782067e-17
3949.691635 6.001199e-17
3954.709541 7.200397e-17
3959.727448 8.372018e-17
3964.745354 6.687275e-17
3969.763261 9.184648e-17
3974.781167 7.643574e-17
3979.799074 8.872151e-17
3984.816980 4.028223e-17
3989.834886 7.138839e-17
3994.852793 8.190861e-17
3999.870699 3.708008e-17
4004.888606 3.096511e-17
4009.906512 7.030055e-17
4014.924419 1.128805e-16
4019.942325 1.124688e-16
4024.960232 1.006951e-16
4029.978138 6.802441e-17
4034.996045 7.221330e-17
4040.013951 8.947422e-17
4045.031858 8.595319e-17
4050.049764 6.796160e-17
4055.067671 8.404802e-17
4060.085577 6.189437e-17
4065.103484 5.948906e-17
4070.121390 9.621120e-17
4075.139297 1.015159e-16
4080.157203 9.952166e-17
4085.175110 1.019519e-16
4090.193016 1.298082e-16
4095.210923 1.289073e-16
4100.228829 1.115132e-16
4105.246735 8.907548e-17
4110.264642 6.145618e-17
4115.282548 8.280487e-17
4120.300455 6.762333e-17
4125.318361 5.626744e-17
4130.336268 9.774478e-17
4135.354174 6.494796e-17
4140.372081 6.355961e-17
4145.389987 8.531583e-17
4150.407894 8.331375e-17
4155.425800 8.258504e-17
4160.443707 7.320404e-17
4165.461613 6.989306e-17
4170.479520 9.255587e-17
4175.497426 7.719540e-17
4180.515333 5.933318e-17
4185.533239 9.871150e-17
4190.551146 9.405694e-17
4195.569052 1.058704e-16
4200.586959 7.033707e-17
4205.604865 8.455846e-17
4210.622771 7.378607e-17
4215.640678 6.587533e-17
4220.658584 8.961454e-17
4225.676491 7.788360e-17
4230.694397 7.215301e-17
4235.712304 8.021959e-17
4240.730210 7.661387e-17
4245.748117 6.113005e-17
4250.766023 5.633572e-17
4255.783930 7.621389e-17
4260.801836 4.128767e-17
4265.819743 3.850913e-17
4270.837649 7.395275e-17
4275.855556 5.178283e-17
4280.873462 6.813892e-17
4285.891369 6.301680e-17
4290.909275 8.120286e-17
4295.927182 8.312781e-17
4300.945088 6.253830e-17
4305.962995 6.550935e-17
4310.980901 8.787849e-17
4315.998808 9.070355e-17
4321.016714 8.896011e-17
4326.034620 8.523302e-17
4331.052527 9.188242e-17
4336.070433 5.356334e-17
4341.088340 3.114146e-17
4346.106246 4.709816e-17
4351.124153 5.777023e-17
4356.142059 8.988950e-17
4361.159966 8.186963e-17
4366.177872 7.666041e-17
4371.195779 1.030124e-16
4376.213685 8.756835e-17
4381.231592 6.532696e-17
4386.249498 7.475802e-17
4391.267405 9.240427e-17
4396.285311 9.775588e-17
4401.303218 6.894626e-17
4406.321124 6.062825e-17
4411.339031 6.931007e-17
4416.356937 7.406959e-17
4421.374844 6.232799e-17
4426.392750 9.034605e-17
4431.410656 6.770040e-17
4436.428563 5.057461e-17
4441.446469 5.182430e-17
4446.464376 5.361750e-17
4451.482282 7.174047e-17
4456.500189 5.696539e-17
4461.518095 5.332848e-17
4466.536002 6.163126e-17
4471.553908 5.060636e-17
4476.571815 5.528214e-17
4481.589721 7.215469e-17
4486.607628 4.918490e-17
4491.625534 4.344239e-17
4496.643441 8.272130e-17
4501.661347 7.522645e-17
4506.679254 8.929494e-17
4511.697160 9.424157e-17
4516.715067 7.860769e-17
4521.732973 6.793446e-17
4526.750880 4.732637e-17
4531.768786 7.256227e-17
4536.786693 9.267664e-17
4541.804599 6.795323e-17
4546.822505 5.854800e-17
4551.840412 6.634332e-17
4556.858318 8.598362e-17
4561.876225 8.284807e-17
4566.894131 7.801207e-17
4571.912038 7.499541e-17
4576.929944 6.427891e-17
4581.947851 8.402529e-17
4586.965757 7.539151e-17
4591.983664 3.612209e-17
4597.001570 2.098233e-17
4602.019477 4.333233e-17
4607.037383 4.619165e-17
4612.055290 5.997290e-17
4617.073196 7.971528e-17
4622.091103 8.446164e-17
4627.109009 9.862739e-17
4632.126916 8.295052e-17
4637.144822 7.842703e-17
4642.162729 1.021659e-16
4647.180635 9.613071e-17
4652.198542 9.660503e-17
4657.216448 8.479667e-17
4662.234354 1.040546e-16
4667.252261 1.171619e-16
4672.270167 1.203742e-16
4677.288074 1.093927e-16
4682.305980 7.955876e-17
4687.323887 1.016158e-16
4692.341793 9.524051e-17
4697.359700 1.005403e-16
4702.377606 9.510471e-17
4707.395513 7.996968e-17
4712.413419 7.536748e-17
4717.431326 7.379794e-17
4722.449232 9.511281e-17
4727.467139 7.368370e-17
4732.485045 7.379049e-17
4737.502952 9.516253e-17
4742.520858 7.892114e-17
4747.538765 8.707137e-17
4752.556671 8.445454e-17
4757.574578 8.479014e-17
4762.592484 7.178201e-17
4767.610390 6.882671e-17
4772.628297 5.781826e-17
4777.646203 6.142229e-17
4782.664110 6.363944e-17
4787.682016 5.368804e-17
4792.699923 5.568137e-17
4797.717829 4.984902e-17
4802.735736 4.128395e-17
4807.753642 5.714045e-17
4812.771549 5.476877e-17
4817.789455 6.838424e-17
4822.807362 7.324782e-17
4827.825268 7.724550e-17
4832.843175 6.147614e-17
4837.861081 6.875236e-17
4842.878988 8.444801e-17
4847.896894 7.786947e-17
4852.914801 7.598696e-17
4857.932707 6.787194e-17
4862.950614 7.317308e-17
4867.968520 7.317179e-17
4872.986427 6.708815e-17
4878.004333 8.085813e-17
4883.022239 7.028159e-17
4888.040146 6.612122e-17
4893.058052 8.323660e-17
4898.075959 8.209630e-17
4903.093865 7.791021e-17
4908.111772 8.644529e-17
4913.129678 6.173119e-17
4918.147585 6.273312e-17
4923.165491 7.240084e-17
4928.183398 6.724501e-17
4933.201304 5.979780e-17
4938.219211 7.951016e-17
4943.237117 8.753731e-17
4948.255024 8.667018e-17
4953.272930 8.425142e-17
4958.290837 7.626550e-17
4963.308743 7.442778e-17
4968.326650 8.310546e-17
4973.344556 7.354821e-17
4978.362463 6.815387e-17
4983.380369 5.589652e-17
4988.398275 6.312496e-17
4993.416182 6.620490e-17
4998.434088 6.220285e-17
5003.451995 5.066941e-17
5008.469901 4.679622e-17
5013.487808 5.451875e-17
5018.505714 5.312439e-17
5023.523621 5.887026e-17
5028.541527 7.321773e-17
5033.559434 7.255105e-17
5038.577340 8.052693e-17
5043.595247 8.973686e-17
5048.613153 9.868121e-17
5053.631060 1.052472e-16
5058.648966 9.069789e-17
5063.666873 9.416146e-17
5068.684779 1.141701e-16
5073.702686 1.095132e-16
5078.720592 9.945364e-17
5083.738499 1.102755e-16
5088.756405 1.060714e-16
5093.774312 1.135662e-16
5098.792218 1.212921e-16
5103.810124 1.178924e-16
5108.828031 1.071348e-16
5113.845937 8.631953e-17
5118.863844 8.581720e-17
5123.881750 7.898988e-17
5128.899657 8.208903e-17
5133.917563 7.768596e-17
5138.935470 7.896400e-17
5143.953376 7.321597e-17
5148.971283 7.032635e-17
5153.989189 7.470079e-17
5159.007096 7.192781e-17
5164.025002 8.476480e-17
5169.042909 7.316481e-17
5174.060815 6.544947e-17
5179.078722 6.195529e-17
5184.096628 6.952637e-17
5189.114535 7.445035e-17
5194.132441 7.792756e-17
5199.150348 8.110908e-17
5204.168254 9.447714e-17
5209.186160 9.095945e-17
5214.204067 1.004750e-16
5219.221973 9.673271e-17
5224.239880 1.042666e-16
5229.257786 1.174749e-16
5234.275693 1.014589e-16
5239.293599 1.067794e-16
5244.311506 1.019393e-16
5249.329412 9.807277e-17
5254.347319 9.476958e-17
5259.365225 1.052629e-16
5264.383132 1.102733e-16
5269.401038 1.007101e-16
5274.418945 9.889577e-17
5279.436851 1.157701e-16
5284.454758 1.180963e-16
5289.472664 1.182762e-16
5294.490571 1.108020e-16
5299.508477 1.144924e-16
5304.526384 1.130199e-16
5309.544290 1.099406e-16
5314.562197 1.079688e-16
5319.580103 1.302495e-16
5324.598009 1.186344e-16
5329.615916 1.242863e-16
5334.633822 1.325084e-16
5339.651729 1.301725e-16
5344.669635 1.091373e-16
5349.687542 1.041465e-16
5354.705448 9.216745e-17
5359.723355 1.000487e-16
5364.741261 1.072951e-16
5369.759168 1.087811e-16
5374.777074 1.293515e-16
5379.794981 1.185714e-16
5384.812887 1.355827e-16
5389.830794 1.272646e-16
5394.848700 1.221970e-16
5399.866607 1.307977e-16
5404.884513 1.255916e-16
5409.902420 1.321914e-16
5414.920326 1.246075e-16
5419.938233 1.207986e-16
5424.956139 1.249573e-16
5429.974045 1.262303e-16
5434.991952 1.198212e-16
5440.009858 1.192439e-16
5445.027765 1.172723e-16
5450.045671 1.323335e-16
5455.063578 1.297451e-16
5460.081484 1.033596e-16
5465.099391 1.230429e-16
5470.117297 1.432264e-16
5475.135204 1.156170e-16
5480.153110 1.266738e-16
5485.171017 1.364938e-16
5490.188923 1.237495e-16
5495.206830 1.198946e-16
5500.224736 1.289901e-16
5505.242643 1.275108e-16
5510.260549 1.408472e-16
5515.278456 1.352339e-16
5520.296362 1.200366e-16
5525.314269 1.172677e-16
5530.332175 1.168636e-16
5535.350082 1.089589e-16
5540.367988 1.155594e-16
5545.385894 1.107157e-16
5550.403801 1.154633e-16
5555.421707 1.076035e-16
5560.439614 1.055178e-16
5565.457520 1.006179e-16
5570.475427 9.570683e-17
5575.493333 9.090591e-17
5580.511240 8.547298e-17
5585.529146 8.308360e-17
5590.547053 1.039611e-16
5595.564959 1.348793e-16
5600.582866 1.379799e-16
5605.600772 1.492566e-16
5610.618679 1.610113e-16
5615.636585 1.792921e-16
5620.654492 1.698106e-16
5625.672398 1.881123e-16
5630.690305 1.864428e-16
5635.708211 1.744514e-16
5640.726118 1.582872e-16
5645.744024 1.413976e-16
5650.761930 1.593952e-16
5655.779837 1.696107e-16
5660.797743 1.390847e-16
5665.815650 1.489553e-16
5670.833556 1.414471e-16
5675.851463 1.128121e-16
5680.869369 1.192442e-16
5685.887276 1.106837e-16
5690.905182 1.217634e-16
5695.923089 1.280308e-16
5700.940995 1.195364e-16
5705.958902 1.032198e-16
5710.976808 9.537281e-17
5715.994715 1.096107e-16
5721.012621 1.000365e-16
5726.030528 1.078728e-16
5731.048434 1.124443e-16
5736.066341 1.086986e-16
5741.084247 1.209086e-16
5746.102154 1.193265e-16
5751.120060 9.496991e-17
5756.137967 1.077478e-16
5761.155873 1.120946e-16
5766.173779 1.024652e-16
5771.191686 1.024776e-16
5776.209592 1.094690e-16
5781.227499 9.019718e-17
5786.245405 7.259585e-17
5791.263312 9.946337e-17
5796.281218 9.631957e-17
5801.299125 7.013241e-17
5806.317031 7.573122e-17
5811.334938 7.707099e-17
5816.352844 6.190616e-17
5821.370751 5.499413e-17
5826.388657 6.320547e-17
5831.406564 5.583816e-17
5836.424470 5.020873e-17
5841.442377 3.921037e-17
5846.460283 3.144725e-17
5851.478190 1.280109e-17
5856.496096 3.550429e-17
5861.514003 6.814973e-17
5866.531909 4.515715e-17
5871.549815 5.613270e-17
5876.567722 5.518121e-17
5881.585628 5.361251e-17
5886.603535 5.641120e-17
5891.621441 7.375076e-17
5896.639348 6.463573e-17
5901.657254 7.227823e-17
5906.675161 7.876575e-17
5911.693067 8.099042e-17
5916.710974 9.808058e-17
5921.728880 9.748940e-17
5926.746787 9.705204e-17
5931.764693 9.905175e-17
5936.782600 1.175091e-16
5941.800506 1.355189e-16
5946.818413 1.497235e-16
5951.836319 1.306657e-16
5956.854226 1.185848e-16
5961.872132 1.148534e-16
5966.890039 1.475623e-16
5971.907945 1.074371e-16
5976.925852 1.142686e-16
5981.943758 1.237433e-16
5986.961664 1.121616e-16
5991.979571 1.244479e-16
5996.997477 1.405210e-16
6002.015384 1.353600e-16
6007.033290 1.478672e-16
6012.051197 1.290190e-16
6017.069103 1.065938e-16
6022.087010 1.133291e-16
6027.104916 1.192465e-16
6032.122823 1.141611e-16
6037.140729 1.130473e-16
6042.158636 1.075175e-16
6047.176542 1.110969e-16
6052.194449 1.242385e-16
6057.212355 1.198327e-16
6062.230262 1.271529e-16
6067.248168 1.277845e-16
6072.266075 1.269716e-16
6077.283981 1.255884e-16
6082.301888 1.251254e-16
6087.319794 1.234978e-16
6092.337701 1.235633e-16
6097.355607 1.157969e-16
6102.373513 1.029596e-16
6107.391420 1.006863e-16
6112.409326 1.025422e-16
6117.427233 9.713241e-17
6122.445139 9.548044e-17
6127.463046 1.047217e-16
6132.480952 9.886041e-17
6137.498859 1.010409e-16
6142.516765 1.047273e-16
6147.534672 9.338172e-17
6152.552578 8.623416e-17
6157.570485 9.332919e-17
6162.588391 9.745390e-17
6167.606298 8.324180e-17
6172.624204 9.081194e-17
6177.642111 8.779379e-17
6182.660017 8.922933e-17
6187.677924 1.075739e-16
6192.695830 9.442575e-17
6197.713737 9.046117e-17
6202.731643 8.389665e-17
6207.749549 8.705095e-17
6212.767456 1.061948e-16
6217.785362 9.849193e-17
6222.803269 1.006152e-16
6227.821175 1.152452e-16
6232.839082 1.010938e-16
6237.856988 9.883579e-17
6242.874895 1.000337e-16
6247.892801 9.965934e-17
6252.910708 9.289653e-17
6257.928614 9.134549e-17
6262.946521 8.873364e-17
6267.964427 8.756284e-17
6272.982334 9.366569e-17
6278.000240 1.043942e-16
6283.018147 9.982940e-17
6288.036053 9.487843e-17
6293.053960 8.856041e-17
6298.071866 9.124138e-17
6303.089773 1.005982e-16
6308.107679 1.022607e-16
6313.125586 1.044229e-16
6318.143492 1.108716e-16
6323.161398 1.050791e-16
6328.179305 1.384649e-16
6333.197211 1.597515e-16
6338.215118 1.675446e-16
6343.233024 1.878620e-16
6348.250931 2.030028e-16
6353.268837 2.022472e-16
6358.286744 1.969990e-16
6363.304650 1.839845e-16
6368.322557 1.826995e-16
6373.340463 1.707100e-16
6378.358370 1.742052e-16
6383.376276 1.763692e-16
6388.394183 1.728339e-16
6393.412089 1.740583e-16
6398.429996 1.769956e-16
6403.447902 1.924474e-16
6408.465809 2.032980e-16
6413.483715 2.010090e-16
6418.501622 1.862477e-16
6423.519528 1.864132e-16
6428.537434 1.939656e-16
6433.555341 1.779018e-16
6438.573247 1.650317e-16
6443.591154 1.678278e-16
6448.609060 1.679196e-16
6453.626967 1.655023e-16
6458.644873 1.774691e-16
6463.662780 1.648366e-16
6468.680686 1.477325e-16
6473.698593 1.450941e-16
6478.716499 1.460629e-16
6483.734406 1.454133e-16
6488.752312 1.626610e-16
6493.770219 1.506979e-16
6498.788125 1.403696e-16
6503.806032 1.476647e-16
6508.823938 1.631834e-16
6513.841845 1.591224e-16
6518.859751 1.728138e-16
6523.877658 1.835305e-16
6528.895564 1.830619e-16
6533.913471 1.909132e-16
6538.931377 1.659264e-16
6543.949283 1.733807e-16
6548.967190 1.850528e-16
6553.985096 1.829980e-16
6559.003003 1.855898e-16
6564.020909 1.892327e-16
6569.038816 1.988724e-16
6574.056722 1.968556e-16
6579.074629 2.010320e-16
6584.092535 2.030860e-16
6589.110442 1.843391e-16
6594.128348 1.724325e-16
6599.146255 1.788065e-16
6604.164161 1.715016e-16
6609.182068 1.772012e-16
6614.199974 1.942782e-16
6619.217881 1.857780e-16
6624.235787 1.663808e-16
6629.253694 1.450710e-16
6634.271600 1.539843e-16
6639.289507 1.690753e-16
6644.307413 1.639613e-16
6649.325319 1.689843e-16
6654.343226 1.430524e-16
6659.361132 1.412580e-16
6664.379039 1.510930e-16
6669.396945 1.661299e-16
6674.414852 1.495837e-16
6679.432758 1.663369e-16
6684.450665 2.007747e-16
6689.468571 2.363223e-16
6694.486478 1.958315e-16
6699.504384 1.635337e-16
6704.522291 1.648221e-16
6709.540197 1.750885e-16
6714.558104 1.780513e-16
6719.576010 1.710853e-16
6724.593917 1.880317e-16
6729.611823 1.682383e-16
6734.629730 1.525703e-16
6739.647636 1.608760e-16
6744.665543 1.544935e-16
6749.683449 1.647968e-16
6754.701356 1.636149e-16
6759.719262 1.502211e-16
6764.737168 1.617324e-16
6769.755075 1.617126e-16
6774.772981 1.552798e-16
6779.790888 1.545889e-16
6784.808794 1.430158e-16
6789.826701 1.400356e-16
6794.844607 1.500266e-16
6799.862514 1.518338e-16
6804.880420 1.379836e-16
6809.898327 1.288530e-16
6814.916233 1.236396e-16
6819.934140 1.167819e-16
6824.952046 1.400517e-16
6829.969953 1.510186e-16
6834.987859 1.390008e-16
6840.005766 1.348428e-16
6845.023672 1.636319e-16
6850.041579 1.638690e-16
6855.059485 1.269067e-16
6860.077392 1.342660e-16
6865.095298 1.094069e-16
6870.113204 1.079655e-16
6875.131111 1.045143e-16
6880.149017 8.427737e-17
6885.166924 7.515412e-17
6890.184830 8.325471e-17
6895.202737 7.698680e-17
6900.220643 7.325403e-17
6905.238550 8.036357e-17
6910.256456 8.127173e-17
6915.274363 7.412283e-17
6920.292269 8.127219e-17
6925.310176 8.862289e-17
6930.328082 7.308256e-17
6935.345989 7.099701e-17
6940.363895 7.017186e-17
6945.381802 6.773707e-17
6950.399708 7.017443e-17
6955.417615 6.449160e-17
6960.435521 5.907982e-17
6965.453428 6.925159e-17
6970.471334 8.524395e-17
6975.489241 7.400741e-17
6980.507147 5.767721e-17
6985.525053 4.700968e-17
6990.542960 5.733980e-17
6995.560866 5.013491e-17
7000.578773 5.884800e-17
7005.596679 6.649639e-17
7010.614586 6.520217e-17
7015.632492 6.334093e-17
7020.650399 6.209368e-17
7025.668305 5.336754e-17
7030.686212 5.223921e-17
7035.704118 5.297301e-17
7040.722025 5.315977e-17
7045.739931 6.492091e-17
7050.757838 6.047226e-17
7055.775744 6.520904e-17
7060.793651 6.150272e-17
7065.811557 6.247227e-17
7070.829464 6.677839e-17
7075.847370 8.365672e-17
7080.865277 8.578794e-17
7085.883183 8.477844e-17
7090.901089 9.053005e-17
7095.918996 9.040442e-17
7100.936902 9.603916e-17
7105.954809 9.294852e-17
7110.972715 9.430879e-17
7115.990622 9.226271e-17
7121.008528 9.148019e-17
7126.026435 1.072321e-16
7131.044341 9.839489e-17
7136.062248 1.060649e-16
7141.080154 1.017740e-16
7146.098061 1.023375e-16
7151.115967 9.541584e-17
7156.133874 8.911366e-17
7161.151780 1.124258e-16
7166.169687 1.205965e-16
7171.187593 1.075990e-16
7176.205500 1.025301e-16
7181.223406 1.100681e-16
7186.241313 1.001467e-16
7191.259219 9.753770e-17
7196.277126 9.386907e-17
7201.295032 8.496110e-17
7206.312938 9.129764e-17
7211.330845 9.468028e-17
7216.348751 1.035284e-16
7221.366658 1.020241e-16
7226.384564 9.242751e-17
7231.402471 9.974972e-17
7236.420377 9.997318e-17
7241.438284 1.024786e-16
7246.456190 9.945928e-17
7251.474097 1.016362e-16
7256.492003 7.999241e-17
7261.509910 8.115069e-17
7266.527816 9.570713e-17
7271.545723 8.038022e-17
7276.563629 9.524596e-17
7281.581536 1.074242e-16
7286.599442 1.020467e-16
7291.617349 9.916403e-17
7296.635255 9.248713e-17
7301.653162 9.058491e-17
7306.671068 9.075032e-17
7311.688974 1.030228e-16
7316.706881 1.052377e-16
7321.724787 9.998828e-17
7326.742694 1.200570e-16
7331.760600 1.140398e-16
7336.778507 1.041161e-16
7341.796413 1.167100e-16
7346.814320 1.155293e-16
7351.832226 1.059661e-16
7356.850133 1.042709e-16
7361.868039 1.181159e-16
7366.885946 1.069844e-16
7371.903852 9.635808e-17
7376.921759 8.923360e-17
7381.939665 8.949669e-17
7386.957572 9.421729e-17
7391.975478 1.071879e-16
7396.993385 1.292164e-16
7402.011291 1.335237e-16
7407.029198 1.423780e-16
7412.047104 1.328901e-16
7417.065011 1.220188e-16
7422.082917 1.246268e-16
7427.100823 1.397079e-16
7432.118730 1.399374e-16
7437.136636 1.320392e-16
7442.154543 1.241620e-16
7447.172449 1.267415e-16
7452.190356 1.195364e-16
7457.208262 1.066914e-16
7462.226169 1.131724e-16
7467.244075 1.189416e-16
7472.261982 1.161953e-16
7477.279888 1.031025e-16
7482.297795 9.878033e-17
7487.315701 9.777759e-17
7492.333608 1.117462e-16
7497.351514 8.627893e-17
7502.369421 1.110010e-16
7507.387327 9.192004e-17
7512.405234 8.628005e-17
7517.423140 8.803688e-17
7522.441047 8.160931e-17
7527.458953 9.237837e-17
7532.476860 9.287523e-17
7537.494766 8.099428e-17
7542.512672 7.746188e-17
7547.530579 7.504226e-17
7552.548485 7.064088e-17
7557.566392 6.702483e-17
7562.584298 4.591771e-17
7567.602205 3.069883e-17
7572.620111 2.745130e-17
7577.638018 2.062196e-17
7582.655924 8.085317e-17
7587.673831 6.329355e-17
7592.691737 5.025361e-17
7597.709644 5.913312e-17
7602.727550 4.742126e-17
7607.745457 5.497974e-17
7612.763363 3.935054e-17
7617.781270 3.729280e-17
7622.799176 2.763841e-17
7627.817083 3.267394e-17
7632.834989 3.092828e-17
7637.852896 3.538213e-17
7642.870802 4.690175e-17
7647.888708 4.239323e-17
7652.906615 4.815972e-17
7657.924521 6.152261e-17
7662.942428 5.639555e-17
7667.960334 4.834500e-17
7672.978241 4.941479e-17
7677.996147 5.697050e-17
7683.014054 6.968602e-17
7688.031960 7.117654e-17
7693.049867 6.118497e-17
7698.067773 7.680804e-17
7703.085680 5.584740e-17
7708.103586 4.464571e-17
7713.121493 5.431027e-17
7718.139399 4.487605e-17
7723.157306 6.349350e-17
7728.175212 3.663144e-17
7733.193119 4.684266e-17
7738.211025 6.737661e-17
7743.228932 7.247203e-17
7748.246838 6.342918e-17
7753.264745 6.441741e-17
7758.282651 5.998695e-17
7763.300557 4.392420e-17
7768.318464 5.417379e-17
7773.336370 5.975880e-17
7778.354277 5.089812e-17
7783.372183 5.015682e-17
7788.390090 4.423525e-17
7793.407996 3.222215e-17
7798.425903 4.130068e-17
7803.443809 4.640678e-17
7808.461716 4.179203e-17
7813.479622 4.844118e-17
7818.497529 5.415119e-17
7823.515435 5.966397e-17
7828.533342 7.557362e-17
7833.551248 9.196095e-17
7838.569155 1.008681e-16
7843.587061 9.926257e-17
7848.604968 9.287467e-17
7853.622874 8.634376e-17
7858.640781 7.973927e-17
7863.658687 7.918053e-17
7868.676593 6.952044e-17
7873.694500 4.653791e-17
7878.712406 4.392832e-17
7883.730313 4.909267e-17
7888.748219 6.634421e-17
7893.766126 6.189364e-17
7898.784032 8.640269e-17
7903.801939 8.845245e-17
7908.819845 9.847665e-17
7913.837752 9.097073e-17
7918.855658 7.414513e-17
7923.873565 6.374522e-17
7928.891471 7.419343e-17
7933.909378 8.836822e-17
7938.927284 9.725518e-17
7943.945191 1.042527e-16
7948.963097 1.025471e-16
7953.981004 9.932816e-17
7958.998910 8.953497e-17
7964.016817 6.376983e-17
7969.034723 5.120756e-17
7974.052630 6.254960e-17
7979.070536 7.484040e-17
7984.088442 7.538492e-17
7989.106349 4.307765e-17
7994.124255 4.086191e-17
7999.142162 2.348174e-17
8004.160068 3.840834e-17
8009.177975 6.133413e-17
8014.195881 5.844249e-17
8019.213788 5.293794e-17
8024.231694 6.031496e-17
8029.249601 6.482452e-17
8034.267507 6.173308e-17
8039.285414 6.673729e-17
8044.303320 6.773787e-17
8049.321227 5.206380e-17
8054.339133 4.938793e-17
8059.357040 5.375912e-17
8064.374946 4.929206e-17
8069.392853 5.612242e-17
8074.410759 2.666827e-17
8079.428666 3.531419e-17
8084.446572 4.334961e-17
8089.464478 2.733414e-17
8094.482385 2.497633e-17
8099.500291 3.138277e-17
8104.518198 3.617173e-17
8109.536104 4.608954e-17
8114.554011 3.815193e-17
8119.571917 1.264850e-17
8124.589824 1.213893e-17
8129.607730 3.215330e-17
8134.625637 3.710233e-17
8139.643543 2.792359e-17
8144.661450 2.207952e-17
8149.679356 2.201046e-17
8154.697263 2.633204e-17
8159.715169 2.863635e-18
8164.733076 6.985232e-18
8174.768889 2.025485e-17
8179.786795 2.834102e-17
8184.804702 2.759720e-17
8189.822608 2.690077e-17
8194.840515 3.028780e-17
8199.858421 4.327962e-17
8204.876327 3.960933e-17
8209.894234 5.119811e-17
8214.912140 6.384956e-17
8219.930047 4.673214e-17
8224.947953 5.651534e-17
