4744.744576 1.004541e-17
4765.803705 2.346897e-16
4769.313560 3.917547e-16
4776.333270 6.972808e-17
4779.843125 2.683152e-16
4783.352979 2.160206e-16
4786.862834 1.952631e-16
4790.372689 4.383144e-16
4793.882544 3.694099e-16
4797.392399 2.168144e-16
4800.902254 1.072231e-17
4811.431818 5.588718e-17
4814.941673 1.004656e-16
4818.451528 1.194469e-16
4832.490948 6.282771e-17
4836.000803 1.058860e-16
4839.510657 5.187396e-18
4843.020512 8.198923e-17
4846.530367 1.878919e-16
4850.040222 2.648507e-16
4860.569787 2.605971e-16
4864.079642 2.601263e-16
4867.589496 3.001489e-17
4871.099351 2.945627e-16
4874.609206 4.844937e-16
4878.119061 3.179515e-16
4881.628916 3.008724e-16
4885.138771 2.474899e-16
4888.648626 2.058987e-16
4892.158481 1.579418e-16
4895.668335 4.841002e-16
4899.178190 5.536452e-16
4902.688045 4.123185e-16
4906.197900 2.175634e-16
4916.727465 7.307656e-17
4920.237320 1.260947e-16
4923.747174 1.466164e-16
4930.766884 3.667737e-17
4937.786594 8.202367e-17
4944.806304 6.927368e-17
4948.316159 1.656571e-16
4955.335868 6.727040e-17
4958.845723 2.102926e-16
4962.355578 3.626202e-16
4965.865433 2.481265e-16
4969.375288 8.163519e-17
4972.885143 2.322717e-16
4979.904852 1.036865e-16
4983.414707 2.552667e-16
4986.924562 9.316104e-17
4990.434417 3.074753e-16
4993.944272 2.283452e-16
4997.454127 7.308865e-17
5000.963982 8.100635e-17
5004.473837 1.702047e-16
5007.983691 5.811319e-17
5015.003401 1.075689e-16
5022.023111 2.286596e-16
5025.532966 1.820699e-16
5029.042821 1.297635e-16
5032.552676 2.706843e-16
5036.062530 2.105754e-16
5039.572385 1.546041e-16
5043.082240 1.473680e-16
5046.592095 1.399891e-16
5053.611805 6.790037e-18
5057.121660 8.262157e-17
5060.631515 6.272539e-17
5064.141369 1.788533e-17
5067.651224 3.818887e-17
5071.161079 1.615454e-16
5074.670934 1.806682e-17
5088.710354 1.744299e-16
5092.220208 1.289416e-16
5095.730063 1.724281e-16
5099.239918 2.351626e-16
5102.749773 3.211706e-17
5106.259628 1.797275e-17
5109.769483 8.115431e-17
5113.279338 9.306778e-17
5116.789193 1.171540e-16
5120.299047 1.952100e-16
5123.808902 1.211477e-17
5130.828612 5.856955e-17
5134.338467 2.184586e-16
5137.848322 3.823555e-16
5141.358177 4.640463e-16
5144.868032 3.943978e-16
5151.887741 1.749722e-16
5155.397596 4.758677e-17
5162.417306 3.795296e-17
5165.927161 1.183767e-16
5169.437016 5.449596e-17
5172.946871 2.109232e-16
5176.456725 9.348067e-17
5183.476435 4.873469e-17
5186.986290 3.470493e-16
5190.496145 1.581558e-16
5194.006000 1.945905e-16
5197.515855 1.729190e-16
5201.025710 1.053238e-16
5204.535564 1.590350e-16
5208.045419 1.393508e-16
5211.555274 2.403493e-16
5215.065129 5.345711e-17
5218.574984 7.561415e-17
5222.084839 2.245270e-16
5225.594694 1.521791e-16
5229.104549 2.281357e-16
5232.614403 1.551861e-16
5236.124258 1.257550e-16
5239.634113 1.346201e-16
5243.143968 1.013316e-16
5246.653823 8.076241e-17
5253.673533 1.507184e-16
5257.183388 9.793907e-17
5260.693242 5.845558e-17
5264.203097 1.023341e-16
5267.712952 1.746313e-16
5271.222807 1.778918e-16
5274.732662 4.297284e-17
5278.242517 1.184545e-16
5281.752372 1.187637e-16
5285.262227 2.057384e-16
5288.772081 2.520852e-16
5292.281936 1.623457e-16
5299.301646 4.270809e-17
5302.811501 4.436892e-17
5306.321356 2.072054e-16
5309.831211 2.163304e-17
5313.341066 2.257424e-17
5316.850920 2.253701e-16
5320.360775 2.634227e-16
5323.870630 2.298542e-16
5327.380485 3.770464e-16
5330.890340 1.472071e-16
5334.400195 2.152124e-17
5337.910050 1.625451e-16
5341.419905 1.501715e-16
5344.929759 1.259733e-16
5348.439614 8.645309e-17
5358.969179 1.590025e-16
5362.479034 1.811645e-16
5365.988889 1.888778e-16
5369.498744 2.744119e-16
5373.008598 8.974260e-17
5376.518453 1.197851e-16
5380.028308 1.125954e-16
5383.538163 5.614330e-17
5390.557873 8.768938e-17
5394.067728 1.214275e-16
5397.577583 1.414161e-16
5401.087437 1.679916e-16
5404.597292 1.018209e-16
5408.107147 1.203477e-16
5411.617002 4.153405e-16
5415.126857 8.215740e-17
5418.636712 1.872784e-16
5422.146567 1.638320e-16
5425.656422 8.143929e-17
5432.676131 3.403910e-16
5436.185986 1.890576e-16
5439.695841 7.581252e-17
5443.205696 5.415003e-17
5450.225406 4.327408e-17
5453.735261 1.628852e-16
5460.754970 1.519433e-16
5464.264825 3.536890e-16
5467.774680 2.627669e-16
5478.304245 1.717327e-16
5481.814100 1.078759e-16
5485.323954 3.117092e-17
5492.343664 1.689764e-16
5495.853519 2.742947e-16
5499.363374 2.838097e-16
5502.873229 1.726395e-16
5506.383084 1.643071e-16
5509.892939 1.061278e-16
5513.402794 2.301904e-16
5516.912648 2.347636e-16
5523.932358 1.040585e-16
5527.442213 1.845541e-16
5534.461923 1.168546e-16
5537.971778 2.772776e-16
5541.481633 8.086530e-17
5544.991487 3.533861e-17
5548.501342 2.213224e-17
5552.011197 8.364857e-18
5555.521052 1.857185e-16
5559.030907 3.535336e-16
5562.540762 2.333141e-16
5566.050617 1.821518e-16
5569.560472 1.137722e-16
5573.070326 2.949614e-16
5576.580181 4.071245e-16
5580.090036 3.582929e-16
5583.599891 3.188345e-16
5587.109746 8.129301e-17
5590.619601 6.896009e-17
5594.129456 1.145426e-16
5597.639311 1.519721e-16
5601.149165 2.349760e-16
5604.659020 2.222819e-16
5608.168875 1.708532e-16
5611.678730 1.267348e-16
5615.188585 2.256005e-16
5618.698440 1.356474e-16
5622.208295 3.593693e-17
5625.718150 1.505056e-16
5629.228004 2.437145e-16
5632.737859 1.174058e-16
5636.247714 1.038506e-16
5639.757569 1.562858e-16
5643.267424 8.929810e-17
5646.777279 2.585918e-16
5650.287134 1.684387e-16
5653.796989 1.611411e-16
5657.306843 1.094292e-16
5660.816698 7.061705e-17
5664.326553 5.556027e-17
5667.836408 1.156650e-16
5671.346263 1.926442e-16
5674.856118 2.165473e-16
5678.365973 1.203187e-16
5681.875828 1.016402e-16
5685.385682 1.797263e-16
5688.895537 1.834174e-16
5692.405392 8.673666e-17
5695.915247 2.038189e-16
5699.425102 2.496652e-16
5702.934957 1.987866e-16
5706.444812 6.025750e-17
5709.954667 2.784017e-17
5713.464521 8.979254e-17
5720.484231 1.537338e-16
5723.994086 9.836341e-17
5727.503941 7.443419e-17
5731.013796 3.320979e-17
5734.523651 1.575388e-16
5738.033506 1.610097e-16
5741.543360 1.679005e-16
5745.053215 7.353987e-17
5748.563070 1.250040e-16
5752.072925 1.056655e-16
5755.582780 1.575719e-17
5759.092635 1.437893e-16
5762.602490 2.274813e-16
5766.112345 1.732896e-16
5769.622199 2.257709e-16
5773.132054 1.156306e-16
5776.641909 1.471634e-16
5780.151764 1.128975e-16
5783.661619 1.016811e-16
5787.171474 5.559456e-17
5790.681329 2.942030e-17
5794.191184 5.934697e-17
5797.701038 1.121410e-17
5808.230603 1.435678e-16
5811.740458 8.576399e-17
5818.760168 1.616378e-17
5822.270023 3.996313e-18
5825.779877 9.923292e-17
5829.289732 2.134722e-16
5832.799587 6.921783e-17
5836.309442 4.059692e-17
5850.348862 8.659845e-17
5853.858716 1.119827e-16
5857.368571 1.865391e-16
5860.878426 1.432977e-16
5864.388281 7.362865e-17
5867.898136 9.592554e-18
5871.407991 1.403787e-16
5874.917846 1.644989e-16
5878.427701 1.238189e-16
5881.937555 7.994291e-17
5885.447410 8.712743e-17
5888.957265 5.771206e-17
5892.467120 2.001365e-16
5895.976975 3.418605e-17
5899.486830 1.411725e-16
5902.996685 1.541099e-16
5906.506540 1.378314e-16
5910.016394 1.033754e-16
5913.526249 1.296705e-16
5917.036104 1.144581e-16
5927.565669 1.171322e-16
5931.075524 1.740102e-16
5934.585379 2.321957e-16
5938.095233 1.129225e-16
5941.605088 7.650775e-17
5945.114943 4.581747e-17
5948.624798 1.483600e-16
5952.134653 2.181259e-16
5955.644508 1.203312e-16
5959.154363 6.439655e-17
5962.664218 1.609741e-16
5966.174072 7.574359e-17
5969.683927 1.245992e-16
5973.193782 2.148354e-16
5976.703637 2.001525e-16
5980.213492 9.964923e-17
5983.723347 1.238132e-16
5987.233202 1.462416e-16
5990.743057 2.577423e-16
5994.252911 1.543765e-16
5997.762766 1.656230e-16
6001.272621 9.357809e-17
6004.782476 7.643648e-17
6008.292331 1.996617e-16
6011.802186 1.845458e-16
6015.312041 2.421508e-16
6018.821896 3.252926e-16
6022.331750 1.225421e-16
6025.841605 1.100578e-16
6029.351460 1.487102e-16
6032.861315 1.299982e-16
6036.371170 1.742718e-16
6039.881025 1.744675e-16
6043.390880 2.001107e-16
6046.900735 1.881528e-16
6050.410589 7.585647e-17
6053.920444 1.255631e-16
6057.430299 7.693342e-17
6060.940154 1.018147e-16
6064.450009 1.014718e-16
6067.959864 7.765444e-17
6071.469719 6.756258e-17
6074.979574 1.918794e-16
6078.489428 5.098687e-17
6081.999283 3.422736e-17
6085.509138 5.449951e-17
6092.528848 3.745917e-17
6096.038703 1.838307e-16
6099.548558 1.888680e-16
6103.058413 8.446174e-17
6106.568267 1.594654e-16
6110.078122 2.378553e-16
6113.587977 1.129087e-16
6117.097832 2.160371e-16
6120.607687 1.028520e-16
6124.117542 1.462473e-16
6127.627397 2.803034e-16
6131.137252 1.289270e-16
6134.647106 8.945631e-17
6138.156961 1.180029e-16
6141.666816 1.143423e-16
6145.176671 1.760812e-16
6148.686526 1.749799e-16
6152.196381 2.057559e-16
6155.706236 1.373173e-16
6159.216091 3.527975e-17
6162.725945 1.820396e-16
6166.235800 1.726492e-16
6173.255510 1.844514e-17
6176.765365 1.322545e-16
6180.275220 3.240760e-17
6183.785075 8.607253e-17
6187.294930 1.260122e-16
6190.804784 1.555014e-16
6194.314639 1.445456e-16
6197.824494 1.048446e-16
6201.334349 1.373149e-16
6204.844204 8.215804e-17
6208.354059 1.178307e-16
6211.863914 8.760872e-17
6215.373769 1.020677e-16
6218.883623 1.272269e-16
6222.393478 6.391085e-17
6225.903333 2.116198e-17
6229.413188 1.113245e-16
6232.923043 4.635371e-18
6236.432898 6.822670e-17
6239.942753 1.419948e-16
6243.452608 1.468873e-16
6246.962462 2.110842e-16
6250.472317 2.064726e-16
6253.982172 1.715365e-16
6257.492027 1.597179e-16
6261.001882 1.392110e-16
6264.511737 1.543299e-16
6268.021592 7.589017e-17
6271.531447 2.457380e-17
6275.041301 7.952136e-17
6278.551156 9.221423e-17
6282.061011 9.400859e-17
6285.570866 1.643691e-16
6289.080721 3.247416e-16
6292.590576 3.715322e-16
6296.100431 5.002129e-16
6299.610286 3.398744e-16
6303.120140 7.050970e-16
6306.629995 1.789343e-15
6310.139850 4.973488e-16
6313.649705 8.125029e-17
6317.159560 1.766462e-16
6320.669415 3.178150e-16
6324.179270 1.670899e-16
6327.689125 1.023683e-16
6331.198979 1.409994e-16
6334.708834 1.886589e-16
6338.218689 2.256736e-16
6341.728544 1.740596e-16
6345.238399 1.535345e-16
6348.748254 1.817829e-16
6352.258109 1.979687e-16
6355.767964 2.865926e-16
6359.277818 2.493952e-16
6362.787673 1.584700e-16
6366.297528 2.440832e-16
6369.807383 1.335882e-16
6373.317238 1.592415e-16
6376.827093 1.585910e-16
6380.336948 5.314572e-17
6383.846803 7.446729e-17
6387.356657 1.960244e-16
6390.866512 1.085826e-16
6394.376367 1.102272e-16
6397.886222 1.267190e-16
6401.396077 1.424582e-16
6404.905932 1.551974e-16
6408.415787 5.528453e-17
6411.925642 5.029626e-17
6415.435496 9.225499e-17
6418.945351 2.347793e-16
6422.455206 9.264123e-17
6429.474916 1.131906e-16
6432.984771 7.516106e-17
6436.494626 2.271823e-18
6440.004481 1.467754e-16
6443.514335 1.767677e-16
6447.024190 1.552079e-16
6450.534045 1.001810e-16
6454.043900 1.551048e-16
6457.553755 1.877807e-16
6461.063610 1.493926e-16
6464.573465 9.389482e-17
6468.083320 1.287113e-16
6471.593174 7.635276e-17
6475.103029 1.295876e-16
6478.612884 7.738844e-17
6482.122739 7.597386e-17
6485.632594 1.205311e-16
6489.142449 2.084125e-16
6492.652304 1.915514e-16
6496.162159 1.271750e-16
6499.672013 2.749926e-17
6503.181868 9.509829e-17
6506.691723 8.768943e-17
6513.711433 1.484501e-16
6517.221288 1.625135e-16
6520.731143 1.022294e-16
6524.240998 1.789181e-16
6527.750852 1.200754e-16
6531.260707 1.534501e-16
6534.770562 2.576105e-16
6538.280417 1.611348e-16
6541.790272 8.410049e-17
6545.300127 7.045824e-17
6548.809982 2.184629e-16
6552.319837 1.510084e-16
6555.829691 1.251257e-16
6559.339546 3.035988e-16
6562.849401 2.307367e-16
6566.359256 3.661015e-16
6569.869111 4.984015e-16
6573.378966 5.391599e-16
6576.888821 6.017751e-16
6580.398676 6.304798e-16
6583.908530 6.170133e-16
6587.418385 7.430385e-16
6590.928240 8.397117e-16
6594.438095 7.878236e-16
6597.947950 7.665136e-16
6601.457805 6.829778e-16
6604.967660 6.867791e-16
6608.477515 7.686390e-16
6611.987369 8.129336e-16
6615.497224 7.559697e-16
6619.007079 5.694448e-16
6622.516934 5.535091e-16
6626.026789 5.848891e-16
6629.536644 5.189220e-16
6633.046499 4.590284e-16
6636.556354 4.973116e-16
6640.066208 4.115644e-16
6643.576063 3.264873e-16
6647.085918 2.904861e-16
6650.595773 3.731420e-16
6654.105628 3.342040e-16
6657.615483 1.777381e-16
6661.125338 3.176809e-16
6664.635193 3.683821e-16
6668.145047 2.466135e-16
6671.654902 1.744071e-16
6675.164757 2.492737e-16
6678.674612 1.605749e-16
6682.184467 2.278885e-16
6685.694322 1.940202e-16
6689.204177 2.781195e-16
6692.714032 2.071538e-16
6696.223886 1.683960e-16
6699.733741 1.420280e-16
6703.243596 1.231093e-16
6706.753451 1.031627e-16
6710.263306 1.611980e-16
6713.773161 1.536356e-16
6717.283016 1.048231e-16
6720.792871 1.387354e-16
6724.302725 6.823836e-17
6727.812580 1.258807e-16
6731.322435 1.793316e-16
6734.832290 1.817907e-16
6738.342145 1.433712e-16
6741.852000 1.465059e-16
6745.361855 1.830102e-16
6748.871710 1.503094e-16
6752.381564 1.987990e-17
6755.891419 3.414433e-17
6759.401274 2.216104e-16
6762.911129 1.382479e-16
6766.420984 2.026467e-16
6769.930839 1.459745e-16
6773.440694 1.668422e-16
6776.950549 1.069407e-16
6780.460403 1.007707e-17
6783.970258 3.613538e-17
6787.480113 1.063623e-16
6790.989968 6.005575e-17
6794.499823 1.325690e-16
6798.009678 6.765520e-17
6801.519533 3.793022e-17
6805.029388 1.077922e-16
6808.539242 5.944588e-17
6812.049097 1.650082e-16
6815.558952 2.448998e-16
6819.068807 1.180155e-16
6822.578662 3.988523e-18
6826.088517 5.320962e-17
6829.598372 9.921141e-17
6833.108227 1.606468e-16
6836.618081 9.263528e-17
6840.127936 1.233058e-16
6843.637791 6.812773e-17
6850.657501 1.266141e-16
6854.167356 6.771156e-17
6857.677211 6.341394e-17
6861.187066 1.655944e-16
6864.696920 1.877833e-16
6868.206775 4.102323e-17
6871.716630 6.572092e-17
6875.226485 1.080565e-16
6878.736340 1.105142e-16
6882.246195 6.493373e-17
6885.756050 6.874821e-17
6889.265905 7.321010e-17
6892.775759 8.677973e-17
6896.285614 1.325277e-16
6899.795469 6.125133e-17
6903.305324 4.023944e-17
6906.815179 8.078260e-17
6910.325034 6.814634e-17
6913.834889 1.069300e-16
6917.344744 1.597549e-16
6920.854598 1.254697e-16
6924.364453 5.026433e-17
6927.874308 9.599549e-17
6931.384163 1.421808e-16
6934.894018 1.386364e-16
6938.403873 9.142956e-17
6945.423583 9.580190e-17
6948.933437 3.938028e-17
6952.443292 3.858423e-17
6955.953147 1.691079e-16
6959.463002 1.335578e-16
6962.972857 1.145728e-16
6966.482712 1.405173e-16
6969.992567 2.259687e-16
6973.502422 4.435086e-17
6977.012276 3.032525e-17
6980.522131 4.730646e-17
6984.031986 1.377300e-16
6987.541841 9.193779e-17
6991.051696 2.303460e-16
6994.561551 1.707424e-16
6998.071406 3.593948e-17
7001.581261 1.552632e-16
7005.091116 1.068835e-16
7008.600970 5.204763e-17
7012.110825 1.449028e-16
7015.620680 1.073561e-16
7019.130535 1.351771e-16
7022.640390 1.091204e-16
7026.150245 8.374877e-17
7029.660100 1.371170e-16
7033.169955 2.381832e-17
7036.679809 1.162835e-16
7040.189664 1.015772e-16
7043.699519 1.185427e-16
7047.209374 2.679864e-17
7050.719229 9.631418e-17
7054.229084 1.478669e-16
7057.738939 1.781683e-16
7061.248794 6.265827e-17
7064.758648 9.562745e-17
7068.268503 1.982219e-17
7071.778358 3.341057e-18
7075.288213 5.732026e-17
7078.798068 1.037259e-16
7082.307923 2.132683e-17
7085.817778 7.446100e-17
7089.327633 1.330865e-16
7092.837487 1.150645e-16
7096.347342 1.059761e-16
7099.857197 4.355272e-17
7103.367052 1.485081e-16
7106.876907 6.353817e-17
7110.386762 3.206821e-17
7113.896617 9.510618e-17
7117.406472 5.888876e-17
7120.916326 1.581062e-16
7124.426181 2.099800e-16
7127.936036 1.266533e-16
7131.445891 1.041407e-16
7134.955746 1.690580e-16
7138.465601 1.291567e-16
7141.975456 1.508797e-16
7145.485311 1.015153e-16
7148.995165 1.790044e-16
7152.505020 1.725110e-16
7156.014875 6.261610e-17
7159.524730 6.547696e-17
7163.034585 4.202259e-17
7166.544440 9.617630e-17
7170.054295 7.167556e-17
7173.564150 1.020452e-16
7177.074004 1.555260e-16
7180.583859 1.539352e-16
7184.093714 9.317954e-17
7187.603569 8.246594e-17
7191.113424 7.345542e-17
7194.623279 1.688384e-16
7198.133134 9.609482e-17
7201.642989 6.777057e-17
7205.152843 7.421808e-17
7208.662698 7.576381e-18
7212.172553 4.560296e-18
7215.682408 1.139685e-16
7219.192263 1.323895e-16
7222.702118 2.887129e-18
7226.211973 1.453119e-16
7229.721828 1.210255e-16
7233.231682 1.864716e-17
7236.741537 2.039008e-16
7240.251392 1.159263e-16
7243.761247 2.723620e-17
7247.271102 1.272879e-16
7250.780957 9.630843e-17
7254.290812 1.433188e-16
7257.800667 1.142188e-16
7261.310521 8.217345e-17
7264.820376 5.536374e-17
7268.330231 3.264125e-17
7271.840086 1.582339e-16
7275.349941 1.755489e-16
7278.859796 7.820946e-17
7282.369651 9.800217e-17
7285.879506 1.348820e-16
7289.389360 1.224235e-16
7292.899215 1.421076e-17
7296.409070 2.551703e-16
7299.918925 2.352850e-16
7303.428780 5.667384e-17
7306.938635 9.343126e-17
7313.958345 5.581197e-17
7317.468199 1.111442e-16
7320.978054 7.391874e-17
7324.487909 1.518041e-16
7327.997764 1.454286e-16
7331.507619 4.761721e-17
7335.017474 9.126194e-17
7338.527329 2.645755e-16
7342.037184 2.451971e-16
7345.547038 2.329059e-16
7349.056893 1.824065e-16
7352.566748 1.653132e-16
7356.076603 2.059692e-16
7359.586458 2.458467e-16
7363.096313 1.757574e-16
7366.606168 1.499599e-16
7370.116023 9.939719e-17
7373.625877 1.447977e-16
7377.135732 1.512737e-16
7380.645587 1.684396e-16
7384.155442 1.922944e-16
7387.665297 2.320232e-16
7391.175152 2.240789e-16
7394.685007 1.450182e-16
7398.194862 1.641744e-16
7401.704716 2.196528e-16
7405.214571 1.036130e-16
7408.724426 6.410646e-17
7412.234281 1.814009e-16
7415.744136 1.386378e-16
7419.253991 1.950759e-16
7422.763846 2.124503e-16
7426.273701 1.706773e-16
7429.783555 1.829344e-16
7433.293410 1.864150e-16
7436.803265 1.509698e-16
7440.313120 2.735597e-17
7443.822975 1.000892e-16
7447.332830 2.160651e-16
7450.842685 9.392429e-17
7454.352540 6.702105e-17
7457.862394 1.184564e-16
7461.372249 1.177316e-16
7468.391959 9.655556e-17
7478.921524 1.521873e-16
7482.431379 9.248014e-17
7485.941233 6.373411e-17
7489.451088 1.177188e-16
7492.960943 1.377802e-16
7496.470798 6.659482e-17
7499.980653 1.182407e-16
7503.490508 1.776403e-16
7507.000363 1.248238e-16
7510.510218 1.537275e-16
7514.020072 1.428919e-16
7521.039782 2.163209e-17
7528.059492 1.569304e-16
7531.569347 1.547588e-16
7535.079202 5.203713e-17
7538.589057 6.329153e-17
7542.098911 1.369481e-17
7549.118621 9.234210e-17
7552.628476 1.449074e-16
7556.138331 3.437036e-17
7559.648186 1.157189e-16
7563.158041 2.135573e-16
7566.667896 1.177853e-16
7570.177750 4.777088e-17
7573.687605 1.846510e-17
7577.197460 4.496416e-17
7580.707315 1.034391e-16
7584.217170 1.722908e-16
7587.727025 2.164424e-16
7591.236880 1.090169e-16
7594.746735 2.542645e-17
7598.256589 1.062881e-16
7601.766444 2.924439e-16
7605.276299 1.176694e-16
7608.786154 1.790007e-16
7612.296009 1.661683e-16
7615.805864 1.725265e-16
7619.315719 8.321667e-17
7622.825574 6.003435e-17
7636.864993 3.431379e-17
7643.884703 7.054761e-17
7647.394558 1.423798e-16
7650.904413 1.795792e-16
7654.414267 5.858819e-17
7657.924122 9.869662e-17
7671.963542 1.130213e-16
7675.473397 9.027058e-17
7678.983252 1.292741e-16
7682.493106 2.019969e-16
7686.002961 1.157601e-16
7696.532526 6.218718e-17
7700.042381 9.079963e-17
7710.571945 5.747997e-17
7714.081800 1.004663e-16
7717.591655 2.841071e-17
7721.101510 1.478042e-16
7724.611365 6.467823e-17
7728.121220 1.581235e-16
7731.631075 2.761773e-16
7735.140930 1.789073e-16
7738.650784 1.273172e-16
7742.160639 1.149655e-16
7745.670494 2.379660e-16
7749.180349 1.898535e-16
7752.690204 6.622327e-17
7756.200059 8.505244e-17
7759.709914 1.469394e-16
7763.219769 1.536119e-16
7766.729623 2.045682e-16
7770.239478 5.678406e-17
7773.749333 3.325939e-17
7777.259188 1.952981e-17
7784.278898 1.417157e-16
7787.788753 6.100652e-17
7791.298608 1.062173e-17
7794.808462 1.335089e-16
7798.318317 8.048021e-17
7801.828172 1.223742e-16
7805.338027 2.094695e-17
7808.847882 1.337330e-16
7812.357737 9.615801e-17
7815.867592 9.111768e-17
7819.377447 1.348125e-17
7822.887301 2.586090e-17
7826.397156 3.648823e-17
7833.416866 1.359878e-16
7836.926721 7.025396e-17
7840.436576 1.066459e-17
7843.946431 6.485830e-17
7847.456286 1.584104e-16
7850.966140 8.610667e-17
7854.475995 4.760162e-17
7857.985850 1.479571e-16
7861.495705 1.736785e-16
7865.005560 7.810231e-17
7868.515415 1.191666e-16
7872.025270 1.199151e-16
7875.535125 5.211186e-17
7879.044979 2.082644e-16
7882.554834 7.666488e-17
7886.064689 8.992910e-17
7889.574544 3.017175e-16
7893.084399 2.129637e-16
7896.594254 4.387670e-17
7900.104109 4.371715e-17
7903.613964 1.510061e-16
7907.123818 7.339073e-17
7914.143528 6.322431e-17
7917.653383 3.278716e-16
7921.163238 2.310416e-16
7924.673093 1.344444e-16
7928.182948 1.541432e-18
7931.692803 2.557334e-17
7935.202657 1.288873e-16
7938.712512 1.403925e-16
7942.222367 4.603490e-17
7945.732222 1.212619e-16
7949.242077 4.909255e-17
7959.771642 4.386067e-17
7966.791351 5.792394e-17
7970.301206 1.419732e-16
7973.811061 1.347802e-16
7977.320916 5.889770e-17
7980.830771 7.561078e-17
7984.340626 1.412762e-16
7987.850481 2.797513e-17
7991.360335 1.444624e-16
7994.870190 1.709134e-16
8001.889900 9.021549e-17
8005.399755 1.071950e-16
8012.419465 1.933980e-16
8015.929320 1.374292e-16
8019.439174 2.053209e-17
8026.458884 1.541428e-17
8029.968739 3.026266e-16
8033.478594 3.158401e-16
8036.988449 1.343228e-16
8040.498304 1.566884e-16
8044.008159 1.241786e-16
8047.518013 2.906177e-17
8054.537723 1.308707e-16
8058.047578 2.128770e-16
8061.557433 1.199475e-16
8065.067288 5.952713e-17
8068.577143 1.477409e-16
8072.086998 1.625392e-16
8075.596852 1.476633e-16
8079.106707 1.350468e-16
8082.616562 9.959889e-17
8086.126417 2.240459e-18
8089.636272 6.345007e-17
8093.146127 1.142209e-16
8096.655982 5.810874e-17
8100.165837 2.396075e-16
8103.675691 1.577557e-16
8107.185546 1.129857e-16
8110.695401 1.732577e-16
8114.205256 1.427571e-16
8121.224966 2.199769e-17
8124.734821 2.743939e-17
8128.244676 1.768195e-16
8131.754530 2.637406e-17
8138.774240 9.891783e-17
8142.284095 7.782680e-17
8145.793950 5.670833e-17
8149.303805 5.269425e-18
8152.813660 9.404900e-18
8156.323515 9.395794e-17
8159.833369 8.452143e-17
8163.343224 1.535508e-16
8166.853079 1.638043e-16
8170.362934 1.270425e-16
8173.872789 8.049814e-17
8177.382644 1.364692e-16
8180.892499 1.307682e-16
8184.402354 4.050385e-17
8187.912208 1.396036e-16
8191.422063 9.933032e-17
8194.931918 1.660896e-16
8198.441773 1.844294e-16
8201.951628 5.493079e-17
8205.461483 1.101360e-16
8208.971338 7.080947e-17
8212.481193 5.045866e-18
8215.991047 1.594401e-16
8219.500902 1.188554e-16
8223.010757 1.365512e-16
8226.520612 1.894671e-16
8230.030467 7.346603e-17
8233.540322 1.132225e-16
8237.050177 1.170627e-16
8240.560032 5.707527e-17
8244.069886 8.356346e-17
8247.579741 9.994179e-17
8251.089596 4.498451e-17
8254.599451 1.083646e-16
8258.109306 5.964024e-17
8261.619161 2.863184e-16
8265.129016 2.181618e-16
8268.638871 4.216736e-17
8272.148725 5.715803e-17
8275.658580 1.182604e-16
8279.168435 1.306140e-16
8282.678290 9.382110e-17
8289.698000 1.393405e-16
8293.207855 2.247405e-16
8296.717710 1.236841e-16
8300.227564 2.338732e-16
8303.737419 2.068269e-16
8307.247274 8.424727e-17
8310.757129 2.194741e-16
8314.266984 9.345064e-17
8321.286694 1.801210e-16
8324.796549 2.718212e-16
8328.306403 2.457219e-16
8331.816258 1.764119e-16
8335.326113 2.709694e-16
8338.835968 1.726059e-16
8342.345823 2.284756e-16
8345.855678 6.598219e-17
8349.365533 2.518799e-16
8352.875388 2.035642e-16
8356.385242 1.575074e-16
8359.895097 1.626688e-16
8363.404952 2.778581e-16
8366.914807 2.076288e-16
8370.424662 1.785118e-16
8373.934517 9.274362e-17
8377.444372 1.113853e-16
8380.954227 3.714682e-17
8384.464081 1.542682e-16
8387.973936 1.221259e-16
8391.483791 7.540209e-17
8394.993646 8.570568e-17
8398.503501 2.495761e-16
8402.013356 9.277763e-17
8405.523211 3.279840e-16
8409.033066 3.332741e-16
8412.542920 2.852409e-16
8416.052775 1.520872e-16
8419.562630 1.276393e-16
8423.072485 1.320533e-16
8426.582340 9.176292e-17
8430.092195 1.701404e-16
8433.602050 6.765891e-17
8444.131614 8.836868e-17
8447.641469 1.005678e-17
8451.151324 1.198125e-16
8458.171034 2.118911e-17
8461.680889 1.953100e-16
8465.190744 1.670971e-16
8468.700598 1.293018e-16
8472.210453 1.581110e-16
8475.720308 8.380422e-17
8479.230163 1.260712e-16
8482.740018 1.513030e-16
8486.249873 1.028093e-16
8489.759728 4.030859e-17
8493.269583 1.667191e-16
8496.779438 7.873859e-17
8500.289292 2.527719e-17
8503.799147 7.783562e-17
8510.818857 4.672982e-17
8514.328712 1.231404e-16
8517.838567 3.841510e-17
8521.348422 8.805637e-17
8524.858277 1.190803e-16
8528.368131 1.516559e-16
8531.877986 1.794516e-16
8535.387841 8.075106e-17
8538.897696 1.172071e-16
8542.407551 1.351102e-16
8545.917406 4.497745e-17
8549.427261 1.104471e-17
8552.937116 1.834958e-16
8556.446970 2.437236e-16
8559.956825 1.337835e-16
8563.466680 2.425813e-16
8566.976535 2.108500e-16
8570.486390 2.895918e-16
8573.996245 2.420173e-16
8577.506100 3.793941e-16
8581.015955 3.507533e-16
8584.525809 1.099120e-16
8588.035664 3.364407e-17
8591.545519 2.668900e-16
8595.055374 2.484977e-16
8598.565229 7.213895e-17
8602.075084 1.532792e-16
8605.584939 9.779799e-17
8609.094794 6.461649e-17
8612.604648 1.983671e-16
8616.114503 2.536096e-16
8619.624358 2.555657e-16
8623.134213 4.057311e-17
8626.644068 9.327251e-17
8630.153923 6.529996e-17
8633.663778 2.921416e-16
8637.173633 2.303629e-16
8640.683487 1.904270e-16
8644.193342 1.430348e-16
8647.703197 2.658824e-17
8651.213052 1.115967e-16
8654.722907 3.729566e-16
8658.232762 4.017696e-16
8661.742617 2.358713e-16
8665.252472 2.431203e-16
8668.762326 1.424896e-16
8672.272181 1.768786e-16
8675.782036 2.871996e-16
8679.291891 2.596298e-16
8682.801746 2.788309e-16
8686.311601 2.510450e-16
8689.821456 3.138757e-16
8693.331311 2.371203e-16
8696.841165 2.255392e-16
8700.351020 2.781767e-16
8703.860875 2.329336e-16
8707.370730 3.065285e-16
8710.880585 2.877727e-16
8714.390440 1.949142e-16
8717.900295 2.324524e-16
8721.410150 2.427898e-16
8724.920004 2.559888e-16
8728.429859 1.341274e-16
8731.939714 2.274150e-16
8735.449569 3.035308e-16
8738.959424 2.878552e-16
8742.469279 2.199382e-16
8745.979134 1.946699e-16
8749.488989 2.585916e-16
8752.998843 4.523283e-16
8756.508698 3.945398e-16
8760.018553 3.209188e-16
8763.528408 3.859066e-16
8767.038263 5.101256e-16
8770.548118 4.261726e-16
8774.057973 2.958928e-17
8777.567828 2.530690e-17
8781.077682 1.717920e-16
8784.587537 1.380591e-16
8788.097392 8.456325e-17
8791.607247 1.464055e-16
8795.117102 1.464320e-16
8798.626957 2.356661e-16
8802.136812 1.951322e-16
8805.646667 1.433456e-16
8809.156521 2.082027e-16
8812.666376 1.161420e-16
8816.176231 3.602334e-17
8819.686086 1.714822e-16
8823.195941 2.779280e-16
8826.705796 2.315432e-16
8830.215651 4.326480e-16
8833.725506 3.840369e-16
8837.235360 1.623217e-16
8840.745215 2.389393e-16
8844.255070 1.285593e-16
8851.274780 5.990830e-17
8854.784635 1.364021e-16
8858.294490 1.807232e-16
8861.804345 2.087514e-16
8865.314199 1.489101e-16
8868.824054 1.730288e-16
8872.333909 1.255810e-16
8875.843764 1.075521e-16
8886.373329 4.464090e-17
8889.883184 3.447709e-16
8893.393038 3.426826e-16
8896.902893 2.126530e-16
8900.412748 2.430827e-16
8903.922603 1.652161e-16
8907.432458 4.046876e-16
8910.942313 5.316941e-16
8914.452168 6.262794e-16
8917.962023 5.413257e-16
8921.471877 1.242498e-16
8939.021152 8.034788e-17
8942.531007 1.158409e-16
8946.040862 9.136555e-17
8949.550716 7.381238e-17
8953.060571 1.594382e-17
8956.570426 1.304754e-16
8960.080281 2.486998e-16
8963.590136 5.179521e-16
8967.099991 3.374922e-16
8970.609846 2.236904e-16
8974.119701 1.255711e-16
8977.629555 1.629437e-16
8981.139410 1.741083e-16
8984.649265 7.677593e-17
8988.159120 7.119181e-17
8991.668975 3.557600e-16
8995.178830 3.465093e-16
8998.688685 2.503368e-16
9002.198540 2.245734e-16
9005.708394 2.211551e-16
9009.218249 1.808197e-16
9019.747814 1.226028e-18
9033.787233 1.124722e-16
9037.297088 1.019000e-16
9040.806943 1.873639e-16
9044.316798 1.228580e-16
9047.826653 1.259011e-17
9051.336508 1.770504e-16
9054.846363 3.111258e-16
9058.356218 2.190514e-16
9061.866072 1.365461e-16
9065.375927 2.600127e-16
9068.885782 1.389561e-16
9072.395637 1.502845e-16
9075.905492 2.195956e-16
9079.415347 2.574233e-16
9082.925202 1.302614e-16
9086.435057 6.677347e-17
9100.474476 5.415266e-17
9103.984331 1.622902e-16
9107.494186 4.213955e-17
9111.004041 1.435453e-16
9114.513896 1.218956e-16
9118.023750 1.115972e-16
9121.533605 1.237665e-16
9125.043460 1.270205e-16
9128.553315 7.355004e-17
9132.063170 1.581667e-16
9135.573025 1.990252e-16
9139.082880 9.289905e-17
9142.592735 2.641689e-16
9146.102589 4.234931e-17
9149.612444 1.808740e-17
9153.122299 1.321049e-16
9156.632154 5.074841e-17
9160.142009 1.435053e-16
9163.651864 2.214046e-16
9167.161719 1.096439e-16
9174.181428 2.168707e-17
9177.691283 1.532944e-16
9181.201138 8.576020e-17
9184.710993 8.704812e-17
9188.220848 1.140330e-16
9191.730703 2.223672e-17
9195.240558 5.874146e-17
9198.750413 6.017203e-17
