3450.000000 6.082100e-15
3452.000000 7.651110e-15
3454.000000 8.094870e-15
3456.000000 7.765010e-15
3458.000000 7.117520e-15
3460.000000 7.088140e-15
3462.000000 7.214990e-15
3464.000000 7.757610e-15
3466.000000 8.084650e-15
3468.000000 7.581990e-15
3470.000000 9.029490e-15
3472.000000 7.256140e-15
3474.000000 8.614210e-15
3476.000000 8.549980e-15
3478.000000 8.738580e-15
3480.000000 8.408700e-15
3482.000000 7.706570e-15
3484.000000 8.283320e-15
3486.000000 9.282080e-15
3488.000000 8.070100e-15
3490.000000 7.857470e-15
3492.000000 8.406470e-15
3494.000000 8.057470e-15
3496.000000 8.527650e-15
3498.000000 9.724870e-15
3500.000000 1.037960e-14
3502.000000 8.955660e-15
3504.000000 8.239650e-15
3506.000000 8.077270e-15
3508.000000 8.431250e-15
3510.000000 9.632740e-15
3512.000000 8.896920e-15
3514.000000 8.296170e-15
3516.000000 7.223600e-15
3518.000000 8.317300e-15
3520.000000 7.993180e-15
3522.000000 7.373630e-15
3524.000000 7.335150e-15
3526.000000 7.383340e-15
3528.000000 7.430040e-15
3530.000000 8.650510e-15
3532.000000 8.720670e-15
3534.000000 7.511690e-15
3536.000000 7.778520e-15
3538.000000 7.763770e-15
3540.000000 8.761940e-15
3542.000000 8.956240e-15
3544.000000 8.227150e-15
3546.000000 8.838910e-15
3548.000000 8.697720e-15
3550.000000 7.712140e-15
3552.000000 8.477760e-15
3554.000000 7.998640e-15
3556.000000 8.905780e-15
3558.000000 8.369220e-15
3560.000000 8.046150e-15
3562.000000 8.458200e-15
3564.000000 8.389390e-15
3566.000000 9.257340e-15
3568.000000 9.747700e-15
3570.000000 7.161170e-15
3572.000000 8.085760e-15
3574.000000 8.222930e-15
3576.000000 8.438090e-15
3578.000000 7.063670e-15
3580.000000 8.990750e-15
3582.000000 9.765340e-15
3584.000000 9.354060e-15
3586.000000 7.982030e-15
3588.000000 8.762630e-15
3590.000000 9.073370e-15
3592.000000 7.958060e-15
3594.000000 7.826720e-15
3596.000000 8.843840e-15
3598.000000 7.043060e-15
3600.000000 8.068250e-15
3602.000000 8.139150e-15
3604.000000 7.312440e-15
3606.000000 6.849780e-15
3608.000000 7.737860e-15
3610.000000 7.623270e-15
3612.000000 5.452160e-15
3614.000000 6.409390e-15
3616.000000 6.953700e-15
3618.000000 6.381520e-15
3620.000000 7.290870e-15
3622.000000 6.337370e-15
3624.000000 6.668680e-15
3626.000000 6.912050e-15
3628.000000 7.354410e-15
3630.000000 7.701920e-15
3632.000000 7.711800e-15
3634.000000 8.491060e-15
3636.000000 7.707020e-15
3638.000000 7.281840e-15
3640.000000 8.058140e-15
3642.000000 6.771130e-15
3644.000000 9.035800e-15
3646.000000 8.386230e-15
3648.000000 8.227720e-15
3650.000000 9.090100e-15
3652.000000 8.031080e-15
3654.000000 8.399960e-15
3656.000000 8.848560e-15
3658.000000 7.859850e-15
3660.000000 7.440490e-15
3662.000000 7.628490e-15
3664.000000 8.432630e-15
3666.000000 7.207820e-15
3668.000000 7.993740e-15
3670.000000 8.943870e-15
3672.000000 7.715240e-15
3674.000000 7.603680e-15
3676.000000 7.089640e-15
3678.000000 7.277580e-15
3680.000000 6.368350e-15
3682.000000 6.386220e-15
3684.000000 6.580300e-15
3686.000000 5.956680e-15
3688.000000 5.669370e-15
3690.000000 5.443140e-15
3692.000000 6.560680e-15
3694.000000 6.072910e-15
3696.000000 5.964420e-15
3698.000000 6.847770e-15
3700.000000 7.249530e-15
3702.000000 7.488190e-15
3704.000000 8.542770e-15
3706.000000 8.162300e-15
3708.000000 8.383550e-15
3710.000000 9.444370e-15
3712.000000 8.652950e-15
3714.000000 9.582460e-15
3716.000000 1.036420e-14
3718.000000 9.510380e-15
3720.000000 8.636690e-15
3722.000000 1.005600e-14
3724.000000 1.032730e-14
3726.000000 1.033520e-14
3728.000000 1.100660e-14
3730.000000 1.019090e-14
3732.000000 9.375500e-15
3734.000000 1.132160e-14
3736.000000 1.189200e-14
3738.000000 1.118210e-14
3740.000000 1.181850e-14
3742.000000 1.238710e-14
3744.000000 1.194350e-14
3746.000000 1.142910e-14
3748.000000 1.227230e-14
3750.000000 1.259570e-14
3752.000000 1.276970e-14
3754.000000 1.205660e-14
3756.000000 1.220880e-14
3758.000000 1.238720e-14
3760.000000 1.256960e-14
3762.000000 1.257730e-14
3764.000000 1.208830e-14
3766.000000 1.209450e-14
3768.000000 1.126280e-14
3770.000000 1.146770e-14
3772.000000 1.074920e-14
3774.000000 1.166980e-14
3776.000000 1.180120e-14
3778.000000 1.086460e-14
3780.000000 1.286510e-14
3782.000000 1.240730e-14
3784.000000 1.189350e-14
3786.000000 1.092920e-14
3788.000000 1.218990e-14
3790.000000 1.236370e-14
3792.000000 1.379460e-14
3794.000000 1.293540e-14
3796.000000 1.256050e-14
3798.000000 1.260350e-14
3800.000000 1.303800e-14
3802.000000 1.295440e-14
3804.000000 1.355030e-14
3806.000000 1.259370e-14
3808.000000 1.195940e-14
3810.000000 1.176290e-14
3812.000000 1.122560e-14
3814.000000 1.071800e-14
3816.000000 1.124670e-14
3818.000000 9.895470e-15
3820.000000 1.069550e-14
3822.000000 1.008320e-14
3824.000000 8.424170e-15
3826.000000 8.444440e-15
3828.000000 9.324200e-15
3830.000000 8.286430e-15
3832.000000 7.462790e-15
3834.000000 7.780900e-15
3836.000000 7.159230e-15
3838.000000 6.055030e-15
3840.000000 6.450750e-15
3842.000000 6.013280e-15
3844.000000 5.808570e-15
3846.000000 5.766990e-15
3848.000000 5.513500e-15
3850.000000 6.066290e-15
3852.000000 4.877230e-15
3854.000000 4.998660e-15
3856.000000 4.914410e-15
3858.000000 5.143590e-15
3860.000000 4.841010e-15
3862.000000 5.294020e-15
3864.000000 4.774320e-15
3866.000000 5.785600e-15
3868.000000 5.136590e-15
3870.000000 5.516920e-15
3872.000000 4.841060e-15
3874.000000 5.833200e-15
3876.000000 5.339830e-15
3878.000000 5.409160e-15
3880.000000 5.641640e-15
3882.000000 5.479250e-15
3884.000000 5.778610e-15
3886.000000 5.801270e-15
3888.000000 5.595770e-15
3890.000000 5.952730e-15
3892.000000 5.883020e-15
3894.000000 6.312310e-15
3896.000000 6.436590e-15
3898.000000 7.532420e-15
3900.000000 7.864850e-15
3902.000000 7.748710e-15
3904.000000 8.677990e-15
3906.000000 8.445150e-15
3908.000000 8.701050e-15
3910.000000 9.464460e-15
3912.000000 1.053740e-14
3914.000000 1.148780e-14
3916.000000 1.233160e-14
3918.000000 1.199710e-14
3920.000000 1.259510e-14
3922.000000 1.362050e-14
3924.000000 1.463480e-14
3926.000000 1.422600e-14
3928.000000 1.423720e-14
3930.000000 1.512770e-14
3932.000000 1.446340e-14
3934.000000 1.477870e-14
3936.000000 1.588680e-14
3938.000000 1.619010e-14
3940.000000 1.622060e-14
3942.000000 1.601720e-14
3944.000000 1.632020e-14
3946.000000 1.694380e-14
3948.000000 1.749250e-14
3950.000000 1.638340e-14
3952.000000 1.576560e-14
3954.000000 1.659680e-14
3956.000000 1.726030e-14
3958.000000 1.714350e-14
3960.000000 1.759800e-14
3962.000000 1.666780e-14
3964.000000 1.650380e-14
3966.000000 1.699860e-14
3968.000000 1.683940e-14
3970.000000 1.663400e-14
3972.000000 1.654850e-14
3974.000000 1.670850e-14
3976.000000 1.641490e-14
3978.000000 1.602000e-14
3980.000000 1.627240e-14
3982.000000 1.533560e-14
3984.000000 1.502350e-14
3986.000000 1.520660e-14
3988.000000 1.416090e-14
3990.000000 1.454850e-14
3992.000000 1.504070e-14
3994.000000 1.553060e-14
3996.000000 1.448630e-14
3998.000000 1.483010e-14
4000.000000 1.627860e-14
4002.000000 1.544510e-14
4004.000000 1.408010e-14
4006.000000 1.446880e-14
4008.000000 1.429050e-14
4010.000000 1.366990e-14
4012.000000 1.387890e-14
4014.000000 1.341550e-14
4016.000000 1.348140e-14
4018.000000 1.291890e-14
4020.000000 1.273730e-14
4022.000000 1.214120e-14
4024.000000 1.229330e-14
4026.000000 1.203270e-14
4028.000000 1.255160e-14
4030.000000 1.199350e-14
4032.000000 1.222940e-14
4034.000000 1.206090e-14
4036.000000 1.188940e-14
4038.000000 1.286150e-14
4040.000000 1.262730e-14
4042.000000 1.188100e-14
4044.000000 1.285890e-14
4046.000000 1.364740e-14
4048.000000 1.336210e-14
4050.000000 1.346440e-14
4052.000000 1.398200e-14
4054.000000 1.424700e-14
4056.000000 1.418180e-14
4058.000000 1.492440e-14
4060.000000 1.518820e-14
4062.000000 1.583810e-14
4064.000000 1.480620e-14
4066.000000 1.557820e-14
4068.000000 1.509520e-14
4070.000000 1.451360e-14
4072.000000 1.615970e-14
4074.000000 1.598450e-14
4076.000000 1.587680e-14
4078.000000 1.661020e-14
4080.000000 1.551640e-14
4082.000000 1.627100e-14
4084.000000 1.571280e-14
4086.000000 1.536560e-14
4088.000000 1.548560e-14
4090.000000 1.548640e-14
4092.000000 1.586490e-14
4094.000000 1.553330e-14
4096.000000 1.531810e-14
4098.000000 1.555430e-14
4100.000000 1.574380e-14
4102.000000 1.537700e-14
4104.000000 1.582090e-14
4106.000000 1.572300e-14
4108.000000 1.527210e-14
4110.000000 1.589630e-14
4112.000000 1.476290e-14
4114.000000 1.541550e-14
4116.000000 1.459260e-14
4118.000000 1.567970e-14
4120.000000 1.500690e-14
4122.000000 1.549480e-14
4124.000000 1.532660e-14
4126.000000 1.495410e-14
4128.000000 1.586250e-14
4130.000000 1.605930e-14
4132.000000 1.496320e-14
4134.000000 1.535500e-14
4136.000000 1.549960e-14
4138.000000 1.583440e-14
4140.000000 1.583550e-14
4142.000000 1.526920e-14
4144.000000 1.557480e-14
4146.000000 1.542190e-14
4148.000000 1.467360e-14
4150.000000 1.465010e-14
4152.000000 1.472300e-14
4154.000000 1.532850e-14
4156.000000 1.502440e-14
4158.000000 1.386260e-14
4160.000000 1.436660e-14
4162.000000 1.397810e-14
4164.000000 1.441250e-14
4166.000000 1.428950e-14
4168.000000 1.404300e-14
4170.000000 1.376000e-14
4172.000000 1.316180e-14
4174.000000 1.360370e-14
4176.000000 1.379710e-14
4178.000000 1.408510e-14
4180.000000 1.384460e-14
4182.000000 1.394630e-14
4184.000000 1.350670e-14
4186.000000 1.388460e-14
4188.000000 1.387270e-14
4190.000000 1.323000e-14
4192.000000 1.345840e-14
4194.000000 1.295370e-14
4196.000000 1.281140e-14
4198.000000 1.237270e-14
4200.000000 1.257000e-14
4202.000000 1.287280e-14
4204.000000 1.181640e-14
4206.000000 1.188530e-14
4208.000000 1.173140e-14
4210.000000 1.133330e-14
4212.000000 1.084160e-14
4214.000000 1.027240e-14
4216.000000 9.968740e-15
4218.000000 1.039610e-14
4220.000000 9.952710e-15
4222.000000 9.354050e-15
4224.000000 9.097630e-15
4226.000000 9.048470e-15
4228.000000 8.953240e-15
4230.000000 8.739400e-15
4232.000000 8.872030e-15
4234.000000 9.070260e-15
4236.000000 8.579760e-15
4238.000000 9.055280e-15
4240.000000 9.288350e-15
4242.000000 8.832900e-15
4244.000000 8.174900e-15
4246.000000 8.502760e-15
4248.000000 9.658110e-15
4250.000000 8.290900e-15
4252.000000 8.193860e-15
4254.000000 7.992650e-15
4256.000000 8.031190e-15
4258.000000 8.316080e-15
4260.000000 8.648110e-15
4262.000000 7.894740e-15
4264.000000 8.351550e-15
4266.000000 8.452110e-15
4268.000000 8.030250e-15
4270.000000 8.805970e-15
4272.000000 9.472330e-15
4274.000000 1.006250e-14
4276.000000 1.047390e-14
4278.000000 1.068920e-14
4280.000000 1.106250e-14
4282.000000 1.109400e-14
4284.000000 1.229700e-14
4286.000000 1.211110e-14
4288.000000 1.270780e-14
4290.000000 1.278780e-14
4292.000000 1.284810e-14
4294.000000 1.293270e-14
4296.000000 1.328090e-14
4298.000000 1.364750e-14
4300.000000 1.401520e-14
4302.000000 1.378900e-14
4304.000000 1.383650e-14
4306.000000 1.413240e-14
4308.000000 1.460940e-14
4310.000000 1.406280e-14
4312.000000 1.396920e-14
4314.000000 1.494650e-14
4316.000000 1.468120e-14
4318.000000 1.440210e-14
4320.000000 1.409100e-14
4322.000000 1.466490e-14
4324.000000 1.428910e-14
4326.000000 1.457240e-14
4328.000000 1.412480e-14
4330.000000 1.497370e-14
4332.000000 1.532930e-14
4334.000000 1.460630e-14
4336.000000 1.509530e-14
4338.000000 1.524330e-14
4340.000000 1.536570e-14
4342.000000 1.494070e-14
4344.000000 1.496900e-14
4346.000000 1.509750e-14
4348.000000 1.534700e-14
4350.000000 1.524930e-14
4352.000000 1.486340e-14
4354.000000 1.516460e-14
4356.000000 1.516630e-14
4358.000000 1.516800e-14
4360.000000 1.516970e-14
4362.000000 1.516970e-14
4364.000000 1.443000e-14
4366.000000 1.467490e-14
4368.000000 1.552520e-14
4370.000000 1.516200e-14
4372.000000 1.496300e-14
4374.000000 1.545180e-14
4376.000000 1.516450e-14
4378.000000 1.516450e-14
4380.000000 1.487820e-14
4382.000000 1.472230e-14
4384.000000 1.455970e-14
4386.000000 1.491870e-14
4388.000000 1.473810e-14
4390.000000 1.482080e-14
4392.000000 1.506060e-14
4394.000000 1.548230e-14
4396.000000 1.468590e-14
4398.000000 1.473900e-14
4400.000000 1.461520e-14
4402.000000 1.453180e-14
4404.000000 1.345890e-14
4406.000000 1.364760e-14
4408.000000 1.423000e-14
4410.000000 1.362290e-14
4412.000000 1.412790e-14
4414.000000 1.426620e-14
4416.000000 1.412770e-14
4418.000000 1.352610e-14
4420.000000 1.357800e-14
4422.000000 1.389500e-14
4424.000000 1.384130e-14
4426.000000 1.319240e-14
4428.000000 1.282430e-14
4430.000000 1.311990e-14
4432.000000 1.357180e-14
4434.000000 1.344420e-14
4436.000000 1.301350e-14
4438.000000 1.297150e-14
4440.000000 1.286750e-14
4442.000000 1.253700e-14
4444.000000 1.246710e-14
4446.000000 1.230290e-14
4448.000000 1.220440e-14
4450.000000 1.239640e-14
4452.000000 1.246090e-14
4454.000000 1.201100e-14
4456.000000 1.217330e-14
4458.000000 1.158360e-14
4460.000000 1.191610e-14
4462.000000 1.195320e-14
4464.000000 1.166650e-14
4466.000000 1.243680e-14
4468.000000 1.199060e-14
4470.000000 1.147250e-14
4472.000000 1.152710e-14
4474.000000 1.183260e-14
4476.000000 1.142610e-14
4478.000000 1.230980e-14
4480.000000 1.186310e-14
4482.000000 1.130280e-14
4484.000000 1.162890e-14
4486.000000 1.171260e-14
4488.000000 1.167580e-14
4490.000000 1.195950e-14
4492.000000 1.219700e-14
4494.000000 1.198150e-14
4496.000000 1.136770e-14
4498.000000 1.143010e-14
4500.000000 1.219930e-14
4502.000000 1.248490e-14
4504.000000 1.234610e-14
4506.000000 1.236380e-14
4508.000000 1.226070e-14
4510.000000 1.303920e-14
4512.000000 1.270070e-14
4514.000000 1.290700e-14
4516.000000 1.337210e-14
4518.000000 1.291660e-14
4520.000000 1.376640e-14
4522.000000 1.354020e-14
4524.000000 1.377410e-14
4526.000000 1.399420e-14
4528.000000 1.434510e-14
4530.000000 1.469640e-14
4532.000000 1.491530e-14
4534.000000 1.469700e-14
4536.000000 1.463170e-14
4538.000000 1.477270e-14
4540.000000 1.538510e-14
4542.000000 1.500590e-14
4544.000000 1.531670e-14
4546.000000 1.496010e-14
4548.000000 1.582850e-14
4550.000000 1.545710e-14
4552.000000 1.544060e-14
4554.000000 1.557820e-14
4556.000000 1.539330e-14
4558.000000 1.491720e-14
4560.000000 1.507530e-14
4562.000000 1.562390e-14
4564.000000 1.548520e-14
4566.000000 1.536700e-14
4568.000000 1.521340e-14
4570.000000 1.567450e-14
4572.000000 1.548400e-14
4574.000000 1.536360e-14
4576.000000 1.534900e-14
4578.000000 1.538100e-14
4580.000000 1.541290e-14
4582.000000 1.541290e-14
4584.000000 1.593570e-14
4586.000000 1.557750e-14
4588.000000 1.515190e-14
4590.000000 1.570280e-14
4592.000000 1.578480e-14
4594.000000 1.601180e-14
4596.000000 1.538690e-14
4598.000000 1.556090e-14
4600.000000 1.576400e-14
4602.000000 1.582930e-14
4604.000000 1.521160e-14
4606.000000 1.551850e-14
4608.000000 1.593010e-14
4610.000000 1.581630e-14
4612.000000 1.526550e-14
4614.000000 1.553030e-14
4616.000000 1.526950e-14
4618.000000 1.577660e-14
4620.000000 1.534380e-14
4622.000000 1.466210e-14
4624.000000 1.534210e-14
4626.000000 1.482480e-14
4628.000000 1.547620e-14
4630.000000 1.485060e-14
4632.000000 1.489990e-14
4634.000000 1.540610e-14
4636.000000 1.518040e-14
4638.000000 1.443340e-14
4640.000000 1.471450e-14
4642.000000 1.480010e-14
4644.000000 1.520040e-14
4646.000000 1.450510e-14
4648.000000 1.431570e-14
4650.000000 1.442780e-14
4652.000000 1.476990e-14
4654.000000 1.489640e-14
4656.000000 1.456460e-14
4658.000000 1.429410e-14
4660.000000 1.441450e-14
4662.000000 1.370870e-14
4664.000000 1.400750e-14
4666.000000 1.402210e-14
4668.000000 1.403480e-14
4670.000000 1.349440e-14
4672.000000 1.401040e-14
4674.000000 1.320220e-14
4676.000000 1.383450e-14
4678.000000 1.381930e-14
4680.000000 1.417410e-14
4682.000000 1.340360e-14
4684.000000 1.343600e-14
4686.000000 1.346450e-14
4688.000000 1.326110e-14
4690.000000 1.320700e-14
4692.000000 1.315110e-14
4694.000000 1.302880e-14
4696.000000 1.302770e-14
4698.000000 1.285500e-14
4700.000000 1.258480e-14
4702.000000 1.186950e-14
4704.000000 1.198080e-14
4706.000000 1.184240e-14
4708.000000 1.167200e-14
4710.000000 1.149730e-14
4712.000000 1.148860e-14
4714.000000 1.086510e-14
4716.000000 1.103340e-14
4718.000000 1.015550e-14
4720.000000 1.016530e-14
4722.000000 9.686480e-15
4724.000000 9.708610e-15
4726.000000 9.297010e-15
4728.000000 9.028470e-15
4730.000000 9.028850e-15
4732.000000 8.401640e-15
4734.000000 8.787030e-15
4736.000000 8.214910e-15
4738.000000 8.141620e-15
4740.000000 8.288970e-15
4742.000000 7.856850e-15
4744.000000 7.700230e-15
4746.000000 7.461280e-15
4748.000000 7.974720e-15
4750.000000 7.390510e-15
4752.000000 7.499550e-15
4754.000000 7.413610e-15
4756.000000 7.036810e-15
4758.000000 7.412790e-15
4760.000000 7.205360e-15
4762.000000 7.207060e-15
4764.000000 6.986430e-15
4766.000000 7.165570e-15
4768.000000 7.365430e-15
4770.000000 7.542940e-15
4772.000000 7.674180e-15
4774.000000 7.547120e-15
4776.000000 8.544490e-15
4778.000000 8.896640e-15
4780.000000 9.155800e-15
4782.000000 9.696550e-15
4784.000000 9.672820e-15
4786.000000 1.013080e-14
4788.000000 1.045400e-14
4790.000000 1.166300e-14
4792.000000 1.171900e-14
4794.000000 1.254150e-14
4796.000000 1.264980e-14
4798.000000 1.320680e-14
4800.000000 1.350020e-14
4802.000000 1.433100e-14
4804.000000 1.455130e-14
4806.000000 1.507850e-14
4808.000000 1.520660e-14
4810.000000 1.512120e-14
4812.000000 1.558700e-14
4814.000000 1.610880e-14
4816.000000 1.609870e-14
4818.000000 1.635600e-14
4820.000000 1.621950e-14
4822.000000 1.676750e-14
4824.000000 1.661030e-14
4826.000000 1.674620e-14
4828.000000 1.648200e-14
4830.000000 1.629960e-14
4832.000000 1.609940e-14
4834.000000 1.617560e-14
4836.000000 1.599050e-14
4838.000000 1.705600e-14
4840.000000 1.695740e-14
4842.000000 1.670370e-14
4844.000000 1.631940e-14
4846.000000 1.665730e-14
4848.000000 1.728230e-14
4850.000000 1.666190e-14
4852.000000 1.688320e-14
4854.000000 1.735080e-14
4856.000000 1.705360e-14
4858.000000 1.707530e-14
4860.000000 1.739780e-14
4862.000000 1.672660e-14
4864.000000 1.736880e-14
4866.000000 1.743420e-14
4868.000000 1.788500e-14
4870.000000 1.808990e-14
4872.000000 1.780980e-14
4874.000000 1.746030e-14
4876.000000 1.763170e-14
4878.000000 1.753700e-14
4880.000000 1.748370e-14
4882.000000 1.704870e-14
4884.000000 1.730770e-14
4886.000000 1.773800e-14
4888.000000 1.750570e-14
4890.000000 1.749930e-14
4892.000000 1.706160e-14
4894.000000 1.681430e-14
4896.000000 1.682820e-14
4898.000000 1.697090e-14
4900.000000 1.711210e-14
4902.000000 1.714920e-14
4904.000000 1.634730e-14
4906.000000 1.667230e-14
4908.000000 1.683810e-14
4910.000000 1.631840e-14
4912.000000 1.680480e-14
4914.000000 1.632540e-14
4916.000000 1.562820e-14
4918.000000 1.551250e-14
4920.000000 1.513700e-14
4922.000000 1.533110e-14
4924.000000 1.516660e-14
4926.000000 1.446820e-14
4928.000000 1.443880e-14
4930.000000 1.446920e-14
4932.000000 1.421100e-14
4934.000000 1.426020e-14
4936.000000 1.408780e-14
4938.000000 1.389770e-14
4940.000000 1.361570e-14
4942.000000 1.396920e-14
4944.000000 1.398460e-14
4946.000000 1.400650e-14
4948.000000 1.384020e-14
4950.000000 1.412630e-14
4952.000000 1.395210e-14
4954.000000 1.372900e-14
4956.000000 1.406590e-14
4958.000000 1.419440e-14
4960.000000 1.451820e-14
4962.000000 1.449430e-14
4964.000000 1.482050e-14
4966.000000 1.443610e-14
4968.000000 1.471800e-14
4970.000000 1.490620e-14
4972.000000 1.559980e-14
4974.000000 1.474020e-14
4976.000000 1.502080e-14
4978.000000 1.496440e-14
4980.000000 1.537190e-14
4982.000000 1.446390e-14
4984.000000 1.494890e-14
4986.000000 1.451510e-14
4988.000000 1.467150e-14
4990.000000 1.501790e-14
4992.000000 1.520830e-14
4994.000000 1.525550e-14
4996.000000 1.511320e-14
4998.000000 1.524120e-14
5000.000000 1.489200e-14
5002.000000 1.478430e-14
5004.000000 1.433250e-14
5006.000000 1.471810e-14
5008.000000 1.462470e-14
5010.000000 1.469140e-14
5012.000000 1.447470e-14
5014.000000 1.460980e-14
5016.000000 1.477240e-14
5018.000000 1.404530e-14
5020.000000 1.386710e-14
5022.000000 1.463770e-14
5024.000000 1.429910e-14
5026.000000 1.425420e-14
5028.000000 1.432390e-14
5030.000000 1.354950e-14
5032.000000 1.402560e-14
5034.000000 1.399430e-14
5036.000000 1.410760e-14
5038.000000 1.411810e-14
5040.000000 1.368110e-14
5042.000000 1.378140e-14
5044.000000 1.337410e-14
5046.000000 1.331410e-14
5048.000000 1.344920e-14
5050.000000 1.315860e-14
5052.000000 1.340830e-14
5054.000000 1.268140e-14
5056.000000 1.278990e-14
5058.000000 1.267270e-14
5060.000000 1.278400e-14
5062.000000 1.199430e-14
5064.000000 1.194460e-14
5066.000000 1.188050e-14
5068.000000 1.190470e-14
5070.000000 1.172990e-14
5072.000000 1.065680e-14
5074.000000 1.146140e-14
5076.000000 1.139010e-14
5078.000000 1.132660e-14
5080.000000 1.111480e-14
5082.000000 1.134160e-14
5084.000000 1.113520e-14
5086.000000 1.077320e-14
5088.000000 1.106820e-14
5090.000000 1.110630e-14
5092.000000 1.096850e-14
5094.000000 1.139350e-14
5096.000000 1.086550e-14
5098.000000 1.096530e-14
5100.000000 1.104260e-14
5102.000000 1.168180e-14
5104.000000 1.136310e-14
5106.000000 1.149790e-14
5108.000000 1.224670e-14
5110.000000 1.192990e-14
5112.000000 1.222770e-14
5114.000000 1.195250e-14
5116.000000 1.196470e-14
5118.000000 1.213860e-14
5120.000000 1.206430e-14
5122.000000 1.225190e-14
5124.000000 1.296370e-14
5126.000000 1.232110e-14
5128.000000 1.275620e-14
5130.000000 1.268540e-14
5132.000000 1.258150e-14
5134.000000 1.247330e-14
5136.000000 1.297820e-14
5138.000000 1.307930e-14
5140.000000 1.293270e-14
5142.000000 1.286770e-14
5144.000000 1.305820e-14
5146.000000 1.344080e-14
5148.000000 1.357290e-14
5150.000000 1.365030e-14
5152.000000 1.332120e-14
5154.000000 1.346750e-14
5156.000000 1.318690e-14
5158.000000 1.362450e-14
5160.000000 1.331810e-14
5162.000000 1.349700e-14
5164.000000 1.403800e-14
5166.000000 1.354210e-14
5168.000000 1.401480e-14
5170.000000 1.398150e-14
5172.000000 1.369220e-14
5174.000000 1.379620e-14
5176.000000 1.379360e-14
5178.000000 1.361100e-14
5180.000000 1.355710e-14
5182.000000 1.428720e-14
5184.000000 1.387470e-14
5186.000000 1.351310e-14
5188.000000 1.330760e-14
5190.000000 1.407800e-14
5192.000000 1.376750e-14
5194.000000 1.355410e-14
5196.000000 1.329580e-14
5198.000000 1.370280e-14
5200.000000 1.346640e-14
5202.000000 1.373310e-14
5204.000000 1.386600e-14
5206.000000 1.377110e-14
5208.000000 1.379690e-14
5210.000000 1.341110e-14
5212.000000 1.332490e-14
5214.000000 1.367160e-14
5216.000000 1.410520e-14
5218.000000 1.297280e-14
5220.000000 1.336000e-14
5222.000000 1.345240e-14
5224.000000 1.349030e-14
5226.000000 1.353850e-14
5228.000000 1.373580e-14
5230.000000 1.368290e-14
5232.000000 1.336770e-14
5234.000000 1.310730e-14
5236.000000 1.356300e-14
5238.000000 1.338210e-14
5240.000000 1.385930e-14
5242.000000 1.357630e-14
5244.000000 1.369490e-14
5246.000000 1.336660e-14
5248.000000 1.396220e-14
5250.000000 1.374780e-14
5252.000000 1.359930e-14
5254.000000 1.386970e-14
5256.000000 1.340500e-14
5258.000000 1.369620e-14
5260.000000 1.339260e-14
5262.000000 1.403980e-14
5264.000000 1.375780e-14
5266.000000 1.365200e-14
5268.000000 1.381430e-14
5270.000000 1.375850e-14
5272.000000 1.376900e-14
5274.000000 1.373440e-14
5276.000000 1.348170e-14
5278.000000 1.398080e-14
5280.000000 1.392700e-14
5282.000000 1.370860e-14
5284.000000 1.406820e-14
5286.000000 1.324120e-14
5288.000000 1.328470e-14
5290.000000 1.355290e-14
5292.000000 1.351370e-14
5294.000000 1.422000e-14
5296.000000 1.388940e-14
5298.000000 1.347790e-14
5300.000000 1.373660e-14
5302.000000 1.401670e-14
5304.000000 1.357210e-14
5306.000000 1.374460e-14
5308.000000 1.332180e-14
5310.000000 1.383430e-14
5312.000000 1.374910e-14
5314.000000 1.393580e-14
5316.000000 1.393150e-14
5318.000000 1.396950e-14
5320.000000 1.357210e-14
5322.000000 1.335580e-14
5324.000000 1.402420e-14
5326.000000 1.377980e-14
5328.000000 1.386130e-14
5330.000000 1.400590e-14
5332.000000 1.387320e-14
5334.000000 1.356190e-14
5336.000000 1.391530e-14
5338.000000 1.375720e-14
5340.000000 1.371310e-14
5342.000000 1.413250e-14
5344.000000 1.386630e-14
5346.000000 1.409270e-14
5348.000000 1.348050e-14
5350.000000 1.335620e-14
5352.000000 1.418990e-14
5354.000000 1.371340e-14
5356.000000 1.345140e-14
5358.000000 1.389800e-14
5360.000000 1.400560e-14
5362.000000 1.355520e-14
5364.000000 1.350450e-14
5366.000000 1.365560e-14
5368.000000 1.354600e-14
5370.000000 1.328520e-14
5372.000000 1.344090e-14
5374.000000 1.360930e-14
5376.000000 1.317480e-14
5378.000000 1.338230e-14
5380.000000 1.302720e-14
5382.000000 1.322620e-14
5384.000000 1.283180e-14
5386.000000 1.285050e-14
5388.000000 1.274570e-14
5390.000000 1.324270e-14
5392.000000 1.344670e-14
5394.000000 1.287640e-14
5396.000000 1.305880e-14
5398.000000 1.264610e-14
5400.000000 1.265910e-14
5402.000000 1.277840e-14
5404.000000 1.290690e-14
5406.000000 1.308410e-14
5408.000000 1.254800e-14
5410.000000 1.240750e-14
5412.000000 1.249730e-14
5414.000000 1.243040e-14
5416.000000 1.222550e-14
5418.000000 1.238150e-14
5420.000000 1.230530e-14
5422.000000 1.204790e-14
5424.000000 1.217730e-14
5426.000000 1.239720e-14
5428.000000 1.229730e-14
5430.000000 1.198860e-14
5432.000000 1.150330e-14
5434.000000 1.205020e-14
5436.000000 1.246730e-14
5438.000000 1.241490e-14
5440.000000 1.243370e-14
5442.000000 1.188150e-14
5444.000000 1.200860e-14
5446.000000 1.204860e-14
5448.000000 1.213680e-14
5450.000000 1.222950e-14
5452.000000 1.193850e-14
5454.000000 1.189190e-14
5456.000000 1.179750e-14
5458.000000 1.237630e-14
5460.000000 1.198520e-14
5462.000000 1.202390e-14
5464.000000 1.234780e-14
5466.000000 1.221950e-14
5468.000000 1.216890e-14
5470.000000 1.202630e-14
5472.000000 1.190700e-14
5474.000000 1.157230e-14
5476.000000 1.139800e-14
5478.000000 1.168130e-14
5480.000000 1.197680e-14
5482.000000 1.198840e-14
5484.000000 1.166070e-14
5486.000000 1.241900e-14
5488.000000 1.234000e-14
5490.000000 1.208820e-14
5492.000000 1.213370e-14
5494.000000 1.196000e-14
5496.000000 1.188100e-14
5498.000000 1.195260e-14
5500.000000 1.200130e-14
5502.000000 1.187100e-14
5504.000000 1.163190e-14
5506.000000 1.150790e-14
5508.000000 1.136330e-14
5510.000000 1.139730e-14
5512.000000 1.168200e-14
5514.000000 1.188060e-14
5516.000000 1.188460e-14
5518.000000 1.180770e-14
5520.000000 1.176510e-14
5522.000000 1.171440e-14
5524.000000 1.164330e-14
5526.000000 1.154150e-14
5528.000000 1.145220e-14
5530.000000 1.139100e-14
5532.000000 1.131010e-14
5534.000000 1.115120e-14
5536.000000 1.094420e-14
5538.000000 1.088120e-14
5540.000000 1.089360e-14
5542.000000 1.098970e-14
5544.000000 1.129950e-14
5546.000000 1.145530e-14
5548.000000 1.128350e-14
5550.000000 1.103030e-14
5552.000000 1.108290e-14
5554.000000 1.137090e-14
5556.000000 1.141090e-14
5558.000000 1.132040e-14
5560.000000 1.120630e-14
5562.000000 1.098260e-14
5564.000000 1.082320e-14
5566.000000 1.089230e-14
5568.000000 1.109690e-14
5570.000000 1.113930e-14
5572.000000 1.109110e-14
5574.000000 1.106200e-14
5576.000000 1.096500e-14
5578.000000 1.095780e-14
5580.000000 1.112900e-14
5582.000000 1.133340e-14
5584.000000 1.135380e-14
5586.000000 1.126130e-14
5588.000000 1.116340e-14
5590.000000 1.096690e-14
5592.000000 1.085780e-14
5594.000000 1.081950e-14
5596.000000 1.082550e-14
5598.000000 1.087560e-14
5600.000000 1.096650e-14
5602.000000 1.104050e-14
5604.000000 1.114060e-14
5606.000000 1.118780e-14
5608.000000 1.116990e-14
5610.000000 1.118770e-14
5612.000000 1.128190e-14
5614.000000 1.138190e-14
5616.000000 1.139770e-14
5618.000000 1.135960e-14
5620.000000 1.131780e-14
5622.000000 1.124080e-14
5624.000000 1.117750e-14
5626.000000 1.111490e-14
5628.000000 1.106510e-14
5630.000000 1.103310e-14
5632.000000 1.101750e-14
5634.000000 1.103370e-14
5636.000000 1.111230e-14
5638.000000 1.112140e-14
5640.000000 1.107500e-14
5642.000000 1.104570e-14
5644.000000 1.103620e-14
5646.000000 1.104390e-14
5648.000000 1.109170e-14
5650.000000 1.118960e-14
5652.000000 1.116820e-14
5654.000000 1.103140e-14
5656.000000 1.094200e-14
5658.000000 1.085480e-14
5660.000000 1.080930e-14
5662.000000 1.084050e-14
5664.000000 1.092030e-14
5666.000000 1.098040e-14
5668.000000 1.107840e-14
5670.000000 1.108820e-14
5672.000000 1.103720e-14
5674.000000 1.095480e-14
5676.000000 1.079640e-14
5678.000000 1.065470e-14
5680.000000 1.066390e-14
5682.000000 1.078200e-14
5684.000000 1.084260e-14
5686.000000 1.094330e-14
5688.000000 1.094430e-14
5690.000000 1.083590e-14
5692.000000 1.071590e-14
5694.000000 1.061790e-14
5696.000000 1.052410e-14
5698.000000 1.045250e-14
5700.000000 1.037580e-14
5702.000000 1.037840e-14
5704.000000 1.047500e-14
5706.000000 1.054700e-14
5708.000000 1.059080e-14
5710.000000 1.062200e-14
5712.000000 1.064490e-14
5714.000000 1.065920e-14
5716.000000 1.064390e-14
5718.000000 1.060120e-14
5720.000000 1.054680e-14
5722.000000 1.045340e-14
5724.000000 1.038370e-14
5726.000000 1.036900e-14
5728.000000 1.038190e-14
5730.000000 1.038170e-14
5732.000000 1.038420e-14
5734.000000 1.038680e-14
5736.000000 1.037540e-14
5738.000000 1.039480e-14
5740.000000 1.046960e-14
5742.000000 1.054020e-14
5744.000000 1.054220e-14
5746.000000 1.050000e-14
5748.000000 1.050490e-14
5750.000000 1.051800e-14
5752.000000 1.056680e-14
5754.000000 1.070480e-14
5756.000000 1.077180e-14
5758.000000 1.065910e-14
5760.000000 1.049350e-14
5762.000000 1.054640e-14
5764.000000 1.079410e-14
5766.000000 1.086690e-14
5768.000000 1.087200e-14
5770.000000 1.082810e-14
5772.000000 1.070280e-14
5774.000000 1.056660e-14
5776.000000 1.048000e-14
5778.000000 1.041400e-14
5780.000000 1.039990e-14
5782.000000 1.047220e-14
5784.000000 1.048090e-14
5786.000000 1.043510e-14
5788.000000 1.041080e-14
5790.000000 1.046120e-14
5792.000000 1.051560e-14
5794.000000 1.042090e-14
5796.000000 1.015650e-14
5798.000000 1.012360e-14
5800.000000 1.027710e-14
5802.000000 1.037530e-14
5804.000000 1.044740e-14
5806.000000 1.048010e-14
5808.000000 1.042630e-14
5810.000000 1.030770e-14
5812.000000 1.028560e-14
5814.000000 1.031890e-14
5816.000000 1.036030e-14
5818.000000 1.042330e-14
5820.000000 1.050490e-14
5822.000000 1.063940e-14
5824.000000 1.076700e-14
5826.000000 1.074330e-14
5828.000000 1.056290e-14
5830.000000 1.056910e-14
5832.000000 1.072850e-14
5834.000000 1.081260e-14
5836.000000 1.082370e-14
5838.000000 1.081990e-14
5840.000000 1.083610e-14
5842.000000 1.085420e-14
5844.000000 1.083240e-14
5846.000000 1.075050e-14
5848.000000 1.072640e-14
5850.000000 1.075660e-14
5852.000000 1.076000e-14
5854.000000 1.071120e-14
5856.000000 1.064410e-14
5858.000000 1.059820e-14
5860.000000 1.055890e-14
5862.000000 1.051840e-14
5864.000000 1.046840e-14
5866.000000 1.044260e-14
5868.000000 1.044160e-14
5870.000000 1.045250e-14
5872.000000 1.047250e-14
5874.000000 1.050190e-14
5876.000000 1.051160e-14
5878.000000 1.056130e-14
5880.000000 1.057530e-14
5882.000000 1.058930e-14
5884.000000 1.060330e-14
5886.000000 1.061730e-14
5888.000000 1.063130e-14
5890.000000 1.064530e-14
5892.000000 1.065930e-14
5894.000000 1.067330e-14
5896.000000 1.068740e-14
5898.000000 1.070140e-14
5900.000000 1.071540e-14
5902.000000 1.072940e-14
5904.000000 1.072940e-14
5906.000000 1.077930e-14
5908.000000 1.078430e-14
5910.000000 1.074910e-14
5912.000000 1.056990e-14
5914.000000 1.012750e-14
5916.000000 9.852010e-15
5918.000000 9.829740e-15
5920.000000 9.915930e-15
5922.000000 9.997260e-15
5924.000000 1.013940e-14
5926.000000 1.019540e-14
5928.000000 1.017500e-14
5930.000000 1.019800e-14
5932.000000 1.023850e-14
5934.000000 1.030990e-14
5936.000000 1.043820e-14
5938.000000 1.059960e-14
5940.000000 1.070160e-14
5942.000000 1.079720e-14
5944.000000 1.081290e-14
5946.000000 1.075410e-14
5948.000000 1.066870e-14
5950.000000 1.053710e-14
5952.000000 1.040000e-14
5954.000000 1.031540e-14
5956.000000 1.025370e-14
5958.000000 1.026080e-14
5960.000000 1.039350e-14
5962.000000 1.042050e-14
5964.000000 1.033780e-14
5966.000000 1.026870e-14
5968.000000 1.026220e-14
5970.000000 1.028960e-14
5972.000000 1.035890e-14
5974.000000 1.052660e-14
5976.000000 1.055760e-14
5978.000000 1.044530e-14
5980.000000 1.041610e-14
5982.000000 1.051700e-14
5984.000000 1.063980e-14
5986.000000 1.069700e-14
5988.000000 1.073430e-14
5990.000000 1.066310e-14
5992.000000 1.042250e-14
5994.000000 1.030510e-14
5996.000000 1.026510e-14
5998.000000 1.026340e-14
6000.000000 1.029890e-14
6002.000000 1.036500e-14
6004.000000 1.041760e-14
6006.000000 1.051870e-14
6008.000000 1.047700e-14
6010.000000 1.023870e-14
6012.000000 1.013600e-14
6014.000000 1.021180e-14
6016.000000 1.034240e-14
6018.000000 1.045680e-14
6020.000000 1.060050e-14
6022.000000 1.055760e-14
6024.000000 1.030560e-14
6026.000000 1.015370e-14
6028.000000 1.001040e-14
6030.000000 9.935220e-15
6032.000000 9.978730e-15
6034.000000 1.008410e-14
6036.000000 1.012340e-14
6038.000000 1.012630e-14
6040.000000 1.017590e-14
6042.000000 1.031550e-14
6044.000000 1.033870e-14
6046.000000 1.016460e-14
6048.000000 1.000420e-14
6050.000000 1.006990e-14
6052.000000 1.027640e-14
6054.000000 1.033030e-14
6056.000000 1.032260e-14
6058.000000 1.027850e-14
6060.000000 1.012360e-14
6062.000000 1.004240e-14
6064.000000 1.013220e-14
6066.000000 1.028330e-14
6068.000000 1.029880e-14
6070.000000 1.019880e-14
6072.000000 1.024990e-14
6074.000000 1.049880e-14
6076.000000 1.055370e-14
6078.000000 1.032470e-14
6080.000000 1.009550e-14
6082.000000 1.011170e-14
6084.000000 1.026270e-14
6086.000000 1.025230e-14
6088.000000 1.007870e-14
6090.000000 1.008390e-14
6092.000000 1.026200e-14
6094.000000 1.039190e-14
6096.000000 1.040080e-14
6098.000000 1.036590e-14
6100.000000 1.038150e-14
6102.000000 1.046190e-14
6104.000000 1.033910e-14
6106.000000 9.871310e-15
6108.000000 9.750780e-15
6110.000000 1.012160e-14
6112.000000 1.047140e-14
6114.000000 1.039990e-14
6116.000000 1.010520e-14
6118.000000 1.000880e-14
6120.000000 9.965540e-15
6122.000000 9.976260e-15
6124.000000 1.009120e-14
6126.000000 1.017020e-14
6128.000000 1.017020e-14
6130.000000 1.014310e-14
6132.000000 1.014280e-14
6134.000000 1.014830e-14
6136.000000 1.015730e-14
6138.000000 1.017740e-14
6140.000000 1.018720e-14
6142.000000 1.022170e-14
6144.000000 1.020320e-14
6146.000000 1.004300e-14
6148.000000 9.793710e-15
6150.000000 9.705060e-15
6152.000000 9.698610e-15
6154.000000 9.745430e-15
6156.000000 9.919560e-15
6158.000000 1.003550e-14
6160.000000 1.003510e-14
6162.000000 1.000190e-14
6164.000000 1.003240e-14
6166.000000 1.009140e-14
6168.000000 1.015500e-14
6170.000000 1.030360e-14
6172.000000 1.030850e-14
6174.000000 1.011560e-14
6176.000000 9.939210e-15
6178.000000 9.912870e-15
6180.000000 9.961340e-15
6182.000000 9.997130e-15
6184.000000 1.007450e-14
6186.000000 1.011240e-14
6188.000000 1.012080e-14
6190.000000 1.013920e-14
6192.000000 1.018110e-14
6194.000000 1.022360e-14
6196.000000 1.024400e-14
6198.000000 1.026030e-14
6200.000000 1.020970e-14
6202.000000 1.004340e-14
6204.000000 9.979690e-15
6206.000000 1.000880e-14
6208.000000 1.006560e-14
6210.000000 1.014670e-14
6212.000000 1.024170e-14
6214.000000 1.020220e-14
6216.000000 1.000400e-14
6218.000000 9.927640e-15
6220.000000 9.888300e-15
6222.000000 9.891890e-15
6224.000000 9.967810e-15
6226.000000 1.005720e-14
6228.000000 1.008030e-14
6230.000000 1.007330e-14
6232.000000 1.001320e-14
6234.000000 9.881430e-15
6236.000000 9.761530e-15
6238.000000 9.584870e-15
6240.000000 9.487680e-15
6242.000000 9.584070e-15
6244.000000 9.778640e-15
6246.000000 9.803540e-15
6248.000000 9.709380e-15
6250.000000 9.674080e-15
6252.000000 9.624010e-15
6254.000000 9.619510e-15
6256.000000 9.710650e-15
6258.000000 9.792520e-15
6260.000000 9.725590e-15
6262.000000 9.549770e-15
6264.000000 9.473200e-15
6266.000000 9.432410e-15
6268.000000 9.412730e-15
6270.000000 9.435120e-15
6272.000000 9.452780e-15
6274.000000 9.437480e-15
6276.000000 9.412570e-15
6278.000000 9.425310e-15
6280.000000 9.495950e-15
6282.000000 9.471790e-15
6284.000000 9.379650e-15
6286.000000 9.276020e-15
6288.000000 9.116160e-15
6290.000000 8.992430e-15
6292.000000 9.038840e-15
6294.000000 9.215120e-15
6296.000000 9.272410e-15
6298.000000 9.283000e-15
6300.000000 9.279250e-15
6302.000000 9.253810e-15
6304.000000 9.207740e-15
6306.000000 9.129080e-15
6308.000000 9.035550e-15
6310.000000 8.987250e-15
6312.000000 8.966700e-15
6314.000000 8.952580e-15
6316.000000 8.981060e-15
6318.000000 8.963250e-15
6320.000000 8.874860e-15
6322.000000 8.779850e-15
6324.000000 8.734090e-15
6326.000000 8.712820e-15
6328.000000 8.706170e-15
6330.000000 8.711100e-15
6332.000000 8.748500e-15
6334.000000 8.843940e-15
6336.000000 8.916020e-15
6338.000000 8.943450e-15
6340.000000 8.938020e-15
6342.000000 8.879530e-15
6344.000000 8.745120e-15
6346.000000 8.676370e-15
6348.000000 8.659590e-15
6350.000000 8.604980e-15
6352.000000 8.508550e-15
6354.000000 8.394510e-15
6356.000000 8.273440e-15
6358.000000 8.139470e-15
6360.000000 8.023470e-15
6362.000000 7.935390e-15
6364.000000 7.807490e-15
6366.000000 7.629790e-15
6368.000000 7.474670e-15
6370.000000 7.398710e-15
6372.000000 7.325580e-15
6374.000000 7.083990e-15
6376.000000 6.645570e-15
6378.000000 6.484210e-15
6380.000000 6.528470e-15
6382.000000 6.548750e-15
6384.000000 6.652340e-15
6386.000000 6.641160e-15
6388.000000 6.254250e-15
6390.000000 5.611980e-15
6392.000000 5.408200e-15
6394.000000 5.498830e-15
6396.000000 5.571680e-15
6398.000000 5.798560e-15
6400.000000 5.929810e-15
6402.000000 5.863270e-15
6404.000000 5.726270e-15
6406.000000 5.695790e-15
6408.000000 5.716040e-15
6410.000000 5.712320e-15
6412.000000 5.666220e-15
6414.000000 5.706700e-15
6416.000000 5.838600e-15
6418.000000 6.014850e-15
6420.000000 6.223580e-15
6422.000000 6.468750e-15
6424.000000 6.641420e-15
6426.000000 6.700070e-15
6428.000000 6.912840e-15
6430.000000 7.269090e-15
6432.000000 7.592670e-15
6434.000000 7.838300e-15
6436.000000 8.061330e-15
6438.000000 8.304620e-15
6440.000000 8.532270e-15
6442.000000 8.858370e-15
6444.000000 9.310450e-15
6446.000000 9.690220e-15
6448.000000 9.986630e-15
6450.000000 1.029170e-14
6452.000000 1.067510e-14
6454.000000 1.109530e-14
6456.000000 1.142140e-14
6458.000000 1.162870e-14
6460.000000 1.195780e-14
6462.000000 1.236630e-14
6464.000000 1.277760e-14
6466.000000 1.317530e-14
6468.000000 1.358220e-14
6470.000000 1.403390e-14
6472.000000 1.455580e-14
6474.000000 1.487510e-14
6476.000000 1.496370e-14
6478.000000 1.518390e-14
6480.000000 1.552100e-14
6482.000000 1.587290e-14
6484.000000 1.620990e-14
6486.000000 1.654100e-14
6488.000000 1.676560e-14
6490.000000 1.684280e-14
6492.000000 1.704390e-14
6494.000000 1.729190e-14
6496.000000 1.757880e-14
6498.000000 1.793740e-14
6500.000000 1.830240e-14
6502.000000 1.858720e-14
6504.000000 1.885090e-14
6506.000000 1.891130e-14
6508.000000 1.863150e-14
6510.000000 1.863460e-14
6512.000000 1.893090e-14
6514.000000 1.922350e-14
6516.000000 1.937780e-14
6518.000000 1.947030e-14
6520.000000 1.950610e-14
6522.000000 1.938330e-14
6524.000000 1.947510e-14
6526.000000 1.979350e-14
6528.000000 1.998190e-14
6530.000000 1.996130e-14
6532.000000 1.988800e-14
6534.000000 1.991200e-14
6536.000000 1.997610e-14
6548.000000 2.001880e-14
6550.000000 1.997280e-14
6552.000000 1.987370e-14
6554.000000 1.966930e-14
6556.000000 1.962230e-14
6558.000000 1.969880e-14
6560.000000 1.976750e-14
6562.000000 1.982410e-14
6564.000000 1.988250e-14
6566.000000 1.994690e-14
6568.000000 2.002200e-14
6570.000000 2.003150e-14
6572.000000 2.002100e-14
6574.000000 1.992410e-14
6576.000000 1.969210e-14
6578.000000 1.948790e-14
6580.000000 1.940830e-14
6582.000000 1.936630e-14
6584.000000 1.918480e-14
6586.000000 1.888470e-14
6588.000000 1.865310e-14
6590.000000 1.841280e-14
6592.000000 1.822490e-14
6594.000000 1.807530e-14
6596.000000 1.798940e-14
6598.000000 1.802170e-14
6600.000000 1.816120e-14
6602.000000 1.820490e-14
6604.000000 1.826830e-14
6606.000000 1.819370e-14
6608.000000 1.792420e-14
6610.000000 1.770400e-14
6612.000000 1.763820e-14
6614.000000 1.763600e-14
6616.000000 1.758550e-14
6618.000000 1.754570e-14
6620.000000 1.744150e-14
6622.000000 1.727610e-14
6624.000000 1.710850e-14
6626.000000 1.693120e-14
6628.000000 1.675230e-14
6630.000000 1.657510e-14
6632.000000 1.639430e-14
6634.000000 1.629850e-14
6636.000000 1.630500e-14
6638.000000 1.625810e-14
6640.000000 1.620310e-14
6642.000000 1.611760e-14
6644.000000 1.598410e-14
6646.000000 1.582400e-14
6648.000000 1.567800e-14
6650.000000 1.552340e-14
6652.000000 1.539480e-14
6654.000000 1.528340e-14
6656.000000 1.518320e-14
6658.000000 1.508420e-14
6660.000000 1.501050e-14
6662.000000 1.500760e-14
6664.000000 1.505810e-14
6666.000000 1.495110e-14
6668.000000 1.469140e-14
6670.000000 1.450190e-14
6672.000000 1.430380e-14
6674.000000 1.415880e-14
6676.000000 1.411050e-14
6678.000000 1.409980e-14
6680.000000 1.401640e-14
6682.000000 1.388760e-14
6684.000000 1.379410e-14
6686.000000 1.374570e-14
6688.000000 1.363560e-14
6690.000000 1.342590e-14
6692.000000 1.323220e-14
6694.000000 1.315170e-14
6696.000000 1.313640e-14
6698.000000 1.306330e-14
6700.000000 1.298780e-14
6702.000000 1.286540e-14
6704.000000 1.265820e-14
6706.000000 1.250440e-14
6708.000000 1.245790e-14
6710.000000 1.244740e-14
6712.000000 1.237690e-14
6714.000000 1.228060e-14
6716.000000 1.217950e-14
6718.000000 1.201000e-14
6720.000000 1.194920e-14
6722.000000 1.206620e-14
6724.000000 1.214190e-14
6726.000000 1.200500e-14
6728.000000 1.174840e-14
6730.000000 1.159100e-14
6732.000000 1.143540e-14
6734.000000 1.135390e-14
6736.000000 1.136620e-14
6738.000000 1.135970e-14
6740.000000 1.130820e-14
6742.000000 1.124500e-14
6744.000000 1.119980e-14
6746.000000 1.116910e-14
6748.000000 1.109830e-14
6750.000000 1.098500e-14
6752.000000 1.089100e-14
6754.000000 1.080360e-14
6756.000000 1.073190e-14
6758.000000 1.069090e-14
6760.000000 1.067020e-14
6762.000000 1.062460e-14
6764.000000 1.056370e-14
6766.000000 1.050920e-14
6768.000000 1.044180e-14
6770.000000 1.039820e-14
6772.000000 1.040370e-14
6774.000000 1.041250e-14
6776.000000 1.035920e-14
6778.000000 1.026780e-14
6780.000000 1.015880e-14
6782.000000 9.985060e-15
6784.000000 9.875310e-15
6786.000000 9.812480e-15
6788.000000 9.786800e-15
6790.000000 9.816030e-15
6792.000000 9.881010e-15
6794.000000 9.866600e-15
6796.000000 9.790840e-15
6798.000000 9.737380e-15
6800.000000 9.667700e-15
6802.000000 9.621770e-15
6804.000000 9.627200e-15
6806.000000 9.630180e-15
6808.000000 9.553990e-15
6810.000000 9.417610e-15
6812.000000 9.333290e-15
6814.000000 9.256910e-15
6816.000000 9.213610e-15
6818.000000 9.216730e-15
6820.000000 9.220750e-15
6822.000000 9.206060e-15
6824.000000 9.183150e-15
6826.000000 9.143460e-15
6828.000000 9.061400e-15
6830.000000 9.046500e-15
6832.000000 9.092380e-15
6834.000000 9.122370e-15
6836.000000 9.134320e-15
6838.000000 9.133420e-15
6840.000000 9.107810e-15
6842.000000 9.055310e-15
6844.000000 9.050280e-15
6846.000000 9.112140e-15
6848.000000 9.099640e-15
6850.000000 9.008910e-15
6852.000000 8.922240e-15
6854.000000 8.874050e-15
6856.000000 8.841550e-15
6858.000000 8.812540e-15
6860.000000 8.811960e-15
6862.000000 8.757080e-15
6864.000000 8.680830e-15
6866.000000 8.559340e-15
6868.000000 8.308900e-15
6870.000000 8.110260e-15
6872.000000 8.195520e-15
6874.000000 8.488480e-15
6876.000000 8.651250e-15
6878.000000 8.853230e-15
6880.000000 8.905600e-15
6882.000000 8.793910e-15
6884.000000 8.662600e-15
6886.000000 8.534230e-15
6888.000000 8.415420e-15
6890.000000 8.441720e-15
6892.000000 8.632670e-15
6894.000000 8.686290e-15
6896.000000 8.693610e-15
6898.000000 8.656280e-15
6900.000000 8.534370e-15
6902.000000 8.415720e-15
6904.000000 8.401150e-15
6906.000000 8.451550e-15
6908.000000 8.449690e-15
6910.000000 8.408720e-15
6912.000000 8.414170e-15
6914.000000 8.458140e-15
6916.000000 8.509190e-15
6918.000000 8.571400e-15
6920.000000 8.630930e-15
6922.000000 8.627970e-15
6924.000000 8.567350e-15
6926.000000 8.531440e-15
6928.000000 8.499370e-15
6930.000000 8.458010e-15
6932.000000 8.382500e-15
6934.000000 8.331320e-15
6936.000000 8.378380e-15
6938.000000 8.495660e-15
6940.000000 8.486470e-15
6942.000000 8.376220e-15
6944.000000 8.301080e-15
6946.000000 8.213740e-15
6948.000000 8.152110e-15
6950.000000 8.117140e-15
6952.000000 8.116690e-15
6954.000000 8.202890e-15
6956.000000 8.421080e-15
6958.000000 8.444410e-15
6960.000000 8.280080e-15
6962.000000 8.214790e-15
6964.000000 8.274150e-15
6966.000000 8.335850e-15
6968.000000 8.311060e-15
6970.000000 8.241680e-15
6972.000000 8.207160e-15
6974.000000 8.173170e-15
6976.000000 8.163860e-15
6978.000000 8.186720e-15
6980.000000 8.203800e-15
6982.000000 8.213010e-15
6984.000000 8.210530e-15
6986.000000 8.166470e-15
6988.000000 8.066590e-15
6990.000000 8.052510e-15
6992.000000 8.094190e-15
6994.000000 8.147930e-15
6996.000000 8.254070e-15
6998.000000 8.328790e-15
7000.000000 8.289300e-15
7002.000000 8.179000e-15
7004.000000 8.145130e-15
7006.000000 8.150180e-15
7008.000000 8.148820e-15
7010.000000 8.155360e-15
7012.000000 8.164490e-15
7014.000000 8.168300e-15
7016.000000 8.180250e-15
7018.000000 8.238840e-15
7020.000000 8.373470e-15
7022.000000 8.313880e-15
7024.000000 8.035010e-15
7026.000000 7.880830e-15
7028.000000 7.829660e-15
7030.000000 7.821920e-15
7032.000000 7.848450e-15
7034.000000 7.909970e-15
7036.000000 7.910690e-15
7038.000000 7.832370e-15
7040.000000 7.851760e-15
7042.000000 7.964150e-15
7044.000000 8.039020e-15
7046.000000 8.056670e-15
7048.000000 8.039710e-15
7050.000000 7.986410e-15
7052.000000 7.884280e-15
7054.000000 7.822720e-15
7056.000000 7.763720e-15
7058.000000 7.737470e-15
7060.000000 7.738440e-15
7062.000000 7.768880e-15
7064.000000 7.847140e-15
7066.000000 7.956580e-15
7068.000000 7.996980e-15
7070.000000 7.993070e-15
7072.000000 7.983020e-15
7074.000000 7.935690e-15
7076.000000 7.908240e-15
7078.000000 7.918290e-15
7080.000000 7.934920e-15
7082.000000 7.920640e-15
7084.000000 7.884790e-15
7086.000000 7.875760e-15
7088.000000 7.894930e-15
7090.000000 7.888370e-15
7092.000000 7.852830e-15
7094.000000 7.819790e-15
7096.000000 7.799470e-15
7098.000000 7.788470e-15
7100.000000 7.812470e-15
7102.000000 7.894570e-15
7104.000000 7.914740e-15
7106.000000 7.888760e-15
7108.000000 7.874150e-15
7110.000000 7.888520e-15
7112.000000 7.896950e-15
7114.000000 7.856780e-15
7116.000000 7.777720e-15
7118.000000 7.736980e-15
7120.000000 7.696180e-15
7122.000000 7.698150e-15
7124.000000 7.772690e-15
7126.000000 7.822550e-15
7128.000000 7.789820e-15
7130.000000 7.718740e-15
7132.000000 7.691840e-15
7134.000000 7.682950e-15
7136.000000 7.676690e-15
7138.000000 7.691570e-15
7140.000000 7.686720e-15
7142.000000 7.641930e-15
7144.000000 7.601220e-15
7146.000000 7.616460e-15
7148.000000 7.670230e-15
7150.000000 7.704420e-15
7152.000000 7.773380e-15
7154.000000 7.762580e-15
7156.000000 7.640550e-15
7158.000000 7.550840e-15
7160.000000 7.554440e-15
7162.000000 7.608160e-15
7164.000000 7.682640e-15
7166.000000 7.837620e-15
7168.000000 7.869640e-15
7170.000000 7.795420e-15
7172.000000 7.747800e-15
7174.000000 7.725640e-15
7176.000000 7.720060e-15
7178.000000 7.742130e-15
7180.000000 7.790300e-15
7182.000000 7.813880e-15
7184.000000 7.807880e-15
7186.000000 7.843800e-15
7188.000000 7.929970e-15
7190.000000 8.002300e-15
7192.000000 8.052150e-15
7194.000000 8.075400e-15
7196.000000 8.006150e-15
7198.000000 7.785520e-15
7200.000000 7.785500e-15
7202.000000 7.996370e-15
7204.000000 8.106670e-15
7206.000000 8.101940e-15
7208.000000 8.057470e-15
7210.000000 8.017070e-15
7212.000000 7.961290e-15
7214.000000 7.876410e-15
7216.000000 7.696520e-15
7218.000000 7.654810e-15
7220.000000 7.752660e-15
7222.000000 7.837430e-15
7224.000000 7.866640e-15
7226.000000 7.870930e-15
7228.000000 7.847550e-15
7230.000000 7.779600e-15
7232.000000 7.753040e-15
7234.000000 7.738210e-15
7236.000000 7.744920e-15
7238.000000 7.821820e-15
7240.000000 7.855630e-15
7242.000000 7.708300e-15
7244.000000 7.437450e-15
7246.000000 7.396590e-15
7248.000000 7.532900e-15
7250.000000 7.622240e-15
7252.000000 7.768590e-15
7254.000000 7.841980e-15
7256.000000 7.768180e-15
7258.000000 7.642770e-15
7260.000000 7.635040e-15
7262.000000 7.712390e-15
7264.000000 7.702670e-15
7266.000000 7.615610e-15
7268.000000 7.585490e-15
7270.000000 7.647730e-15
7272.000000 7.686440e-15
7274.000000 7.583170e-15
7276.000000 7.396440e-15
7278.000000 7.420510e-15
7280.000000 7.649290e-15
7282.000000 7.762900e-15
7284.000000 7.878270e-15
7286.000000 7.907390e-15
7288.000000 7.790960e-15
7290.000000 7.617440e-15
7292.000000 7.529940e-15
7294.000000 7.457990e-15
7296.000000 7.481110e-15
7298.000000 7.647800e-15
7300.000000 7.730110e-15
7302.000000 7.739780e-15
7304.000000 7.716560e-15
7306.000000 7.661280e-15
7308.000000 7.576520e-15
7310.000000 7.568840e-15
7312.000000 7.641290e-15
7314.000000 7.657620e-15
7316.000000 7.661110e-15
7318.000000 7.637450e-15
7320.000000 7.561220e-15
7322.000000 7.477460e-15
7324.000000 7.473610e-15
7326.000000 7.543850e-15
7328.000000 7.501180e-15
7330.000000 7.347700e-15
7332.000000 7.262470e-15
7334.000000 7.246010e-15
7336.000000 7.234240e-15
7338.000000 7.178130e-15
7340.000000 7.109350e-15
7342.000000 7.139140e-15
7344.000000 7.316260e-15
7346.000000 7.337830e-15
7348.000000 7.233160e-15
7350.000000 7.171030e-15
7352.000000 7.200430e-15
7354.000000 7.242220e-15
7356.000000 7.193130e-15
7358.000000 7.058950e-15
7360.000000 7.103940e-15
7362.000000 7.344700e-15
7364.000000 7.461070e-15
7366.000000 7.462440e-15
7368.000000 7.454680e-15
7370.000000 7.494430e-15
7372.000000 7.546260e-15
7374.000000 7.555040e-15
7376.000000 7.542840e-15
7378.000000 7.500960e-15
7380.000000 7.413790e-15
7382.000000 7.333800e-15
7384.000000 7.245460e-15
7386.000000 7.182140e-15
7388.000000 7.213930e-15
7390.000000 7.331150e-15
7392.000000 7.368360e-15
7394.000000 7.354530e-15
7396.000000 7.367900e-15
7398.000000 7.411790e-15
7400.000000 7.442020e-15
7402.000000 7.431940e-15
7404.000000 7.401270e-15
7406.000000 7.392420e-15
7408.000000 7.418880e-15
7410.000000 7.370840e-15
7412.000000 7.223740e-15
7414.000000 7.144760e-15
7416.000000 7.172070e-15
7418.000000 7.225440e-15
7420.000000 7.224170e-15
7422.000000 7.196040e-15
7424.000000 7.210090e-15
7426.000000 7.267280e-15
7428.000000 7.291700e-15
7430.000000 7.291220e-15
7432.000000 7.284070e-15
7434.000000 7.271650e-15
7436.000000 7.256520e-15
7438.000000 7.264020e-15
7440.000000 7.286870e-15
7442.000000 7.316890e-15
7444.000000 7.395640e-15
7446.000000 7.407590e-15
7448.000000 7.324450e-15
7450.000000 7.213400e-15
7452.000000 7.128160e-15
7454.000000 7.038910e-15
7456.000000 7.025130e-15
7458.000000 7.096220e-15
7460.000000 7.136030e-15
7462.000000 7.170400e-15
7464.000000 7.196430e-15
7466.000000 7.215130e-15
7468.000000 7.223170e-15
7470.000000 7.203120e-15
7472.000000 7.151470e-15
7474.000000 7.111190e-15
7476.000000 7.051430e-15
7478.000000 7.025460e-15
7480.000000 7.059040e-15
7482.000000 7.089620e-15
7484.000000 7.052820e-15
7486.000000 6.974070e-15
7488.000000 6.917610e-15
7490.000000 6.830490e-15
7492.000000 6.816500e-15
7494.000000 6.882510e-15
7496.000000 6.946680e-15
7498.000000 6.987360e-15
7500.000000 7.016890e-15
7502.000000 7.018710e-15
7504.000000 6.978710e-15
7506.000000 6.990620e-15
7508.000000 7.061770e-15
7510.000000 7.083350e-15
7512.000000 7.040570e-15
7514.000000 6.984600e-15
7516.000000 6.949460e-15
7518.000000 6.918460e-15
7520.000000 6.918840e-15
7522.000000 6.982200e-15
7524.000000 6.973040e-15
7526.000000 6.893610e-15
7528.000000 6.827520e-15
7530.000000 6.788720e-15
7532.000000 6.773400e-15
7534.000000 6.820560e-15
7536.000000 6.958390e-15
7538.000000 6.972140e-15
7540.000000 6.893740e-15
7542.000000 6.828240e-15
7544.000000 6.739800e-15
7546.000000 6.688700e-15
7548.000000 6.761260e-15
7550.000000 6.918600e-15
7552.000000 6.917670e-15
7554.000000 6.763190e-15
7556.000000 6.717380e-15
7558.000000 6.711560e-15
7560.000000 6.748010e-15
7562.000000 6.866800e-15
7564.000000 7.000200e-15
7566.000000 6.993360e-15
7568.000000 6.867670e-15
7570.000000 6.835910e-15
7572.000000 6.836600e-15
7574.000000 6.854730e-15
7576.000000 6.929030e-15
7578.000000 6.971770e-15
7580.000000 6.898390e-15
7582.000000 6.752900e-15
7584.000000 6.684420e-15
7586.000000 6.677770e-15
7588.000000 6.610100e-15
7590.000000 6.448920e-15
7592.000000 6.378570e-15
7594.000000 6.476110e-15
7596.000000 6.631490e-15
7598.000000 6.689650e-15
7600.000000 6.700520e-15
7602.000000 6.735300e-15
7604.000000 6.764990e-15
7606.000000 6.810130e-15
7608.000000 6.927310e-15
7610.000000 6.972850e-15
7612.000000 6.811610e-15
7614.000000 6.524690e-15
7616.000000 6.405790e-15
7618.000000 6.374670e-15
7620.000000 6.354590e-15
7622.000000 6.418920e-15
7624.000000 6.422300e-15
7626.000000 6.299740e-15
7628.000000 6.157170e-15
7630.000000 6.145620e-15
7632.000000 6.227410e-15
7634.000000 6.243040e-15
7636.000000 6.238760e-15
7638.000000 6.228630e-15
7640.000000 6.215540e-15
7642.000000 6.187080e-15
7644.000000 6.121470e-15
7646.000000 6.036640e-15
7648.000000 6.027860e-15
7650.000000 6.117240e-15
7652.000000 6.108050e-15
7654.000000 6.036460e-15
7656.000000 5.964330e-15
7658.000000 5.872860e-15
7660.000000 5.803230e-15
7662.000000 5.847360e-15
7664.000000 5.997100e-15
7666.000000 6.021110e-15
7668.000000 5.938550e-15
7670.000000 5.924910e-15
7672.000000 5.960210e-15
7674.000000 6.019550e-15
7676.000000 6.106860e-15
7678.000000 6.213500e-15
7680.000000 6.270550e-15
7682.000000 6.299770e-15
7684.000000 6.312210e-15
7686.000000 6.279920e-15
7688.000000 6.274520e-15
7690.000000 6.319700e-15
7692.000000 6.368630e-15
7694.000000 6.362720e-15
7696.000000 6.315290e-15
7698.000000 6.331300e-15
7700.000000 6.421450e-15
7702.000000 6.441900e-15
7704.000000 6.412820e-15
7706.000000 6.351730e-15
7708.000000 6.226350e-15
7710.000000 6.079710e-15
7712.000000 6.115770e-15
7714.000000 6.353640e-15
7716.000000 6.428360e-15
7718.000000 6.426770e-15
7720.000000 6.414230e-15
7722.000000 6.370520e-15
7724.000000 6.336180e-15
7726.000000 6.380380e-15
7728.000000 6.484190e-15
7730.000000 6.523690e-15
7732.000000 6.480960e-15
7734.000000 6.546050e-15
7736.000000 6.736620e-15
7738.000000 6.905290e-15
7740.000000 7.008970e-15
7742.000000 7.065810e-15
7744.000000 7.011100e-15
7746.000000 6.793880e-15
7748.000000 6.724710e-15
7750.000000 6.753360e-15
7752.000000 6.750750e-15
7754.000000 6.706590e-15
7756.000000 6.653840e-15
7758.000000 6.609510e-15
7760.000000 6.563850e-15
7762.000000 6.548970e-15
7764.000000 6.562570e-15
7766.000000 6.577340e-15
7768.000000 6.604810e-15
7770.000000 6.630400e-15
7772.000000 6.657380e-15
7774.000000 6.676740e-15
7776.000000 6.644870e-15
7778.000000 6.539010e-15
7780.000000 6.532520e-15
7782.000000 6.587070e-15
7784.000000 6.659280e-15
7786.000000 6.781420e-15
7788.000000 6.887440e-15
7790.000000 6.908150e-15
7792.000000 6.874610e-15
7794.000000 6.799200e-15
7796.000000 6.588050e-15
7798.000000 6.537720e-15
7800.000000 6.625840e-15
7802.000000 6.724120e-15
7804.000000 6.812470e-15
7806.000000 6.892230e-15
7808.000000 6.894640e-15
7810.000000 6.817770e-15
7812.000000 6.795880e-15
7814.000000 6.820290e-15
7816.000000 6.792090e-15
7818.000000 6.682890e-15
7820.000000 6.576220e-15
7822.000000 6.537140e-15
7824.000000 6.535210e-15
7826.000000 6.563480e-15
7828.000000 6.663770e-15
7830.000000 6.704460e-15
7832.000000 6.714690e-15
7834.000000 6.705130e-15
7836.000000 6.661050e-15
7838.000000 6.608930e-15
7840.000000 6.619450e-15
7842.000000 6.688210e-15
7844.000000 6.696150e-15
7846.000000 6.660790e-15
7848.000000 6.641730e-15
7850.000000 6.633290e-15
7852.000000 6.634360e-15
7854.000000 6.659140e-15
7856.000000 6.700600e-15
7858.000000 6.670760e-15
7860.000000 6.545220e-15
7862.000000 6.507740e-15
7864.000000 6.513470e-15
7866.000000 6.551510e-15
7868.000000 6.651970e-15
7870.000000 6.760230e-15
7872.000000 6.755440e-15
7874.000000 6.665420e-15
7876.000000 6.603130e-15
7878.000000 6.500760e-15
7880.000000 6.458960e-15
7882.000000 6.514670e-15
7884.000000 6.549810e-15
7886.000000 6.454150e-15
7888.000000 6.289580e-15
7890.000000 6.299010e-15
7892.000000 6.473300e-15
7894.000000 6.556840e-15
7896.000000 6.627970e-15
7898.000000 6.667320e-15
7900.000000 6.651240e-15
7902.000000 6.620520e-15
7904.000000 6.653360e-15
7906.000000 6.747220e-15
7908.000000 6.719410e-15
7910.000000 6.582010e-15
7912.000000 6.478240e-15
7914.000000 6.371410e-15
7916.000000 6.301440e-15
7918.000000 6.321750e-15
7920.000000 6.396420e-15
7922.000000 6.372610e-15
7924.000000 6.248230e-15
7926.000000 6.215180e-15
7928.000000 6.195690e-15
7930.000000 6.251480e-15
7932.000000 6.439390e-15
7934.000000 6.655810e-15
7936.000000 6.753400e-15
7938.000000 6.801800e-15
7940.000000 6.735170e-15
7942.000000 6.460970e-15
7944.000000 6.338790e-15
7946.000000 6.365860e-15
7948.000000 6.404970e-15
7950.000000 6.390400e-15
7952.000000 6.359040e-15
7954.000000 6.324250e-15
7956.000000 6.269730e-15
7958.000000 6.237000e-15
7960.000000 6.201110e-15
7962.000000 6.198710e-15
7964.000000 6.253290e-15
7966.000000 6.319570e-15
7968.000000 6.335620e-15
7970.000000 6.320270e-15
7972.000000 6.332700e-15
7974.000000 6.365880e-15
7976.000000 6.381190e-15
7978.000000 6.387380e-15
7980.000000 6.379730e-15
7982.000000 6.352230e-15
7984.000000 6.310010e-15
7986.000000 6.268270e-15
7988.000000 6.206210e-15
7990.000000 6.181870e-15
7992.000000 6.184880e-15
7994.000000 6.195120e-15
7996.000000 6.214020e-15
7998.000000 6.238690e-15
8000.000000 6.267580e-15
8002.000000 6.307950e-15
8004.000000 6.294050e-15
8006.000000 6.212540e-15
8008.000000 6.175750e-15
8010.000000 6.158530e-15
8012.000000 6.169070e-15
8014.000000 6.226780e-15
8016.000000 6.310280e-15
8018.000000 6.349240e-15
8020.000000 6.390160e-15
8022.000000 6.349870e-15
8024.000000 6.178640e-15
8026.000000 6.097060e-15
8028.000000 6.131970e-15
8030.000000 6.213910e-15
8032.000000 6.307390e-15
8034.000000 6.440600e-15
8036.000000 6.454610e-15
8038.000000 6.335440e-15
8040.000000 6.299380e-15
8042.000000 6.330830e-15
8044.000000 6.350210e-15
8046.000000 6.323280e-15
8048.000000 6.277980e-15
8050.000000 6.250400e-15
8052.000000 6.218690e-15
8054.000000 6.218810e-15
8056.000000 6.286200e-15
8058.000000 6.282420e-15
8060.000000 6.165350e-15
8062.000000 6.042360e-15
8064.000000 6.009980e-15
8066.000000 6.025730e-15
8068.000000 6.072260e-15
8070.000000 6.217690e-15
8072.000000 6.256980e-15
8074.000000 6.210150e-15
8076.000000 6.148530e-15
8078.000000 6.071160e-15
8080.000000 5.996790e-15
8082.000000 6.027380e-15
8084.000000 6.169720e-15
8086.000000 6.216170e-15
8088.000000 6.206280e-15
8090.000000 6.212340e-15
8092.000000 6.247910e-15
8094.000000 6.270800e-15
8096.000000 6.241750e-15
8098.000000 6.176770e-15
8100.000000 6.138460e-15
8102.000000 6.090910e-15
8104.000000 6.083260e-15
8106.000000 6.137250e-15
8108.000000 6.161490e-15
8110.000000 6.113470e-15
8112.000000 6.040830e-15
8114.000000 6.016830e-15
8116.000000 6.009960e-15
8118.000000 6.036900e-15
8120.000000 6.161100e-15
8122.000000 6.173080e-15
8124.000000 6.001770e-15
8126.000000 5.856190e-15
8128.000000 5.920600e-15
8130.000000 6.109590e-15
8132.000000 6.194460e-15
8134.000000 6.254890e-15
8136.000000 6.285270e-15
8138.000000 6.276540e-15
8140.000000 6.257590e-15
8142.000000 6.228930e-15
8144.000000 6.195460e-15
8146.000000 6.178810e-15
8148.000000 6.167470e-15
8150.000000 6.178020e-15
8152.000000 6.208580e-15
8154.000000 6.249010e-15
8156.000000 6.345540e-15
8158.000000 6.391460e-15
8160.000000 6.268680e-15
8162.000000 6.039400e-15
8164.000000 5.998870e-15
8166.000000 6.128120e-15
8168.000000 6.146790e-15
8170.000000 6.098010e-15
8172.000000 6.074310e-15
8174.000000 6.094560e-15
8176.000000 6.139330e-15
8178.000000 6.208490e-15
8180.000000 6.326080e-15
8182.000000 6.349030e-15
8184.000000 6.308710e-15
8186.000000 6.247660e-15
8188.000000 6.136940e-15
8190.000000 6.032950e-15
8192.000000 5.960960e-15
8194.000000 5.911580e-15
8196.000000 5.976140e-15
8198.000000 6.189400e-15
8200.000000 6.324000e-15
8202.000000 6.520390e-15
8204.000000 6.565290e-15
8206.000000 6.364030e-15
8208.000000 6.069670e-15
8210.000000 5.872230e-15
8212.000000 5.659780e-15
8214.000000 5.665190e-15
8216.000000 5.938030e-15
8218.000000 6.089130e-15
8220.000000 6.161430e-15
8222.000000 6.194070e-15
8224.000000 6.175530e-15
8226.000000 6.120330e-15
8228.000000 6.158620e-15
8230.000000 6.339930e-15
8232.000000 6.328540e-15
8234.000000 6.143530e-15
8236.000000 6.012450e-15
8238.000000 5.965400e-15
8240.000000 5.959700e-15
8242.000000 5.991690e-15
8244.000000 6.083640e-15
8246.000000 6.076690e-15
8248.000000 5.985430e-15
8250.000000 5.925610e-15
8252.000000 5.866010e-15
8254.000000 5.835870e-15
8256.000000 5.866400e-15
8258.000000 5.933200e-15
8260.000000 5.961430e-15
8262.000000 6.018440e-15
8264.000000 5.954800e-15
8266.000000 5.748100e-15
8268.000000 5.591620e-15
8270.000000 5.490670e-15
8272.000000 5.438860e-15
8274.000000 5.481670e-15
8276.000000 5.627170e-15
8278.000000 5.629170e-15
8280.000000 5.514630e-15
8282.000000 5.453410e-15
8284.000000 5.414280e-15
8286.000000 5.396010e-15
8288.000000 5.417250e-15
8290.000000 5.456960e-15
8292.000000 5.428500e-15
8294.000000 5.324840e-15
8296.000000 5.296140e-15
8298.000000 5.333700e-15
8300.000000 5.331360e-15
8302.000000 5.287210e-15
8304.000000 5.208200e-15
8306.000000 5.069950e-15
8308.000000 4.865250e-15
8310.000000 4.790460e-15
8312.000000 4.838470e-15
8314.000000 4.823660e-15
8316.000000 4.811210e-15
8318.000000 4.729650e-15
8320.000000 4.490270e-15
8322.000000 4.190220e-15
8324.000000 4.121780e-15
8326.000000 4.254490e-15
8328.000000 4.268240e-15
8330.000000 4.263630e-15
8332.000000 4.228520e-15
8334.000000 4.147810e-15
8336.000000 4.055170e-15
8338.000000 3.988680e-15
8340.000000 3.933630e-15
8342.000000 3.858130e-15
8344.000000 3.779350e-15
8346.000000 3.675670e-15
8348.000000 3.517800e-15
8350.000000 3.395890e-15
8352.000000 3.340990e-15
8354.000000 3.332200e-15
8356.000000 3.370990e-15
8358.000000 3.484740e-15
8360.000000 3.550150e-15
8362.000000 3.634460e-15
8364.000000 3.648430e-15
8366.000000 3.548190e-15
8368.000000 3.443180e-15
8370.000000 3.445070e-15
8372.000000 3.509220e-15
8374.000000 3.501480e-15
8376.000000 3.430930e-15
8378.000000 3.416040e-15
8380.000000 3.459650e-15
8382.000000 3.479150e-15
8384.000000 3.430730e-15
8386.000000 3.363110e-15
8388.000000 3.361430e-15
8390.000000 3.385360e-15
8392.000000 3.472400e-15
8394.000000 3.712890e-15
8396.000000 3.797550e-15
8398.000000 3.662090e-15
8400.000000 3.510560e-15
8402.000000 3.497000e-15
8404.000000 3.549370e-15
8406.000000 3.654740e-15
8408.000000 3.910500e-15
8410.000000 4.006540e-15
8412.000000 3.959130e-15
8414.000000 3.935700e-15
8416.000000 3.970320e-15
8418.000000 4.041880e-15
8420.000000 4.183890e-15
8422.000000 4.427620e-15
8424.000000 4.545220e-15
8426.000000 4.604070e-15
8428.000000 4.614160e-15
8430.000000 4.549260e-15
8432.000000 4.468300e-15
8434.000000 4.415790e-15
8436.000000 4.370150e-15
8438.000000 4.345580e-15
8440.000000 4.334150e-15
8442.000000 4.346130e-15
8444.000000 4.383910e-15
8446.000000 4.433360e-15
8448.000000 4.506620e-15
8450.000000 4.579790e-15
8452.000000 4.592260e-15
8454.000000 4.546210e-15
8456.000000 4.564220e-15
8458.000000 4.641250e-15
8460.000000 4.673980e-15
8462.000000 4.673990e-15
8464.000000 4.643750e-15
8466.000000 4.550480e-15
8468.000000 4.415880e-15
8470.000000 4.449130e-15
8472.000000 4.700220e-15
8474.000000 4.753010e-15
8476.000000 4.686710e-15
8478.000000 4.604560e-15
8480.000000 4.497710e-15
8482.000000 4.396760e-15
8484.000000 4.398320e-15
8486.000000 4.492860e-15
8488.000000 4.496560e-15
8490.000000 4.441010e-15
8492.000000 4.409250e-15
8494.000000 4.399930e-15
8496.000000 4.387700e-15
8498.000000 4.346840e-15
8500.000000 4.295260e-15
8502.000000 4.321310e-15
8504.000000 4.473240e-15
8506.000000 4.479330e-15
8508.000000 4.332700e-15
8510.000000 4.278700e-15
8512.000000 4.382040e-15
8514.000000 4.542180e-15
8516.000000 4.666920e-15
8518.000000 4.816200e-15
8520.000000 4.832560e-15
8522.000000 4.677920e-15
8524.000000 4.631890e-15
8526.000000 4.677260e-15
8528.000000 4.745660e-15
8530.000000 4.808980e-15
8532.000000 4.882210e-15
8534.000000 4.962920e-15
8536.000000 5.104110e-15
8538.000000 5.118480e-15
8540.000000 5.005550e-15
8542.000000 4.925730e-15
8544.000000 4.890340e-15
8546.000000 4.884660e-15
8548.000000 4.924210e-15
8550.000000 5.009930e-15
8552.000000 5.080660e-15
8554.000000 5.132820e-15
8556.000000 5.240920e-15
8558.000000 5.451350e-15
8560.000000 5.612830e-15
8562.000000 5.611830e-15
8564.000000 5.537860e-15
8566.000000 5.632170e-15
8568.000000 5.919660e-15
8570.000000 5.976470e-15
8572.000000 5.836820e-15
8574.000000 5.768500e-15
8576.000000 5.813430e-15
8578.000000 5.884790e-15
8580.000000 5.916170e-15
8582.000000 5.937520e-15
8584.000000 5.933680e-15
8586.000000 5.868560e-15
8588.000000 5.874560e-15
8590.000000 5.953150e-15
8592.000000 6.033990e-15
8594.000000 6.094000e-15
8596.000000 6.144030e-15
8598.000000 6.160640e-15
8600.000000 6.142920e-15
8602.000000 6.128920e-15
8604.000000 6.086960e-15
8606.000000 6.076820e-15
8608.000000 6.123500e-15
8610.000000 6.170600e-15
8612.000000 6.147870e-15
8614.000000 6.074270e-15
8616.000000 6.096580e-15
8618.000000 6.189660e-15
8620.000000 6.277860e-15
8622.000000 6.397790e-15
8624.000000 6.495240e-15
8626.000000 6.546090e-15
8628.000000 6.568130e-15
8630.000000 6.576660e-15
8632.000000 6.570070e-15
8634.000000 6.530950e-15
8636.000000 6.418710e-15
8638.000000 6.370230e-15
8640.000000 6.402160e-15
8642.000000 6.463690e-15
8644.000000 6.535390e-15
8646.000000 6.636350e-15
8648.000000 6.590290e-15
8650.000000 6.373230e-15
8652.000000 6.257040e-15
8654.000000 6.157140e-15
8656.000000 6.134560e-15
8658.000000 6.269330e-15
8660.000000 6.458410e-15
8662.000000 6.435930e-15
8664.000000 6.235920e-15
8666.000000 6.161240e-15
8668.000000 6.105920e-15
8670.000000 6.110510e-15
8672.000000 6.202470e-15
8674.000000 6.313570e-15
8676.000000 6.379020e-15
8678.000000 6.426970e-15
8680.000000 6.507310e-15
8682.000000 6.674940e-15
8684.000000 6.691960e-15
8686.000000 6.563010e-15
8688.000000 6.431690e-15
8690.000000 6.322830e-15
8692.000000 6.229230e-15
8694.000000 6.206440e-15
8696.000000 6.249540e-15
8698.000000 6.277730e-15
8700.000000 6.362780e-15
8702.000000 6.361690e-15
8704.000000 6.235410e-15
8706.000000 6.104170e-15
8708.000000 6.065880e-15
8710.000000 6.074840e-15
8712.000000 6.055940e-15
8714.000000 6.022950e-15
8716.000000 6.015460e-15
8718.000000 6.034980e-15
8720.000000 6.049380e-15
8722.000000 6.052120e-15
8724.000000 6.047940e-15
8726.000000 6.036500e-15
8728.000000 6.026980e-15
8730.000000 5.970730e-15
8732.000000 5.779700e-15
8734.000000 5.772150e-15
8736.000000 6.040890e-15
8738.000000 6.282700e-15
8740.000000 6.259350e-15
8742.000000 6.091120e-15
8744.000000 6.029140e-15
8746.000000 6.030780e-15
8748.000000 5.947380e-15
8750.000000 5.754280e-15
8752.000000 5.632670e-15
8754.000000 5.621620e-15
8756.000000 5.680450e-15
8758.000000 5.808260e-15
8760.000000 6.062790e-15
8762.000000 6.104000e-15
8764.000000 5.953760e-15
8766.000000 5.877130e-15
8768.000000 5.855790e-15
8770.000000 5.850070e-15
8772.000000 5.844010e-15
8774.000000 5.846290e-15
8776.000000 5.870780e-15
8778.000000 5.977080e-15
8780.000000 5.945560e-15
8782.000000 5.749060e-15
8784.000000 5.641220e-15
8786.000000 5.706720e-15
8788.000000 5.817010e-15
8790.000000 5.820470e-15
8792.000000 5.780420e-15
8794.000000 5.684550e-15
8796.000000 5.442540e-15
8798.000000 5.351040e-15
8800.000000 5.430590e-15
8802.000000 5.520830e-15
8804.000000 5.539870e-15
8806.000000 5.530820e-15
8808.000000 5.486780e-15
8810.000000 5.349240e-15
8812.000000 5.331670e-15
8814.000000 5.379780e-15
8816.000000 5.469750e-15
8818.000000 5.626820e-15
8820.000000 5.799860e-15
8822.000000 5.919580e-15
8824.000000 6.042120e-15
8826.000000 5.959010e-15
8828.000000 5.625880e-15
8830.000000 5.396380e-15
8832.000000 5.187810e-15
8834.000000 5.058540e-15
8836.000000 5.090150e-15
8838.000000 5.215300e-15
8840.000000 5.187340e-15
8842.000000 4.995400e-15
8844.000000 5.004820e-15
8846.000000 5.173410e-15
8848.000000 5.310100e-15
8850.000000 5.400390e-15
8852.000000 5.468770e-15
8854.000000 5.513470e-15
8856.000000 5.534760e-15
8858.000000 5.536990e-15
8860.000000 5.549070e-15
8862.000000 5.473670e-15
8864.000000 5.265440e-15
8866.000000 5.086660e-15
8868.000000 5.013330e-15
8870.000000 4.998330e-15
8872.000000 5.019500e-15
8874.000000 5.103830e-15
8876.000000 5.177820e-15
8878.000000 5.281100e-15
8880.000000 5.361790e-15
8882.000000 5.429510e-15
8884.000000 5.465370e-15
8886.000000 5.432750e-15
8888.000000 5.341300e-15
8890.000000 5.258450e-15
8892.000000 5.109270e-15
8894.000000 5.065000e-15
8896.000000 5.134700e-15
8898.000000 5.204530e-15
8900.000000 5.218590e-15
8902.000000 5.221030e-15
8904.000000 5.283960e-15
8906.000000 5.454070e-15
8908.000000 5.429510e-15
8910.000000 5.178880e-15
8912.000000 5.065200e-15
8914.000000 5.146000e-15
8916.000000 5.269210e-15
8918.000000 5.313540e-15
8920.000000 5.333020e-15
8922.000000 5.324230e-15
8924.000000 5.290580e-15
8926.000000 5.224670e-15
8928.000000 5.070200e-15
8930.000000 4.980440e-15
8932.000000 5.039120e-15
8934.000000 5.166400e-15
8936.000000 5.221170e-15
8938.000000 5.264350e-15
8940.000000 5.260520e-15
8942.000000 5.219050e-15
8944.000000 5.144150e-15
8946.000000 4.999170e-15
8948.000000 4.864990e-15
8950.000000 4.813100e-15
8952.000000 4.807350e-15
8954.000000 4.921780e-15
8956.000000 5.320490e-15
8958.000000 5.379780e-15
8960.000000 5.087450e-15
8962.000000 4.869060e-15
8964.000000 4.870060e-15
8966.000000 4.966820e-15
8968.000000 5.065740e-15
8970.000000 5.252130e-15
8972.000000 5.291250e-15
8974.000000 5.189750e-15
8976.000000 5.146020e-15
8978.000000 5.166680e-15
8980.000000 5.200560e-15
8982.000000 5.225790e-15
8984.000000 5.254110e-15
8986.000000 5.226360e-15
8988.000000 5.155120e-15
8990.000000 5.065290e-15
8992.000000 4.907350e-15
8994.000000 4.799460e-15
8996.000000 4.767890e-15
8998.000000 4.795380e-15
9000.000000 4.902310e-15
9002.000000 5.111570e-15
9004.000000 5.265450e-15
9006.000000 5.477830e-15
9008.000000 5.549320e-15
9010.000000 5.450350e-15
9012.000000 5.296890e-15
9014.000000 5.148280e-15
9016.000000 4.975630e-15
9018.000000 4.922640e-15
9020.000000 4.987450e-15
9022.000000 5.010710e-15
9024.000000 5.020890e-15
9026.000000 5.055550e-15
9028.000000 5.149190e-15
9030.000000 5.247970e-15
9032.000000 5.249420e-15
9034.000000 5.180040e-15
9036.000000 5.117610e-15
9038.000000 5.019610e-15
9040.000000 4.942410e-15
9042.000000 4.870090e-15
9044.000000 4.824400e-15
9046.000000 4.821930e-15
9048.000000 4.854630e-15
9050.000000 4.933120e-15
9052.000000 5.157670e-15
9054.000000 5.175630e-15
9056.000000 5.001110e-15
9058.000000 4.869480e-15
9060.000000 4.852700e-15
9062.000000 4.852280e-15
9064.000000 4.743370e-15
9066.000000 4.533640e-15
9068.000000 4.487650e-15
9070.000000 4.598460e-15
9072.000000 4.626100e-15
9074.000000 4.571250e-15
9076.000000 4.514260e-15
9078.000000 4.493090e-15
9080.000000 4.488680e-15
9082.000000 4.515170e-15
9084.000000 4.610300e-15
9086.000000 4.627890e-15
9088.000000 4.575510e-15
9090.000000 4.552750e-15
9092.000000 4.568770e-15
9094.000000 4.615900e-15
9096.000000 4.731350e-15
9098.000000 4.954640e-15
9100.000000 4.899690e-15
9102.000000 4.514260e-15
9104.000000 4.353190e-15
9106.000000 4.382750e-15
9108.000000 4.467890e-15
9110.000000 4.569120e-15
9112.000000 4.699820e-15
9114.000000 4.753260e-15
9116.000000 4.713400e-15
9118.000000 4.773820e-15
9120.000000 4.921590e-15
9122.000000 5.029810e-15
9124.000000 5.074590e-15
9126.000000 5.096950e-15
9128.000000 5.145100e-15
9130.000000 5.223230e-15
9132.000000 5.132830e-15
9134.000000 4.780850e-15
9136.000000 4.668810e-15
9138.000000 4.809630e-15
9140.000000 4.946220e-15
9142.000000 4.973480e-15
9144.000000 4.946590e-15
9146.000000 4.815640e-15
9148.000000 4.460060e-15
9150.000000 4.402510e-15
9152.000000 4.596040e-15
9154.000000 4.724790e-15
9156.000000 4.739940e-15
9158.000000 4.741450e-15
9160.000000 4.815090e-15
9162.000000 4.935310e-15
9164.000000 4.993950e-15
9166.000000 5.042990e-15
9168.000000 5.028430e-15
9170.000000 4.929910e-15
9172.000000 4.826950e-15
9174.000000 4.733450e-15
9176.000000 4.654090e-15
9178.000000 4.687640e-15
9180.000000 4.792960e-15
9182.000000 4.989930e-15
9184.000000 5.439560e-15
9186.000000 5.649420e-15
9188.000000 5.535710e-15
9190.000000 5.300840e-15
9192.000000 5.097480e-15
9194.000000 4.845630e-15
9196.000000 4.706510e-15
9198.000000 4.643830e-15
9200.000000 4.602930e-15
9202.000000 4.585340e-15
9204.000000 4.617200e-15
9206.000000 4.738310e-15
9208.000000 4.899890e-15
9210.000000 4.950960e-15
9212.000000 4.912060e-15
9214.000000 4.934010e-15
9216.000000 4.976980e-15
9218.000000 5.023680e-15
9220.000000 5.082020e-15
9222.000000 5.136400e-15
9224.000000 5.175550e-15
9226.000000 5.208610e-15
9228.000000 5.167820e-15
9230.000000 4.986890e-15
9232.000000 4.957750e-15
9234.000000 5.110860e-15
9236.000000 5.189020e-15
9238.000000 5.071160e-15
9240.000000 4.873650e-15
9242.000000 4.778340e-15
9244.000000 4.718710e-15
9246.000000 4.685190e-15
9248.000000 4.715210e-15
9250.000000 4.704670e-15
9252.000000 4.630030e-15
9254.000000 4.560280e-15
9256.000000 4.561370e-15
9258.000000 4.606690e-15
9260.000000 4.593770e-15
9262.000000 4.500340e-15
9264.000000 4.514630e-15
9266.000000 4.656850e-15
9268.000000 4.749280e-15
9270.000000 4.704310e-15
9272.000000 4.621440e-15
9274.000000 4.674020e-15
9276.000000 4.847700e-15
9278.000000 4.886900e-15
9280.000000 4.850800e-15
9282.000000 4.799170e-15
9284.000000 4.709150e-15
9286.000000 4.621090e-15
9288.000000 4.580450e-15
9290.000000 4.566500e-15
9292.000000 4.515900e-15
9294.000000 4.356310e-15
9296.000000 4.402010e-15
9298.000000 4.687220e-15
9300.000000 4.896770e-15
9302.000000 4.949470e-15
9304.000000 4.919890e-15
9306.000000 4.834150e-15
9308.000000 4.638610e-15
9310.000000 4.565420e-15
9312.000000 4.461700e-15
9314.000000 4.575960e-15
9316.000000 5.081620e-15
9318.000000 5.504620e-15
9320.000000 5.460300e-15
9322.000000 5.141480e-15
9324.000000 4.911620e-15
9326.000000 4.501340e-15
9328.000000 4.397150e-15
9330.000000 4.561750e-15
9332.000000 4.732440e-15
9334.000000 4.846660e-15
9336.000000 4.973530e-15
9338.000000 5.194680e-15
9340.000000 5.586670e-15
9342.000000 5.507620e-15
9344.000000 4.809570e-15
9346.000000 4.581580e-15
9348.000000 4.911940e-15
9350.000000 5.246100e-15
9352.000000 5.243100e-15
9354.000000 5.082860e-15
9356.000000 4.939200e-15
9358.000000 4.678770e-15
9360.000000 4.549140e-15
9362.000000 4.428730e-15
9364.000000 4.462050e-15
9366.000000 4.746890e-15
9368.000000 5.117890e-15
9370.000000 5.346720e-15
9372.000000 5.572210e-15
9374.000000 5.488540e-15
9376.000000 4.951750e-15
9378.000000 4.720110e-15
9380.000000 4.806920e-15
9382.000000 4.901360e-15
9384.000000 4.837210e-15
9386.000000 4.707020e-15
9388.000000 4.581460e-15
9390.000000 4.352130e-15
9392.000000 4.310290e-15
9394.000000 4.463800e-15
9396.000000 4.545970e-15
9398.000000 4.476590e-15
9400.000000 4.391620e-15
9402.000000 4.447820e-15
9404.000000 4.594720e-15
9406.000000 4.724650e-15
9408.000000 4.993910e-15
9410.000000 5.015570e-15
9412.000000 4.705040e-15
9414.000000 4.437000e-15
9416.000000 4.407480e-15
9418.000000 4.501550e-15
9420.000000 4.651430e-15
9422.000000 4.996630e-15
9424.000000 5.114540e-15
9426.000000 5.106520e-15
9428.000000 5.041030e-15
9430.000000 4.852630e-15
9432.000000 4.675730e-15
9434.000000 4.722230e-15
9436.000000 4.924060e-15
9438.000000 5.092360e-15
9440.000000 5.464770e-15
9442.000000 5.475120e-15
9444.000000 5.035680e-15
9446.000000 4.637970e-15
9448.000000 4.523450e-15
9450.000000 4.533740e-15
9452.000000 4.519140e-15
9454.000000 4.595740e-15
9456.000000 4.524770e-15
9458.000000 4.260470e-15
9460.000000 4.145800e-15
9462.000000 4.270720e-15
9464.000000 4.439510e-15
9466.000000 4.439700e-15
9468.000000 4.337120e-15
9470.000000 4.411260e-15
9472.000000 4.637770e-15
9474.000000 4.799140e-15
9476.000000 4.904010e-15
9478.000000 5.043920e-15
9480.000000 5.314850e-15
9482.000000 5.612560e-15
9484.000000 5.617050e-15
9486.000000 5.359550e-15
9488.000000 5.195960e-15
9490.000000 4.952820e-15
9492.000000 4.826700e-15
9494.000000 4.883010e-15
9496.000000 4.966200e-15
9498.000000 4.902120e-15
9500.000000 4.747140e-15
9502.000000 4.791000e-15
9504.000000 5.159240e-15
9506.000000 5.127900e-15
9508.000000 4.578320e-15
9510.000000 4.241020e-15
9512.000000 4.498310e-15
9514.000000 4.991180e-15
9516.000000 5.078880e-15
9518.000000 4.893400e-15
9520.000000 4.906610e-15
9522.000000 5.018810e-15
9524.000000 5.098920e-15
9526.000000 5.217980e-15
9528.000000 5.234910e-15
9530.000000 4.925040e-15
9532.000000 4.356210e-15
9534.000000 4.220970e-15
9536.000000 4.377460e-15
9538.000000 4.529020e-15
9540.000000 4.741290e-15
9542.000000 5.023930e-15
9544.000000 5.490660e-15
9546.000000 5.964960e-15
9548.000000 5.939740e-15
9550.000000 5.456330e-15
9552.000000 5.227210e-15
9554.000000 4.980510e-15
9556.000000 4.877920e-15
9558.000000 5.036630e-15
9560.000000 5.160900e-15
9562.000000 4.926780e-15
9564.000000 4.468160e-15
9566.000000 4.451680e-15
9568.000000 4.816130e-15
9570.000000 5.013900e-15
9572.000000 5.236400e-15
9574.000000 5.332790e-15
9576.000000 5.232070e-15
9578.000000 5.015670e-15
9580.000000 4.790930e-15
9582.000000 4.458440e-15
9584.000000 4.313420e-15
9586.000000 4.244650e-15
9588.000000 4.312820e-15
9590.000000 4.661780e-15
9592.000000 4.941930e-15
9594.000000 4.790050e-15
9596.000000 4.379600e-15
9598.000000 4.440450e-15
9600.000000 5.010710e-15
9602.000000 5.122270e-15
9604.000000 4.895830e-15
9606.000000 4.701760e-15
9608.000000 4.604970e-15
9610.000000 4.559380e-15
9612.000000 4.628110e-15
9614.000000 4.875850e-15
9616.000000 4.802720e-15
9618.000000 4.318650e-15
9620.000000 4.186750e-15
9622.000000 4.492060e-15
9624.000000 4.813890e-15
9626.000000 4.888380e-15
9628.000000 4.848760e-15
9630.000000 4.756740e-15
9632.000000 4.459410e-15
9634.000000 4.402650e-15
9636.000000 4.562400e-15
9638.000000 4.659750e-15
9640.000000 4.627530e-15
9642.000000 4.548300e-15
9644.000000 4.481760e-15
9646.000000 4.380720e-15
9648.000000 4.389330e-15
9650.000000 4.636820e-15
9652.000000 4.576360e-15
9654.000000 4.049770e-15
9656.000000 3.627650e-15
9658.000000 3.697890e-15
9660.000000 4.042040e-15
9662.000000 4.301360e-15
9664.000000 4.747700e-15
9666.000000 4.882010e-15
9668.000000 4.770710e-15
9670.000000 4.637220e-15
9672.000000 4.506190e-15
9674.000000 4.353260e-15
9676.000000 4.189030e-15
9678.000000 3.996710e-15
9680.000000 3.863440e-15
9682.000000 3.742950e-15
9684.000000 3.693630e-15
9686.000000 3.694790e-15
9688.000000 3.774980e-15
9690.000000 3.980990e-15
9692.000000 4.274260e-15
9694.000000 4.479370e-15
9696.000000 4.789480e-15
9698.000000 4.737540e-15
9700.000000 4.161450e-15
9702.000000 3.923050e-15
9704.000000 4.287140e-15
9706.000000 4.774730e-15
9708.000000 4.840790e-15
9710.000000 4.673790e-15
9712.000000 4.588680e-15
9714.000000 4.495480e-15
9716.000000 4.357510e-15
9718.000000 4.131510e-15
9720.000000 3.943310e-15
9722.000000 3.796150e-15
9724.000000 3.721170e-15
9726.000000 4.062070e-15
9728.000000 5.166360e-15
9730.000000 5.261650e-15
9732.000000 4.560540e-15
9734.000000 3.977030e-15
9736.000000 3.422090e-15
9738.000000 3.083320e-15
9740.000000 3.471140e-15
9742.000000 4.511350e-15
9744.000000 4.820390e-15
9746.000000 4.787300e-15
9748.000000 4.609800e-15
9750.000000 4.069330e-15
9752.000000 3.631070e-15
9754.000000 3.531410e-15
9756.000000 3.607260e-15
9758.000000 3.693140e-15
9760.000000 3.905080e-15
9762.000000 4.022380e-15
9764.000000 4.083090e-15
9766.000000 4.170010e-15
9768.000000 4.322670e-15
9770.000000 4.453320e-15
9772.000000 4.468050e-15
9774.000000 4.405010e-15
9776.000000 4.298920e-15
9778.000000 4.030250e-15
9780.000000 3.950720e-15
9782.000000 4.092070e-15
9784.000000 4.178200e-15
9786.000000 4.058810e-15
9788.000000 3.868040e-15
9790.000000 3.853450e-15
9792.000000 3.930320e-15
9794.000000 4.068340e-15
9796.000000 4.439980e-15
9798.000000 4.558340e-15
9800.000000 4.300600e-15
9802.000000 3.983050e-15
9804.000000 3.905520e-15
9806.000000 3.948810e-15
9808.000000 3.864960e-15
9810.000000 3.672210e-15
9812.000000 3.581560e-15
9814.000000 3.531020e-15
9816.000000 3.559130e-15
9818.000000 3.735970e-15
9820.000000 3.968180e-15
9822.000000 3.999850e-15
9824.000000 3.866180e-15
9826.000000 3.844430e-15
9828.000000 3.839410e-15
9830.000000 3.882960e-15
9832.000000 3.970050e-15
9834.000000 4.107190e-15
9836.000000 4.351880e-15
9838.000000 4.694730e-15
9840.000000 4.695120e-15
9842.000000 4.339020e-15
9844.000000 4.164280e-15
9846.000000 4.055150e-15
9848.000000 3.974730e-15
9850.000000 3.944710e-15
9852.000000 3.924220e-15
9854.000000 3.770720e-15
9856.000000 3.404470e-15
9858.000000 3.481050e-15
9860.000000 4.005110e-15
9862.000000 4.346820e-15
9864.000000 4.602300e-15
9866.000000 4.678680e-15
9868.000000 4.375680e-15
9870.000000 3.778600e-15
9872.000000 3.521920e-15
9874.000000 3.422790e-15
9876.000000 3.370520e-15
9878.000000 3.446990e-15
9880.000000 3.505070e-15
9882.000000 3.449530e-15
9884.000000 3.411260e-15
9886.000000 3.647120e-15
9888.000000 4.166960e-15
9890.000000 4.386480e-15
9892.000000 4.463110e-15
9894.000000 4.471750e-15
9896.000000 4.346010e-15
9898.000000 4.223160e-15
9900.000000 4.228120e-15
9902.000000 4.298390e-15
9904.000000 4.295640e-15
9906.000000 4.270310e-15
9908.000000 4.213000e-15
9910.000000 4.139370e-15
9912.000000 4.012900e-15
9914.000000 3.789710e-15
9916.000000 3.542040e-15
9918.000000 3.381430e-15
9920.000000 3.202540e-15
9922.000000 3.362880e-15
9924.000000 4.038750e-15
9926.000000 4.331880e-15
9928.000000 4.238140e-15
9930.000000 4.046430e-15
9932.000000 3.859380e-15
9934.000000 3.636050e-15
9936.000000 3.705700e-15
9938.000000 4.192970e-15
9940.000000 4.282550e-15
9942.000000 4.079290e-15
9944.000000 3.939590e-15
9946.000000 3.946300e-15
9948.000000 3.989030e-15
9950.000000 3.969100e-15
9952.000000 3.914710e-15
9954.000000 3.902500e-15
9956.000000 3.907530e-15
9958.000000 3.931820e-15
9960.000000 4.073440e-15
9962.000000 4.090420e-15
9964.000000 3.702090e-15
9966.000000 3.109960e-15
9968.000000 3.196700e-15
9970.000000 3.997560e-15
9972.000000 4.303910e-15
9974.000000 4.477040e-15
9976.000000 4.496550e-15
9978.000000 4.265450e-15
9980.000000 3.970960e-15
9982.000000 3.881720e-15
9984.000000 3.852440e-15
9986.000000 4.139990e-15
9988.000000 5.060210e-15
9990.000000 5.348810e-15
9992.000000 5.051890e-15
9994.000000 4.580440e-15
9996.000000 3.965860e-15
9998.000000 3.266730e-15
