3802.500000 1.602810e-12
3805.000000 3.885583e-12
3807.500000 3.048255e-12
3810.000000 3.945230e-12
3812.500000 4.977569e-12
3815.000000 7.939543e-12
3817.500000 4.716881e-12
3820.000000 4.466710e-12
3822.500000 6.689949e-12
3825.000000 6.287510e-12
3827.500000 6.175427e-12
3830.000000 4.615070e-12
3832.500000 4.501770e-12
3835.000000 6.039595e-12
3837.500000 7.748888e-12
3840.000000 4.836181e-12
3842.500000 6.206584e-12
3845.000000 8.740066e-12
3847.500000 7.004543e-12
3850.000000 1.124131e-11
3852.500000 1.070506e-11
3855.000000 8.829564e-12
3857.500000 1.338926e-11
3860.000000 1.128663e-11
3862.500000 1.392735e-11
3865.000000 1.536070e-11
3867.500000 1.214841e-11
3870.000000 1.379506e-11
3872.500000 1.905043e-11
3875.000000 1.698330e-11
3877.500000 2.152503e-11
3880.000000 2.763957e-11
3882.500000 2.659283e-11
3885.000000 3.354607e-11
3887.500000 3.873725e-11
3890.000000 4.099248e-11
3892.500000 4.436046e-11
3895.000000 4.878558e-11
3897.500000 5.418633e-11
3900.000000 5.724545e-11
3902.500000 5.872403e-11
3905.000000 6.010818e-11
3907.500000 6.064992e-11
3910.000000 5.831852e-11
3912.500000 6.085636e-11
3915.000000 6.220827e-11
3917.500000 6.588295e-11
3920.000000 6.427055e-11
3922.500000 6.276409e-11
3925.000000 6.494760e-11
3927.500000 5.729546e-11
3930.000000 5.944517e-11
3932.500000 5.879291e-11
3935.000000 5.980870e-11
3937.500000 5.242763e-11
3940.000000 5.569431e-11
3942.500000 5.555168e-11
3945.000000 5.214879e-11
3947.500000 5.237861e-11
3950.000000 5.135227e-11
3952.500000 5.009486e-11
3955.000000 4.906089e-11
3957.500000 4.681455e-11
3960.000000 4.034725e-11
3962.500000 3.871213e-11
3965.000000 3.812855e-11
3967.500000 3.737792e-11
3970.000000 3.206180e-11
3972.500000 3.225755e-11
3975.000000 3.427311e-11
3977.500000 2.850502e-11
3980.000000 2.949874e-11
3982.500000 3.188232e-11
3985.000000 2.734600e-11
3987.500000 2.801793e-11
3990.000000 2.637622e-11
3992.500000 3.172737e-11
3995.000000 3.225566e-11
3997.500000 3.043022e-11
4000.000000 3.504649e-11
4002.500000 3.539128e-11
4005.000000 3.890945e-11
4007.500000 3.862146e-11
4010.000000 4.054308e-11
4012.500000 4.676188e-11
4015.000000 5.140265e-11
4017.500000 5.524874e-11
4020.000000 5.832900e-11
4022.500000 6.379577e-11
4025.000000 6.882196e-11
4027.500000 6.995167e-11
4030.000000 7.773972e-11
4032.500000 7.935347e-11
4035.000000 8.018735e-11
4037.500000 8.573930e-11
4040.000000 9.070155e-11
4042.500000 8.462944e-11
4045.000000 8.963069e-11
4047.500000 9.156896e-11
4050.000000 9.481479e-11
4052.500000 1.014989e-10
4055.000000 9.498343e-11
4057.500000 9.278563e-11
4060.000000 9.731705e-11
4062.500000 9.378453e-11
4065.000000 9.425855e-11
4067.500000 9.229690e-11
4070.000000 9.556979e-11
4072.500000 9.667728e-11
4075.000000 9.044816e-11
4077.500000 8.854532e-11
4080.000000 8.574468e-11
4082.500000 8.825880e-11
4085.000000 8.562693e-11
4087.500000 7.811070e-11
4090.000000 8.614185e-11
4092.500000 9.037399e-11
4095.000000 8.159236e-11
4097.500000 8.617884e-11
4100.000000 8.553075e-11
4102.500000 7.928149e-11
4105.000000 8.342987e-11
4107.500000 7.974118e-11
4110.000000 8.024982e-11
4112.500000 8.071555e-11
4115.000000 7.607615e-11
4117.500000 6.892334e-11
4120.000000 6.750515e-11
4122.500000 7.026763e-11
4125.000000 6.976082e-11
4127.500000 6.525296e-11
4130.000000 6.687693e-11
4132.500000 6.129888e-11
4135.000000 5.903175e-11
4137.500000 6.183447e-11
4140.000000 5.875440e-11
4142.500000 5.379797e-11
4145.000000 5.716417e-11
4147.500000 5.023581e-11
4150.000000 5.293567e-11
4152.500000 4.982168e-11
4155.000000 4.908421e-11
4157.500000 4.868324e-11
4160.000000 5.069518e-11
4162.500000 4.580057e-11
4165.000000 4.129345e-11
4167.500000 3.756483e-11
4170.000000 3.542472e-11
4172.500000 3.465175e-11
4175.000000 3.401868e-11
4177.500000 3.119826e-11
4180.000000 2.930361e-11
4182.500000 3.093511e-11
4185.000000 2.855270e-11
4187.500000 2.658238e-11
4190.000000 2.741112e-11
4192.500000 2.479196e-11
4195.000000 2.236127e-11
4197.500000 2.203786e-11
4200.000000 2.087931e-11
4202.500000 1.833982e-11
4205.000000 1.996100e-11
4207.500000 1.959613e-11
4210.000000 1.848783e-11
4212.500000 1.986496e-11
4215.000000 1.797425e-11
4217.500000 1.682081e-11
4220.000000 1.953304e-11
4222.500000 2.003099e-11
4225.000000 2.094344e-11
4227.500000 2.208764e-11
4230.000000 2.727426e-11
4232.500000 2.859935e-11
4235.000000 3.102552e-11
4237.500000 3.108293e-11
4240.000000 3.281590e-11
4242.500000 3.740843e-11
4245.000000 4.125654e-11
4247.500000 4.700466e-11
4250.000000 4.856365e-11
4252.500000 5.493569e-11
4255.000000 5.687930e-11
4257.500000 5.355279e-11
4260.000000 5.652171e-11
4262.500000 5.969902e-11
4265.000000 6.462109e-11
4267.500000 6.482238e-11
4270.000000 6.637648e-11
4272.500000 6.664611e-11
4275.000000 6.824352e-11
4277.500000 6.739211e-11
4280.000000 6.950628e-11
4282.500000 6.955165e-11
4285.000000 6.948184e-11
4287.500000 6.848845e-11
4290.000000 7.198953e-11
4292.500000 7.582765e-11
4295.000000 7.475051e-11
4297.500000 7.767165e-11
4300.000000 7.835237e-11
4302.500000 7.642537e-11
4305.000000 8.319018e-11
4307.500000 8.372246e-11
4310.000000 8.423126e-11
4312.500000 8.522857e-11
4315.000000 8.473370e-11
4317.500000 8.548192e-11
4320.000000 8.740373e-11
4322.500000 8.954182e-11
4325.000000 8.820207e-11
4327.500000 9.132400e-11
4330.000000 8.865426e-11
4332.500000 8.566832e-11
4335.000000 9.041989e-11
4337.500000 9.419598e-11
4340.000000 8.982842e-11
4342.500000 8.876209e-11
4345.000000 8.905317e-11
4347.500000 9.204550e-11
4350.000000 9.207283e-11
4352.500000 9.568667e-11
4355.000000 9.312059e-11
4357.500000 8.820405e-11
4360.000000 8.683544e-11
4362.500000 9.151530e-11
4365.000000 9.059056e-11
4367.500000 9.179180e-11
4370.000000 9.291538e-11
4372.500000 9.269534e-11
4375.000000 9.425206e-11
4377.500000 9.434573e-11
4380.000000 9.496810e-11
4382.500000 8.990322e-11
4385.000000 8.949200e-11
4387.500000 9.516206e-11
4390.000000 9.169379e-11
4392.500000 8.837322e-11
4395.000000 8.618389e-11
4397.500000 8.819163e-11
4400.000000 9.025092e-11
4402.500000 8.813655e-11
4405.000000 8.686631e-11
4407.500000 8.347184e-11
4410.000000 8.120875e-11
4412.500000 8.568895e-11
4415.000000 8.506267e-11
4417.500000 8.017912e-11
4420.000000 7.635587e-11
4422.500000 7.862653e-11
4425.000000 7.849976e-11
4427.500000 7.947566e-11
4430.000000 7.728234e-11
4432.500000 7.288779e-11
4435.000000 7.001907e-11
4437.500000 7.391058e-11
4440.000000 7.321857e-11
4442.500000 6.767955e-11
4445.000000 6.703791e-11
4447.500000 6.755494e-11
4450.000000 6.691832e-11
4452.500000 6.735127e-11
4455.000000 6.944227e-11
4457.500000 7.062125e-11
4460.000000 6.803728e-11
4462.500000 6.499223e-11
4465.000000 6.849248e-11
4467.500000 7.165169e-11
4470.000000 7.154499e-11
4472.500000 7.033386e-11
4475.000000 6.755286e-11
4477.500000 7.272059e-11
4480.000000 7.724631e-11
4482.500000 7.513021e-11
4485.000000 7.461801e-11
4487.500000 7.846813e-11
4490.000000 8.388328e-11
4492.500000 8.746515e-11
4495.000000 9.365534e-11
4497.500000 9.614714e-11
4500.000000 9.351677e-11
4502.500000 9.776037e-11
4505.000000 9.648023e-11
4507.500000 9.507440e-11
4510.000000 9.876704e-11
4512.500000 1.027301e-10
4515.000000 1.056940e-10
4517.500000 1.082571e-10
4520.000000 1.051706e-10
4522.500000 1.064255e-10
4525.000000 1.049503e-10
4527.500000 1.011740e-10
4530.000000 1.042879e-10
4532.500000 1.081936e-10
4535.000000 1.068243e-10
4537.500000 1.059613e-10
4540.000000 1.090726e-10
4542.500000 1.116919e-10
4545.000000 1.143513e-10
4547.500000 1.145677e-10
4550.000000 1.151055e-10
4552.500000 1.142698e-10
4555.000000 1.157046e-10
4557.500000 1.134700e-10
4560.000000 1.100671e-10
4562.500000 1.109218e-10
4565.000000 1.131669e-10
4567.500000 1.172654e-10
4570.000000 1.151844e-10
4572.500000 1.138444e-10
4575.000000 1.185666e-10
4577.500000 1.190378e-10
4580.000000 1.179246e-10
4582.500000 1.142716e-10
4585.000000 1.162982e-10
4587.500000 1.127820e-10
4590.000000 1.087532e-10
4592.500000 1.137892e-10
4595.000000 1.069445e-10
4597.500000 1.026911e-10
4600.000000 1.027949e-10
4602.500000 1.055484e-10
4605.000000 1.015589e-10
4607.500000 9.618612e-11
4610.000000 9.727558e-11
4612.500000 9.393255e-11
4615.000000 9.197483e-11
4617.500000 8.558811e-11
4620.000000 7.928189e-11
4622.500000 7.908476e-11
4625.000000 7.865791e-11
4627.500000 7.751923e-11
4630.000000 7.328352e-11
4632.500000 6.678880e-11
4635.000000 6.156657e-11
4637.500000 6.291760e-11
4640.000000 5.799784e-11
4642.500000 5.498223e-11
4645.000000 5.216211e-11
4647.500000 5.072149e-11
4650.000000 4.461893e-11
4652.500000 4.329797e-11
4655.000000 3.839351e-11
4657.500000 3.532913e-11
4660.000000 3.566199e-11
4662.500000 3.302853e-11
4665.000000 3.017539e-11
4667.500000 2.907754e-11
4670.000000 2.501086e-11
4672.500000 2.349475e-11
4675.000000 2.333218e-11
4677.500000 2.169816e-11
4680.000000 2.186297e-11
4682.500000 2.107317e-11
4685.000000 1.926596e-11
4687.500000 2.114135e-11
4690.000000 1.897797e-11
4692.500000 1.807819e-11
4695.000000 1.809178e-11
4697.500000 1.763668e-11
4700.000000 1.785455e-11
4702.500000 1.772772e-11
4705.000000 1.915139e-11
4707.500000 1.749680e-11
4710.000000 1.925397e-11
4712.500000 2.145096e-11
4715.000000 2.114017e-11
4717.500000 2.350979e-11
4720.000000 2.458788e-11
4722.500000 2.526237e-11
4725.000000 2.565289e-11
4727.500000 2.712499e-11
4730.000000 3.027122e-11
4732.500000 3.329290e-11
4735.000000 3.799500e-11
4737.500000 3.953078e-11
4740.000000 4.108788e-11
4742.500000 4.713815e-11
4745.000000 5.024871e-11
4747.500000 5.315621e-11
4750.000000 5.972588e-11
4752.500000 6.668294e-11
4755.000000 7.384258e-11
4757.500000 7.664238e-11
4760.000000 8.015857e-11
4762.500000 8.787621e-11
4765.000000 9.425183e-11
4767.500000 9.928516e-11
4770.000000 9.810076e-11
4772.500000 1.036659e-10
4775.000000 1.047515e-10
4777.500000 1.080013e-10
4780.000000 1.138106e-10
4782.500000 1.171342e-10
4785.000000 1.192198e-10
4787.500000 1.206982e-10
4790.000000 1.193479e-10
4792.500000 1.192354e-10
4795.000000 1.202279e-10
4797.500000 1.204159e-10
4800.000000 1.188677e-10
4802.500000 1.200851e-10
4805.000000 1.208845e-10
4807.500000 1.188767e-10
4810.000000 1.178588e-10
4812.500000 1.165675e-10
4815.000000 1.182364e-10
4817.500000 1.259813e-10
4820.000000 1.297158e-10
4822.500000 1.261706e-10
4825.000000 1.262985e-10
4827.500000 1.310127e-10
4830.000000 1.364250e-10
4832.500000 1.348268e-10
4835.000000 1.374416e-10
4837.500000 1.373723e-10
4840.000000 1.382270e-10
4842.500000 1.466827e-10
4845.000000 1.430116e-10
4847.500000 1.422636e-10
4850.000000 1.505594e-10
4852.500000 1.565676e-10
4855.000000 1.511503e-10
4857.500000 1.491239e-10
4860.000000 1.424577e-10
4862.500000 1.429105e-10
4865.000000 1.440538e-10
4867.500000 1.454845e-10
4870.000000 1.459855e-10
4872.500000 1.392919e-10
4875.000000 1.412659e-10
4877.500000 1.403102e-10
4880.000000 1.377436e-10
4882.500000 1.365540e-10
4885.000000 1.344967e-10
4887.500000 1.303617e-10
4890.000000 1.247343e-10
4892.500000 1.198582e-10
4895.000000 1.252829e-10
4897.500000 1.233407e-10
4900.000000 1.149294e-10
4902.500000 1.139505e-10
4905.000000 1.162593e-10
4907.500000 1.158751e-10
4910.000000 1.144984e-10
4912.500000 1.184179e-10
4915.000000 1.227734e-10
4917.500000 1.251974e-10
4920.000000 1.232161e-10
4922.500000 1.265814e-10
4925.000000 1.286095e-10
4927.500000 1.279879e-10
4930.000000 1.261334e-10
4932.500000 1.248769e-10
4935.000000 1.259008e-10
4937.500000 1.325048e-10
4940.000000 1.304155e-10
4942.500000 1.312325e-10
4945.000000 1.260184e-10
4947.500000 1.282760e-10
4950.000000 1.314016e-10
4952.500000 1.294480e-10
4955.000000 1.320873e-10
4957.500000 1.333233e-10
4960.000000 1.310524e-10
4962.500000 1.281279e-10
4965.000000 1.273031e-10
4967.500000 1.275881e-10
4970.000000 1.300333e-10
4972.500000 1.303024e-10
4975.000000 1.305704e-10
4977.500000 1.351487e-10
4980.000000 1.322557e-10
4982.500000 1.244436e-10
4985.000000 1.262311e-10
4987.500000 1.292191e-10
4990.000000 1.254753e-10
4992.500000 1.237729e-10
4995.000000 1.221531e-10
4997.500000 1.279564e-10
5000.000000 1.252126e-10
5002.500000 1.205906e-10
5005.000000 1.252128e-10
5007.500000 1.209152e-10
5010.000000 1.165327e-10
5012.500000 1.190199e-10
5015.000000 1.096599e-10
5017.500000 1.076599e-10
5020.000000 1.052619e-10
5022.500000 1.049627e-10
5025.000000 1.014118e-10
5027.500000 9.499922e-11
5030.000000 9.452253e-11
5032.500000 9.500965e-11
5035.000000 9.200419e-11
5037.500000 9.132766e-11
5040.000000 8.939374e-11
5042.500000 8.533806e-11
5045.000000 8.341117e-11
5047.500000 7.787775e-11
5050.000000 7.680455e-11
5052.500000 7.874081e-11
5055.000000 7.734604e-11
5057.500000 8.407259e-11
5060.000000 7.931877e-11
5062.500000 8.105479e-11
5065.000000 8.450787e-11
5067.500000 8.720227e-11
5070.000000 8.641336e-11
5072.500000 8.013836e-11
5075.000000 8.201578e-11
5077.500000 8.574843e-11
5080.000000 8.557635e-11
5082.500000 8.814015e-11
5085.000000 9.157402e-11
5087.500000 8.791343e-11
5090.000000 8.796538e-11
5092.500000 9.192154e-11
5095.000000 9.156079e-11
5097.500000 9.364845e-11
5100.000000 9.515024e-11
5102.500000 9.959052e-11
5105.000000 1.031805e-10
5107.500000 1.005563e-10
5110.000000 9.429641e-11
5112.500000 9.800370e-11
5115.000000 9.827975e-11
5117.500000 1.020694e-10
5120.000000 1.050771e-10
5122.500000 1.018121e-10
5125.000000 1.081753e-10
5127.500000 1.106413e-10
5130.000000 1.064371e-10
5132.500000 1.002137e-10
5135.000000 1.059074e-10
5137.500000 1.103790e-10
5140.000000 1.049998e-10
5142.500000 1.114551e-10
5145.000000 1.112027e-10
5147.500000 1.049962e-10
5150.000000 1.047404e-10
5152.500000 1.102968e-10
5155.000000 1.100366e-10
5157.500000 1.084686e-10
5160.000000 1.068075e-10
5162.500000 1.058053e-10
5165.000000 1.105505e-10
5167.500000 1.105375e-10
5170.000000 1.095356e-10
5172.500000 1.142109e-10
5175.000000 1.147145e-10
5177.500000 1.094909e-10
5180.000000 1.113712e-10
5182.500000 1.161071e-10
5185.000000 1.143557e-10
5187.500000 1.115806e-10
5190.000000 1.103252e-10
5192.500000 1.081580e-10
5195.000000 1.084224e-10
5197.500000 1.063842e-10
5200.000000 1.053060e-10
5202.500000 1.025117e-10
5205.000000 1.083501e-10
5207.500000 1.123492e-10
5210.000000 1.070513e-10
5212.500000 1.095505e-10
5215.000000 1.112030e-10
5217.500000 1.091715e-10
5220.000000 1.121890e-10
5222.500000 1.118521e-10
5225.000000 1.059693e-10
5227.500000 1.062517e-10
5230.000000 1.108921e-10
5232.500000 1.096400e-10
5235.000000 1.060120e-10
5237.500000 1.072645e-10
5240.000000 1.078473e-10
5242.500000 1.088430e-10
5245.000000 1.107079e-10
5247.500000 1.109445e-10
5250.000000 1.097662e-10
5252.500000 1.092286e-10
5255.000000 1.027013e-10
5257.500000 1.054554e-10
5260.000000 1.102284e-10
5262.500000 1.091793e-10
5265.000000 1.085681e-10
5267.500000 1.059100e-10
5270.000000 1.037025e-10
5272.500000 1.084066e-10
5275.000000 1.116789e-10
5277.500000 1.088605e-10
5280.000000 1.078516e-10
5282.500000 1.129526e-10
5285.000000 1.154153e-10
5287.500000 1.123083e-10
5290.000000 1.096061e-10
5292.500000 1.143725e-10
5295.000000 1.126148e-10
5297.500000 1.097555e-10
5300.000000 1.130940e-10
5302.500000 1.104697e-10
5305.000000 1.058483e-10
5307.500000 1.051072e-10
5310.000000 1.055710e-10
5312.500000 1.060005e-10
5315.000000 1.044895e-10
5317.500000 1.043610e-10
5320.000000 1.030407e-10
5322.500000 1.028345e-10
5325.000000 1.045866e-10
5327.500000 1.123267e-10
5330.000000 1.059499e-10
5332.500000 1.016843e-10
5335.000000 1.044258e-10
5337.500000 9.944002e-11
5340.000000 9.905588e-11
5342.500000 1.002967e-10
5345.000000 1.036939e-10
5347.500000 1.046942e-10
5350.000000 1.032596e-10
5352.500000 1.046922e-10
5355.000000 1.034075e-10
5357.500000 1.016505e-10
5360.000000 1.000921e-10
5362.500000 1.047836e-10
5365.000000 1.051727e-10
5367.500000 1.065229e-10
5370.000000 1.040179e-10
5372.500000 9.842712e-11
5375.000000 1.050137e-10
5377.500000 1.083207e-10
5380.000000 1.059199e-10
5382.500000 1.040284e-10
5385.000000 1.046021e-10
5387.500000 1.054812e-10
5390.000000 1.048704e-10
5392.500000 1.048776e-10
5395.000000 1.029650e-10
5397.500000 9.964492e-11
5400.000000 1.000812e-10
5402.500000 9.921670e-11
5405.000000 9.888328e-11
5407.500000 9.958855e-11
5410.000000 9.682025e-11
5412.500000 9.814241e-11
5415.000000 9.774171e-11
5417.500000 9.796149e-11
5420.000000 9.938940e-11
5422.500000 1.034507e-10
5425.000000 1.051954e-10
5427.500000 9.923186e-11
5430.000000 9.557257e-11
5432.500000 9.685775e-11
5435.000000 9.680378e-11
5437.500000 9.779471e-11
5440.000000 9.821818e-11
5442.500000 9.745128e-11
5445.000000 1.023017e-10
5447.500000 1.000061e-10
5450.000000 9.549442e-11
5452.500000 9.427098e-11
5455.000000 9.845705e-11
5457.500000 9.831336e-11
5460.000000 9.587183e-11
5462.500000 9.502593e-11
5465.000000 9.731293e-11
5467.500000 9.716169e-11
5470.000000 9.883316e-11
5472.500000 1.012084e-10
5475.000000 9.771986e-11
5477.500000 1.002879e-10
5480.000000 1.022590e-10
5482.500000 9.992277e-11
5485.000000 9.946971e-11
5487.500000 9.985834e-11
5490.000000 1.021786e-10
5492.500000 1.015797e-10
5495.000000 9.904236e-11
5497.500000 9.685596e-11
5500.000000 9.368829e-11
5502.500000 9.674372e-11
5505.000000 1.008049e-10
5507.500000 9.877583e-11
5510.000000 9.822946e-11
5512.500000 1.006041e-10
5515.000000 9.915364e-11
5517.500000 9.723737e-11
5520.000000 9.945809e-11
5522.500000 9.691514e-11
5525.000000 9.617734e-11
5527.500000 9.309636e-11
5530.000000 9.494890e-11
5532.500000 9.352604e-11
5535.000000 9.133562e-11
5537.500000 9.205767e-11
5540.000000 9.471101e-11
5542.500000 9.734095e-11
5545.000000 9.631634e-11
5547.500000 9.535853e-11
5550.000000 9.631375e-11
5552.500000 9.671276e-11
5555.000000 9.563664e-11
5557.500000 9.648977e-11
5560.000000 9.806124e-11
5562.500000 9.595188e-11
5565.000000 9.782060e-11
5567.500000 9.047164e-11
5570.000000 8.436990e-11
5572.500000 9.189249e-11
5575.000000 9.348397e-11
5577.500000 9.130401e-11
5580.000000 9.213395e-11
5582.500000 9.187211e-11
5585.000000 9.492077e-11
5587.500000 1.000281e-10
5590.000000 9.798266e-11
5592.500000 9.479217e-11
5595.000000 9.656725e-11
5597.500000 9.181672e-11
5600.000000 8.703441e-11
5602.500000 9.322695e-11
5605.000000 9.276079e-11
5607.500000 9.244772e-11
5610.000000 9.411207e-11
5612.500000 9.294739e-11
5615.000000 9.102061e-11
5617.500000 9.431043e-11
5620.000000 9.829260e-11
5622.500000 9.726816e-11
5625.000000 9.467220e-11
5627.500000 9.099198e-11
5630.000000 8.899981e-11
5632.500000 9.200788e-11
5635.000000 9.640783e-11
5637.500000 9.577227e-11
5640.000000 9.216512e-11
5642.500000 9.117494e-11
5645.000000 9.099325e-11
5647.500000 9.641794e-11
5650.000000 9.388527e-11
5652.500000 8.927101e-11
5655.000000 9.151978e-11
5657.500000 9.272860e-11
5660.000000 9.140520e-11
5662.500000 9.126779e-11
5665.000000 9.011679e-11
5667.500000 8.794185e-11
5670.000000 9.063020e-11
5672.500000 9.331749e-11
5675.000000 9.316638e-11
5677.500000 9.403168e-11
5680.000000 9.111237e-11
5682.500000 9.130793e-11
5685.000000 9.143687e-11
5687.500000 8.429030e-11
5690.000000 8.808686e-11
5692.500000 8.894562e-11
5695.000000 8.503798e-11
5697.500000 8.636051e-11
5700.000000 8.331809e-11
5702.500000 8.239195e-11
5705.000000 8.511967e-11
5707.500000 8.362144e-11
5710.000000 8.247446e-11
5712.500000 8.343796e-11
5715.000000 8.138101e-11
5717.500000 7.884516e-11
5720.000000 8.287481e-11
5722.500000 8.472540e-11
5725.000000 8.147877e-11
5727.500000 8.041046e-11
5730.000000 8.083737e-11
5732.500000 7.894628e-11
5735.000000 8.239975e-11
5737.500000 8.488569e-11
5740.000000 8.232858e-11
5742.500000 7.932844e-11
5745.000000 7.843146e-11
5747.500000 8.342234e-11
5750.000000 8.399337e-11
5752.500000 8.095553e-11
5755.000000 8.189376e-11
5757.500000 8.175526e-11
5760.000000 8.125151e-11
5762.500000 8.013613e-11
5765.000000 8.156271e-11
5767.500000 8.293703e-11
5770.000000 8.293232e-11
5772.500000 8.451041e-11
5775.000000 8.525951e-11
5777.500000 8.452652e-11
5780.000000 8.305592e-11
5782.500000 8.235780e-11
5785.000000 8.401260e-11
5787.500000 8.511090e-11
5790.000000 8.623104e-11
5792.500000 8.609028e-11
5795.000000 8.318231e-11
5797.500000 8.677197e-11
5800.000000 8.876609e-11
5802.500000 8.936434e-11
5805.000000 9.218891e-11
5807.500000 9.452999e-11
5810.000000 9.054364e-11
5812.500000 8.891220e-11
5815.000000 9.290382e-11
5817.500000 9.283951e-11
5820.000000 9.128514e-11
5822.500000 9.001972e-11
5825.000000 9.188576e-11
5827.500000 9.431385e-11
5830.000000 9.272171e-11
5832.500000 9.076077e-11
5835.000000 8.954992e-11
5837.500000 8.747303e-11
5840.000000 8.874076e-11
5842.500000 8.983063e-11
5845.000000 9.092559e-11
5847.500000 9.272661e-11
5850.000000 9.418855e-11
5852.500000 9.388485e-11
5855.000000 9.122753e-11
5857.500000 9.414350e-11
5860.000000 9.752250e-11
5862.500000 9.461098e-11
5865.000000 9.722268e-11
5867.500000 9.848326e-11
5870.000000 9.586684e-11
5872.500000 9.794628e-11
5875.000000 9.317536e-11
5877.500000 8.577900e-11
5880.000000 8.821743e-11
5882.500000 9.237310e-11
5885.000000 9.064978e-11
5887.500000 8.717304e-11
5890.000000 8.565124e-11
5892.500000 8.378507e-11
5895.000000 8.217515e-11
5897.500000 8.595465e-11
5900.000000 9.131187e-11
5902.500000 9.067927e-11
5905.000000 9.073602e-11
5907.500000 8.979489e-11
5910.000000 8.862743e-11
5912.500000 9.072202e-11
5915.000000 8.835719e-11
5917.500000 8.810208e-11
5920.000000 9.070546e-11
5922.500000 9.202775e-11
5925.000000 9.227442e-11
5927.500000 9.131746e-11
5930.000000 9.212386e-11
5932.500000 9.428515e-11
5935.000000 9.364222e-11
5937.500000 9.055897e-11
5940.000000 8.925256e-11
5942.500000 9.251028e-11
5945.000000 9.065754e-11
5947.500000 8.914119e-11
5950.000000 9.719462e-11
5952.500000 9.846882e-11
5955.000000 9.219921e-11
5957.500000 9.128671e-11
5960.000000 9.120925e-11
5962.500000 8.640726e-11
5965.000000 8.270555e-11
5967.500000 8.638741e-11
5970.000000 9.075197e-11
5972.500000 9.169771e-11
5975.000000 9.014912e-11
5977.500000 8.866497e-11
5980.000000 9.174102e-11
5982.500000 9.110400e-11
5985.000000 9.032200e-11
5987.500000 9.205060e-11
5990.000000 8.994865e-11
5992.500000 9.030696e-11
5995.000000 9.414330e-11
5997.500000 9.067884e-11
6000.000000 8.778164e-11
6002.500000 8.694320e-11
6005.000000 8.297281e-11
6007.500000 8.555769e-11
6010.000000 9.042867e-11
6012.500000 9.017823e-11
6015.000000 9.011851e-11
6017.500000 9.088190e-11
6020.000000 8.620948e-11
6022.500000 8.318497e-11
6025.000000 8.311007e-11
6027.500000 8.520707e-11
6030.000000 9.029880e-11
6032.500000 9.129416e-11
6035.000000 9.110326e-11
6037.500000 9.017893e-11
6040.000000 8.771990e-11
6042.500000 8.861514e-11
6045.000000 9.220755e-11
6047.500000 8.783474e-11
6050.000000 8.258889e-11
6052.500000 8.143906e-11
6055.000000 8.299440e-11
6057.500000 8.934022e-11
6060.000000 8.909648e-11
6062.500000 8.716240e-11
6065.000000 8.869980e-11
6067.500000 8.836614e-11
6070.000000 8.927967e-11
6072.500000 9.091734e-11
6075.000000 8.623234e-11
6077.500000 8.382617e-11
6080.000000 8.992139e-11
6082.500000 9.209053e-11
6085.000000 8.809955e-11
6087.500000 8.676725e-11
6090.000000 8.589612e-11
6092.500000 8.548446e-11
6095.000000 8.656454e-11
6097.500000 8.663418e-11
6100.000000 8.857527e-11
6102.500000 8.792516e-11
6105.000000 8.819723e-11
6107.500000 8.808099e-11
6110.000000 8.711860e-11
6112.500000 8.514108e-11
6115.000000 8.692231e-11
6117.500000 8.902282e-11
6120.000000 8.814333e-11
6122.500000 8.788825e-11
6125.000000 8.797572e-11
6127.500000 8.722438e-11
6130.000000 8.368131e-11
6132.500000 8.301945e-11
6135.000000 8.631161e-11
6137.500000 8.820720e-11
6140.000000 8.350800e-11
6142.500000 7.901158e-11
6145.000000 8.389486e-11
6147.500000 8.388916e-11
6150.000000 7.682134e-11
6152.500000 7.669936e-11
6155.000000 8.112234e-11
6157.500000 7.698226e-11
6160.000000 7.632818e-11
6162.500000 7.515309e-11
6165.000000 7.208419e-11
6167.500000 7.515013e-11
6170.000000 7.109940e-11
6172.500000 7.063874e-11
6175.000000 7.563072e-11
6177.500000 7.402301e-11
6180.000000 6.981807e-11
6182.500000 6.907339e-11
6185.000000 6.683440e-11
6187.500000 6.282487e-11
6190.000000 5.880158e-11
6192.500000 5.922057e-11
6195.000000 6.255464e-11
6197.500000 5.918098e-11
6200.000000 5.244847e-11
6202.500000 4.983298e-11
6205.000000 4.976257e-11
6207.500000 4.964340e-11
6210.000000 4.760212e-11
6212.500000 4.342163e-11
6215.000000 3.850443e-11
6217.500000 3.708238e-11
6220.000000 3.804182e-11
6222.500000 4.083806e-11
6225.000000 3.885185e-11
6227.500000 3.459888e-11
6230.000000 3.350038e-11
6232.500000 3.130603e-11
6235.000000 3.100968e-11
6237.500000 3.171678e-11
6240.000000 3.380682e-11
6242.500000 3.131542e-11
6245.000000 2.219860e-11
6247.500000 2.010989e-11
6250.000000 2.585931e-11
6252.500000 2.537521e-11
6255.000000 1.962349e-11
6257.500000 2.252292e-11
6260.000000 2.297930e-11
6262.500000 2.228617e-11
6265.000000 2.397345e-11
6267.500000 2.170064e-11
6270.000000 2.037699e-11
6272.500000 1.888033e-11
6275.000000 1.826816e-11
6277.500000 1.901536e-11
6280.000000 2.030743e-11
6282.500000 2.152133e-11
6285.000000 2.027837e-11
6287.500000 1.706202e-11
6290.000000 1.570606e-11
6292.500000 2.048912e-11
6295.000000 2.288083e-11
6297.500000 2.066248e-11
6300.000000 2.370586e-11
6302.500000 2.383465e-11
6305.000000 2.147000e-11
6307.500000 2.493884e-11
6310.000000 2.924570e-11
6312.500000 2.805275e-11
6315.000000 2.659021e-11
6317.500000 2.916187e-11
6320.000000 2.836997e-11
6322.500000 2.626092e-11
6325.000000 2.811389e-11
6327.500000 2.879108e-11
6330.000000 2.917862e-11
6332.500000 3.527435e-11
6335.000000 3.477251e-11
6337.500000 3.459014e-11
6340.000000 3.949487e-11
6342.500000 3.800009e-11
6345.000000 3.775539e-11
6347.500000 4.213338e-11
6350.000000 4.212631e-11
6352.500000 4.126287e-11
6355.000000 4.647414e-11
6357.500000 4.936616e-11
6360.000000 5.281501e-11
6362.500000 5.227871e-11
6365.000000 4.974467e-11
6367.500000 5.372508e-11
6370.000000 5.822777e-11
6372.500000 6.439561e-11
6375.000000 6.567065e-11
6377.500000 6.488851e-11
6380.000000 7.085615e-11
6382.500000 7.272855e-11
6385.000000 6.838868e-11
6387.500000 7.107689e-11
6390.000000 7.776303e-11
6392.500000 8.498073e-11
6395.000000 8.807284e-11
6397.500000 8.694201e-11
6400.000000 8.770734e-11
6402.500000 8.589902e-11
6405.000000 1.000126e-10
6407.500000 1.071410e-10
6410.000000 1.080479e-10
6412.500000 1.075819e-10
6415.000000 1.034515e-10
6417.500000 1.095962e-10
6420.000000 1.150606e-10
6422.500000 1.236598e-10
6425.000000 1.338807e-10
6427.500000 1.338765e-10
6430.000000 1.327071e-10
6432.500000 1.397389e-10
6435.000000 1.468073e-10
6437.500000 1.509593e-10
6440.000000 1.509715e-10
6442.500000 1.603635e-10
6445.000000 1.723865e-10
6447.500000 1.680147e-10
6450.000000 1.703674e-10
6452.500000 1.697258e-10
6455.000000 1.595013e-10
6457.500000 1.496404e-10
6460.000000 1.478486e-10
6462.500000 1.587699e-10
6465.000000 1.599207e-10
6467.500000 1.557849e-10
6470.000000 1.570798e-10
6472.500000 1.577611e-10
6475.000000 1.624376e-10
6477.500000 1.700412e-10
6480.000000 1.768941e-10
6482.500000 1.803121e-10
6485.000000 1.844559e-10
6487.500000 1.836896e-10
6490.000000 1.765738e-10
6492.500000 1.798694e-10
6495.000000 1.840704e-10
6497.500000 1.880570e-10
6500.000000 1.909430e-10
6502.500000 1.918103e-10
6505.000000 1.871719e-10
6507.500000 1.837987e-10
6510.000000 1.865757e-10
6512.500000 1.859839e-10
6515.000000 1.773023e-10
6517.500000 1.749211e-10
6520.000000 1.840679e-10
6522.500000 1.747557e-10
6525.000000 1.777282e-10
6527.500000 1.841590e-10
6530.000000 1.809320e-10
6532.500000 1.873799e-10
6535.000000 1.855890e-10
6537.500000 1.913970e-10
6542.500000 1.869724e-10
6545.000000 1.875323e-10
6547.500000 1.893636e-10
6550.000000 1.811308e-10
6552.500000 1.806770e-10
6555.000000 1.839902e-10
6557.500000 1.798188e-10
6560.000000 1.792774e-10
6562.500000 1.747475e-10
6565.000000 1.834279e-10
6567.500000 1.823258e-10
6570.000000 1.823925e-10
6572.500000 1.882105e-10
6575.000000 1.833378e-10
6577.500000 1.699419e-10
6580.000000 1.680053e-10
6582.500000 1.786812e-10
6585.000000 1.659041e-10
6587.500000 1.682191e-10
6590.000000 1.710553e-10
6592.500000 1.691874e-10
6595.000000 1.659644e-10
6597.500000 1.596480e-10
6600.000000 1.696490e-10
6602.500000 1.652899e-10
6605.000000 1.604710e-10
6607.500000 1.687806e-10
6610.000000 1.636419e-10
6612.500000 1.571767e-10
6615.000000 1.647795e-10
6617.500000 1.660602e-10
6620.000000 1.680301e-10
6622.500000 1.664504e-10
6625.000000 1.634155e-10
6627.500000 1.595336e-10
6630.000000 1.554649e-10
6632.500000 1.565313e-10
6635.000000 1.538850e-10
6637.500000 1.582578e-10
6640.000000 1.600008e-10
6642.500000 1.502561e-10
6645.000000 1.419609e-10
6647.500000 1.483359e-10
6650.000000 1.603329e-10
6652.500000 1.496701e-10
6655.000000 1.382335e-10
6657.500000 1.408104e-10
6660.000000 1.331718e-10
6662.500000 1.423615e-10
6665.000000 1.538357e-10
6667.500000 1.391414e-10
6670.000000 1.342641e-10
6672.500000 1.368963e-10
6675.000000 1.337808e-10
6677.500000 1.325208e-10
6680.000000 1.375505e-10
6682.500000 1.368320e-10
6685.000000 1.323891e-10
6687.500000 1.272305e-10
6690.000000 1.243418e-10
6692.500000 1.235231e-10
6695.000000 1.215837e-10
6697.500000 1.295977e-10
6700.000000 1.334010e-10
6702.500000 1.277439e-10
6705.000000 1.318914e-10
6707.500000 1.224500e-10
6710.000000 1.139043e-10
6712.500000 1.165757e-10
6715.000000 1.251730e-10
6717.500000 1.226492e-10
6720.000000 1.158785e-10
6722.500000 1.229360e-10
6725.000000 1.133713e-10
6727.500000 1.095371e-10
6730.000000 1.038770e-10
6732.500000 1.094053e-10
6735.000000 1.217377e-10
6737.500000 1.122266e-10
6740.000000 1.089864e-10
6742.500000 1.125833e-10
6745.000000 1.081654e-10
6747.500000 1.031740e-10
6750.000000 1.126389e-10
6752.500000 1.137310e-10
6755.000000 1.017471e-10
6757.500000 9.582396e-11
6760.000000 9.968788e-11
6762.500000 9.608574e-11
6765.000000 9.084420e-11
6767.500000 9.257708e-11
6770.000000 9.398776e-11
6772.500000 9.267771e-11
6775.000000 9.702360e-11
6777.500000 1.033549e-10
6780.000000 9.665945e-11
6782.500000 9.567869e-11
6785.000000 1.007437e-10
6787.500000 8.917743e-11
6790.000000 8.287900e-11
6792.500000 9.259736e-11
6795.000000 9.494480e-11
6797.500000 9.438691e-11
6800.000000 9.222755e-11
6802.500000 9.429904e-11
6805.000000 1.019600e-10
6807.500000 9.251579e-11
6810.000000 8.062162e-11
6812.500000 8.244021e-11
6815.000000 8.614630e-11
6817.500000 8.409212e-11
6820.000000 7.515927e-11
6822.500000 7.128742e-11
6825.000000 7.415540e-11
6827.500000 8.436030e-11
6830.000000 8.475164e-11
6832.500000 8.053727e-11
6835.000000 7.987149e-11
6837.500000 8.296905e-11
6840.000000 8.186312e-11
6842.500000 7.463490e-11
6845.000000 7.574841e-11
6847.500000 7.802760e-11
6850.000000 7.433652e-11
6852.500000 6.766869e-11
6855.000000 7.126698e-11
6857.500000 7.540451e-11
6860.000000 7.016126e-11
6862.500000 6.503276e-11
6865.000000 7.232686e-11
6867.500000 5.902053e-11
6870.000000 5.133633e-11
6872.500000 5.988719e-11
6875.000000 5.877612e-11
6877.500000 6.028095e-11
6880.000000 6.007357e-11
6882.500000 6.031280e-11
6885.000000 5.563299e-11
6887.500000 6.356711e-11
6890.000000 7.118518e-11
6892.500000 6.472805e-11
6895.000000 6.181149e-11
6897.500000 5.097021e-11
6900.000000 5.586245e-11
6902.500000 6.838020e-11
6905.000000 6.032835e-11
6907.500000 5.693553e-11
6910.000000 6.584312e-11
6912.500000 7.036707e-11
6915.000000 6.702952e-11
6917.500000 7.421053e-11
6920.000000 7.364040e-11
6922.500000 6.285098e-11
6925.000000 5.774924e-11
6927.500000 6.730157e-11
6930.000000 6.926546e-11
6932.500000 6.448421e-11
6935.000000 7.174111e-11
6937.500000 7.116367e-11
6940.000000 6.303201e-11
6942.500000 6.853052e-11
6945.000000 7.460477e-11
6947.500000 7.336536e-11
6950.000000 5.507810e-11
6952.500000 6.033214e-11
6955.000000 6.746244e-11
6957.500000 7.249702e-11
6960.000000 5.853475e-11
6962.500000 6.364050e-11
6965.000000 6.498397e-11
6967.500000 6.924377e-11
6970.000000 7.107136e-11
6972.500000 7.126561e-11
6975.000000 6.564328e-11
6977.500000 6.090084e-11
6980.000000 7.170568e-11
6982.500000 6.896909e-11
6985.000000 5.989749e-11
6987.500000 7.143357e-11
6990.000000 6.504629e-11
6992.500000 5.421678e-11
6995.000000 5.845861e-11
6997.500000 5.477647e-11
7000.000000 6.141297e-11
7002.500000 6.402783e-11
7005.000000 4.976154e-11
7007.500000 5.034574e-11
7010.000000 6.018129e-11
7012.500000 5.518805e-11
7015.000000 5.674837e-11
7017.500000 6.290021e-11
7020.000000 5.285851e-11
7022.500000 6.223890e-11
7025.000000 6.362204e-11
7027.500000 5.841003e-11
7030.000000 6.547159e-11
7032.500000 5.667227e-11
7035.000000 3.945783e-11
7037.500000 7.103378e-11
7040.000000 5.364019e-11
7042.500000 5.069285e-11
7045.000000 5.987207e-11
7047.500000 6.359641e-11
7050.000000 6.029403e-11
7052.500000 5.729460e-11
7055.000000 7.253179e-11
7057.500000 5.456712e-11
7060.000000 5.969986e-11
7062.500000 5.691097e-11
7065.000000 4.224377e-11
7067.500000 5.432225e-11
7070.000000 6.519809e-11
7072.500000 5.984192e-11
7075.000000 5.727144e-11
7077.500000 6.208490e-11
7080.000000 5.022193e-11
7082.500000 4.183966e-11
7085.000000 5.026080e-11
7087.500000 6.693960e-11
7090.000000 6.141611e-11
7092.500000 5.100773e-11
7095.000000 6.701772e-11
7097.500000 6.890295e-11
7100.000000 6.442655e-11
7102.500000 6.367826e-11
7105.000000 5.914830e-11
7107.500000 5.390480e-11
7110.000000 7.119351e-11
7112.500000 5.470258e-11
7115.000000 5.999843e-11
7117.500000 5.631769e-11
7120.000000 2.957839e-11
7122.500000 4.033604e-11
7125.000000 5.003541e-11
7127.500000 4.160138e-11
7130.000000 5.505100e-11
7132.500000 3.828899e-11
7135.000000 5.029819e-11
7137.500000 3.731628e-11
7140.000000 4.340612e-11
7142.500000 5.044589e-11
7145.000000 4.139090e-11
7147.500000 5.606612e-11
7150.000000 5.258778e-11
7152.500000 5.748743e-11
7155.000000 5.236454e-11
7157.500000 4.757263e-11
7160.000000 3.370412e-11
7162.500000 5.061299e-11
7165.000000 5.192933e-11
7167.500000 5.873556e-11
7170.000000 4.323172e-11
7172.500000 4.577120e-11
7175.000000 4.559998e-11
7177.500000 4.059602e-11
7180.000000 2.547555e-11
7182.500000 4.418805e-11
7185.000000 2.980412e-11
7187.500000 4.721726e-11
7190.000000 4.261901e-11
7192.500000 5.095000e-11
7195.000000 2.819898e-11
7197.500000 3.680442e-11
7200.000000 4.113930e-11
7202.500000 5.210184e-11
7205.000000 2.755272e-11
7207.500000 4.107210e-11
7210.000000 4.217914e-11
7212.500000 4.415195e-11
7215.000000 3.712452e-11
7217.500000 3.459057e-11
7220.000000 3.743393e-11
7222.500000 5.195271e-11
7225.000000 5.656978e-11
7227.500000 3.913004e-11
7230.000000 3.282836e-11
7232.500000 4.439579e-11
7235.000000 4.072246e-11
7237.500000 4.017918e-11
7240.000000 3.494877e-11
7242.500000 3.088638e-11
7245.000000 3.171931e-11
7247.500000 3.281642e-11
7250.000000 1.439129e-11
7252.500000 3.152967e-11
7255.000000 3.366659e-11
7257.500000 3.483732e-11
7260.000000 3.781613e-11
7262.500000 4.194418e-11
7265.000000 4.040242e-11
7267.500000 2.262506e-11
