3800.000000 1.777340e-16
3803.041410 1.771766e-16
3806.082820 1.946269e-16
3809.124231 1.908996e-16
3812.165641 2.059818e-16
3815.207051 2.359253e-16
3818.248461 2.222832e-16
3821.289871 2.393617e-16
3824.331281 2.799279e-16
3827.372692 3.465967e-16
3830.414102 3.051842e-16
3833.455512 3.082037e-16
3836.496922 2.955504e-16
3839.538332 3.285532e-16
3842.579743 2.907323e-16
3845.621153 3.019982e-16
3848.662563 2.842693e-16
3851.703973 2.584824e-16
3854.745383 2.180474e-16
3857.786794 1.845962e-16
3860.828204 1.611868e-16
3863.869614 1.338174e-16
3866.911024 1.125219e-16
3869.952434 1.008434e-16
3872.993844 1.084688e-16
3876.035255 9.890586e-17
3879.076665 8.289767e-17
3882.118075 1.014774e-16
3885.159485 1.043858e-16
3888.200895 1.038406e-16
3891.242306 7.565369e-17
3894.283716 6.803751e-17
3897.325126 8.120484e-17
3900.366536 5.780103e-17
3903.407946 9.819323e-17
3906.449356 1.061001e-16
3909.490767 1.145478e-16
3912.532177 1.058665e-16
3915.573587 1.161168e-16
3918.614997 1.204486e-16
3921.656407 1.636780e-16
3924.697818 1.704584e-16
3927.739228 1.871063e-16
3930.780638 1.530987e-16
3933.822048 1.771211e-16
3936.863458 1.857503e-16
3939.904868 2.458443e-16
3942.946279 2.616101e-16
3945.987689 2.581520e-16
3949.029099 3.133594e-16
3952.070509 3.848316e-16
3955.111919 4.145306e-16
3958.153330 4.636768e-16
3961.194740 4.636795e-16
3964.236150 5.202331e-16
3967.277560 5.515025e-16
3970.318970 5.936347e-16
3973.360381 5.668110e-16
3976.401791 5.407918e-16
3979.443201 5.276141e-16
3982.484611 5.255899e-16
3985.526021 5.260919e-16
3988.567431 5.053555e-16
3991.608842 4.890837e-16
3994.650252 5.162015e-16
3997.691662 5.299938e-16
4000.733072 5.066455e-16
4003.774482 4.796225e-16
4006.815893 4.874406e-16
4009.857303 4.940345e-16
4012.898713 5.192910e-16
4015.940123 4.943858e-16
4018.981533 5.099833e-16
4022.022943 4.973540e-16
4025.064354 5.160449e-16
4028.105764 5.054545e-16
4031.147174 4.683264e-16
4034.188584 4.594632e-16
4037.229994 4.464659e-16
4040.271405 4.281207e-16
4043.312815 3.865240e-16
4046.354225 3.549376e-16
4049.395635 3.593611e-16
4052.437045 3.988096e-16
4055.478456 3.971146e-16
4058.519866 4.795587e-16
4061.561276 4.888821e-16
4064.602686 5.259366e-16
4067.644096 5.169329e-16
4070.685506 5.265343e-16
4073.726917 5.047714e-16
4076.768327 5.033482e-16
4079.809737 5.509096e-16
4082.851147 6.169417e-16
4085.892557 6.391728e-16
4088.933968 6.738618e-16
4091.975378 6.616608e-16
4095.016788 6.773918e-16
4098.058198 6.619206e-16
4101.099608 6.495896e-16
4104.141018 6.602764e-16
4107.182429 6.704594e-16
4110.223839 6.488262e-16
4113.265249 6.924394e-16
4116.306659 6.781435e-16
4119.348069 6.838802e-16
4122.389480 6.324492e-16
4125.430890 6.247562e-16
4128.472300 6.054355e-16
4131.513710 5.791776e-16
4134.555120 5.179323e-16
4137.596530 4.735648e-16
4140.637941 4.429949e-16
4143.679351 4.147520e-16
4146.720761 4.177809e-16
4149.762171 3.914705e-16
4152.803581 4.100048e-16
4155.844992 4.368838e-16
4158.886402 4.590880e-16
4161.927812 5.248981e-16
4164.969222 5.702068e-16
4168.010632 5.390335e-16
4171.052043 5.074065e-16
4174.093453 5.610179e-16
4177.134863 5.106454e-16
4180.176273 4.633619e-16
4183.217683 4.203683e-16
4186.259093 4.420628e-16
4189.300504 3.820953e-16
4192.341914 3.678087e-16
4195.383324 3.908578e-16
4198.424734 3.733693e-16
4201.466144 3.541127e-16
4204.507555 3.556574e-16
4207.548965 3.477009e-16
4210.590375 3.318581e-16
4213.631785 3.512141e-16
4216.673195 3.496541e-16
4219.714605 3.430923e-16
4222.756016 4.132587e-16
4225.797426 4.216933e-16
4228.838836 4.647402e-16
4231.880246 5.029659e-16
4234.921656 5.044487e-16
4237.963067 5.327108e-16
4241.004477 5.147829e-16
4244.045887 4.917266e-16
4247.087297 4.718628e-16
4250.128707 4.332393e-16
4253.170118 3.878964e-16
4256.211528 3.765235e-16
4259.252938 3.280449e-16
4262.294348 2.803807e-16
4265.335758 2.608482e-16
4268.377168 2.669897e-16
4271.418579 2.394670e-16
4274.459989 2.436473e-16
4277.501399 2.345427e-16
4280.542809 2.402760e-16
4283.584219 2.263587e-16
4286.625630 2.454509e-16
4289.667040 2.448893e-16
4292.708450 2.576264e-16
4295.749860 2.823658e-16
4298.791270 2.696400e-16
4301.832680 2.728364e-16
4304.874091 2.774212e-16
4307.915501 2.810144e-16
4310.956911 2.980058e-16
4313.998321 2.951588e-16
4317.039731 3.397079e-16
4320.081142 3.490589e-16
4323.122552 3.690942e-16
4326.163962 4.210607e-16
4329.205372 4.244278e-16
4332.246782 4.756627e-16
4335.288193 5.205501e-16
4338.329603 4.805687e-16
4341.371013 4.651479e-16
4344.412423 4.366258e-16
4347.453833 3.981978e-16
4350.495243 3.754651e-16
4353.536654 3.592756e-16
4356.578064 3.620527e-16
4359.619474 3.441256e-16
4362.660884 3.274089e-16
4365.702294 3.273585e-16
4368.743705 3.351430e-16
4371.785115 3.325643e-16
4374.826525 3.547931e-16
4377.867935 3.690233e-16
4380.909345 4.002720e-16
4383.950755 3.866946e-16
4386.992166 3.927095e-16
4390.033576 4.178974e-16
4393.074986 4.232548e-16
4396.116396 4.676703e-16
4399.157806 4.851399e-16
4402.199217 4.917755e-16
4405.240627 4.980813e-16
4408.282037 4.799854e-16
4411.323447 4.669655e-16
4414.364857 4.408595e-16
4417.406267 4.328840e-16
4420.447678 4.194292e-16
4423.489088 4.210681e-16
4426.530498 4.374696e-16
4429.571908 4.229144e-16
4432.613318 4.126826e-16
4435.654729 4.154500e-16
4438.696139 4.328317e-16
4441.737549 4.456675e-16
4444.778959 4.627911e-16
4447.820369 5.068442e-16
4450.861780 5.460984e-16
4453.903190 5.434571e-16
4456.944600 5.199815e-16
4459.986010 5.159362e-16
4463.027420 4.837520e-16
4466.068830 4.799645e-16
4469.110241 4.688363e-16
4472.151651 4.452449e-16
4475.193061 4.381260e-16
4478.234471 4.449838e-16
4481.275881 4.337942e-16
4484.317292 3.980034e-16
4487.358702 3.821539e-16
4490.400112 3.723614e-16
4493.441522 3.576519e-16
4496.482932 3.600808e-16
4499.524342 3.363565e-16
4502.565753 3.126859e-16
4505.607163 3.153571e-16
4508.648573 3.172640e-16
4511.689983 2.952940e-16
4514.731393 2.815220e-16
4517.772804 2.871440e-16
4520.814214 3.091741e-16
4523.855624 3.074541e-16
4526.897034 2.979995e-16
4529.938444 3.040488e-16
4532.979855 3.114511e-16
4536.021265 3.292732e-16
4539.062675 3.261984e-16
4542.104085 3.169989e-16
4545.145495 3.251522e-16
4548.186905 3.694507e-16
4551.228316 4.027305e-16
4554.269726 4.326309e-16
4557.311136 4.578513e-16
4560.352546 4.937708e-16
4563.393956 5.354719e-16
4566.435367 5.961178e-16
4569.476777 6.646060e-16
4572.518187 7.475729e-16
4575.559597 8.248186e-16
4578.601007 8.742548e-16
4581.642417 8.739960e-16
4584.683828 8.653531e-16
4587.725238 8.555804e-16
4590.766648 8.129025e-16
4593.808058 7.905481e-16
4596.849468 7.703713e-16
4599.890879 7.359541e-16
4602.932289 7.370740e-16
4605.973699 7.224637e-16
4609.015109 7.473617e-16
4612.056519 7.507389e-16
4615.097929 8.074740e-16
4618.139340 8.318757e-16
4621.180750 8.590636e-16
4624.222160 8.607940e-16
4627.263570 8.449773e-16
4630.304980 8.139315e-16
4633.346391 8.290061e-16
4636.387801 8.242992e-16
4639.429211 7.974455e-16
4642.470621 7.948173e-16
4645.512031 8.035942e-16
4648.553442 8.399426e-16
4651.594852 8.475179e-16
4654.636262 8.667659e-16
4657.677672 8.857516e-16
4660.719082 8.654927e-16
4663.760492 9.079329e-16
4666.801903 9.430665e-16
4669.843313 9.131020e-16
4672.884723 9.097643e-16
4675.926133 8.931799e-16
4678.967543 8.688446e-16
4682.008954 8.534113e-16
4685.050364 8.673170e-16
4688.091774 8.597870e-16
4691.133184 8.754713e-16
4694.174594 8.993457e-16
4697.216004 8.610306e-16
4700.257415 8.276431e-16
4703.298825 8.111931e-16
4706.340235 8.253046e-16
4709.381645 8.323186e-16
4712.423055 8.224912e-16
4715.464466 8.337969e-16
4718.505876 8.211715e-16
4721.547286 8.223545e-16
4724.588696 8.184779e-16
4727.630106 7.748122e-16
4730.671517 7.619966e-16
4733.712927 7.256185e-16
4736.754337 6.954986e-16
4739.795747 6.822900e-16
4742.837157 6.542928e-16
4745.878567 6.443072e-16
4748.919978 6.538084e-16
4751.961388 6.587779e-16
4755.002798 6.307670e-16
4758.044208 6.839112e-16
4761.085618 6.886163e-16
4764.127029 6.607192e-16
4767.168439 6.753117e-16
4770.209849 6.517404e-16
4773.251259 6.247161e-16
4776.292669 6.038424e-16
4779.334079 5.802240e-16
4782.375490 5.531817e-16
4785.416900 5.503234e-16
4788.458310 5.234762e-16
4791.499720 5.215400e-16
4794.541130 4.890662e-16
4797.582541 4.588940e-16
4800.623951 4.517594e-16
4803.665361 4.452682e-16
4806.706771 4.190283e-16
4809.748181 4.015399e-16
4812.789591 3.727649e-16
4815.831002 3.590943e-16
4818.872412 3.470147e-16
4821.913822 3.324935e-16
4824.955232 3.244155e-16
4827.996642 3.644300e-16
4831.038053 4.367719e-16
4834.079463 5.148383e-16
4837.120873 5.857190e-16
4840.162283 6.558189e-16
4843.203693 7.149492e-16
4846.245104 7.486612e-16
4849.286514 8.036163e-16
4852.327924 8.336427e-16
4855.369334 8.869842e-16
4858.410744 9.583327e-16
4861.452154 9.823960e-16
4864.493565 1.004620e-15
4867.534975 9.925001e-16
4870.576385 9.509017e-16
4873.617795 9.257052e-16
4876.659205 9.295784e-16
4879.700616 8.794808e-16
4882.742026 7.580197e-16
4885.783436 6.753744e-16
4888.824846 6.671316e-16
4891.866256 6.396309e-16
4894.907666 6.180817e-16
4897.949077 6.570635e-16
4900.990487 7.146799e-16
4904.031897 7.411556e-16
4907.073307 8.071024e-16
4910.114717 8.504061e-16
4913.156128 9.054605e-16
4916.197538 9.838553e-16
4919.238948 1.014284e-15
4922.280358 1.039250e-15
4925.321768 1.081842e-15
4928.363179 1.081316e-15
4931.404589 1.095799e-15
4934.445999 1.103070e-15
4937.487409 1.124901e-15
4940.528819 1.113818e-15
4943.570229 1.105166e-15
4946.611640 1.068523e-15
4949.653050 1.058282e-15
4952.694460 1.049632e-15
4955.735870 1.030386e-15
4958.777280 9.601617e-16
4961.818691 8.763588e-16
4964.860101 8.412283e-16
4967.901511 7.782189e-16
4970.942921 7.003702e-16
4973.984331 6.231006e-16
4977.025741 5.569594e-16
4980.067152 4.949003e-16
4983.108562 4.651854e-16
4986.149972 4.710159e-16
4989.191382 4.817754e-16
4992.232792 5.174960e-16
4995.274203 5.864067e-16
4998.315613 6.398302e-16
5001.357023 7.096246e-16
5004.398433 7.677301e-16
5007.439843 8.037775e-16
5010.481253 8.514724e-16
5013.522664 9.382785e-16
5016.564074 9.743374e-16
5019.605484 1.012993e-15
5022.646894 1.010464e-15
5025.688304 1.049934e-15
5028.729715 1.081568e-15
5031.771125 1.073116e-15
5034.812535 1.073400e-15
5037.853945 1.041323e-15
5040.895355 1.051444e-15
5043.936766 1.015868e-15
5046.978176 9.915574e-16
5050.019586 9.775415e-16
5053.060996 9.750735e-16
5056.102406 9.591505e-16
5059.143816 9.272787e-16
5062.185227 9.382559e-16
5065.226637 9.268822e-16
5068.268047 8.808977e-16
5071.309457 9.029887e-16
5074.350867 8.918333e-16
5077.392278 8.922260e-16
5080.433688 8.864783e-16
5083.475098 8.802423e-16
5086.516508 8.601394e-16
5089.557918 8.422049e-16
5092.599328 8.201208e-16
5095.640739 7.837561e-16
5098.682149 7.420756e-16
5101.723559 7.359592e-16
5104.764969 7.443676e-16
5107.806379 7.234796e-16
5110.847790 6.927627e-16
5113.889200 6.617306e-16
5116.930610 6.100624e-16
5119.972020 5.536493e-16
5123.013430 5.210103e-16
5126.054841 4.890924e-16
5129.096251 4.518284e-16
5132.137661 4.127494e-16
5135.179071 3.929043e-16
5138.220481 4.142599e-16
5141.261891 4.368670e-16
5144.303302 4.668666e-16
5147.344712 4.946040e-16
5150.386122 5.140304e-16
5153.427532 5.426854e-16
5156.468942 5.457259e-16
5159.510353 5.672952e-16
5162.551763 6.125606e-16
5165.593173 6.367077e-16
5168.634583 6.723866e-16
5171.675993 7.385055e-16
5174.717403 7.862254e-16
5177.758814 8.185378e-16
5180.800224 8.287698e-16
5183.841634 8.394098e-16
5186.883044 8.564785e-16
5189.924454 8.591862e-16
5192.965865 8.440023e-16
5196.007275 8.367776e-16
5199.048685 8.076246e-16
5202.090095 7.878040e-16
5205.131505 8.226422e-16
5208.172916 8.034895e-16
5211.214326 8.332177e-16
5214.255736 8.702966e-16
5217.297146 8.611046e-16
5220.338556 8.484505e-16
5223.379966 8.683582e-16
5226.421377 8.745383e-16
5229.462787 8.564596e-16
5232.504197 8.360666e-16
5235.545607 8.133934e-16
5238.587017 7.877945e-16
5241.628428 7.653743e-16
5244.669838 7.424992e-16
5247.711248 7.484476e-16
5250.752658 7.720809e-16
5253.794068 7.820446e-16
5256.835478 8.122556e-16
5259.876889 8.204384e-16
5262.918299 8.480148e-16
5265.959709 8.605611e-16
5269.001119 8.476628e-16
5272.042529 8.516832e-16
5275.083940 8.026837e-16
5278.125350 7.650920e-16
5281.166760 7.428734e-16
5284.208170 7.245632e-16
5287.249580 7.072325e-16
5290.290990 7.272996e-16
5293.332401 7.438252e-16
5296.373811 7.570517e-16
5299.415221 7.822437e-16
5302.456631 7.906950e-16
5305.498041 8.174575e-16
5308.539452 8.374221e-16
5311.580862 8.796067e-16
5314.622272 8.790385e-16
5317.663682 9.019410e-16
5320.705092 9.406031e-16
5323.746503 9.578657e-16
5326.787913 9.394113e-16
5329.829323 9.357086e-16
5332.870733 9.331758e-16
5335.912143 9.450235e-16
5338.953553 9.398775e-16
5341.994964 9.502089e-16
5345.036374 9.715158e-16
5348.077784 9.844977e-16
5351.119194 9.526863e-16
5354.160604 9.471916e-16
5357.202015 9.952106e-16
5360.243425 9.892200e-16
5363.284835 9.637213e-16
5366.326245 9.784675e-16
5369.367655 9.684371e-16
5372.409065 9.796529e-16
5375.450476 9.732727e-16
5378.491886 9.598676e-16
5381.533296 9.587711e-16
5384.574706 9.119874e-16
5387.616116 9.131521e-16
5390.657527 9.212427e-16
5393.698937 9.078672e-16
5396.740347 9.224605e-16
5399.781757 9.128193e-16
5402.823167 9.081852e-16
5405.864578 9.432564e-16
5408.905988 9.455210e-16
5411.947398 9.758274e-16
5414.988808 9.880841e-16
5418.030218 9.929810e-16
5421.071628 9.803349e-16
5424.113039 9.837224e-16
5427.154449 9.983443e-16
5430.195859 9.967399e-16
5433.237269 1.000649e-15
5436.278679 9.606785e-16
5439.320090 9.966469e-16
5442.361500 1.005971e-15
5445.402910 9.572080e-16
5448.444320 9.554073e-16
5451.485730 9.201429e-16
5454.527140 9.257703e-16
5457.568551 9.290415e-16
5460.609961 9.132027e-16
5463.651371 9.073098e-16
5466.692781 9.098274e-16
5469.734191 8.859042e-16
5472.775602 8.642305e-16
5475.817012 8.751879e-16
5478.858422 8.723057e-16
5481.899832 8.531185e-16
5484.941242 8.616285e-16
5487.982652 8.367403e-16
5491.024063 7.948961e-16
5494.065473 7.893882e-16
5497.106883 7.768963e-16
5500.148293 7.594982e-16
5503.189703 7.830238e-16
5506.231114 7.908175e-16
5509.272524 8.035824e-16
5512.313934 8.331030e-16
5515.355344 8.550417e-16
5518.396754 8.930528e-16
5521.438165 9.198419e-16
5524.479575 9.217424e-16
5527.520985 9.457114e-16
5530.562395 9.633645e-16
5533.603805 9.403080e-16
5536.645215 9.615592e-16
5539.686626 9.797484e-16
5542.728036 9.726234e-16
5545.769446 9.518500e-16
5548.810856 9.542149e-16
5551.852266 9.482840e-16
5554.893677 9.496706e-16
5557.935087 9.332803e-16
5560.976497 9.347823e-16
5564.017907 9.296408e-16
5567.059317 9.132775e-16
5570.100727 9.098300e-16
5573.142138 9.080119e-16
5576.183548 8.801922e-16
5579.224958 8.917462e-16
5582.266368 8.746231e-16
5585.307778 8.877202e-16
5588.349189 8.739029e-16
5591.390599 8.713086e-16
5594.432009 8.855722e-16
5597.473419 8.730967e-16
5600.514829 8.635762e-16
5603.556240 8.479527e-16
5606.597650 8.545903e-16
5609.639060 8.304243e-16
5612.680470 8.244034e-16
5615.721880 7.853669e-16
5618.763290 7.725369e-16
5621.804701 7.620129e-16
5624.846111 7.395706e-16
5627.887521 7.149578e-16
5630.928931 7.272955e-16
5633.970341 7.378400e-16
5637.011752 7.471083e-16
5640.053162 7.525651e-16
5643.094572 7.837746e-16
5646.135982 7.852122e-16
5649.177392 7.925859e-16
5652.218802 8.043668e-16
5655.260213 8.241115e-16
5658.301623 8.466633e-16
5661.343033 8.519257e-16
5664.384443 8.759150e-16
5667.425853 8.862791e-16
5670.467264 9.034209e-16
5673.508674 9.180856e-16
5676.550084 8.977526e-16
5679.591494 9.035435e-16
5682.632904 9.378321e-16
5685.674314 9.329213e-16
5688.715725 9.152058e-16
5691.757135 9.002782e-16
5694.798545 9.191576e-16
5697.839955 8.974979e-16
5700.881365 8.857099e-16
5703.922776 8.929836e-16
5706.964186 8.815406e-16
5710.005596 8.746198e-16
5713.047006 8.808730e-16
5716.088416 8.747897e-16
5719.129827 8.748427e-16
5722.171237 8.745902e-16
5725.212647 8.531135e-16
5728.254057 8.528633e-16
5731.295467 8.749846e-16
5734.336877 8.871578e-16
5737.378288 8.592602e-16
5740.419698 8.625901e-16
5743.461108 8.533947e-16
5746.502518 8.533215e-16
5749.543928 8.505942e-16
5752.585339 8.693713e-16
5755.626749 8.501179e-16
5758.668159 8.305607e-16
5761.709569 8.595992e-16
5764.750979 8.764831e-16
5767.792389 8.577851e-16
5770.833800 8.467835e-16
5773.875210 8.764317e-16
5776.916620 8.731951e-16
5779.958030 8.539125e-16
5782.999440 8.627949e-16
5786.040851 8.397675e-16
5789.082261 8.400820e-16
5792.123671 8.496050e-16
5795.165081 8.224791e-16
5798.206491 8.276904e-16
5801.247902 8.088929e-16
5804.289312 8.174257e-16
5807.330722 8.362265e-16
5810.372132 8.401969e-16
5813.413542 8.073571e-16
5816.454952 7.870717e-16
5819.496363 8.265222e-16
5822.537773 8.074525e-16
5825.579183 7.946097e-16
5828.620593 7.642001e-16
5831.662003 7.648253e-16
5834.703414 7.759145e-16
5837.744824 7.355980e-16
5840.786234 6.995874e-16
5843.827644 6.978542e-16
5846.869054 6.793694e-16
5849.910464 6.604726e-16
5852.951875 6.154304e-16
5855.993285 5.893446e-16
5859.034695 6.008404e-16
5862.076105 6.062972e-16
5865.117515 6.379703e-16
5868.158926 6.565117e-16
5871.200336 7.070969e-16
5874.241746 7.620530e-16
5877.283156 7.798741e-16
5880.324566 7.922356e-16
5883.365976 8.336718e-16
5886.407387 8.641237e-16
5889.448797 8.828681e-16
5892.490207 9.082011e-16
5895.531617 9.159862e-16
5898.573027 9.399779e-16
5901.614438 9.515600e-16
5904.655848 9.483348e-16
5907.697258 9.184413e-16
5910.738668 8.694658e-16
5913.780078 9.112528e-16
5916.821489 8.995397e-16
5919.862899 9.439805e-16
5922.904309 9.580617e-16
5925.945719 9.653036e-16
5928.987129 9.501801e-16
5932.028539 9.460015e-16
5935.069950 9.008861e-16
5938.111360 9.168351e-16
5941.152770 9.046858e-16
5944.194180 8.900516e-16
5947.235590 8.783762e-16
5950.277001 8.833683e-16
5953.318411 8.782155e-16
5956.359821 8.576111e-16
5959.401231 8.505586e-16
5962.442641 8.721693e-16
5965.484051 8.756124e-16
5968.525462 8.719180e-16
5971.566872 8.733548e-16
5974.608282 8.639720e-16
5977.649692 8.651322e-16
5980.691102 8.852660e-16
5983.732513 8.780776e-16
5986.773923 8.559843e-16
5989.815333 8.586525e-16
5992.856743 8.801642e-16
5995.898153 8.586575e-16
5998.939564 8.535530e-16
6001.980974 8.755332e-16
6005.022384 8.789369e-16
6008.063794 8.750630e-16
6011.105204 8.795151e-16
6014.146614 8.585591e-16
6017.188025 8.585514e-16
6020.229435 8.577054e-16
6023.270845 8.562835e-16
6026.312255 8.557559e-16
6029.353665 8.532543e-16
6032.395076 8.412374e-16
6035.436486 8.495281e-16
6038.477896 8.401803e-16
6041.519306 8.242582e-16
6044.560716 8.293838e-16
6047.602126 8.507731e-16
6050.643537 8.666095e-16
6053.684947 8.203989e-16
6056.726357 8.452511e-16
6059.767767 8.374166e-16
6062.809177 8.503741e-16
6065.850588 8.494427e-16
6068.891998 8.270044e-16
6071.933408 8.354434e-16
6074.974818 8.431023e-16
6078.016228 8.372685e-16
6081.057639 8.409592e-16
6084.099049 8.405728e-16
6087.140459 8.297320e-16
6090.181869 8.238656e-16
6093.223279 8.087859e-16
6096.264689 7.807855e-16
6099.306100 7.737471e-16
6102.347510 7.713569e-16
6105.388920 7.683344e-16
6108.430330 7.298860e-16
6111.471740 7.058443e-16
6114.513151 7.190827e-16
6117.554561 7.455894e-16
6120.595971 7.533918e-16
6123.637381 7.805783e-16
6126.678791 7.956984e-16
6129.720201 7.994398e-16
6132.761612 8.274762e-16
6135.803022 8.625370e-16
6138.844432 8.756776e-16
6141.885842 8.530232e-16
6144.927252 8.603992e-16
6147.968663 8.923814e-16
6151.010073 8.697339e-16
6154.051483 8.795533e-16
6157.092893 8.855381e-16
6160.134303 8.634007e-16
6163.175713 8.778327e-16
6166.217124 8.916762e-16
6169.258534 8.924105e-16
6172.299944 8.713282e-16
6175.341354 8.574675e-16
6178.382764 8.520772e-16
6181.424175 8.459458e-16
6184.465585 8.180596e-16
6187.506995 8.131708e-16
6190.548405 8.007479e-16
6193.589815 7.851027e-16
6196.631226 7.896211e-16
6199.672636 7.803889e-16
6202.714046 7.590063e-16
6205.755456 7.385786e-16
6208.796866 7.098424e-16
6211.838276 7.271953e-16
6214.879687 7.370844e-16
6217.921097 7.377560e-16
6220.962507 7.754753e-16
6224.003917 7.882679e-16
6227.045327 7.808778e-16
6230.086738 8.030150e-16
6233.128148 8.271348e-16
6236.169558 8.219587e-16
6239.210968 8.296294e-16
6242.252378 8.480017e-16
6245.293788 8.375935e-16
6248.335199 8.486109e-16
6251.376609 8.714443e-16
6254.418019 8.679630e-16
6257.459429 8.552998e-16
6260.500839 8.632453e-16
6263.542250 8.534208e-16
6266.583660 8.590406e-16
6269.625070 8.601826e-16
6272.666480 8.476012e-16
6275.707890 8.462429e-16
6278.749301 8.256022e-16
6281.790711 8.354318e-16
6284.832121 8.436734e-16
6287.873531 8.121090e-16
6290.914941 7.894245e-16
6293.956351 8.077027e-16
6296.997762 8.296910e-16
6300.039172 8.272991e-16
6303.080582 8.081359e-16
6306.121992 7.632956e-16
6309.163402 7.647260e-16
6312.204813 7.745755e-16
6315.246223 7.740694e-16
6318.287633 7.926281e-16
6321.329043 7.685144e-16
6324.370453 7.592439e-16
6327.411863 7.750268e-16
6330.453274 7.686873e-16
6333.494684 7.691839e-16
6336.536094 7.641987e-16
6339.577504 7.643261e-16
6342.618914 7.847619e-16
6345.660325 7.718742e-16
6348.701735 7.638278e-16
6351.743145 7.495227e-16
6354.784555 7.609479e-16
6357.825965 7.705037e-16
6360.867375 7.585579e-16
6363.908786 7.573918e-16
6366.950196 7.546966e-16
6369.991606 7.451750e-16
6373.033016 7.499498e-16
6376.074426 7.322570e-16
6379.115837 6.793983e-16
6382.157247 6.528133e-16
6385.198657 6.196861e-16
6388.240067 6.010548e-16
6391.281477 5.810262e-16
6394.322888 5.693815e-16
6397.364298 5.447221e-16
6400.405708 5.042623e-16
6403.447118 5.061655e-16
6406.488528 4.831443e-16
6409.529938 4.583755e-16
6412.571349 4.573924e-16
6415.612759 4.525692e-16
6418.654169 4.494508e-16
6421.695579 4.303286e-16
6424.736989 4.367832e-16
6427.778400 4.399914e-16
6430.819810 4.283410e-16
6433.861220 4.128948e-16
6436.902630 4.030260e-16
6439.944040 4.030000e-16
6442.985450 3.836680e-16
6446.026861 3.680843e-16
6449.068271 3.433931e-16
6452.109681 3.293254e-16
6455.151091 3.104142e-16
6458.192501 2.935297e-16
6461.233912 2.712013e-16
6464.275322 2.744126e-16
6467.316732 2.604504e-16
6470.358142 2.559465e-16
6473.399552 2.590344e-16
6476.440963 2.459634e-16
6479.482373 2.665197e-16
6482.523783 2.760030e-16
6485.565193 2.858224e-16
6488.606603 3.008753e-16
6491.648013 3.216219e-16
6494.689424 3.298794e-16
6497.730834 3.522934e-16
6500.772244 3.916746e-16
6503.813654 4.363789e-16
6506.855064 4.683315e-16
6509.896475 5.211333e-16
6512.937885 5.642754e-16
6515.979295 6.120025e-16
6519.020705 7.222170e-16
6522.062115 8.352024e-16
6525.103525 9.461536e-16
6528.144936 1.072230e-15
6531.186346 1.163999e-15
6534.227756 1.226373e-15
6537.269166 1.320017e-15
6540.310576 1.418448e-15
6543.351987 1.480860e-15
6546.393397 1.553604e-15
6549.434807 1.599406e-15
6552.476217 1.631026e-15
6555.517627 1.667326e-15
6558.559037 1.714338e-15
6561.600448 1.736496e-15
6564.641858 1.743390e-15
6567.683268 1.763276e-15
6598.097370 1.645319e-15
6601.138780 1.598423e-15
6604.180190 1.578282e-15
6607.221600 1.547694e-15
6610.263011 1.523602e-15
6613.304421 1.523007e-15
6616.345831 1.436740e-15
6619.387241 1.398083e-15
6622.428651 1.387131e-15
6625.470062 1.368406e-15
6628.511472 1.319984e-15
6631.552882 1.278069e-15
6634.594292 1.258194e-15
6637.635702 1.212819e-15
6640.677112 1.202486e-15
6643.718523 1.177809e-15
6646.759933 1.163727e-15
6649.801343 1.140066e-15
6652.842753 1.132960e-15
6655.884163 1.117379e-15
6658.925574 1.087631e-15
6661.966984 1.064725e-15
6665.008394 1.061407e-15
6668.049804 1.053266e-15
6671.091214 1.047624e-15
6674.132625 1.012050e-15
6677.174035 9.957098e-16
6680.215445 9.755487e-16
6683.256855 9.661009e-16
6686.298265 9.579759e-16
6689.339675 9.255086e-16
6692.381086 9.405333e-16
6695.422496 9.183245e-16
6698.463906 9.142318e-16
6701.505316 9.071296e-16
6704.546726 9.203654e-16
6707.588137 8.933556e-16
6710.629547 8.766492e-16
6713.670957 8.747436e-16
6716.712367 8.808852e-16
6719.753777 8.566446e-16
6722.795187 8.643957e-16
6725.836598 8.585576e-16
6728.878008 8.468947e-16
6731.919418 8.423023e-16
6734.960828 8.377807e-16
6738.002238 8.456756e-16
6741.043649 8.489370e-16
6744.085059 8.413158e-16
6747.126469 8.126608e-16
6750.167879 8.158823e-16
6753.209289 8.153100e-16
6756.250699 8.064446e-16
6759.292110 7.914211e-16
6762.333520 7.870899e-16
6765.374930 8.038019e-16
6768.416340 7.890956e-16
6771.457750 7.600468e-16
6774.499161 7.647238e-16
6777.540571 7.754939e-16
6780.581981 7.642513e-16
6783.623391 7.639702e-16
6786.664801 7.537865e-16
6789.706212 7.473680e-16
6792.747622 7.555033e-16
6795.789032 7.604532e-16
6798.830442 7.554731e-16
6801.871852 7.666763e-16
6804.913262 7.673387e-16
6807.954673 7.698016e-16
6810.996083 7.634825e-16
6814.037493 7.481010e-16
6817.078903 7.474192e-16
6820.120313 7.518404e-16
6823.161724 7.616788e-16
6826.203134 7.459161e-16
6829.244544 7.536424e-16
6832.285954 7.561709e-16
6835.327364 7.496070e-16
6838.368774 7.395195e-16
6841.410185 7.398021e-16
6844.451595 7.606367e-16
6847.493005 7.539122e-16
6850.534415 7.574526e-16
6853.575825 7.363398e-16
6856.617236 7.365182e-16
6859.658646 7.517544e-16
6862.700056 7.198619e-16
6865.741466 7.275879e-16
6868.782876 7.110360e-16
6871.824287 7.329320e-16
6874.865697 7.603141e-16
6877.907107 7.563318e-16
6880.948517 7.651323e-16
6883.989927 7.521452e-16
6887.031337 7.276394e-16
6890.072748 7.575888e-16
6893.114158 7.838625e-16
6896.155568 7.460556e-16
6899.196978 7.274019e-16
6902.238388 7.293640e-16
6905.279799 7.411064e-16
6908.321209 7.442903e-16
6911.362619 7.426105e-16
6914.404029 7.306749e-16
6917.445439 7.195508e-16
6920.486849 7.279861e-16
6923.528260 7.385766e-16
6926.569670 7.258013e-16
6929.611080 7.210932e-16
6932.652490 7.199709e-16
6935.693900 7.321713e-16
6938.735311 7.426862e-16
6941.776721 7.344825e-16
6944.818131 7.234333e-16
6947.859541 7.090410e-16
6950.900951 6.950154e-16
6953.942361 7.220723e-16
6956.983772 7.021846e-16
6960.025182 7.065278e-16
6963.066592 7.201374e-16
6966.108002 7.193940e-16
6969.149412 7.114736e-16
6972.190823 6.944305e-16
6975.232233 7.243918e-16
6978.273643 7.245640e-16
6981.315053 7.149220e-16
6984.356463 7.060633e-16
6987.397874 7.034624e-16
6990.439284 7.186402e-16
6993.480694 7.377409e-16
6996.522104 7.379545e-16
6999.563514 7.469831e-16
7002.604924 7.320218e-16
7005.646335 7.296875e-16
7008.687745 7.255651e-16
7011.729155 7.375862e-16
7014.770565 7.255747e-16
7017.811975 7.144084e-16
7020.853386 7.298944e-16
7023.894796 7.212678e-16
7026.936206 7.379054e-16
7029.977616 7.294273e-16
7033.019026 7.249460e-16
7036.060436 7.302963e-16
7039.101847 7.127475e-16
7042.143257 7.200819e-16
7045.184667 7.183954e-16
7048.226077 7.118921e-16
7051.267487 7.022968e-16
7054.308898 7.293533e-16
7057.350308 7.311643e-16
7060.391718 7.088187e-16
7063.433128 6.911004e-16
7066.474538 7.061555e-16
7069.515949 7.168899e-16
7072.557359 6.990393e-16
7075.598769 6.938148e-16
7078.640179 6.975197e-16
7081.681589 6.855068e-16
7084.722999 6.829847e-16
7087.764410 7.028298e-16
7090.805820 6.998395e-16
7093.847230 7.051695e-16
7096.888640 6.961768e-16
7099.930050 7.083975e-16
7102.971461 7.027661e-16
7106.012871 7.076339e-16
7109.054281 7.169105e-16
7112.095691 6.945627e-16
7115.137101 6.751129e-16
7118.178511 6.816461e-16
7121.219922 6.916665e-16
7124.261332 6.723999e-16
7127.302742 6.731874e-16
7130.344152 6.818421e-16
7133.385562 6.671319e-16
7136.426973 6.740476e-16
7139.468383 7.008429e-16
7142.509793 6.972038e-16
7145.551203 6.889891e-16
7148.592613 6.588527e-16
7151.634024 6.718497e-16
7154.675434 6.760959e-16
7157.716844 6.758297e-16
7160.758254 6.646139e-16
7163.799664 6.567416e-16
7166.841074 6.749900e-16
7169.882485 6.735946e-16
7172.923895 6.556111e-16
7175.965305 6.545466e-16
7179.006715 6.572826e-16
7182.048125 6.779151e-16
7185.089536 6.632376e-16
7188.130946 6.599998e-16
7191.172356 6.731258e-16
7194.213766 6.680869e-16
7197.255176 6.738499e-16
7200.296586 6.766266e-16
7203.337997 6.985255e-16
7206.379407 6.928525e-16
7209.420817 6.973898e-16
7212.462227 6.777546e-16
7215.503637 6.769324e-16
7218.545048 6.974907e-16
7221.586458 7.005676e-16
7224.627868 6.876532e-16
7227.669278 6.763792e-16
7230.710688 6.921591e-16
7233.752098 6.962214e-16
7236.793509 6.851106e-16
7239.834919 6.659645e-16
7242.876329 6.687792e-16
7245.917739 6.998184e-16
7248.959149 6.796945e-16
7252.000560 6.642930e-16
7255.041970 6.705500e-16
7258.083380 6.632847e-16
7261.124790 6.569754e-16
7264.166200 6.592776e-16
7267.207611 6.536771e-16
7270.249021 6.674897e-16
7273.290431 6.588993e-16
7276.331841 6.562390e-16
7279.373251 6.491253e-16
7282.414661 6.514412e-16
7285.456072 6.917624e-16
7288.497482 6.884225e-16
7291.538892 6.662153e-16
7294.580302 6.853409e-16
7297.621712 7.044732e-16
7300.663123 6.864248e-16
7303.704533 6.621791e-16
7306.745943 6.621894e-16
7309.787353 7.088155e-16
7312.828763 7.104166e-16
7315.870173 6.846749e-16
7318.911584 6.842033e-16
7321.952994 6.793184e-16
7324.994404 6.810337e-16
7328.035814 6.784547e-16
7331.077224 6.738825e-16
7334.118635 6.699219e-16
7337.160045 6.967609e-16
7340.201455 7.035758e-16
7343.242865 6.809808e-16
7346.284275 6.694553e-16
7349.325686 6.822874e-16
7352.367096 6.772720e-16
7355.408506 6.641878e-16
7358.449916 6.928966e-16
7361.491326 6.889443e-16
7364.532736 6.558857e-16
7367.574147 6.560169e-16
7370.615557 6.576760e-16
7373.656967 6.600601e-16
7376.698377 6.692662e-16
7379.739787 6.649752e-16
7382.781198 6.511862e-16
7385.822608 6.325414e-16
7388.864018 6.537040e-16
7391.905428 6.534302e-16
7394.946838 6.473349e-16
7397.988248 6.469915e-16
7401.029659 6.406769e-16
7404.071069 6.516214e-16
7407.112479 6.343466e-16
7410.153889 6.346924e-16
7413.195299 6.377872e-16
7416.236710 6.290339e-16
7419.278120 6.280241e-16
7422.319530 6.294042e-16
7425.360940 6.373847e-16
7428.402350 6.551562e-16
7431.443760 6.485593e-16
7434.485171 6.609977e-16
7437.526581 6.621925e-16
7440.567991 6.457769e-16
7443.609401 6.411275e-16
7446.650811 6.520904e-16
7449.692222 6.437649e-16
7452.733632 6.592420e-16
7455.775042 6.758200e-16
7458.816452 6.540618e-16
7461.857862 6.597167e-16
7464.899273 6.779587e-16
7467.940683 6.796153e-16
7470.982093 6.771037e-16
7474.023503 6.645362e-16
7477.064913 6.754689e-16
7480.106323 6.674694e-16
7483.147734 6.656510e-16
7486.189144 6.791431e-16
7489.230554 6.697149e-16
7492.271964 6.676168e-16
7495.313374 6.623634e-16
7498.354785 6.665230e-16
7501.396195 6.641889e-16
7504.437605 6.629945e-16
7507.479015 6.548038e-16
7510.520425 6.619019e-16
7513.561835 6.731221e-16
7516.603246 6.536854e-16
7519.644656 6.629369e-16
7522.686066 6.749580e-16
7525.727476 6.757565e-16
7528.768886 6.622279e-16
7531.810297 6.642647e-16
7534.851707 6.556192e-16
7537.893117 6.610032e-16
7540.934527 6.609752e-16
7543.975937 6.851505e-16
7547.017348 6.397323e-16
7550.058758 6.475153e-16
7553.100168 6.411961e-16
7556.141578 6.383053e-16
7559.182988 6.430055e-16
7562.224398 6.614402e-16
7565.265809 6.506701e-16
7568.307219 6.285983e-16
7571.348629 6.460993e-16
7574.390039 6.549706e-16
7577.431449 6.353440e-16
7580.472860 6.230394e-16
7583.514270 6.513868e-16
7586.555680 6.331833e-16
7589.597090 6.206381e-16
7592.638500 6.192506e-16
7595.679910 6.108142e-16
7598.721321 5.622575e-16
7601.762731 5.595570e-16
7604.804141 5.565145e-16
7607.845551 5.497464e-16
7610.886961 5.641020e-16
7613.928372 5.950157e-16
7616.969782 6.385820e-16
7620.011192 6.256843e-16
7623.052602 5.904653e-16
7626.094012 5.465880e-16
7629.135422 6.080485e-16
7632.176833 6.149908e-16
7635.218243 6.298908e-16
7638.259653 5.996814e-16
7641.301063 6.082328e-16
7644.342473 6.131578e-16
7647.383884 6.064538e-16
7650.425294 6.027156e-16
7653.466704 6.197204e-16
7656.508114 5.882269e-16
7659.549524 6.050077e-16
7662.590935 6.306519e-16
7665.632345 5.913016e-16
7668.673755 6.322948e-16
7671.715165 6.087080e-16
7674.756575 6.199633e-16
7677.797985 6.395729e-16
7680.839396 6.396815e-16
7683.880806 6.555609e-16
7686.922216 6.418599e-16
7689.963626 6.326536e-16
7693.005036 6.212871e-16
7696.046447 6.405434e-16
7699.087857 6.563936e-16
7702.129267 6.609807e-16
7705.170677 6.361259e-16
7708.212087 6.533330e-16
7711.253497 6.288203e-16
7714.294908 6.068869e-16
7717.336318 6.124732e-16
7720.377728 5.743357e-16
7723.419138 5.306651e-16
7726.460548 5.159613e-16
7729.501959 5.143266e-16
7732.543369 5.201897e-16
7735.584779 5.320548e-16
7738.626189 5.364567e-16
7741.667599 5.349946e-16
7744.709010 5.305049e-16
7747.750420 5.627385e-16
7750.791830 5.526703e-16
7753.833240 5.590691e-16
7756.874650 5.931282e-16
7759.916060 6.118652e-16
7762.957471 5.977172e-16
7765.998881 6.210876e-16
7769.040291 6.238272e-16
7772.081701 6.134998e-16
7775.123111 6.430546e-16
7778.164522 6.590096e-16
7781.205932 6.595037e-16
7784.247342 6.440159e-16
7787.288752 6.444141e-16
7790.330162 6.671722e-16
7793.371572 6.702689e-16
7796.412983 6.873914e-16
7799.454393 6.935130e-16
7802.495803 6.694109e-16
7805.537213 6.503103e-16
7808.578623 6.581120e-16
7811.620034 6.680531e-16
7814.661444 6.797464e-16
7817.702854 6.550689e-16
7820.744264 6.447601e-16
7823.785674 6.361592e-16
7826.827084 6.314449e-16
7829.868495 6.249843e-16
7832.909905 6.199042e-16
7835.951315 6.218813e-16
7838.992725 6.231891e-16
7842.034135 6.233084e-16
7845.075546 6.281868e-16
7848.116956 6.259423e-16
7851.158366 6.146363e-16
7854.199776 6.416528e-16
7857.241186 5.993178e-16
7860.282597 6.068820e-16
7863.324007 6.302265e-16
7866.365417 6.009455e-16
7869.406827 5.660695e-16
7872.448237 5.891112e-16
7875.489647 6.214802e-16
7878.531058 6.234393e-16
7881.572468 6.024638e-16
7884.613878 6.211065e-16
7887.655288 6.027573e-16
7890.696698 5.819666e-16
7893.738109 5.996307e-16
7896.779519 6.214064e-16
7899.820929 5.911166e-16
7902.862339 6.079144e-16
7905.903749 5.901380e-16
7908.945159 6.088421e-16
7911.986570 6.136186e-16
7915.027980 6.311647e-16
7918.069390 5.924254e-16
7921.110800 6.040279e-16
7924.152210 6.060771e-16
7927.193621 6.147047e-16
7930.235031 6.015458e-16
7933.276441 6.127420e-16
7936.317851 6.052256e-16
7939.359261 5.979536e-16
7942.400672 5.980255e-16
7945.442082 5.981842e-16
7948.483492 6.004410e-16
7951.524902 5.831959e-16
7954.566312 5.945259e-16
7957.607722 6.056825e-16
7960.649133 5.899066e-16
7963.690543 5.840039e-16
7966.731953 6.008567e-16
7969.773363 5.948414e-16
7972.814773 6.149980e-16
7975.856184 6.189046e-16
7978.897594 6.013820e-16
7981.939004 5.823298e-16
7984.980414 5.718875e-16
7988.021824 6.061146e-16
7991.063234 5.910445e-16
7994.104645 5.821627e-16
7997.146055 5.838592e-16
8000.187465 5.970748e-16
8003.228875 5.887024e-16
8006.270285 5.757201e-16
8009.311696 5.903056e-16
8012.353106 6.087363e-16
8015.394516 6.064036e-16
8018.435926 5.829222e-16
8021.477336 5.912265e-16
8024.518747 5.733212e-16
8027.560157 5.852688e-16
8030.601567 5.794122e-16
8033.642977 5.720321e-16
8036.684387 5.660404e-16
8039.725797 5.893356e-16
8042.767208 5.943762e-16
8045.808618 5.712814e-16
8048.850028 5.553465e-16
8051.891438 5.708165e-16
8054.932848 5.714874e-16
8057.974259 5.750919e-16
8061.015669 5.716372e-16
8064.057079 5.716774e-16
8067.098489 5.757681e-16
8070.139899 5.789236e-16
8073.181309 5.891164e-16
8076.222720 5.623065e-16
8079.264130 5.749398e-16
8082.305540 5.807695e-16
8085.346950 5.666055e-16
8088.388360 5.447071e-16
8091.429771 5.692097e-16
8094.471181 5.800632e-16
8097.512591 5.774647e-16
8100.554001 5.602802e-16
8103.595411 5.624907e-16
8106.636821 5.471801e-16
8109.678232 5.398925e-16
8112.719642 5.778292e-16
8115.761052 5.774947e-16
8118.802462 5.656829e-16
8121.843872 5.781005e-16
8124.885283 5.678720e-16
8127.926693 5.705660e-16
8130.968103 5.595749e-16
8134.009513 5.585874e-16
8137.050923 5.598594e-16
8140.092334 5.366682e-16
8143.133744 5.702263e-16
8146.175154 5.613918e-16
8149.216564 5.533321e-16
8152.257974 5.349587e-16
8155.299384 5.419356e-16
8158.340795 5.246450e-16
8161.382205 5.161372e-16
8164.423615 5.273925e-16
8167.465025 5.484465e-16
8170.506435 5.222866e-16
8173.547846 5.442028e-16
8176.589256 5.272346e-16
8179.630666 5.028723e-16
8182.672076 5.384321e-16
8185.713486 5.454085e-16
8188.754896 5.280398e-16
8191.796307 5.398751e-16
8194.837717 5.395392e-16
8197.879127 5.317823e-16
8200.920537 5.372151e-16
8203.961947 5.130245e-16
8207.003358 5.221558e-16
8210.044768 5.479763e-16
8213.086178 5.198721e-16
8216.127588 5.337390e-16
8219.168998 5.271749e-16
8222.210409 5.299809e-16
8225.251819 5.210845e-16
8228.293229 5.250628e-16
8231.334639 5.390449e-16
8234.376049 5.604539e-16
8237.417459 5.338661e-16
8240.458870 5.401127e-16
8243.500280 5.519453e-16
8246.541690 5.615346e-16
8249.583100 5.328534e-16
8252.624510 5.240972e-16
8255.665921 5.414450e-16
8258.707331 5.417902e-16
8261.748741 5.492615e-16
8264.790151 5.684186e-16
8267.831561 5.474386e-16
8270.872971 5.541602e-16
8273.914382 5.544935e-16
8276.955792 5.594154e-16
8279.997202 5.476043e-16
8283.038612 5.382733e-16
8286.080022 5.140710e-16
8289.121433 5.054377e-16
8292.162843 5.434499e-16
8295.204253 5.374930e-16
8298.245663 5.163640e-16
8301.287073 5.162656e-16
8304.328483 5.121981e-16
8307.369894 5.554584e-16
8310.411304 5.483709e-16
8313.452714 5.259557e-16
8316.494124 5.677873e-16
8319.535534 5.617912e-16
8322.576945 5.293010e-16
8325.618355 5.476086e-16
8328.659765 5.390884e-16
8331.701175 5.551892e-16
8334.742585 5.461531e-16
8337.783996 5.260503e-16
8340.825406 5.558678e-16
8343.866816 5.356196e-16
8346.908226 5.468793e-16
8349.949636 5.455446e-16
8352.991046 5.229609e-16
8356.032457 5.281422e-16
8359.073867 5.168470e-16
8362.115277 5.127586e-16
8365.156687 5.013012e-16
8368.198097 5.005259e-16
8371.239508 4.404882e-16
8374.280918 4.591505e-16
8377.322328 4.215649e-16
8380.363738 3.734245e-16
8383.405148 3.354097e-16
8386.446558 2.907335e-16
8389.487969 2.689255e-16
8392.529379 2.355410e-16
8395.570789 1.950692e-16
8398.612199 1.826438e-16
8401.653609 1.568019e-16
8404.695020 1.549074e-16
8407.736430 1.301676e-16
8410.777840 1.015374e-16
8413.819250 1.086166e-16
8416.860660 9.562146e-17
8419.902071 8.847965e-17
8422.943481 8.301346e-17
8425.984891 1.104853e-16
8429.026301 8.525538e-17
8432.067711 8.073153e-17
8435.109121 1.208925e-16
8438.150532 1.295524e-16
8441.191942 1.190976e-16
8444.233352 1.056122e-16
8447.274762 1.120361e-16
8450.316172 1.256096e-16
8453.357583 1.332959e-16
8456.398993 1.441493e-16
8459.440403 1.627917e-16
8462.481813 1.688201e-16
8465.523223 1.776399e-16
8468.564633 2.030859e-16
8471.606044 2.217216e-16
8474.647454 2.411384e-16
8477.688864 2.474352e-16
8480.730274 2.871186e-16
8483.771684 3.062902e-16
8486.813095 3.482643e-16
8489.854505 3.745841e-16
8492.895915 3.970839e-16
8495.937325 4.547334e-16
8498.978735 4.969315e-16
8502.020145 5.139529e-16
8505.061556 5.144710e-16
8508.102966 5.630834e-16
8511.144376 6.148086e-16
8514.185786 6.533956e-16
8517.227196 6.278428e-16
8520.268607 6.129188e-16
8523.310017 6.323515e-16
8526.351427 6.580957e-16
8529.392837 6.624516e-16
8532.434247 6.165637e-16
8535.475658 6.032116e-16
8538.517068 5.886188e-16
8541.558478 5.170238e-16
8544.599888 4.947494e-16
8547.641298 4.709020e-16
8550.682708 4.795126e-16
8553.724119 4.233083e-16
8556.765529 4.252078e-16
8559.806939 4.058832e-16
8562.848349 3.839591e-16
8565.889759 3.465893e-16
8568.931170 3.489570e-16
8571.972580 3.301098e-16
8575.013990 3.300212e-16
8578.055400 3.217160e-16
8581.096810 2.980301e-16
8584.138220 2.941650e-16
8587.179631 3.120314e-16
8590.221041 3.296710e-16
8593.262451 3.232476e-16
8596.303861 3.218615e-16
8599.345271 3.624157e-16
8602.386682 3.690947e-16
8605.428092 3.836555e-16
8608.469502 4.210534e-16
8611.510912 4.782515e-16
8614.552322 4.935903e-16
8617.593733 5.282740e-16
8620.635143 5.472781e-16
8623.676553 5.785247e-16
8626.717963 6.006819e-16
8629.759373 6.498568e-16
8632.800783 6.952466e-16
8635.842194 7.150297e-16
8638.883604 7.270964e-16
8641.925014 7.855125e-16
8644.966424 8.209015e-16
8648.007834 8.301200e-16
8651.049245 8.545286e-16
8654.090655 8.139253e-16
8657.132065 8.358522e-16
8660.173475 8.587298e-16
8663.214885 8.825429e-16
8666.256295 8.805182e-16
8669.297706 8.530535e-16
8672.339116 8.661637e-16
8675.380526 8.940760e-16
8678.421936 8.606783e-16
8681.463346 8.765447e-16
8684.504757 8.932014e-16
8687.546167 8.712272e-16
8690.587577 8.989988e-16
8693.628987 9.001573e-16
8696.670397 8.419235e-16
8699.711807 8.744896e-16
8702.753218 8.770898e-16
8705.794628 8.631835e-16
8708.836038 8.647064e-16
8711.877448 8.150636e-16
8714.918858 8.316730e-16
8717.960269 8.098440e-16
8721.001679 8.042371e-16
8724.043089 8.249938e-16
8727.084499 8.043354e-16
8730.125909 7.853752e-16
8733.167320 8.225975e-16
8736.208730 7.873786e-16
8739.250140 7.645250e-16
8742.291550 7.834884e-16
8745.332960 7.768110e-16
8748.374370 7.396593e-16
8751.415781 6.980486e-16
8754.457191 7.090095e-16
8757.498601 6.972742e-16
8760.540011 6.786302e-16
8763.581421 7.096197e-16
8766.622832 6.562333e-16
8769.664242 6.652995e-16
8772.705652 6.638988e-16
8775.747062 6.595506e-16
8778.788472 6.123545e-16
8781.829882 6.380315e-16
8784.871293 6.590872e-16
8787.912703 6.672142e-16
8790.954113 5.930794e-16
8793.995523 6.157236e-16
8797.036933 5.971222e-16
8800.078344 5.879166e-16
8803.119754 6.140978e-16
8806.161164 6.018255e-16
8809.202574 5.778954e-16
8812.243984 5.324441e-16
8815.285395 5.406680e-16
8818.326805 5.559692e-16
8821.368215 5.385010e-16
8824.409625 5.041272e-16
8827.451035 4.983148e-16
8830.492445 5.139297e-16
8833.533856 4.830660e-16
8836.575266 5.221630e-16
8839.616676 5.614333e-16
8842.658086 5.211066e-16
8845.699496 4.874729e-16
8848.740907 5.169416e-16
8851.782317 5.119380e-16
8854.823727 5.364065e-16
8857.865137 4.388931e-16
8860.906547 4.343720e-16
8863.947957 4.489922e-16
8866.989368 4.554757e-16
8870.030778 4.268345e-16
8873.072188 4.185056e-16
8876.113598 4.206077e-16
8879.155008 4.048931e-16
8882.196419 4.029276e-16
8885.237829 4.335139e-16
8888.279239 3.940013e-16
8891.320649 4.283216e-16
8894.362059 4.616760e-16
8897.403470 5.030601e-16
8900.444880 4.730411e-16
8903.486290 4.713896e-16
8906.527700 4.914024e-16
8909.569110 4.926603e-16
8912.610520 5.187560e-16
8915.651931 5.124619e-16
8918.693341 4.911978e-16
8921.734751 4.885183e-16
8924.776161 4.760760e-16
8927.817571 5.030131e-16
8930.858982 5.001439e-16
8933.900392 4.584568e-16
8936.941802 4.752048e-16
8939.983212 4.991732e-16
8943.024622 4.878732e-16
8946.066032 4.888130e-16
8949.107443 4.813084e-16
8952.148853 4.562329e-16
8955.190263 4.701628e-16
8958.231673 4.829437e-16
8961.273083 4.606412e-16
8964.314494 4.303692e-16
8967.355904 4.656857e-16
8970.397314 4.667244e-16
8973.438724 4.676452e-16
8976.480134 4.708603e-16
8979.521544 4.731595e-16
8982.562955 4.895456e-16
8985.604365 4.637373e-16
8988.645775 4.049981e-16
8991.687185 4.716040e-16
8994.728595 4.633833e-16
8997.770006 4.875033e-16
9000.811416 4.792645e-16
9003.852826 4.236634e-16
9006.894236 4.743683e-16
9009.935646 4.209490e-16
9012.977057 4.096807e-16
9016.018467 4.596668e-16
9019.059877 4.563979e-16
9022.101287 4.251433e-16
9025.142697 4.201163e-16
9028.184107 4.511414e-16
9031.225518 3.978739e-16
9034.266928 3.709316e-16
9037.308338 3.686847e-16
9040.349748 3.673460e-16
9043.391158 3.700765e-16
9046.432569 3.772043e-16
9049.473979 3.702001e-16
9052.515389 3.749126e-16
9055.556799 3.449438e-16
9058.598209 3.829800e-16
9061.639619 3.860560e-16
9064.681030 4.063348e-16
9067.722440 4.142703e-16
9070.763850 3.901521e-16
9073.805260 3.985514e-16
9076.846670 3.978667e-16
9079.888081 3.976158e-16
9082.929491 3.985249e-16
9085.970901 3.962583e-16
9089.012311 4.475497e-16
9092.053721 4.218217e-16
9095.095132 4.194388e-16
9098.136542 4.469724e-16
9101.177952 4.433256e-16
9104.219362 4.471642e-16
9107.260772 4.138479e-16
9110.302182 4.174272e-16
9113.343593 4.310735e-16
9116.385003 4.297288e-16
9119.426413 4.633061e-16
9122.467823 4.806112e-16
9125.509233 4.499192e-16
9128.550644 4.502953e-16
9131.592054 4.255033e-16
9134.633464 4.824109e-16
9137.674874 4.400869e-16
9140.716284 4.204356e-16
9143.757694 4.238608e-16
9146.799105 4.082955e-16
9149.840515 4.439394e-16
9152.881925 4.020624e-16
9155.923335 3.869603e-16
9158.964745 3.497438e-16
9162.006156 3.423851e-16
9165.047566 3.887856e-16
9168.088976 3.812592e-16
9171.130386 3.522468e-16
9174.171796 3.290679e-16
9177.213206 3.557514e-16
9180.254617 3.619394e-16
9183.296027 3.204880e-16
9186.337437 3.542937e-16
9189.378847 3.577402e-16
9192.420257 3.794406e-16
9195.461668 4.092311e-16
9198.503078 3.681618e-16
9201.544488 3.708749e-16
9204.585898 4.190447e-16
9207.627308 3.948488e-16
9210.668719 3.561581e-16
9213.710129 3.618578e-16
9216.751539 3.563446e-16
9219.792949 3.318318e-16
9222.834359 3.777729e-16
9225.875769 3.692110e-16
9228.917180 4.181847e-16
9231.958590 4.564842e-16
9235.000000 4.175769e-16
