3239.493344 7.922487e-16
3241.743476 8.679424e-16
3243.993608 7.613274e-16
3246.243740 9.493895e-16
3248.493872 9.772332e-16
3250.744004 8.777739e-16
3252.994135 9.166483e-16
3255.244267 8.824447e-16
3257.494399 8.522319e-16
3259.744531 9.562612e-16
3261.994663 8.982441e-16
3264.244795 9.059237e-16
3266.494927 8.060186e-16
3268.745059 1.050963e-15
3270.995191 1.047771e-15
3273.245323 8.258053e-16
3275.495455 7.663022e-16
3277.745586 8.444393e-16
3279.995718 8.430370e-16
3282.245850 8.020822e-16
3284.495982 8.811690e-16
3286.746114 9.079504e-16
3288.996246 8.586424e-16
3291.246378 9.444332e-16
3293.496510 9.395280e-16
3295.746642 8.186887e-16
3297.996774 7.317120e-16
3300.246905 8.972747e-16
3302.497037 9.479558e-16
3304.747169 9.230522e-16
3306.997301 9.329045e-16
3309.247433 8.020947e-16
3311.497565 7.430733e-16
3313.747697 8.813853e-16
3315.997829 9.288288e-16
3318.247961 9.150771e-16
3320.498093 9.231744e-16
3322.748225 1.002161e-15
3324.998356 9.508930e-16
3327.248488 1.026454e-15
3329.498620 1.023101e-15
3331.748752 8.533933e-16
3333.998884 9.828555e-16
3336.249016 9.926986e-16
3338.499148 1.024759e-15
3340.749280 9.414084e-16
3342.999412 9.651448e-16
3345.249544 1.032437e-15
3347.499675 1.041479e-15
3349.749807 9.368906e-16
3351.999939 1.035508e-15
3354.250071 9.852091e-16
3356.500203 1.004807e-15
3358.750335 1.042037e-15
3361.000467 8.927671e-16
3363.250599 9.304777e-16
3365.500731 1.018363e-15
3367.750863 1.003244e-15
3370.000995 1.042561e-15
3372.251126 1.005639e-15
3374.501258 8.629552e-16
3376.751390 7.694231e-16
3379.001522 8.118993e-16
3381.251654 9.857634e-16
3383.501786 1.003999e-15
3385.751918 9.439095e-16
3388.002050 9.301100e-16
3390.252182 9.153330e-16
3392.502314 9.262407e-16
3394.752445 1.059529e-15
3397.002577 8.720555e-16
3399.252709 9.417702e-16
3401.502841 9.411140e-16
3403.752973 9.151227e-16
3406.003105 8.845307e-16
3408.253237 9.266967e-16
3410.503369 9.422036e-16
3412.753501 9.262050e-16
3415.003633 9.325278e-16
3417.253765 9.564133e-16
3419.503896 8.821104e-16
3421.754028 8.964858e-16
3424.004160 9.149595e-16
3426.254292 8.948756e-16
3428.504424 1.025181e-15
3430.754556 1.010569e-15
3433.004688 7.689189e-16
3435.254820 9.185086e-16
3437.504952 9.504039e-16
3439.755084 9.658933e-16
3442.005215 8.745130e-16
3444.255347 9.306437e-16
3446.505479 9.159856e-16
3448.755611 9.846313e-16
3451.005743 9.798229e-16
3453.255875 9.749472e-16
3455.506007 9.907496e-16
3457.756139 1.003281e-15
3460.006271 9.556469e-16
3462.256403 9.417257e-16
3464.506535 9.400253e-16
3466.756666 1.121307e-15
3469.006798 1.080397e-15
3471.256930 1.092316e-15
3473.507062 1.040446e-15
3475.757194 1.070494e-15
3478.007326 1.021434e-15
3480.257458 1.067789e-15
3482.507590 1.089934e-15
3484.757722 1.019147e-15
3487.007854 8.913319e-16
3489.257985 9.664339e-16
3491.508117 1.072383e-15
3493.758249 1.055509e-15
3496.008381 9.585312e-16
3498.258513 8.899597e-16
3500.508645 9.299538e-16
3502.758777 9.478708e-16
3505.008909 1.006292e-15
3507.259041 1.026709e-15
3509.509173 9.483103e-16
3511.759305 1.032120e-15
3514.009436 9.847779e-16
3516.259568 9.993860e-16
3518.509700 1.031083e-15
3520.759832 1.084364e-15
3523.009964 1.043212e-15
3525.260096 9.439764e-16
3527.510228 9.531221e-16
3529.760360 1.005589e-15
3532.010492 9.556501e-16
3534.260624 1.000368e-15
3536.510755 1.015850e-15
3538.760887 9.181400e-16
3541.011019 1.020581e-15
3543.261151 1.033981e-15
3545.511283 9.679487e-16
3547.761415 1.030583e-15
3550.011547 9.930930e-16
3552.261679 1.091497e-15
3554.511811 9.977014e-16
3556.761943 9.173174e-16
3559.012075 9.376132e-16
3561.262206 9.152184e-16
3563.512338 9.921117e-16
3565.762470 1.128870e-15
3568.012602 9.905686e-16
3570.262734 1.087782e-15
3572.512866 1.092730e-15
3574.762998 1.035279e-15
3577.013130 1.029572e-15
3579.263262 1.004398e-15
3581.513394 9.953242e-16
3583.763525 9.842460e-16
3586.013657 1.000959e-15
3588.263789 1.021311e-15
3590.513921 1.092520e-15
3592.764053 1.058319e-15
3595.014185 9.739945e-16
3597.264317 1.008636e-15
3599.514449 9.393135e-16
3601.764581 8.614770e-16
3604.014713 9.567811e-16
3606.264845 1.070245e-15
3608.514976 1.057591e-15
3610.765108 1.029172e-15
3613.015240 9.800704e-16
3615.265372 1.068965e-15
3617.515504 1.036978e-15
3619.765636 1.081943e-15
3622.015768 1.084573e-15
3624.265900 1.044607e-15
3626.516032 1.068617e-15
3628.766164 1.085396e-15
3631.016295 1.065465e-15
3633.266427 1.117830e-15
3635.516559 1.082560e-15
3637.766691 1.104581e-15
3640.016823 1.143650e-15
3642.266955 1.126959e-15
3644.517087 1.098255e-15
3646.767219 1.094244e-15
3649.017351 9.808322e-16
3651.267483 1.016484e-15
3653.517615 1.106895e-15
3655.767746 1.116901e-15
3658.017878 1.030983e-15
3660.268010 1.154530e-15
3662.518142 1.022012e-15
3664.768274 1.040410e-15
3667.018406 1.155093e-15
3669.268538 1.168974e-15
3671.518670 1.130777e-15
3673.768802 1.079294e-15
3676.018934 1.128370e-15
3678.269065 1.132190e-15
3680.519197 1.150400e-15
3682.769329 1.168855e-15
3685.019461 1.105420e-15
3687.269593 1.101614e-15
3689.519725 1.255107e-15
3691.769857 1.184325e-15
3694.019989 1.124342e-15
3696.270121 1.104093e-15
3698.520253 1.071418e-15
3700.770385 1.095258e-15
3703.020516 1.089758e-15
3705.270648 1.129814e-15
3707.520780 1.176694e-15
3709.770912 1.127151e-15
3712.021044 1.175209e-15
3714.271176 1.147647e-15
3716.521308 1.103455e-15
3718.771440 1.125281e-15
3721.021572 1.160566e-15
3723.271704 1.172248e-15
3725.521835 1.194288e-15
3727.771967 1.174312e-15
3730.022099 1.111975e-15
3732.272231 1.185605e-15
3734.522363 1.195284e-15
3736.772495 1.108156e-15
3739.022627 1.026464e-15
3741.272759 1.046351e-15
3743.522891 1.185990e-15
3745.773023 1.169369e-15
3748.023155 1.228656e-15
3750.273286 1.275802e-15
3752.523418 1.192298e-15
3754.773550 1.252097e-15
3757.023682 1.178865e-15
3759.273814 1.215290e-15
3761.523946 1.176669e-15
3763.774078 1.257724e-15
3766.024210 1.221251e-15
3768.274342 1.248958e-15
3770.524474 1.290984e-15
3772.774605 1.222718e-15
3775.024737 1.134581e-15
3777.274869 1.170843e-15
3779.525001 1.250289e-15
3781.775133 1.180761e-15
3784.025265 1.237128e-15
3786.275397 1.141906e-15
3788.525529 1.147011e-15
3790.775661 1.261594e-15
3793.025793 1.269510e-15
3795.275925 1.245552e-15
3797.526056 1.216877e-15
3799.776188 1.227996e-15
3802.026320 1.222503e-15
3804.276452 1.229639e-15
3806.526584 1.201908e-15
3808.776716 1.270204e-15
3811.026848 1.199255e-15
3813.276980 1.163841e-15
3815.527112 1.222880e-15
3817.777244 1.164804e-15
3820.027375 1.136609e-15
3822.277507 1.144506e-15
3824.527639 1.168370e-15
3826.777771 1.268168e-15
3829.027903 1.069134e-15
3831.278035 1.132492e-15
3833.528167 1.169505e-15
3835.778299 1.172651e-15
3838.028431 1.148943e-15
3840.278563 1.185192e-15
3842.528695 1.141986e-15
3844.778826 1.088647e-15
3847.028958 1.162317e-15
3849.279090 1.154974e-15
3851.529222 1.145377e-15
3853.779354 1.109397e-15
3856.029486 1.087658e-15
3858.279618 1.061080e-15
3860.529750 1.132354e-15
3862.779882 1.200994e-15
3865.030014 1.072241e-15
3867.280145 1.010808e-15
3869.530277 1.116170e-15
3871.780409 1.135184e-15
3874.030541 1.101325e-15
3876.280673 1.101678e-15
3878.530805 1.137215e-15
3880.780937 1.110442e-15
3883.031069 1.035605e-15
3885.281201 1.120282e-15
3887.531333 1.146267e-15
3889.781465 1.137175e-15
3892.031596 1.115947e-15
3894.281728 1.181878e-15
3896.531860 1.163393e-15
3898.781992 1.181124e-15
3901.032124 1.283511e-15
3903.282256 1.241984e-15
3905.532388 1.254791e-15
3907.782520 1.226149e-15
3910.032652 1.234370e-15
3912.282784 1.236604e-15
3914.532915 1.196725e-15
3916.783047 1.270364e-15
3919.033179 1.282539e-15
3921.283311 1.356480e-15
3923.533443 1.261936e-15
3925.783575 1.301017e-15
3928.033707 1.244050e-15
3930.283839 1.180575e-15
3932.533971 1.225711e-15
3934.784103 1.303473e-15
3937.034235 1.277880e-15
3939.284366 1.188802e-15
3941.534498 1.260288e-15
3943.784630 1.297543e-15
3946.034762 1.268128e-15
3948.284894 1.253142e-15
3950.535026 1.302652e-15
3952.785158 1.278618e-15
3955.035290 1.288062e-15
3957.285422 1.309636e-15
3959.535554 1.267967e-15
3961.785685 1.237327e-15
3964.035817 1.188952e-15
3966.285949 1.267389e-15
3968.536081 1.261012e-15
3970.786213 1.228619e-15
3984.287005 1.257037e-15
3986.537136 1.236942e-15
3988.787268 1.220936e-15
3991.037400 1.249467e-15
3993.287532 1.189644e-15
3995.537664 1.188903e-15
3997.787796 1.131958e-15
4000.037928 1.252512e-15
4002.288060 1.215382e-15
4004.538192 1.133100e-15
4006.788324 1.163620e-15
4009.038456 1.187119e-15
4011.288587 1.150501e-15
4013.538719 1.213391e-15
4015.788851 1.274989e-15
4018.038983 1.259649e-15
4020.289115 1.134385e-15
4022.539247 1.241301e-15
4024.789379 1.252071e-15
4027.039511 1.179579e-15
4029.289643 1.227684e-15
4031.539775 1.237430e-15
4033.789906 1.239302e-15
4036.040038 1.281594e-15
4038.290170 1.189387e-15
4040.540302 1.218197e-15
4042.790434 1.246912e-15
4045.040566 1.256898e-15
4047.290698 1.278406e-15
4049.540830 1.242535e-15
4051.790962 1.282689e-15
4054.041094 1.309966e-15
4056.291226 1.281671e-15
4058.541357 1.327241e-15
4060.791489 1.260102e-15
4063.041621 1.273646e-15
4065.291753 1.231641e-15
4067.541885 1.288759e-15
4069.792017 1.387035e-15
4072.042149 1.361989e-15
4074.292281 1.283601e-15
4076.542413 1.243059e-15
4078.792545 1.307385e-15
4081.042676 1.317969e-15
4083.292808 1.236004e-15
4085.542940 1.241155e-15
4087.793072 1.278107e-15
4090.043204 1.295311e-15
4092.293336 1.320658e-15
4094.543468 1.293912e-15
4096.793600 1.271958e-15
4099.043732 1.240766e-15
4101.293864 1.232858e-15
4103.543996 1.255037e-15
4105.794127 1.192975e-15
4108.044259 1.174035e-15
4110.294391 1.223254e-15
4112.544523 1.259822e-15
4114.794655 1.228504e-15
4117.044787 1.262749e-15
4119.294919 1.299828e-15
4121.545051 1.238970e-15
4123.795183 1.204760e-15
4126.045315 1.253668e-15
4128.295446 1.206788e-15
4130.545578 1.235748e-15
4132.795710 1.222856e-15
4135.045842 1.223822e-15
4137.295974 1.276861e-15
4139.546106 1.256176e-15
4141.796238 1.222524e-15
4144.046370 1.187851e-15
4146.296502 1.271292e-15
4148.546634 1.240603e-15
4150.796766 1.224700e-15
4153.046897 1.162971e-15
4155.297029 1.237391e-15
4157.547161 1.238129e-15
4159.797293 1.259093e-15
4162.047425 1.274003e-15
4164.297557 1.156407e-15
4166.547689 1.250789e-15
4168.797821 1.245882e-15
4171.047953 1.210142e-15
4173.298085 1.196201e-15
4175.548216 1.245791e-15
4177.798348 1.227785e-15
4180.048480 1.212647e-15
4182.298612 1.256108e-15
4184.548744 1.321203e-15
4186.798876 1.249263e-15
4189.049008 1.273350e-15
4191.299140 1.194949e-15
4193.549272 1.208629e-15
4195.799404 1.197521e-15
4198.049536 1.215509e-15
4200.299667 1.209995e-15
4202.549799 1.119663e-15
4204.799931 1.172531e-15
4207.050063 1.174339e-15
4209.300195 1.106721e-15
4211.550327 1.122569e-15
4213.800459 1.141956e-15
4216.050591 1.159669e-15
4218.300723 1.159479e-15
4220.550855 1.096611e-15
4222.800986 1.097127e-15
4225.051118 1.175165e-15
4227.301250 1.085218e-15
4229.551382 1.066905e-15
4231.801514 1.139207e-15
4234.051646 1.126658e-15
4236.301778 1.106122e-15
4238.551910 1.156693e-15
4240.802042 1.182994e-15
4243.052174 1.112059e-15
4245.302306 1.097717e-15
4247.552437 1.077021e-15
4249.802569 1.167174e-15
4252.052701 1.115076e-15
4254.302833 1.160683e-15
4256.552965 1.112930e-15
4258.803097 1.148860e-15
4261.053229 1.163289e-15
4263.303361 1.124150e-15
4265.553493 1.146163e-15
4267.803625 1.205632e-15
4270.053756 1.123025e-15
4272.303888 1.159191e-15
4274.554020 1.192304e-15
4276.804152 1.206298e-15
4279.054284 1.122764e-15
4281.304416 1.126840e-15
4283.554548 1.185320e-15
4285.804680 1.160508e-15
4288.054812 1.217325e-15
4290.304944 1.274080e-15
4292.555076 1.247542e-15
4294.805207 1.250688e-15
4297.055339 1.235955e-15
4299.305471 1.254131e-15
4301.555603 1.211997e-15
4303.805735 1.243579e-15
4306.055867 1.218253e-15
4308.305999 1.240353e-15
4310.556131 1.308137e-15
4312.806263 1.198368e-15
4315.056395 1.228659e-15
4317.306526 1.223285e-15
4319.556658 1.259846e-15
4321.806790 1.271420e-15
4324.056922 1.240066e-15
4326.307054 1.185188e-15
4328.557186 1.222694e-15
4330.807318 1.226118e-15
4333.057450 1.268388e-15
4335.307582 1.211700e-15
4337.557714 1.249550e-15
4339.807846 1.151328e-15
4342.057977 1.133112e-15
4344.308109 1.141952e-15
4346.558241 1.120626e-15
4348.808373 1.118971e-15
4351.058505 1.064813e-15
4353.308637 1.116464e-15
4355.558769 1.111339e-15
4357.808901 1.120980e-15
4360.059033 1.102849e-15
4362.309165 1.114622e-15
4364.559296 1.210474e-15
4366.809428 1.170908e-15
4369.059560 1.180406e-15
4371.309692 1.248958e-15
4373.559824 1.282029e-15
4375.809956 1.224899e-15
4378.060088 1.191235e-15
4380.310220 1.201501e-15
4382.560352 1.240994e-15
4384.810484 1.231590e-15
4387.060616 1.238348e-15
4389.310747 1.304768e-15
4391.560879 1.250723e-15
4393.811011 1.180101e-15
4396.061143 1.286663e-15
4398.311275 1.307937e-15
4400.561407 1.208742e-15
4402.811539 1.137361e-15
4405.061671 1.152902e-15
4407.311803 1.228702e-15
4409.561935 1.231607e-15
4411.812066 1.238046e-15
4414.062198 1.181471e-15
4416.312330 1.145362e-15
4418.562462 1.163605e-15
4420.812594 1.145951e-15
4423.062726 1.159290e-15
4425.312858 1.102297e-15
4427.562990 1.137742e-15
4429.813122 1.135668e-15
4432.063254 1.159210e-15
4434.313386 1.187611e-15
4436.563517 1.134985e-15
4438.813649 1.147015e-15
4441.063781 1.109578e-15
4443.313913 1.131680e-15
4445.564045 1.218396e-15
4447.814177 1.147990e-15
4450.064309 1.205924e-15
4452.314441 1.172960e-15
4454.564573 1.160703e-15
4456.814705 1.180083e-15
4459.064836 1.190209e-15
4461.314968 1.207496e-15
4463.565100 1.147798e-15
4465.815232 1.194067e-15
4468.065364 1.199525e-15
4470.315496 1.175956e-15
4472.565628 1.179476e-15
4474.815760 1.153643e-15
4477.065892 1.125160e-15
4479.316024 1.117241e-15
4481.566156 1.176773e-15
4483.816287 1.180290e-15
4486.066419 1.141588e-15
4488.316551 1.127009e-15
4490.566683 1.191662e-15
4492.816815 1.212209e-15
4495.066947 1.287216e-15
4497.317079 1.300555e-15
4499.567211 1.158412e-15
4501.817343 1.156115e-15
4504.067475 1.168212e-15
4506.317606 1.209830e-15
4508.567738 1.161475e-15
4510.817870 1.178010e-15
4513.068002 1.186365e-15
4515.318134 1.019176e-15
4517.568266 1.083094e-15
4519.818398 1.152418e-15
4522.068530 1.177707e-15
4524.318662 1.177624e-15
4526.568794 1.184671e-15
4528.818926 1.137113e-15
4531.069057 1.171784e-15
4533.319189 1.148045e-15
4535.569321 1.146884e-15
4537.819453 1.162320e-15
4540.069585 1.140615e-15
4542.319717 1.152057e-15
4544.569849 1.166955e-15
4546.819981 1.142797e-15
4549.070113 1.119681e-15
4551.320245 1.167476e-15
4553.570376 1.116626e-15
4555.820508 1.127410e-15
4558.070640 1.104532e-15
4560.320772 1.160711e-15
4562.570904 1.175063e-15
4564.821036 1.171061e-15
4567.071168 1.154070e-15
4569.321300 1.147721e-15
4571.571432 1.174666e-15
4573.821564 1.169192e-15
4576.071696 1.120905e-15
4578.321827 1.152144e-15
4580.571959 1.136905e-15
4582.822091 1.151736e-15
4585.072223 1.074563e-15
4587.322355 1.170651e-15
4589.572487 1.223118e-15
4591.822619 1.171784e-15
4594.072751 1.195653e-15
4596.322883 1.224868e-15
4598.573015 1.161759e-15
4600.823146 1.139247e-15
4603.073278 1.114273e-15
4605.323410 1.146352e-15
4607.573542 1.176584e-15
4609.823674 1.123437e-15
4612.073806 1.117504e-15
4614.323938 1.121314e-15
4616.574070 1.147326e-15
4618.824202 1.142284e-15
4621.074334 1.165867e-15
4623.324466 1.093015e-15
4625.574597 1.055487e-15
4627.824729 1.050847e-15
4630.074861 1.098879e-15
4632.324993 1.103237e-15
4634.575125 1.131233e-15
4636.825257 1.112556e-15
4639.075389 1.120002e-15
4641.325521 1.098166e-15
4643.575653 1.086263e-15
4645.825785 1.054148e-15
4648.075916 1.060699e-15
4650.326048 1.104463e-15
4652.576180 1.088607e-15
4654.826312 1.055290e-15
4657.076444 1.096515e-15
4659.326576 1.133162e-15
4661.576708 1.073456e-15
4663.826840 1.066673e-15
4666.076972 1.084382e-15
4668.327104 1.086406e-15
4670.577236 1.080243e-15
4672.827367 1.066691e-15
4675.077499 1.043581e-15
4677.327631 1.056185e-15
4679.577763 1.066559e-15
4681.827895 1.068234e-15
4684.078027 1.096247e-15
4686.328159 1.106710e-15
4688.578291 1.152875e-15
4690.828423 1.032287e-15
4693.078555 1.043440e-15
4695.328686 1.078719e-15
4697.578818 1.063437e-15
4699.828950 1.029704e-15
4702.079082 1.047551e-15
4704.329214 1.077473e-15
4706.579346 1.049619e-15
4708.829478 1.053130e-15
4711.079610 1.066664e-15
4713.329742 1.070627e-15
4715.579874 1.126320e-15
4717.830006 1.055042e-15
4720.080137 1.021820e-15
4722.330269 1.023661e-15
4724.580401 9.597512e-16
4726.830533 9.969126e-16
4729.080665 1.068610e-15
4731.330797 1.021521e-15
4733.580929 1.031185e-15
4735.831061 9.976792e-16
4738.081193 9.834056e-16
4740.331325 9.878263e-16
4742.581457 9.807942e-16
4744.831588 9.734831e-16
4747.081720 9.953044e-16
4749.331852 9.903600e-16
4751.581984 9.933876e-16
4753.832116 9.981408e-16
4756.082248 9.822911e-16
4758.332380 9.470053e-16
4760.582512 1.045505e-15
4762.832644 1.078966e-15
4765.082776 1.090828e-15
4767.332907 1.005589e-15
4769.583039 1.016159e-15
4771.833171 1.047654e-15
4774.083303 1.105949e-15
4776.333435 1.005724e-15
4778.583567 1.028336e-15
4780.833699 1.006393e-15
4783.083831 1.034810e-15
4785.333963 1.057921e-15
4787.584095 9.949437e-16
4789.834227 1.034159e-15
4792.084358 1.035402e-15
4794.334490 1.035473e-15
4796.584622 1.038518e-15
4798.834754 1.062840e-15
4801.084886 1.015956e-15
4803.335018 9.941111e-16
4805.585150 1.074857e-15
4807.835282 1.131648e-15
4810.085414 1.137884e-15
4812.335546 1.086175e-15
4814.585677 1.107184e-15
4816.835809 1.103811e-15
4819.085941 1.041488e-15
4821.336073 1.028000e-15
4823.586205 1.076551e-15
4825.836337 1.101219e-15
4828.086469 1.137949e-15
4830.336601 1.062407e-15
4832.586733 1.048193e-15
4834.836865 1.113513e-15
4837.086997 1.138900e-15
4839.337128 1.098694e-15
4841.587260 1.083337e-15
4843.837392 1.114776e-15
4846.087524 1.111875e-15
4848.337656 1.093202e-15
4850.587788 1.077599e-15
4852.837920 1.057738e-15
4855.088052 1.086822e-15
4857.338184 1.110245e-15
4859.588316 1.095795e-15
4861.838447 1.073022e-15
4864.088579 1.086786e-15
4866.338711 1.117578e-15
4868.588843 1.127099e-15
4870.838975 1.081444e-15
4873.089107 1.041943e-15
4875.339239 1.073740e-15
4877.589371 1.066652e-15
4879.839503 1.090818e-15
4882.089635 1.086858e-15
4884.339767 1.088862e-15
4886.589898 1.078085e-15
4888.840030 1.041833e-15
4891.090162 1.050670e-15
4893.340294 1.067478e-15
4895.590426 1.085754e-15
4897.840558 1.064819e-15
4900.090690 1.072346e-15
4902.340822 1.055296e-15
4904.590954 1.059642e-15
4906.841086 1.058193e-15
4909.091217 1.052314e-15
4911.341349 1.039029e-15
4913.591481 1.041923e-15
4915.841613 1.000846e-15
4918.091745 1.055619e-15
4920.341877 1.016244e-15
4922.592009 1.030922e-15
4924.842141 1.037338e-15
4927.092273 1.013966e-15
4929.342405 1.060845e-15
4931.592537 1.085618e-15
4933.842668 1.070372e-15
4936.092800 1.055499e-15
4938.342932 1.042872e-15
4940.593064 1.046284e-15
4942.843196 1.064982e-15
4945.093328 1.083991e-15
4947.343460 1.063284e-15
4949.593592 1.011309e-15
4951.843724 9.975590e-16
4954.093856 1.022069e-15
4956.343987 1.018182e-15
4958.594119 9.950201e-16
4960.844251 1.015570e-15
4963.094383 1.064793e-15
4965.344515 1.085553e-15
4967.594647 1.076900e-15
4969.844779 1.062626e-15
4972.094911 1.054698e-15
4974.345043 1.060738e-15
4976.595175 1.076992e-15
4978.845307 1.094703e-15
4981.095438 1.102969e-15
4983.345570 1.093342e-15
4985.595702 1.066134e-15
4987.845834 1.029013e-15
4990.095966 1.021726e-15
4992.346098 1.066250e-15
4994.596230 1.099687e-15
4996.846362 1.078997e-15
4999.096494 1.046515e-15
5001.346626 1.034248e-15
5003.596757 1.037767e-15
5005.846889 1.049216e-15
5008.097021 1.053846e-15
5010.347153 1.044533e-15
5012.597285 1.026302e-15
5014.847417 1.011387e-15
5017.097549 1.023406e-15
5019.347681 1.050642e-15
5021.597813 1.044943e-15
5023.847945 1.012985e-15
5026.098077 1.003685e-15
5028.348208 1.017531e-15
5030.598340 1.026236e-15
5032.848472 1.031433e-15
5035.098604 1.047196e-15
5037.348736 1.063223e-15
5039.598868 1.062544e-15
5041.849000 1.051279e-15
5044.099132 1.041891e-15
5046.349264 1.038442e-15
5048.599396 1.042158e-15
5050.849527 1.050790e-15
5053.099659 1.059368e-15
5055.349791 1.066189e-15
5057.599923 1.063365e-15
5059.850055 9.948869e-16
5062.100187 8.513857e-16
5064.350319 7.947184e-16
5066.600451 8.964702e-16
5068.850583 9.656091e-16
5071.100715 9.139495e-16
5073.350847 8.864805e-16
5075.600978 9.396590e-16
5077.851110 9.855722e-16
5080.101242 9.924016e-16
5082.351374 9.942053e-16
5084.601506 1.000628e-15
5086.851638 1.001990e-15
5089.101770 9.968056e-16
5091.351902 9.863889e-16
5093.602034 9.845890e-16
5095.852166 1.013345e-15
5098.102297 1.051138e-15
5100.352429 1.056521e-15
5102.602561 1.032087e-15
5104.852693 9.984519e-16
5107.102825 9.785664e-16
5109.352957 9.927850e-16
5111.603089 1.017462e-15
5113.853221 1.022022e-15
5116.103353 1.018915e-15
5118.353485 1.025205e-15
5120.603617 1.037578e-15
5122.853748 1.050493e-15
5125.103880 1.061774e-15
5127.354012 1.066765e-15
5129.604144 1.049301e-15
5131.854276 1.007586e-15
5134.104408 9.778143e-16
5136.354540 9.800511e-16
5138.604672 9.976371e-16
5140.854804 1.014653e-15
5143.104936 1.018434e-15
5145.355067 1.004621e-15
5147.605199 9.804508e-16
5149.855331 9.581437e-16
5152.105463 9.564609e-16
5154.355595 9.677145e-16
5156.605727 9.589928e-16
5158.855859 9.453949e-16
5161.105991 9.743972e-16
5163.356123 1.019835e-15
5165.606255 1.019413e-15
5167.856387 9.897791e-16
5170.106518 9.779857e-16
5172.356650 9.866590e-16
5174.606782 1.004218e-15
5176.856914 1.017381e-15
5179.107046 1.013598e-15
5181.357178 1.002396e-15
5183.607310 9.958914e-16
5185.857442 9.832108e-16
5188.107574 9.578323e-16
5190.357706 9.528333e-16
5192.607837 9.859800e-16
5194.857969 1.004734e-15
5197.108101 9.800305e-16
5199.358233 9.651300e-16
5201.608365 9.863753e-16
5203.858497 1.001456e-15
5206.108629 9.930280e-16
5208.358761 9.899208e-16
5210.608893 9.987860e-16
5212.859025 9.959562e-16
5215.109157 9.790430e-16
5217.359288 9.679075e-16
5219.609420 9.684457e-16
5221.859552 9.744598e-16
5224.109684 9.853244e-16
5226.359816 1.004363e-15
5228.609948 1.018431e-15
5230.860080 1.006335e-15
5233.110212 9.848338e-16
5235.360344 9.858737e-16
5237.610476 9.997378e-16
5239.860607 1.004016e-15
5242.110739 1.002329e-15
5244.360871 1.003681e-15
5246.611003 1.011684e-15
5248.861135 1.026795e-15
5251.111267 1.031482e-15
5253.361399 1.012428e-15
5255.611531 9.893193e-16
5257.861663 9.800722e-16
5260.111795 9.819193e-16
5262.361927 9.882023e-16
5264.612058 9.843494e-16
5266.862190 9.664016e-16
5269.112322 9.571759e-16
5271.362454 9.677066e-16
5273.612586 9.862005e-16
5275.862718 1.002662e-15
5278.112850 1.010168e-15
5280.362982 1.005927e-15
5282.613114 9.920483e-16
5284.863246 9.770617e-16
5287.113377 9.758185e-16
5289.363509 9.828619e-16
5291.613641 9.777807e-16
5293.863773 9.616374e-16
5296.113905 9.476527e-16
5298.364037 9.415067e-16
5300.614169 9.450248e-16
5302.864301 9.575991e-16
5305.114433 9.766256e-16
5307.364565 9.880356e-16
5309.614697 9.778840e-16
5311.864828 9.637566e-16
5314.114960 9.658985e-16
5316.365092 9.711905e-16
5318.615224 9.649428e-16
5320.865356 9.503282e-16
5323.115488 9.342606e-16
5325.365620 9.331976e-16
5327.615752 9.533975e-16
5329.865884 9.648276e-16
5332.116016 9.537659e-16
5334.366147 9.551158e-16
5336.616279 9.776558e-16
5338.866411 9.747204e-16
5341.116543 9.380898e-16
5343.366675 9.188208e-16
5345.616807 9.314105e-16
5347.866939 9.478157e-16
5350.117071 9.508573e-16
5352.367203 9.312853e-16
5354.617335 8.994521e-16
5356.867467 8.823410e-16
5359.117598 8.825723e-16
5361.367730 8.871041e-16
5363.617862 8.961814e-16
5365.867994 9.150125e-16
5368.118126 9.346635e-16
5370.368258 9.425019e-16
5372.618390 9.395865e-16
5374.868522 9.317407e-16
5377.118654 9.226765e-16
5379.368786 9.158706e-16
5381.618917 9.204016e-16
5383.869049 9.404298e-16
5386.119181 9.487623e-16
5388.369313 9.263167e-16
5390.619445 9.041945e-16
5392.869577 9.062805e-16
5395.119709 9.174371e-16
5397.369841 9.254189e-16
5399.619973 9.315715e-16
5401.870105 9.355016e-16
5404.120237 9.336894e-16
5406.370368 9.272476e-16
5408.620500 9.245749e-16
5410.870632 9.260020e-16
5413.120764 9.206966e-16
5415.370896 9.099337e-16
5417.621028 9.073651e-16
5419.871160 9.124499e-16
5422.121292 9.140504e-16
5424.371424 9.104149e-16
5426.621556 9.040914e-16
5428.871687 9.069687e-16
5431.121819 9.354395e-16
5433.371951 9.596616e-16
5435.622083 9.353984e-16
5437.872215 8.925033e-16
5440.122347 8.796365e-16
5442.372479 8.807028e-16
5444.622611 8.690679e-16
5446.872743 8.639976e-16
5449.122875 8.845428e-16
5451.373007 9.073156e-16
5453.623138 9.112126e-16
5455.873270 9.075164e-16
5458.123402 9.083351e-16
5460.373534 9.210147e-16
5462.623666 9.427558e-16
5464.873798 9.409198e-16
5467.123930 9.063197e-16
5469.374062 8.826047e-16
5471.624194 8.881152e-16
5473.874326 8.973604e-16
5476.124458 8.967619e-16
5478.374589 8.859124e-16
5480.624721 8.751155e-16
5482.874853 8.904011e-16
5485.124985 9.178559e-16
5487.375117 9.075429e-16
5489.625249 8.776945e-16
5491.875381 8.917812e-16
5494.125513 9.276942e-16
5496.375645 9.210715e-16
5498.625777 8.901473e-16
5500.875908 8.835682e-16
5503.126040 8.955958e-16
5505.376172 9.052124e-16
5507.626304 8.994051e-16
5509.876436 8.708873e-16
5512.126568 8.552728e-16
5514.376700 8.851539e-16
5516.626832 9.246106e-16
5518.876964 9.361482e-16
5521.127096 9.215167e-16
5523.377228 8.911230e-16
5525.627359 8.697963e-16
5527.877491 8.732430e-16
5530.127623 8.866331e-16
5532.377755 8.964376e-16
5534.627887 8.957088e-16
5536.878019 8.856988e-16
5539.128151 8.845925e-16
5541.378283 8.938474e-16
5543.628415 8.890483e-16
5545.878547 8.718053e-16
5548.128678 8.723323e-16
5550.378810 8.934708e-16
5552.628942 9.152381e-16
5554.879074 9.280302e-16
5557.129206 9.288957e-16
5559.379338 9.206337e-16
5561.629470 9.103901e-16
5563.879602 9.018662e-16
5566.129734 8.962574e-16
5568.379866 8.997448e-16
5570.629998 9.182933e-16
5572.880129 9.249011e-16
5575.130261 8.912497e-16
5577.380393 8.599154e-16
5579.630525 8.757279e-16
5581.880657 8.998695e-16
5584.130789 8.930077e-16
5586.380921 8.767321e-16
5588.631053 8.727871e-16
5590.881185 8.808403e-16
5593.131317 8.966840e-16
5595.381448 9.094529e-16
5597.631580 9.092473e-16
5599.881712 8.876731e-16
5602.131844 8.532446e-16
5604.381976 8.456572e-16
5606.632108 8.740410e-16
5608.882240 9.016942e-16
5611.132372 9.131803e-16
5613.382504 9.183280e-16
5615.632636 9.181937e-16
5617.882768 9.066340e-16
5620.132899 8.934234e-16
5622.383031 8.994459e-16
5624.633163 9.136488e-16
5626.883295 9.074558e-16
5629.133427 8.874125e-16
5631.383559 8.746372e-16
5633.633691 8.774838e-16
5635.883823 8.988242e-16
5638.133955 9.127398e-16
5640.384087 8.908841e-16
5642.634218 8.686836e-16
5644.884350 8.859591e-16
5647.134482 9.140932e-16
5649.384614 9.213254e-16
5651.634746 9.186267e-16
5653.884878 9.182882e-16
5656.135010 9.205081e-16
5658.385142 9.232839e-16
5660.635274 9.171635e-16
5662.885406 8.994936e-16
5665.135538 8.846112e-16
5667.385669 8.820842e-16
5669.635801 8.929043e-16
5671.885933 9.089973e-16
5674.136065 9.079030e-16
5676.386197 8.873039e-16
5678.636329 8.694455e-16
5680.886461 8.649052e-16
5683.136593 8.737546e-16
5685.386725 8.874907e-16
5687.636857 8.902290e-16
5689.886988 8.806921e-16
5692.137120 8.677599e-16
5694.387252 8.513521e-16
5696.637384 8.273815e-16
5698.887516 8.152190e-16
5701.137648 8.388910e-16
5703.387780 8.722041e-16
5705.637912 8.780948e-16
5707.888044 8.620288e-16
5710.138176 8.395440e-16
5712.388308 8.194039e-16
5714.638439 8.089395e-16
5716.888571 8.127653e-16
5719.138703 8.293872e-16
5721.388835 8.353502e-16
5723.638967 8.188660e-16
5725.889099 8.156049e-16
5728.139231 8.412713e-16
5730.389363 8.521989e-16
5732.639495 8.301371e-16
5734.889627 8.109775e-16
5737.139758 8.111904e-16
5739.389890 8.166468e-16
5741.640022 8.185841e-16
5743.890154 8.122476e-16
5746.140286 8.038191e-16
5748.390418 8.122480e-16
5750.640550 8.326195e-16
5752.890682 8.420838e-16
5755.140814 8.337048e-16
5757.390946 8.090814e-16
5759.641078 7.922723e-16
5761.891209 8.178403e-16
5764.141341 8.521658e-16
5766.391473 8.385539e-16
5768.641605 8.068042e-16
5770.891737 8.077336e-16
5773.141869 8.237972e-16
5775.392001 8.258150e-16
5777.642133 8.141247e-16
5779.892265 7.956873e-16
5782.142397 7.898917e-16
5784.392528 8.100311e-16
5786.642660 8.348666e-16
5788.892792 8.457762e-16
5791.142924 8.466677e-16
5793.393056 8.421499e-16
5795.643188 8.338534e-16
5797.893320 8.258375e-16
5800.143452 8.251468e-16
5802.393584 8.351058e-16
5804.643716 8.536672e-16
5806.893848 8.746929e-16
5809.143979 8.876834e-16
5811.394111 8.869122e-16
5813.644243 8.718091e-16
5815.894375 8.497869e-16
5818.144507 8.346623e-16
5820.394639 8.312014e-16
5822.644771 8.374108e-16
5824.894903 8.485796e-16
5827.145035 8.583119e-16
5829.395167 8.623368e-16
5831.645298 8.585428e-16
5833.895430 8.488521e-16
5836.145562 8.371113e-16
5838.395694 8.362028e-16
5840.645826 8.570743e-16
5842.895958 8.785884e-16
5845.146090 8.787858e-16
5847.396222 8.720995e-16
5849.646354 8.733475e-16
5851.896486 8.718826e-16
5854.146618 8.604792e-16
5856.396749 8.521263e-16
5858.646881 8.537960e-16
5860.897013 8.515605e-16
5863.147145 8.411228e-16
5865.397277 8.422055e-16
5867.647409 8.589918e-16
5869.897541 8.680615e-16
5872.147673 8.619058e-16
5874.397805 8.544405e-16
5876.647937 8.534401e-16
5878.898068 8.609405e-16
5881.148200 8.720134e-16
5883.398332 8.756033e-16
5885.648464 8.656622e-16
5887.898596 8.401726e-16
5890.148728 8.097785e-16
5892.398860 7.916174e-16
5894.648992 7.902524e-16
5896.899124 8.036664e-16
5899.149256 8.216908e-16
5901.399388 8.318154e-16
5903.649519 8.402366e-16
5905.899651 8.564039e-16
5908.149783 8.689053e-16
5910.399915 8.656949e-16
5912.650047 8.563773e-16
5914.900179 8.506367e-16
5917.150311 8.390797e-16
5919.400443 8.167772e-16
5921.650575 8.022249e-16
5923.900707 8.065990e-16
5926.150838 8.157536e-16
5928.400970 8.206418e-16
5930.651102 8.275207e-16
5932.901234 8.381258e-16
5935.151366 8.466222e-16
5937.401498 8.491378e-16
5939.651630 8.439960e-16
5941.901762 8.331287e-16
5944.151894 8.225189e-16
5946.402026 8.162560e-16
5948.652158 8.161417e-16
5950.902289 8.219152e-16
5953.152421 8.317921e-16
5955.402553 8.389605e-16
5957.652685 8.343143e-16
5959.902817 8.207037e-16
5962.152949 8.068138e-16
5964.403081 7.940117e-16
5966.653213 7.814423e-16
5968.903345 7.747842e-16
5971.153477 7.794440e-16
5973.403608 7.925323e-16
5975.653740 8.082714e-16
5977.903872 8.086851e-16
5980.154004 7.833377e-16
5982.404136 7.731816e-16
5984.654268 8.054417e-16
5986.904400 8.258008e-16
5989.154532 8.013069e-16
5991.404664 7.870816e-16
5993.654796 8.110401e-16
5995.904928 8.261272e-16
5998.155059 8.089948e-16
6000.405191 7.814930e-16
6002.655323 7.620600e-16
6004.905455 7.664210e-16
6007.155587 7.900241e-16
6009.405719 8.017630e-16
6011.655851 7.956142e-16
6013.905983 7.894494e-16
6016.156115 7.908703e-16
6018.406247 8.006854e-16
6020.656378 8.136061e-16
6022.906510 8.205125e-16
6025.156642 8.164354e-16
6027.406774 7.990721e-16
6029.656906 7.824458e-16
6031.907038 7.850401e-16
6034.157170 7.942660e-16
6036.407302 7.903436e-16
6038.657434 7.822166e-16
6040.907566 7.825242e-16
6043.157698 7.767475e-16
6045.407829 7.537549e-16
6047.657961 7.472060e-16
6049.908093 7.796726e-16
6052.158225 8.081091e-16
6054.408357 8.006929e-16
6056.658489 7.790984e-16
6058.908621 7.623087e-16
6061.158753 7.537647e-16
6063.408885 7.560136e-16
6065.659017 7.699352e-16
6067.909148 7.887304e-16
6070.159280 7.942756e-16
6072.409412 7.844286e-16
6074.659544 7.780783e-16
6076.909676 7.789988e-16
6079.159808 7.762940e-16
6081.409940 7.678913e-16
6083.660072 7.571887e-16
6085.910204 7.515543e-16
6088.160336 7.611439e-16
6090.410468 7.768355e-16
6092.660599 7.802951e-16
6094.910731 7.756677e-16
6097.160863 7.754616e-16
6099.410995 7.765816e-16
6101.661127 7.723960e-16
6103.911259 7.700997e-16
6106.161391 7.774435e-16
6108.411523 7.821055e-16
6110.661655 7.725851e-16
6112.911787 7.610106e-16
6115.161918 7.594429e-16
6117.412050 7.662329e-16
6119.662182 7.776960e-16
6121.912314 7.886790e-16
6124.162446 7.948141e-16
6126.412578 7.946657e-16
6128.662710 7.897374e-16
6130.912842 7.879237e-16
6133.162974 7.892641e-16
6135.413106 7.793913e-16
6137.663238 7.584089e-16
6139.913369 7.445374e-16
6142.163501 7.471305e-16
6144.413633 7.676688e-16
6146.663765 7.933154e-16
6148.913897 7.988987e-16
6151.164029 7.859423e-16
6153.414161 7.737968e-16
6155.664293 7.683458e-16
6157.914425 7.687293e-16
6160.164557 7.716112e-16
6162.414688 7.719988e-16
6164.664820 7.698640e-16
6166.914952 7.669923e-16
6169.165084 7.617626e-16
6171.415216 7.528483e-16
6173.665348 7.470144e-16
6175.915480 7.503975e-16
6178.165612 7.564242e-16
6180.415744 7.588346e-16
6182.665876 7.634754e-16
6184.916008 7.735094e-16
6187.166139 7.764641e-16
6189.416271 7.685646e-16
6191.666403 7.743282e-16
6193.916535 8.006259e-16
6196.166667 8.138072e-16
6198.416799 7.989984e-16
6200.666931 7.744566e-16
6202.917063 7.526884e-16
6205.167195 7.385637e-16
6207.417327 7.339354e-16
6209.667458 7.348758e-16
6211.917590 7.426612e-16
6214.167722 7.648035e-16
6216.417854 7.858045e-16
6218.667986 7.745528e-16
6220.918118 7.474120e-16
6223.168250 7.457351e-16
6225.418382 7.587427e-16
6227.668514 7.552119e-16
6229.918646 7.407693e-16
6232.168778 7.316365e-16
6234.418909 7.305933e-16
6236.669041 7.368402e-16
6238.919173 7.410981e-16
6241.169305 7.354069e-16
6243.419437 7.370621e-16
6245.669569 7.596525e-16
6247.919701 7.811739e-16
6250.169833 7.835744e-16
6252.419965 7.778482e-16
6254.670097 7.731142e-16
6256.920229 7.660031e-16
6259.170360 7.558172e-16
6261.420492 7.481002e-16
6263.670624 7.440858e-16
6265.920756 7.367585e-16
6268.170888 7.265935e-16
6270.421020 7.255304e-16
6272.671152 7.332363e-16
6274.921284 7.359696e-16
6277.171416 7.296928e-16
6279.421548 7.173972e-16
6281.671679 7.110812e-16
6283.921811 7.304777e-16
6286.171943 7.569512e-16
6288.422075 7.506432e-16
6290.672207 7.273225e-16
6292.922339 7.258970e-16
6295.172471 7.408072e-16
6297.422603 7.519195e-16
6299.672735 7.563697e-16
6301.922867 7.553669e-16
6304.172999 7.443215e-16
6306.423130 7.212859e-16
6308.673262 7.037973e-16
6310.923394 7.069125e-16
6313.173526 7.181230e-16
6315.423658 7.252684e-16
6317.673790 7.341105e-16
6319.923922 7.469062e-16
6322.174054 7.502439e-16
6324.424186 7.410392e-16
6326.674318 7.439199e-16
6328.924449 7.629522e-16
6331.174581 7.600438e-16
6333.424713 7.283984e-16
6335.674845 7.095228e-16
6337.924977 7.138038e-16
6340.175109 7.139908e-16
6342.425241 7.082188e-16
6344.675373 7.177876e-16
6346.925505 7.371999e-16
6349.175637 7.419022e-16
6351.425769 7.371672e-16
6353.675900 7.448418e-16
6355.926032 7.607965e-16
6358.176164 7.700579e-16
6360.426296 7.669766e-16
6362.676428 7.498657e-16
6364.926560 7.343012e-16
6367.176692 7.380066e-16
6369.426824 7.429072e-16
6371.676956 7.275099e-16
6373.927088 7.068012e-16
6376.177219 6.975637e-16
6378.427351 6.904050e-16
6380.677483 6.781225e-16
6382.927615 6.766765e-16
6385.177747 6.935596e-16
6387.427879 7.054312e-16
6389.678011 6.984737e-16
6391.928143 6.845851e-16
6394.178275 6.766214e-16
6396.428407 6.902610e-16
6398.678539 7.205641e-16
6400.928670 7.273480e-16
6403.178802 7.063315e-16
6405.428934 7.002277e-16
6407.679066 7.137906e-16
6409.929198 7.142403e-16
6412.179330 7.021158e-16
6414.429462 7.029219e-16
6416.679594 7.110278e-16
6418.929726 7.030271e-16
6421.179858 6.861251e-16
6423.429989 6.808982e-16
6425.680121 6.882396e-16
6427.930253 7.014410e-16
6430.180385 7.102922e-16
6432.430517 7.051376e-16
6434.680649 6.916266e-16
6436.930781 6.795734e-16
6439.180913 6.822112e-16
6441.431045 7.071525e-16
6443.681177 7.288777e-16
6445.931309 7.259643e-16
6448.181440 7.138258e-16
6450.431572 7.081360e-16
6452.681704 7.128099e-16
6454.931836 7.275874e-16
6457.181968 7.426408e-16
6459.432100 7.509536e-16
6461.682232 7.530439e-16
6463.932364 7.517355e-16
6466.182496 7.541799e-16
6468.432628 7.597667e-16
6470.682759 7.569046e-16
6472.932891 7.452365e-16
6475.183023 7.354377e-16
6477.433155 7.331272e-16
6479.683287 7.404635e-16
6481.933419 7.504431e-16
6484.183551 7.499568e-16
6486.433683 7.415611e-16
6488.683815 7.361464e-16
6490.933947 7.352574e-16
6493.184079 7.365957e-16
6495.434210 7.454902e-16
6497.684342 7.673193e-16
6499.934474 7.881516e-16
6502.184606 7.922039e-16
6504.434738 7.816126e-16
6506.684870 7.640174e-16
6508.935002 7.574679e-16
6511.185134 7.737715e-16
6513.435266 7.922032e-16
6515.685398 7.935963e-16
6517.935529 7.752342e-16
6520.185661 7.434201e-16
6522.435793 7.252596e-16
6524.685925 7.340998e-16
6526.936057 7.506755e-16
6529.186189 7.622413e-16
6531.436321 7.691852e-16
6533.686453 7.720958e-16
6535.936585 7.735758e-16
6538.186717 7.731270e-16
6540.436849 7.649975e-16
6542.686980 7.550918e-16
6544.937112 7.606012e-16
6547.187244 7.680075e-16
6549.437376 7.436058e-16
6551.687508 7.014748e-16
6553.937640 6.801572e-16
6556.187772 6.852273e-16
6558.437904 7.073007e-16
6560.688036 7.399275e-16
6562.938168 7.759590e-16
6565.188299 7.986115e-16
6567.438431 7.935153e-16
6569.688563 7.827439e-16
6571.938695 7.898740e-16
6574.188827 7.924373e-16
6576.438959 7.707487e-16
6578.689091 7.521635e-16
6580.939223 7.570317e-16
6583.189355 7.641496e-16
6585.439487 7.572515e-16
6587.689619 7.421093e-16
6589.939750 7.246946e-16
6592.189882 7.088056e-16
6594.440014 7.000937e-16
6596.690146 7.072865e-16
6598.940278 7.279225e-16
6601.190410 7.432505e-16
6603.440542 7.495954e-16
6605.690674 7.615410e-16
6607.940806 7.774399e-16
6610.190938 7.812406e-16
6612.441069 7.757311e-16
6614.691201 7.771604e-16
6616.941333 7.799929e-16
6619.191465 7.665863e-16
6621.441597 7.521096e-16
6623.691729 7.643199e-16
6625.941861 7.812484e-16
6628.191993 7.672413e-16
6630.442125 7.432619e-16
6632.692257 7.411225e-16
6634.942389 7.425712e-16
6637.192520 7.255702e-16
6639.442652 7.112323e-16
6641.692784 7.200378e-16
6643.942916 7.399995e-16
6646.193048 7.577035e-16
6648.443180 7.696613e-16
6650.693312 7.738724e-16
6652.943444 7.718580e-16
6655.193576 7.649435e-16
6657.443708 7.514287e-16
6659.693839 7.325722e-16
6661.943971 7.143316e-16
6664.194103 7.010400e-16
6666.444235 6.950445e-16
6668.694367 6.944340e-16
6670.944499 6.909127e-16
6673.194631 6.890715e-16
6675.444763 7.067623e-16
6677.694895 7.344016e-16
6679.945027 7.422157e-16
6682.195159 7.339971e-16
6684.445290 7.330637e-16
6686.695422 7.376477e-16
6688.945554 7.350369e-16
6691.195686 7.321470e-16
6693.445818 7.409868e-16
6695.695950 7.465561e-16
6697.946082 7.298874e-16
6700.196214 7.056167e-16
6702.446346 6.928851e-16
6704.696478 6.880436e-16
6706.946609 6.846469e-16
6709.196741 6.804631e-16
6711.446873 6.754458e-16
6713.697005 6.797194e-16
6715.947137 6.979674e-16
6718.197269 7.157902e-16
6720.447401 7.229628e-16
6722.697533 7.216720e-16
6724.947665 7.166034e-16
6727.197797 7.170139e-16
6729.447929 7.242631e-16
6731.698060 7.270550e-16
6733.948192 7.194763e-16
6736.198324 7.014707e-16
6738.448456 6.815112e-16
6740.698588 6.770337e-16
6742.948720 6.876910e-16
6745.198852 6.980239e-16
6747.448984 7.070794e-16
6749.699116 7.236262e-16
6751.949248 7.285455e-16
6754.199379 6.924403e-16
6756.449511 6.416593e-16
6758.699643 6.210274e-16
6760.949775 6.350969e-16
6763.199907 6.734495e-16
6765.450039 7.126626e-16
6767.700171 7.288497e-16
6769.950303 7.265843e-16
6772.200435 7.162664e-16
6774.450567 7.007059e-16
6776.700699 6.836157e-16
6778.950830 6.732588e-16
6781.200962 6.735318e-16
6783.451094 6.742942e-16
6785.701226 6.695258e-16
6787.951358 6.681035e-16
6790.201490 6.724785e-16
6792.451622 6.705198e-16
6794.701754 6.600813e-16
6796.951886 6.542817e-16
6799.202018 6.607448e-16
6801.452149 6.818097e-16
6803.702281 7.060507e-16
6805.952413 7.067145e-16
6808.202545 6.883420e-16
6810.452677 6.806703e-16
6812.702809 6.897787e-16
6814.952941 7.069706e-16
6817.203073 7.200875e-16
6819.453205 7.153320e-16
6821.703337 6.947838e-16
6823.953469 6.682134e-16
6826.203600 6.448644e-16
6828.453732 6.329434e-16
6830.703864 6.347395e-16
6832.953996 6.488004e-16
6835.204128 6.625330e-16
6837.454260 6.648269e-16
6839.704392 6.674813e-16
6841.954524 6.815044e-16
6844.204656 6.997454e-16
6846.454788 7.142229e-16
6848.704919 7.201835e-16
6850.955051 7.156197e-16
6853.205183 7.045657e-16
6855.455315 6.927045e-16
6857.705447 6.880844e-16
6859.955579 6.916204e-16
6862.205711 6.926034e-16
6864.455843 6.840636e-16
6866.705975 6.635097e-16
6868.956107 6.387381e-16
6871.206239 6.291746e-16
6873.456370 6.361518e-16
6875.706502 6.452721e-16
6877.956634 6.519418e-16
6880.206766 6.577736e-16
6882.456898 6.632766e-16
6884.707030 6.688932e-16
6886.957162 6.753023e-16
6889.207294 6.832480e-16
6891.457426 6.877010e-16
6893.707558 6.828328e-16
6895.957689 6.791256e-16
6898.207821 6.884593e-16
6900.457953 7.013980e-16
6902.708085 7.055856e-16
6904.958217 6.967758e-16
6907.208349 6.747278e-16
6909.458481 6.505301e-16
6911.708613 6.335266e-16
6913.958745 6.189701e-16
6916.208877 6.047346e-16
6918.459009 5.997920e-16
6920.709140 6.079909e-16
6922.959272 6.213067e-16
6925.209404 6.361484e-16
6927.459536 6.592705e-16
6929.709668 6.852529e-16
6931.959800 6.909836e-16
6934.209932 6.758774e-16
6936.460064 6.646277e-16
6938.710196 6.637435e-16
6940.960328 6.637043e-16
6943.210459 6.631072e-16
6945.460591 6.654049e-16
6947.710723 6.671059e-16
6949.960855 6.617693e-16
6952.210987 6.520474e-16
6954.461119 6.442748e-16
6956.711251 6.428082e-16
6958.961383 6.505194e-16
6961.211515 6.583463e-16
6963.461647 6.557959e-16
6965.711779 6.519595e-16
6967.961910 6.577334e-16
6970.212042 6.672210e-16
6972.462174 6.737251e-16
6974.712306 6.807798e-16
6976.962438 6.904490e-16
6979.212570 6.969978e-16
6981.462702 6.952848e-16
6983.712834 6.800652e-16
6985.962966 6.557704e-16
6988.213098 6.513736e-16
6990.463230 6.718789e-16
6992.713361 6.751623e-16
6994.963493 6.493474e-16
6997.213625 6.281304e-16
6999.463757 6.248910e-16
7001.713889 6.309133e-16
7003.964021 6.388312e-16
7006.214153 6.393550e-16
7008.464285 6.420775e-16
7010.714417 6.713159e-16
7012.964549 7.139890e-16
7015.214680 7.360415e-16
7017.464812 7.355858e-16
7019.714944 7.255720e-16
7021.965076 7.118036e-16
7024.215208 6.980541e-16
7026.465340 6.822712e-16
7028.715472 6.610876e-16
7030.965604 6.324415e-16
7033.215736 5.973822e-16
7035.465868 5.765302e-16
7037.716000 5.868835e-16
7039.966131 6.125902e-16
7042.216263 6.369775e-16
7044.466395 6.617267e-16
7046.716527 6.868831e-16
7048.966659 7.042226e-16
7051.216791 7.090043e-16
7053.466923 7.015757e-16
7055.717055 6.898823e-16
7057.967187 6.981150e-16
7060.217319 7.254016e-16
7062.467450 7.296261e-16
7064.717582 7.057981e-16
7066.967714 6.957156e-16
7069.217846 7.056732e-16
7071.467978 7.092180e-16
7073.718110 6.983104e-16
7075.968242 6.767162e-16
7078.218374 6.566074e-16
7080.468506 6.564640e-16
7082.718638 6.647979e-16
7084.968770 6.560742e-16
7087.218901 6.420737e-16
7089.469033 6.467198e-16
7091.719165 6.632617e-16
7093.969297 6.770118e-16
7096.219429 6.858455e-16
7098.469561 6.903767e-16
7100.719693 6.933463e-16
7102.969825 6.970221e-16
7105.219957 6.963093e-16
7107.470089 6.868693e-16
7109.720220 6.694796e-16
7111.970352 6.477664e-16
7114.220484 6.331544e-16
7116.470616 6.306309e-16
7118.720748 6.258470e-16
7120.970880 6.150394e-16
7123.221012 6.187696e-16
7125.471144 6.416278e-16
7127.721276 6.623353e-16
7129.971408 6.721743e-16
7132.221540 6.789662e-16
7134.471671 6.837280e-16
7136.721803 6.799881e-16
7138.971935 6.763226e-16
7141.222067 6.939145e-16
7143.472199 7.175273e-16
7145.722331 7.087883e-16
7147.972463 6.809639e-16
7150.222595 6.728775e-16
7152.472727 6.717274e-16
7154.722859 6.467743e-16
7156.972990 6.211788e-16
7159.223122 6.293069e-16
7161.473254 6.441537e-16
7163.723386 6.311216e-16
7165.973518 6.134654e-16
7168.223650 6.184974e-16
7170.473782 6.363287e-16
7172.723914 6.542678e-16
7174.974046 6.701431e-16
7177.224178 6.821969e-16
7179.474310 6.880647e-16
7181.724441 6.883511e-16
7183.974573 6.916839e-16
7186.224705 6.986365e-16
7188.474837 6.902638e-16
7190.724969 6.639630e-16
7192.975101 6.455202e-16
7195.225233 6.432045e-16
7197.475365 6.422342e-16
7199.725497 6.346737e-16
7201.975629 6.183021e-16
7204.225760 6.005220e-16
7206.475892 5.980490e-16
7208.726024 6.085501e-16
7210.976156 6.160624e-16
7213.226288 6.244208e-16
7215.476420 6.472425e-16
7217.726552 6.712448e-16
7219.976684 6.741894e-16
7222.226816 6.648754e-16
7224.476948 6.610480e-16
7226.727080 6.663220e-16
7228.977211 6.793713e-16
7231.227343 6.864765e-16
7233.477475 6.751502e-16
7235.727607 6.567726e-16
7237.977739 6.441222e-16
7240.227871 6.383654e-16
7242.478003 6.379079e-16
7244.728135 6.344653e-16
7246.978267 6.245134e-16
7249.228399 6.220634e-16
7251.478530 6.312294e-16
7253.728662 6.322177e-16
7255.978794 6.173909e-16
7258.228926 5.997950e-16
7260.479058 5.912724e-16
7262.729190 6.031988e-16
7264.979322 6.299936e-16
7267.229454 6.460745e-16
7269.479586 6.471278e-16
7271.729718 6.476892e-16
7273.979850 6.524442e-16
7276.229981 6.599742e-16
7278.480113 6.668979e-16
7280.730245 6.682471e-16
7282.980377 6.632981e-16
7285.230509 6.538933e-16
7287.480641 6.402038e-16
7289.730773 6.222473e-16
7291.980905 6.121374e-16
7294.231037 6.215329e-16
7296.481169 6.270582e-16
7298.731300 6.053313e-16
7300.981432 5.822361e-16
7303.231564 5.831026e-16
7305.481696 5.912494e-16
7307.731828 5.915048e-16
7309.981960 5.916513e-16
7312.232092 5.982229e-16
7314.482224 6.120591e-16
7316.732356 6.300034e-16
7318.982488 6.393867e-16
7321.232620 6.354765e-16
7323.482751 6.271771e-16
7325.732883 6.249256e-16
7327.983015 6.438459e-16
7330.233147 6.719766e-16
7332.483279 6.636553e-16
7334.733411 6.223150e-16
7336.983543 5.962571e-16
7339.233675 5.964291e-16
7341.483807 6.082924e-16
7343.733939 6.150429e-16
7345.984070 5.973277e-16
7348.234202 5.699902e-16
7350.484334 5.634408e-16
7352.734466 5.701639e-16
7354.984598 5.700797e-16
7357.234730 5.707389e-16
7359.484862 5.845502e-16
7361.734994 5.980661e-16
7363.985126 5.967364e-16
7366.235258 5.965161e-16
7368.485390 6.124032e-16
7370.735521 6.279286e-16
7372.985653 6.294524e-16
7375.235785 6.275059e-16
7377.485917 6.321820e-16
7379.736049 6.502753e-16
7381.986181 6.767470e-16
7384.236313 6.747437e-16
7386.486445 6.370411e-16
7388.736577 6.176720e-16
7390.986709 6.322896e-16
7393.236840 6.346455e-16
7395.486972 6.144376e-16
7397.737104 6.049957e-16
7399.987236 6.094247e-16
