3300.000000 1.127405e-16
3302.250352 1.715868e-16
3304.500703 1.934866e-16
3306.751055 2.349430e-16
3309.001407 1.756011e-16
3311.251758 1.359757e-16
3313.502110 1.719755e-16
3315.752462 2.563689e-16
3318.002813 1.664843e-16
3320.253165 1.163954e-16
3322.503517 1.580115e-16
3324.753868 2.512743e-16
3327.004220 2.166586e-16
3329.254572 1.702891e-16
3331.504923 1.888324e-16
3333.755275 2.012984e-16
3336.005627 2.127598e-16
3338.255978 2.638863e-16
3340.506330 1.946904e-16
3342.756682 1.899756e-16
3345.007033 1.940000e-16
3347.257385 1.416881e-16
3349.507737 1.448385e-16
3351.758088 1.667399e-16
3354.008440 1.559078e-16
3356.258792 1.361656e-16
3358.509143 1.706227e-16
3360.759495 1.937695e-16
3363.009847 1.899113e-16
3365.260198 1.775932e-16
3367.510550 1.870829e-16
3369.760902 1.513312e-16
3372.011253 1.906023e-16
3374.261605 1.866913e-16
3376.511957 1.908008e-16
3378.762308 1.938764e-16
3381.012660 2.023690e-16
3383.263012 2.292062e-16
3385.513363 1.975519e-16
3387.763715 1.632826e-16
3390.014067 1.345921e-16
3392.264418 1.833138e-16
3394.514770 1.772868e-16
3396.765122 1.898233e-16
3399.015473 1.530392e-16
3401.265825 1.302991e-16
3403.516177 1.878902e-16
3405.766528 2.274003e-16
3408.016880 2.189982e-16
3410.267232 2.025415e-16
3412.517583 2.104909e-16
3414.767935 2.282281e-16
3417.018287 1.777379e-16
3419.268638 2.233501e-16
3421.518990 1.787577e-16
3423.769342 1.540494e-16
3426.019693 1.331627e-16
3428.270045 1.746949e-16
3430.520397 1.985498e-16
3432.770748 1.733131e-16
3435.021100 1.916273e-16
3437.271452 2.164081e-16
3439.521803 2.279434e-16
3441.772155 1.697108e-16
3444.022507 1.876545e-16
3446.272858 1.814345e-16
3448.523210 1.844764e-16
3450.773562 1.850204e-16
3453.023913 1.906181e-16
3455.274265 2.133284e-16
3457.524617 2.428352e-16
3459.774968 2.499615e-16
3462.025320 2.331584e-16
3464.275672 2.006945e-16
3466.526023 1.915288e-16
3468.776375 2.016706e-16
3471.026727 2.112777e-16
3473.277078 2.252916e-16
3475.527430 1.754830e-16
3477.777782 1.728538e-16
3480.028133 2.079639e-16
3482.278485 2.150231e-16
3484.528837 1.638376e-16
3486.779188 1.532615e-16
3489.029540 1.773411e-16
3491.279892 1.952253e-16
3493.530243 1.956205e-16
3495.780595 1.940666e-16
3498.030947 1.571661e-16
3500.281298 1.802956e-16
3502.531650 2.229366e-16
3504.782002 2.443081e-16
3507.032353 2.111097e-16
3509.282705 2.072835e-16
3511.533057 2.022833e-16
3513.783408 1.613680e-16
3516.033760 1.616682e-16
3518.284112 2.004868e-16
3520.534463 2.094880e-16
3522.784815 2.332703e-16
3525.035167 1.832187e-16
3527.285518 1.678509e-16
3529.535870 2.050516e-16
3531.786222 2.035797e-16
3534.036573 1.994966e-16
3536.286925 2.369258e-16
3538.537277 1.972861e-16
3540.787628 1.804607e-16
3543.037980 1.950670e-16
3545.288332 2.295010e-16
3547.538683 1.995938e-16
3549.789035 1.713350e-16
3552.039387 2.066479e-16
3554.289738 1.917979e-16
3556.540090 1.917513e-16
3558.790442 1.895270e-16
3561.040793 1.928886e-16
3563.291145 2.239214e-16
3565.541497 2.453119e-16
3567.791848 2.227729e-16
3570.042200 1.770058e-16
3572.292552 2.000542e-16
3574.542903 2.407210e-16
3576.793255 2.521893e-16
3579.043607 1.654452e-16
3581.293958 1.699385e-16
3583.544310 2.104075e-16
3585.794662 2.109526e-16
3588.045013 1.834359e-16
3590.295365 1.650635e-16
3592.545717 1.534916e-16
3594.796068 1.575535e-16
3597.046420 2.078231e-16
3599.296772 2.127822e-16
3601.547123 1.884152e-16
3603.797475 1.829494e-16
3606.047827 1.850535e-16
3608.298178 1.910275e-16
3610.548530 1.790245e-16
3612.798882 1.738260e-16
3615.049233 1.928599e-16
3617.299585 2.227326e-16
3619.549937 2.011192e-16
3621.800288 1.982618e-16
3624.050640 2.012713e-16
3626.300992 1.830576e-16
3628.551343 1.790416e-16
3630.801695 2.018975e-16
3633.052047 1.968773e-16
3635.302398 2.022156e-16
3637.552750 1.927679e-16
3639.803102 2.314435e-16
3642.053453 2.155351e-16
3644.303805 2.313155e-16
3646.554157 2.359805e-16
3648.804508 2.000839e-16
3651.054860 1.789020e-16
3653.305212 1.611426e-16
3655.555563 1.799999e-16
3657.805915 2.224566e-16
3660.056267 2.292331e-16
3662.306618 2.078944e-16
3664.556970 1.903873e-16
3666.807322 1.837204e-16
3669.057673 2.157788e-16
3671.308025 1.912976e-16
3673.558377 1.649447e-16
3675.808728 1.831236e-16
3678.059080 1.735659e-16
3680.309432 1.842070e-16
3682.559783 2.417155e-16
3684.810135 2.340517e-16
3687.060487 2.534894e-16
3689.310838 2.496504e-16
3691.561190 2.375980e-16
3693.811542 2.031429e-16
3696.061893 1.995253e-16
3698.312245 2.289688e-16
3700.562597 2.648176e-16
3702.812948 2.842607e-16
3705.063300 2.980959e-16
3707.313652 2.678265e-16
3709.564003 2.249195e-16
3711.814355 2.424635e-16
3714.064707 2.754875e-16
3716.315058 2.765670e-16
3718.565410 2.371968e-16
3720.815762 2.793270e-16
3723.066113 3.246350e-16
3725.316465 2.680102e-16
3727.566817 2.378018e-16
3729.817168 2.502464e-16
3732.067520 2.688892e-16
3734.317872 2.613204e-16
3736.568223 2.416897e-16
3738.818575 2.293163e-16
3741.068927 2.819015e-16
3743.319278 2.713012e-16
3745.569630 2.618405e-16
3747.819982 2.743930e-16
3750.070333 2.680045e-16
3752.320685 2.581369e-16
3754.571037 2.770935e-16
3756.821388 3.151837e-16
3759.071740 3.369006e-16
3761.322092 3.084953e-16
3763.572443 3.307017e-16
3765.822795 3.339978e-16
3768.073147 3.101415e-16
3770.323498 3.141743e-16
3772.573850 3.445124e-16
3774.824202 2.921159e-16
3777.074553 3.085116e-16
3779.324905 3.523599e-16
3781.575257 3.369757e-16
3783.825608 3.253379e-16
3786.075960 3.345576e-16
3788.326312 3.363111e-16
3790.576663 3.262027e-16
3792.827015 3.126304e-16
3795.077367 3.013339e-16
3797.327718 3.243688e-16
3799.578070 3.096376e-16
3801.828422 2.942734e-16
3804.078773 2.951739e-16
3806.329125 2.983347e-16
3808.579477 2.724099e-16
3810.829829 2.779411e-16
3813.080180 2.876222e-16
3815.330532 2.862327e-16
3817.580884 3.044832e-16
3819.831235 3.118674e-16
3822.081587 3.067818e-16
3824.331939 3.233864e-16
3826.582290 2.796225e-16
3828.832642 2.907129e-16
3831.082994 2.940526e-16
3833.333345 2.623181e-16
3835.583697 2.592022e-16
3837.834049 2.649143e-16
3840.084400 2.692600e-16
3842.334752 2.710163e-16
3844.585104 2.844761e-16
3846.835455 2.604555e-16
3849.085807 2.686602e-16
3851.336159 2.610952e-16
3853.586510 2.578754e-16
3855.836862 2.714889e-16
3858.087214 2.295341e-16
3860.337565 2.311040e-16
3862.587917 2.670196e-16
3864.838269 2.551895e-16
3867.088620 2.444637e-16
3869.338972 2.629011e-16
3871.589324 2.569832e-16
3873.839675 2.350428e-16
3876.090027 2.356124e-16
3878.340379 2.858549e-16
3880.590730 2.407760e-16
3882.841082 2.469969e-16
3885.091434 2.878229e-16
3887.341785 2.784079e-16
3889.592137 2.717152e-16
3891.842489 3.047933e-16
3894.092840 2.911172e-16
3896.343192 3.001356e-16
3898.593544 3.393080e-16
3900.843895 4.055363e-16
3903.094247 3.818169e-16
3905.344599 3.986576e-16
3907.594950 4.348628e-16
3909.845302 4.645034e-16
3912.095654 4.250737e-16
3914.346005 4.168959e-16
3916.596357 4.274864e-16
3918.846709 4.366630e-16
3921.097060 4.578762e-16
3923.347412 4.534834e-16
3925.597764 4.448978e-16
3927.848115 4.359671e-16
3930.098467 4.488494e-16
3932.348819 4.624553e-16
3934.599170 5.069496e-16
3936.849522 4.733413e-16
3939.099874 4.488028e-16
3941.350225 4.909995e-16
3943.600577 4.432145e-16
3945.850929 4.661510e-16
3948.101280 4.684202e-16
3950.351632 4.780161e-16
3952.601984 5.172614e-16
3954.852335 4.753171e-16
3957.102687 4.581866e-16
3959.353039 5.027928e-16
3961.603390 5.029126e-16
3963.853742 4.503519e-16
3966.104094 4.789200e-16
3968.354445 4.502832e-16
3970.604797 4.481799e-16
3972.855149 4.809756e-16
3975.105500 4.510837e-16
3977.355852 4.640863e-16
3979.606204 4.784984e-16
3981.856555 4.536854e-16
3984.106907 4.161985e-16
3986.357259 4.118720e-16
3988.607610 4.525935e-16
3990.857962 4.316872e-16
3993.108314 4.264174e-16
3995.358665 4.014641e-16
3997.609017 4.052637e-16
3999.859369 4.127610e-16
4002.109720 3.765695e-16
4004.360072 3.604892e-16
4006.610424 3.686355e-16
4008.860775 3.617551e-16
4011.111127 3.726981e-16
4013.361479 3.919678e-16
4015.611830 3.622705e-16
4017.862182 3.604134e-16
4020.112534 3.695934e-16
4022.362885 3.821055e-16
4024.613237 3.931343e-16
4026.863589 4.048149e-16
4029.113940 4.189692e-16
4031.364292 4.373012e-16
4033.614644 4.616464e-16
4035.864995 4.331804e-16
4038.115347 4.453720e-16
4040.365699 4.635243e-16
4042.616050 4.837767e-16
4044.866402 4.921273e-16
4047.116754 5.060465e-16
4049.367105 5.146862e-16
4051.617457 5.028201e-16
4053.867809 5.191397e-16
4056.118160 5.041499e-16
4058.368512 5.334135e-16
4060.618864 5.197898e-16
4062.869215 4.857853e-16
4065.119567 5.101297e-16
4067.369919 5.030542e-16
4069.620270 4.727047e-16
4071.870622 4.790291e-16
4074.120974 4.725147e-16
4076.371325 4.898652e-16
4078.621677 4.697751e-16
4080.872029 4.603891e-16
4083.122380 4.662435e-16
4085.372732 4.858015e-16
4087.623084 4.577533e-16
4089.873435 4.469854e-16
4092.123787 4.154398e-16
4094.374139 4.180499e-16
4096.624490 4.514683e-16
4098.874842 4.295232e-16
4101.125194 4.302294e-16
4103.375545 4.515930e-16
4105.625897 4.318834e-16
4107.876249 4.525757e-16
4110.126600 4.996537e-16
4112.376952 4.735975e-16
4114.627304 4.603097e-16
4116.877655 4.777335e-16
4119.128007 4.690225e-16
4121.378359 4.429878e-16
4123.628710 4.618524e-16
4125.879062 4.272599e-16
4128.129414 4.337336e-16
4130.379765 4.478075e-16
4132.630117 4.260089e-16
4134.880469 4.084227e-16
4137.130820 4.277259e-16
4139.381172 4.503864e-16
4141.631524 4.394672e-16
4143.881875 4.103677e-16
4146.132227 4.033302e-16
4148.382579 3.970387e-16
4150.632930 4.211859e-16
4152.883282 4.200086e-16
4155.133634 4.204037e-16
4157.383985 4.020565e-16
4159.634337 4.228201e-16
4161.884689 4.395699e-16
4164.135040 4.225372e-16
4166.385392 4.450621e-16
4168.635744 4.264254e-16
4170.886095 4.259819e-16
4173.136447 4.551463e-16
4175.386799 4.322828e-16
4177.637150 4.265284e-16
4179.887502 4.571690e-16
4182.137854 4.541379e-16
4184.388205 4.279116e-16
4186.638557 4.175118e-16
4188.888909 4.481575e-16
4191.139260 4.281509e-16
4193.389612 3.910313e-16
4195.639964 3.910355e-16
4197.890315 3.960279e-16
4200.140667 4.116586e-16
4202.391019 3.924077e-16
4204.641370 3.844101e-16
4206.891722 3.554111e-16
4209.142074 3.424826e-16
4211.392425 3.106386e-16
4213.642777 3.319188e-16
4215.893129 3.426522e-16
4218.143480 3.223079e-16
4220.393832 2.634166e-16
4222.644184 2.659985e-16
4224.894535 3.233760e-16
4227.144887 3.166717e-16
4229.395239 2.735299e-16
4231.645590 2.868302e-16
4233.895942 2.909770e-16
4236.146294 2.604620e-16
4238.396645 2.905149e-16
4240.646997 2.887917e-16
4242.897349 2.967321e-16
4245.147700 2.879265e-16
4247.398052 3.091321e-16
4249.648404 3.210580e-16
4251.898755 3.167141e-16
4254.149107 3.297145e-16
4256.399459 3.488692e-16
4258.649810 3.607776e-16
4260.900162 3.179649e-16
4263.150514 3.518501e-16
4265.400865 4.016282e-16
4267.651217 3.898722e-16
4269.901569 3.825005e-16
4272.151920 3.855466e-16
4274.402272 4.095501e-16
4276.652624 4.078267e-16
4278.902975 4.152060e-16
4281.153327 4.145032e-16
4283.403679 4.268941e-16
4285.654030 4.381795e-16
4287.904382 4.183760e-16
4290.154734 4.246481e-16
4292.405085 4.153625e-16
4294.655437 4.083316e-16
4296.905789 4.201216e-16
4299.156140 4.376348e-16
4301.406492 4.269438e-16
4303.656844 4.226063e-16
4305.907195 4.319523e-16
4308.157547 4.356149e-16
4310.407899 4.295794e-16
4312.658250 4.329451e-16
4314.908602 4.202035e-16
4317.158954 3.815146e-16
4319.409305 3.780248e-16
4321.659657 4.361381e-16
4323.910009 4.269822e-16
4326.160360 4.092371e-16
4328.410712 4.560225e-16
4330.661064 4.417389e-16
4332.911415 4.246535e-16
4335.161767 4.020631e-16
4337.412119 4.040682e-16
4339.662470 4.243313e-16
4341.912822 4.169296e-16
4344.163174 4.074167e-16
4346.413525 4.163047e-16
4348.663877 4.296252e-16
4350.914229 4.647200e-16
4353.164580 4.615396e-16
4355.414932 4.310761e-16
4357.665284 4.460248e-16
4359.915635 4.659441e-16
4362.165987 4.897894e-16
4364.416339 4.665226e-16
4366.666690 4.396924e-16
4368.917042 4.305014e-16
4371.167394 4.545703e-16
4373.417745 4.710168e-16
4375.668097 4.927320e-16
4377.918449 5.147098e-16
4380.168800 4.920587e-16
4382.419152 4.939189e-16
4384.669504 4.895540e-16
4386.919855 4.570664e-16
4389.170207 4.629909e-16
4391.420559 4.628760e-16
4393.670910 4.498835e-16
4395.921262 4.252443e-16
4398.171614 4.453276e-16
4400.421965 4.236941e-16
4402.672317 4.288450e-16
4404.922669 4.296325e-16
4407.173020 4.053063e-16
4409.423372 3.791400e-16
4411.673724 3.531187e-16
4413.924075 4.065916e-16
4416.174427 4.188828e-16
4418.424779 4.087096e-16
4420.675130 3.655890e-16
4422.925482 3.725916e-16
4425.175834 3.976901e-16
4427.426185 3.949320e-16
4429.676537 3.787252e-16
4431.926889 3.566937e-16
4434.177240 3.766450e-16
4436.427592 3.776588e-16
4438.677944 3.585838e-16
4440.928295 3.548232e-16
4443.178647 3.263052e-16
4445.428999 3.197522e-16
4447.679350 3.169445e-16
4449.929702 3.367765e-16
4452.180054 3.468229e-16
4454.430405 3.521394e-16
4456.680757 3.514702e-16
4458.931109 3.762746e-16
4461.181460 3.696315e-16
4463.431812 3.254911e-16
4465.682164 3.331556e-16
4467.932515 3.462419e-16
4470.182867 3.228729e-16
4472.433219 3.578190e-16
4474.683570 3.611146e-16
4476.933922 3.653424e-16
4479.184274 3.745127e-16
4481.434625 3.665334e-16
4483.684977 3.692753e-16
4485.935329 3.636679e-16
4488.185680 3.854797e-16
4490.436032 3.854454e-16
4492.686384 3.874558e-16
4494.936735 3.979313e-16
4497.187087 3.991637e-16
4499.437439 3.931996e-16
4501.687790 4.174425e-16
4503.938142 4.399406e-16
4506.188494 4.379793e-16
4508.438845 4.379339e-16
4510.689197 4.461536e-16
4512.939549 4.517629e-16
4515.189900 3.984351e-16
4517.440252 4.417818e-16
4519.690604 4.940833e-16
4521.940955 5.095287e-16
4524.191307 5.017170e-16
4526.441659 5.010025e-16
4528.692010 5.212566e-16
4530.942362 4.981784e-16
4533.192714 4.888424e-16
4535.443065 4.894121e-16
4537.693417 4.747253e-16
4539.943769 5.137049e-16
4542.194120 5.497361e-16
4544.444472 5.533922e-16
4546.694824 5.097736e-16
4548.945175 4.995754e-16
4551.195527 5.259180e-16
4553.445879 5.259672e-16
4555.696230 5.035097e-16
4557.946582 5.101714e-16
4560.196934 5.403979e-16
4562.447285 5.753209e-16
4564.697637 5.555847e-16
4566.947989 5.357664e-16
4569.198340 5.635989e-16
4571.448692 5.546264e-16
4573.699044 5.382868e-16
4575.949395 5.439311e-16
4578.199747 5.321614e-16
4580.450099 5.517546e-16
4582.700450 5.391443e-16
4584.950802 5.229956e-16
4587.201154 5.437253e-16
4589.451505 5.338515e-16
4591.701857 5.508270e-16
4593.952209 5.465602e-16
4596.202560 5.420790e-16
4598.452912 5.439432e-16
4600.703264 5.505204e-16
4602.953615 5.491277e-16
4605.203967 5.297856e-16
4607.454319 5.238030e-16
4609.704670 5.351917e-16
4611.955022 5.339927e-16
4614.205374 5.428243e-16
4616.455725 5.403019e-16
4618.706077 5.557372e-16
4620.956429 5.467956e-16
4623.206780 5.244302e-16
4625.457132 5.260678e-16
4627.707484 5.349578e-16
4629.957835 5.546833e-16
4632.208187 5.356885e-16
4634.458539 5.237212e-16
4636.708890 5.577012e-16
4638.959242 5.270721e-16
4641.209594 5.111304e-16
4643.459945 5.114487e-16
4645.710297 5.170372e-16
4647.960649 5.366937e-16
4650.211000 5.123005e-16
4652.461352 4.901704e-16
4654.711704 5.096874e-16
4656.962055 5.238092e-16
4659.212407 5.660983e-16
4661.462759 5.959245e-16
4663.713110 5.496908e-16
4665.963462 4.902326e-16
4668.213814 5.060384e-16
4670.464165 5.163830e-16
4672.714517 5.257864e-16
4674.964869 5.593199e-16
4677.215220 5.149325e-16
4679.465572 4.732775e-16
4681.715924 4.782684e-16
4683.966275 4.814621e-16
4686.216627 4.958502e-16
4688.466979 4.887624e-16
4690.717330 5.021871e-16
4692.967682 5.035578e-16
4695.218034 4.858971e-16
4697.468385 4.491558e-16
4699.718737 4.662665e-16
4701.969089 4.666062e-16
4704.219440 4.628418e-16
4706.469792 4.905335e-16
4708.720144 5.097933e-16
4710.970495 5.201312e-16
4713.220847 4.927443e-16
4715.471199 4.544269e-16
4717.721550 4.923797e-16
4719.971902 4.693746e-16
4722.222254 4.221079e-16
4724.472605 4.055442e-16
4726.722957 4.223091e-16
4728.973309 3.842614e-16
4731.223660 3.671891e-16
4733.474012 3.872483e-16
4735.724364 3.625513e-16
4737.974715 3.828958e-16
4740.225067 4.069591e-16
4742.475419 3.819161e-16
4744.725770 3.652931e-16
4746.976122 3.384151e-16
4749.226474 3.322174e-16
4751.476825 3.405041e-16
4753.727177 3.506605e-16
4755.977529 3.743954e-16
4758.227880 3.565845e-16
4760.478232 3.664849e-16
4762.728584 4.359576e-16
4764.978935 4.514444e-16
4767.229287 4.274091e-16
4769.479639 4.580439e-16
4771.729990 4.801759e-16
4773.980342 4.734331e-16
4776.230694 4.607673e-16
4778.481045 4.839878e-16
4780.731397 5.239786e-16
4782.981749 5.226115e-16
4785.232100 5.097687e-16
4787.482452 4.980863e-16
4789.732804 5.243600e-16
4791.983155 5.524556e-16
4794.233507 5.661594e-16
4796.483859 5.473144e-16
4798.734210 5.559621e-16
4800.984562 5.608288e-16
4803.234914 5.342406e-16
4805.485265 5.033443e-16
4807.735617 5.078979e-16
4809.985969 5.466702e-16
4812.236320 5.647843e-16
4814.486672 5.679524e-16
4816.737024 5.461274e-16
4818.987375 5.316786e-16
4821.237727 5.372413e-16
4823.488079 5.740512e-16
4825.738431 5.668076e-16
4827.988782 5.649325e-16
4830.239134 5.416637e-16
4832.489486 5.437991e-16
4834.739837 5.563490e-16
4836.990189 5.581136e-16
4839.240541 5.857149e-16
4841.490892 6.020099e-16
4843.741244 5.915720e-16
4845.991596 6.329123e-16
4848.241947 6.298193e-16
4850.492299 6.363132e-16
4852.742651 6.309036e-16
4854.993002 6.294756e-16
4857.243354 6.485685e-16
4859.493706 6.459971e-16
4861.744057 6.427186e-16
4863.994409 6.228894e-16
4866.244761 6.144093e-16
4868.495112 6.136732e-16
4870.745464 5.978512e-16
4872.995816 5.864302e-16
4875.246167 5.798014e-16
4877.496519 5.850301e-16
4879.746871 5.663876e-16
4881.997222 5.544130e-16
4884.247574 5.519784e-16
4886.497926 5.504277e-16
4888.748277 5.486241e-16
4890.998629 5.279041e-16
4893.248981 5.258070e-16
4895.499332 5.237216e-16
4897.749684 5.184768e-16
4900.000036 5.092471e-16
4902.250387 5.073509e-16
4904.500739 5.063211e-16
4906.751091 5.149982e-16
4909.001442 5.204322e-16
4911.251794 5.022778e-16
4913.502146 5.189028e-16
4915.752497 5.050050e-16
4918.002849 5.006902e-16
4920.253201 5.065820e-16
4922.503552 5.018546e-16
4924.753904 5.003981e-16
4927.004256 5.141633e-16
4929.254607 5.407533e-16
4931.504959 5.906903e-16
4933.755311 5.947128e-16
4936.005662 5.908648e-16
4938.256014 5.869043e-16
4940.506366 5.916601e-16
4942.756717 5.984734e-16
4945.007069 6.008832e-16
4947.257421 6.072072e-16
4949.507772 6.214249e-16
4951.758124 6.281249e-16
4954.008476 6.213460e-16
4956.258827 6.228060e-16
4958.509179 6.403221e-16
4960.759531 6.493249e-16
4963.009882 6.372306e-16
4965.260234 6.163006e-16
4967.510586 5.990337e-16
4969.760937 5.944418e-16
4972.011289 6.043690e-16
4974.261641 6.212167e-16
4976.511992 6.370763e-16
4978.762344 6.456531e-16
4981.012696 6.444357e-16
4983.263047 6.355987e-16
4985.513399 6.260178e-16
4987.763751 6.238095e-16
4990.014102 6.265964e-16
4992.264454 6.261172e-16
4994.514806 6.197554e-16
4996.765157 6.086834e-16
4999.015509 5.963438e-16
5001.265861 5.865180e-16
5003.516212 5.802268e-16
5005.766564 5.761726e-16
5008.016916 5.695569e-16
5010.267267 5.573382e-16
5012.517619 5.438851e-16
5014.767971 5.342204e-16
5017.018322 5.305233e-16
5019.268674 5.312719e-16
5021.519026 5.285978e-16
5023.769377 5.185104e-16
5026.019729 5.063133e-16
5028.270081 4.952388e-16
5030.520432 4.833329e-16
5032.770784 4.688966e-16
5035.021136 4.510254e-16
5037.271487 4.344826e-16
5039.521839 4.298037e-16
5041.772191 4.333784e-16
5044.022542 4.285909e-16
5046.272894 4.207055e-16
5048.523246 4.307064e-16
5050.773597 4.473345e-16
5053.023949 4.416354e-16
5055.274301 4.240445e-16
5057.524652 4.235812e-16
5059.775004 4.379894e-16
5062.025356 4.506525e-16
5064.275707 4.525617e-16
5066.526059 4.427822e-16
5068.776411 4.408907e-16
5071.026762 4.617689e-16
5073.277114 4.787323e-16
5075.527466 4.691336e-16
5077.777817 4.571766e-16
5080.028169 4.653132e-16
5082.278521 4.835739e-16
5084.528872 4.996952e-16
5086.779224 5.101898e-16
5089.029576 5.144311e-16
5091.279927 5.156850e-16
5093.530279 5.163953e-16
5095.780631 5.161543e-16
5098.030982 5.141983e-16
5100.281334 5.095431e-16
5102.531686 5.058705e-16
5104.782037 5.116290e-16
5107.032389 5.256078e-16
5109.282741 5.369715e-16
5111.533092 5.409628e-16
5113.783444 5.392898e-16
5116.033796 5.369758e-16
5118.284147 5.402241e-16
5120.534499 5.457735e-16
5122.784851 5.460001e-16
5125.035202 5.447909e-16
5127.285554 5.493148e-16
5129.535906 5.534846e-16
5131.786257 5.495003e-16
5134.036609 5.447550e-16
5136.286961 5.481220e-16
5138.537312 5.553379e-16
5140.787664 5.604058e-16
5143.038016 5.638955e-16
5145.288367 5.672663e-16
5147.538719 5.707858e-16
5149.789071 5.735224e-16
5152.039422 5.719110e-16
5154.289774 5.661353e-16
5156.540126 5.635580e-16
5158.790477 5.691682e-16
5161.040829 5.829395e-16
5163.291181 5.953970e-16
5165.541532 5.859675e-16
5167.791884 5.610741e-16
5170.042236 5.582720e-16
5172.292587 5.785306e-16
5174.542939 5.853577e-16
5176.793291 5.730740e-16
5179.043642 5.629460e-16
5181.293994 5.592030e-16
5183.544346 5.547299e-16
5185.794697 5.541705e-16
5188.045049 5.647312e-16
5190.295401 5.697851e-16
5192.545752 5.500250e-16
5194.796104 5.283187e-16
5197.046456 5.350665e-16
5199.296807 5.575778e-16
5201.547159 5.731734e-16
5203.797511 5.825155e-16
5206.047862 5.889812e-16
5208.298214 5.822729e-16
5210.548566 5.602116e-16
5212.798917 5.471597e-16
5215.049269 5.564583e-16
5217.299621 5.663353e-16
5219.549972 5.623706e-16
5221.800324 5.550603e-16
5224.050676 5.531054e-16
5226.301027 5.575826e-16
5228.551379 5.655700e-16
5230.801731 5.690280e-16
5233.052082 5.682209e-16
5235.302434 5.737340e-16
5237.552786 5.833495e-16
5239.803137 5.825321e-16
5242.053489 5.743331e-16
5244.303841 5.757523e-16
5246.554192 5.864089e-16
5248.804544 5.937207e-16
5251.054896 5.963785e-16
5253.305247 5.989150e-16
5255.555599 5.950472e-16
5257.805951 5.786582e-16
5260.056302 5.698515e-16
5262.306654 5.887886e-16
5264.557006 6.113451e-16
5266.807357 6.099421e-16
5269.057709 6.032715e-16
5271.308061 6.111307e-16
5273.558412 6.131358e-16
5275.808764 5.950225e-16
5278.059116 5.825543e-16
5280.309467 5.916425e-16
5282.559819 5.995298e-16
5284.810171 5.927751e-16
5287.060522 5.871863e-16
5289.310874 5.922094e-16
5291.561226 6.011872e-16
5293.811577 6.096339e-16
5296.061929 6.180073e-16
5298.312281 6.210799e-16
5300.562632 6.081899e-16
5302.812984 5.876470e-16
5305.063336 5.851028e-16
5307.313687 5.984250e-16
5309.564039 6.020313e-16
5311.814391 5.942165e-16
5314.064742 5.904915e-16
5316.315094 5.935574e-16
5318.565446 5.984044e-16
5320.815797 6.033788e-16
5323.066149 6.075008e-16
5325.316501 6.061430e-16
5327.566852 5.960528e-16
5329.817204 5.845613e-16
5332.067556 5.790517e-16
5334.317907 5.722459e-16
5336.568259 5.585248e-16
5338.818611 5.506243e-16
5341.068962 5.579314e-16
5343.319314 5.710603e-16
5345.569666 5.788581e-16
5347.820017 5.746204e-16
5350.070369 5.612105e-16
5352.320721 5.581889e-16
5354.571072 5.715026e-16
5356.821424 5.806509e-16
5359.071776 5.763152e-16
5361.322127 5.693242e-16
5363.572479 5.644773e-16
5365.822831 5.578791e-16
5368.073182 5.536245e-16
5370.323534 5.622771e-16
5372.573886 5.770654e-16
5374.824237 5.779683e-16
5377.074589 5.641739e-16
5379.324941 5.497955e-16
5381.575292 5.436546e-16
5383.825644 5.486227e-16
5386.075996 5.560419e-16
5388.326347 5.539552e-16
5390.576699 5.464306e-16
5392.827051 5.432931e-16
5395.077402 5.469090e-16
5397.327754 5.550407e-16
5399.578106 5.597221e-16
5401.828457 5.552742e-16
5404.078809 5.483087e-16
5406.329161 5.454535e-16
5408.579512 5.455036e-16
5410.829864 5.437844e-16
5413.080216 5.304301e-16
5415.330567 5.078230e-16
5417.580919 5.033103e-16
5419.831271 5.249026e-16
5422.081622 5.434696e-16
5424.331974 5.431728e-16
5426.582326 5.334670e-16
5428.832677 5.241754e-16
5431.083029 5.229955e-16
5433.333381 5.278969e-16
5435.583732 5.265446e-16
5437.834084 5.194711e-16
5440.084436 5.185564e-16
5442.334787 5.266905e-16
5444.585139 5.388871e-16
5446.835491 5.445909e-16
5449.085842 5.341063e-16
5451.336194 5.234476e-16
5453.586546 5.351003e-16
5455.836897 5.537119e-16
5458.087249 5.544154e-16
5460.337601 5.464942e-16
5462.587952 5.460596e-16
5464.838304 5.461585e-16
5467.088656 5.384807e-16
5469.339007 5.322681e-16
5471.589359 5.338349e-16
5473.839711 5.299309e-16
5476.090062 5.152117e-16
5478.340414 5.116419e-16
5480.590766 5.267760e-16
5482.841117 5.315866e-16
5485.091469 5.158673e-16
5487.341821 5.083612e-16
5489.592172 5.227844e-16
5491.842524 5.454272e-16
5494.092876 5.630931e-16
5496.343227 5.665515e-16
5498.593579 5.565873e-16
5500.843931 5.453392e-16
5503.094282 5.404620e-16
5505.344634 5.432451e-16
5507.594986 5.487260e-16
5509.845337 5.480668e-16
5512.095689 5.403511e-16
5514.346041 5.309030e-16
5516.596392 5.284009e-16
5518.846744 5.387529e-16
5521.097096 5.455910e-16
5523.347447 5.311776e-16
5525.597799 5.147183e-16
5527.848151 5.194715e-16
5530.098502 5.320047e-16
5532.348854 5.344873e-16
5534.599206 5.333831e-16
5536.849557 5.346363e-16
5539.099909 5.254128e-16
5541.350261 5.023387e-16
5543.600612 4.907689e-16
5545.850964 5.032401e-16
5548.101316 5.182135e-16
5550.351667 5.216489e-16
5552.602019 5.208204e-16
5554.852371 5.192238e-16
5557.102722 5.122557e-16
5559.353074 5.035706e-16
5561.603426 5.061276e-16
5563.853777 5.167139e-16
5566.104129 5.157663e-16
5568.354481 5.046775e-16
5570.604832 5.030398e-16
5572.855184 5.103147e-16
5575.105536 5.114677e-16
5577.355887 5.046370e-16
5579.606239 4.966292e-16
5581.856591 4.929174e-16
5584.106942 4.965201e-16
5586.357294 5.019369e-16
5588.607646 5.015820e-16
5590.857997 4.970289e-16
5593.108349 4.928997e-16
5595.358701 4.901818e-16
5597.609052 4.896721e-16
5599.859404 4.950887e-16
5602.109756 5.077441e-16
5604.360107 5.217668e-16
5606.610459 5.319397e-16
5608.860811 5.385902e-16
5611.111162 5.422968e-16
5613.361514 5.418473e-16
5615.611866 5.382228e-16
5617.862217 5.362867e-16
5620.112569 5.350620e-16
5622.362921 5.246786e-16
5624.613272 5.081212e-16
5626.863624 5.044922e-16
5629.113976 5.161300e-16
5631.364327 5.265597e-16
5633.614679 5.323954e-16
5635.865031 5.420535e-16
5638.115382 5.509334e-16
5640.365734 5.467146e-16
5642.616086 5.325531e-16
5644.866437 5.208257e-16
5647.116789 5.150819e-16
5649.367141 5.136023e-16
5651.617492 5.157301e-16
5653.867844 5.202853e-16
5656.118196 5.235912e-16
5658.368547 5.229518e-16
5660.618899 5.221269e-16
5662.869251 5.244103e-16
5665.119602 5.245772e-16
5667.369954 5.189824e-16
5669.620306 5.138839e-16
5671.870657 5.143514e-16
5674.121009 5.179636e-16
5676.371361 5.213976e-16
5678.621712 5.223985e-16
5680.872064 5.201391e-16
5683.122416 5.162826e-16
5685.372767 5.121662e-16
5687.623119 5.078744e-16
5689.873471 5.051032e-16
5692.123822 5.072077e-16
5694.374174 5.125560e-16
5696.624526 5.144100e-16
5698.874877 5.093400e-16
5701.125229 4.980979e-16
5703.375581 4.867902e-16
5705.625932 4.838490e-16
5707.876284 4.827977e-16
5710.126636 4.702654e-16
5712.376987 4.558278e-16
5714.627339 4.567290e-16
5716.877691 4.616372e-16
5719.128042 4.522720e-16
5721.378394 4.393268e-16
5723.628746 4.381585e-16
5725.879097 4.389607e-16
5728.129449 4.304092e-16
5730.379801 4.211973e-16
5732.630152 4.207913e-16
5734.880504 4.275950e-16
5737.130856 4.355597e-16
5739.381207 4.341235e-16
5741.631559 4.199152e-16
5743.881911 4.053762e-16
5746.132262 3.991492e-16
5748.382614 3.984125e-16
5750.632966 4.009713e-16
5752.883317 4.075412e-16
5755.133669 4.130096e-16
5757.384021 4.060598e-16
5759.634372 3.916007e-16
5761.884724 3.912098e-16
5764.135076 4.049478e-16
5766.385427 4.128600e-16
5768.635779 4.136117e-16
5770.886131 4.195856e-16
5773.136482 4.273131e-16
5775.386834 4.252780e-16
5777.637186 4.168524e-16
5779.887537 4.122820e-16
5782.137889 4.132384e-16
5784.388241 4.172603e-16
5786.638592 4.225456e-16
5788.888944 4.280339e-16
5791.139296 4.348018e-16
5793.389647 4.445946e-16
5795.639999 4.597253e-16
5797.890351 4.786487e-16
5800.140702 4.893386e-16
5802.391054 4.856444e-16
5804.641406 4.802093e-16
5806.891757 4.817565e-16
5809.142109 4.831655e-16
5811.392461 4.823466e-16
5813.642812 4.898091e-16
5815.893164 5.053696e-16
5818.143516 5.118928e-16
5820.393867 5.047402e-16
5822.644219 4.970870e-16
5824.894571 4.965088e-16
5827.144922 5.025713e-16
5829.395274 5.097747e-16
5831.645626 5.090556e-16
5833.895977 5.073691e-16
5836.146329 5.216612e-16
5838.396681 5.406559e-16
5840.647032 5.387463e-16
5842.897384 5.250310e-16
5845.147736 5.237051e-16
5847.398088 5.284939e-16
5849.648439 5.240014e-16
5851.898791 5.206140e-16
5854.149143 5.315281e-16
5856.399494 5.444165e-16
5858.649846 5.446527e-16
5860.900198 5.358486e-16
5863.150549 5.268058e-16
5865.400901 5.264980e-16
5867.651253 5.369568e-16
5869.901604 5.435428e-16
5872.151956 5.385409e-16
5874.402308 5.350295e-16
5876.652659 5.404076e-16
5878.903011 5.471375e-16
5881.153363 5.472719e-16
5883.403714 5.349721e-16
5885.654066 5.144407e-16
5887.904418 5.022022e-16
5890.154769 5.050496e-16
5892.405121 5.167619e-16
5894.655473 5.261978e-16
5896.905824 5.204554e-16
5899.156176 5.077930e-16
5901.406528 5.112026e-16
5903.656879 5.259743e-16
5905.907231 5.305292e-16
5908.157583 5.253455e-16
5910.407934 5.221814e-16
5912.658286 5.224773e-16
5914.908638 5.229118e-16
5917.158989 5.202889e-16
5919.409341 5.130195e-16
5921.659693 5.052316e-16
5923.910044 5.022150e-16
5926.160396 5.065728e-16
5928.410748 5.172897e-16
5930.661099 5.271727e-16
5932.911451 5.296897e-16
5935.161803 5.233555e-16
5937.412154 5.109087e-16
5939.662506 5.007797e-16
5941.912858 4.976525e-16
5944.163209 4.976703e-16
5946.413561 4.972662e-16
5948.663913 4.950980e-16
5950.914264 4.931233e-16
5953.164616 4.973380e-16
5955.414968 5.050992e-16
5957.665319 5.044758e-16
5959.915671 4.950152e-16
5962.166023 4.875036e-16
5964.416374 4.865020e-16
5966.666726 4.905020e-16
5968.917078 4.948556e-16
5971.167429 4.940599e-16
5973.417781 4.943255e-16
5975.668133 5.049666e-16
5977.918484 5.131531e-16
5980.168836 5.021182e-16
5982.419188 4.853274e-16
5984.669539 4.819125e-16
5986.919891 4.843184e-16
5989.170243 4.806342e-16
5991.420594 4.760648e-16
5993.670946 4.754898e-16
5995.921298 4.690951e-16
5998.171649 4.535444e-16
6000.422001 4.480522e-16
6002.672353 4.620806e-16
6004.922704 4.773320e-16
6007.173056 4.804032e-16
6009.423408 4.742103e-16
6011.673759 4.660441e-16
6013.924111 4.669909e-16
6016.174463 4.756401e-16
6018.424814 4.735004e-16
6020.675166 4.611849e-16
6022.925518 4.612494e-16
6025.175869 4.752249e-16
6027.426221 4.840531e-16
6029.676573 4.810998e-16
6031.926924 4.713359e-16
6034.177276 4.623201e-16
6036.427628 4.619230e-16
6038.677979 4.669821e-16
6040.928331 4.684981e-16
6043.178683 4.662782e-16
6045.429034 4.640045e-16
6047.679386 4.602349e-16
6049.929738 4.542369e-16
6052.180089 4.556833e-16
6054.430441 4.708457e-16
6056.680793 4.857151e-16
6058.931144 4.866374e-16
6061.181496 4.767507e-16
6063.431848 4.639845e-16
6065.682199 4.569034e-16
6067.932551 4.593945e-16
6070.182903 4.651246e-16
6072.433254 4.682991e-16
6074.683606 4.677876e-16
6076.933958 4.648622e-16
6079.184309 4.637323e-16
6081.434661 4.658557e-16
6083.685013 4.682641e-16
6085.935364 4.695054e-16
6088.185716 4.702208e-16
6090.436068 4.697512e-16
6092.686419 4.665590e-16
6094.936771 4.610905e-16
6097.187123 4.556972e-16
6099.437474 4.542787e-16
6101.687826 4.604962e-16
6103.938178 4.722313e-16
6106.188529 4.837096e-16
6108.438881 4.902360e-16
6110.689233 4.893234e-16
6112.939584 4.840242e-16
6115.189936 4.788154e-16
6117.440288 4.730645e-16
6119.690639 4.655161e-16
6121.940991 4.588069e-16
6124.191343 4.556473e-16
6126.441694 4.560697e-16
6128.692046 4.593297e-16
6130.942398 4.652699e-16
6133.192749 4.714967e-16
6135.443101 4.705924e-16
6137.693453 4.626815e-16
6139.943804 4.626245e-16
6142.194156 4.735741e-16
6144.444508 4.778140e-16
6146.694859 4.700919e-16
6148.945211 4.643016e-16
6151.195563 4.660280e-16
6153.445914 4.698479e-16
6155.696266 4.723473e-16
6157.946618 4.723983e-16
6160.196969 4.715136e-16
6162.447321 4.729220e-16
6164.697673 4.717337e-16
6166.948024 4.596545e-16
6169.198376 4.427693e-16
6171.448728 4.345691e-16
6173.699079 4.404172e-16
6175.949431 4.584336e-16
6178.199783 4.786248e-16
6180.450134 4.892328e-16
6182.700486 4.842833e-16
6184.950838 4.661741e-16
6187.201189 4.546075e-16
6189.451541 4.632121e-16
6191.701893 4.742179e-16
6193.952244 4.723807e-16
6196.202596 4.682700e-16
6198.452948 4.711495e-16
6200.703299 4.771376e-16
6202.953651 4.821169e-16
6205.204003 4.847293e-16
6207.454354 4.851184e-16
6209.704706 4.856280e-16
6211.955058 4.874667e-16
6214.205409 4.897800e-16
6216.455761 4.907311e-16
6218.706113 4.877956e-16
6220.956464 4.820665e-16
6223.206816 4.780546e-16
6225.457168 4.765161e-16
6227.707519 4.747725e-16
6229.957871 4.712627e-16
6232.208223 4.657027e-16
6234.458574 4.584129e-16
6236.708926 4.511963e-16
6238.959278 4.523032e-16
6241.209629 4.680595e-16
6243.459981 4.829864e-16
6245.710333 4.798236e-16
6247.960684 4.708761e-16
6250.211036 4.721590e-16
6252.461388 4.755897e-16
6254.711739 4.706958e-16
6256.962091 4.602498e-16
6259.212443 4.495547e-16
6261.462794 4.419893e-16
6263.713146 4.398419e-16
6265.963498 4.439550e-16
6268.213849 4.510730e-16
6270.464201 4.514672e-16
6272.714553 4.439132e-16
6274.964904 4.418276e-16
6277.215256 4.482887e-16
6279.465608 4.505269e-16
6281.715959 4.440584e-16
6283.966311 4.354143e-16
6286.216663 4.319288e-16
6288.467014 4.399304e-16
6290.717366 4.516615e-16
6292.967718 4.494337e-16
6295.218069 4.368189e-16
6297.468421 4.317841e-16
6299.718773 4.381456e-16
6301.969124 4.494877e-16
6304.219476 4.559029e-16
6306.469828 4.491152e-16
6308.720179 4.354498e-16
6310.970531 4.266622e-16
6313.220883 4.291483e-16
6315.471234 4.424587e-16
6317.721586 4.507789e-16
6319.971938 4.438931e-16
6322.222289 4.427473e-16
6324.472641 4.595656e-16
6326.722993 4.652093e-16
6328.973344 4.438260e-16
6331.223696 4.247789e-16
6333.474048 4.263897e-16
6335.724399 4.330773e-16
6337.974751 4.351689e-16
6340.225103 4.388721e-16
6342.475454 4.456129e-16
6344.725806 4.494951e-16
6346.976158 4.476475e-16
6349.226509 4.412386e-16
6351.476861 4.335593e-16
6353.727213 4.294238e-16
6355.977564 4.288361e-16
6358.227916 4.275412e-16
6360.478268 4.257310e-16
6362.728619 4.262742e-16
6364.978971 4.253888e-16
6367.229323 4.176728e-16
6369.479674 4.110135e-16
6371.730026 4.162396e-16
6373.980378 4.264876e-16
6376.230729 4.298780e-16
6378.481081 4.260587e-16
6380.731433 4.194092e-16
6382.981784 4.155235e-16
6385.232136 4.167269e-16
6387.482488 4.138830e-16
6389.732839 4.020360e-16
6391.983191 3.941659e-16
6394.233543 3.979899e-16
6396.483894 4.017429e-16
6398.734246 3.996225e-16
6400.984598 4.032464e-16
6403.234949 4.140885e-16
6405.485301 4.144832e-16
6407.735653 4.017033e-16
6409.986004 3.954063e-16
6412.236356 4.022564e-16
6414.486708 4.114958e-16
6416.737059 4.152577e-16
6418.987411 4.104919e-16
6421.237763 4.064452e-16
6423.488114 4.205571e-16
6425.738466 4.441280e-16
6427.988818 4.523819e-16
6430.239169 4.508681e-16
6432.489521 4.610917e-16
6434.739873 4.829359e-16
6436.990224 5.049732e-16
6439.240576 5.164327e-16
6441.490928 5.133470e-16
6443.741279 5.173657e-16
6445.991631 5.476438e-16
6448.241983 5.830146e-16
6450.492334 6.005477e-16
6452.742686 6.089930e-16
6454.993038 6.214738e-16
6457.243389 6.425564e-16
6459.493741 6.682158e-16
6461.744093 6.783347e-16
6463.994444 6.687553e-16
6466.244796 6.705879e-16
6468.495148 6.943028e-16
6470.745499 7.094810e-16
6472.995851 7.063701e-16
6475.246203 7.090818e-16
6477.496554 7.271334e-16
6479.746906 7.498429e-16
6481.997258 7.657313e-16
6484.247609 7.648379e-16
6486.497961 7.543458e-16
6488.748313 7.552162e-16
6490.998664 7.670570e-16
6493.249016 7.742649e-16
6495.499368 7.767094e-16
6497.749719 7.831002e-16
6500.000071 7.971816e-16
6502.250423 8.171543e-16
6504.500774 8.268603e-16
6506.751126 8.123791e-16
6509.001478 7.926399e-16
6511.251829 7.903126e-16
6513.502181 7.972624e-16
6515.752533 8.002223e-16
6518.002884 8.007393e-16
6520.253236 8.024464e-16
6522.503588 8.051367e-16
6524.753939 8.090494e-16
6527.004291 8.164997e-16
6540.506401 8.172003e-16
6542.756753 7.995596e-16
6545.007104 7.954508e-16
6547.257456 8.022552e-16
6549.507808 7.971650e-16
6551.758159 7.801754e-16
6554.008511 7.709381e-16
6556.258863 7.674508e-16
6558.509214 7.542992e-16
6560.759566 7.432155e-16
6563.009918 7.558538e-16
6565.260269 7.729288e-16
6567.510621 7.621949e-16
6569.760973 7.343280e-16
6572.011324 7.150882e-16
6574.261676 7.098840e-16
6576.512028 7.134832e-16
6578.762379 7.110070e-16
6581.012731 6.938203e-16
6583.263083 6.824226e-16
6585.513434 6.912815e-16
6587.763786 6.997953e-16
6590.014138 6.926086e-16
6592.264489 6.823478e-16
6594.514841 6.785364e-16
6596.765193 6.757515e-16
6599.015544 6.712918e-16
6601.265896 6.695528e-16
6603.516248 6.701164e-16
6605.766599 6.655417e-16
6608.016951 6.546066e-16
6610.267303 6.441765e-16
6612.517654 6.370095e-16
6614.768006 6.310136e-16
6617.018358 6.272938e-16
6619.268709 6.288427e-16
6621.519061 6.313651e-16
6623.769413 6.264045e-16
6626.019764 6.141018e-16
6628.270116 6.003979e-16
6630.520468 5.892805e-16
6632.770819 5.824498e-16
6635.021171 5.770158e-16
6637.271523 5.689733e-16
6639.521874 5.584940e-16
6641.772226 5.486268e-16
6644.022578 5.466763e-16
6646.272929 5.554937e-16
6648.523281 5.623506e-16
6650.773633 5.560315e-16
6653.023984 5.393939e-16
6655.274336 5.196449e-16
6657.524688 5.054323e-16
6659.775039 5.012651e-16
6662.025391 5.029811e-16
6664.275743 5.054092e-16
6666.526094 5.045507e-16
6668.776446 5.006337e-16
6671.026798 4.999328e-16
6673.277149 5.034328e-16
6675.527501 5.048860e-16
6677.777853 5.029698e-16
6680.028204 5.016891e-16
6682.278556 5.008194e-16
6684.528908 4.965725e-16
6686.779259 4.868857e-16
6689.029611 4.721869e-16
6691.279963 4.599721e-16
6693.530314 4.596066e-16
6695.780666 4.656503e-16
6698.031018 4.662257e-16
6700.281369 4.606352e-16
6702.531721 4.534220e-16
6704.782073 4.474576e-16
6707.032424 4.441758e-16
6709.282776 4.414631e-16
6711.533128 4.374094e-16
6713.783479 4.346234e-16
6716.033831 4.354744e-16
6718.284183 4.391114e-16
6720.534534 4.429199e-16
6722.784886 4.421434e-16
6725.035238 4.352298e-16
6727.285589 4.272745e-16
6729.535941 4.220636e-16
6731.786293 4.194010e-16
6734.036644 4.175067e-16
6736.286996 4.128818e-16
6738.537348 4.078161e-16
6740.787699 4.114185e-16
6743.038051 4.216130e-16
6745.288403 4.246348e-16
6747.538754 4.141623e-16
6749.789106 3.929176e-16
6752.039458 3.718619e-16
6754.289809 3.661876e-16
6756.540161 3.770191e-16
6758.790513 3.947152e-16
6761.040864 4.116664e-16
6763.291216 4.223780e-16
6765.541568 4.253792e-16
6767.791919 4.219546e-16
6770.042271 4.111425e-16
6772.292623 3.947362e-16
6774.542974 3.866871e-16
6776.793326 3.959884e-16
6779.043678 4.072079e-16
6781.294029 4.058164e-16
6783.544381 3.962678e-16
6785.794733 3.885606e-16
6788.045084 3.958576e-16
6790.295436 4.180343e-16
6792.545788 4.282475e-16
6794.796139 4.159601e-16
6797.046491 4.044267e-16
6799.296843 4.069491e-16
6801.547194 4.166765e-16
6803.797546 4.241931e-16
6806.047898 4.192114e-16
6808.298249 4.053767e-16
6810.548601 4.009944e-16
6812.798953 4.065323e-16
6815.049304 4.060187e-16
6817.299656 3.965703e-16
6819.550008 3.860051e-16
6821.800359 3.799468e-16
6824.050711 3.814178e-16
6826.301063 3.859501e-16
6828.551414 3.866916e-16
6830.801766 3.887209e-16
6833.052118 3.994867e-16
6835.302469 4.136846e-16
6837.552821 4.219619e-16
6839.803173 4.180834e-16
6842.053524 4.020829e-16
6844.303876 3.878371e-16
6846.554228 3.862944e-16
6848.804579 3.908385e-16
6851.054931 3.930521e-16
6853.305283 3.902597e-16
6855.555634 3.835117e-16
6857.805986 3.794014e-16
6860.056338 3.804600e-16
6862.306690 3.805718e-16
6864.557041 3.771710e-16
6866.807393 3.742461e-16
6869.057745 3.747951e-16
6871.308096 3.797430e-16
6873.558448 3.872600e-16
6875.808800 3.927163e-16
6878.059151 3.942792e-16
6880.309503 3.932693e-16
6882.559855 3.904529e-16
6884.810206 3.863754e-16
6887.060558 3.842743e-16
6889.310910 3.874081e-16
6891.561261 3.891032e-16
6893.811613 3.803895e-16
6896.061965 3.708286e-16
6898.312316 3.726906e-16
6900.562668 3.703614e-16
6902.813020 3.479288e-16
6905.063371 3.270597e-16
6907.313723 3.302327e-16
6909.564075 3.448958e-16
6911.814426 3.545475e-16
6914.064778 3.592269e-16
6916.315130 3.615802e-16
6918.565481 3.617993e-16
6920.815833 3.613958e-16
6923.066185 3.641761e-16
6925.316536 3.704500e-16
6927.566888 3.745797e-16
6929.817240 3.725289e-16
6932.067591 3.638161e-16
6934.317943 3.541442e-16
6936.568295 3.557744e-16
6938.818646 3.680260e-16
6941.068998 3.759195e-16
6943.319350 3.753099e-16
6945.569701 3.731499e-16
6947.820053 3.727559e-16
6950.070405 3.742603e-16
6952.320756 3.770865e-16
6954.571108 3.796608e-16
6956.821460 3.794906e-16
6959.071811 3.751530e-16
6961.322163 3.720087e-16
6963.572515 3.760302e-16
6965.822866 3.821966e-16
6968.073218 3.832567e-16
6970.323570 3.808544e-16
6972.573921 3.785338e-16
6974.824273 3.752800e-16
6977.074625 3.710484e-16
6979.324976 3.717795e-16
6981.575328 3.791479e-16
6983.825680 3.825654e-16
6986.076031 3.766196e-16
6988.326383 3.704300e-16
6990.576735 3.704613e-16
6992.827086 3.745161e-16
6995.077438 3.810086e-16
6997.327790 3.906083e-16
6999.578141 3.993852e-16
7001.828493 3.984724e-16
7004.078845 3.874121e-16
7006.329196 3.753790e-16
7008.579548 3.688621e-16
7010.829900 3.702509e-16
7013.080251 3.784562e-16
7015.330603 3.887439e-16
7017.580955 3.938927e-16
7019.831306 3.877555e-16
7022.081658 3.756711e-16
7024.332010 3.683923e-16
7026.582361 3.694017e-16
7028.832713 3.757131e-16
7031.083065 3.721792e-16
7033.333416 3.495041e-16
7035.583768 3.383717e-16
7037.834120 3.630274e-16
7040.084471 3.848644e-16
7042.334823 3.725683e-16
7044.585175 3.627202e-16
7046.835526 3.825177e-16
7049.085878 4.017821e-16
7051.336230 3.980853e-16
7053.586581 3.852925e-16
7055.836933 3.743429e-16
7058.087285 3.621769e-16
7060.337636 3.495398e-16
7062.587988 3.436036e-16
7064.838340 3.463582e-16
7067.088691 3.529460e-16
7069.339043 3.581756e-16
7071.589395 3.578075e-16
7073.839746 3.563531e-16
7076.090098 3.653065e-16
7078.340450 3.793677e-16
7080.590801 3.814220e-16
7082.841153 3.747803e-16
7085.091505 3.749391e-16
7087.341856 3.793905e-16
7089.592208 3.777081e-16
7091.842560 3.749359e-16
7094.092911 3.799363e-16
7096.343263 3.870869e-16
7098.593615 3.870443e-16
7100.843966 3.780566e-16
7103.094318 3.629732e-16
7105.344670 3.497598e-16
7107.595021 3.440726e-16
7109.845373 3.400676e-16
7112.095725 3.348606e-16
7114.346076 3.402873e-16
7116.596428 3.583324e-16
7118.846780 3.665289e-16
7121.097131 3.554353e-16
7123.347483 3.441672e-16
7125.597835 3.441720e-16
7127.848186 3.498790e-16
7130.098538 3.557758e-16
7132.348890 3.581360e-16
7134.599241 3.578123e-16
7136.849593 3.609861e-16
7139.099945 3.669225e-16
7141.350296 3.683080e-16
7143.600648 3.650848e-16
7145.851000 3.627695e-16
7148.101351 3.588219e-16
7150.351703 3.475654e-16
7152.602055 3.406946e-16
7154.852406 3.536758e-16
7157.102758 3.689076e-16
7159.353110 3.616056e-16
7161.603461 3.482466e-16
7163.853813 3.534533e-16
7166.104165 3.673770e-16
7168.354516 3.731352e-16
7170.604868 3.699034e-16
7172.855220 3.626016e-16
7175.105571 3.591950e-16
7177.355923 3.636705e-16
7179.606275 3.682404e-16
7181.856626 3.675982e-16
7184.106978 3.666869e-16
7186.357330 3.683180e-16
7188.607681 3.689700e-16
7190.858033 3.668608e-16
7193.108385 3.638011e-16
7195.358736 3.607831e-16
7197.609088 3.572989e-16
7199.859440 3.561020e-16
7202.109791 3.629081e-16
7204.360143 3.721491e-16
7206.610495 3.691105e-16
7208.860846 3.598094e-16
7211.111198 3.649539e-16
7213.361550 3.793568e-16
7215.611901 3.821233e-16
7217.862253 3.746850e-16
7220.112605 3.701932e-16
7222.362956 3.694009e-16
7224.613308 3.681319e-16
7226.863660 3.678320e-16
7229.114011 3.705187e-16
7231.364363 3.735354e-16
7233.614715 3.736425e-16
7235.865066 3.702692e-16
7238.115418 3.648152e-16
7240.365770 3.613843e-16
7242.616121 3.623070e-16
7244.866473 3.646110e-16
7247.116825 3.647073e-16
7249.367176 3.599217e-16
7251.617528 3.519971e-16
7253.867880 3.498349e-16
7256.118231 3.567819e-16
7258.368583 3.661937e-16
7260.618935 3.733236e-16
7262.869286 3.776189e-16
7265.119638 3.781516e-16
7267.369990 3.738649e-16
7269.620341 3.680311e-16
7271.870693 3.670326e-16
7274.121045 3.679373e-16
7276.371396 3.612179e-16
7278.621748 3.495535e-16
7280.872100 3.432426e-16
7283.122451 3.434220e-16
7285.372803 3.453276e-16
7287.623155 3.430104e-16
7289.873506 3.334266e-16
7292.123858 3.292627e-16
7294.374210 3.426535e-16
7296.624561 3.587140e-16
7298.874913 3.606559e-16
7301.125265 3.575992e-16
7303.375616 3.604308e-16
7305.625968 3.626585e-16
7307.876320 3.591012e-16
7310.126671 3.573634e-16
7312.377023 3.610305e-16
7314.627375 3.609756e-16
7316.877726 3.526730e-16
7319.128078 3.429955e-16
7321.378430 3.369471e-16
7323.628781 3.342717e-16
7325.879133 3.346773e-16
7328.129485 3.381865e-16
7330.379836 3.424734e-16
7332.630188 3.431519e-16
7334.880540 3.415126e-16
7337.130891 3.439256e-16
7339.381243 3.467856e-16
7341.631595 3.398418e-16
7343.881946 3.293041e-16
7346.132298 3.306967e-16
7348.382650 3.422883e-16
7350.633001 3.521805e-16
7352.883353 3.537072e-16
7355.133705 3.457270e-16
7357.384056 3.387275e-16
7359.634408 3.427956e-16
7361.884760 3.454918e-16
7364.135111 3.345499e-16
7366.385463 3.252050e-16
7368.635815 3.314138e-16
7370.886166 3.411734e-16
7373.136518 3.428291e-16
7375.386870 3.413585e-16
7377.637221 3.411504e-16
7379.887573 3.380818e-16
7382.137925 3.329204e-16
7384.388276 3.370677e-16
7386.638628 3.505506e-16
7388.888980 3.546452e-16
7391.139331 3.435686e-16
7393.389683 3.312294e-16
7395.640035 3.270240e-16
7397.890386 3.326194e-16
7400.140738 3.436947e-16
7402.391090 3.504175e-16
7404.641441 3.482994e-16
7406.891793 3.394933e-16
7409.142145 3.342148e-16
7411.392496 3.448070e-16
7413.642848 3.610580e-16
7415.893200 3.624661e-16
7418.143551 3.525875e-16
7420.393903 3.455512e-16
7422.644255 3.428263e-16
7424.894606 3.404634e-16
7427.144958 3.345302e-16
7429.395310 3.236587e-16
7431.645661 3.158739e-16
7433.896013 3.171241e-16
7436.146365 3.186669e-16
7438.396716 3.151895e-16
7440.647068 3.190592e-16
7442.897420 3.357256e-16
7445.147771 3.495231e-16
7447.398123 3.512493e-16
7449.648475 3.492417e-16
7451.898826 3.500209e-16
7454.149178 3.537264e-16
7456.399530 3.564205e-16
7458.649881 3.495194e-16
7460.900233 3.302637e-16
7463.150585 3.037269e-16
7465.400936 2.735960e-16
7467.651288 2.419462e-16
7469.901640 2.116476e-16
7472.151991 1.867634e-16
7474.402343 1.784166e-16
7476.652695 1.994380e-16
7478.903046 2.457492e-16
7481.153398 3.017378e-16
7483.403750 3.554483e-16
7485.654101 3.975276e-16
7487.904453 4.220025e-16
7490.154805 4.247791e-16
7492.405156 3.932267e-16
7494.655508 3.278704e-16
7496.905860 2.759745e-16
7499.156211 2.749359e-16
7501.406563 2.972383e-16
7503.656915 3.113066e-16
7505.907266 3.203814e-16
7508.157618 3.304137e-16
7510.407970 3.388860e-16
7512.658321 3.442706e-16
7514.908673 3.474933e-16
7517.159025 3.486088e-16
7519.409376 3.460607e-16
7521.659728 3.397354e-16
7523.910080 3.315147e-16
7526.160431 3.248877e-16
7528.410783 3.244778e-16
7530.661135 3.285190e-16
7532.911486 3.292632e-16
7535.161838 3.263989e-16
7537.412190 3.260253e-16
7539.662541 3.305478e-16
7541.912893 3.384469e-16
7544.163245 3.412623e-16
7546.413596 3.300995e-16
7548.663948 3.155401e-16
7550.914300 3.149532e-16
7553.164651 3.291273e-16
7555.415003 3.489255e-16
7557.665355 3.582548e-16
7559.915706 3.476831e-16
7562.166058 3.388162e-16
7564.416410 3.480534e-16
7566.666761 3.475931e-16
7568.917113 3.187948e-16
7571.167465 2.931227e-16
7573.417816 2.906104e-16
7575.668168 2.850075e-16
7577.918520 2.631722e-16
7580.168871 2.490554e-16
7582.419223 2.554351e-16
7584.669575 2.707739e-16
7586.919926 2.832965e-16
7589.170278 2.846227e-16
7591.420630 2.760990e-16
7593.670981 2.706613e-16
7595.921333 2.725878e-16
7598.171685 2.759420e-16
7600.422036 2.771561e-16
7602.672388 2.753051e-16
7604.922740 2.725175e-16
7607.173091 2.728085e-16
7609.423443 2.752279e-16
7611.673795 2.757919e-16
7613.924146 2.723798e-16
7616.174498 2.651919e-16
7618.424850 2.597312e-16
7620.675201 2.611345e-16
7622.925553 2.637705e-16
7625.175905 2.610051e-16
7627.426256 2.568829e-16
7629.676608 2.565119e-16
7631.926960 2.583935e-16
7634.177311 2.598936e-16
7636.427663 2.597894e-16
7638.678015 2.580913e-16
7640.928366 2.565372e-16
7643.178718 2.575934e-16
7645.429070 2.644499e-16
7647.679421 2.756619e-16
7649.929773 2.826252e-16
7652.180125 2.830617e-16
7654.430476 2.843797e-16
7656.680828 2.905097e-16
7658.931180 2.999505e-16
7661.181531 3.076521e-16
7663.431883 3.059885e-16
7665.682235 2.954126e-16
7667.932586 2.840148e-16
7670.182938 2.777654e-16
7672.433290 2.794679e-16
7674.683641 2.860454e-16
7676.933993 2.910362e-16
7679.184345 2.940123e-16
7681.434696 2.973201e-16
7683.685048 2.977144e-16
7685.935400 2.926958e-16
7688.185751 2.916853e-16
7690.436103 3.028297e-16
7692.686455 3.161401e-16
7694.936806 3.207302e-16
7697.187158 3.205062e-16
7699.437510 3.207423e-16
7701.687861 3.190961e-16
7703.938213 3.161879e-16
7706.188565 3.221578e-16
7708.438916 3.385005e-16
7710.689268 3.487749e-16
7712.939620 3.447314e-16
7715.189971 3.352320e-16
7717.440323 3.278934e-16
7719.690675 3.257907e-16
7721.941026 3.266251e-16
7724.191378 3.219877e-16
7726.441730 3.154083e-16
7728.692081 3.218969e-16
7730.942433 3.389937e-16
7733.192785 3.492582e-16
7735.443136 3.452634e-16
7737.693488 3.297886e-16
7739.943840 3.163934e-16
7742.194191 3.211616e-16
7744.444543 3.327226e-16
7746.694895 3.303804e-16
7748.945246 3.274689e-16
7751.195598 3.433416e-16
7753.445950 3.581650e-16
7755.696301 3.489343e-16
7757.946653 3.312637e-16
7760.197005 3.250061e-16
7762.447356 3.261240e-16
7764.697708 3.261738e-16
7766.948060 3.210258e-16
7769.198411 3.120111e-16
7771.448763 3.111218e-16
7773.699115 3.220058e-16
7775.949466 3.293659e-16
7778.199818 3.249672e-16
7780.450170 3.165103e-16
7782.700521 3.095422e-16
7784.950873 3.040620e-16
7787.201225 3.013898e-16
7789.451576 3.039825e-16
7791.701928 3.111289e-16
7793.952280 3.189954e-16
7796.202631 3.220447e-16
7798.452983 3.151503e-16
7800.703335 3.062048e-16
7802.953686 3.103557e-16
7805.204038 3.224947e-16
7807.454390 3.263329e-16
7809.704741 3.212406e-16
7811.955093 3.156599e-16
7814.205445 3.188578e-16
7816.455796 3.345487e-16
7818.706148 3.428285e-16
7820.956500 3.263326e-16
7823.206851 3.067351e-16
7825.457203 3.074167e-16
7827.707555 3.190306e-16
7829.957906 3.273763e-16
7832.208258 3.297266e-16
7834.458610 3.263960e-16
7836.708961 3.194173e-16
7838.959313 3.112961e-16
7841.209665 3.034128e-16
7843.460016 2.977636e-16
7845.710368 2.975572e-16
7847.960720 3.017982e-16
7850.211071 3.036188e-16
7852.461423 3.038203e-16
7854.711775 3.126971e-16
7856.962126 3.262587e-16
7859.212478 3.265604e-16
7861.462830 3.149040e-16
7863.713181 3.094495e-16
7865.963533 3.151343e-16
7868.213885 3.254931e-16
7870.464236 3.332550e-16
7872.714588 3.321393e-16
7874.964940 3.250687e-16
7877.215292 3.196651e-16
7879.465643 3.177389e-16
7881.715995 3.174046e-16
7883.966347 3.136678e-16
7886.216698 3.038318e-16
7888.467050 2.971542e-16
7890.717402 3.016388e-16
7892.967753 3.106392e-16
7895.218105 3.156808e-16
7897.468457 3.151429e-16
7899.718808 3.089642e-16
7901.969160 2.955314e-16
7904.219512 2.804690e-16
7906.469863 2.832920e-16
7908.720215 3.039951e-16
7910.970567 3.081356e-16
7913.220918 2.880674e-16
7915.471270 2.791552e-16
7917.721622 2.927447e-16
7919.971973 3.065547e-16
7922.222325 3.087781e-16
7924.472677 3.011918e-16
7926.723028 2.898957e-16
7928.973380 2.846749e-16
7931.223732 2.894070e-16
7933.474083 3.011162e-16
7935.724435 3.110849e-16
7937.974787 3.093835e-16
7940.225138 2.996010e-16
7942.475490 2.924074e-16
7944.725842 2.910133e-16
7946.976193 2.940156e-16
7949.226545 2.981173e-16
7951.476897 2.996042e-16
7953.727248 2.976008e-16
7955.977600 2.925746e-16
7958.227952 2.839920e-16
7960.478303 2.742345e-16
7962.728655 2.737074e-16
7964.979007 2.855479e-16
7967.229358 2.935925e-16
7969.479710 2.894631e-16
7971.730062 2.869053e-16
7973.980413 2.914789e-16
7976.230765 2.899042e-16
7978.481117 2.794217e-16
7980.731468 2.743762e-16
7982.981820 2.802228e-16
7985.232172 2.897777e-16
7987.482523 2.964420e-16
7989.732875 2.956383e-16
7991.983227 2.896347e-16
7994.233578 2.867457e-16
7996.483930 2.869814e-16
7998.734282 2.840288e-16
8000.984633 2.789995e-16
8003.234985 2.766862e-16
8005.485337 2.730443e-16
8007.735688 2.619321e-16
8009.986040 2.500593e-16
8012.236392 2.474246e-16
8014.486743 2.529479e-16
8016.737095 2.605086e-16
8018.987447 2.635300e-16
8021.237798 2.588048e-16
8023.488150 2.530143e-16
8025.738502 2.524870e-16
8027.988853 2.546128e-16
8030.239205 2.563832e-16
8032.489557 2.588867e-16
8034.739908 2.623243e-16
8036.990260 2.642230e-16
8039.240612 2.633712e-16
8041.490963 2.610183e-16
8043.741315 2.591633e-16
8045.991667 2.602997e-16
8048.242018 2.638827e-16
8050.492370 2.656031e-16
8052.742722 2.651673e-16
8054.993073 2.667753e-16
8057.243425 2.697130e-16
8059.493777 2.692322e-16
8061.744128 2.684696e-16
8063.994480 2.751835e-16
8066.244832 2.845769e-16
8068.495183 2.853543e-16
8070.745535 2.802340e-16
8072.995887 2.780094e-16
8075.246238 2.752337e-16
8077.496590 2.652684e-16
8079.746942 2.527132e-16
8081.997293 2.442018e-16
8084.247645 2.369518e-16
8086.497997 2.282610e-16
8088.748348 2.252513e-16
8090.998700 2.326798e-16
8093.249052 2.432220e-16
8095.499403 2.500301e-16
8097.749755 2.539972e-16
8100.000107 2.567307e-16
8102.250458 2.578942e-16
8104.500810 2.593705e-16
8106.751162 2.667598e-16
8109.001513 2.791767e-16
8111.251865 2.862236e-16
8113.502217 2.846573e-16
8115.752568 2.813890e-16
8118.002920 2.807550e-16
8120.253272 2.831976e-16
8122.503623 2.869086e-16
8124.753975 2.880774e-16
8127.004327 2.847989e-16
8129.254678 2.777567e-16
8131.505030 2.724573e-16
8133.755382 2.755493e-16
8136.005733 2.803581e-16
8138.256085 2.759877e-16
8140.506437 2.709631e-16
8142.756788 2.783473e-16
8145.007140 2.912470e-16
8147.257492 2.964279e-16
8149.507843 2.875564e-16
8151.758195 2.660997e-16
8154.008547 2.465409e-16
8156.258898 2.422687e-16
8158.509250 2.539747e-16
8160.759602 2.749775e-16
8163.009953 2.919397e-16
8165.260305 2.952837e-16
8167.510657 2.851352e-16
8169.761008 2.694246e-16
8172.011360 2.657205e-16
8174.261712 2.749202e-16
8176.512063 2.716906e-16
8178.762415 2.548168e-16
8181.012767 2.555540e-16
8183.263118 2.780631e-16
8185.513470 2.955082e-16
8187.763822 2.952509e-16
8190.014173 2.808214e-16
8192.264525 2.616420e-16
8194.514877 2.512355e-16
8196.765228 2.571537e-16
8199.015580 2.780131e-16
8201.265932 2.930684e-16
8203.516283 2.795429e-16
8205.766635 2.623837e-16
8208.016987 2.763728e-16
8210.267338 2.919409e-16
8212.517690 2.718708e-16
8214.768042 2.490139e-16
8217.018393 2.594291e-16
8219.268745 2.751503e-16
8221.519097 2.674900e-16
8223.769448 2.538043e-16
8226.019800 2.515312e-16
8228.270152 2.546754e-16
8230.520503 2.553043e-16
8232.770855 2.487048e-16
8235.021207 2.388998e-16
8237.271558 2.449825e-16
8239.521910 2.644407e-16
8241.772262 2.613901e-16
8244.022613 2.297243e-16
8246.272965 2.043066e-16
8248.523317 2.043868e-16
8250.773668 2.270057e-16
8253.024020 2.555642e-16
8255.274372 2.636411e-16
8257.524723 2.528228e-16
8259.775075 2.477784e-16
8262.025427 2.554937e-16
8264.275778 2.685251e-16
8266.526130 2.749116e-16
8268.776482 2.638423e-16
8271.026833 2.458081e-16
8273.277185 2.380192e-16
8275.527537 2.349485e-16
8277.777888 2.266181e-16
8280.028240 2.244807e-16
8282.278592 2.376571e-16
8284.528943 2.468931e-16
8286.779295 2.367413e-16
8289.029647 2.222124e-16
8291.279998 2.179425e-16
8293.530350 2.205211e-16
8295.780702 2.240241e-16
8298.031053 2.251515e-16
8300.281405 2.209471e-16
8302.531757 2.087110e-16
8304.782108 1.936230e-16
8307.032460 1.915376e-16
8309.282812 2.032656e-16
8311.533163 2.091726e-16
8313.783515 2.075505e-16
8316.033867 2.171956e-16
8318.284218 2.320755e-16
8320.534570 2.249591e-16
8322.784922 2.017548e-16
8325.035273 1.929419e-16
8327.285625 2.002610e-16
8329.535977 2.059504e-16
8331.786328 2.055624e-16
8334.036680 2.024593e-16
8336.287032 1.984692e-16
8338.537383 1.953741e-16
8340.787735 1.954688e-16
8343.038087 1.991515e-16
8345.288438 2.003067e-16
8347.538790 1.947109e-16
8349.789142 1.909402e-16
8352.039493 1.957837e-16
8354.289845 2.016054e-16
8356.540197 2.010187e-16
8358.790548 1.952000e-16
8361.040900 1.878730e-16
8363.291252 1.841207e-16
8365.541603 1.861378e-16
8367.791955 1.903704e-16
8370.042307 1.950297e-16
8372.292658 2.022773e-16
8374.543010 2.119137e-16
8376.793362 2.206103e-16
8379.043713 2.256858e-16
8381.294065 2.257690e-16
8383.544417 2.246474e-16
8385.794768 2.301135e-16
8388.045120 2.396556e-16
8390.295472 2.431261e-16
8392.545823 2.439244e-16
8394.796175 2.523945e-16
8397.046527 2.582711e-16
8399.296878 2.450309e-16
8401.547230 2.272438e-16
8403.797582 2.285919e-16
8406.047933 2.420789e-16
8408.298285 2.515218e-16
8410.548637 2.588279e-16
8412.798988 2.688643e-16
8415.049340 2.750914e-16
8417.299692 2.737073e-16
8419.550043 2.763144e-16
8421.800395 2.890007e-16
8424.050747 2.965012e-16
8426.301098 2.909353e-16
8428.551450 2.882178e-16
8430.801802 2.943342e-16
8433.052153 2.912700e-16
8435.302505 2.763521e-16
8437.552857 2.734573e-16
8439.803208 2.884705e-16
8442.053560 3.012024e-16
8444.303912 3.026149e-16
8446.554263 2.985308e-16
8448.804615 2.919463e-16
8451.054967 2.832179e-16
8453.305318 2.746888e-16
8455.555670 2.692537e-16
8457.806022 2.669514e-16
8460.056373 2.654782e-16
8462.306725 2.613376e-16
8464.557077 2.521120e-16
8466.807428 2.430513e-16
8469.057780 2.415739e-16
8471.308132 2.459340e-16
8473.558483 2.514413e-16
8475.808835 2.607740e-16
8478.059187 2.740236e-16
8480.309538 2.749864e-16
8482.559890 2.547510e-16
8484.810242 2.343422e-16
8487.060593 2.319153e-16
8489.310945 2.417630e-16
8491.561297 2.533144e-16
8493.811648 2.566053e-16
8496.062000 2.511483e-16
8498.312352 2.536778e-16
8500.562703 2.673833e-16
8502.813055 2.714319e-16
8505.063407 2.613134e-16
8507.313758 2.563340e-16
8509.564110 2.640478e-16
8511.814462 2.765982e-16
8514.064813 2.868958e-16
8516.315165 2.897552e-16
8518.565517 2.860351e-16
8520.815868 2.821258e-16
8523.066220 2.806742e-16
8525.316572 2.809285e-16
8527.566923 2.818212e-16
8529.817275 2.818942e-16
8532.067627 2.789242e-16
8534.317978 2.724236e-16
8536.568330 2.704652e-16
8538.818682 2.797603e-16
8541.069033 2.889244e-16
8543.319385 2.860717e-16
8545.569737 2.791903e-16
8547.820088 2.776489e-16
8550.070440 2.769661e-16
8552.320792 2.732432e-16
8554.571143 2.717914e-16
8556.821495 2.759770e-16
8559.071847 2.822684e-16
8561.322198 2.871054e-16
8563.572550 2.883978e-16
8565.822902 2.895018e-16
8568.073253 3.016546e-16
8570.323605 3.226278e-16
8572.573957 3.320688e-16
8574.824308 3.249213e-16
8577.074660 3.153355e-16
8579.325012 3.080555e-16
8581.575363 2.980639e-16
8583.825715 2.888365e-16
8586.076067 2.891965e-16
8588.326418 2.964974e-16
8590.576770 3.008032e-16
8592.827122 3.006549e-16
8595.077473 2.999144e-16
8597.327825 2.995251e-16
8599.578177 2.995103e-16
8601.828528 3.025139e-16
8604.078880 3.099601e-16
8606.329232 3.146285e-16
8608.579583 3.117068e-16
8610.829935 3.144272e-16
8613.080287 3.318676e-16
8615.330638 3.470324e-16
8617.580990 3.466398e-16
8619.831342 3.422083e-16
8622.081693 3.422741e-16
8624.332045 3.385670e-16
8626.582397 3.265757e-16
8628.832748 3.125155e-16
8631.083100 3.021108e-16
8633.333452 2.981478e-16
8635.583803 3.007795e-16
8637.834155 3.066456e-16
8640.084507 3.150678e-16
8642.334858 3.288464e-16
8644.585210 3.400154e-16
8646.835562 3.322104e-16
8649.085913 3.145737e-16
8651.336265 3.148444e-16
8653.586617 3.261918e-16
8655.836968 3.202649e-16
8658.087320 3.053208e-16
8660.337672 3.066026e-16
8662.588023 3.123800e-16
8664.838375 2.994180e-16
8667.088727 2.812301e-16
8669.339078 2.798590e-16
8671.589430 2.868074e-16
8673.839782 2.883210e-16
8676.090133 2.916575e-16
8678.340485 3.038660e-16
8680.590837 3.146696e-16
8682.841188 3.152349e-16
8685.091540 3.108128e-16
8687.341892 3.049968e-16
8689.592243 2.903519e-16
8691.842595 2.698331e-16
8694.092947 2.672865e-16
8696.343298 2.873191e-16
8698.593650 3.016383e-16
8700.844002 2.976547e-16
8703.094353 2.888016e-16
8705.344705 2.845073e-16
8707.595057 2.870974e-16
8709.845408 2.920751e-16
8712.095760 2.887496e-16
8714.346112 2.817068e-16
8716.596463 2.871130e-16
8718.846815 3.010558e-16
8721.097167 3.061150e-16
8723.347518 2.996871e-16
8725.597870 2.886839e-16
8727.848222 2.739704e-16
8730.098573 2.562378e-16
8732.348925 2.504069e-16
8734.599277 2.668998e-16
8736.849628 2.773092e-16
8739.099980 2.563349e-16
8741.350332 2.365052e-16
8743.600683 2.478735e-16
8745.851035 2.613664e-16
8748.101387 2.525047e-16
8750.351738 2.450136e-16
8752.602090 2.559539e-16
8754.852442 2.684441e-16
8757.102793 2.697776e-16
8759.353145 2.648740e-16
8761.603497 2.576660e-16
8763.853848 2.471939e-16
8766.104200 2.366875e-16
8768.354552 2.342066e-16
8770.604903 2.434303e-16
8772.855255 2.620041e-16
8775.105607 2.795396e-16
8777.355958 2.800823e-16
8779.606310 2.645610e-16
8781.856662 2.491345e-16
8784.107013 2.431697e-16
8786.357365 2.483020e-16
8788.607717 2.579600e-16
8790.858068 2.610817e-16
8793.108420 2.552304e-16
8795.358772 2.441052e-16
8797.609123 2.319696e-16
8799.859475 2.232773e-16
8802.109827 2.212356e-16
8804.360178 2.263943e-16
8806.610530 2.348463e-16
8808.860882 2.417904e-16
8811.111233 2.452084e-16
8813.361585 2.439275e-16
8815.611937 2.361569e-16
8817.862288 2.234660e-16
8820.112640 2.125319e-16
8822.362992 2.103457e-16
8824.613343 2.241226e-16
8826.863695 2.440742e-16
8829.114047 2.351553e-16
8831.364398 1.957249e-16
8833.614750 1.721244e-16
8835.865102 1.800119e-16
8838.115453 1.935836e-16
8840.365805 2.039378e-16
8842.616157 2.203398e-16
8844.866508 2.351617e-16
8847.116860 2.298800e-16
8849.367212 2.111840e-16
8851.617563 2.022101e-16
8853.867915 2.040133e-16
8856.118267 2.046160e-16
8858.368618 2.065818e-16
8860.618970 2.166349e-16
8862.869322 2.246458e-16
8865.119673 2.196623e-16
8867.370025 2.156839e-16
8869.620377 2.277619e-16
8871.870728 2.434359e-16
8874.121080 2.476586e-16
8876.371432 2.431275e-16
8878.621783 2.372928e-16
8880.872135 2.374008e-16
8883.122487 2.445789e-16
8885.372838 2.469129e-16
8887.623190 2.389263e-16
8889.873542 2.313918e-16
8892.123893 2.300258e-16
8894.374245 2.289681e-16
8896.624597 2.247119e-16
8898.874949 2.185005e-16
8901.125300 2.129675e-16
8903.375652 2.118959e-16
8905.626004 2.159997e-16
8907.876355 2.223283e-16
8910.126707 2.279191e-16
8912.377059 2.303466e-16
8914.627410 2.263790e-16
8916.877762 2.144282e-16
8919.128114 2.068406e-16
8921.378465 2.192169e-16
8923.628817 2.352266e-16
8925.879169 2.288613e-16
8928.129520 2.159860e-16
8930.379872 2.218494e-16
8932.630224 2.274216e-16
8934.880575 2.107334e-16
8937.130927 1.970551e-16
8939.381279 2.105585e-16
8941.631630 2.303734e-16
8943.881982 2.349333e-16
8946.132334 2.304993e-16
8948.382685 2.274768e-16
8950.633037 2.322950e-16
8952.883389 2.437081e-16
8955.133740 2.470325e-16
8957.384092 2.377039e-16
8959.634444 2.308347e-16
8961.884795 2.308845e-16
8964.135147 2.246722e-16
8966.385499 2.119420e-16
8968.635850 2.084189e-16
8970.886202 2.159764e-16
8973.136554 2.218480e-16
8975.386905 2.193028e-16
8977.637257 2.087521e-16
8979.887609 1.984389e-16
8982.137960 2.006818e-16
8984.388312 2.139300e-16
8986.638664 2.268269e-16
8988.889015 2.318214e-16
8991.139367 2.256692e-16
8993.389719 2.104256e-16
8995.640070 1.929516e-16
8997.890422 1.863086e-16
9000.140774 1.976035e-16
9002.391125 2.080235e-16
9004.641477 2.018407e-16
9006.891829 1.979726e-16
9009.142180 2.112697e-16
9011.392532 2.234979e-16
9013.642884 2.194983e-16
9015.893235 2.058054e-16
9018.143587 1.918916e-16
9020.393939 1.848210e-16
9022.644290 1.871209e-16
9024.894642 1.937423e-16
9027.144994 2.021153e-16
9029.395345 2.151176e-16
9031.645697 2.280537e-16
9033.896049 2.278260e-16
9036.146400 2.173011e-16
9038.396752 2.151850e-16
9040.647104 2.218462e-16
9042.897455 2.215156e-16
9045.147807 2.134456e-16
9047.398159 2.078165e-16
9049.648510 2.053854e-16
9051.898862 2.016657e-16
9054.149214 1.984970e-16
9056.399565 1.992297e-16
9058.649917 1.985168e-16
9060.900269 1.904799e-16
9063.150620 1.820619e-16
9065.400972 1.823723e-16
9067.651324 1.901378e-16
9069.901675 2.007118e-16
9072.152027 2.127480e-16
9074.402379 2.222614e-16
9076.652730 2.157257e-16
9078.903082 1.921617e-16
9081.153434 1.799977e-16
9083.403785 1.935789e-16
9085.654137 2.116655e-16
9087.904489 2.184905e-16
9090.154840 2.160138e-16
9092.405192 2.115441e-16
9094.655544 2.174950e-16
9096.905895 2.295066e-16
9099.156247 2.228105e-16
9101.406599 2.017116e-16
9103.656950 2.002328e-16
9105.907302 2.180749e-16
9108.157654 2.247157e-16
9110.408005 2.176204e-16
9112.658357 2.147820e-16
9114.908709 2.149527e-16
9117.159060 2.071590e-16
9119.409412 1.986880e-16
9121.659764 2.019686e-16
9123.910115 2.045538e-16
9126.160467 1.907592e-16
9128.410819 1.806078e-16
9130.661170 1.951653e-16
9132.911522 2.108001e-16
9135.161874 2.027947e-16
9137.412225 1.876170e-16
9139.662577 1.827788e-16
9141.912929 1.782431e-16
9144.163280 1.668519e-16
9146.413632 1.601500e-16
9148.663984 1.656049e-16
9150.914335 1.781537e-16
9153.164687 1.899785e-16
9155.415039 1.915005e-16
9157.665390 1.865171e-16
9159.915742 1.977455e-16
9162.166094 2.216293e-16
9164.416445 2.220665e-16
9166.666797 1.951657e-16
9168.917149 1.723690e-16
9171.167500 1.679095e-16
9173.417852 1.769780e-16
9175.668204 1.843192e-16
9177.918555 1.701519e-16
9180.168907 1.412490e-16
9182.419259 1.222583e-16
9184.669610 1.267384e-16
9186.919962 1.551637e-16
9189.170314 1.864480e-16
9191.420665 1.950975e-16
9193.671017 1.816735e-16
9195.921369 1.607574e-16
9198.171720 1.506057e-16
9200.422072 1.615044e-16
9202.672424 1.787132e-16
9204.922775 1.858648e-16
9207.173127 1.836617e-16
9209.423479 1.764790e-16
9211.673830 1.657138e-16
9213.924182 1.571981e-16
9216.174534 1.650936e-16
9218.424885 1.897812e-16
9220.675237 2.085043e-16
9222.925589 2.110344e-16
9225.175940 2.088922e-16
9227.426292 2.126939e-16
9229.676644 2.288576e-16
9231.926995 2.459042e-16
9234.177347 2.355667e-16
9236.427699 2.044985e-16
9238.678050 1.897905e-16
9240.928402 1.912590e-16
9243.178754 1.814316e-16
9245.429105 1.637493e-16
9247.679457 1.596934e-16
9249.929809 1.706674e-16
9252.180160 1.867285e-16
9254.430512 2.043711e-16
9256.680864 2.196851e-16
9258.931215 2.148833e-16
9261.181567 1.800705e-16
9263.431919 1.432205e-16
9265.682270 1.352632e-16
9267.932622 1.589974e-16
9270.182974 1.993205e-16
9272.433325 2.215591e-16
9274.683677 2.084046e-16
9276.934029 1.904029e-16
9279.184380 1.893729e-16
9281.434732 1.906284e-16
9283.685084 1.850566e-16
9285.935435 1.812984e-16
9288.185787 1.840431e-16
9290.436139 1.903429e-16
9292.686490 1.955823e-16
9294.936842 1.943802e-16
9297.187194 1.819994e-16
9299.437545 1.560508e-16
9301.687897 1.313346e-16
9303.938249 1.343740e-16
9306.188600 1.589243e-16
9308.438952 1.737706e-16
9310.689304 1.687407e-16
9312.939655 1.516044e-16
9315.190007 1.384443e-16
9317.440359 1.454032e-16
9319.690710 1.651914e-16
9321.941062 1.790169e-16
9324.191414 1.737230e-16
9326.441765 1.482923e-16
9328.692117 1.335349e-16
9330.942469 1.512758e-16
9333.192820 1.617163e-16
9335.443172 1.363031e-16
9337.693524 1.209813e-16
9339.943875 1.491790e-16
9342.194227 1.892457e-16
9344.444579 2.112763e-16
9346.694930 2.144776e-16
9348.945282 2.027273e-16
9351.195634 1.798319e-16
9353.445985 1.570544e-16
9355.696337 1.536093e-16
9357.946689 1.686555e-16
9360.197040 1.762258e-16
9362.447392 1.718565e-16
9364.697744 1.758424e-16
9366.948095 1.892223e-16
9369.198447 1.953089e-16
9371.448799 1.895491e-16
9373.699150 1.777399e-16
9375.949502 1.662362e-16
9378.199854 1.607208e-16
9380.450205 1.586314e-16
9382.700557 1.538050e-16
9384.950909 1.507956e-16
9387.201260 1.562251e-16
9389.451612 1.630467e-16
9391.701964 1.619832e-16
9393.952315 1.559146e-16
9396.202667 1.507445e-16
9398.453019 1.474654e-16
9400.703370 1.463705e-16
9402.953722 1.477714e-16
9405.204074 1.546070e-16
9407.454425 1.785356e-16
9409.704777 2.142154e-16
9411.955129 2.217388e-16
9414.205480 1.892536e-16
9416.455832 1.592969e-16
9418.706184 1.551295e-16
9420.956535 1.608513e-16
9423.206887 1.671832e-16
9425.457239 1.773837e-16
9427.707590 1.863256e-16
9429.957942 1.817458e-16
9432.208294 1.705922e-16
9434.458645 1.754569e-16
9436.708997 1.947156e-16
9438.959349 2.074771e-16
9441.209700 2.038610e-16
9443.460052 1.856758e-16
9445.710404 1.732060e-16
9447.960755 1.894488e-16
9450.211107 2.158957e-16
9452.461459 2.201299e-16
9454.711810 2.039997e-16
9456.962162 1.855200e-16
9459.212514 1.830850e-16
9461.462865 2.048753e-16
9463.713217 2.300099e-16
9465.963569 2.377891e-16
9468.213920 2.332398e-16
9470.464272 2.251892e-16
9472.714624 2.144893e-16
9474.964975 2.032313e-16
9477.215327 1.977507e-16
9479.465679 1.997263e-16
9481.716030 2.026480e-16
9483.966382 2.037401e-16
9486.216734 2.071847e-16
9488.467085 2.158542e-16
9490.717437 2.298278e-16
9492.967789 2.447511e-16
9495.218140 2.521292e-16
9497.468492 2.435805e-16
9499.718844 2.139955e-16
9501.969195 1.771373e-16
9504.219547 1.593094e-16
9506.469899 1.690343e-16
9508.720250 1.970785e-16
9510.970602 2.150356e-16
9513.220954 1.951160e-16
9515.471305 1.666154e-16
9517.721657 1.757203e-16
9519.972009 2.103758e-16
9522.222360 2.369902e-16
9524.472712 2.420872e-16
9526.723064 2.264351e-16
9528.973415 2.084404e-16
9531.223767 2.058868e-16
9533.474119 2.182038e-16
9535.724470 2.374550e-16
9537.974822 2.536503e-16
9540.225174 2.578787e-16
9542.475525 2.439518e-16
9544.725877 2.190683e-16
9546.976229 2.106647e-16
9549.226580 2.241735e-16
9551.476932 2.290640e-16
9553.727284 2.160234e-16
9555.977635 2.074021e-16
9558.227987 2.110338e-16
9560.478339 2.165583e-16
9562.728690 2.241404e-16
9564.979042 2.423364e-16
9567.229394 2.587250e-16
9569.479745 2.485325e-16
9571.730097 2.206650e-16
9573.980449 2.052463e-16
9576.230800 2.080611e-16
9578.481152 2.183699e-16
9580.731504 2.269775e-16
9582.981855 2.261226e-16
9585.232207 2.107973e-16
9587.482559 1.839300e-16
9589.732910 1.670436e-16
9591.983262 1.756907e-16
9594.233614 1.884772e-16
9596.483965 1.840832e-16
9598.734317 1.730015e-16
9600.984669 1.672111e-16
9603.235020 1.618541e-16
9605.485372 1.556742e-16
9607.735724 1.615012e-16
9609.986075 1.785265e-16
9612.236427 1.796614e-16
9614.486779 1.614030e-16
9616.737130 1.590323e-16
9618.987482 1.834735e-16
9621.237834 2.094107e-16
9623.488185 2.251207e-16
9625.738537 2.368483e-16
9627.988889 2.398127e-16
9630.239240 2.212400e-16
9632.489592 1.884652e-16
9634.739944 1.640092e-16
9636.990295 1.583366e-16
9639.240647 1.702304e-16
9641.490999 1.897276e-16
9643.741350 2.036717e-16
9645.991702 2.160886e-16
9648.242054 2.354007e-16
9650.492405 2.453447e-16
9652.742757 2.291050e-16
9654.993109 2.045643e-16
9657.243460 1.938029e-16
9659.493812 1.902186e-16
9661.744164 1.843507e-16
9663.994515 1.851256e-16
9666.244867 1.959795e-16
9668.495219 1.979354e-16
9670.745570 1.836813e-16
9672.995922 1.776607e-16
9675.246274 1.887458e-16
9677.496625 1.904630e-16
9679.746977 1.722494e-16
9681.997329 1.534001e-16
9684.247680 1.460301e-16
9686.498032 1.489861e-16
9688.748384 1.557832e-16
9690.998735 1.552353e-16
9693.249087 1.496623e-16
9695.499439 1.540575e-16
9697.749790 1.668899e-16
9700.000142 1.733581e-16
